,outputs,label_tokens,true_numeric_labels,true_label_present_in_prompt,correct,predicted_label_present_in_prompt,prompt_labels,prompt_example_indices,id,n_shots,run_number,unlimiformer,nspw
360,description,description,2,True,True,True,"{2: 108, 1: 104, 5: 89, 4: 74, 3: 118, 0: 7}","[365, 353, 2801, 2313, 4363, 3055, 466, 5179, 4620, 922, 1488, 3354, 1490, 872, 280, 265, 3837, 2759, 5068, 1765, 2589, 1272, 2677, 4079, 926, 4931, 1511, 989, 3357, 999, 2993, 4192, 5431, 5121, 5175, 2470, 2867, 1374, 5434, 4983, 5381, 4304, 3235, 2126, 1748, 3628, 3439, 1615, 5008, 4767, 3479, 862, 3772, 522, 5242, 980, 4258, 3229, 787, 4436, 3886, 4934, 1882, 5154, 3111, 1353, 1329, 299, 1286, 1212, 1588, 4679, 4669, 3495, 1902, 1362, 2606, 5310, 2142, 3632, 1053, 2593, 2740, 2107, 1110, 4029, 5045, 3603, 3962, 2979, 3204, 4830, 774, 3892, 3218, 893, 666, 932, 5118, 1568, 3523, 887, 4114, 3364, 3066, 3312, 2615, 2153, 4142, 5235, 3163, 4793, 1416, 4203, 2523, 238, 1892, 167, 1434, 1240, 3542, 3856, 4008, 390, 1993, 5366, 1494, 5309, 4876, 3467, 4351, 3729, 4213, 1627, 2350, 4418, 1099, 2207, 4350, 4122, 126, 1226, 3346, 485, 461, 4316, 2763, 4212, 538, 2524, 5137, 551, 2803, 2834, 1028, 3465, 4812, 3092, 4874, 3293, 4364, 1540, 4875, 2089, 1533, 3099, 3864, 314, 3853, 5025, 936, 3013, 547, 3527, 1135, 3179, 3708, 1959, 2915, 1442, 3343, 1715, 1172, 621, 5324, 1199, 2218, 5217, 2046, 385, 4953, 4311, 5305, 4496, 4448, 3631, 5176, 528, 806, 832, 4523, 4368, 2061, 3852, 3872, 878, 2944, 3826, 1467, 3920, 2032, 2785, 5312, 850, 4325, 4817, 4528, 4631, 2673, 1419, 4022, 4047, 3515, 1333, 345, 4140, 1753, 2596, 2459, 3492, 4064, 4012, 5284, 1581, 3747, 488, 4902, 3240, 3231, 4660, 2604, 5345, 4926, 2791, 3896, 1491, 62, 5174, 1469, 478, 839, 3052, 5062, 2006, 892, 5043, 3783, 340, 2905, 2423, 3993, 145, 1939, 472, 2728, 1229, 76, 1774, 4168, 646, 3755, 2302, 3833, 2309, 3784, 1300, 4491, 5167, 993, 1136, 4597, 452, 2637, 1828, 1575, 4987, 4857, 33, 5204, 2994, 3956, 3356, 1932, 2, 4439, 3004, 4692, 5417, 2931, 3118, 4801, 2631, 2453, 2649, 4176, 1000, 1371, 959, 4302, 330, 3585, 3258, 4332, 4564, 4725, 4301, 2469, 2933, 955, 3367, 4466, 744, 15, 1582, 2199, 2281, 3882, 4530, 3131, 1808, 3728, 5433, 1145, 2174, 4890, 5229, 1468, 101, 1355, 549, 1262, 1227, 3913, 2762, 5379, 222, 988, 3088, 3480, 1783, 532, 355, 4393, 2369, 5251, 1675, 2025, 2483, 2135, 2924, 665, 1760, 2705, 4338, 2951, 1507, 939, 1243, 1285, 632, 1360, 2827, 624, 3203, 2029, 3607, 3002, 4818, 130, 3381, 3846, 4011, 2056, 1458, 1350, 3758, 4947, 5322, 1059, 1556, 864, 3345, 2939, 3659, 1466, 2067, 4380, 2797, 1076, 431, 1740, 2293, 3737, 1952, 3664, 2632, 1656, 3790, 5410, 4058, 1211, 3445, 4428, 1109, 45, 2456, 2489, 4512, 3275, 3214, 4757, 239, 5109, 2555, 3958, 3740, 1644, 4596, 2331, 3316, 5007, 3371, 3656, 4028, 635, 1926, 995, 5012, 128, 3876, 2063, 758, 3815, 2641, 2374, 3138, 4190, 1850, 954, 4179, 5049, 2669, 3355, 1960, 2016, 2620, 4538, 4407, 5126, 3167, 5169, 403, 811, 65, 121, 968, 1332, 1816, 4324, 4062, 4576, 590, 4201, 3424, 159, 2950, 281, 4615, 2812, 1686, 3514, 2890, 2509, 411, 2992, 149, 3407, 1074, 2071, 1193, 237, 3770, 1809, 4245, 979, 3469, 5231, 4183, 4837, 4502]",360,500,5,False,500
17,human,human,3,True,True,True,"{2: 108, 1: 104, 5: 89, 4: 74, 3: 118, 0: 7}","[365, 353, 2801, 2313, 4363, 3055, 466, 5179, 4620, 922, 1488, 3354, 1490, 872, 280, 265, 3837, 2759, 5068, 1765, 2589, 1272, 2677, 4079, 926, 4931, 1511, 989, 3357, 999, 2993, 4192, 5431, 5121, 5175, 2470, 2867, 1374, 5434, 4983, 5381, 4304, 3235, 2126, 1748, 3628, 3439, 1615, 5008, 4767, 3479, 862, 3772, 522, 5242, 980, 4258, 3229, 787, 4436, 3886, 4934, 1882, 5154, 3111, 1353, 1329, 299, 1286, 1212, 1588, 4679, 4669, 3495, 1902, 1362, 2606, 5310, 2142, 3632, 1053, 2593, 2740, 2107, 1110, 4029, 5045, 3603, 3962, 2979, 3204, 4830, 774, 3892, 3218, 893, 666, 932, 5118, 1568, 3523, 887, 4114, 3364, 3066, 3312, 2615, 2153, 4142, 5235, 3163, 4793, 1416, 4203, 2523, 238, 1892, 167, 1434, 1240, 3542, 3856, 4008, 390, 1993, 5366, 1494, 5309, 4876, 3467, 4351, 3729, 4213, 1627, 2350, 4418, 1099, 2207, 4350, 4122, 126, 1226, 3346, 485, 461, 4316, 2763, 4212, 538, 2524, 5137, 551, 2803, 2834, 1028, 3465, 4812, 3092, 4874, 3293, 4364, 1540, 4875, 2089, 1533, 3099, 3864, 314, 3853, 5025, 936, 3013, 547, 3527, 1135, 3179, 3708, 1959, 2915, 1442, 3343, 1715, 1172, 621, 5324, 1199, 2218, 5217, 2046, 385, 4953, 4311, 5305, 4496, 4448, 3631, 5176, 528, 806, 832, 4523, 4368, 2061, 3852, 3872, 878, 2944, 3826, 1467, 3920, 2032, 2785, 5312, 850, 4325, 4817, 4528, 4631, 2673, 1419, 4022, 4047, 3515, 1333, 345, 4140, 1753, 2596, 2459, 3492, 4064, 4012, 5284, 1581, 3747, 488, 4902, 3240, 3231, 4660, 2604, 5345, 4926, 2791, 3896, 1491, 62, 5174, 1469, 478, 839, 3052, 5062, 2006, 892, 5043, 3783, 340, 2905, 2423, 3993, 145, 1939, 472, 2728, 1229, 76, 1774, 4168, 646, 3755, 2302, 3833, 2309, 3784, 1300, 4491, 5167, 993, 1136, 4597, 452, 2637, 1828, 1575, 4987, 4857, 33, 5204, 2994, 3956, 3356, 1932, 2, 4439, 3004, 4692, 5417, 2931, 3118, 4801, 2631, 2453, 2649, 4176, 1000, 1371, 959, 4302, 330, 3585, 3258, 4332, 4564, 4725, 4301, 2469, 2933, 955, 3367, 4466, 744, 15, 1582, 2199, 2281, 3882, 4530, 3131, 1808, 3728, 5433, 1145, 2174, 4890, 5229, 1468, 101, 1355, 549, 1262, 1227, 3913, 2762, 5379, 222, 988, 3088, 3480, 1783, 532, 355, 4393, 2369, 5251, 1675, 2025, 2483, 2135, 2924, 665, 1760, 2705, 4338, 2951, 1507, 939, 1243, 1285, 632, 1360, 2827, 624, 3203, 2029, 3607, 3002, 4818, 130, 3381, 3846, 4011, 2056, 1458, 1350, 3758, 4947, 5322, 1059, 1556, 864, 3345, 2939, 3659, 1466, 2067, 4380, 2797, 1076, 431, 1740, 2293, 3737, 1952, 3664, 2632, 1656, 3790, 5410, 4058, 1211, 3445, 4428, 1109, 45, 2456, 2489, 4512, 3275, 3214, 4757, 239, 5109, 2555, 3958, 3740, 1644, 4596, 2331, 3316, 5007, 3371, 3656, 4028, 635, 1926, 995, 5012, 128, 3876, 2063, 758, 3815, 2641, 2374, 3138, 4190, 1850, 954, 4179, 5049, 2669, 3355, 1960, 2016, 2620, 4538, 4407, 5126, 3167, 5169, 403, 811, 65, 121, 968, 1332, 1816, 4324, 4062, 4576, 590, 4201, 3424, 159, 2950, 281, 4615, 2812, 1686, 3514, 2890, 2509, 411, 2992, 149, 3407, 1074, 2071, 1193, 237, 3770, 1809, 4245, 979, 3469, 5231, 4183, 4837, 4502]",17,500,5,False,500
361,numeric,description,2,True,False,True,"{2: 108, 1: 104, 5: 89, 4: 74, 3: 118, 0: 7}","[365, 353, 2801, 2313, 4363, 3055, 466, 5179, 4620, 922, 1488, 3354, 1490, 872, 280, 265, 3837, 2759, 5068, 1765, 2589, 1272, 2677, 4079, 926, 4931, 1511, 989, 3357, 999, 2993, 4192, 5431, 5121, 5175, 2470, 2867, 1374, 5434, 4983, 5381, 4304, 3235, 2126, 1748, 3628, 3439, 1615, 5008, 4767, 3479, 862, 3772, 522, 5242, 980, 4258, 3229, 787, 4436, 3886, 4934, 1882, 5154, 3111, 1353, 1329, 299, 1286, 1212, 1588, 4679, 4669, 3495, 1902, 1362, 2606, 5310, 2142, 3632, 1053, 2593, 2740, 2107, 1110, 4029, 5045, 3603, 3962, 2979, 3204, 4830, 774, 3892, 3218, 893, 666, 932, 5118, 1568, 3523, 887, 4114, 3364, 3066, 3312, 2615, 2153, 4142, 5235, 3163, 4793, 1416, 4203, 2523, 238, 1892, 167, 1434, 1240, 3542, 3856, 4008, 390, 1993, 5366, 1494, 5309, 4876, 3467, 4351, 3729, 4213, 1627, 2350, 4418, 1099, 2207, 4350, 4122, 126, 1226, 3346, 485, 461, 4316, 2763, 4212, 538, 2524, 5137, 551, 2803, 2834, 1028, 3465, 4812, 3092, 4874, 3293, 4364, 1540, 4875, 2089, 1533, 3099, 3864, 314, 3853, 5025, 936, 3013, 547, 3527, 1135, 3179, 3708, 1959, 2915, 1442, 3343, 1715, 1172, 621, 5324, 1199, 2218, 5217, 2046, 385, 4953, 4311, 5305, 4496, 4448, 3631, 5176, 528, 806, 832, 4523, 4368, 2061, 3852, 3872, 878, 2944, 3826, 1467, 3920, 2032, 2785, 5312, 850, 4325, 4817, 4528, 4631, 2673, 1419, 4022, 4047, 3515, 1333, 345, 4140, 1753, 2596, 2459, 3492, 4064, 4012, 5284, 1581, 3747, 488, 4902, 3240, 3231, 4660, 2604, 5345, 4926, 2791, 3896, 1491, 62, 5174, 1469, 478, 839, 3052, 5062, 2006, 892, 5043, 3783, 340, 2905, 2423, 3993, 145, 1939, 472, 2728, 1229, 76, 1774, 4168, 646, 3755, 2302, 3833, 2309, 3784, 1300, 4491, 5167, 993, 1136, 4597, 452, 2637, 1828, 1575, 4987, 4857, 33, 5204, 2994, 3956, 3356, 1932, 2, 4439, 3004, 4692, 5417, 2931, 3118, 4801, 2631, 2453, 2649, 4176, 1000, 1371, 959, 4302, 330, 3585, 3258, 4332, 4564, 4725, 4301, 2469, 2933, 955, 3367, 4466, 744, 15, 1582, 2199, 2281, 3882, 4530, 3131, 1808, 3728, 5433, 1145, 2174, 4890, 5229, 1468, 101, 1355, 549, 1262, 1227, 3913, 2762, 5379, 222, 988, 3088, 3480, 1783, 532, 355, 4393, 2369, 5251, 1675, 2025, 2483, 2135, 2924, 665, 1760, 2705, 4338, 2951, 1507, 939, 1243, 1285, 632, 1360, 2827, 624, 3203, 2029, 3607, 3002, 4818, 130, 3381, 3846, 4011, 2056, 1458, 1350, 3758, 4947, 5322, 1059, 1556, 864, 3345, 2939, 3659, 1466, 2067, 4380, 2797, 1076, 431, 1740, 2293, 3737, 1952, 3664, 2632, 1656, 3790, 5410, 4058, 1211, 3445, 4428, 1109, 45, 2456, 2489, 4512, 3275, 3214, 4757, 239, 5109, 2555, 3958, 3740, 1644, 4596, 2331, 3316, 5007, 3371, 3656, 4028, 635, 1926, 995, 5012, 128, 3876, 2063, 758, 3815, 2641, 2374, 3138, 4190, 1850, 954, 4179, 5049, 2669, 3355, 1960, 2016, 2620, 4538, 4407, 5126, 3167, 5169, 403, 811, 65, 121, 968, 1332, 1816, 4324, 4062, 4576, 590, 4201, 3424, 159, 2950, 281, 4615, 2812, 1686, 3514, 2890, 2509, 411, 2992, 149, 3407, 1074, 2071, 1193, 237, 3770, 1809, 4245, 979, 3469, 5231, 4183, 4837, 4502]",361,500,5,False,500
411,entity,entity,1,True,True,True,"{2: 108, 1: 104, 5: 89, 4: 74, 3: 118, 0: 7}","[365, 353, 2801, 2313, 4363, 3055, 466, 5179, 4620, 922, 1488, 3354, 1490, 872, 280, 265, 3837, 2759, 5068, 1765, 2589, 1272, 2677, 4079, 926, 4931, 1511, 989, 3357, 999, 2993, 4192, 5431, 5121, 5175, 2470, 2867, 1374, 5434, 4983, 5381, 4304, 3235, 2126, 1748, 3628, 3439, 1615, 5008, 4767, 3479, 862, 3772, 522, 5242, 980, 4258, 3229, 787, 4436, 3886, 4934, 1882, 5154, 3111, 1353, 1329, 299, 1286, 1212, 1588, 4679, 4669, 3495, 1902, 1362, 2606, 5310, 2142, 3632, 1053, 2593, 2740, 2107, 1110, 4029, 5045, 3603, 3962, 2979, 3204, 4830, 774, 3892, 3218, 893, 666, 932, 5118, 1568, 3523, 887, 4114, 3364, 3066, 3312, 2615, 2153, 4142, 5235, 3163, 4793, 1416, 4203, 2523, 238, 1892, 167, 1434, 1240, 3542, 3856, 4008, 390, 1993, 5366, 1494, 5309, 4876, 3467, 4351, 3729, 4213, 1627, 2350, 4418, 1099, 2207, 4350, 4122, 126, 1226, 3346, 485, 461, 4316, 2763, 4212, 538, 2524, 5137, 551, 2803, 2834, 1028, 3465, 4812, 3092, 4874, 3293, 4364, 1540, 4875, 2089, 1533, 3099, 3864, 314, 3853, 5025, 936, 3013, 547, 3527, 1135, 3179, 3708, 1959, 2915, 1442, 3343, 1715, 1172, 621, 5324, 1199, 2218, 5217, 2046, 385, 4953, 4311, 5305, 4496, 4448, 3631, 5176, 528, 806, 832, 4523, 4368, 2061, 3852, 3872, 878, 2944, 3826, 1467, 3920, 2032, 2785, 5312, 850, 4325, 4817, 4528, 4631, 2673, 1419, 4022, 4047, 3515, 1333, 345, 4140, 1753, 2596, 2459, 3492, 4064, 4012, 5284, 1581, 3747, 488, 4902, 3240, 3231, 4660, 2604, 5345, 4926, 2791, 3896, 1491, 62, 5174, 1469, 478, 839, 3052, 5062, 2006, 892, 5043, 3783, 340, 2905, 2423, 3993, 145, 1939, 472, 2728, 1229, 76, 1774, 4168, 646, 3755, 2302, 3833, 2309, 3784, 1300, 4491, 5167, 993, 1136, 4597, 452, 2637, 1828, 1575, 4987, 4857, 33, 5204, 2994, 3956, 3356, 1932, 2, 4439, 3004, 4692, 5417, 2931, 3118, 4801, 2631, 2453, 2649, 4176, 1000, 1371, 959, 4302, 330, 3585, 3258, 4332, 4564, 4725, 4301, 2469, 2933, 955, 3367, 4466, 744, 15, 1582, 2199, 2281, 3882, 4530, 3131, 1808, 3728, 5433, 1145, 2174, 4890, 5229, 1468, 101, 1355, 549, 1262, 1227, 3913, 2762, 5379, 222, 988, 3088, 3480, 1783, 532, 355, 4393, 2369, 5251, 1675, 2025, 2483, 2135, 2924, 665, 1760, 2705, 4338, 2951, 1507, 939, 1243, 1285, 632, 1360, 2827, 624, 3203, 2029, 3607, 3002, 4818, 130, 3381, 3846, 4011, 2056, 1458, 1350, 3758, 4947, 5322, 1059, 1556, 864, 3345, 2939, 3659, 1466, 2067, 4380, 2797, 1076, 431, 1740, 2293, 3737, 1952, 3664, 2632, 1656, 3790, 5410, 4058, 1211, 3445, 4428, 1109, 45, 2456, 2489, 4512, 3275, 3214, 4757, 239, 5109, 2555, 3958, 3740, 1644, 4596, 2331, 3316, 5007, 3371, 3656, 4028, 635, 1926, 995, 5012, 128, 3876, 2063, 758, 3815, 2641, 2374, 3138, 4190, 1850, 954, 4179, 5049, 2669, 3355, 1960, 2016, 2620, 4538, 4407, 5126, 3167, 5169, 403, 811, 65, 121, 968, 1332, 1816, 4324, 4062, 4576, 590, 4201, 3424, 159, 2950, 281, 4615, 2812, 1686, 3514, 2890, 2509, 411, 2992, 149, 3407, 1074, 2071, 1193, 237, 3770, 1809, 4245, 979, 3469, 5231, 4183, 4837, 4502]",411,500,5,False,500
67,entity,description,2,True,False,True,"{2: 108, 1: 104, 5: 89, 4: 74, 3: 118, 0: 7}","[365, 353, 2801, 2313, 4363, 3055, 466, 5179, 4620, 922, 1488, 3354, 1490, 872, 280, 265, 3837, 2759, 5068, 1765, 2589, 1272, 2677, 4079, 926, 4931, 1511, 989, 3357, 999, 2993, 4192, 5431, 5121, 5175, 2470, 2867, 1374, 5434, 4983, 5381, 4304, 3235, 2126, 1748, 3628, 3439, 1615, 5008, 4767, 3479, 862, 3772, 522, 5242, 980, 4258, 3229, 787, 4436, 3886, 4934, 1882, 5154, 3111, 1353, 1329, 299, 1286, 1212, 1588, 4679, 4669, 3495, 1902, 1362, 2606, 5310, 2142, 3632, 1053, 2593, 2740, 2107, 1110, 4029, 5045, 3603, 3962, 2979, 3204, 4830, 774, 3892, 3218, 893, 666, 932, 5118, 1568, 3523, 887, 4114, 3364, 3066, 3312, 2615, 2153, 4142, 5235, 3163, 4793, 1416, 4203, 2523, 238, 1892, 167, 1434, 1240, 3542, 3856, 4008, 390, 1993, 5366, 1494, 5309, 4876, 3467, 4351, 3729, 4213, 1627, 2350, 4418, 1099, 2207, 4350, 4122, 126, 1226, 3346, 485, 461, 4316, 2763, 4212, 538, 2524, 5137, 551, 2803, 2834, 1028, 3465, 4812, 3092, 4874, 3293, 4364, 1540, 4875, 2089, 1533, 3099, 3864, 314, 3853, 5025, 936, 3013, 547, 3527, 1135, 3179, 3708, 1959, 2915, 1442, 3343, 1715, 1172, 621, 5324, 1199, 2218, 5217, 2046, 385, 4953, 4311, 5305, 4496, 4448, 3631, 5176, 528, 806, 832, 4523, 4368, 2061, 3852, 3872, 878, 2944, 3826, 1467, 3920, 2032, 2785, 5312, 850, 4325, 4817, 4528, 4631, 2673, 1419, 4022, 4047, 3515, 1333, 345, 4140, 1753, 2596, 2459, 3492, 4064, 4012, 5284, 1581, 3747, 488, 4902, 3240, 3231, 4660, 2604, 5345, 4926, 2791, 3896, 1491, 62, 5174, 1469, 478, 839, 3052, 5062, 2006, 892, 5043, 3783, 340, 2905, 2423, 3993, 145, 1939, 472, 2728, 1229, 76, 1774, 4168, 646, 3755, 2302, 3833, 2309, 3784, 1300, 4491, 5167, 993, 1136, 4597, 452, 2637, 1828, 1575, 4987, 4857, 33, 5204, 2994, 3956, 3356, 1932, 2, 4439, 3004, 4692, 5417, 2931, 3118, 4801, 2631, 2453, 2649, 4176, 1000, 1371, 959, 4302, 330, 3585, 3258, 4332, 4564, 4725, 4301, 2469, 2933, 955, 3367, 4466, 744, 15, 1582, 2199, 2281, 3882, 4530, 3131, 1808, 3728, 5433, 1145, 2174, 4890, 5229, 1468, 101, 1355, 549, 1262, 1227, 3913, 2762, 5379, 222, 988, 3088, 3480, 1783, 532, 355, 4393, 2369, 5251, 1675, 2025, 2483, 2135, 2924, 665, 1760, 2705, 4338, 2951, 1507, 939, 1243, 1285, 632, 1360, 2827, 624, 3203, 2029, 3607, 3002, 4818, 130, 3381, 3846, 4011, 2056, 1458, 1350, 3758, 4947, 5322, 1059, 1556, 864, 3345, 2939, 3659, 1466, 2067, 4380, 2797, 1076, 431, 1740, 2293, 3737, 1952, 3664, 2632, 1656, 3790, 5410, 4058, 1211, 3445, 4428, 1109, 45, 2456, 2489, 4512, 3275, 3214, 4757, 239, 5109, 2555, 3958, 3740, 1644, 4596, 2331, 3316, 5007, 3371, 3656, 4028, 635, 1926, 995, 5012, 128, 3876, 2063, 758, 3815, 2641, 2374, 3138, 4190, 1850, 954, 4179, 5049, 2669, 3355, 1960, 2016, 2620, 4538, 4407, 5126, 3167, 5169, 403, 811, 65, 121, 968, 1332, 1816, 4324, 4062, 4576, 590, 4201, 3424, 159, 2950, 281, 4615, 2812, 1686, 3514, 2890, 2509, 411, 2992, 149, 3407, 1074, 2071, 1193, 237, 3770, 1809, 4245, 979, 3469, 5231, 4183, 4837, 4502]",67,500,5,False,500
425,numeric,entity,1,True,False,True,"{2: 108, 1: 104, 5: 89, 4: 74, 3: 118, 0: 7}","[365, 353, 2801, 2313, 4363, 3055, 466, 5179, 4620, 922, 1488, 3354, 1490, 872, 280, 265, 3837, 2759, 5068, 1765, 2589, 1272, 2677, 4079, 926, 4931, 1511, 989, 3357, 999, 2993, 4192, 5431, 5121, 5175, 2470, 2867, 1374, 5434, 4983, 5381, 4304, 3235, 2126, 1748, 3628, 3439, 1615, 5008, 4767, 3479, 862, 3772, 522, 5242, 980, 4258, 3229, 787, 4436, 3886, 4934, 1882, 5154, 3111, 1353, 1329, 299, 1286, 1212, 1588, 4679, 4669, 3495, 1902, 1362, 2606, 5310, 2142, 3632, 1053, 2593, 2740, 2107, 1110, 4029, 5045, 3603, 3962, 2979, 3204, 4830, 774, 3892, 3218, 893, 666, 932, 5118, 1568, 3523, 887, 4114, 3364, 3066, 3312, 2615, 2153, 4142, 5235, 3163, 4793, 1416, 4203, 2523, 238, 1892, 167, 1434, 1240, 3542, 3856, 4008, 390, 1993, 5366, 1494, 5309, 4876, 3467, 4351, 3729, 4213, 1627, 2350, 4418, 1099, 2207, 4350, 4122, 126, 1226, 3346, 485, 461, 4316, 2763, 4212, 538, 2524, 5137, 551, 2803, 2834, 1028, 3465, 4812, 3092, 4874, 3293, 4364, 1540, 4875, 2089, 1533, 3099, 3864, 314, 3853, 5025, 936, 3013, 547, 3527, 1135, 3179, 3708, 1959, 2915, 1442, 3343, 1715, 1172, 621, 5324, 1199, 2218, 5217, 2046, 385, 4953, 4311, 5305, 4496, 4448, 3631, 5176, 528, 806, 832, 4523, 4368, 2061, 3852, 3872, 878, 2944, 3826, 1467, 3920, 2032, 2785, 5312, 850, 4325, 4817, 4528, 4631, 2673, 1419, 4022, 4047, 3515, 1333, 345, 4140, 1753, 2596, 2459, 3492, 4064, 4012, 5284, 1581, 3747, 488, 4902, 3240, 3231, 4660, 2604, 5345, 4926, 2791, 3896, 1491, 62, 5174, 1469, 478, 839, 3052, 5062, 2006, 892, 5043, 3783, 340, 2905, 2423, 3993, 145, 1939, 472, 2728, 1229, 76, 1774, 4168, 646, 3755, 2302, 3833, 2309, 3784, 1300, 4491, 5167, 993, 1136, 4597, 452, 2637, 1828, 1575, 4987, 4857, 33, 5204, 2994, 3956, 3356, 1932, 2, 4439, 3004, 4692, 5417, 2931, 3118, 4801, 2631, 2453, 2649, 4176, 1000, 1371, 959, 4302, 330, 3585, 3258, 4332, 4564, 4725, 4301, 2469, 2933, 955, 3367, 4466, 744, 15, 1582, 2199, 2281, 3882, 4530, 3131, 1808, 3728, 5433, 1145, 2174, 4890, 5229, 1468, 101, 1355, 549, 1262, 1227, 3913, 2762, 5379, 222, 988, 3088, 3480, 1783, 532, 355, 4393, 2369, 5251, 1675, 2025, 2483, 2135, 2924, 665, 1760, 2705, 4338, 2951, 1507, 939, 1243, 1285, 632, 1360, 2827, 624, 3203, 2029, 3607, 3002, 4818, 130, 3381, 3846, 4011, 2056, 1458, 1350, 3758, 4947, 5322, 1059, 1556, 864, 3345, 2939, 3659, 1466, 2067, 4380, 2797, 1076, 431, 1740, 2293, 3737, 1952, 3664, 2632, 1656, 3790, 5410, 4058, 1211, 3445, 4428, 1109, 45, 2456, 2489, 4512, 3275, 3214, 4757, 239, 5109, 2555, 3958, 3740, 1644, 4596, 2331, 3316, 5007, 3371, 3656, 4028, 635, 1926, 995, 5012, 128, 3876, 2063, 758, 3815, 2641, 2374, 3138, 4190, 1850, 954, 4179, 5049, 2669, 3355, 1960, 2016, 2620, 4538, 4407, 5126, 3167, 5169, 403, 811, 65, 121, 968, 1332, 1816, 4324, 4062, 4576, 590, 4201, 3424, 159, 2950, 281, 4615, 2812, 1686, 3514, 2890, 2509, 411, 2992, 149, 3407, 1074, 2071, 1193, 237, 3770, 1809, 4245, 979, 3469, 5231, 4183, 4837, 4502]",425,500,5,False,500
104,numeric,location,4,True,False,True,"{2: 108, 1: 104, 5: 89, 4: 74, 3: 118, 0: 7}","[365, 353, 2801, 2313, 4363, 3055, 466, 5179, 4620, 922, 1488, 3354, 1490, 872, 280, 265, 3837, 2759, 5068, 1765, 2589, 1272, 2677, 4079, 926, 4931, 1511, 989, 3357, 999, 2993, 4192, 5431, 5121, 5175, 2470, 2867, 1374, 5434, 4983, 5381, 4304, 3235, 2126, 1748, 3628, 3439, 1615, 5008, 4767, 3479, 862, 3772, 522, 5242, 980, 4258, 3229, 787, 4436, 3886, 4934, 1882, 5154, 3111, 1353, 1329, 299, 1286, 1212, 1588, 4679, 4669, 3495, 1902, 1362, 2606, 5310, 2142, 3632, 1053, 2593, 2740, 2107, 1110, 4029, 5045, 3603, 3962, 2979, 3204, 4830, 774, 3892, 3218, 893, 666, 932, 5118, 1568, 3523, 887, 4114, 3364, 3066, 3312, 2615, 2153, 4142, 5235, 3163, 4793, 1416, 4203, 2523, 238, 1892, 167, 1434, 1240, 3542, 3856, 4008, 390, 1993, 5366, 1494, 5309, 4876, 3467, 4351, 3729, 4213, 1627, 2350, 4418, 1099, 2207, 4350, 4122, 126, 1226, 3346, 485, 461, 4316, 2763, 4212, 538, 2524, 5137, 551, 2803, 2834, 1028, 3465, 4812, 3092, 4874, 3293, 4364, 1540, 4875, 2089, 1533, 3099, 3864, 314, 3853, 5025, 936, 3013, 547, 3527, 1135, 3179, 3708, 1959, 2915, 1442, 3343, 1715, 1172, 621, 5324, 1199, 2218, 5217, 2046, 385, 4953, 4311, 5305, 4496, 4448, 3631, 5176, 528, 806, 832, 4523, 4368, 2061, 3852, 3872, 878, 2944, 3826, 1467, 3920, 2032, 2785, 5312, 850, 4325, 4817, 4528, 4631, 2673, 1419, 4022, 4047, 3515, 1333, 345, 4140, 1753, 2596, 2459, 3492, 4064, 4012, 5284, 1581, 3747, 488, 4902, 3240, 3231, 4660, 2604, 5345, 4926, 2791, 3896, 1491, 62, 5174, 1469, 478, 839, 3052, 5062, 2006, 892, 5043, 3783, 340, 2905, 2423, 3993, 145, 1939, 472, 2728, 1229, 76, 1774, 4168, 646, 3755, 2302, 3833, 2309, 3784, 1300, 4491, 5167, 993, 1136, 4597, 452, 2637, 1828, 1575, 4987, 4857, 33, 5204, 2994, 3956, 3356, 1932, 2, 4439, 3004, 4692, 5417, 2931, 3118, 4801, 2631, 2453, 2649, 4176, 1000, 1371, 959, 4302, 330, 3585, 3258, 4332, 4564, 4725, 4301, 2469, 2933, 955, 3367, 4466, 744, 15, 1582, 2199, 2281, 3882, 4530, 3131, 1808, 3728, 5433, 1145, 2174, 4890, 5229, 1468, 101, 1355, 549, 1262, 1227, 3913, 2762, 5379, 222, 988, 3088, 3480, 1783, 532, 355, 4393, 2369, 5251, 1675, 2025, 2483, 2135, 2924, 665, 1760, 2705, 4338, 2951, 1507, 939, 1243, 1285, 632, 1360, 2827, 624, 3203, 2029, 3607, 3002, 4818, 130, 3381, 3846, 4011, 2056, 1458, 1350, 3758, 4947, 5322, 1059, 1556, 864, 3345, 2939, 3659, 1466, 2067, 4380, 2797, 1076, 431, 1740, 2293, 3737, 1952, 3664, 2632, 1656, 3790, 5410, 4058, 1211, 3445, 4428, 1109, 45, 2456, 2489, 4512, 3275, 3214, 4757, 239, 5109, 2555, 3958, 3740, 1644, 4596, 2331, 3316, 5007, 3371, 3656, 4028, 635, 1926, 995, 5012, 128, 3876, 2063, 758, 3815, 2641, 2374, 3138, 4190, 1850, 954, 4179, 5049, 2669, 3355, 1960, 2016, 2620, 4538, 4407, 5126, 3167, 5169, 403, 811, 65, 121, 968, 1332, 1816, 4324, 4062, 4576, 590, 4201, 3424, 159, 2950, 281, 4615, 2812, 1686, 3514, 2890, 2509, 411, 2992, 149, 3407, 1074, 2071, 1193, 237, 3770, 1809, 4245, 979, 3469, 5231, 4183, 4837, 4502]",104,500,5,False,500
394,description,description,2,True,True,True,"{2: 108, 1: 104, 5: 89, 4: 74, 3: 118, 0: 7}","[365, 353, 2801, 2313, 4363, 3055, 466, 5179, 4620, 922, 1488, 3354, 1490, 872, 280, 265, 3837, 2759, 5068, 1765, 2589, 1272, 2677, 4079, 926, 4931, 1511, 989, 3357, 999, 2993, 4192, 5431, 5121, 5175, 2470, 2867, 1374, 5434, 4983, 5381, 4304, 3235, 2126, 1748, 3628, 3439, 1615, 5008, 4767, 3479, 862, 3772, 522, 5242, 980, 4258, 3229, 787, 4436, 3886, 4934, 1882, 5154, 3111, 1353, 1329, 299, 1286, 1212, 1588, 4679, 4669, 3495, 1902, 1362, 2606, 5310, 2142, 3632, 1053, 2593, 2740, 2107, 1110, 4029, 5045, 3603, 3962, 2979, 3204, 4830, 774, 3892, 3218, 893, 666, 932, 5118, 1568, 3523, 887, 4114, 3364, 3066, 3312, 2615, 2153, 4142, 5235, 3163, 4793, 1416, 4203, 2523, 238, 1892, 167, 1434, 1240, 3542, 3856, 4008, 390, 1993, 5366, 1494, 5309, 4876, 3467, 4351, 3729, 4213, 1627, 2350, 4418, 1099, 2207, 4350, 4122, 126, 1226, 3346, 485, 461, 4316, 2763, 4212, 538, 2524, 5137, 551, 2803, 2834, 1028, 3465, 4812, 3092, 4874, 3293, 4364, 1540, 4875, 2089, 1533, 3099, 3864, 314, 3853, 5025, 936, 3013, 547, 3527, 1135, 3179, 3708, 1959, 2915, 1442, 3343, 1715, 1172, 621, 5324, 1199, 2218, 5217, 2046, 385, 4953, 4311, 5305, 4496, 4448, 3631, 5176, 528, 806, 832, 4523, 4368, 2061, 3852, 3872, 878, 2944, 3826, 1467, 3920, 2032, 2785, 5312, 850, 4325, 4817, 4528, 4631, 2673, 1419, 4022, 4047, 3515, 1333, 345, 4140, 1753, 2596, 2459, 3492, 4064, 4012, 5284, 1581, 3747, 488, 4902, 3240, 3231, 4660, 2604, 5345, 4926, 2791, 3896, 1491, 62, 5174, 1469, 478, 839, 3052, 5062, 2006, 892, 5043, 3783, 340, 2905, 2423, 3993, 145, 1939, 472, 2728, 1229, 76, 1774, 4168, 646, 3755, 2302, 3833, 2309, 3784, 1300, 4491, 5167, 993, 1136, 4597, 452, 2637, 1828, 1575, 4987, 4857, 33, 5204, 2994, 3956, 3356, 1932, 2, 4439, 3004, 4692, 5417, 2931, 3118, 4801, 2631, 2453, 2649, 4176, 1000, 1371, 959, 4302, 330, 3585, 3258, 4332, 4564, 4725, 4301, 2469, 2933, 955, 3367, 4466, 744, 15, 1582, 2199, 2281, 3882, 4530, 3131, 1808, 3728, 5433, 1145, 2174, 4890, 5229, 1468, 101, 1355, 549, 1262, 1227, 3913, 2762, 5379, 222, 988, 3088, 3480, 1783, 532, 355, 4393, 2369, 5251, 1675, 2025, 2483, 2135, 2924, 665, 1760, 2705, 4338, 2951, 1507, 939, 1243, 1285, 632, 1360, 2827, 624, 3203, 2029, 3607, 3002, 4818, 130, 3381, 3846, 4011, 2056, 1458, 1350, 3758, 4947, 5322, 1059, 1556, 864, 3345, 2939, 3659, 1466, 2067, 4380, 2797, 1076, 431, 1740, 2293, 3737, 1952, 3664, 2632, 1656, 3790, 5410, 4058, 1211, 3445, 4428, 1109, 45, 2456, 2489, 4512, 3275, 3214, 4757, 239, 5109, 2555, 3958, 3740, 1644, 4596, 2331, 3316, 5007, 3371, 3656, 4028, 635, 1926, 995, 5012, 128, 3876, 2063, 758, 3815, 2641, 2374, 3138, 4190, 1850, 954, 4179, 5049, 2669, 3355, 1960, 2016, 2620, 4538, 4407, 5126, 3167, 5169, 403, 811, 65, 121, 968, 1332, 1816, 4324, 4062, 4576, 590, 4201, 3424, 159, 2950, 281, 4615, 2812, 1686, 3514, 2890, 2509, 411, 2992, 149, 3407, 1074, 2071, 1193, 237, 3770, 1809, 4245, 979, 3469, 5231, 4183, 4837, 4502]",394,500,5,False,500
450,numeric,entity,1,True,False,True,"{2: 108, 1: 104, 5: 89, 4: 74, 3: 118, 0: 7}","[365, 353, 2801, 2313, 4363, 3055, 466, 5179, 4620, 922, 1488, 3354, 1490, 872, 280, 265, 3837, 2759, 5068, 1765, 2589, 1272, 2677, 4079, 926, 4931, 1511, 989, 3357, 999, 2993, 4192, 5431, 5121, 5175, 2470, 2867, 1374, 5434, 4983, 5381, 4304, 3235, 2126, 1748, 3628, 3439, 1615, 5008, 4767, 3479, 862, 3772, 522, 5242, 980, 4258, 3229, 787, 4436, 3886, 4934, 1882, 5154, 3111, 1353, 1329, 299, 1286, 1212, 1588, 4679, 4669, 3495, 1902, 1362, 2606, 5310, 2142, 3632, 1053, 2593, 2740, 2107, 1110, 4029, 5045, 3603, 3962, 2979, 3204, 4830, 774, 3892, 3218, 893, 666, 932, 5118, 1568, 3523, 887, 4114, 3364, 3066, 3312, 2615, 2153, 4142, 5235, 3163, 4793, 1416, 4203, 2523, 238, 1892, 167, 1434, 1240, 3542, 3856, 4008, 390, 1993, 5366, 1494, 5309, 4876, 3467, 4351, 3729, 4213, 1627, 2350, 4418, 1099, 2207, 4350, 4122, 126, 1226, 3346, 485, 461, 4316, 2763, 4212, 538, 2524, 5137, 551, 2803, 2834, 1028, 3465, 4812, 3092, 4874, 3293, 4364, 1540, 4875, 2089, 1533, 3099, 3864, 314, 3853, 5025, 936, 3013, 547, 3527, 1135, 3179, 3708, 1959, 2915, 1442, 3343, 1715, 1172, 621, 5324, 1199, 2218, 5217, 2046, 385, 4953, 4311, 5305, 4496, 4448, 3631, 5176, 528, 806, 832, 4523, 4368, 2061, 3852, 3872, 878, 2944, 3826, 1467, 3920, 2032, 2785, 5312, 850, 4325, 4817, 4528, 4631, 2673, 1419, 4022, 4047, 3515, 1333, 345, 4140, 1753, 2596, 2459, 3492, 4064, 4012, 5284, 1581, 3747, 488, 4902, 3240, 3231, 4660, 2604, 5345, 4926, 2791, 3896, 1491, 62, 5174, 1469, 478, 839, 3052, 5062, 2006, 892, 5043, 3783, 340, 2905, 2423, 3993, 145, 1939, 472, 2728, 1229, 76, 1774, 4168, 646, 3755, 2302, 3833, 2309, 3784, 1300, 4491, 5167, 993, 1136, 4597, 452, 2637, 1828, 1575, 4987, 4857, 33, 5204, 2994, 3956, 3356, 1932, 2, 4439, 3004, 4692, 5417, 2931, 3118, 4801, 2631, 2453, 2649, 4176, 1000, 1371, 959, 4302, 330, 3585, 3258, 4332, 4564, 4725, 4301, 2469, 2933, 955, 3367, 4466, 744, 15, 1582, 2199, 2281, 3882, 4530, 3131, 1808, 3728, 5433, 1145, 2174, 4890, 5229, 1468, 101, 1355, 549, 1262, 1227, 3913, 2762, 5379, 222, 988, 3088, 3480, 1783, 532, 355, 4393, 2369, 5251, 1675, 2025, 2483, 2135, 2924, 665, 1760, 2705, 4338, 2951, 1507, 939, 1243, 1285, 632, 1360, 2827, 624, 3203, 2029, 3607, 3002, 4818, 130, 3381, 3846, 4011, 2056, 1458, 1350, 3758, 4947, 5322, 1059, 1556, 864, 3345, 2939, 3659, 1466, 2067, 4380, 2797, 1076, 431, 1740, 2293, 3737, 1952, 3664, 2632, 1656, 3790, 5410, 4058, 1211, 3445, 4428, 1109, 45, 2456, 2489, 4512, 3275, 3214, 4757, 239, 5109, 2555, 3958, 3740, 1644, 4596, 2331, 3316, 5007, 3371, 3656, 4028, 635, 1926, 995, 5012, 128, 3876, 2063, 758, 3815, 2641, 2374, 3138, 4190, 1850, 954, 4179, 5049, 2669, 3355, 1960, 2016, 2620, 4538, 4407, 5126, 3167, 5169, 403, 811, 65, 121, 968, 1332, 1816, 4324, 4062, 4576, 590, 4201, 3424, 159, 2950, 281, 4615, 2812, 1686, 3514, 2890, 2509, 411, 2992, 149, 3407, 1074, 2071, 1193, 237, 3770, 1809, 4245, 979, 3469, 5231, 4183, 4837, 4502]",450,500,5,False,500
141,numeric,entity,1,True,False,True,"{2: 108, 1: 104, 5: 89, 4: 74, 3: 118, 0: 7}","[365, 353, 2801, 2313, 4363, 3055, 466, 5179, 4620, 922, 1488, 3354, 1490, 872, 280, 265, 3837, 2759, 5068, 1765, 2589, 1272, 2677, 4079, 926, 4931, 1511, 989, 3357, 999, 2993, 4192, 5431, 5121, 5175, 2470, 2867, 1374, 5434, 4983, 5381, 4304, 3235, 2126, 1748, 3628, 3439, 1615, 5008, 4767, 3479, 862, 3772, 522, 5242, 980, 4258, 3229, 787, 4436, 3886, 4934, 1882, 5154, 3111, 1353, 1329, 299, 1286, 1212, 1588, 4679, 4669, 3495, 1902, 1362, 2606, 5310, 2142, 3632, 1053, 2593, 2740, 2107, 1110, 4029, 5045, 3603, 3962, 2979, 3204, 4830, 774, 3892, 3218, 893, 666, 932, 5118, 1568, 3523, 887, 4114, 3364, 3066, 3312, 2615, 2153, 4142, 5235, 3163, 4793, 1416, 4203, 2523, 238, 1892, 167, 1434, 1240, 3542, 3856, 4008, 390, 1993, 5366, 1494, 5309, 4876, 3467, 4351, 3729, 4213, 1627, 2350, 4418, 1099, 2207, 4350, 4122, 126, 1226, 3346, 485, 461, 4316, 2763, 4212, 538, 2524, 5137, 551, 2803, 2834, 1028, 3465, 4812, 3092, 4874, 3293, 4364, 1540, 4875, 2089, 1533, 3099, 3864, 314, 3853, 5025, 936, 3013, 547, 3527, 1135, 3179, 3708, 1959, 2915, 1442, 3343, 1715, 1172, 621, 5324, 1199, 2218, 5217, 2046, 385, 4953, 4311, 5305, 4496, 4448, 3631, 5176, 528, 806, 832, 4523, 4368, 2061, 3852, 3872, 878, 2944, 3826, 1467, 3920, 2032, 2785, 5312, 850, 4325, 4817, 4528, 4631, 2673, 1419, 4022, 4047, 3515, 1333, 345, 4140, 1753, 2596, 2459, 3492, 4064, 4012, 5284, 1581, 3747, 488, 4902, 3240, 3231, 4660, 2604, 5345, 4926, 2791, 3896, 1491, 62, 5174, 1469, 478, 839, 3052, 5062, 2006, 892, 5043, 3783, 340, 2905, 2423, 3993, 145, 1939, 472, 2728, 1229, 76, 1774, 4168, 646, 3755, 2302, 3833, 2309, 3784, 1300, 4491, 5167, 993, 1136, 4597, 452, 2637, 1828, 1575, 4987, 4857, 33, 5204, 2994, 3956, 3356, 1932, 2, 4439, 3004, 4692, 5417, 2931, 3118, 4801, 2631, 2453, 2649, 4176, 1000, 1371, 959, 4302, 330, 3585, 3258, 4332, 4564, 4725, 4301, 2469, 2933, 955, 3367, 4466, 744, 15, 1582, 2199, 2281, 3882, 4530, 3131, 1808, 3728, 5433, 1145, 2174, 4890, 5229, 1468, 101, 1355, 549, 1262, 1227, 3913, 2762, 5379, 222, 988, 3088, 3480, 1783, 532, 355, 4393, 2369, 5251, 1675, 2025, 2483, 2135, 2924, 665, 1760, 2705, 4338, 2951, 1507, 939, 1243, 1285, 632, 1360, 2827, 624, 3203, 2029, 3607, 3002, 4818, 130, 3381, 3846, 4011, 2056, 1458, 1350, 3758, 4947, 5322, 1059, 1556, 864, 3345, 2939, 3659, 1466, 2067, 4380, 2797, 1076, 431, 1740, 2293, 3737, 1952, 3664, 2632, 1656, 3790, 5410, 4058, 1211, 3445, 4428, 1109, 45, 2456, 2489, 4512, 3275, 3214, 4757, 239, 5109, 2555, 3958, 3740, 1644, 4596, 2331, 3316, 5007, 3371, 3656, 4028, 635, 1926, 995, 5012, 128, 3876, 2063, 758, 3815, 2641, 2374, 3138, 4190, 1850, 954, 4179, 5049, 2669, 3355, 1960, 2016, 2620, 4538, 4407, 5126, 3167, 5169, 403, 811, 65, 121, 968, 1332, 1816, 4324, 4062, 4576, 590, 4201, 3424, 159, 2950, 281, 4615, 2812, 1686, 3514, 2890, 2509, 411, 2992, 149, 3407, 1074, 2071, 1193, 237, 3770, 1809, 4245, 979, 3469, 5231, 4183, 4837, 4502]",141,500,5,False,500
142,location,location,4,True,True,True,"{2: 108, 1: 104, 5: 89, 4: 74, 3: 118, 0: 7}","[365, 353, 2801, 2313, 4363, 3055, 466, 5179, 4620, 922, 1488, 3354, 1490, 872, 280, 265, 3837, 2759, 5068, 1765, 2589, 1272, 2677, 4079, 926, 4931, 1511, 989, 3357, 999, 2993, 4192, 5431, 5121, 5175, 2470, 2867, 1374, 5434, 4983, 5381, 4304, 3235, 2126, 1748, 3628, 3439, 1615, 5008, 4767, 3479, 862, 3772, 522, 5242, 980, 4258, 3229, 787, 4436, 3886, 4934, 1882, 5154, 3111, 1353, 1329, 299, 1286, 1212, 1588, 4679, 4669, 3495, 1902, 1362, 2606, 5310, 2142, 3632, 1053, 2593, 2740, 2107, 1110, 4029, 5045, 3603, 3962, 2979, 3204, 4830, 774, 3892, 3218, 893, 666, 932, 5118, 1568, 3523, 887, 4114, 3364, 3066, 3312, 2615, 2153, 4142, 5235, 3163, 4793, 1416, 4203, 2523, 238, 1892, 167, 1434, 1240, 3542, 3856, 4008, 390, 1993, 5366, 1494, 5309, 4876, 3467, 4351, 3729, 4213, 1627, 2350, 4418, 1099, 2207, 4350, 4122, 126, 1226, 3346, 485, 461, 4316, 2763, 4212, 538, 2524, 5137, 551, 2803, 2834, 1028, 3465, 4812, 3092, 4874, 3293, 4364, 1540, 4875, 2089, 1533, 3099, 3864, 314, 3853, 5025, 936, 3013, 547, 3527, 1135, 3179, 3708, 1959, 2915, 1442, 3343, 1715, 1172, 621, 5324, 1199, 2218, 5217, 2046, 385, 4953, 4311, 5305, 4496, 4448, 3631, 5176, 528, 806, 832, 4523, 4368, 2061, 3852, 3872, 878, 2944, 3826, 1467, 3920, 2032, 2785, 5312, 850, 4325, 4817, 4528, 4631, 2673, 1419, 4022, 4047, 3515, 1333, 345, 4140, 1753, 2596, 2459, 3492, 4064, 4012, 5284, 1581, 3747, 488, 4902, 3240, 3231, 4660, 2604, 5345, 4926, 2791, 3896, 1491, 62, 5174, 1469, 478, 839, 3052, 5062, 2006, 892, 5043, 3783, 340, 2905, 2423, 3993, 145, 1939, 472, 2728, 1229, 76, 1774, 4168, 646, 3755, 2302, 3833, 2309, 3784, 1300, 4491, 5167, 993, 1136, 4597, 452, 2637, 1828, 1575, 4987, 4857, 33, 5204, 2994, 3956, 3356, 1932, 2, 4439, 3004, 4692, 5417, 2931, 3118, 4801, 2631, 2453, 2649, 4176, 1000, 1371, 959, 4302, 330, 3585, 3258, 4332, 4564, 4725, 4301, 2469, 2933, 955, 3367, 4466, 744, 15, 1582, 2199, 2281, 3882, 4530, 3131, 1808, 3728, 5433, 1145, 2174, 4890, 5229, 1468, 101, 1355, 549, 1262, 1227, 3913, 2762, 5379, 222, 988, 3088, 3480, 1783, 532, 355, 4393, 2369, 5251, 1675, 2025, 2483, 2135, 2924, 665, 1760, 2705, 4338, 2951, 1507, 939, 1243, 1285, 632, 1360, 2827, 624, 3203, 2029, 3607, 3002, 4818, 130, 3381, 3846, 4011, 2056, 1458, 1350, 3758, 4947, 5322, 1059, 1556, 864, 3345, 2939, 3659, 1466, 2067, 4380, 2797, 1076, 431, 1740, 2293, 3737, 1952, 3664, 2632, 1656, 3790, 5410, 4058, 1211, 3445, 4428, 1109, 45, 2456, 2489, 4512, 3275, 3214, 4757, 239, 5109, 2555, 3958, 3740, 1644, 4596, 2331, 3316, 5007, 3371, 3656, 4028, 635, 1926, 995, 5012, 128, 3876, 2063, 758, 3815, 2641, 2374, 3138, 4190, 1850, 954, 4179, 5049, 2669, 3355, 1960, 2016, 2620, 4538, 4407, 5126, 3167, 5169, 403, 811, 65, 121, 968, 1332, 1816, 4324, 4062, 4576, 590, 4201, 3424, 159, 2950, 281, 4615, 2812, 1686, 3514, 2890, 2509, 411, 2992, 149, 3407, 1074, 2071, 1193, 237, 3770, 1809, 4245, 979, 3469, 5231, 4183, 4837, 4502]",142,500,5,False,500
269,numeric,description,2,True,False,True,"{2: 108, 1: 104, 5: 89, 4: 74, 3: 118, 0: 7}","[365, 353, 2801, 2313, 4363, 3055, 466, 5179, 4620, 922, 1488, 3354, 1490, 872, 280, 265, 3837, 2759, 5068, 1765, 2589, 1272, 2677, 4079, 926, 4931, 1511, 989, 3357, 999, 2993, 4192, 5431, 5121, 5175, 2470, 2867, 1374, 5434, 4983, 5381, 4304, 3235, 2126, 1748, 3628, 3439, 1615, 5008, 4767, 3479, 862, 3772, 522, 5242, 980, 4258, 3229, 787, 4436, 3886, 4934, 1882, 5154, 3111, 1353, 1329, 299, 1286, 1212, 1588, 4679, 4669, 3495, 1902, 1362, 2606, 5310, 2142, 3632, 1053, 2593, 2740, 2107, 1110, 4029, 5045, 3603, 3962, 2979, 3204, 4830, 774, 3892, 3218, 893, 666, 932, 5118, 1568, 3523, 887, 4114, 3364, 3066, 3312, 2615, 2153, 4142, 5235, 3163, 4793, 1416, 4203, 2523, 238, 1892, 167, 1434, 1240, 3542, 3856, 4008, 390, 1993, 5366, 1494, 5309, 4876, 3467, 4351, 3729, 4213, 1627, 2350, 4418, 1099, 2207, 4350, 4122, 126, 1226, 3346, 485, 461, 4316, 2763, 4212, 538, 2524, 5137, 551, 2803, 2834, 1028, 3465, 4812, 3092, 4874, 3293, 4364, 1540, 4875, 2089, 1533, 3099, 3864, 314, 3853, 5025, 936, 3013, 547, 3527, 1135, 3179, 3708, 1959, 2915, 1442, 3343, 1715, 1172, 621, 5324, 1199, 2218, 5217, 2046, 385, 4953, 4311, 5305, 4496, 4448, 3631, 5176, 528, 806, 832, 4523, 4368, 2061, 3852, 3872, 878, 2944, 3826, 1467, 3920, 2032, 2785, 5312, 850, 4325, 4817, 4528, 4631, 2673, 1419, 4022, 4047, 3515, 1333, 345, 4140, 1753, 2596, 2459, 3492, 4064, 4012, 5284, 1581, 3747, 488, 4902, 3240, 3231, 4660, 2604, 5345, 4926, 2791, 3896, 1491, 62, 5174, 1469, 478, 839, 3052, 5062, 2006, 892, 5043, 3783, 340, 2905, 2423, 3993, 145, 1939, 472, 2728, 1229, 76, 1774, 4168, 646, 3755, 2302, 3833, 2309, 3784, 1300, 4491, 5167, 993, 1136, 4597, 452, 2637, 1828, 1575, 4987, 4857, 33, 5204, 2994, 3956, 3356, 1932, 2, 4439, 3004, 4692, 5417, 2931, 3118, 4801, 2631, 2453, 2649, 4176, 1000, 1371, 959, 4302, 330, 3585, 3258, 4332, 4564, 4725, 4301, 2469, 2933, 955, 3367, 4466, 744, 15, 1582, 2199, 2281, 3882, 4530, 3131, 1808, 3728, 5433, 1145, 2174, 4890, 5229, 1468, 101, 1355, 549, 1262, 1227, 3913, 2762, 5379, 222, 988, 3088, 3480, 1783, 532, 355, 4393, 2369, 5251, 1675, 2025, 2483, 2135, 2924, 665, 1760, 2705, 4338, 2951, 1507, 939, 1243, 1285, 632, 1360, 2827, 624, 3203, 2029, 3607, 3002, 4818, 130, 3381, 3846, 4011, 2056, 1458, 1350, 3758, 4947, 5322, 1059, 1556, 864, 3345, 2939, 3659, 1466, 2067, 4380, 2797, 1076, 431, 1740, 2293, 3737, 1952, 3664, 2632, 1656, 3790, 5410, 4058, 1211, 3445, 4428, 1109, 45, 2456, 2489, 4512, 3275, 3214, 4757, 239, 5109, 2555, 3958, 3740, 1644, 4596, 2331, 3316, 5007, 3371, 3656, 4028, 635, 1926, 995, 5012, 128, 3876, 2063, 758, 3815, 2641, 2374, 3138, 4190, 1850, 954, 4179, 5049, 2669, 3355, 1960, 2016, 2620, 4538, 4407, 5126, 3167, 5169, 403, 811, 65, 121, 968, 1332, 1816, 4324, 4062, 4576, 590, 4201, 3424, 159, 2950, 281, 4615, 2812, 1686, 3514, 2890, 2509, 411, 2992, 149, 3407, 1074, 2071, 1193, 237, 3770, 1809, 4245, 979, 3469, 5231, 4183, 4837, 4502]",269,500,5,False,500
173,description,description,2,True,True,True,"{2: 108, 1: 104, 5: 89, 4: 74, 3: 118, 0: 7}","[365, 353, 2801, 2313, 4363, 3055, 466, 5179, 4620, 922, 1488, 3354, 1490, 872, 280, 265, 3837, 2759, 5068, 1765, 2589, 1272, 2677, 4079, 926, 4931, 1511, 989, 3357, 999, 2993, 4192, 5431, 5121, 5175, 2470, 2867, 1374, 5434, 4983, 5381, 4304, 3235, 2126, 1748, 3628, 3439, 1615, 5008, 4767, 3479, 862, 3772, 522, 5242, 980, 4258, 3229, 787, 4436, 3886, 4934, 1882, 5154, 3111, 1353, 1329, 299, 1286, 1212, 1588, 4679, 4669, 3495, 1902, 1362, 2606, 5310, 2142, 3632, 1053, 2593, 2740, 2107, 1110, 4029, 5045, 3603, 3962, 2979, 3204, 4830, 774, 3892, 3218, 893, 666, 932, 5118, 1568, 3523, 887, 4114, 3364, 3066, 3312, 2615, 2153, 4142, 5235, 3163, 4793, 1416, 4203, 2523, 238, 1892, 167, 1434, 1240, 3542, 3856, 4008, 390, 1993, 5366, 1494, 5309, 4876, 3467, 4351, 3729, 4213, 1627, 2350, 4418, 1099, 2207, 4350, 4122, 126, 1226, 3346, 485, 461, 4316, 2763, 4212, 538, 2524, 5137, 551, 2803, 2834, 1028, 3465, 4812, 3092, 4874, 3293, 4364, 1540, 4875, 2089, 1533, 3099, 3864, 314, 3853, 5025, 936, 3013, 547, 3527, 1135, 3179, 3708, 1959, 2915, 1442, 3343, 1715, 1172, 621, 5324, 1199, 2218, 5217, 2046, 385, 4953, 4311, 5305, 4496, 4448, 3631, 5176, 528, 806, 832, 4523, 4368, 2061, 3852, 3872, 878, 2944, 3826, 1467, 3920, 2032, 2785, 5312, 850, 4325, 4817, 4528, 4631, 2673, 1419, 4022, 4047, 3515, 1333, 345, 4140, 1753, 2596, 2459, 3492, 4064, 4012, 5284, 1581, 3747, 488, 4902, 3240, 3231, 4660, 2604, 5345, 4926, 2791, 3896, 1491, 62, 5174, 1469, 478, 839, 3052, 5062, 2006, 892, 5043, 3783, 340, 2905, 2423, 3993, 145, 1939, 472, 2728, 1229, 76, 1774, 4168, 646, 3755, 2302, 3833, 2309, 3784, 1300, 4491, 5167, 993, 1136, 4597, 452, 2637, 1828, 1575, 4987, 4857, 33, 5204, 2994, 3956, 3356, 1932, 2, 4439, 3004, 4692, 5417, 2931, 3118, 4801, 2631, 2453, 2649, 4176, 1000, 1371, 959, 4302, 330, 3585, 3258, 4332, 4564, 4725, 4301, 2469, 2933, 955, 3367, 4466, 744, 15, 1582, 2199, 2281, 3882, 4530, 3131, 1808, 3728, 5433, 1145, 2174, 4890, 5229, 1468, 101, 1355, 549, 1262, 1227, 3913, 2762, 5379, 222, 988, 3088, 3480, 1783, 532, 355, 4393, 2369, 5251, 1675, 2025, 2483, 2135, 2924, 665, 1760, 2705, 4338, 2951, 1507, 939, 1243, 1285, 632, 1360, 2827, 624, 3203, 2029, 3607, 3002, 4818, 130, 3381, 3846, 4011, 2056, 1458, 1350, 3758, 4947, 5322, 1059, 1556, 864, 3345, 2939, 3659, 1466, 2067, 4380, 2797, 1076, 431, 1740, 2293, 3737, 1952, 3664, 2632, 1656, 3790, 5410, 4058, 1211, 3445, 4428, 1109, 45, 2456, 2489, 4512, 3275, 3214, 4757, 239, 5109, 2555, 3958, 3740, 1644, 4596, 2331, 3316, 5007, 3371, 3656, 4028, 635, 1926, 995, 5012, 128, 3876, 2063, 758, 3815, 2641, 2374, 3138, 4190, 1850, 954, 4179, 5049, 2669, 3355, 1960, 2016, 2620, 4538, 4407, 5126, 3167, 5169, 403, 811, 65, 121, 968, 1332, 1816, 4324, 4062, 4576, 590, 4201, 3424, 159, 2950, 281, 4615, 2812, 1686, 3514, 2890, 2509, 411, 2992, 149, 3407, 1074, 2071, 1193, 237, 3770, 1809, 4245, 979, 3469, 5231, 4183, 4837, 4502]",173,500,5,False,500
238,location,location,4,True,True,True,"{2: 108, 1: 104, 5: 89, 4: 74, 3: 118, 0: 7}","[365, 353, 2801, 2313, 4363, 3055, 466, 5179, 4620, 922, 1488, 3354, 1490, 872, 280, 265, 3837, 2759, 5068, 1765, 2589, 1272, 2677, 4079, 926, 4931, 1511, 989, 3357, 999, 2993, 4192, 5431, 5121, 5175, 2470, 2867, 1374, 5434, 4983, 5381, 4304, 3235, 2126, 1748, 3628, 3439, 1615, 5008, 4767, 3479, 862, 3772, 522, 5242, 980, 4258, 3229, 787, 4436, 3886, 4934, 1882, 5154, 3111, 1353, 1329, 299, 1286, 1212, 1588, 4679, 4669, 3495, 1902, 1362, 2606, 5310, 2142, 3632, 1053, 2593, 2740, 2107, 1110, 4029, 5045, 3603, 3962, 2979, 3204, 4830, 774, 3892, 3218, 893, 666, 932, 5118, 1568, 3523, 887, 4114, 3364, 3066, 3312, 2615, 2153, 4142, 5235, 3163, 4793, 1416, 4203, 2523, 238, 1892, 167, 1434, 1240, 3542, 3856, 4008, 390, 1993, 5366, 1494, 5309, 4876, 3467, 4351, 3729, 4213, 1627, 2350, 4418, 1099, 2207, 4350, 4122, 126, 1226, 3346, 485, 461, 4316, 2763, 4212, 538, 2524, 5137, 551, 2803, 2834, 1028, 3465, 4812, 3092, 4874, 3293, 4364, 1540, 4875, 2089, 1533, 3099, 3864, 314, 3853, 5025, 936, 3013, 547, 3527, 1135, 3179, 3708, 1959, 2915, 1442, 3343, 1715, 1172, 621, 5324, 1199, 2218, 5217, 2046, 385, 4953, 4311, 5305, 4496, 4448, 3631, 5176, 528, 806, 832, 4523, 4368, 2061, 3852, 3872, 878, 2944, 3826, 1467, 3920, 2032, 2785, 5312, 850, 4325, 4817, 4528, 4631, 2673, 1419, 4022, 4047, 3515, 1333, 345, 4140, 1753, 2596, 2459, 3492, 4064, 4012, 5284, 1581, 3747, 488, 4902, 3240, 3231, 4660, 2604, 5345, 4926, 2791, 3896, 1491, 62, 5174, 1469, 478, 839, 3052, 5062, 2006, 892, 5043, 3783, 340, 2905, 2423, 3993, 145, 1939, 472, 2728, 1229, 76, 1774, 4168, 646, 3755, 2302, 3833, 2309, 3784, 1300, 4491, 5167, 993, 1136, 4597, 452, 2637, 1828, 1575, 4987, 4857, 33, 5204, 2994, 3956, 3356, 1932, 2, 4439, 3004, 4692, 5417, 2931, 3118, 4801, 2631, 2453, 2649, 4176, 1000, 1371, 959, 4302, 330, 3585, 3258, 4332, 4564, 4725, 4301, 2469, 2933, 955, 3367, 4466, 744, 15, 1582, 2199, 2281, 3882, 4530, 3131, 1808, 3728, 5433, 1145, 2174, 4890, 5229, 1468, 101, 1355, 549, 1262, 1227, 3913, 2762, 5379, 222, 988, 3088, 3480, 1783, 532, 355, 4393, 2369, 5251, 1675, 2025, 2483, 2135, 2924, 665, 1760, 2705, 4338, 2951, 1507, 939, 1243, 1285, 632, 1360, 2827, 624, 3203, 2029, 3607, 3002, 4818, 130, 3381, 3846, 4011, 2056, 1458, 1350, 3758, 4947, 5322, 1059, 1556, 864, 3345, 2939, 3659, 1466, 2067, 4380, 2797, 1076, 431, 1740, 2293, 3737, 1952, 3664, 2632, 1656, 3790, 5410, 4058, 1211, 3445, 4428, 1109, 45, 2456, 2489, 4512, 3275, 3214, 4757, 239, 5109, 2555, 3958, 3740, 1644, 4596, 2331, 3316, 5007, 3371, 3656, 4028, 635, 1926, 995, 5012, 128, 3876, 2063, 758, 3815, 2641, 2374, 3138, 4190, 1850, 954, 4179, 5049, 2669, 3355, 1960, 2016, 2620, 4538, 4407, 5126, 3167, 5169, 403, 811, 65, 121, 968, 1332, 1816, 4324, 4062, 4576, 590, 4201, 3424, 159, 2950, 281, 4615, 2812, 1686, 3514, 2890, 2509, 411, 2992, 149, 3407, 1074, 2071, 1193, 237, 3770, 1809, 4245, 979, 3469, 5231, 4183, 4837, 4502]",238,500,5,False,500
55,numeric,description,2,True,False,True,"{2: 108, 1: 104, 5: 89, 4: 74, 3: 118, 0: 7}","[365, 353, 2801, 2313, 4363, 3055, 466, 5179, 4620, 922, 1488, 3354, 1490, 872, 280, 265, 3837, 2759, 5068, 1765, 2589, 1272, 2677, 4079, 926, 4931, 1511, 989, 3357, 999, 2993, 4192, 5431, 5121, 5175, 2470, 2867, 1374, 5434, 4983, 5381, 4304, 3235, 2126, 1748, 3628, 3439, 1615, 5008, 4767, 3479, 862, 3772, 522, 5242, 980, 4258, 3229, 787, 4436, 3886, 4934, 1882, 5154, 3111, 1353, 1329, 299, 1286, 1212, 1588, 4679, 4669, 3495, 1902, 1362, 2606, 5310, 2142, 3632, 1053, 2593, 2740, 2107, 1110, 4029, 5045, 3603, 3962, 2979, 3204, 4830, 774, 3892, 3218, 893, 666, 932, 5118, 1568, 3523, 887, 4114, 3364, 3066, 3312, 2615, 2153, 4142, 5235, 3163, 4793, 1416, 4203, 2523, 238, 1892, 167, 1434, 1240, 3542, 3856, 4008, 390, 1993, 5366, 1494, 5309, 4876, 3467, 4351, 3729, 4213, 1627, 2350, 4418, 1099, 2207, 4350, 4122, 126, 1226, 3346, 485, 461, 4316, 2763, 4212, 538, 2524, 5137, 551, 2803, 2834, 1028, 3465, 4812, 3092, 4874, 3293, 4364, 1540, 4875, 2089, 1533, 3099, 3864, 314, 3853, 5025, 936, 3013, 547, 3527, 1135, 3179, 3708, 1959, 2915, 1442, 3343, 1715, 1172, 621, 5324, 1199, 2218, 5217, 2046, 385, 4953, 4311, 5305, 4496, 4448, 3631, 5176, 528, 806, 832, 4523, 4368, 2061, 3852, 3872, 878, 2944, 3826, 1467, 3920, 2032, 2785, 5312, 850, 4325, 4817, 4528, 4631, 2673, 1419, 4022, 4047, 3515, 1333, 345, 4140, 1753, 2596, 2459, 3492, 4064, 4012, 5284, 1581, 3747, 488, 4902, 3240, 3231, 4660, 2604, 5345, 4926, 2791, 3896, 1491, 62, 5174, 1469, 478, 839, 3052, 5062, 2006, 892, 5043, 3783, 340, 2905, 2423, 3993, 145, 1939, 472, 2728, 1229, 76, 1774, 4168, 646, 3755, 2302, 3833, 2309, 3784, 1300, 4491, 5167, 993, 1136, 4597, 452, 2637, 1828, 1575, 4987, 4857, 33, 5204, 2994, 3956, 3356, 1932, 2, 4439, 3004, 4692, 5417, 2931, 3118, 4801, 2631, 2453, 2649, 4176, 1000, 1371, 959, 4302, 330, 3585, 3258, 4332, 4564, 4725, 4301, 2469, 2933, 955, 3367, 4466, 744, 15, 1582, 2199, 2281, 3882, 4530, 3131, 1808, 3728, 5433, 1145, 2174, 4890, 5229, 1468, 101, 1355, 549, 1262, 1227, 3913, 2762, 5379, 222, 988, 3088, 3480, 1783, 532, 355, 4393, 2369, 5251, 1675, 2025, 2483, 2135, 2924, 665, 1760, 2705, 4338, 2951, 1507, 939, 1243, 1285, 632, 1360, 2827, 624, 3203, 2029, 3607, 3002, 4818, 130, 3381, 3846, 4011, 2056, 1458, 1350, 3758, 4947, 5322, 1059, 1556, 864, 3345, 2939, 3659, 1466, 2067, 4380, 2797, 1076, 431, 1740, 2293, 3737, 1952, 3664, 2632, 1656, 3790, 5410, 4058, 1211, 3445, 4428, 1109, 45, 2456, 2489, 4512, 3275, 3214, 4757, 239, 5109, 2555, 3958, 3740, 1644, 4596, 2331, 3316, 5007, 3371, 3656, 4028, 635, 1926, 995, 5012, 128, 3876, 2063, 758, 3815, 2641, 2374, 3138, 4190, 1850, 954, 4179, 5049, 2669, 3355, 1960, 2016, 2620, 4538, 4407, 5126, 3167, 5169, 403, 811, 65, 121, 968, 1332, 1816, 4324, 4062, 4576, 590, 4201, 3424, 159, 2950, 281, 4615, 2812, 1686, 3514, 2890, 2509, 411, 2992, 149, 3407, 1074, 2071, 1193, 237, 3770, 1809, 4245, 979, 3469, 5231, 4183, 4837, 4502]",55,500,5,False,500
121,numeric,numeric,5,True,True,True,"{2: 108, 1: 104, 5: 89, 4: 74, 3: 118, 0: 7}","[365, 353, 2801, 2313, 4363, 3055, 466, 5179, 4620, 922, 1488, 3354, 1490, 872, 280, 265, 3837, 2759, 5068, 1765, 2589, 1272, 2677, 4079, 926, 4931, 1511, 989, 3357, 999, 2993, 4192, 5431, 5121, 5175, 2470, 2867, 1374, 5434, 4983, 5381, 4304, 3235, 2126, 1748, 3628, 3439, 1615, 5008, 4767, 3479, 862, 3772, 522, 5242, 980, 4258, 3229, 787, 4436, 3886, 4934, 1882, 5154, 3111, 1353, 1329, 299, 1286, 1212, 1588, 4679, 4669, 3495, 1902, 1362, 2606, 5310, 2142, 3632, 1053, 2593, 2740, 2107, 1110, 4029, 5045, 3603, 3962, 2979, 3204, 4830, 774, 3892, 3218, 893, 666, 932, 5118, 1568, 3523, 887, 4114, 3364, 3066, 3312, 2615, 2153, 4142, 5235, 3163, 4793, 1416, 4203, 2523, 238, 1892, 167, 1434, 1240, 3542, 3856, 4008, 390, 1993, 5366, 1494, 5309, 4876, 3467, 4351, 3729, 4213, 1627, 2350, 4418, 1099, 2207, 4350, 4122, 126, 1226, 3346, 485, 461, 4316, 2763, 4212, 538, 2524, 5137, 551, 2803, 2834, 1028, 3465, 4812, 3092, 4874, 3293, 4364, 1540, 4875, 2089, 1533, 3099, 3864, 314, 3853, 5025, 936, 3013, 547, 3527, 1135, 3179, 3708, 1959, 2915, 1442, 3343, 1715, 1172, 621, 5324, 1199, 2218, 5217, 2046, 385, 4953, 4311, 5305, 4496, 4448, 3631, 5176, 528, 806, 832, 4523, 4368, 2061, 3852, 3872, 878, 2944, 3826, 1467, 3920, 2032, 2785, 5312, 850, 4325, 4817, 4528, 4631, 2673, 1419, 4022, 4047, 3515, 1333, 345, 4140, 1753, 2596, 2459, 3492, 4064, 4012, 5284, 1581, 3747, 488, 4902, 3240, 3231, 4660, 2604, 5345, 4926, 2791, 3896, 1491, 62, 5174, 1469, 478, 839, 3052, 5062, 2006, 892, 5043, 3783, 340, 2905, 2423, 3993, 145, 1939, 472, 2728, 1229, 76, 1774, 4168, 646, 3755, 2302, 3833, 2309, 3784, 1300, 4491, 5167, 993, 1136, 4597, 452, 2637, 1828, 1575, 4987, 4857, 33, 5204, 2994, 3956, 3356, 1932, 2, 4439, 3004, 4692, 5417, 2931, 3118, 4801, 2631, 2453, 2649, 4176, 1000, 1371, 959, 4302, 330, 3585, 3258, 4332, 4564, 4725, 4301, 2469, 2933, 955, 3367, 4466, 744, 15, 1582, 2199, 2281, 3882, 4530, 3131, 1808, 3728, 5433, 1145, 2174, 4890, 5229, 1468, 101, 1355, 549, 1262, 1227, 3913, 2762, 5379, 222, 988, 3088, 3480, 1783, 532, 355, 4393, 2369, 5251, 1675, 2025, 2483, 2135, 2924, 665, 1760, 2705, 4338, 2951, 1507, 939, 1243, 1285, 632, 1360, 2827, 624, 3203, 2029, 3607, 3002, 4818, 130, 3381, 3846, 4011, 2056, 1458, 1350, 3758, 4947, 5322, 1059, 1556, 864, 3345, 2939, 3659, 1466, 2067, 4380, 2797, 1076, 431, 1740, 2293, 3737, 1952, 3664, 2632, 1656, 3790, 5410, 4058, 1211, 3445, 4428, 1109, 45, 2456, 2489, 4512, 3275, 3214, 4757, 239, 5109, 2555, 3958, 3740, 1644, 4596, 2331, 3316, 5007, 3371, 3656, 4028, 635, 1926, 995, 5012, 128, 3876, 2063, 758, 3815, 2641, 2374, 3138, 4190, 1850, 954, 4179, 5049, 2669, 3355, 1960, 2016, 2620, 4538, 4407, 5126, 3167, 5169, 403, 811, 65, 121, 968, 1332, 1816, 4324, 4062, 4576, 590, 4201, 3424, 159, 2950, 281, 4615, 2812, 1686, 3514, 2890, 2509, 411, 2992, 149, 3407, 1074, 2071, 1193, 237, 3770, 1809, 4245, 979, 3469, 5231, 4183, 4837, 4502]",121,500,5,False,500
260,human,human,3,True,True,True,"{2: 108, 1: 104, 5: 89, 4: 74, 3: 118, 0: 7}","[365, 353, 2801, 2313, 4363, 3055, 466, 5179, 4620, 922, 1488, 3354, 1490, 872, 280, 265, 3837, 2759, 5068, 1765, 2589, 1272, 2677, 4079, 926, 4931, 1511, 989, 3357, 999, 2993, 4192, 5431, 5121, 5175, 2470, 2867, 1374, 5434, 4983, 5381, 4304, 3235, 2126, 1748, 3628, 3439, 1615, 5008, 4767, 3479, 862, 3772, 522, 5242, 980, 4258, 3229, 787, 4436, 3886, 4934, 1882, 5154, 3111, 1353, 1329, 299, 1286, 1212, 1588, 4679, 4669, 3495, 1902, 1362, 2606, 5310, 2142, 3632, 1053, 2593, 2740, 2107, 1110, 4029, 5045, 3603, 3962, 2979, 3204, 4830, 774, 3892, 3218, 893, 666, 932, 5118, 1568, 3523, 887, 4114, 3364, 3066, 3312, 2615, 2153, 4142, 5235, 3163, 4793, 1416, 4203, 2523, 238, 1892, 167, 1434, 1240, 3542, 3856, 4008, 390, 1993, 5366, 1494, 5309, 4876, 3467, 4351, 3729, 4213, 1627, 2350, 4418, 1099, 2207, 4350, 4122, 126, 1226, 3346, 485, 461, 4316, 2763, 4212, 538, 2524, 5137, 551, 2803, 2834, 1028, 3465, 4812, 3092, 4874, 3293, 4364, 1540, 4875, 2089, 1533, 3099, 3864, 314, 3853, 5025, 936, 3013, 547, 3527, 1135, 3179, 3708, 1959, 2915, 1442, 3343, 1715, 1172, 621, 5324, 1199, 2218, 5217, 2046, 385, 4953, 4311, 5305, 4496, 4448, 3631, 5176, 528, 806, 832, 4523, 4368, 2061, 3852, 3872, 878, 2944, 3826, 1467, 3920, 2032, 2785, 5312, 850, 4325, 4817, 4528, 4631, 2673, 1419, 4022, 4047, 3515, 1333, 345, 4140, 1753, 2596, 2459, 3492, 4064, 4012, 5284, 1581, 3747, 488, 4902, 3240, 3231, 4660, 2604, 5345, 4926, 2791, 3896, 1491, 62, 5174, 1469, 478, 839, 3052, 5062, 2006, 892, 5043, 3783, 340, 2905, 2423, 3993, 145, 1939, 472, 2728, 1229, 76, 1774, 4168, 646, 3755, 2302, 3833, 2309, 3784, 1300, 4491, 5167, 993, 1136, 4597, 452, 2637, 1828, 1575, 4987, 4857, 33, 5204, 2994, 3956, 3356, 1932, 2, 4439, 3004, 4692, 5417, 2931, 3118, 4801, 2631, 2453, 2649, 4176, 1000, 1371, 959, 4302, 330, 3585, 3258, 4332, 4564, 4725, 4301, 2469, 2933, 955, 3367, 4466, 744, 15, 1582, 2199, 2281, 3882, 4530, 3131, 1808, 3728, 5433, 1145, 2174, 4890, 5229, 1468, 101, 1355, 549, 1262, 1227, 3913, 2762, 5379, 222, 988, 3088, 3480, 1783, 532, 355, 4393, 2369, 5251, 1675, 2025, 2483, 2135, 2924, 665, 1760, 2705, 4338, 2951, 1507, 939, 1243, 1285, 632, 1360, 2827, 624, 3203, 2029, 3607, 3002, 4818, 130, 3381, 3846, 4011, 2056, 1458, 1350, 3758, 4947, 5322, 1059, 1556, 864, 3345, 2939, 3659, 1466, 2067, 4380, 2797, 1076, 431, 1740, 2293, 3737, 1952, 3664, 2632, 1656, 3790, 5410, 4058, 1211, 3445, 4428, 1109, 45, 2456, 2489, 4512, 3275, 3214, 4757, 239, 5109, 2555, 3958, 3740, 1644, 4596, 2331, 3316, 5007, 3371, 3656, 4028, 635, 1926, 995, 5012, 128, 3876, 2063, 758, 3815, 2641, 2374, 3138, 4190, 1850, 954, 4179, 5049, 2669, 3355, 1960, 2016, 2620, 4538, 4407, 5126, 3167, 5169, 403, 811, 65, 121, 968, 1332, 1816, 4324, 4062, 4576, 590, 4201, 3424, 159, 2950, 281, 4615, 2812, 1686, 3514, 2890, 2509, 411, 2992, 149, 3407, 1074, 2071, 1193, 237, 3770, 1809, 4245, 979, 3469, 5231, 4183, 4837, 4502]",260,500,5,False,500
62,location,location,4,True,True,True,"{2: 108, 1: 104, 5: 89, 4: 74, 3: 118, 0: 7}","[365, 353, 2801, 2313, 4363, 3055, 466, 5179, 4620, 922, 1488, 3354, 1490, 872, 280, 265, 3837, 2759, 5068, 1765, 2589, 1272, 2677, 4079, 926, 4931, 1511, 989, 3357, 999, 2993, 4192, 5431, 5121, 5175, 2470, 2867, 1374, 5434, 4983, 5381, 4304, 3235, 2126, 1748, 3628, 3439, 1615, 5008, 4767, 3479, 862, 3772, 522, 5242, 980, 4258, 3229, 787, 4436, 3886, 4934, 1882, 5154, 3111, 1353, 1329, 299, 1286, 1212, 1588, 4679, 4669, 3495, 1902, 1362, 2606, 5310, 2142, 3632, 1053, 2593, 2740, 2107, 1110, 4029, 5045, 3603, 3962, 2979, 3204, 4830, 774, 3892, 3218, 893, 666, 932, 5118, 1568, 3523, 887, 4114, 3364, 3066, 3312, 2615, 2153, 4142, 5235, 3163, 4793, 1416, 4203, 2523, 238, 1892, 167, 1434, 1240, 3542, 3856, 4008, 390, 1993, 5366, 1494, 5309, 4876, 3467, 4351, 3729, 4213, 1627, 2350, 4418, 1099, 2207, 4350, 4122, 126, 1226, 3346, 485, 461, 4316, 2763, 4212, 538, 2524, 5137, 551, 2803, 2834, 1028, 3465, 4812, 3092, 4874, 3293, 4364, 1540, 4875, 2089, 1533, 3099, 3864, 314, 3853, 5025, 936, 3013, 547, 3527, 1135, 3179, 3708, 1959, 2915, 1442, 3343, 1715, 1172, 621, 5324, 1199, 2218, 5217, 2046, 385, 4953, 4311, 5305, 4496, 4448, 3631, 5176, 528, 806, 832, 4523, 4368, 2061, 3852, 3872, 878, 2944, 3826, 1467, 3920, 2032, 2785, 5312, 850, 4325, 4817, 4528, 4631, 2673, 1419, 4022, 4047, 3515, 1333, 345, 4140, 1753, 2596, 2459, 3492, 4064, 4012, 5284, 1581, 3747, 488, 4902, 3240, 3231, 4660, 2604, 5345, 4926, 2791, 3896, 1491, 62, 5174, 1469, 478, 839, 3052, 5062, 2006, 892, 5043, 3783, 340, 2905, 2423, 3993, 145, 1939, 472, 2728, 1229, 76, 1774, 4168, 646, 3755, 2302, 3833, 2309, 3784, 1300, 4491, 5167, 993, 1136, 4597, 452, 2637, 1828, 1575, 4987, 4857, 33, 5204, 2994, 3956, 3356, 1932, 2, 4439, 3004, 4692, 5417, 2931, 3118, 4801, 2631, 2453, 2649, 4176, 1000, 1371, 959, 4302, 330, 3585, 3258, 4332, 4564, 4725, 4301, 2469, 2933, 955, 3367, 4466, 744, 15, 1582, 2199, 2281, 3882, 4530, 3131, 1808, 3728, 5433, 1145, 2174, 4890, 5229, 1468, 101, 1355, 549, 1262, 1227, 3913, 2762, 5379, 222, 988, 3088, 3480, 1783, 532, 355, 4393, 2369, 5251, 1675, 2025, 2483, 2135, 2924, 665, 1760, 2705, 4338, 2951, 1507, 939, 1243, 1285, 632, 1360, 2827, 624, 3203, 2029, 3607, 3002, 4818, 130, 3381, 3846, 4011, 2056, 1458, 1350, 3758, 4947, 5322, 1059, 1556, 864, 3345, 2939, 3659, 1466, 2067, 4380, 2797, 1076, 431, 1740, 2293, 3737, 1952, 3664, 2632, 1656, 3790, 5410, 4058, 1211, 3445, 4428, 1109, 45, 2456, 2489, 4512, 3275, 3214, 4757, 239, 5109, 2555, 3958, 3740, 1644, 4596, 2331, 3316, 5007, 3371, 3656, 4028, 635, 1926, 995, 5012, 128, 3876, 2063, 758, 3815, 2641, 2374, 3138, 4190, 1850, 954, 4179, 5049, 2669, 3355, 1960, 2016, 2620, 4538, 4407, 5126, 3167, 5169, 403, 811, 65, 121, 968, 1332, 1816, 4324, 4062, 4576, 590, 4201, 3424, 159, 2950, 281, 4615, 2812, 1686, 3514, 2890, 2509, 411, 2992, 149, 3407, 1074, 2071, 1193, 237, 3770, 1809, 4245, 979, 3469, 5231, 4183, 4837, 4502]",62,500,5,False,500
185,human,human,3,True,True,True,"{2: 108, 1: 104, 5: 89, 4: 74, 3: 118, 0: 7}","[365, 353, 2801, 2313, 4363, 3055, 466, 5179, 4620, 922, 1488, 3354, 1490, 872, 280, 265, 3837, 2759, 5068, 1765, 2589, 1272, 2677, 4079, 926, 4931, 1511, 989, 3357, 999, 2993, 4192, 5431, 5121, 5175, 2470, 2867, 1374, 5434, 4983, 5381, 4304, 3235, 2126, 1748, 3628, 3439, 1615, 5008, 4767, 3479, 862, 3772, 522, 5242, 980, 4258, 3229, 787, 4436, 3886, 4934, 1882, 5154, 3111, 1353, 1329, 299, 1286, 1212, 1588, 4679, 4669, 3495, 1902, 1362, 2606, 5310, 2142, 3632, 1053, 2593, 2740, 2107, 1110, 4029, 5045, 3603, 3962, 2979, 3204, 4830, 774, 3892, 3218, 893, 666, 932, 5118, 1568, 3523, 887, 4114, 3364, 3066, 3312, 2615, 2153, 4142, 5235, 3163, 4793, 1416, 4203, 2523, 238, 1892, 167, 1434, 1240, 3542, 3856, 4008, 390, 1993, 5366, 1494, 5309, 4876, 3467, 4351, 3729, 4213, 1627, 2350, 4418, 1099, 2207, 4350, 4122, 126, 1226, 3346, 485, 461, 4316, 2763, 4212, 538, 2524, 5137, 551, 2803, 2834, 1028, 3465, 4812, 3092, 4874, 3293, 4364, 1540, 4875, 2089, 1533, 3099, 3864, 314, 3853, 5025, 936, 3013, 547, 3527, 1135, 3179, 3708, 1959, 2915, 1442, 3343, 1715, 1172, 621, 5324, 1199, 2218, 5217, 2046, 385, 4953, 4311, 5305, 4496, 4448, 3631, 5176, 528, 806, 832, 4523, 4368, 2061, 3852, 3872, 878, 2944, 3826, 1467, 3920, 2032, 2785, 5312, 850, 4325, 4817, 4528, 4631, 2673, 1419, 4022, 4047, 3515, 1333, 345, 4140, 1753, 2596, 2459, 3492, 4064, 4012, 5284, 1581, 3747, 488, 4902, 3240, 3231, 4660, 2604, 5345, 4926, 2791, 3896, 1491, 62, 5174, 1469, 478, 839, 3052, 5062, 2006, 892, 5043, 3783, 340, 2905, 2423, 3993, 145, 1939, 472, 2728, 1229, 76, 1774, 4168, 646, 3755, 2302, 3833, 2309, 3784, 1300, 4491, 5167, 993, 1136, 4597, 452, 2637, 1828, 1575, 4987, 4857, 33, 5204, 2994, 3956, 3356, 1932, 2, 4439, 3004, 4692, 5417, 2931, 3118, 4801, 2631, 2453, 2649, 4176, 1000, 1371, 959, 4302, 330, 3585, 3258, 4332, 4564, 4725, 4301, 2469, 2933, 955, 3367, 4466, 744, 15, 1582, 2199, 2281, 3882, 4530, 3131, 1808, 3728, 5433, 1145, 2174, 4890, 5229, 1468, 101, 1355, 549, 1262, 1227, 3913, 2762, 5379, 222, 988, 3088, 3480, 1783, 532, 355, 4393, 2369, 5251, 1675, 2025, 2483, 2135, 2924, 665, 1760, 2705, 4338, 2951, 1507, 939, 1243, 1285, 632, 1360, 2827, 624, 3203, 2029, 3607, 3002, 4818, 130, 3381, 3846, 4011, 2056, 1458, 1350, 3758, 4947, 5322, 1059, 1556, 864, 3345, 2939, 3659, 1466, 2067, 4380, 2797, 1076, 431, 1740, 2293, 3737, 1952, 3664, 2632, 1656, 3790, 5410, 4058, 1211, 3445, 4428, 1109, 45, 2456, 2489, 4512, 3275, 3214, 4757, 239, 5109, 2555, 3958, 3740, 1644, 4596, 2331, 3316, 5007, 3371, 3656, 4028, 635, 1926, 995, 5012, 128, 3876, 2063, 758, 3815, 2641, 2374, 3138, 4190, 1850, 954, 4179, 5049, 2669, 3355, 1960, 2016, 2620, 4538, 4407, 5126, 3167, 5169, 403, 811, 65, 121, 968, 1332, 1816, 4324, 4062, 4576, 590, 4201, 3424, 159, 2950, 281, 4615, 2812, 1686, 3514, 2890, 2509, 411, 2992, 149, 3407, 1074, 2071, 1193, 237, 3770, 1809, 4245, 979, 3469, 5231, 4183, 4837, 4502]",185,500,5,False,500
429,human,human,3,True,True,True,"{2: 108, 1: 104, 5: 89, 4: 74, 3: 118, 0: 7}","[365, 353, 2801, 2313, 4363, 3055, 466, 5179, 4620, 922, 1488, 3354, 1490, 872, 280, 265, 3837, 2759, 5068, 1765, 2589, 1272, 2677, 4079, 926, 4931, 1511, 989, 3357, 999, 2993, 4192, 5431, 5121, 5175, 2470, 2867, 1374, 5434, 4983, 5381, 4304, 3235, 2126, 1748, 3628, 3439, 1615, 5008, 4767, 3479, 862, 3772, 522, 5242, 980, 4258, 3229, 787, 4436, 3886, 4934, 1882, 5154, 3111, 1353, 1329, 299, 1286, 1212, 1588, 4679, 4669, 3495, 1902, 1362, 2606, 5310, 2142, 3632, 1053, 2593, 2740, 2107, 1110, 4029, 5045, 3603, 3962, 2979, 3204, 4830, 774, 3892, 3218, 893, 666, 932, 5118, 1568, 3523, 887, 4114, 3364, 3066, 3312, 2615, 2153, 4142, 5235, 3163, 4793, 1416, 4203, 2523, 238, 1892, 167, 1434, 1240, 3542, 3856, 4008, 390, 1993, 5366, 1494, 5309, 4876, 3467, 4351, 3729, 4213, 1627, 2350, 4418, 1099, 2207, 4350, 4122, 126, 1226, 3346, 485, 461, 4316, 2763, 4212, 538, 2524, 5137, 551, 2803, 2834, 1028, 3465, 4812, 3092, 4874, 3293, 4364, 1540, 4875, 2089, 1533, 3099, 3864, 314, 3853, 5025, 936, 3013, 547, 3527, 1135, 3179, 3708, 1959, 2915, 1442, 3343, 1715, 1172, 621, 5324, 1199, 2218, 5217, 2046, 385, 4953, 4311, 5305, 4496, 4448, 3631, 5176, 528, 806, 832, 4523, 4368, 2061, 3852, 3872, 878, 2944, 3826, 1467, 3920, 2032, 2785, 5312, 850, 4325, 4817, 4528, 4631, 2673, 1419, 4022, 4047, 3515, 1333, 345, 4140, 1753, 2596, 2459, 3492, 4064, 4012, 5284, 1581, 3747, 488, 4902, 3240, 3231, 4660, 2604, 5345, 4926, 2791, 3896, 1491, 62, 5174, 1469, 478, 839, 3052, 5062, 2006, 892, 5043, 3783, 340, 2905, 2423, 3993, 145, 1939, 472, 2728, 1229, 76, 1774, 4168, 646, 3755, 2302, 3833, 2309, 3784, 1300, 4491, 5167, 993, 1136, 4597, 452, 2637, 1828, 1575, 4987, 4857, 33, 5204, 2994, 3956, 3356, 1932, 2, 4439, 3004, 4692, 5417, 2931, 3118, 4801, 2631, 2453, 2649, 4176, 1000, 1371, 959, 4302, 330, 3585, 3258, 4332, 4564, 4725, 4301, 2469, 2933, 955, 3367, 4466, 744, 15, 1582, 2199, 2281, 3882, 4530, 3131, 1808, 3728, 5433, 1145, 2174, 4890, 5229, 1468, 101, 1355, 549, 1262, 1227, 3913, 2762, 5379, 222, 988, 3088, 3480, 1783, 532, 355, 4393, 2369, 5251, 1675, 2025, 2483, 2135, 2924, 665, 1760, 2705, 4338, 2951, 1507, 939, 1243, 1285, 632, 1360, 2827, 624, 3203, 2029, 3607, 3002, 4818, 130, 3381, 3846, 4011, 2056, 1458, 1350, 3758, 4947, 5322, 1059, 1556, 864, 3345, 2939, 3659, 1466, 2067, 4380, 2797, 1076, 431, 1740, 2293, 3737, 1952, 3664, 2632, 1656, 3790, 5410, 4058, 1211, 3445, 4428, 1109, 45, 2456, 2489, 4512, 3275, 3214, 4757, 239, 5109, 2555, 3958, 3740, 1644, 4596, 2331, 3316, 5007, 3371, 3656, 4028, 635, 1926, 995, 5012, 128, 3876, 2063, 758, 3815, 2641, 2374, 3138, 4190, 1850, 954, 4179, 5049, 2669, 3355, 1960, 2016, 2620, 4538, 4407, 5126, 3167, 5169, 403, 811, 65, 121, 968, 1332, 1816, 4324, 4062, 4576, 590, 4201, 3424, 159, 2950, 281, 4615, 2812, 1686, 3514, 2890, 2509, 411, 2992, 149, 3407, 1074, 2071, 1193, 237, 3770, 1809, 4245, 979, 3469, 5231, 4183, 4837, 4502]",429,500,5,False,500
97,description,description,2,True,True,True,"{2: 108, 1: 104, 5: 89, 4: 74, 3: 118, 0: 7}","[365, 353, 2801, 2313, 4363, 3055, 466, 5179, 4620, 922, 1488, 3354, 1490, 872, 280, 265, 3837, 2759, 5068, 1765, 2589, 1272, 2677, 4079, 926, 4931, 1511, 989, 3357, 999, 2993, 4192, 5431, 5121, 5175, 2470, 2867, 1374, 5434, 4983, 5381, 4304, 3235, 2126, 1748, 3628, 3439, 1615, 5008, 4767, 3479, 862, 3772, 522, 5242, 980, 4258, 3229, 787, 4436, 3886, 4934, 1882, 5154, 3111, 1353, 1329, 299, 1286, 1212, 1588, 4679, 4669, 3495, 1902, 1362, 2606, 5310, 2142, 3632, 1053, 2593, 2740, 2107, 1110, 4029, 5045, 3603, 3962, 2979, 3204, 4830, 774, 3892, 3218, 893, 666, 932, 5118, 1568, 3523, 887, 4114, 3364, 3066, 3312, 2615, 2153, 4142, 5235, 3163, 4793, 1416, 4203, 2523, 238, 1892, 167, 1434, 1240, 3542, 3856, 4008, 390, 1993, 5366, 1494, 5309, 4876, 3467, 4351, 3729, 4213, 1627, 2350, 4418, 1099, 2207, 4350, 4122, 126, 1226, 3346, 485, 461, 4316, 2763, 4212, 538, 2524, 5137, 551, 2803, 2834, 1028, 3465, 4812, 3092, 4874, 3293, 4364, 1540, 4875, 2089, 1533, 3099, 3864, 314, 3853, 5025, 936, 3013, 547, 3527, 1135, 3179, 3708, 1959, 2915, 1442, 3343, 1715, 1172, 621, 5324, 1199, 2218, 5217, 2046, 385, 4953, 4311, 5305, 4496, 4448, 3631, 5176, 528, 806, 832, 4523, 4368, 2061, 3852, 3872, 878, 2944, 3826, 1467, 3920, 2032, 2785, 5312, 850, 4325, 4817, 4528, 4631, 2673, 1419, 4022, 4047, 3515, 1333, 345, 4140, 1753, 2596, 2459, 3492, 4064, 4012, 5284, 1581, 3747, 488, 4902, 3240, 3231, 4660, 2604, 5345, 4926, 2791, 3896, 1491, 62, 5174, 1469, 478, 839, 3052, 5062, 2006, 892, 5043, 3783, 340, 2905, 2423, 3993, 145, 1939, 472, 2728, 1229, 76, 1774, 4168, 646, 3755, 2302, 3833, 2309, 3784, 1300, 4491, 5167, 993, 1136, 4597, 452, 2637, 1828, 1575, 4987, 4857, 33, 5204, 2994, 3956, 3356, 1932, 2, 4439, 3004, 4692, 5417, 2931, 3118, 4801, 2631, 2453, 2649, 4176, 1000, 1371, 959, 4302, 330, 3585, 3258, 4332, 4564, 4725, 4301, 2469, 2933, 955, 3367, 4466, 744, 15, 1582, 2199, 2281, 3882, 4530, 3131, 1808, 3728, 5433, 1145, 2174, 4890, 5229, 1468, 101, 1355, 549, 1262, 1227, 3913, 2762, 5379, 222, 988, 3088, 3480, 1783, 532, 355, 4393, 2369, 5251, 1675, 2025, 2483, 2135, 2924, 665, 1760, 2705, 4338, 2951, 1507, 939, 1243, 1285, 632, 1360, 2827, 624, 3203, 2029, 3607, 3002, 4818, 130, 3381, 3846, 4011, 2056, 1458, 1350, 3758, 4947, 5322, 1059, 1556, 864, 3345, 2939, 3659, 1466, 2067, 4380, 2797, 1076, 431, 1740, 2293, 3737, 1952, 3664, 2632, 1656, 3790, 5410, 4058, 1211, 3445, 4428, 1109, 45, 2456, 2489, 4512, 3275, 3214, 4757, 239, 5109, 2555, 3958, 3740, 1644, 4596, 2331, 3316, 5007, 3371, 3656, 4028, 635, 1926, 995, 5012, 128, 3876, 2063, 758, 3815, 2641, 2374, 3138, 4190, 1850, 954, 4179, 5049, 2669, 3355, 1960, 2016, 2620, 4538, 4407, 5126, 3167, 5169, 403, 811, 65, 121, 968, 1332, 1816, 4324, 4062, 4576, 590, 4201, 3424, 159, 2950, 281, 4615, 2812, 1686, 3514, 2890, 2509, 411, 2992, 149, 3407, 1074, 2071, 1193, 237, 3770, 1809, 4245, 979, 3469, 5231, 4183, 4837, 4502]",97,500,5,False,500
340,numeric,numeric,5,True,True,True,"{2: 108, 1: 104, 5: 89, 4: 74, 3: 118, 0: 7}","[365, 353, 2801, 2313, 4363, 3055, 466, 5179, 4620, 922, 1488, 3354, 1490, 872, 280, 265, 3837, 2759, 5068, 1765, 2589, 1272, 2677, 4079, 926, 4931, 1511, 989, 3357, 999, 2993, 4192, 5431, 5121, 5175, 2470, 2867, 1374, 5434, 4983, 5381, 4304, 3235, 2126, 1748, 3628, 3439, 1615, 5008, 4767, 3479, 862, 3772, 522, 5242, 980, 4258, 3229, 787, 4436, 3886, 4934, 1882, 5154, 3111, 1353, 1329, 299, 1286, 1212, 1588, 4679, 4669, 3495, 1902, 1362, 2606, 5310, 2142, 3632, 1053, 2593, 2740, 2107, 1110, 4029, 5045, 3603, 3962, 2979, 3204, 4830, 774, 3892, 3218, 893, 666, 932, 5118, 1568, 3523, 887, 4114, 3364, 3066, 3312, 2615, 2153, 4142, 5235, 3163, 4793, 1416, 4203, 2523, 238, 1892, 167, 1434, 1240, 3542, 3856, 4008, 390, 1993, 5366, 1494, 5309, 4876, 3467, 4351, 3729, 4213, 1627, 2350, 4418, 1099, 2207, 4350, 4122, 126, 1226, 3346, 485, 461, 4316, 2763, 4212, 538, 2524, 5137, 551, 2803, 2834, 1028, 3465, 4812, 3092, 4874, 3293, 4364, 1540, 4875, 2089, 1533, 3099, 3864, 314, 3853, 5025, 936, 3013, 547, 3527, 1135, 3179, 3708, 1959, 2915, 1442, 3343, 1715, 1172, 621, 5324, 1199, 2218, 5217, 2046, 385, 4953, 4311, 5305, 4496, 4448, 3631, 5176, 528, 806, 832, 4523, 4368, 2061, 3852, 3872, 878, 2944, 3826, 1467, 3920, 2032, 2785, 5312, 850, 4325, 4817, 4528, 4631, 2673, 1419, 4022, 4047, 3515, 1333, 345, 4140, 1753, 2596, 2459, 3492, 4064, 4012, 5284, 1581, 3747, 488, 4902, 3240, 3231, 4660, 2604, 5345, 4926, 2791, 3896, 1491, 62, 5174, 1469, 478, 839, 3052, 5062, 2006, 892, 5043, 3783, 340, 2905, 2423, 3993, 145, 1939, 472, 2728, 1229, 76, 1774, 4168, 646, 3755, 2302, 3833, 2309, 3784, 1300, 4491, 5167, 993, 1136, 4597, 452, 2637, 1828, 1575, 4987, 4857, 33, 5204, 2994, 3956, 3356, 1932, 2, 4439, 3004, 4692, 5417, 2931, 3118, 4801, 2631, 2453, 2649, 4176, 1000, 1371, 959, 4302, 330, 3585, 3258, 4332, 4564, 4725, 4301, 2469, 2933, 955, 3367, 4466, 744, 15, 1582, 2199, 2281, 3882, 4530, 3131, 1808, 3728, 5433, 1145, 2174, 4890, 5229, 1468, 101, 1355, 549, 1262, 1227, 3913, 2762, 5379, 222, 988, 3088, 3480, 1783, 532, 355, 4393, 2369, 5251, 1675, 2025, 2483, 2135, 2924, 665, 1760, 2705, 4338, 2951, 1507, 939, 1243, 1285, 632, 1360, 2827, 624, 3203, 2029, 3607, 3002, 4818, 130, 3381, 3846, 4011, 2056, 1458, 1350, 3758, 4947, 5322, 1059, 1556, 864, 3345, 2939, 3659, 1466, 2067, 4380, 2797, 1076, 431, 1740, 2293, 3737, 1952, 3664, 2632, 1656, 3790, 5410, 4058, 1211, 3445, 4428, 1109, 45, 2456, 2489, 4512, 3275, 3214, 4757, 239, 5109, 2555, 3958, 3740, 1644, 4596, 2331, 3316, 5007, 3371, 3656, 4028, 635, 1926, 995, 5012, 128, 3876, 2063, 758, 3815, 2641, 2374, 3138, 4190, 1850, 954, 4179, 5049, 2669, 3355, 1960, 2016, 2620, 4538, 4407, 5126, 3167, 5169, 403, 811, 65, 121, 968, 1332, 1816, 4324, 4062, 4576, 590, 4201, 3424, 159, 2950, 281, 4615, 2812, 1686, 3514, 2890, 2509, 411, 2992, 149, 3407, 1074, 2071, 1193, 237, 3770, 1809, 4245, 979, 3469, 5231, 4183, 4837, 4502]",340,500,5,False,500
496,numeric,entity,1,True,False,True,"{2: 108, 1: 104, 5: 89, 4: 74, 3: 118, 0: 7}","[365, 353, 2801, 2313, 4363, 3055, 466, 5179, 4620, 922, 1488, 3354, 1490, 872, 280, 265, 3837, 2759, 5068, 1765, 2589, 1272, 2677, 4079, 926, 4931, 1511, 989, 3357, 999, 2993, 4192, 5431, 5121, 5175, 2470, 2867, 1374, 5434, 4983, 5381, 4304, 3235, 2126, 1748, 3628, 3439, 1615, 5008, 4767, 3479, 862, 3772, 522, 5242, 980, 4258, 3229, 787, 4436, 3886, 4934, 1882, 5154, 3111, 1353, 1329, 299, 1286, 1212, 1588, 4679, 4669, 3495, 1902, 1362, 2606, 5310, 2142, 3632, 1053, 2593, 2740, 2107, 1110, 4029, 5045, 3603, 3962, 2979, 3204, 4830, 774, 3892, 3218, 893, 666, 932, 5118, 1568, 3523, 887, 4114, 3364, 3066, 3312, 2615, 2153, 4142, 5235, 3163, 4793, 1416, 4203, 2523, 238, 1892, 167, 1434, 1240, 3542, 3856, 4008, 390, 1993, 5366, 1494, 5309, 4876, 3467, 4351, 3729, 4213, 1627, 2350, 4418, 1099, 2207, 4350, 4122, 126, 1226, 3346, 485, 461, 4316, 2763, 4212, 538, 2524, 5137, 551, 2803, 2834, 1028, 3465, 4812, 3092, 4874, 3293, 4364, 1540, 4875, 2089, 1533, 3099, 3864, 314, 3853, 5025, 936, 3013, 547, 3527, 1135, 3179, 3708, 1959, 2915, 1442, 3343, 1715, 1172, 621, 5324, 1199, 2218, 5217, 2046, 385, 4953, 4311, 5305, 4496, 4448, 3631, 5176, 528, 806, 832, 4523, 4368, 2061, 3852, 3872, 878, 2944, 3826, 1467, 3920, 2032, 2785, 5312, 850, 4325, 4817, 4528, 4631, 2673, 1419, 4022, 4047, 3515, 1333, 345, 4140, 1753, 2596, 2459, 3492, 4064, 4012, 5284, 1581, 3747, 488, 4902, 3240, 3231, 4660, 2604, 5345, 4926, 2791, 3896, 1491, 62, 5174, 1469, 478, 839, 3052, 5062, 2006, 892, 5043, 3783, 340, 2905, 2423, 3993, 145, 1939, 472, 2728, 1229, 76, 1774, 4168, 646, 3755, 2302, 3833, 2309, 3784, 1300, 4491, 5167, 993, 1136, 4597, 452, 2637, 1828, 1575, 4987, 4857, 33, 5204, 2994, 3956, 3356, 1932, 2, 4439, 3004, 4692, 5417, 2931, 3118, 4801, 2631, 2453, 2649, 4176, 1000, 1371, 959, 4302, 330, 3585, 3258, 4332, 4564, 4725, 4301, 2469, 2933, 955, 3367, 4466, 744, 15, 1582, 2199, 2281, 3882, 4530, 3131, 1808, 3728, 5433, 1145, 2174, 4890, 5229, 1468, 101, 1355, 549, 1262, 1227, 3913, 2762, 5379, 222, 988, 3088, 3480, 1783, 532, 355, 4393, 2369, 5251, 1675, 2025, 2483, 2135, 2924, 665, 1760, 2705, 4338, 2951, 1507, 939, 1243, 1285, 632, 1360, 2827, 624, 3203, 2029, 3607, 3002, 4818, 130, 3381, 3846, 4011, 2056, 1458, 1350, 3758, 4947, 5322, 1059, 1556, 864, 3345, 2939, 3659, 1466, 2067, 4380, 2797, 1076, 431, 1740, 2293, 3737, 1952, 3664, 2632, 1656, 3790, 5410, 4058, 1211, 3445, 4428, 1109, 45, 2456, 2489, 4512, 3275, 3214, 4757, 239, 5109, 2555, 3958, 3740, 1644, 4596, 2331, 3316, 5007, 3371, 3656, 4028, 635, 1926, 995, 5012, 128, 3876, 2063, 758, 3815, 2641, 2374, 3138, 4190, 1850, 954, 4179, 5049, 2669, 3355, 1960, 2016, 2620, 4538, 4407, 5126, 3167, 5169, 403, 811, 65, 121, 968, 1332, 1816, 4324, 4062, 4576, 590, 4201, 3424, 159, 2950, 281, 4615, 2812, 1686, 3514, 2890, 2509, 411, 2992, 149, 3407, 1074, 2071, 1193, 237, 3770, 1809, 4245, 979, 3469, 5231, 4183, 4837, 4502]",496,500,5,False,500
183,description,description,2,True,True,True,"{2: 108, 1: 104, 5: 89, 4: 74, 3: 118, 0: 7}","[365, 353, 2801, 2313, 4363, 3055, 466, 5179, 4620, 922, 1488, 3354, 1490, 872, 280, 265, 3837, 2759, 5068, 1765, 2589, 1272, 2677, 4079, 926, 4931, 1511, 989, 3357, 999, 2993, 4192, 5431, 5121, 5175, 2470, 2867, 1374, 5434, 4983, 5381, 4304, 3235, 2126, 1748, 3628, 3439, 1615, 5008, 4767, 3479, 862, 3772, 522, 5242, 980, 4258, 3229, 787, 4436, 3886, 4934, 1882, 5154, 3111, 1353, 1329, 299, 1286, 1212, 1588, 4679, 4669, 3495, 1902, 1362, 2606, 5310, 2142, 3632, 1053, 2593, 2740, 2107, 1110, 4029, 5045, 3603, 3962, 2979, 3204, 4830, 774, 3892, 3218, 893, 666, 932, 5118, 1568, 3523, 887, 4114, 3364, 3066, 3312, 2615, 2153, 4142, 5235, 3163, 4793, 1416, 4203, 2523, 238, 1892, 167, 1434, 1240, 3542, 3856, 4008, 390, 1993, 5366, 1494, 5309, 4876, 3467, 4351, 3729, 4213, 1627, 2350, 4418, 1099, 2207, 4350, 4122, 126, 1226, 3346, 485, 461, 4316, 2763, 4212, 538, 2524, 5137, 551, 2803, 2834, 1028, 3465, 4812, 3092, 4874, 3293, 4364, 1540, 4875, 2089, 1533, 3099, 3864, 314, 3853, 5025, 936, 3013, 547, 3527, 1135, 3179, 3708, 1959, 2915, 1442, 3343, 1715, 1172, 621, 5324, 1199, 2218, 5217, 2046, 385, 4953, 4311, 5305, 4496, 4448, 3631, 5176, 528, 806, 832, 4523, 4368, 2061, 3852, 3872, 878, 2944, 3826, 1467, 3920, 2032, 2785, 5312, 850, 4325, 4817, 4528, 4631, 2673, 1419, 4022, 4047, 3515, 1333, 345, 4140, 1753, 2596, 2459, 3492, 4064, 4012, 5284, 1581, 3747, 488, 4902, 3240, 3231, 4660, 2604, 5345, 4926, 2791, 3896, 1491, 62, 5174, 1469, 478, 839, 3052, 5062, 2006, 892, 5043, 3783, 340, 2905, 2423, 3993, 145, 1939, 472, 2728, 1229, 76, 1774, 4168, 646, 3755, 2302, 3833, 2309, 3784, 1300, 4491, 5167, 993, 1136, 4597, 452, 2637, 1828, 1575, 4987, 4857, 33, 5204, 2994, 3956, 3356, 1932, 2, 4439, 3004, 4692, 5417, 2931, 3118, 4801, 2631, 2453, 2649, 4176, 1000, 1371, 959, 4302, 330, 3585, 3258, 4332, 4564, 4725, 4301, 2469, 2933, 955, 3367, 4466, 744, 15, 1582, 2199, 2281, 3882, 4530, 3131, 1808, 3728, 5433, 1145, 2174, 4890, 5229, 1468, 101, 1355, 549, 1262, 1227, 3913, 2762, 5379, 222, 988, 3088, 3480, 1783, 532, 355, 4393, 2369, 5251, 1675, 2025, 2483, 2135, 2924, 665, 1760, 2705, 4338, 2951, 1507, 939, 1243, 1285, 632, 1360, 2827, 624, 3203, 2029, 3607, 3002, 4818, 130, 3381, 3846, 4011, 2056, 1458, 1350, 3758, 4947, 5322, 1059, 1556, 864, 3345, 2939, 3659, 1466, 2067, 4380, 2797, 1076, 431, 1740, 2293, 3737, 1952, 3664, 2632, 1656, 3790, 5410, 4058, 1211, 3445, 4428, 1109, 45, 2456, 2489, 4512, 3275, 3214, 4757, 239, 5109, 2555, 3958, 3740, 1644, 4596, 2331, 3316, 5007, 3371, 3656, 4028, 635, 1926, 995, 5012, 128, 3876, 2063, 758, 3815, 2641, 2374, 3138, 4190, 1850, 954, 4179, 5049, 2669, 3355, 1960, 2016, 2620, 4538, 4407, 5126, 3167, 5169, 403, 811, 65, 121, 968, 1332, 1816, 4324, 4062, 4576, 590, 4201, 3424, 159, 2950, 281, 4615, 2812, 1686, 3514, 2890, 2509, 411, 2992, 149, 3407, 1074, 2071, 1193, 237, 3770, 1809, 4245, 979, 3469, 5231, 4183, 4837, 4502]",183,500,5,False,500
393,numeric,numeric,5,True,True,True,"{2: 108, 1: 104, 5: 89, 4: 74, 3: 118, 0: 7}","[365, 353, 2801, 2313, 4363, 3055, 466, 5179, 4620, 922, 1488, 3354, 1490, 872, 280, 265, 3837, 2759, 5068, 1765, 2589, 1272, 2677, 4079, 926, 4931, 1511, 989, 3357, 999, 2993, 4192, 5431, 5121, 5175, 2470, 2867, 1374, 5434, 4983, 5381, 4304, 3235, 2126, 1748, 3628, 3439, 1615, 5008, 4767, 3479, 862, 3772, 522, 5242, 980, 4258, 3229, 787, 4436, 3886, 4934, 1882, 5154, 3111, 1353, 1329, 299, 1286, 1212, 1588, 4679, 4669, 3495, 1902, 1362, 2606, 5310, 2142, 3632, 1053, 2593, 2740, 2107, 1110, 4029, 5045, 3603, 3962, 2979, 3204, 4830, 774, 3892, 3218, 893, 666, 932, 5118, 1568, 3523, 887, 4114, 3364, 3066, 3312, 2615, 2153, 4142, 5235, 3163, 4793, 1416, 4203, 2523, 238, 1892, 167, 1434, 1240, 3542, 3856, 4008, 390, 1993, 5366, 1494, 5309, 4876, 3467, 4351, 3729, 4213, 1627, 2350, 4418, 1099, 2207, 4350, 4122, 126, 1226, 3346, 485, 461, 4316, 2763, 4212, 538, 2524, 5137, 551, 2803, 2834, 1028, 3465, 4812, 3092, 4874, 3293, 4364, 1540, 4875, 2089, 1533, 3099, 3864, 314, 3853, 5025, 936, 3013, 547, 3527, 1135, 3179, 3708, 1959, 2915, 1442, 3343, 1715, 1172, 621, 5324, 1199, 2218, 5217, 2046, 385, 4953, 4311, 5305, 4496, 4448, 3631, 5176, 528, 806, 832, 4523, 4368, 2061, 3852, 3872, 878, 2944, 3826, 1467, 3920, 2032, 2785, 5312, 850, 4325, 4817, 4528, 4631, 2673, 1419, 4022, 4047, 3515, 1333, 345, 4140, 1753, 2596, 2459, 3492, 4064, 4012, 5284, 1581, 3747, 488, 4902, 3240, 3231, 4660, 2604, 5345, 4926, 2791, 3896, 1491, 62, 5174, 1469, 478, 839, 3052, 5062, 2006, 892, 5043, 3783, 340, 2905, 2423, 3993, 145, 1939, 472, 2728, 1229, 76, 1774, 4168, 646, 3755, 2302, 3833, 2309, 3784, 1300, 4491, 5167, 993, 1136, 4597, 452, 2637, 1828, 1575, 4987, 4857, 33, 5204, 2994, 3956, 3356, 1932, 2, 4439, 3004, 4692, 5417, 2931, 3118, 4801, 2631, 2453, 2649, 4176, 1000, 1371, 959, 4302, 330, 3585, 3258, 4332, 4564, 4725, 4301, 2469, 2933, 955, 3367, 4466, 744, 15, 1582, 2199, 2281, 3882, 4530, 3131, 1808, 3728, 5433, 1145, 2174, 4890, 5229, 1468, 101, 1355, 549, 1262, 1227, 3913, 2762, 5379, 222, 988, 3088, 3480, 1783, 532, 355, 4393, 2369, 5251, 1675, 2025, 2483, 2135, 2924, 665, 1760, 2705, 4338, 2951, 1507, 939, 1243, 1285, 632, 1360, 2827, 624, 3203, 2029, 3607, 3002, 4818, 130, 3381, 3846, 4011, 2056, 1458, 1350, 3758, 4947, 5322, 1059, 1556, 864, 3345, 2939, 3659, 1466, 2067, 4380, 2797, 1076, 431, 1740, 2293, 3737, 1952, 3664, 2632, 1656, 3790, 5410, 4058, 1211, 3445, 4428, 1109, 45, 2456, 2489, 4512, 3275, 3214, 4757, 239, 5109, 2555, 3958, 3740, 1644, 4596, 2331, 3316, 5007, 3371, 3656, 4028, 635, 1926, 995, 5012, 128, 3876, 2063, 758, 3815, 2641, 2374, 3138, 4190, 1850, 954, 4179, 5049, 2669, 3355, 1960, 2016, 2620, 4538, 4407, 5126, 3167, 5169, 403, 811, 65, 121, 968, 1332, 1816, 4324, 4062, 4576, 590, 4201, 3424, 159, 2950, 281, 4615, 2812, 1686, 3514, 2890, 2509, 411, 2992, 149, 3407, 1074, 2071, 1193, 237, 3770, 1809, 4245, 979, 3469, 5231, 4183, 4837, 4502]",393,500,5,False,500
15,numeric,numeric,5,True,True,True,"{2: 108, 1: 104, 5: 89, 4: 74, 3: 118, 0: 7}","[365, 353, 2801, 2313, 4363, 3055, 466, 5179, 4620, 922, 1488, 3354, 1490, 872, 280, 265, 3837, 2759, 5068, 1765, 2589, 1272, 2677, 4079, 926, 4931, 1511, 989, 3357, 999, 2993, 4192, 5431, 5121, 5175, 2470, 2867, 1374, 5434, 4983, 5381, 4304, 3235, 2126, 1748, 3628, 3439, 1615, 5008, 4767, 3479, 862, 3772, 522, 5242, 980, 4258, 3229, 787, 4436, 3886, 4934, 1882, 5154, 3111, 1353, 1329, 299, 1286, 1212, 1588, 4679, 4669, 3495, 1902, 1362, 2606, 5310, 2142, 3632, 1053, 2593, 2740, 2107, 1110, 4029, 5045, 3603, 3962, 2979, 3204, 4830, 774, 3892, 3218, 893, 666, 932, 5118, 1568, 3523, 887, 4114, 3364, 3066, 3312, 2615, 2153, 4142, 5235, 3163, 4793, 1416, 4203, 2523, 238, 1892, 167, 1434, 1240, 3542, 3856, 4008, 390, 1993, 5366, 1494, 5309, 4876, 3467, 4351, 3729, 4213, 1627, 2350, 4418, 1099, 2207, 4350, 4122, 126, 1226, 3346, 485, 461, 4316, 2763, 4212, 538, 2524, 5137, 551, 2803, 2834, 1028, 3465, 4812, 3092, 4874, 3293, 4364, 1540, 4875, 2089, 1533, 3099, 3864, 314, 3853, 5025, 936, 3013, 547, 3527, 1135, 3179, 3708, 1959, 2915, 1442, 3343, 1715, 1172, 621, 5324, 1199, 2218, 5217, 2046, 385, 4953, 4311, 5305, 4496, 4448, 3631, 5176, 528, 806, 832, 4523, 4368, 2061, 3852, 3872, 878, 2944, 3826, 1467, 3920, 2032, 2785, 5312, 850, 4325, 4817, 4528, 4631, 2673, 1419, 4022, 4047, 3515, 1333, 345, 4140, 1753, 2596, 2459, 3492, 4064, 4012, 5284, 1581, 3747, 488, 4902, 3240, 3231, 4660, 2604, 5345, 4926, 2791, 3896, 1491, 62, 5174, 1469, 478, 839, 3052, 5062, 2006, 892, 5043, 3783, 340, 2905, 2423, 3993, 145, 1939, 472, 2728, 1229, 76, 1774, 4168, 646, 3755, 2302, 3833, 2309, 3784, 1300, 4491, 5167, 993, 1136, 4597, 452, 2637, 1828, 1575, 4987, 4857, 33, 5204, 2994, 3956, 3356, 1932, 2, 4439, 3004, 4692, 5417, 2931, 3118, 4801, 2631, 2453, 2649, 4176, 1000, 1371, 959, 4302, 330, 3585, 3258, 4332, 4564, 4725, 4301, 2469, 2933, 955, 3367, 4466, 744, 15, 1582, 2199, 2281, 3882, 4530, 3131, 1808, 3728, 5433, 1145, 2174, 4890, 5229, 1468, 101, 1355, 549, 1262, 1227, 3913, 2762, 5379, 222, 988, 3088, 3480, 1783, 532, 355, 4393, 2369, 5251, 1675, 2025, 2483, 2135, 2924, 665, 1760, 2705, 4338, 2951, 1507, 939, 1243, 1285, 632, 1360, 2827, 624, 3203, 2029, 3607, 3002, 4818, 130, 3381, 3846, 4011, 2056, 1458, 1350, 3758, 4947, 5322, 1059, 1556, 864, 3345, 2939, 3659, 1466, 2067, 4380, 2797, 1076, 431, 1740, 2293, 3737, 1952, 3664, 2632, 1656, 3790, 5410, 4058, 1211, 3445, 4428, 1109, 45, 2456, 2489, 4512, 3275, 3214, 4757, 239, 5109, 2555, 3958, 3740, 1644, 4596, 2331, 3316, 5007, 3371, 3656, 4028, 635, 1926, 995, 5012, 128, 3876, 2063, 758, 3815, 2641, 2374, 3138, 4190, 1850, 954, 4179, 5049, 2669, 3355, 1960, 2016, 2620, 4538, 4407, 5126, 3167, 5169, 403, 811, 65, 121, 968, 1332, 1816, 4324, 4062, 4576, 590, 4201, 3424, 159, 2950, 281, 4615, 2812, 1686, 3514, 2890, 2509, 411, 2992, 149, 3407, 1074, 2071, 1193, 237, 3770, 1809, 4245, 979, 3469, 5231, 4183, 4837, 4502]",15,500,5,False,500
162,numeric,numeric,5,True,True,True,"{2: 108, 1: 104, 5: 89, 4: 74, 3: 118, 0: 7}","[365, 353, 2801, 2313, 4363, 3055, 466, 5179, 4620, 922, 1488, 3354, 1490, 872, 280, 265, 3837, 2759, 5068, 1765, 2589, 1272, 2677, 4079, 926, 4931, 1511, 989, 3357, 999, 2993, 4192, 5431, 5121, 5175, 2470, 2867, 1374, 5434, 4983, 5381, 4304, 3235, 2126, 1748, 3628, 3439, 1615, 5008, 4767, 3479, 862, 3772, 522, 5242, 980, 4258, 3229, 787, 4436, 3886, 4934, 1882, 5154, 3111, 1353, 1329, 299, 1286, 1212, 1588, 4679, 4669, 3495, 1902, 1362, 2606, 5310, 2142, 3632, 1053, 2593, 2740, 2107, 1110, 4029, 5045, 3603, 3962, 2979, 3204, 4830, 774, 3892, 3218, 893, 666, 932, 5118, 1568, 3523, 887, 4114, 3364, 3066, 3312, 2615, 2153, 4142, 5235, 3163, 4793, 1416, 4203, 2523, 238, 1892, 167, 1434, 1240, 3542, 3856, 4008, 390, 1993, 5366, 1494, 5309, 4876, 3467, 4351, 3729, 4213, 1627, 2350, 4418, 1099, 2207, 4350, 4122, 126, 1226, 3346, 485, 461, 4316, 2763, 4212, 538, 2524, 5137, 551, 2803, 2834, 1028, 3465, 4812, 3092, 4874, 3293, 4364, 1540, 4875, 2089, 1533, 3099, 3864, 314, 3853, 5025, 936, 3013, 547, 3527, 1135, 3179, 3708, 1959, 2915, 1442, 3343, 1715, 1172, 621, 5324, 1199, 2218, 5217, 2046, 385, 4953, 4311, 5305, 4496, 4448, 3631, 5176, 528, 806, 832, 4523, 4368, 2061, 3852, 3872, 878, 2944, 3826, 1467, 3920, 2032, 2785, 5312, 850, 4325, 4817, 4528, 4631, 2673, 1419, 4022, 4047, 3515, 1333, 345, 4140, 1753, 2596, 2459, 3492, 4064, 4012, 5284, 1581, 3747, 488, 4902, 3240, 3231, 4660, 2604, 5345, 4926, 2791, 3896, 1491, 62, 5174, 1469, 478, 839, 3052, 5062, 2006, 892, 5043, 3783, 340, 2905, 2423, 3993, 145, 1939, 472, 2728, 1229, 76, 1774, 4168, 646, 3755, 2302, 3833, 2309, 3784, 1300, 4491, 5167, 993, 1136, 4597, 452, 2637, 1828, 1575, 4987, 4857, 33, 5204, 2994, 3956, 3356, 1932, 2, 4439, 3004, 4692, 5417, 2931, 3118, 4801, 2631, 2453, 2649, 4176, 1000, 1371, 959, 4302, 330, 3585, 3258, 4332, 4564, 4725, 4301, 2469, 2933, 955, 3367, 4466, 744, 15, 1582, 2199, 2281, 3882, 4530, 3131, 1808, 3728, 5433, 1145, 2174, 4890, 5229, 1468, 101, 1355, 549, 1262, 1227, 3913, 2762, 5379, 222, 988, 3088, 3480, 1783, 532, 355, 4393, 2369, 5251, 1675, 2025, 2483, 2135, 2924, 665, 1760, 2705, 4338, 2951, 1507, 939, 1243, 1285, 632, 1360, 2827, 624, 3203, 2029, 3607, 3002, 4818, 130, 3381, 3846, 4011, 2056, 1458, 1350, 3758, 4947, 5322, 1059, 1556, 864, 3345, 2939, 3659, 1466, 2067, 4380, 2797, 1076, 431, 1740, 2293, 3737, 1952, 3664, 2632, 1656, 3790, 5410, 4058, 1211, 3445, 4428, 1109, 45, 2456, 2489, 4512, 3275, 3214, 4757, 239, 5109, 2555, 3958, 3740, 1644, 4596, 2331, 3316, 5007, 3371, 3656, 4028, 635, 1926, 995, 5012, 128, 3876, 2063, 758, 3815, 2641, 2374, 3138, 4190, 1850, 954, 4179, 5049, 2669, 3355, 1960, 2016, 2620, 4538, 4407, 5126, 3167, 5169, 403, 811, 65, 121, 968, 1332, 1816, 4324, 4062, 4576, 590, 4201, 3424, 159, 2950, 281, 4615, 2812, 1686, 3514, 2890, 2509, 411, 2992, 149, 3407, 1074, 2071, 1193, 237, 3770, 1809, 4245, 979, 3469, 5231, 4183, 4837, 4502]",162,500,5,False,500
481,numeric,entity,1,True,False,True,"{2: 108, 1: 104, 5: 89, 4: 74, 3: 118, 0: 7}","[365, 353, 2801, 2313, 4363, 3055, 466, 5179, 4620, 922, 1488, 3354, 1490, 872, 280, 265, 3837, 2759, 5068, 1765, 2589, 1272, 2677, 4079, 926, 4931, 1511, 989, 3357, 999, 2993, 4192, 5431, 5121, 5175, 2470, 2867, 1374, 5434, 4983, 5381, 4304, 3235, 2126, 1748, 3628, 3439, 1615, 5008, 4767, 3479, 862, 3772, 522, 5242, 980, 4258, 3229, 787, 4436, 3886, 4934, 1882, 5154, 3111, 1353, 1329, 299, 1286, 1212, 1588, 4679, 4669, 3495, 1902, 1362, 2606, 5310, 2142, 3632, 1053, 2593, 2740, 2107, 1110, 4029, 5045, 3603, 3962, 2979, 3204, 4830, 774, 3892, 3218, 893, 666, 932, 5118, 1568, 3523, 887, 4114, 3364, 3066, 3312, 2615, 2153, 4142, 5235, 3163, 4793, 1416, 4203, 2523, 238, 1892, 167, 1434, 1240, 3542, 3856, 4008, 390, 1993, 5366, 1494, 5309, 4876, 3467, 4351, 3729, 4213, 1627, 2350, 4418, 1099, 2207, 4350, 4122, 126, 1226, 3346, 485, 461, 4316, 2763, 4212, 538, 2524, 5137, 551, 2803, 2834, 1028, 3465, 4812, 3092, 4874, 3293, 4364, 1540, 4875, 2089, 1533, 3099, 3864, 314, 3853, 5025, 936, 3013, 547, 3527, 1135, 3179, 3708, 1959, 2915, 1442, 3343, 1715, 1172, 621, 5324, 1199, 2218, 5217, 2046, 385, 4953, 4311, 5305, 4496, 4448, 3631, 5176, 528, 806, 832, 4523, 4368, 2061, 3852, 3872, 878, 2944, 3826, 1467, 3920, 2032, 2785, 5312, 850, 4325, 4817, 4528, 4631, 2673, 1419, 4022, 4047, 3515, 1333, 345, 4140, 1753, 2596, 2459, 3492, 4064, 4012, 5284, 1581, 3747, 488, 4902, 3240, 3231, 4660, 2604, 5345, 4926, 2791, 3896, 1491, 62, 5174, 1469, 478, 839, 3052, 5062, 2006, 892, 5043, 3783, 340, 2905, 2423, 3993, 145, 1939, 472, 2728, 1229, 76, 1774, 4168, 646, 3755, 2302, 3833, 2309, 3784, 1300, 4491, 5167, 993, 1136, 4597, 452, 2637, 1828, 1575, 4987, 4857, 33, 5204, 2994, 3956, 3356, 1932, 2, 4439, 3004, 4692, 5417, 2931, 3118, 4801, 2631, 2453, 2649, 4176, 1000, 1371, 959, 4302, 330, 3585, 3258, 4332, 4564, 4725, 4301, 2469, 2933, 955, 3367, 4466, 744, 15, 1582, 2199, 2281, 3882, 4530, 3131, 1808, 3728, 5433, 1145, 2174, 4890, 5229, 1468, 101, 1355, 549, 1262, 1227, 3913, 2762, 5379, 222, 988, 3088, 3480, 1783, 532, 355, 4393, 2369, 5251, 1675, 2025, 2483, 2135, 2924, 665, 1760, 2705, 4338, 2951, 1507, 939, 1243, 1285, 632, 1360, 2827, 624, 3203, 2029, 3607, 3002, 4818, 130, 3381, 3846, 4011, 2056, 1458, 1350, 3758, 4947, 5322, 1059, 1556, 864, 3345, 2939, 3659, 1466, 2067, 4380, 2797, 1076, 431, 1740, 2293, 3737, 1952, 3664, 2632, 1656, 3790, 5410, 4058, 1211, 3445, 4428, 1109, 45, 2456, 2489, 4512, 3275, 3214, 4757, 239, 5109, 2555, 3958, 3740, 1644, 4596, 2331, 3316, 5007, 3371, 3656, 4028, 635, 1926, 995, 5012, 128, 3876, 2063, 758, 3815, 2641, 2374, 3138, 4190, 1850, 954, 4179, 5049, 2669, 3355, 1960, 2016, 2620, 4538, 4407, 5126, 3167, 5169, 403, 811, 65, 121, 968, 1332, 1816, 4324, 4062, 4576, 590, 4201, 3424, 159, 2950, 281, 4615, 2812, 1686, 3514, 2890, 2509, 411, 2992, 149, 3407, 1074, 2071, 1193, 237, 3770, 1809, 4245, 979, 3469, 5231, 4183, 4837, 4502]",481,500,5,False,500
332,entity,entity,1,True,True,True,"{2: 108, 1: 104, 5: 89, 4: 74, 3: 118, 0: 7}","[365, 353, 2801, 2313, 4363, 3055, 466, 5179, 4620, 922, 1488, 3354, 1490, 872, 280, 265, 3837, 2759, 5068, 1765, 2589, 1272, 2677, 4079, 926, 4931, 1511, 989, 3357, 999, 2993, 4192, 5431, 5121, 5175, 2470, 2867, 1374, 5434, 4983, 5381, 4304, 3235, 2126, 1748, 3628, 3439, 1615, 5008, 4767, 3479, 862, 3772, 522, 5242, 980, 4258, 3229, 787, 4436, 3886, 4934, 1882, 5154, 3111, 1353, 1329, 299, 1286, 1212, 1588, 4679, 4669, 3495, 1902, 1362, 2606, 5310, 2142, 3632, 1053, 2593, 2740, 2107, 1110, 4029, 5045, 3603, 3962, 2979, 3204, 4830, 774, 3892, 3218, 893, 666, 932, 5118, 1568, 3523, 887, 4114, 3364, 3066, 3312, 2615, 2153, 4142, 5235, 3163, 4793, 1416, 4203, 2523, 238, 1892, 167, 1434, 1240, 3542, 3856, 4008, 390, 1993, 5366, 1494, 5309, 4876, 3467, 4351, 3729, 4213, 1627, 2350, 4418, 1099, 2207, 4350, 4122, 126, 1226, 3346, 485, 461, 4316, 2763, 4212, 538, 2524, 5137, 551, 2803, 2834, 1028, 3465, 4812, 3092, 4874, 3293, 4364, 1540, 4875, 2089, 1533, 3099, 3864, 314, 3853, 5025, 936, 3013, 547, 3527, 1135, 3179, 3708, 1959, 2915, 1442, 3343, 1715, 1172, 621, 5324, 1199, 2218, 5217, 2046, 385, 4953, 4311, 5305, 4496, 4448, 3631, 5176, 528, 806, 832, 4523, 4368, 2061, 3852, 3872, 878, 2944, 3826, 1467, 3920, 2032, 2785, 5312, 850, 4325, 4817, 4528, 4631, 2673, 1419, 4022, 4047, 3515, 1333, 345, 4140, 1753, 2596, 2459, 3492, 4064, 4012, 5284, 1581, 3747, 488, 4902, 3240, 3231, 4660, 2604, 5345, 4926, 2791, 3896, 1491, 62, 5174, 1469, 478, 839, 3052, 5062, 2006, 892, 5043, 3783, 340, 2905, 2423, 3993, 145, 1939, 472, 2728, 1229, 76, 1774, 4168, 646, 3755, 2302, 3833, 2309, 3784, 1300, 4491, 5167, 993, 1136, 4597, 452, 2637, 1828, 1575, 4987, 4857, 33, 5204, 2994, 3956, 3356, 1932, 2, 4439, 3004, 4692, 5417, 2931, 3118, 4801, 2631, 2453, 2649, 4176, 1000, 1371, 959, 4302, 330, 3585, 3258, 4332, 4564, 4725, 4301, 2469, 2933, 955, 3367, 4466, 744, 15, 1582, 2199, 2281, 3882, 4530, 3131, 1808, 3728, 5433, 1145, 2174, 4890, 5229, 1468, 101, 1355, 549, 1262, 1227, 3913, 2762, 5379, 222, 988, 3088, 3480, 1783, 532, 355, 4393, 2369, 5251, 1675, 2025, 2483, 2135, 2924, 665, 1760, 2705, 4338, 2951, 1507, 939, 1243, 1285, 632, 1360, 2827, 624, 3203, 2029, 3607, 3002, 4818, 130, 3381, 3846, 4011, 2056, 1458, 1350, 3758, 4947, 5322, 1059, 1556, 864, 3345, 2939, 3659, 1466, 2067, 4380, 2797, 1076, 431, 1740, 2293, 3737, 1952, 3664, 2632, 1656, 3790, 5410, 4058, 1211, 3445, 4428, 1109, 45, 2456, 2489, 4512, 3275, 3214, 4757, 239, 5109, 2555, 3958, 3740, 1644, 4596, 2331, 3316, 5007, 3371, 3656, 4028, 635, 1926, 995, 5012, 128, 3876, 2063, 758, 3815, 2641, 2374, 3138, 4190, 1850, 954, 4179, 5049, 2669, 3355, 1960, 2016, 2620, 4538, 4407, 5126, 3167, 5169, 403, 811, 65, 121, 968, 1332, 1816, 4324, 4062, 4576, 590, 4201, 3424, 159, 2950, 281, 4615, 2812, 1686, 3514, 2890, 2509, 411, 2992, 149, 3407, 1074, 2071, 1193, 237, 3770, 1809, 4245, 979, 3469, 5231, 4183, 4837, 4502]",332,500,5,False,500
251,location,location,4,True,True,True,"{2: 108, 1: 104, 5: 89, 4: 74, 3: 118, 0: 7}","[365, 353, 2801, 2313, 4363, 3055, 466, 5179, 4620, 922, 1488, 3354, 1490, 872, 280, 265, 3837, 2759, 5068, 1765, 2589, 1272, 2677, 4079, 926, 4931, 1511, 989, 3357, 999, 2993, 4192, 5431, 5121, 5175, 2470, 2867, 1374, 5434, 4983, 5381, 4304, 3235, 2126, 1748, 3628, 3439, 1615, 5008, 4767, 3479, 862, 3772, 522, 5242, 980, 4258, 3229, 787, 4436, 3886, 4934, 1882, 5154, 3111, 1353, 1329, 299, 1286, 1212, 1588, 4679, 4669, 3495, 1902, 1362, 2606, 5310, 2142, 3632, 1053, 2593, 2740, 2107, 1110, 4029, 5045, 3603, 3962, 2979, 3204, 4830, 774, 3892, 3218, 893, 666, 932, 5118, 1568, 3523, 887, 4114, 3364, 3066, 3312, 2615, 2153, 4142, 5235, 3163, 4793, 1416, 4203, 2523, 238, 1892, 167, 1434, 1240, 3542, 3856, 4008, 390, 1993, 5366, 1494, 5309, 4876, 3467, 4351, 3729, 4213, 1627, 2350, 4418, 1099, 2207, 4350, 4122, 126, 1226, 3346, 485, 461, 4316, 2763, 4212, 538, 2524, 5137, 551, 2803, 2834, 1028, 3465, 4812, 3092, 4874, 3293, 4364, 1540, 4875, 2089, 1533, 3099, 3864, 314, 3853, 5025, 936, 3013, 547, 3527, 1135, 3179, 3708, 1959, 2915, 1442, 3343, 1715, 1172, 621, 5324, 1199, 2218, 5217, 2046, 385, 4953, 4311, 5305, 4496, 4448, 3631, 5176, 528, 806, 832, 4523, 4368, 2061, 3852, 3872, 878, 2944, 3826, 1467, 3920, 2032, 2785, 5312, 850, 4325, 4817, 4528, 4631, 2673, 1419, 4022, 4047, 3515, 1333, 345, 4140, 1753, 2596, 2459, 3492, 4064, 4012, 5284, 1581, 3747, 488, 4902, 3240, 3231, 4660, 2604, 5345, 4926, 2791, 3896, 1491, 62, 5174, 1469, 478, 839, 3052, 5062, 2006, 892, 5043, 3783, 340, 2905, 2423, 3993, 145, 1939, 472, 2728, 1229, 76, 1774, 4168, 646, 3755, 2302, 3833, 2309, 3784, 1300, 4491, 5167, 993, 1136, 4597, 452, 2637, 1828, 1575, 4987, 4857, 33, 5204, 2994, 3956, 3356, 1932, 2, 4439, 3004, 4692, 5417, 2931, 3118, 4801, 2631, 2453, 2649, 4176, 1000, 1371, 959, 4302, 330, 3585, 3258, 4332, 4564, 4725, 4301, 2469, 2933, 955, 3367, 4466, 744, 15, 1582, 2199, 2281, 3882, 4530, 3131, 1808, 3728, 5433, 1145, 2174, 4890, 5229, 1468, 101, 1355, 549, 1262, 1227, 3913, 2762, 5379, 222, 988, 3088, 3480, 1783, 532, 355, 4393, 2369, 5251, 1675, 2025, 2483, 2135, 2924, 665, 1760, 2705, 4338, 2951, 1507, 939, 1243, 1285, 632, 1360, 2827, 624, 3203, 2029, 3607, 3002, 4818, 130, 3381, 3846, 4011, 2056, 1458, 1350, 3758, 4947, 5322, 1059, 1556, 864, 3345, 2939, 3659, 1466, 2067, 4380, 2797, 1076, 431, 1740, 2293, 3737, 1952, 3664, 2632, 1656, 3790, 5410, 4058, 1211, 3445, 4428, 1109, 45, 2456, 2489, 4512, 3275, 3214, 4757, 239, 5109, 2555, 3958, 3740, 1644, 4596, 2331, 3316, 5007, 3371, 3656, 4028, 635, 1926, 995, 5012, 128, 3876, 2063, 758, 3815, 2641, 2374, 3138, 4190, 1850, 954, 4179, 5049, 2669, 3355, 1960, 2016, 2620, 4538, 4407, 5126, 3167, 5169, 403, 811, 65, 121, 968, 1332, 1816, 4324, 4062, 4576, 590, 4201, 3424, 159, 2950, 281, 4615, 2812, 1686, 3514, 2890, 2509, 411, 2992, 149, 3407, 1074, 2071, 1193, 237, 3770, 1809, 4245, 979, 3469, 5231, 4183, 4837, 4502]",251,500,5,False,500
305,location,location,4,True,True,True,"{2: 108, 1: 104, 5: 89, 4: 74, 3: 118, 0: 7}","[365, 353, 2801, 2313, 4363, 3055, 466, 5179, 4620, 922, 1488, 3354, 1490, 872, 280, 265, 3837, 2759, 5068, 1765, 2589, 1272, 2677, 4079, 926, 4931, 1511, 989, 3357, 999, 2993, 4192, 5431, 5121, 5175, 2470, 2867, 1374, 5434, 4983, 5381, 4304, 3235, 2126, 1748, 3628, 3439, 1615, 5008, 4767, 3479, 862, 3772, 522, 5242, 980, 4258, 3229, 787, 4436, 3886, 4934, 1882, 5154, 3111, 1353, 1329, 299, 1286, 1212, 1588, 4679, 4669, 3495, 1902, 1362, 2606, 5310, 2142, 3632, 1053, 2593, 2740, 2107, 1110, 4029, 5045, 3603, 3962, 2979, 3204, 4830, 774, 3892, 3218, 893, 666, 932, 5118, 1568, 3523, 887, 4114, 3364, 3066, 3312, 2615, 2153, 4142, 5235, 3163, 4793, 1416, 4203, 2523, 238, 1892, 167, 1434, 1240, 3542, 3856, 4008, 390, 1993, 5366, 1494, 5309, 4876, 3467, 4351, 3729, 4213, 1627, 2350, 4418, 1099, 2207, 4350, 4122, 126, 1226, 3346, 485, 461, 4316, 2763, 4212, 538, 2524, 5137, 551, 2803, 2834, 1028, 3465, 4812, 3092, 4874, 3293, 4364, 1540, 4875, 2089, 1533, 3099, 3864, 314, 3853, 5025, 936, 3013, 547, 3527, 1135, 3179, 3708, 1959, 2915, 1442, 3343, 1715, 1172, 621, 5324, 1199, 2218, 5217, 2046, 385, 4953, 4311, 5305, 4496, 4448, 3631, 5176, 528, 806, 832, 4523, 4368, 2061, 3852, 3872, 878, 2944, 3826, 1467, 3920, 2032, 2785, 5312, 850, 4325, 4817, 4528, 4631, 2673, 1419, 4022, 4047, 3515, 1333, 345, 4140, 1753, 2596, 2459, 3492, 4064, 4012, 5284, 1581, 3747, 488, 4902, 3240, 3231, 4660, 2604, 5345, 4926, 2791, 3896, 1491, 62, 5174, 1469, 478, 839, 3052, 5062, 2006, 892, 5043, 3783, 340, 2905, 2423, 3993, 145, 1939, 472, 2728, 1229, 76, 1774, 4168, 646, 3755, 2302, 3833, 2309, 3784, 1300, 4491, 5167, 993, 1136, 4597, 452, 2637, 1828, 1575, 4987, 4857, 33, 5204, 2994, 3956, 3356, 1932, 2, 4439, 3004, 4692, 5417, 2931, 3118, 4801, 2631, 2453, 2649, 4176, 1000, 1371, 959, 4302, 330, 3585, 3258, 4332, 4564, 4725, 4301, 2469, 2933, 955, 3367, 4466, 744, 15, 1582, 2199, 2281, 3882, 4530, 3131, 1808, 3728, 5433, 1145, 2174, 4890, 5229, 1468, 101, 1355, 549, 1262, 1227, 3913, 2762, 5379, 222, 988, 3088, 3480, 1783, 532, 355, 4393, 2369, 5251, 1675, 2025, 2483, 2135, 2924, 665, 1760, 2705, 4338, 2951, 1507, 939, 1243, 1285, 632, 1360, 2827, 624, 3203, 2029, 3607, 3002, 4818, 130, 3381, 3846, 4011, 2056, 1458, 1350, 3758, 4947, 5322, 1059, 1556, 864, 3345, 2939, 3659, 1466, 2067, 4380, 2797, 1076, 431, 1740, 2293, 3737, 1952, 3664, 2632, 1656, 3790, 5410, 4058, 1211, 3445, 4428, 1109, 45, 2456, 2489, 4512, 3275, 3214, 4757, 239, 5109, 2555, 3958, 3740, 1644, 4596, 2331, 3316, 5007, 3371, 3656, 4028, 635, 1926, 995, 5012, 128, 3876, 2063, 758, 3815, 2641, 2374, 3138, 4190, 1850, 954, 4179, 5049, 2669, 3355, 1960, 2016, 2620, 4538, 4407, 5126, 3167, 5169, 403, 811, 65, 121, 968, 1332, 1816, 4324, 4062, 4576, 590, 4201, 3424, 159, 2950, 281, 4615, 2812, 1686, 3514, 2890, 2509, 411, 2992, 149, 3407, 1074, 2071, 1193, 237, 3770, 1809, 4245, 979, 3469, 5231, 4183, 4837, 4502]",305,500,5,False,500
169,human,human,3,True,True,True,"{2: 108, 1: 104, 5: 89, 4: 74, 3: 118, 0: 7}","[365, 353, 2801, 2313, 4363, 3055, 466, 5179, 4620, 922, 1488, 3354, 1490, 872, 280, 265, 3837, 2759, 5068, 1765, 2589, 1272, 2677, 4079, 926, 4931, 1511, 989, 3357, 999, 2993, 4192, 5431, 5121, 5175, 2470, 2867, 1374, 5434, 4983, 5381, 4304, 3235, 2126, 1748, 3628, 3439, 1615, 5008, 4767, 3479, 862, 3772, 522, 5242, 980, 4258, 3229, 787, 4436, 3886, 4934, 1882, 5154, 3111, 1353, 1329, 299, 1286, 1212, 1588, 4679, 4669, 3495, 1902, 1362, 2606, 5310, 2142, 3632, 1053, 2593, 2740, 2107, 1110, 4029, 5045, 3603, 3962, 2979, 3204, 4830, 774, 3892, 3218, 893, 666, 932, 5118, 1568, 3523, 887, 4114, 3364, 3066, 3312, 2615, 2153, 4142, 5235, 3163, 4793, 1416, 4203, 2523, 238, 1892, 167, 1434, 1240, 3542, 3856, 4008, 390, 1993, 5366, 1494, 5309, 4876, 3467, 4351, 3729, 4213, 1627, 2350, 4418, 1099, 2207, 4350, 4122, 126, 1226, 3346, 485, 461, 4316, 2763, 4212, 538, 2524, 5137, 551, 2803, 2834, 1028, 3465, 4812, 3092, 4874, 3293, 4364, 1540, 4875, 2089, 1533, 3099, 3864, 314, 3853, 5025, 936, 3013, 547, 3527, 1135, 3179, 3708, 1959, 2915, 1442, 3343, 1715, 1172, 621, 5324, 1199, 2218, 5217, 2046, 385, 4953, 4311, 5305, 4496, 4448, 3631, 5176, 528, 806, 832, 4523, 4368, 2061, 3852, 3872, 878, 2944, 3826, 1467, 3920, 2032, 2785, 5312, 850, 4325, 4817, 4528, 4631, 2673, 1419, 4022, 4047, 3515, 1333, 345, 4140, 1753, 2596, 2459, 3492, 4064, 4012, 5284, 1581, 3747, 488, 4902, 3240, 3231, 4660, 2604, 5345, 4926, 2791, 3896, 1491, 62, 5174, 1469, 478, 839, 3052, 5062, 2006, 892, 5043, 3783, 340, 2905, 2423, 3993, 145, 1939, 472, 2728, 1229, 76, 1774, 4168, 646, 3755, 2302, 3833, 2309, 3784, 1300, 4491, 5167, 993, 1136, 4597, 452, 2637, 1828, 1575, 4987, 4857, 33, 5204, 2994, 3956, 3356, 1932, 2, 4439, 3004, 4692, 5417, 2931, 3118, 4801, 2631, 2453, 2649, 4176, 1000, 1371, 959, 4302, 330, 3585, 3258, 4332, 4564, 4725, 4301, 2469, 2933, 955, 3367, 4466, 744, 15, 1582, 2199, 2281, 3882, 4530, 3131, 1808, 3728, 5433, 1145, 2174, 4890, 5229, 1468, 101, 1355, 549, 1262, 1227, 3913, 2762, 5379, 222, 988, 3088, 3480, 1783, 532, 355, 4393, 2369, 5251, 1675, 2025, 2483, 2135, 2924, 665, 1760, 2705, 4338, 2951, 1507, 939, 1243, 1285, 632, 1360, 2827, 624, 3203, 2029, 3607, 3002, 4818, 130, 3381, 3846, 4011, 2056, 1458, 1350, 3758, 4947, 5322, 1059, 1556, 864, 3345, 2939, 3659, 1466, 2067, 4380, 2797, 1076, 431, 1740, 2293, 3737, 1952, 3664, 2632, 1656, 3790, 5410, 4058, 1211, 3445, 4428, 1109, 45, 2456, 2489, 4512, 3275, 3214, 4757, 239, 5109, 2555, 3958, 3740, 1644, 4596, 2331, 3316, 5007, 3371, 3656, 4028, 635, 1926, 995, 5012, 128, 3876, 2063, 758, 3815, 2641, 2374, 3138, 4190, 1850, 954, 4179, 5049, 2669, 3355, 1960, 2016, 2620, 4538, 4407, 5126, 3167, 5169, 403, 811, 65, 121, 968, 1332, 1816, 4324, 4062, 4576, 590, 4201, 3424, 159, 2950, 281, 4615, 2812, 1686, 3514, 2890, 2509, 411, 2992, 149, 3407, 1074, 2071, 1193, 237, 3770, 1809, 4245, 979, 3469, 5231, 4183, 4837, 4502]",169,500,5,False,500
249,numeric,entity,1,True,False,True,"{2: 108, 1: 104, 5: 89, 4: 74, 3: 118, 0: 7}","[365, 353, 2801, 2313, 4363, 3055, 466, 5179, 4620, 922, 1488, 3354, 1490, 872, 280, 265, 3837, 2759, 5068, 1765, 2589, 1272, 2677, 4079, 926, 4931, 1511, 989, 3357, 999, 2993, 4192, 5431, 5121, 5175, 2470, 2867, 1374, 5434, 4983, 5381, 4304, 3235, 2126, 1748, 3628, 3439, 1615, 5008, 4767, 3479, 862, 3772, 522, 5242, 980, 4258, 3229, 787, 4436, 3886, 4934, 1882, 5154, 3111, 1353, 1329, 299, 1286, 1212, 1588, 4679, 4669, 3495, 1902, 1362, 2606, 5310, 2142, 3632, 1053, 2593, 2740, 2107, 1110, 4029, 5045, 3603, 3962, 2979, 3204, 4830, 774, 3892, 3218, 893, 666, 932, 5118, 1568, 3523, 887, 4114, 3364, 3066, 3312, 2615, 2153, 4142, 5235, 3163, 4793, 1416, 4203, 2523, 238, 1892, 167, 1434, 1240, 3542, 3856, 4008, 390, 1993, 5366, 1494, 5309, 4876, 3467, 4351, 3729, 4213, 1627, 2350, 4418, 1099, 2207, 4350, 4122, 126, 1226, 3346, 485, 461, 4316, 2763, 4212, 538, 2524, 5137, 551, 2803, 2834, 1028, 3465, 4812, 3092, 4874, 3293, 4364, 1540, 4875, 2089, 1533, 3099, 3864, 314, 3853, 5025, 936, 3013, 547, 3527, 1135, 3179, 3708, 1959, 2915, 1442, 3343, 1715, 1172, 621, 5324, 1199, 2218, 5217, 2046, 385, 4953, 4311, 5305, 4496, 4448, 3631, 5176, 528, 806, 832, 4523, 4368, 2061, 3852, 3872, 878, 2944, 3826, 1467, 3920, 2032, 2785, 5312, 850, 4325, 4817, 4528, 4631, 2673, 1419, 4022, 4047, 3515, 1333, 345, 4140, 1753, 2596, 2459, 3492, 4064, 4012, 5284, 1581, 3747, 488, 4902, 3240, 3231, 4660, 2604, 5345, 4926, 2791, 3896, 1491, 62, 5174, 1469, 478, 839, 3052, 5062, 2006, 892, 5043, 3783, 340, 2905, 2423, 3993, 145, 1939, 472, 2728, 1229, 76, 1774, 4168, 646, 3755, 2302, 3833, 2309, 3784, 1300, 4491, 5167, 993, 1136, 4597, 452, 2637, 1828, 1575, 4987, 4857, 33, 5204, 2994, 3956, 3356, 1932, 2, 4439, 3004, 4692, 5417, 2931, 3118, 4801, 2631, 2453, 2649, 4176, 1000, 1371, 959, 4302, 330, 3585, 3258, 4332, 4564, 4725, 4301, 2469, 2933, 955, 3367, 4466, 744, 15, 1582, 2199, 2281, 3882, 4530, 3131, 1808, 3728, 5433, 1145, 2174, 4890, 5229, 1468, 101, 1355, 549, 1262, 1227, 3913, 2762, 5379, 222, 988, 3088, 3480, 1783, 532, 355, 4393, 2369, 5251, 1675, 2025, 2483, 2135, 2924, 665, 1760, 2705, 4338, 2951, 1507, 939, 1243, 1285, 632, 1360, 2827, 624, 3203, 2029, 3607, 3002, 4818, 130, 3381, 3846, 4011, 2056, 1458, 1350, 3758, 4947, 5322, 1059, 1556, 864, 3345, 2939, 3659, 1466, 2067, 4380, 2797, 1076, 431, 1740, 2293, 3737, 1952, 3664, 2632, 1656, 3790, 5410, 4058, 1211, 3445, 4428, 1109, 45, 2456, 2489, 4512, 3275, 3214, 4757, 239, 5109, 2555, 3958, 3740, 1644, 4596, 2331, 3316, 5007, 3371, 3656, 4028, 635, 1926, 995, 5012, 128, 3876, 2063, 758, 3815, 2641, 2374, 3138, 4190, 1850, 954, 4179, 5049, 2669, 3355, 1960, 2016, 2620, 4538, 4407, 5126, 3167, 5169, 403, 811, 65, 121, 968, 1332, 1816, 4324, 4062, 4576, 590, 4201, 3424, 159, 2950, 281, 4615, 2812, 1686, 3514, 2890, 2509, 411, 2992, 149, 3407, 1074, 2071, 1193, 237, 3770, 1809, 4245, 979, 3469, 5231, 4183, 4837, 4502]",249,500,5,False,500
143,numeric,entity,1,True,False,True,"{2: 108, 1: 104, 5: 89, 4: 74, 3: 118, 0: 7}","[365, 353, 2801, 2313, 4363, 3055, 466, 5179, 4620, 922, 1488, 3354, 1490, 872, 280, 265, 3837, 2759, 5068, 1765, 2589, 1272, 2677, 4079, 926, 4931, 1511, 989, 3357, 999, 2993, 4192, 5431, 5121, 5175, 2470, 2867, 1374, 5434, 4983, 5381, 4304, 3235, 2126, 1748, 3628, 3439, 1615, 5008, 4767, 3479, 862, 3772, 522, 5242, 980, 4258, 3229, 787, 4436, 3886, 4934, 1882, 5154, 3111, 1353, 1329, 299, 1286, 1212, 1588, 4679, 4669, 3495, 1902, 1362, 2606, 5310, 2142, 3632, 1053, 2593, 2740, 2107, 1110, 4029, 5045, 3603, 3962, 2979, 3204, 4830, 774, 3892, 3218, 893, 666, 932, 5118, 1568, 3523, 887, 4114, 3364, 3066, 3312, 2615, 2153, 4142, 5235, 3163, 4793, 1416, 4203, 2523, 238, 1892, 167, 1434, 1240, 3542, 3856, 4008, 390, 1993, 5366, 1494, 5309, 4876, 3467, 4351, 3729, 4213, 1627, 2350, 4418, 1099, 2207, 4350, 4122, 126, 1226, 3346, 485, 461, 4316, 2763, 4212, 538, 2524, 5137, 551, 2803, 2834, 1028, 3465, 4812, 3092, 4874, 3293, 4364, 1540, 4875, 2089, 1533, 3099, 3864, 314, 3853, 5025, 936, 3013, 547, 3527, 1135, 3179, 3708, 1959, 2915, 1442, 3343, 1715, 1172, 621, 5324, 1199, 2218, 5217, 2046, 385, 4953, 4311, 5305, 4496, 4448, 3631, 5176, 528, 806, 832, 4523, 4368, 2061, 3852, 3872, 878, 2944, 3826, 1467, 3920, 2032, 2785, 5312, 850, 4325, 4817, 4528, 4631, 2673, 1419, 4022, 4047, 3515, 1333, 345, 4140, 1753, 2596, 2459, 3492, 4064, 4012, 5284, 1581, 3747, 488, 4902, 3240, 3231, 4660, 2604, 5345, 4926, 2791, 3896, 1491, 62, 5174, 1469, 478, 839, 3052, 5062, 2006, 892, 5043, 3783, 340, 2905, 2423, 3993, 145, 1939, 472, 2728, 1229, 76, 1774, 4168, 646, 3755, 2302, 3833, 2309, 3784, 1300, 4491, 5167, 993, 1136, 4597, 452, 2637, 1828, 1575, 4987, 4857, 33, 5204, 2994, 3956, 3356, 1932, 2, 4439, 3004, 4692, 5417, 2931, 3118, 4801, 2631, 2453, 2649, 4176, 1000, 1371, 959, 4302, 330, 3585, 3258, 4332, 4564, 4725, 4301, 2469, 2933, 955, 3367, 4466, 744, 15, 1582, 2199, 2281, 3882, 4530, 3131, 1808, 3728, 5433, 1145, 2174, 4890, 5229, 1468, 101, 1355, 549, 1262, 1227, 3913, 2762, 5379, 222, 988, 3088, 3480, 1783, 532, 355, 4393, 2369, 5251, 1675, 2025, 2483, 2135, 2924, 665, 1760, 2705, 4338, 2951, 1507, 939, 1243, 1285, 632, 1360, 2827, 624, 3203, 2029, 3607, 3002, 4818, 130, 3381, 3846, 4011, 2056, 1458, 1350, 3758, 4947, 5322, 1059, 1556, 864, 3345, 2939, 3659, 1466, 2067, 4380, 2797, 1076, 431, 1740, 2293, 3737, 1952, 3664, 2632, 1656, 3790, 5410, 4058, 1211, 3445, 4428, 1109, 45, 2456, 2489, 4512, 3275, 3214, 4757, 239, 5109, 2555, 3958, 3740, 1644, 4596, 2331, 3316, 5007, 3371, 3656, 4028, 635, 1926, 995, 5012, 128, 3876, 2063, 758, 3815, 2641, 2374, 3138, 4190, 1850, 954, 4179, 5049, 2669, 3355, 1960, 2016, 2620, 4538, 4407, 5126, 3167, 5169, 403, 811, 65, 121, 968, 1332, 1816, 4324, 4062, 4576, 590, 4201, 3424, 159, 2950, 281, 4615, 2812, 1686, 3514, 2890, 2509, 411, 2992, 149, 3407, 1074, 2071, 1193, 237, 3770, 1809, 4245, 979, 3469, 5231, 4183, 4837, 4502]",143,500,5,False,500
396,description,description,2,True,True,True,"{2: 108, 1: 104, 5: 89, 4: 74, 3: 118, 0: 7}","[365, 353, 2801, 2313, 4363, 3055, 466, 5179, 4620, 922, 1488, 3354, 1490, 872, 280, 265, 3837, 2759, 5068, 1765, 2589, 1272, 2677, 4079, 926, 4931, 1511, 989, 3357, 999, 2993, 4192, 5431, 5121, 5175, 2470, 2867, 1374, 5434, 4983, 5381, 4304, 3235, 2126, 1748, 3628, 3439, 1615, 5008, 4767, 3479, 862, 3772, 522, 5242, 980, 4258, 3229, 787, 4436, 3886, 4934, 1882, 5154, 3111, 1353, 1329, 299, 1286, 1212, 1588, 4679, 4669, 3495, 1902, 1362, 2606, 5310, 2142, 3632, 1053, 2593, 2740, 2107, 1110, 4029, 5045, 3603, 3962, 2979, 3204, 4830, 774, 3892, 3218, 893, 666, 932, 5118, 1568, 3523, 887, 4114, 3364, 3066, 3312, 2615, 2153, 4142, 5235, 3163, 4793, 1416, 4203, 2523, 238, 1892, 167, 1434, 1240, 3542, 3856, 4008, 390, 1993, 5366, 1494, 5309, 4876, 3467, 4351, 3729, 4213, 1627, 2350, 4418, 1099, 2207, 4350, 4122, 126, 1226, 3346, 485, 461, 4316, 2763, 4212, 538, 2524, 5137, 551, 2803, 2834, 1028, 3465, 4812, 3092, 4874, 3293, 4364, 1540, 4875, 2089, 1533, 3099, 3864, 314, 3853, 5025, 936, 3013, 547, 3527, 1135, 3179, 3708, 1959, 2915, 1442, 3343, 1715, 1172, 621, 5324, 1199, 2218, 5217, 2046, 385, 4953, 4311, 5305, 4496, 4448, 3631, 5176, 528, 806, 832, 4523, 4368, 2061, 3852, 3872, 878, 2944, 3826, 1467, 3920, 2032, 2785, 5312, 850, 4325, 4817, 4528, 4631, 2673, 1419, 4022, 4047, 3515, 1333, 345, 4140, 1753, 2596, 2459, 3492, 4064, 4012, 5284, 1581, 3747, 488, 4902, 3240, 3231, 4660, 2604, 5345, 4926, 2791, 3896, 1491, 62, 5174, 1469, 478, 839, 3052, 5062, 2006, 892, 5043, 3783, 340, 2905, 2423, 3993, 145, 1939, 472, 2728, 1229, 76, 1774, 4168, 646, 3755, 2302, 3833, 2309, 3784, 1300, 4491, 5167, 993, 1136, 4597, 452, 2637, 1828, 1575, 4987, 4857, 33, 5204, 2994, 3956, 3356, 1932, 2, 4439, 3004, 4692, 5417, 2931, 3118, 4801, 2631, 2453, 2649, 4176, 1000, 1371, 959, 4302, 330, 3585, 3258, 4332, 4564, 4725, 4301, 2469, 2933, 955, 3367, 4466, 744, 15, 1582, 2199, 2281, 3882, 4530, 3131, 1808, 3728, 5433, 1145, 2174, 4890, 5229, 1468, 101, 1355, 549, 1262, 1227, 3913, 2762, 5379, 222, 988, 3088, 3480, 1783, 532, 355, 4393, 2369, 5251, 1675, 2025, 2483, 2135, 2924, 665, 1760, 2705, 4338, 2951, 1507, 939, 1243, 1285, 632, 1360, 2827, 624, 3203, 2029, 3607, 3002, 4818, 130, 3381, 3846, 4011, 2056, 1458, 1350, 3758, 4947, 5322, 1059, 1556, 864, 3345, 2939, 3659, 1466, 2067, 4380, 2797, 1076, 431, 1740, 2293, 3737, 1952, 3664, 2632, 1656, 3790, 5410, 4058, 1211, 3445, 4428, 1109, 45, 2456, 2489, 4512, 3275, 3214, 4757, 239, 5109, 2555, 3958, 3740, 1644, 4596, 2331, 3316, 5007, 3371, 3656, 4028, 635, 1926, 995, 5012, 128, 3876, 2063, 758, 3815, 2641, 2374, 3138, 4190, 1850, 954, 4179, 5049, 2669, 3355, 1960, 2016, 2620, 4538, 4407, 5126, 3167, 5169, 403, 811, 65, 121, 968, 1332, 1816, 4324, 4062, 4576, 590, 4201, 3424, 159, 2950, 281, 4615, 2812, 1686, 3514, 2890, 2509, 411, 2992, 149, 3407, 1074, 2071, 1193, 237, 3770, 1809, 4245, 979, 3469, 5231, 4183, 4837, 4502]",396,500,5,False,500
71,numeric,numeric,5,True,True,True,"{2: 108, 1: 104, 5: 89, 4: 74, 3: 118, 0: 7}","[365, 353, 2801, 2313, 4363, 3055, 466, 5179, 4620, 922, 1488, 3354, 1490, 872, 280, 265, 3837, 2759, 5068, 1765, 2589, 1272, 2677, 4079, 926, 4931, 1511, 989, 3357, 999, 2993, 4192, 5431, 5121, 5175, 2470, 2867, 1374, 5434, 4983, 5381, 4304, 3235, 2126, 1748, 3628, 3439, 1615, 5008, 4767, 3479, 862, 3772, 522, 5242, 980, 4258, 3229, 787, 4436, 3886, 4934, 1882, 5154, 3111, 1353, 1329, 299, 1286, 1212, 1588, 4679, 4669, 3495, 1902, 1362, 2606, 5310, 2142, 3632, 1053, 2593, 2740, 2107, 1110, 4029, 5045, 3603, 3962, 2979, 3204, 4830, 774, 3892, 3218, 893, 666, 932, 5118, 1568, 3523, 887, 4114, 3364, 3066, 3312, 2615, 2153, 4142, 5235, 3163, 4793, 1416, 4203, 2523, 238, 1892, 167, 1434, 1240, 3542, 3856, 4008, 390, 1993, 5366, 1494, 5309, 4876, 3467, 4351, 3729, 4213, 1627, 2350, 4418, 1099, 2207, 4350, 4122, 126, 1226, 3346, 485, 461, 4316, 2763, 4212, 538, 2524, 5137, 551, 2803, 2834, 1028, 3465, 4812, 3092, 4874, 3293, 4364, 1540, 4875, 2089, 1533, 3099, 3864, 314, 3853, 5025, 936, 3013, 547, 3527, 1135, 3179, 3708, 1959, 2915, 1442, 3343, 1715, 1172, 621, 5324, 1199, 2218, 5217, 2046, 385, 4953, 4311, 5305, 4496, 4448, 3631, 5176, 528, 806, 832, 4523, 4368, 2061, 3852, 3872, 878, 2944, 3826, 1467, 3920, 2032, 2785, 5312, 850, 4325, 4817, 4528, 4631, 2673, 1419, 4022, 4047, 3515, 1333, 345, 4140, 1753, 2596, 2459, 3492, 4064, 4012, 5284, 1581, 3747, 488, 4902, 3240, 3231, 4660, 2604, 5345, 4926, 2791, 3896, 1491, 62, 5174, 1469, 478, 839, 3052, 5062, 2006, 892, 5043, 3783, 340, 2905, 2423, 3993, 145, 1939, 472, 2728, 1229, 76, 1774, 4168, 646, 3755, 2302, 3833, 2309, 3784, 1300, 4491, 5167, 993, 1136, 4597, 452, 2637, 1828, 1575, 4987, 4857, 33, 5204, 2994, 3956, 3356, 1932, 2, 4439, 3004, 4692, 5417, 2931, 3118, 4801, 2631, 2453, 2649, 4176, 1000, 1371, 959, 4302, 330, 3585, 3258, 4332, 4564, 4725, 4301, 2469, 2933, 955, 3367, 4466, 744, 15, 1582, 2199, 2281, 3882, 4530, 3131, 1808, 3728, 5433, 1145, 2174, 4890, 5229, 1468, 101, 1355, 549, 1262, 1227, 3913, 2762, 5379, 222, 988, 3088, 3480, 1783, 532, 355, 4393, 2369, 5251, 1675, 2025, 2483, 2135, 2924, 665, 1760, 2705, 4338, 2951, 1507, 939, 1243, 1285, 632, 1360, 2827, 624, 3203, 2029, 3607, 3002, 4818, 130, 3381, 3846, 4011, 2056, 1458, 1350, 3758, 4947, 5322, 1059, 1556, 864, 3345, 2939, 3659, 1466, 2067, 4380, 2797, 1076, 431, 1740, 2293, 3737, 1952, 3664, 2632, 1656, 3790, 5410, 4058, 1211, 3445, 4428, 1109, 45, 2456, 2489, 4512, 3275, 3214, 4757, 239, 5109, 2555, 3958, 3740, 1644, 4596, 2331, 3316, 5007, 3371, 3656, 4028, 635, 1926, 995, 5012, 128, 3876, 2063, 758, 3815, 2641, 2374, 3138, 4190, 1850, 954, 4179, 5049, 2669, 3355, 1960, 2016, 2620, 4538, 4407, 5126, 3167, 5169, 403, 811, 65, 121, 968, 1332, 1816, 4324, 4062, 4576, 590, 4201, 3424, 159, 2950, 281, 4615, 2812, 1686, 3514, 2890, 2509, 411, 2992, 149, 3407, 1074, 2071, 1193, 237, 3770, 1809, 4245, 979, 3469, 5231, 4183, 4837, 4502]",71,500,5,False,500
168,numeric,location,4,True,False,True,"{2: 108, 1: 104, 5: 89, 4: 74, 3: 118, 0: 7}","[365, 353, 2801, 2313, 4363, 3055, 466, 5179, 4620, 922, 1488, 3354, 1490, 872, 280, 265, 3837, 2759, 5068, 1765, 2589, 1272, 2677, 4079, 926, 4931, 1511, 989, 3357, 999, 2993, 4192, 5431, 5121, 5175, 2470, 2867, 1374, 5434, 4983, 5381, 4304, 3235, 2126, 1748, 3628, 3439, 1615, 5008, 4767, 3479, 862, 3772, 522, 5242, 980, 4258, 3229, 787, 4436, 3886, 4934, 1882, 5154, 3111, 1353, 1329, 299, 1286, 1212, 1588, 4679, 4669, 3495, 1902, 1362, 2606, 5310, 2142, 3632, 1053, 2593, 2740, 2107, 1110, 4029, 5045, 3603, 3962, 2979, 3204, 4830, 774, 3892, 3218, 893, 666, 932, 5118, 1568, 3523, 887, 4114, 3364, 3066, 3312, 2615, 2153, 4142, 5235, 3163, 4793, 1416, 4203, 2523, 238, 1892, 167, 1434, 1240, 3542, 3856, 4008, 390, 1993, 5366, 1494, 5309, 4876, 3467, 4351, 3729, 4213, 1627, 2350, 4418, 1099, 2207, 4350, 4122, 126, 1226, 3346, 485, 461, 4316, 2763, 4212, 538, 2524, 5137, 551, 2803, 2834, 1028, 3465, 4812, 3092, 4874, 3293, 4364, 1540, 4875, 2089, 1533, 3099, 3864, 314, 3853, 5025, 936, 3013, 547, 3527, 1135, 3179, 3708, 1959, 2915, 1442, 3343, 1715, 1172, 621, 5324, 1199, 2218, 5217, 2046, 385, 4953, 4311, 5305, 4496, 4448, 3631, 5176, 528, 806, 832, 4523, 4368, 2061, 3852, 3872, 878, 2944, 3826, 1467, 3920, 2032, 2785, 5312, 850, 4325, 4817, 4528, 4631, 2673, 1419, 4022, 4047, 3515, 1333, 345, 4140, 1753, 2596, 2459, 3492, 4064, 4012, 5284, 1581, 3747, 488, 4902, 3240, 3231, 4660, 2604, 5345, 4926, 2791, 3896, 1491, 62, 5174, 1469, 478, 839, 3052, 5062, 2006, 892, 5043, 3783, 340, 2905, 2423, 3993, 145, 1939, 472, 2728, 1229, 76, 1774, 4168, 646, 3755, 2302, 3833, 2309, 3784, 1300, 4491, 5167, 993, 1136, 4597, 452, 2637, 1828, 1575, 4987, 4857, 33, 5204, 2994, 3956, 3356, 1932, 2, 4439, 3004, 4692, 5417, 2931, 3118, 4801, 2631, 2453, 2649, 4176, 1000, 1371, 959, 4302, 330, 3585, 3258, 4332, 4564, 4725, 4301, 2469, 2933, 955, 3367, 4466, 744, 15, 1582, 2199, 2281, 3882, 4530, 3131, 1808, 3728, 5433, 1145, 2174, 4890, 5229, 1468, 101, 1355, 549, 1262, 1227, 3913, 2762, 5379, 222, 988, 3088, 3480, 1783, 532, 355, 4393, 2369, 5251, 1675, 2025, 2483, 2135, 2924, 665, 1760, 2705, 4338, 2951, 1507, 939, 1243, 1285, 632, 1360, 2827, 624, 3203, 2029, 3607, 3002, 4818, 130, 3381, 3846, 4011, 2056, 1458, 1350, 3758, 4947, 5322, 1059, 1556, 864, 3345, 2939, 3659, 1466, 2067, 4380, 2797, 1076, 431, 1740, 2293, 3737, 1952, 3664, 2632, 1656, 3790, 5410, 4058, 1211, 3445, 4428, 1109, 45, 2456, 2489, 4512, 3275, 3214, 4757, 239, 5109, 2555, 3958, 3740, 1644, 4596, 2331, 3316, 5007, 3371, 3656, 4028, 635, 1926, 995, 5012, 128, 3876, 2063, 758, 3815, 2641, 2374, 3138, 4190, 1850, 954, 4179, 5049, 2669, 3355, 1960, 2016, 2620, 4538, 4407, 5126, 3167, 5169, 403, 811, 65, 121, 968, 1332, 1816, 4324, 4062, 4576, 590, 4201, 3424, 159, 2950, 281, 4615, 2812, 1686, 3514, 2890, 2509, 411, 2992, 149, 3407, 1074, 2071, 1193, 237, 3770, 1809, 4245, 979, 3469, 5231, 4183, 4837, 4502]",168,500,5,False,500
199,numeric,entity,1,True,False,True,"{2: 108, 1: 104, 5: 89, 4: 74, 3: 118, 0: 7}","[365, 353, 2801, 2313, 4363, 3055, 466, 5179, 4620, 922, 1488, 3354, 1490, 872, 280, 265, 3837, 2759, 5068, 1765, 2589, 1272, 2677, 4079, 926, 4931, 1511, 989, 3357, 999, 2993, 4192, 5431, 5121, 5175, 2470, 2867, 1374, 5434, 4983, 5381, 4304, 3235, 2126, 1748, 3628, 3439, 1615, 5008, 4767, 3479, 862, 3772, 522, 5242, 980, 4258, 3229, 787, 4436, 3886, 4934, 1882, 5154, 3111, 1353, 1329, 299, 1286, 1212, 1588, 4679, 4669, 3495, 1902, 1362, 2606, 5310, 2142, 3632, 1053, 2593, 2740, 2107, 1110, 4029, 5045, 3603, 3962, 2979, 3204, 4830, 774, 3892, 3218, 893, 666, 932, 5118, 1568, 3523, 887, 4114, 3364, 3066, 3312, 2615, 2153, 4142, 5235, 3163, 4793, 1416, 4203, 2523, 238, 1892, 167, 1434, 1240, 3542, 3856, 4008, 390, 1993, 5366, 1494, 5309, 4876, 3467, 4351, 3729, 4213, 1627, 2350, 4418, 1099, 2207, 4350, 4122, 126, 1226, 3346, 485, 461, 4316, 2763, 4212, 538, 2524, 5137, 551, 2803, 2834, 1028, 3465, 4812, 3092, 4874, 3293, 4364, 1540, 4875, 2089, 1533, 3099, 3864, 314, 3853, 5025, 936, 3013, 547, 3527, 1135, 3179, 3708, 1959, 2915, 1442, 3343, 1715, 1172, 621, 5324, 1199, 2218, 5217, 2046, 385, 4953, 4311, 5305, 4496, 4448, 3631, 5176, 528, 806, 832, 4523, 4368, 2061, 3852, 3872, 878, 2944, 3826, 1467, 3920, 2032, 2785, 5312, 850, 4325, 4817, 4528, 4631, 2673, 1419, 4022, 4047, 3515, 1333, 345, 4140, 1753, 2596, 2459, 3492, 4064, 4012, 5284, 1581, 3747, 488, 4902, 3240, 3231, 4660, 2604, 5345, 4926, 2791, 3896, 1491, 62, 5174, 1469, 478, 839, 3052, 5062, 2006, 892, 5043, 3783, 340, 2905, 2423, 3993, 145, 1939, 472, 2728, 1229, 76, 1774, 4168, 646, 3755, 2302, 3833, 2309, 3784, 1300, 4491, 5167, 993, 1136, 4597, 452, 2637, 1828, 1575, 4987, 4857, 33, 5204, 2994, 3956, 3356, 1932, 2, 4439, 3004, 4692, 5417, 2931, 3118, 4801, 2631, 2453, 2649, 4176, 1000, 1371, 959, 4302, 330, 3585, 3258, 4332, 4564, 4725, 4301, 2469, 2933, 955, 3367, 4466, 744, 15, 1582, 2199, 2281, 3882, 4530, 3131, 1808, 3728, 5433, 1145, 2174, 4890, 5229, 1468, 101, 1355, 549, 1262, 1227, 3913, 2762, 5379, 222, 988, 3088, 3480, 1783, 532, 355, 4393, 2369, 5251, 1675, 2025, 2483, 2135, 2924, 665, 1760, 2705, 4338, 2951, 1507, 939, 1243, 1285, 632, 1360, 2827, 624, 3203, 2029, 3607, 3002, 4818, 130, 3381, 3846, 4011, 2056, 1458, 1350, 3758, 4947, 5322, 1059, 1556, 864, 3345, 2939, 3659, 1466, 2067, 4380, 2797, 1076, 431, 1740, 2293, 3737, 1952, 3664, 2632, 1656, 3790, 5410, 4058, 1211, 3445, 4428, 1109, 45, 2456, 2489, 4512, 3275, 3214, 4757, 239, 5109, 2555, 3958, 3740, 1644, 4596, 2331, 3316, 5007, 3371, 3656, 4028, 635, 1926, 995, 5012, 128, 3876, 2063, 758, 3815, 2641, 2374, 3138, 4190, 1850, 954, 4179, 5049, 2669, 3355, 1960, 2016, 2620, 4538, 4407, 5126, 3167, 5169, 403, 811, 65, 121, 968, 1332, 1816, 4324, 4062, 4576, 590, 4201, 3424, 159, 2950, 281, 4615, 2812, 1686, 3514, 2890, 2509, 411, 2992, 149, 3407, 1074, 2071, 1193, 237, 3770, 1809, 4245, 979, 3469, 5231, 4183, 4837, 4502]",199,500,5,False,500
366,numeric,entity,1,True,False,True,"{2: 108, 1: 104, 5: 89, 4: 74, 3: 118, 0: 7}","[365, 353, 2801, 2313, 4363, 3055, 466, 5179, 4620, 922, 1488, 3354, 1490, 872, 280, 265, 3837, 2759, 5068, 1765, 2589, 1272, 2677, 4079, 926, 4931, 1511, 989, 3357, 999, 2993, 4192, 5431, 5121, 5175, 2470, 2867, 1374, 5434, 4983, 5381, 4304, 3235, 2126, 1748, 3628, 3439, 1615, 5008, 4767, 3479, 862, 3772, 522, 5242, 980, 4258, 3229, 787, 4436, 3886, 4934, 1882, 5154, 3111, 1353, 1329, 299, 1286, 1212, 1588, 4679, 4669, 3495, 1902, 1362, 2606, 5310, 2142, 3632, 1053, 2593, 2740, 2107, 1110, 4029, 5045, 3603, 3962, 2979, 3204, 4830, 774, 3892, 3218, 893, 666, 932, 5118, 1568, 3523, 887, 4114, 3364, 3066, 3312, 2615, 2153, 4142, 5235, 3163, 4793, 1416, 4203, 2523, 238, 1892, 167, 1434, 1240, 3542, 3856, 4008, 390, 1993, 5366, 1494, 5309, 4876, 3467, 4351, 3729, 4213, 1627, 2350, 4418, 1099, 2207, 4350, 4122, 126, 1226, 3346, 485, 461, 4316, 2763, 4212, 538, 2524, 5137, 551, 2803, 2834, 1028, 3465, 4812, 3092, 4874, 3293, 4364, 1540, 4875, 2089, 1533, 3099, 3864, 314, 3853, 5025, 936, 3013, 547, 3527, 1135, 3179, 3708, 1959, 2915, 1442, 3343, 1715, 1172, 621, 5324, 1199, 2218, 5217, 2046, 385, 4953, 4311, 5305, 4496, 4448, 3631, 5176, 528, 806, 832, 4523, 4368, 2061, 3852, 3872, 878, 2944, 3826, 1467, 3920, 2032, 2785, 5312, 850, 4325, 4817, 4528, 4631, 2673, 1419, 4022, 4047, 3515, 1333, 345, 4140, 1753, 2596, 2459, 3492, 4064, 4012, 5284, 1581, 3747, 488, 4902, 3240, 3231, 4660, 2604, 5345, 4926, 2791, 3896, 1491, 62, 5174, 1469, 478, 839, 3052, 5062, 2006, 892, 5043, 3783, 340, 2905, 2423, 3993, 145, 1939, 472, 2728, 1229, 76, 1774, 4168, 646, 3755, 2302, 3833, 2309, 3784, 1300, 4491, 5167, 993, 1136, 4597, 452, 2637, 1828, 1575, 4987, 4857, 33, 5204, 2994, 3956, 3356, 1932, 2, 4439, 3004, 4692, 5417, 2931, 3118, 4801, 2631, 2453, 2649, 4176, 1000, 1371, 959, 4302, 330, 3585, 3258, 4332, 4564, 4725, 4301, 2469, 2933, 955, 3367, 4466, 744, 15, 1582, 2199, 2281, 3882, 4530, 3131, 1808, 3728, 5433, 1145, 2174, 4890, 5229, 1468, 101, 1355, 549, 1262, 1227, 3913, 2762, 5379, 222, 988, 3088, 3480, 1783, 532, 355, 4393, 2369, 5251, 1675, 2025, 2483, 2135, 2924, 665, 1760, 2705, 4338, 2951, 1507, 939, 1243, 1285, 632, 1360, 2827, 624, 3203, 2029, 3607, 3002, 4818, 130, 3381, 3846, 4011, 2056, 1458, 1350, 3758, 4947, 5322, 1059, 1556, 864, 3345, 2939, 3659, 1466, 2067, 4380, 2797, 1076, 431, 1740, 2293, 3737, 1952, 3664, 2632, 1656, 3790, 5410, 4058, 1211, 3445, 4428, 1109, 45, 2456, 2489, 4512, 3275, 3214, 4757, 239, 5109, 2555, 3958, 3740, 1644, 4596, 2331, 3316, 5007, 3371, 3656, 4028, 635, 1926, 995, 5012, 128, 3876, 2063, 758, 3815, 2641, 2374, 3138, 4190, 1850, 954, 4179, 5049, 2669, 3355, 1960, 2016, 2620, 4538, 4407, 5126, 3167, 5169, 403, 811, 65, 121, 968, 1332, 1816, 4324, 4062, 4576, 590, 4201, 3424, 159, 2950, 281, 4615, 2812, 1686, 3514, 2890, 2509, 411, 2992, 149, 3407, 1074, 2071, 1193, 237, 3770, 1809, 4245, 979, 3469, 5231, 4183, 4837, 4502]",366,500,5,False,500
464,location,location,4,True,True,True,"{2: 108, 1: 104, 5: 89, 4: 74, 3: 118, 0: 7}","[365, 353, 2801, 2313, 4363, 3055, 466, 5179, 4620, 922, 1488, 3354, 1490, 872, 280, 265, 3837, 2759, 5068, 1765, 2589, 1272, 2677, 4079, 926, 4931, 1511, 989, 3357, 999, 2993, 4192, 5431, 5121, 5175, 2470, 2867, 1374, 5434, 4983, 5381, 4304, 3235, 2126, 1748, 3628, 3439, 1615, 5008, 4767, 3479, 862, 3772, 522, 5242, 980, 4258, 3229, 787, 4436, 3886, 4934, 1882, 5154, 3111, 1353, 1329, 299, 1286, 1212, 1588, 4679, 4669, 3495, 1902, 1362, 2606, 5310, 2142, 3632, 1053, 2593, 2740, 2107, 1110, 4029, 5045, 3603, 3962, 2979, 3204, 4830, 774, 3892, 3218, 893, 666, 932, 5118, 1568, 3523, 887, 4114, 3364, 3066, 3312, 2615, 2153, 4142, 5235, 3163, 4793, 1416, 4203, 2523, 238, 1892, 167, 1434, 1240, 3542, 3856, 4008, 390, 1993, 5366, 1494, 5309, 4876, 3467, 4351, 3729, 4213, 1627, 2350, 4418, 1099, 2207, 4350, 4122, 126, 1226, 3346, 485, 461, 4316, 2763, 4212, 538, 2524, 5137, 551, 2803, 2834, 1028, 3465, 4812, 3092, 4874, 3293, 4364, 1540, 4875, 2089, 1533, 3099, 3864, 314, 3853, 5025, 936, 3013, 547, 3527, 1135, 3179, 3708, 1959, 2915, 1442, 3343, 1715, 1172, 621, 5324, 1199, 2218, 5217, 2046, 385, 4953, 4311, 5305, 4496, 4448, 3631, 5176, 528, 806, 832, 4523, 4368, 2061, 3852, 3872, 878, 2944, 3826, 1467, 3920, 2032, 2785, 5312, 850, 4325, 4817, 4528, 4631, 2673, 1419, 4022, 4047, 3515, 1333, 345, 4140, 1753, 2596, 2459, 3492, 4064, 4012, 5284, 1581, 3747, 488, 4902, 3240, 3231, 4660, 2604, 5345, 4926, 2791, 3896, 1491, 62, 5174, 1469, 478, 839, 3052, 5062, 2006, 892, 5043, 3783, 340, 2905, 2423, 3993, 145, 1939, 472, 2728, 1229, 76, 1774, 4168, 646, 3755, 2302, 3833, 2309, 3784, 1300, 4491, 5167, 993, 1136, 4597, 452, 2637, 1828, 1575, 4987, 4857, 33, 5204, 2994, 3956, 3356, 1932, 2, 4439, 3004, 4692, 5417, 2931, 3118, 4801, 2631, 2453, 2649, 4176, 1000, 1371, 959, 4302, 330, 3585, 3258, 4332, 4564, 4725, 4301, 2469, 2933, 955, 3367, 4466, 744, 15, 1582, 2199, 2281, 3882, 4530, 3131, 1808, 3728, 5433, 1145, 2174, 4890, 5229, 1468, 101, 1355, 549, 1262, 1227, 3913, 2762, 5379, 222, 988, 3088, 3480, 1783, 532, 355, 4393, 2369, 5251, 1675, 2025, 2483, 2135, 2924, 665, 1760, 2705, 4338, 2951, 1507, 939, 1243, 1285, 632, 1360, 2827, 624, 3203, 2029, 3607, 3002, 4818, 130, 3381, 3846, 4011, 2056, 1458, 1350, 3758, 4947, 5322, 1059, 1556, 864, 3345, 2939, 3659, 1466, 2067, 4380, 2797, 1076, 431, 1740, 2293, 3737, 1952, 3664, 2632, 1656, 3790, 5410, 4058, 1211, 3445, 4428, 1109, 45, 2456, 2489, 4512, 3275, 3214, 4757, 239, 5109, 2555, 3958, 3740, 1644, 4596, 2331, 3316, 5007, 3371, 3656, 4028, 635, 1926, 995, 5012, 128, 3876, 2063, 758, 3815, 2641, 2374, 3138, 4190, 1850, 954, 4179, 5049, 2669, 3355, 1960, 2016, 2620, 4538, 4407, 5126, 3167, 5169, 403, 811, 65, 121, 968, 1332, 1816, 4324, 4062, 4576, 590, 4201, 3424, 159, 2950, 281, 4615, 2812, 1686, 3514, 2890, 2509, 411, 2992, 149, 3407, 1074, 2071, 1193, 237, 3770, 1809, 4245, 979, 3469, 5231, 4183, 4837, 4502]",464,500,5,False,500
318,numeric,entity,1,True,False,True,"{2: 108, 1: 104, 5: 89, 4: 74, 3: 118, 0: 7}","[365, 353, 2801, 2313, 4363, 3055, 466, 5179, 4620, 922, 1488, 3354, 1490, 872, 280, 265, 3837, 2759, 5068, 1765, 2589, 1272, 2677, 4079, 926, 4931, 1511, 989, 3357, 999, 2993, 4192, 5431, 5121, 5175, 2470, 2867, 1374, 5434, 4983, 5381, 4304, 3235, 2126, 1748, 3628, 3439, 1615, 5008, 4767, 3479, 862, 3772, 522, 5242, 980, 4258, 3229, 787, 4436, 3886, 4934, 1882, 5154, 3111, 1353, 1329, 299, 1286, 1212, 1588, 4679, 4669, 3495, 1902, 1362, 2606, 5310, 2142, 3632, 1053, 2593, 2740, 2107, 1110, 4029, 5045, 3603, 3962, 2979, 3204, 4830, 774, 3892, 3218, 893, 666, 932, 5118, 1568, 3523, 887, 4114, 3364, 3066, 3312, 2615, 2153, 4142, 5235, 3163, 4793, 1416, 4203, 2523, 238, 1892, 167, 1434, 1240, 3542, 3856, 4008, 390, 1993, 5366, 1494, 5309, 4876, 3467, 4351, 3729, 4213, 1627, 2350, 4418, 1099, 2207, 4350, 4122, 126, 1226, 3346, 485, 461, 4316, 2763, 4212, 538, 2524, 5137, 551, 2803, 2834, 1028, 3465, 4812, 3092, 4874, 3293, 4364, 1540, 4875, 2089, 1533, 3099, 3864, 314, 3853, 5025, 936, 3013, 547, 3527, 1135, 3179, 3708, 1959, 2915, 1442, 3343, 1715, 1172, 621, 5324, 1199, 2218, 5217, 2046, 385, 4953, 4311, 5305, 4496, 4448, 3631, 5176, 528, 806, 832, 4523, 4368, 2061, 3852, 3872, 878, 2944, 3826, 1467, 3920, 2032, 2785, 5312, 850, 4325, 4817, 4528, 4631, 2673, 1419, 4022, 4047, 3515, 1333, 345, 4140, 1753, 2596, 2459, 3492, 4064, 4012, 5284, 1581, 3747, 488, 4902, 3240, 3231, 4660, 2604, 5345, 4926, 2791, 3896, 1491, 62, 5174, 1469, 478, 839, 3052, 5062, 2006, 892, 5043, 3783, 340, 2905, 2423, 3993, 145, 1939, 472, 2728, 1229, 76, 1774, 4168, 646, 3755, 2302, 3833, 2309, 3784, 1300, 4491, 5167, 993, 1136, 4597, 452, 2637, 1828, 1575, 4987, 4857, 33, 5204, 2994, 3956, 3356, 1932, 2, 4439, 3004, 4692, 5417, 2931, 3118, 4801, 2631, 2453, 2649, 4176, 1000, 1371, 959, 4302, 330, 3585, 3258, 4332, 4564, 4725, 4301, 2469, 2933, 955, 3367, 4466, 744, 15, 1582, 2199, 2281, 3882, 4530, 3131, 1808, 3728, 5433, 1145, 2174, 4890, 5229, 1468, 101, 1355, 549, 1262, 1227, 3913, 2762, 5379, 222, 988, 3088, 3480, 1783, 532, 355, 4393, 2369, 5251, 1675, 2025, 2483, 2135, 2924, 665, 1760, 2705, 4338, 2951, 1507, 939, 1243, 1285, 632, 1360, 2827, 624, 3203, 2029, 3607, 3002, 4818, 130, 3381, 3846, 4011, 2056, 1458, 1350, 3758, 4947, 5322, 1059, 1556, 864, 3345, 2939, 3659, 1466, 2067, 4380, 2797, 1076, 431, 1740, 2293, 3737, 1952, 3664, 2632, 1656, 3790, 5410, 4058, 1211, 3445, 4428, 1109, 45, 2456, 2489, 4512, 3275, 3214, 4757, 239, 5109, 2555, 3958, 3740, 1644, 4596, 2331, 3316, 5007, 3371, 3656, 4028, 635, 1926, 995, 5012, 128, 3876, 2063, 758, 3815, 2641, 2374, 3138, 4190, 1850, 954, 4179, 5049, 2669, 3355, 1960, 2016, 2620, 4538, 4407, 5126, 3167, 5169, 403, 811, 65, 121, 968, 1332, 1816, 4324, 4062, 4576, 590, 4201, 3424, 159, 2950, 281, 4615, 2812, 1686, 3514, 2890, 2509, 411, 2992, 149, 3407, 1074, 2071, 1193, 237, 3770, 1809, 4245, 979, 3469, 5231, 4183, 4837, 4502]",318,500,5,False,500
242,numeric,description,2,True,False,True,"{2: 108, 1: 104, 5: 89, 4: 74, 3: 118, 0: 7}","[365, 353, 2801, 2313, 4363, 3055, 466, 5179, 4620, 922, 1488, 3354, 1490, 872, 280, 265, 3837, 2759, 5068, 1765, 2589, 1272, 2677, 4079, 926, 4931, 1511, 989, 3357, 999, 2993, 4192, 5431, 5121, 5175, 2470, 2867, 1374, 5434, 4983, 5381, 4304, 3235, 2126, 1748, 3628, 3439, 1615, 5008, 4767, 3479, 862, 3772, 522, 5242, 980, 4258, 3229, 787, 4436, 3886, 4934, 1882, 5154, 3111, 1353, 1329, 299, 1286, 1212, 1588, 4679, 4669, 3495, 1902, 1362, 2606, 5310, 2142, 3632, 1053, 2593, 2740, 2107, 1110, 4029, 5045, 3603, 3962, 2979, 3204, 4830, 774, 3892, 3218, 893, 666, 932, 5118, 1568, 3523, 887, 4114, 3364, 3066, 3312, 2615, 2153, 4142, 5235, 3163, 4793, 1416, 4203, 2523, 238, 1892, 167, 1434, 1240, 3542, 3856, 4008, 390, 1993, 5366, 1494, 5309, 4876, 3467, 4351, 3729, 4213, 1627, 2350, 4418, 1099, 2207, 4350, 4122, 126, 1226, 3346, 485, 461, 4316, 2763, 4212, 538, 2524, 5137, 551, 2803, 2834, 1028, 3465, 4812, 3092, 4874, 3293, 4364, 1540, 4875, 2089, 1533, 3099, 3864, 314, 3853, 5025, 936, 3013, 547, 3527, 1135, 3179, 3708, 1959, 2915, 1442, 3343, 1715, 1172, 621, 5324, 1199, 2218, 5217, 2046, 385, 4953, 4311, 5305, 4496, 4448, 3631, 5176, 528, 806, 832, 4523, 4368, 2061, 3852, 3872, 878, 2944, 3826, 1467, 3920, 2032, 2785, 5312, 850, 4325, 4817, 4528, 4631, 2673, 1419, 4022, 4047, 3515, 1333, 345, 4140, 1753, 2596, 2459, 3492, 4064, 4012, 5284, 1581, 3747, 488, 4902, 3240, 3231, 4660, 2604, 5345, 4926, 2791, 3896, 1491, 62, 5174, 1469, 478, 839, 3052, 5062, 2006, 892, 5043, 3783, 340, 2905, 2423, 3993, 145, 1939, 472, 2728, 1229, 76, 1774, 4168, 646, 3755, 2302, 3833, 2309, 3784, 1300, 4491, 5167, 993, 1136, 4597, 452, 2637, 1828, 1575, 4987, 4857, 33, 5204, 2994, 3956, 3356, 1932, 2, 4439, 3004, 4692, 5417, 2931, 3118, 4801, 2631, 2453, 2649, 4176, 1000, 1371, 959, 4302, 330, 3585, 3258, 4332, 4564, 4725, 4301, 2469, 2933, 955, 3367, 4466, 744, 15, 1582, 2199, 2281, 3882, 4530, 3131, 1808, 3728, 5433, 1145, 2174, 4890, 5229, 1468, 101, 1355, 549, 1262, 1227, 3913, 2762, 5379, 222, 988, 3088, 3480, 1783, 532, 355, 4393, 2369, 5251, 1675, 2025, 2483, 2135, 2924, 665, 1760, 2705, 4338, 2951, 1507, 939, 1243, 1285, 632, 1360, 2827, 624, 3203, 2029, 3607, 3002, 4818, 130, 3381, 3846, 4011, 2056, 1458, 1350, 3758, 4947, 5322, 1059, 1556, 864, 3345, 2939, 3659, 1466, 2067, 4380, 2797, 1076, 431, 1740, 2293, 3737, 1952, 3664, 2632, 1656, 3790, 5410, 4058, 1211, 3445, 4428, 1109, 45, 2456, 2489, 4512, 3275, 3214, 4757, 239, 5109, 2555, 3958, 3740, 1644, 4596, 2331, 3316, 5007, 3371, 3656, 4028, 635, 1926, 995, 5012, 128, 3876, 2063, 758, 3815, 2641, 2374, 3138, 4190, 1850, 954, 4179, 5049, 2669, 3355, 1960, 2016, 2620, 4538, 4407, 5126, 3167, 5169, 403, 811, 65, 121, 968, 1332, 1816, 4324, 4062, 4576, 590, 4201, 3424, 159, 2950, 281, 4615, 2812, 1686, 3514, 2890, 2509, 411, 2992, 149, 3407, 1074, 2071, 1193, 237, 3770, 1809, 4245, 979, 3469, 5231, 4183, 4837, 4502]",242,500,5,False,500
69,location,location,4,True,True,True,"{2: 108, 1: 104, 5: 89, 4: 74, 3: 118, 0: 7}","[365, 353, 2801, 2313, 4363, 3055, 466, 5179, 4620, 922, 1488, 3354, 1490, 872, 280, 265, 3837, 2759, 5068, 1765, 2589, 1272, 2677, 4079, 926, 4931, 1511, 989, 3357, 999, 2993, 4192, 5431, 5121, 5175, 2470, 2867, 1374, 5434, 4983, 5381, 4304, 3235, 2126, 1748, 3628, 3439, 1615, 5008, 4767, 3479, 862, 3772, 522, 5242, 980, 4258, 3229, 787, 4436, 3886, 4934, 1882, 5154, 3111, 1353, 1329, 299, 1286, 1212, 1588, 4679, 4669, 3495, 1902, 1362, 2606, 5310, 2142, 3632, 1053, 2593, 2740, 2107, 1110, 4029, 5045, 3603, 3962, 2979, 3204, 4830, 774, 3892, 3218, 893, 666, 932, 5118, 1568, 3523, 887, 4114, 3364, 3066, 3312, 2615, 2153, 4142, 5235, 3163, 4793, 1416, 4203, 2523, 238, 1892, 167, 1434, 1240, 3542, 3856, 4008, 390, 1993, 5366, 1494, 5309, 4876, 3467, 4351, 3729, 4213, 1627, 2350, 4418, 1099, 2207, 4350, 4122, 126, 1226, 3346, 485, 461, 4316, 2763, 4212, 538, 2524, 5137, 551, 2803, 2834, 1028, 3465, 4812, 3092, 4874, 3293, 4364, 1540, 4875, 2089, 1533, 3099, 3864, 314, 3853, 5025, 936, 3013, 547, 3527, 1135, 3179, 3708, 1959, 2915, 1442, 3343, 1715, 1172, 621, 5324, 1199, 2218, 5217, 2046, 385, 4953, 4311, 5305, 4496, 4448, 3631, 5176, 528, 806, 832, 4523, 4368, 2061, 3852, 3872, 878, 2944, 3826, 1467, 3920, 2032, 2785, 5312, 850, 4325, 4817, 4528, 4631, 2673, 1419, 4022, 4047, 3515, 1333, 345, 4140, 1753, 2596, 2459, 3492, 4064, 4012, 5284, 1581, 3747, 488, 4902, 3240, 3231, 4660, 2604, 5345, 4926, 2791, 3896, 1491, 62, 5174, 1469, 478, 839, 3052, 5062, 2006, 892, 5043, 3783, 340, 2905, 2423, 3993, 145, 1939, 472, 2728, 1229, 76, 1774, 4168, 646, 3755, 2302, 3833, 2309, 3784, 1300, 4491, 5167, 993, 1136, 4597, 452, 2637, 1828, 1575, 4987, 4857, 33, 5204, 2994, 3956, 3356, 1932, 2, 4439, 3004, 4692, 5417, 2931, 3118, 4801, 2631, 2453, 2649, 4176, 1000, 1371, 959, 4302, 330, 3585, 3258, 4332, 4564, 4725, 4301, 2469, 2933, 955, 3367, 4466, 744, 15, 1582, 2199, 2281, 3882, 4530, 3131, 1808, 3728, 5433, 1145, 2174, 4890, 5229, 1468, 101, 1355, 549, 1262, 1227, 3913, 2762, 5379, 222, 988, 3088, 3480, 1783, 532, 355, 4393, 2369, 5251, 1675, 2025, 2483, 2135, 2924, 665, 1760, 2705, 4338, 2951, 1507, 939, 1243, 1285, 632, 1360, 2827, 624, 3203, 2029, 3607, 3002, 4818, 130, 3381, 3846, 4011, 2056, 1458, 1350, 3758, 4947, 5322, 1059, 1556, 864, 3345, 2939, 3659, 1466, 2067, 4380, 2797, 1076, 431, 1740, 2293, 3737, 1952, 3664, 2632, 1656, 3790, 5410, 4058, 1211, 3445, 4428, 1109, 45, 2456, 2489, 4512, 3275, 3214, 4757, 239, 5109, 2555, 3958, 3740, 1644, 4596, 2331, 3316, 5007, 3371, 3656, 4028, 635, 1926, 995, 5012, 128, 3876, 2063, 758, 3815, 2641, 2374, 3138, 4190, 1850, 954, 4179, 5049, 2669, 3355, 1960, 2016, 2620, 4538, 4407, 5126, 3167, 5169, 403, 811, 65, 121, 968, 1332, 1816, 4324, 4062, 4576, 590, 4201, 3424, 159, 2950, 281, 4615, 2812, 1686, 3514, 2890, 2509, 411, 2992, 149, 3407, 1074, 2071, 1193, 237, 3770, 1809, 4245, 979, 3469, 5231, 4183, 4837, 4502]",69,500,5,False,500
271,numeric,description,2,True,False,True,"{2: 108, 1: 104, 5: 89, 4: 74, 3: 118, 0: 7}","[365, 353, 2801, 2313, 4363, 3055, 466, 5179, 4620, 922, 1488, 3354, 1490, 872, 280, 265, 3837, 2759, 5068, 1765, 2589, 1272, 2677, 4079, 926, 4931, 1511, 989, 3357, 999, 2993, 4192, 5431, 5121, 5175, 2470, 2867, 1374, 5434, 4983, 5381, 4304, 3235, 2126, 1748, 3628, 3439, 1615, 5008, 4767, 3479, 862, 3772, 522, 5242, 980, 4258, 3229, 787, 4436, 3886, 4934, 1882, 5154, 3111, 1353, 1329, 299, 1286, 1212, 1588, 4679, 4669, 3495, 1902, 1362, 2606, 5310, 2142, 3632, 1053, 2593, 2740, 2107, 1110, 4029, 5045, 3603, 3962, 2979, 3204, 4830, 774, 3892, 3218, 893, 666, 932, 5118, 1568, 3523, 887, 4114, 3364, 3066, 3312, 2615, 2153, 4142, 5235, 3163, 4793, 1416, 4203, 2523, 238, 1892, 167, 1434, 1240, 3542, 3856, 4008, 390, 1993, 5366, 1494, 5309, 4876, 3467, 4351, 3729, 4213, 1627, 2350, 4418, 1099, 2207, 4350, 4122, 126, 1226, 3346, 485, 461, 4316, 2763, 4212, 538, 2524, 5137, 551, 2803, 2834, 1028, 3465, 4812, 3092, 4874, 3293, 4364, 1540, 4875, 2089, 1533, 3099, 3864, 314, 3853, 5025, 936, 3013, 547, 3527, 1135, 3179, 3708, 1959, 2915, 1442, 3343, 1715, 1172, 621, 5324, 1199, 2218, 5217, 2046, 385, 4953, 4311, 5305, 4496, 4448, 3631, 5176, 528, 806, 832, 4523, 4368, 2061, 3852, 3872, 878, 2944, 3826, 1467, 3920, 2032, 2785, 5312, 850, 4325, 4817, 4528, 4631, 2673, 1419, 4022, 4047, 3515, 1333, 345, 4140, 1753, 2596, 2459, 3492, 4064, 4012, 5284, 1581, 3747, 488, 4902, 3240, 3231, 4660, 2604, 5345, 4926, 2791, 3896, 1491, 62, 5174, 1469, 478, 839, 3052, 5062, 2006, 892, 5043, 3783, 340, 2905, 2423, 3993, 145, 1939, 472, 2728, 1229, 76, 1774, 4168, 646, 3755, 2302, 3833, 2309, 3784, 1300, 4491, 5167, 993, 1136, 4597, 452, 2637, 1828, 1575, 4987, 4857, 33, 5204, 2994, 3956, 3356, 1932, 2, 4439, 3004, 4692, 5417, 2931, 3118, 4801, 2631, 2453, 2649, 4176, 1000, 1371, 959, 4302, 330, 3585, 3258, 4332, 4564, 4725, 4301, 2469, 2933, 955, 3367, 4466, 744, 15, 1582, 2199, 2281, 3882, 4530, 3131, 1808, 3728, 5433, 1145, 2174, 4890, 5229, 1468, 101, 1355, 549, 1262, 1227, 3913, 2762, 5379, 222, 988, 3088, 3480, 1783, 532, 355, 4393, 2369, 5251, 1675, 2025, 2483, 2135, 2924, 665, 1760, 2705, 4338, 2951, 1507, 939, 1243, 1285, 632, 1360, 2827, 624, 3203, 2029, 3607, 3002, 4818, 130, 3381, 3846, 4011, 2056, 1458, 1350, 3758, 4947, 5322, 1059, 1556, 864, 3345, 2939, 3659, 1466, 2067, 4380, 2797, 1076, 431, 1740, 2293, 3737, 1952, 3664, 2632, 1656, 3790, 5410, 4058, 1211, 3445, 4428, 1109, 45, 2456, 2489, 4512, 3275, 3214, 4757, 239, 5109, 2555, 3958, 3740, 1644, 4596, 2331, 3316, 5007, 3371, 3656, 4028, 635, 1926, 995, 5012, 128, 3876, 2063, 758, 3815, 2641, 2374, 3138, 4190, 1850, 954, 4179, 5049, 2669, 3355, 1960, 2016, 2620, 4538, 4407, 5126, 3167, 5169, 403, 811, 65, 121, 968, 1332, 1816, 4324, 4062, 4576, 590, 4201, 3424, 159, 2950, 281, 4615, 2812, 1686, 3514, 2890, 2509, 411, 2992, 149, 3407, 1074, 2071, 1193, 237, 3770, 1809, 4245, 979, 3469, 5231, 4183, 4837, 4502]",271,500,5,False,500
145,numeric,entity,1,True,False,True,"{2: 108, 1: 104, 5: 89, 4: 74, 3: 118, 0: 7}","[365, 353, 2801, 2313, 4363, 3055, 466, 5179, 4620, 922, 1488, 3354, 1490, 872, 280, 265, 3837, 2759, 5068, 1765, 2589, 1272, 2677, 4079, 926, 4931, 1511, 989, 3357, 999, 2993, 4192, 5431, 5121, 5175, 2470, 2867, 1374, 5434, 4983, 5381, 4304, 3235, 2126, 1748, 3628, 3439, 1615, 5008, 4767, 3479, 862, 3772, 522, 5242, 980, 4258, 3229, 787, 4436, 3886, 4934, 1882, 5154, 3111, 1353, 1329, 299, 1286, 1212, 1588, 4679, 4669, 3495, 1902, 1362, 2606, 5310, 2142, 3632, 1053, 2593, 2740, 2107, 1110, 4029, 5045, 3603, 3962, 2979, 3204, 4830, 774, 3892, 3218, 893, 666, 932, 5118, 1568, 3523, 887, 4114, 3364, 3066, 3312, 2615, 2153, 4142, 5235, 3163, 4793, 1416, 4203, 2523, 238, 1892, 167, 1434, 1240, 3542, 3856, 4008, 390, 1993, 5366, 1494, 5309, 4876, 3467, 4351, 3729, 4213, 1627, 2350, 4418, 1099, 2207, 4350, 4122, 126, 1226, 3346, 485, 461, 4316, 2763, 4212, 538, 2524, 5137, 551, 2803, 2834, 1028, 3465, 4812, 3092, 4874, 3293, 4364, 1540, 4875, 2089, 1533, 3099, 3864, 314, 3853, 5025, 936, 3013, 547, 3527, 1135, 3179, 3708, 1959, 2915, 1442, 3343, 1715, 1172, 621, 5324, 1199, 2218, 5217, 2046, 385, 4953, 4311, 5305, 4496, 4448, 3631, 5176, 528, 806, 832, 4523, 4368, 2061, 3852, 3872, 878, 2944, 3826, 1467, 3920, 2032, 2785, 5312, 850, 4325, 4817, 4528, 4631, 2673, 1419, 4022, 4047, 3515, 1333, 345, 4140, 1753, 2596, 2459, 3492, 4064, 4012, 5284, 1581, 3747, 488, 4902, 3240, 3231, 4660, 2604, 5345, 4926, 2791, 3896, 1491, 62, 5174, 1469, 478, 839, 3052, 5062, 2006, 892, 5043, 3783, 340, 2905, 2423, 3993, 145, 1939, 472, 2728, 1229, 76, 1774, 4168, 646, 3755, 2302, 3833, 2309, 3784, 1300, 4491, 5167, 993, 1136, 4597, 452, 2637, 1828, 1575, 4987, 4857, 33, 5204, 2994, 3956, 3356, 1932, 2, 4439, 3004, 4692, 5417, 2931, 3118, 4801, 2631, 2453, 2649, 4176, 1000, 1371, 959, 4302, 330, 3585, 3258, 4332, 4564, 4725, 4301, 2469, 2933, 955, 3367, 4466, 744, 15, 1582, 2199, 2281, 3882, 4530, 3131, 1808, 3728, 5433, 1145, 2174, 4890, 5229, 1468, 101, 1355, 549, 1262, 1227, 3913, 2762, 5379, 222, 988, 3088, 3480, 1783, 532, 355, 4393, 2369, 5251, 1675, 2025, 2483, 2135, 2924, 665, 1760, 2705, 4338, 2951, 1507, 939, 1243, 1285, 632, 1360, 2827, 624, 3203, 2029, 3607, 3002, 4818, 130, 3381, 3846, 4011, 2056, 1458, 1350, 3758, 4947, 5322, 1059, 1556, 864, 3345, 2939, 3659, 1466, 2067, 4380, 2797, 1076, 431, 1740, 2293, 3737, 1952, 3664, 2632, 1656, 3790, 5410, 4058, 1211, 3445, 4428, 1109, 45, 2456, 2489, 4512, 3275, 3214, 4757, 239, 5109, 2555, 3958, 3740, 1644, 4596, 2331, 3316, 5007, 3371, 3656, 4028, 635, 1926, 995, 5012, 128, 3876, 2063, 758, 3815, 2641, 2374, 3138, 4190, 1850, 954, 4179, 5049, 2669, 3355, 1960, 2016, 2620, 4538, 4407, 5126, 3167, 5169, 403, 811, 65, 121, 968, 1332, 1816, 4324, 4062, 4576, 590, 4201, 3424, 159, 2950, 281, 4615, 2812, 1686, 3514, 2890, 2509, 411, 2992, 149, 3407, 1074, 2071, 1193, 237, 3770, 1809, 4245, 979, 3469, 5231, 4183, 4837, 4502]",145,500,5,False,500
379,description,description,2,True,True,True,"{2: 108, 1: 104, 5: 89, 4: 74, 3: 118, 0: 7}","[365, 353, 2801, 2313, 4363, 3055, 466, 5179, 4620, 922, 1488, 3354, 1490, 872, 280, 265, 3837, 2759, 5068, 1765, 2589, 1272, 2677, 4079, 926, 4931, 1511, 989, 3357, 999, 2993, 4192, 5431, 5121, 5175, 2470, 2867, 1374, 5434, 4983, 5381, 4304, 3235, 2126, 1748, 3628, 3439, 1615, 5008, 4767, 3479, 862, 3772, 522, 5242, 980, 4258, 3229, 787, 4436, 3886, 4934, 1882, 5154, 3111, 1353, 1329, 299, 1286, 1212, 1588, 4679, 4669, 3495, 1902, 1362, 2606, 5310, 2142, 3632, 1053, 2593, 2740, 2107, 1110, 4029, 5045, 3603, 3962, 2979, 3204, 4830, 774, 3892, 3218, 893, 666, 932, 5118, 1568, 3523, 887, 4114, 3364, 3066, 3312, 2615, 2153, 4142, 5235, 3163, 4793, 1416, 4203, 2523, 238, 1892, 167, 1434, 1240, 3542, 3856, 4008, 390, 1993, 5366, 1494, 5309, 4876, 3467, 4351, 3729, 4213, 1627, 2350, 4418, 1099, 2207, 4350, 4122, 126, 1226, 3346, 485, 461, 4316, 2763, 4212, 538, 2524, 5137, 551, 2803, 2834, 1028, 3465, 4812, 3092, 4874, 3293, 4364, 1540, 4875, 2089, 1533, 3099, 3864, 314, 3853, 5025, 936, 3013, 547, 3527, 1135, 3179, 3708, 1959, 2915, 1442, 3343, 1715, 1172, 621, 5324, 1199, 2218, 5217, 2046, 385, 4953, 4311, 5305, 4496, 4448, 3631, 5176, 528, 806, 832, 4523, 4368, 2061, 3852, 3872, 878, 2944, 3826, 1467, 3920, 2032, 2785, 5312, 850, 4325, 4817, 4528, 4631, 2673, 1419, 4022, 4047, 3515, 1333, 345, 4140, 1753, 2596, 2459, 3492, 4064, 4012, 5284, 1581, 3747, 488, 4902, 3240, 3231, 4660, 2604, 5345, 4926, 2791, 3896, 1491, 62, 5174, 1469, 478, 839, 3052, 5062, 2006, 892, 5043, 3783, 340, 2905, 2423, 3993, 145, 1939, 472, 2728, 1229, 76, 1774, 4168, 646, 3755, 2302, 3833, 2309, 3784, 1300, 4491, 5167, 993, 1136, 4597, 452, 2637, 1828, 1575, 4987, 4857, 33, 5204, 2994, 3956, 3356, 1932, 2, 4439, 3004, 4692, 5417, 2931, 3118, 4801, 2631, 2453, 2649, 4176, 1000, 1371, 959, 4302, 330, 3585, 3258, 4332, 4564, 4725, 4301, 2469, 2933, 955, 3367, 4466, 744, 15, 1582, 2199, 2281, 3882, 4530, 3131, 1808, 3728, 5433, 1145, 2174, 4890, 5229, 1468, 101, 1355, 549, 1262, 1227, 3913, 2762, 5379, 222, 988, 3088, 3480, 1783, 532, 355, 4393, 2369, 5251, 1675, 2025, 2483, 2135, 2924, 665, 1760, 2705, 4338, 2951, 1507, 939, 1243, 1285, 632, 1360, 2827, 624, 3203, 2029, 3607, 3002, 4818, 130, 3381, 3846, 4011, 2056, 1458, 1350, 3758, 4947, 5322, 1059, 1556, 864, 3345, 2939, 3659, 1466, 2067, 4380, 2797, 1076, 431, 1740, 2293, 3737, 1952, 3664, 2632, 1656, 3790, 5410, 4058, 1211, 3445, 4428, 1109, 45, 2456, 2489, 4512, 3275, 3214, 4757, 239, 5109, 2555, 3958, 3740, 1644, 4596, 2331, 3316, 5007, 3371, 3656, 4028, 635, 1926, 995, 5012, 128, 3876, 2063, 758, 3815, 2641, 2374, 3138, 4190, 1850, 954, 4179, 5049, 2669, 3355, 1960, 2016, 2620, 4538, 4407, 5126, 3167, 5169, 403, 811, 65, 121, 968, 1332, 1816, 4324, 4062, 4576, 590, 4201, 3424, 159, 2950, 281, 4615, 2812, 1686, 3514, 2890, 2509, 411, 2992, 149, 3407, 1074, 2071, 1193, 237, 3770, 1809, 4245, 979, 3469, 5231, 4183, 4837, 4502]",379,500,5,False,500
398,numeric,numeric,5,True,True,True,"{2: 108, 1: 104, 5: 89, 4: 74, 3: 118, 0: 7}","[365, 353, 2801, 2313, 4363, 3055, 466, 5179, 4620, 922, 1488, 3354, 1490, 872, 280, 265, 3837, 2759, 5068, 1765, 2589, 1272, 2677, 4079, 926, 4931, 1511, 989, 3357, 999, 2993, 4192, 5431, 5121, 5175, 2470, 2867, 1374, 5434, 4983, 5381, 4304, 3235, 2126, 1748, 3628, 3439, 1615, 5008, 4767, 3479, 862, 3772, 522, 5242, 980, 4258, 3229, 787, 4436, 3886, 4934, 1882, 5154, 3111, 1353, 1329, 299, 1286, 1212, 1588, 4679, 4669, 3495, 1902, 1362, 2606, 5310, 2142, 3632, 1053, 2593, 2740, 2107, 1110, 4029, 5045, 3603, 3962, 2979, 3204, 4830, 774, 3892, 3218, 893, 666, 932, 5118, 1568, 3523, 887, 4114, 3364, 3066, 3312, 2615, 2153, 4142, 5235, 3163, 4793, 1416, 4203, 2523, 238, 1892, 167, 1434, 1240, 3542, 3856, 4008, 390, 1993, 5366, 1494, 5309, 4876, 3467, 4351, 3729, 4213, 1627, 2350, 4418, 1099, 2207, 4350, 4122, 126, 1226, 3346, 485, 461, 4316, 2763, 4212, 538, 2524, 5137, 551, 2803, 2834, 1028, 3465, 4812, 3092, 4874, 3293, 4364, 1540, 4875, 2089, 1533, 3099, 3864, 314, 3853, 5025, 936, 3013, 547, 3527, 1135, 3179, 3708, 1959, 2915, 1442, 3343, 1715, 1172, 621, 5324, 1199, 2218, 5217, 2046, 385, 4953, 4311, 5305, 4496, 4448, 3631, 5176, 528, 806, 832, 4523, 4368, 2061, 3852, 3872, 878, 2944, 3826, 1467, 3920, 2032, 2785, 5312, 850, 4325, 4817, 4528, 4631, 2673, 1419, 4022, 4047, 3515, 1333, 345, 4140, 1753, 2596, 2459, 3492, 4064, 4012, 5284, 1581, 3747, 488, 4902, 3240, 3231, 4660, 2604, 5345, 4926, 2791, 3896, 1491, 62, 5174, 1469, 478, 839, 3052, 5062, 2006, 892, 5043, 3783, 340, 2905, 2423, 3993, 145, 1939, 472, 2728, 1229, 76, 1774, 4168, 646, 3755, 2302, 3833, 2309, 3784, 1300, 4491, 5167, 993, 1136, 4597, 452, 2637, 1828, 1575, 4987, 4857, 33, 5204, 2994, 3956, 3356, 1932, 2, 4439, 3004, 4692, 5417, 2931, 3118, 4801, 2631, 2453, 2649, 4176, 1000, 1371, 959, 4302, 330, 3585, 3258, 4332, 4564, 4725, 4301, 2469, 2933, 955, 3367, 4466, 744, 15, 1582, 2199, 2281, 3882, 4530, 3131, 1808, 3728, 5433, 1145, 2174, 4890, 5229, 1468, 101, 1355, 549, 1262, 1227, 3913, 2762, 5379, 222, 988, 3088, 3480, 1783, 532, 355, 4393, 2369, 5251, 1675, 2025, 2483, 2135, 2924, 665, 1760, 2705, 4338, 2951, 1507, 939, 1243, 1285, 632, 1360, 2827, 624, 3203, 2029, 3607, 3002, 4818, 130, 3381, 3846, 4011, 2056, 1458, 1350, 3758, 4947, 5322, 1059, 1556, 864, 3345, 2939, 3659, 1466, 2067, 4380, 2797, 1076, 431, 1740, 2293, 3737, 1952, 3664, 2632, 1656, 3790, 5410, 4058, 1211, 3445, 4428, 1109, 45, 2456, 2489, 4512, 3275, 3214, 4757, 239, 5109, 2555, 3958, 3740, 1644, 4596, 2331, 3316, 5007, 3371, 3656, 4028, 635, 1926, 995, 5012, 128, 3876, 2063, 758, 3815, 2641, 2374, 3138, 4190, 1850, 954, 4179, 5049, 2669, 3355, 1960, 2016, 2620, 4538, 4407, 5126, 3167, 5169, 403, 811, 65, 121, 968, 1332, 1816, 4324, 4062, 4576, 590, 4201, 3424, 159, 2950, 281, 4615, 2812, 1686, 3514, 2890, 2509, 411, 2992, 149, 3407, 1074, 2071, 1193, 237, 3770, 1809, 4245, 979, 3469, 5231, 4183, 4837, 4502]",398,500,5,False,500
38,numeric,numeric,5,True,True,True,"{2: 108, 1: 104, 5: 89, 4: 74, 3: 118, 0: 7}","[365, 353, 2801, 2313, 4363, 3055, 466, 5179, 4620, 922, 1488, 3354, 1490, 872, 280, 265, 3837, 2759, 5068, 1765, 2589, 1272, 2677, 4079, 926, 4931, 1511, 989, 3357, 999, 2993, 4192, 5431, 5121, 5175, 2470, 2867, 1374, 5434, 4983, 5381, 4304, 3235, 2126, 1748, 3628, 3439, 1615, 5008, 4767, 3479, 862, 3772, 522, 5242, 980, 4258, 3229, 787, 4436, 3886, 4934, 1882, 5154, 3111, 1353, 1329, 299, 1286, 1212, 1588, 4679, 4669, 3495, 1902, 1362, 2606, 5310, 2142, 3632, 1053, 2593, 2740, 2107, 1110, 4029, 5045, 3603, 3962, 2979, 3204, 4830, 774, 3892, 3218, 893, 666, 932, 5118, 1568, 3523, 887, 4114, 3364, 3066, 3312, 2615, 2153, 4142, 5235, 3163, 4793, 1416, 4203, 2523, 238, 1892, 167, 1434, 1240, 3542, 3856, 4008, 390, 1993, 5366, 1494, 5309, 4876, 3467, 4351, 3729, 4213, 1627, 2350, 4418, 1099, 2207, 4350, 4122, 126, 1226, 3346, 485, 461, 4316, 2763, 4212, 538, 2524, 5137, 551, 2803, 2834, 1028, 3465, 4812, 3092, 4874, 3293, 4364, 1540, 4875, 2089, 1533, 3099, 3864, 314, 3853, 5025, 936, 3013, 547, 3527, 1135, 3179, 3708, 1959, 2915, 1442, 3343, 1715, 1172, 621, 5324, 1199, 2218, 5217, 2046, 385, 4953, 4311, 5305, 4496, 4448, 3631, 5176, 528, 806, 832, 4523, 4368, 2061, 3852, 3872, 878, 2944, 3826, 1467, 3920, 2032, 2785, 5312, 850, 4325, 4817, 4528, 4631, 2673, 1419, 4022, 4047, 3515, 1333, 345, 4140, 1753, 2596, 2459, 3492, 4064, 4012, 5284, 1581, 3747, 488, 4902, 3240, 3231, 4660, 2604, 5345, 4926, 2791, 3896, 1491, 62, 5174, 1469, 478, 839, 3052, 5062, 2006, 892, 5043, 3783, 340, 2905, 2423, 3993, 145, 1939, 472, 2728, 1229, 76, 1774, 4168, 646, 3755, 2302, 3833, 2309, 3784, 1300, 4491, 5167, 993, 1136, 4597, 452, 2637, 1828, 1575, 4987, 4857, 33, 5204, 2994, 3956, 3356, 1932, 2, 4439, 3004, 4692, 5417, 2931, 3118, 4801, 2631, 2453, 2649, 4176, 1000, 1371, 959, 4302, 330, 3585, 3258, 4332, 4564, 4725, 4301, 2469, 2933, 955, 3367, 4466, 744, 15, 1582, 2199, 2281, 3882, 4530, 3131, 1808, 3728, 5433, 1145, 2174, 4890, 5229, 1468, 101, 1355, 549, 1262, 1227, 3913, 2762, 5379, 222, 988, 3088, 3480, 1783, 532, 355, 4393, 2369, 5251, 1675, 2025, 2483, 2135, 2924, 665, 1760, 2705, 4338, 2951, 1507, 939, 1243, 1285, 632, 1360, 2827, 624, 3203, 2029, 3607, 3002, 4818, 130, 3381, 3846, 4011, 2056, 1458, 1350, 3758, 4947, 5322, 1059, 1556, 864, 3345, 2939, 3659, 1466, 2067, 4380, 2797, 1076, 431, 1740, 2293, 3737, 1952, 3664, 2632, 1656, 3790, 5410, 4058, 1211, 3445, 4428, 1109, 45, 2456, 2489, 4512, 3275, 3214, 4757, 239, 5109, 2555, 3958, 3740, 1644, 4596, 2331, 3316, 5007, 3371, 3656, 4028, 635, 1926, 995, 5012, 128, 3876, 2063, 758, 3815, 2641, 2374, 3138, 4190, 1850, 954, 4179, 5049, 2669, 3355, 1960, 2016, 2620, 4538, 4407, 5126, 3167, 5169, 403, 811, 65, 121, 968, 1332, 1816, 4324, 4062, 4576, 590, 4201, 3424, 159, 2950, 281, 4615, 2812, 1686, 3514, 2890, 2509, 411, 2992, 149, 3407, 1074, 2071, 1193, 237, 3770, 1809, 4245, 979, 3469, 5231, 4183, 4837, 4502]",38,500,5,False,500
20,human,human,3,True,True,True,"{2: 108, 1: 104, 5: 89, 4: 74, 3: 118, 0: 7}","[365, 353, 2801, 2313, 4363, 3055, 466, 5179, 4620, 922, 1488, 3354, 1490, 872, 280, 265, 3837, 2759, 5068, 1765, 2589, 1272, 2677, 4079, 926, 4931, 1511, 989, 3357, 999, 2993, 4192, 5431, 5121, 5175, 2470, 2867, 1374, 5434, 4983, 5381, 4304, 3235, 2126, 1748, 3628, 3439, 1615, 5008, 4767, 3479, 862, 3772, 522, 5242, 980, 4258, 3229, 787, 4436, 3886, 4934, 1882, 5154, 3111, 1353, 1329, 299, 1286, 1212, 1588, 4679, 4669, 3495, 1902, 1362, 2606, 5310, 2142, 3632, 1053, 2593, 2740, 2107, 1110, 4029, 5045, 3603, 3962, 2979, 3204, 4830, 774, 3892, 3218, 893, 666, 932, 5118, 1568, 3523, 887, 4114, 3364, 3066, 3312, 2615, 2153, 4142, 5235, 3163, 4793, 1416, 4203, 2523, 238, 1892, 167, 1434, 1240, 3542, 3856, 4008, 390, 1993, 5366, 1494, 5309, 4876, 3467, 4351, 3729, 4213, 1627, 2350, 4418, 1099, 2207, 4350, 4122, 126, 1226, 3346, 485, 461, 4316, 2763, 4212, 538, 2524, 5137, 551, 2803, 2834, 1028, 3465, 4812, 3092, 4874, 3293, 4364, 1540, 4875, 2089, 1533, 3099, 3864, 314, 3853, 5025, 936, 3013, 547, 3527, 1135, 3179, 3708, 1959, 2915, 1442, 3343, 1715, 1172, 621, 5324, 1199, 2218, 5217, 2046, 385, 4953, 4311, 5305, 4496, 4448, 3631, 5176, 528, 806, 832, 4523, 4368, 2061, 3852, 3872, 878, 2944, 3826, 1467, 3920, 2032, 2785, 5312, 850, 4325, 4817, 4528, 4631, 2673, 1419, 4022, 4047, 3515, 1333, 345, 4140, 1753, 2596, 2459, 3492, 4064, 4012, 5284, 1581, 3747, 488, 4902, 3240, 3231, 4660, 2604, 5345, 4926, 2791, 3896, 1491, 62, 5174, 1469, 478, 839, 3052, 5062, 2006, 892, 5043, 3783, 340, 2905, 2423, 3993, 145, 1939, 472, 2728, 1229, 76, 1774, 4168, 646, 3755, 2302, 3833, 2309, 3784, 1300, 4491, 5167, 993, 1136, 4597, 452, 2637, 1828, 1575, 4987, 4857, 33, 5204, 2994, 3956, 3356, 1932, 2, 4439, 3004, 4692, 5417, 2931, 3118, 4801, 2631, 2453, 2649, 4176, 1000, 1371, 959, 4302, 330, 3585, 3258, 4332, 4564, 4725, 4301, 2469, 2933, 955, 3367, 4466, 744, 15, 1582, 2199, 2281, 3882, 4530, 3131, 1808, 3728, 5433, 1145, 2174, 4890, 5229, 1468, 101, 1355, 549, 1262, 1227, 3913, 2762, 5379, 222, 988, 3088, 3480, 1783, 532, 355, 4393, 2369, 5251, 1675, 2025, 2483, 2135, 2924, 665, 1760, 2705, 4338, 2951, 1507, 939, 1243, 1285, 632, 1360, 2827, 624, 3203, 2029, 3607, 3002, 4818, 130, 3381, 3846, 4011, 2056, 1458, 1350, 3758, 4947, 5322, 1059, 1556, 864, 3345, 2939, 3659, 1466, 2067, 4380, 2797, 1076, 431, 1740, 2293, 3737, 1952, 3664, 2632, 1656, 3790, 5410, 4058, 1211, 3445, 4428, 1109, 45, 2456, 2489, 4512, 3275, 3214, 4757, 239, 5109, 2555, 3958, 3740, 1644, 4596, 2331, 3316, 5007, 3371, 3656, 4028, 635, 1926, 995, 5012, 128, 3876, 2063, 758, 3815, 2641, 2374, 3138, 4190, 1850, 954, 4179, 5049, 2669, 3355, 1960, 2016, 2620, 4538, 4407, 5126, 3167, 5169, 403, 811, 65, 121, 968, 1332, 1816, 4324, 4062, 4576, 590, 4201, 3424, 159, 2950, 281, 4615, 2812, 1686, 3514, 2890, 2509, 411, 2992, 149, 3407, 1074, 2071, 1193, 237, 3770, 1809, 4245, 979, 3469, 5231, 4183, 4837, 4502]",20,500,5,False,500
160,numeric,description,2,True,False,True,"{2: 108, 1: 104, 5: 89, 4: 74, 3: 118, 0: 7}","[365, 353, 2801, 2313, 4363, 3055, 466, 5179, 4620, 922, 1488, 3354, 1490, 872, 280, 265, 3837, 2759, 5068, 1765, 2589, 1272, 2677, 4079, 926, 4931, 1511, 989, 3357, 999, 2993, 4192, 5431, 5121, 5175, 2470, 2867, 1374, 5434, 4983, 5381, 4304, 3235, 2126, 1748, 3628, 3439, 1615, 5008, 4767, 3479, 862, 3772, 522, 5242, 980, 4258, 3229, 787, 4436, 3886, 4934, 1882, 5154, 3111, 1353, 1329, 299, 1286, 1212, 1588, 4679, 4669, 3495, 1902, 1362, 2606, 5310, 2142, 3632, 1053, 2593, 2740, 2107, 1110, 4029, 5045, 3603, 3962, 2979, 3204, 4830, 774, 3892, 3218, 893, 666, 932, 5118, 1568, 3523, 887, 4114, 3364, 3066, 3312, 2615, 2153, 4142, 5235, 3163, 4793, 1416, 4203, 2523, 238, 1892, 167, 1434, 1240, 3542, 3856, 4008, 390, 1993, 5366, 1494, 5309, 4876, 3467, 4351, 3729, 4213, 1627, 2350, 4418, 1099, 2207, 4350, 4122, 126, 1226, 3346, 485, 461, 4316, 2763, 4212, 538, 2524, 5137, 551, 2803, 2834, 1028, 3465, 4812, 3092, 4874, 3293, 4364, 1540, 4875, 2089, 1533, 3099, 3864, 314, 3853, 5025, 936, 3013, 547, 3527, 1135, 3179, 3708, 1959, 2915, 1442, 3343, 1715, 1172, 621, 5324, 1199, 2218, 5217, 2046, 385, 4953, 4311, 5305, 4496, 4448, 3631, 5176, 528, 806, 832, 4523, 4368, 2061, 3852, 3872, 878, 2944, 3826, 1467, 3920, 2032, 2785, 5312, 850, 4325, 4817, 4528, 4631, 2673, 1419, 4022, 4047, 3515, 1333, 345, 4140, 1753, 2596, 2459, 3492, 4064, 4012, 5284, 1581, 3747, 488, 4902, 3240, 3231, 4660, 2604, 5345, 4926, 2791, 3896, 1491, 62, 5174, 1469, 478, 839, 3052, 5062, 2006, 892, 5043, 3783, 340, 2905, 2423, 3993, 145, 1939, 472, 2728, 1229, 76, 1774, 4168, 646, 3755, 2302, 3833, 2309, 3784, 1300, 4491, 5167, 993, 1136, 4597, 452, 2637, 1828, 1575, 4987, 4857, 33, 5204, 2994, 3956, 3356, 1932, 2, 4439, 3004, 4692, 5417, 2931, 3118, 4801, 2631, 2453, 2649, 4176, 1000, 1371, 959, 4302, 330, 3585, 3258, 4332, 4564, 4725, 4301, 2469, 2933, 955, 3367, 4466, 744, 15, 1582, 2199, 2281, 3882, 4530, 3131, 1808, 3728, 5433, 1145, 2174, 4890, 5229, 1468, 101, 1355, 549, 1262, 1227, 3913, 2762, 5379, 222, 988, 3088, 3480, 1783, 532, 355, 4393, 2369, 5251, 1675, 2025, 2483, 2135, 2924, 665, 1760, 2705, 4338, 2951, 1507, 939, 1243, 1285, 632, 1360, 2827, 624, 3203, 2029, 3607, 3002, 4818, 130, 3381, 3846, 4011, 2056, 1458, 1350, 3758, 4947, 5322, 1059, 1556, 864, 3345, 2939, 3659, 1466, 2067, 4380, 2797, 1076, 431, 1740, 2293, 3737, 1952, 3664, 2632, 1656, 3790, 5410, 4058, 1211, 3445, 4428, 1109, 45, 2456, 2489, 4512, 3275, 3214, 4757, 239, 5109, 2555, 3958, 3740, 1644, 4596, 2331, 3316, 5007, 3371, 3656, 4028, 635, 1926, 995, 5012, 128, 3876, 2063, 758, 3815, 2641, 2374, 3138, 4190, 1850, 954, 4179, 5049, 2669, 3355, 1960, 2016, 2620, 4538, 4407, 5126, 3167, 5169, 403, 811, 65, 121, 968, 1332, 1816, 4324, 4062, 4576, 590, 4201, 3424, 159, 2950, 281, 4615, 2812, 1686, 3514, 2890, 2509, 411, 2992, 149, 3407, 1074, 2071, 1193, 237, 3770, 1809, 4245, 979, 3469, 5231, 4183, 4837, 4502]",160,500,5,False,500
194,numeric,description,2,True,False,True,"{2: 108, 1: 104, 5: 89, 4: 74, 3: 118, 0: 7}","[365, 353, 2801, 2313, 4363, 3055, 466, 5179, 4620, 922, 1488, 3354, 1490, 872, 280, 265, 3837, 2759, 5068, 1765, 2589, 1272, 2677, 4079, 926, 4931, 1511, 989, 3357, 999, 2993, 4192, 5431, 5121, 5175, 2470, 2867, 1374, 5434, 4983, 5381, 4304, 3235, 2126, 1748, 3628, 3439, 1615, 5008, 4767, 3479, 862, 3772, 522, 5242, 980, 4258, 3229, 787, 4436, 3886, 4934, 1882, 5154, 3111, 1353, 1329, 299, 1286, 1212, 1588, 4679, 4669, 3495, 1902, 1362, 2606, 5310, 2142, 3632, 1053, 2593, 2740, 2107, 1110, 4029, 5045, 3603, 3962, 2979, 3204, 4830, 774, 3892, 3218, 893, 666, 932, 5118, 1568, 3523, 887, 4114, 3364, 3066, 3312, 2615, 2153, 4142, 5235, 3163, 4793, 1416, 4203, 2523, 238, 1892, 167, 1434, 1240, 3542, 3856, 4008, 390, 1993, 5366, 1494, 5309, 4876, 3467, 4351, 3729, 4213, 1627, 2350, 4418, 1099, 2207, 4350, 4122, 126, 1226, 3346, 485, 461, 4316, 2763, 4212, 538, 2524, 5137, 551, 2803, 2834, 1028, 3465, 4812, 3092, 4874, 3293, 4364, 1540, 4875, 2089, 1533, 3099, 3864, 314, 3853, 5025, 936, 3013, 547, 3527, 1135, 3179, 3708, 1959, 2915, 1442, 3343, 1715, 1172, 621, 5324, 1199, 2218, 5217, 2046, 385, 4953, 4311, 5305, 4496, 4448, 3631, 5176, 528, 806, 832, 4523, 4368, 2061, 3852, 3872, 878, 2944, 3826, 1467, 3920, 2032, 2785, 5312, 850, 4325, 4817, 4528, 4631, 2673, 1419, 4022, 4047, 3515, 1333, 345, 4140, 1753, 2596, 2459, 3492, 4064, 4012, 5284, 1581, 3747, 488, 4902, 3240, 3231, 4660, 2604, 5345, 4926, 2791, 3896, 1491, 62, 5174, 1469, 478, 839, 3052, 5062, 2006, 892, 5043, 3783, 340, 2905, 2423, 3993, 145, 1939, 472, 2728, 1229, 76, 1774, 4168, 646, 3755, 2302, 3833, 2309, 3784, 1300, 4491, 5167, 993, 1136, 4597, 452, 2637, 1828, 1575, 4987, 4857, 33, 5204, 2994, 3956, 3356, 1932, 2, 4439, 3004, 4692, 5417, 2931, 3118, 4801, 2631, 2453, 2649, 4176, 1000, 1371, 959, 4302, 330, 3585, 3258, 4332, 4564, 4725, 4301, 2469, 2933, 955, 3367, 4466, 744, 15, 1582, 2199, 2281, 3882, 4530, 3131, 1808, 3728, 5433, 1145, 2174, 4890, 5229, 1468, 101, 1355, 549, 1262, 1227, 3913, 2762, 5379, 222, 988, 3088, 3480, 1783, 532, 355, 4393, 2369, 5251, 1675, 2025, 2483, 2135, 2924, 665, 1760, 2705, 4338, 2951, 1507, 939, 1243, 1285, 632, 1360, 2827, 624, 3203, 2029, 3607, 3002, 4818, 130, 3381, 3846, 4011, 2056, 1458, 1350, 3758, 4947, 5322, 1059, 1556, 864, 3345, 2939, 3659, 1466, 2067, 4380, 2797, 1076, 431, 1740, 2293, 3737, 1952, 3664, 2632, 1656, 3790, 5410, 4058, 1211, 3445, 4428, 1109, 45, 2456, 2489, 4512, 3275, 3214, 4757, 239, 5109, 2555, 3958, 3740, 1644, 4596, 2331, 3316, 5007, 3371, 3656, 4028, 635, 1926, 995, 5012, 128, 3876, 2063, 758, 3815, 2641, 2374, 3138, 4190, 1850, 954, 4179, 5049, 2669, 3355, 1960, 2016, 2620, 4538, 4407, 5126, 3167, 5169, 403, 811, 65, 121, 968, 1332, 1816, 4324, 4062, 4576, 590, 4201, 3424, 159, 2950, 281, 4615, 2812, 1686, 3514, 2890, 2509, 411, 2992, 149, 3407, 1074, 2071, 1193, 237, 3770, 1809, 4245, 979, 3469, 5231, 4183, 4837, 4502]",194,500,5,False,500
485,description,description,2,True,True,True,"{2: 108, 1: 104, 5: 89, 4: 74, 3: 118, 0: 7}","[365, 353, 2801, 2313, 4363, 3055, 466, 5179, 4620, 922, 1488, 3354, 1490, 872, 280, 265, 3837, 2759, 5068, 1765, 2589, 1272, 2677, 4079, 926, 4931, 1511, 989, 3357, 999, 2993, 4192, 5431, 5121, 5175, 2470, 2867, 1374, 5434, 4983, 5381, 4304, 3235, 2126, 1748, 3628, 3439, 1615, 5008, 4767, 3479, 862, 3772, 522, 5242, 980, 4258, 3229, 787, 4436, 3886, 4934, 1882, 5154, 3111, 1353, 1329, 299, 1286, 1212, 1588, 4679, 4669, 3495, 1902, 1362, 2606, 5310, 2142, 3632, 1053, 2593, 2740, 2107, 1110, 4029, 5045, 3603, 3962, 2979, 3204, 4830, 774, 3892, 3218, 893, 666, 932, 5118, 1568, 3523, 887, 4114, 3364, 3066, 3312, 2615, 2153, 4142, 5235, 3163, 4793, 1416, 4203, 2523, 238, 1892, 167, 1434, 1240, 3542, 3856, 4008, 390, 1993, 5366, 1494, 5309, 4876, 3467, 4351, 3729, 4213, 1627, 2350, 4418, 1099, 2207, 4350, 4122, 126, 1226, 3346, 485, 461, 4316, 2763, 4212, 538, 2524, 5137, 551, 2803, 2834, 1028, 3465, 4812, 3092, 4874, 3293, 4364, 1540, 4875, 2089, 1533, 3099, 3864, 314, 3853, 5025, 936, 3013, 547, 3527, 1135, 3179, 3708, 1959, 2915, 1442, 3343, 1715, 1172, 621, 5324, 1199, 2218, 5217, 2046, 385, 4953, 4311, 5305, 4496, 4448, 3631, 5176, 528, 806, 832, 4523, 4368, 2061, 3852, 3872, 878, 2944, 3826, 1467, 3920, 2032, 2785, 5312, 850, 4325, 4817, 4528, 4631, 2673, 1419, 4022, 4047, 3515, 1333, 345, 4140, 1753, 2596, 2459, 3492, 4064, 4012, 5284, 1581, 3747, 488, 4902, 3240, 3231, 4660, 2604, 5345, 4926, 2791, 3896, 1491, 62, 5174, 1469, 478, 839, 3052, 5062, 2006, 892, 5043, 3783, 340, 2905, 2423, 3993, 145, 1939, 472, 2728, 1229, 76, 1774, 4168, 646, 3755, 2302, 3833, 2309, 3784, 1300, 4491, 5167, 993, 1136, 4597, 452, 2637, 1828, 1575, 4987, 4857, 33, 5204, 2994, 3956, 3356, 1932, 2, 4439, 3004, 4692, 5417, 2931, 3118, 4801, 2631, 2453, 2649, 4176, 1000, 1371, 959, 4302, 330, 3585, 3258, 4332, 4564, 4725, 4301, 2469, 2933, 955, 3367, 4466, 744, 15, 1582, 2199, 2281, 3882, 4530, 3131, 1808, 3728, 5433, 1145, 2174, 4890, 5229, 1468, 101, 1355, 549, 1262, 1227, 3913, 2762, 5379, 222, 988, 3088, 3480, 1783, 532, 355, 4393, 2369, 5251, 1675, 2025, 2483, 2135, 2924, 665, 1760, 2705, 4338, 2951, 1507, 939, 1243, 1285, 632, 1360, 2827, 624, 3203, 2029, 3607, 3002, 4818, 130, 3381, 3846, 4011, 2056, 1458, 1350, 3758, 4947, 5322, 1059, 1556, 864, 3345, 2939, 3659, 1466, 2067, 4380, 2797, 1076, 431, 1740, 2293, 3737, 1952, 3664, 2632, 1656, 3790, 5410, 4058, 1211, 3445, 4428, 1109, 45, 2456, 2489, 4512, 3275, 3214, 4757, 239, 5109, 2555, 3958, 3740, 1644, 4596, 2331, 3316, 5007, 3371, 3656, 4028, 635, 1926, 995, 5012, 128, 3876, 2063, 758, 3815, 2641, 2374, 3138, 4190, 1850, 954, 4179, 5049, 2669, 3355, 1960, 2016, 2620, 4538, 4407, 5126, 3167, 5169, 403, 811, 65, 121, 968, 1332, 1816, 4324, 4062, 4576, 590, 4201, 3424, 159, 2950, 281, 4615, 2812, 1686, 3514, 2890, 2509, 411, 2992, 149, 3407, 1074, 2071, 1193, 237, 3770, 1809, 4245, 979, 3469, 5231, 4183, 4837, 4502]",485,500,5,False,500
293,human,entity,1,True,False,True,"{2: 108, 1: 104, 5: 89, 4: 74, 3: 118, 0: 7}","[365, 353, 2801, 2313, 4363, 3055, 466, 5179, 4620, 922, 1488, 3354, 1490, 872, 280, 265, 3837, 2759, 5068, 1765, 2589, 1272, 2677, 4079, 926, 4931, 1511, 989, 3357, 999, 2993, 4192, 5431, 5121, 5175, 2470, 2867, 1374, 5434, 4983, 5381, 4304, 3235, 2126, 1748, 3628, 3439, 1615, 5008, 4767, 3479, 862, 3772, 522, 5242, 980, 4258, 3229, 787, 4436, 3886, 4934, 1882, 5154, 3111, 1353, 1329, 299, 1286, 1212, 1588, 4679, 4669, 3495, 1902, 1362, 2606, 5310, 2142, 3632, 1053, 2593, 2740, 2107, 1110, 4029, 5045, 3603, 3962, 2979, 3204, 4830, 774, 3892, 3218, 893, 666, 932, 5118, 1568, 3523, 887, 4114, 3364, 3066, 3312, 2615, 2153, 4142, 5235, 3163, 4793, 1416, 4203, 2523, 238, 1892, 167, 1434, 1240, 3542, 3856, 4008, 390, 1993, 5366, 1494, 5309, 4876, 3467, 4351, 3729, 4213, 1627, 2350, 4418, 1099, 2207, 4350, 4122, 126, 1226, 3346, 485, 461, 4316, 2763, 4212, 538, 2524, 5137, 551, 2803, 2834, 1028, 3465, 4812, 3092, 4874, 3293, 4364, 1540, 4875, 2089, 1533, 3099, 3864, 314, 3853, 5025, 936, 3013, 547, 3527, 1135, 3179, 3708, 1959, 2915, 1442, 3343, 1715, 1172, 621, 5324, 1199, 2218, 5217, 2046, 385, 4953, 4311, 5305, 4496, 4448, 3631, 5176, 528, 806, 832, 4523, 4368, 2061, 3852, 3872, 878, 2944, 3826, 1467, 3920, 2032, 2785, 5312, 850, 4325, 4817, 4528, 4631, 2673, 1419, 4022, 4047, 3515, 1333, 345, 4140, 1753, 2596, 2459, 3492, 4064, 4012, 5284, 1581, 3747, 488, 4902, 3240, 3231, 4660, 2604, 5345, 4926, 2791, 3896, 1491, 62, 5174, 1469, 478, 839, 3052, 5062, 2006, 892, 5043, 3783, 340, 2905, 2423, 3993, 145, 1939, 472, 2728, 1229, 76, 1774, 4168, 646, 3755, 2302, 3833, 2309, 3784, 1300, 4491, 5167, 993, 1136, 4597, 452, 2637, 1828, 1575, 4987, 4857, 33, 5204, 2994, 3956, 3356, 1932, 2, 4439, 3004, 4692, 5417, 2931, 3118, 4801, 2631, 2453, 2649, 4176, 1000, 1371, 959, 4302, 330, 3585, 3258, 4332, 4564, 4725, 4301, 2469, 2933, 955, 3367, 4466, 744, 15, 1582, 2199, 2281, 3882, 4530, 3131, 1808, 3728, 5433, 1145, 2174, 4890, 5229, 1468, 101, 1355, 549, 1262, 1227, 3913, 2762, 5379, 222, 988, 3088, 3480, 1783, 532, 355, 4393, 2369, 5251, 1675, 2025, 2483, 2135, 2924, 665, 1760, 2705, 4338, 2951, 1507, 939, 1243, 1285, 632, 1360, 2827, 624, 3203, 2029, 3607, 3002, 4818, 130, 3381, 3846, 4011, 2056, 1458, 1350, 3758, 4947, 5322, 1059, 1556, 864, 3345, 2939, 3659, 1466, 2067, 4380, 2797, 1076, 431, 1740, 2293, 3737, 1952, 3664, 2632, 1656, 3790, 5410, 4058, 1211, 3445, 4428, 1109, 45, 2456, 2489, 4512, 3275, 3214, 4757, 239, 5109, 2555, 3958, 3740, 1644, 4596, 2331, 3316, 5007, 3371, 3656, 4028, 635, 1926, 995, 5012, 128, 3876, 2063, 758, 3815, 2641, 2374, 3138, 4190, 1850, 954, 4179, 5049, 2669, 3355, 1960, 2016, 2620, 4538, 4407, 5126, 3167, 5169, 403, 811, 65, 121, 968, 1332, 1816, 4324, 4062, 4576, 590, 4201, 3424, 159, 2950, 281, 4615, 2812, 1686, 3514, 2890, 2509, 411, 2992, 149, 3407, 1074, 2071, 1193, 237, 3770, 1809, 4245, 979, 3469, 5231, 4183, 4837, 4502]",293,500,5,False,500
237,description,description,2,True,True,True,"{2: 108, 1: 104, 5: 89, 4: 74, 3: 118, 0: 7}","[365, 353, 2801, 2313, 4363, 3055, 466, 5179, 4620, 922, 1488, 3354, 1490, 872, 280, 265, 3837, 2759, 5068, 1765, 2589, 1272, 2677, 4079, 926, 4931, 1511, 989, 3357, 999, 2993, 4192, 5431, 5121, 5175, 2470, 2867, 1374, 5434, 4983, 5381, 4304, 3235, 2126, 1748, 3628, 3439, 1615, 5008, 4767, 3479, 862, 3772, 522, 5242, 980, 4258, 3229, 787, 4436, 3886, 4934, 1882, 5154, 3111, 1353, 1329, 299, 1286, 1212, 1588, 4679, 4669, 3495, 1902, 1362, 2606, 5310, 2142, 3632, 1053, 2593, 2740, 2107, 1110, 4029, 5045, 3603, 3962, 2979, 3204, 4830, 774, 3892, 3218, 893, 666, 932, 5118, 1568, 3523, 887, 4114, 3364, 3066, 3312, 2615, 2153, 4142, 5235, 3163, 4793, 1416, 4203, 2523, 238, 1892, 167, 1434, 1240, 3542, 3856, 4008, 390, 1993, 5366, 1494, 5309, 4876, 3467, 4351, 3729, 4213, 1627, 2350, 4418, 1099, 2207, 4350, 4122, 126, 1226, 3346, 485, 461, 4316, 2763, 4212, 538, 2524, 5137, 551, 2803, 2834, 1028, 3465, 4812, 3092, 4874, 3293, 4364, 1540, 4875, 2089, 1533, 3099, 3864, 314, 3853, 5025, 936, 3013, 547, 3527, 1135, 3179, 3708, 1959, 2915, 1442, 3343, 1715, 1172, 621, 5324, 1199, 2218, 5217, 2046, 385, 4953, 4311, 5305, 4496, 4448, 3631, 5176, 528, 806, 832, 4523, 4368, 2061, 3852, 3872, 878, 2944, 3826, 1467, 3920, 2032, 2785, 5312, 850, 4325, 4817, 4528, 4631, 2673, 1419, 4022, 4047, 3515, 1333, 345, 4140, 1753, 2596, 2459, 3492, 4064, 4012, 5284, 1581, 3747, 488, 4902, 3240, 3231, 4660, 2604, 5345, 4926, 2791, 3896, 1491, 62, 5174, 1469, 478, 839, 3052, 5062, 2006, 892, 5043, 3783, 340, 2905, 2423, 3993, 145, 1939, 472, 2728, 1229, 76, 1774, 4168, 646, 3755, 2302, 3833, 2309, 3784, 1300, 4491, 5167, 993, 1136, 4597, 452, 2637, 1828, 1575, 4987, 4857, 33, 5204, 2994, 3956, 3356, 1932, 2, 4439, 3004, 4692, 5417, 2931, 3118, 4801, 2631, 2453, 2649, 4176, 1000, 1371, 959, 4302, 330, 3585, 3258, 4332, 4564, 4725, 4301, 2469, 2933, 955, 3367, 4466, 744, 15, 1582, 2199, 2281, 3882, 4530, 3131, 1808, 3728, 5433, 1145, 2174, 4890, 5229, 1468, 101, 1355, 549, 1262, 1227, 3913, 2762, 5379, 222, 988, 3088, 3480, 1783, 532, 355, 4393, 2369, 5251, 1675, 2025, 2483, 2135, 2924, 665, 1760, 2705, 4338, 2951, 1507, 939, 1243, 1285, 632, 1360, 2827, 624, 3203, 2029, 3607, 3002, 4818, 130, 3381, 3846, 4011, 2056, 1458, 1350, 3758, 4947, 5322, 1059, 1556, 864, 3345, 2939, 3659, 1466, 2067, 4380, 2797, 1076, 431, 1740, 2293, 3737, 1952, 3664, 2632, 1656, 3790, 5410, 4058, 1211, 3445, 4428, 1109, 45, 2456, 2489, 4512, 3275, 3214, 4757, 239, 5109, 2555, 3958, 3740, 1644, 4596, 2331, 3316, 5007, 3371, 3656, 4028, 635, 1926, 995, 5012, 128, 3876, 2063, 758, 3815, 2641, 2374, 3138, 4190, 1850, 954, 4179, 5049, 2669, 3355, 1960, 2016, 2620, 4538, 4407, 5126, 3167, 5169, 403, 811, 65, 121, 968, 1332, 1816, 4324, 4062, 4576, 590, 4201, 3424, 159, 2950, 281, 4615, 2812, 1686, 3514, 2890, 2509, 411, 2992, 149, 3407, 1074, 2071, 1193, 237, 3770, 1809, 4245, 979, 3469, 5231, 4183, 4837, 4502]",237,500,5,False,500
60,numeric,location,4,True,False,True,"{2: 108, 1: 104, 5: 89, 4: 74, 3: 118, 0: 7}","[365, 353, 2801, 2313, 4363, 3055, 466, 5179, 4620, 922, 1488, 3354, 1490, 872, 280, 265, 3837, 2759, 5068, 1765, 2589, 1272, 2677, 4079, 926, 4931, 1511, 989, 3357, 999, 2993, 4192, 5431, 5121, 5175, 2470, 2867, 1374, 5434, 4983, 5381, 4304, 3235, 2126, 1748, 3628, 3439, 1615, 5008, 4767, 3479, 862, 3772, 522, 5242, 980, 4258, 3229, 787, 4436, 3886, 4934, 1882, 5154, 3111, 1353, 1329, 299, 1286, 1212, 1588, 4679, 4669, 3495, 1902, 1362, 2606, 5310, 2142, 3632, 1053, 2593, 2740, 2107, 1110, 4029, 5045, 3603, 3962, 2979, 3204, 4830, 774, 3892, 3218, 893, 666, 932, 5118, 1568, 3523, 887, 4114, 3364, 3066, 3312, 2615, 2153, 4142, 5235, 3163, 4793, 1416, 4203, 2523, 238, 1892, 167, 1434, 1240, 3542, 3856, 4008, 390, 1993, 5366, 1494, 5309, 4876, 3467, 4351, 3729, 4213, 1627, 2350, 4418, 1099, 2207, 4350, 4122, 126, 1226, 3346, 485, 461, 4316, 2763, 4212, 538, 2524, 5137, 551, 2803, 2834, 1028, 3465, 4812, 3092, 4874, 3293, 4364, 1540, 4875, 2089, 1533, 3099, 3864, 314, 3853, 5025, 936, 3013, 547, 3527, 1135, 3179, 3708, 1959, 2915, 1442, 3343, 1715, 1172, 621, 5324, 1199, 2218, 5217, 2046, 385, 4953, 4311, 5305, 4496, 4448, 3631, 5176, 528, 806, 832, 4523, 4368, 2061, 3852, 3872, 878, 2944, 3826, 1467, 3920, 2032, 2785, 5312, 850, 4325, 4817, 4528, 4631, 2673, 1419, 4022, 4047, 3515, 1333, 345, 4140, 1753, 2596, 2459, 3492, 4064, 4012, 5284, 1581, 3747, 488, 4902, 3240, 3231, 4660, 2604, 5345, 4926, 2791, 3896, 1491, 62, 5174, 1469, 478, 839, 3052, 5062, 2006, 892, 5043, 3783, 340, 2905, 2423, 3993, 145, 1939, 472, 2728, 1229, 76, 1774, 4168, 646, 3755, 2302, 3833, 2309, 3784, 1300, 4491, 5167, 993, 1136, 4597, 452, 2637, 1828, 1575, 4987, 4857, 33, 5204, 2994, 3956, 3356, 1932, 2, 4439, 3004, 4692, 5417, 2931, 3118, 4801, 2631, 2453, 2649, 4176, 1000, 1371, 959, 4302, 330, 3585, 3258, 4332, 4564, 4725, 4301, 2469, 2933, 955, 3367, 4466, 744, 15, 1582, 2199, 2281, 3882, 4530, 3131, 1808, 3728, 5433, 1145, 2174, 4890, 5229, 1468, 101, 1355, 549, 1262, 1227, 3913, 2762, 5379, 222, 988, 3088, 3480, 1783, 532, 355, 4393, 2369, 5251, 1675, 2025, 2483, 2135, 2924, 665, 1760, 2705, 4338, 2951, 1507, 939, 1243, 1285, 632, 1360, 2827, 624, 3203, 2029, 3607, 3002, 4818, 130, 3381, 3846, 4011, 2056, 1458, 1350, 3758, 4947, 5322, 1059, 1556, 864, 3345, 2939, 3659, 1466, 2067, 4380, 2797, 1076, 431, 1740, 2293, 3737, 1952, 3664, 2632, 1656, 3790, 5410, 4058, 1211, 3445, 4428, 1109, 45, 2456, 2489, 4512, 3275, 3214, 4757, 239, 5109, 2555, 3958, 3740, 1644, 4596, 2331, 3316, 5007, 3371, 3656, 4028, 635, 1926, 995, 5012, 128, 3876, 2063, 758, 3815, 2641, 2374, 3138, 4190, 1850, 954, 4179, 5049, 2669, 3355, 1960, 2016, 2620, 4538, 4407, 5126, 3167, 5169, 403, 811, 65, 121, 968, 1332, 1816, 4324, 4062, 4576, 590, 4201, 3424, 159, 2950, 281, 4615, 2812, 1686, 3514, 2890, 2509, 411, 2992, 149, 3407, 1074, 2071, 1193, 237, 3770, 1809, 4245, 979, 3469, 5231, 4183, 4837, 4502]",60,500,5,False,500
27,numeric,location,4,True,False,True,"{2: 108, 1: 104, 5: 89, 4: 74, 3: 118, 0: 7}","[365, 353, 2801, 2313, 4363, 3055, 466, 5179, 4620, 922, 1488, 3354, 1490, 872, 280, 265, 3837, 2759, 5068, 1765, 2589, 1272, 2677, 4079, 926, 4931, 1511, 989, 3357, 999, 2993, 4192, 5431, 5121, 5175, 2470, 2867, 1374, 5434, 4983, 5381, 4304, 3235, 2126, 1748, 3628, 3439, 1615, 5008, 4767, 3479, 862, 3772, 522, 5242, 980, 4258, 3229, 787, 4436, 3886, 4934, 1882, 5154, 3111, 1353, 1329, 299, 1286, 1212, 1588, 4679, 4669, 3495, 1902, 1362, 2606, 5310, 2142, 3632, 1053, 2593, 2740, 2107, 1110, 4029, 5045, 3603, 3962, 2979, 3204, 4830, 774, 3892, 3218, 893, 666, 932, 5118, 1568, 3523, 887, 4114, 3364, 3066, 3312, 2615, 2153, 4142, 5235, 3163, 4793, 1416, 4203, 2523, 238, 1892, 167, 1434, 1240, 3542, 3856, 4008, 390, 1993, 5366, 1494, 5309, 4876, 3467, 4351, 3729, 4213, 1627, 2350, 4418, 1099, 2207, 4350, 4122, 126, 1226, 3346, 485, 461, 4316, 2763, 4212, 538, 2524, 5137, 551, 2803, 2834, 1028, 3465, 4812, 3092, 4874, 3293, 4364, 1540, 4875, 2089, 1533, 3099, 3864, 314, 3853, 5025, 936, 3013, 547, 3527, 1135, 3179, 3708, 1959, 2915, 1442, 3343, 1715, 1172, 621, 5324, 1199, 2218, 5217, 2046, 385, 4953, 4311, 5305, 4496, 4448, 3631, 5176, 528, 806, 832, 4523, 4368, 2061, 3852, 3872, 878, 2944, 3826, 1467, 3920, 2032, 2785, 5312, 850, 4325, 4817, 4528, 4631, 2673, 1419, 4022, 4047, 3515, 1333, 345, 4140, 1753, 2596, 2459, 3492, 4064, 4012, 5284, 1581, 3747, 488, 4902, 3240, 3231, 4660, 2604, 5345, 4926, 2791, 3896, 1491, 62, 5174, 1469, 478, 839, 3052, 5062, 2006, 892, 5043, 3783, 340, 2905, 2423, 3993, 145, 1939, 472, 2728, 1229, 76, 1774, 4168, 646, 3755, 2302, 3833, 2309, 3784, 1300, 4491, 5167, 993, 1136, 4597, 452, 2637, 1828, 1575, 4987, 4857, 33, 5204, 2994, 3956, 3356, 1932, 2, 4439, 3004, 4692, 5417, 2931, 3118, 4801, 2631, 2453, 2649, 4176, 1000, 1371, 959, 4302, 330, 3585, 3258, 4332, 4564, 4725, 4301, 2469, 2933, 955, 3367, 4466, 744, 15, 1582, 2199, 2281, 3882, 4530, 3131, 1808, 3728, 5433, 1145, 2174, 4890, 5229, 1468, 101, 1355, 549, 1262, 1227, 3913, 2762, 5379, 222, 988, 3088, 3480, 1783, 532, 355, 4393, 2369, 5251, 1675, 2025, 2483, 2135, 2924, 665, 1760, 2705, 4338, 2951, 1507, 939, 1243, 1285, 632, 1360, 2827, 624, 3203, 2029, 3607, 3002, 4818, 130, 3381, 3846, 4011, 2056, 1458, 1350, 3758, 4947, 5322, 1059, 1556, 864, 3345, 2939, 3659, 1466, 2067, 4380, 2797, 1076, 431, 1740, 2293, 3737, 1952, 3664, 2632, 1656, 3790, 5410, 4058, 1211, 3445, 4428, 1109, 45, 2456, 2489, 4512, 3275, 3214, 4757, 239, 5109, 2555, 3958, 3740, 1644, 4596, 2331, 3316, 5007, 3371, 3656, 4028, 635, 1926, 995, 5012, 128, 3876, 2063, 758, 3815, 2641, 2374, 3138, 4190, 1850, 954, 4179, 5049, 2669, 3355, 1960, 2016, 2620, 4538, 4407, 5126, 3167, 5169, 403, 811, 65, 121, 968, 1332, 1816, 4324, 4062, 4576, 590, 4201, 3424, 159, 2950, 281, 4615, 2812, 1686, 3514, 2890, 2509, 411, 2992, 149, 3407, 1074, 2071, 1193, 237, 3770, 1809, 4245, 979, 3469, 5231, 4183, 4837, 4502]",27,500,5,False,500
319,numeric,location,4,True,False,True,"{2: 108, 1: 104, 5: 89, 4: 74, 3: 118, 0: 7}","[365, 353, 2801, 2313, 4363, 3055, 466, 5179, 4620, 922, 1488, 3354, 1490, 872, 280, 265, 3837, 2759, 5068, 1765, 2589, 1272, 2677, 4079, 926, 4931, 1511, 989, 3357, 999, 2993, 4192, 5431, 5121, 5175, 2470, 2867, 1374, 5434, 4983, 5381, 4304, 3235, 2126, 1748, 3628, 3439, 1615, 5008, 4767, 3479, 862, 3772, 522, 5242, 980, 4258, 3229, 787, 4436, 3886, 4934, 1882, 5154, 3111, 1353, 1329, 299, 1286, 1212, 1588, 4679, 4669, 3495, 1902, 1362, 2606, 5310, 2142, 3632, 1053, 2593, 2740, 2107, 1110, 4029, 5045, 3603, 3962, 2979, 3204, 4830, 774, 3892, 3218, 893, 666, 932, 5118, 1568, 3523, 887, 4114, 3364, 3066, 3312, 2615, 2153, 4142, 5235, 3163, 4793, 1416, 4203, 2523, 238, 1892, 167, 1434, 1240, 3542, 3856, 4008, 390, 1993, 5366, 1494, 5309, 4876, 3467, 4351, 3729, 4213, 1627, 2350, 4418, 1099, 2207, 4350, 4122, 126, 1226, 3346, 485, 461, 4316, 2763, 4212, 538, 2524, 5137, 551, 2803, 2834, 1028, 3465, 4812, 3092, 4874, 3293, 4364, 1540, 4875, 2089, 1533, 3099, 3864, 314, 3853, 5025, 936, 3013, 547, 3527, 1135, 3179, 3708, 1959, 2915, 1442, 3343, 1715, 1172, 621, 5324, 1199, 2218, 5217, 2046, 385, 4953, 4311, 5305, 4496, 4448, 3631, 5176, 528, 806, 832, 4523, 4368, 2061, 3852, 3872, 878, 2944, 3826, 1467, 3920, 2032, 2785, 5312, 850, 4325, 4817, 4528, 4631, 2673, 1419, 4022, 4047, 3515, 1333, 345, 4140, 1753, 2596, 2459, 3492, 4064, 4012, 5284, 1581, 3747, 488, 4902, 3240, 3231, 4660, 2604, 5345, 4926, 2791, 3896, 1491, 62, 5174, 1469, 478, 839, 3052, 5062, 2006, 892, 5043, 3783, 340, 2905, 2423, 3993, 145, 1939, 472, 2728, 1229, 76, 1774, 4168, 646, 3755, 2302, 3833, 2309, 3784, 1300, 4491, 5167, 993, 1136, 4597, 452, 2637, 1828, 1575, 4987, 4857, 33, 5204, 2994, 3956, 3356, 1932, 2, 4439, 3004, 4692, 5417, 2931, 3118, 4801, 2631, 2453, 2649, 4176, 1000, 1371, 959, 4302, 330, 3585, 3258, 4332, 4564, 4725, 4301, 2469, 2933, 955, 3367, 4466, 744, 15, 1582, 2199, 2281, 3882, 4530, 3131, 1808, 3728, 5433, 1145, 2174, 4890, 5229, 1468, 101, 1355, 549, 1262, 1227, 3913, 2762, 5379, 222, 988, 3088, 3480, 1783, 532, 355, 4393, 2369, 5251, 1675, 2025, 2483, 2135, 2924, 665, 1760, 2705, 4338, 2951, 1507, 939, 1243, 1285, 632, 1360, 2827, 624, 3203, 2029, 3607, 3002, 4818, 130, 3381, 3846, 4011, 2056, 1458, 1350, 3758, 4947, 5322, 1059, 1556, 864, 3345, 2939, 3659, 1466, 2067, 4380, 2797, 1076, 431, 1740, 2293, 3737, 1952, 3664, 2632, 1656, 3790, 5410, 4058, 1211, 3445, 4428, 1109, 45, 2456, 2489, 4512, 3275, 3214, 4757, 239, 5109, 2555, 3958, 3740, 1644, 4596, 2331, 3316, 5007, 3371, 3656, 4028, 635, 1926, 995, 5012, 128, 3876, 2063, 758, 3815, 2641, 2374, 3138, 4190, 1850, 954, 4179, 5049, 2669, 3355, 1960, 2016, 2620, 4538, 4407, 5126, 3167, 5169, 403, 811, 65, 121, 968, 1332, 1816, 4324, 4062, 4576, 590, 4201, 3424, 159, 2950, 281, 4615, 2812, 1686, 3514, 2890, 2509, 411, 2992, 149, 3407, 1074, 2071, 1193, 237, 3770, 1809, 4245, 979, 3469, 5231, 4183, 4837, 4502]",319,500,5,False,500
343,human,human,3,True,True,True,"{2: 108, 1: 104, 5: 89, 4: 74, 3: 118, 0: 7}","[365, 353, 2801, 2313, 4363, 3055, 466, 5179, 4620, 922, 1488, 3354, 1490, 872, 280, 265, 3837, 2759, 5068, 1765, 2589, 1272, 2677, 4079, 926, 4931, 1511, 989, 3357, 999, 2993, 4192, 5431, 5121, 5175, 2470, 2867, 1374, 5434, 4983, 5381, 4304, 3235, 2126, 1748, 3628, 3439, 1615, 5008, 4767, 3479, 862, 3772, 522, 5242, 980, 4258, 3229, 787, 4436, 3886, 4934, 1882, 5154, 3111, 1353, 1329, 299, 1286, 1212, 1588, 4679, 4669, 3495, 1902, 1362, 2606, 5310, 2142, 3632, 1053, 2593, 2740, 2107, 1110, 4029, 5045, 3603, 3962, 2979, 3204, 4830, 774, 3892, 3218, 893, 666, 932, 5118, 1568, 3523, 887, 4114, 3364, 3066, 3312, 2615, 2153, 4142, 5235, 3163, 4793, 1416, 4203, 2523, 238, 1892, 167, 1434, 1240, 3542, 3856, 4008, 390, 1993, 5366, 1494, 5309, 4876, 3467, 4351, 3729, 4213, 1627, 2350, 4418, 1099, 2207, 4350, 4122, 126, 1226, 3346, 485, 461, 4316, 2763, 4212, 538, 2524, 5137, 551, 2803, 2834, 1028, 3465, 4812, 3092, 4874, 3293, 4364, 1540, 4875, 2089, 1533, 3099, 3864, 314, 3853, 5025, 936, 3013, 547, 3527, 1135, 3179, 3708, 1959, 2915, 1442, 3343, 1715, 1172, 621, 5324, 1199, 2218, 5217, 2046, 385, 4953, 4311, 5305, 4496, 4448, 3631, 5176, 528, 806, 832, 4523, 4368, 2061, 3852, 3872, 878, 2944, 3826, 1467, 3920, 2032, 2785, 5312, 850, 4325, 4817, 4528, 4631, 2673, 1419, 4022, 4047, 3515, 1333, 345, 4140, 1753, 2596, 2459, 3492, 4064, 4012, 5284, 1581, 3747, 488, 4902, 3240, 3231, 4660, 2604, 5345, 4926, 2791, 3896, 1491, 62, 5174, 1469, 478, 839, 3052, 5062, 2006, 892, 5043, 3783, 340, 2905, 2423, 3993, 145, 1939, 472, 2728, 1229, 76, 1774, 4168, 646, 3755, 2302, 3833, 2309, 3784, 1300, 4491, 5167, 993, 1136, 4597, 452, 2637, 1828, 1575, 4987, 4857, 33, 5204, 2994, 3956, 3356, 1932, 2, 4439, 3004, 4692, 5417, 2931, 3118, 4801, 2631, 2453, 2649, 4176, 1000, 1371, 959, 4302, 330, 3585, 3258, 4332, 4564, 4725, 4301, 2469, 2933, 955, 3367, 4466, 744, 15, 1582, 2199, 2281, 3882, 4530, 3131, 1808, 3728, 5433, 1145, 2174, 4890, 5229, 1468, 101, 1355, 549, 1262, 1227, 3913, 2762, 5379, 222, 988, 3088, 3480, 1783, 532, 355, 4393, 2369, 5251, 1675, 2025, 2483, 2135, 2924, 665, 1760, 2705, 4338, 2951, 1507, 939, 1243, 1285, 632, 1360, 2827, 624, 3203, 2029, 3607, 3002, 4818, 130, 3381, 3846, 4011, 2056, 1458, 1350, 3758, 4947, 5322, 1059, 1556, 864, 3345, 2939, 3659, 1466, 2067, 4380, 2797, 1076, 431, 1740, 2293, 3737, 1952, 3664, 2632, 1656, 3790, 5410, 4058, 1211, 3445, 4428, 1109, 45, 2456, 2489, 4512, 3275, 3214, 4757, 239, 5109, 2555, 3958, 3740, 1644, 4596, 2331, 3316, 5007, 3371, 3656, 4028, 635, 1926, 995, 5012, 128, 3876, 2063, 758, 3815, 2641, 2374, 3138, 4190, 1850, 954, 4179, 5049, 2669, 3355, 1960, 2016, 2620, 4538, 4407, 5126, 3167, 5169, 403, 811, 65, 121, 968, 1332, 1816, 4324, 4062, 4576, 590, 4201, 3424, 159, 2950, 281, 4615, 2812, 1686, 3514, 2890, 2509, 411, 2992, 149, 3407, 1074, 2071, 1193, 237, 3770, 1809, 4245, 979, 3469, 5231, 4183, 4837, 4502]",343,500,5,False,500
82,human,human,3,True,True,True,"{2: 108, 1: 104, 5: 89, 4: 74, 3: 118, 0: 7}","[365, 353, 2801, 2313, 4363, 3055, 466, 5179, 4620, 922, 1488, 3354, 1490, 872, 280, 265, 3837, 2759, 5068, 1765, 2589, 1272, 2677, 4079, 926, 4931, 1511, 989, 3357, 999, 2993, 4192, 5431, 5121, 5175, 2470, 2867, 1374, 5434, 4983, 5381, 4304, 3235, 2126, 1748, 3628, 3439, 1615, 5008, 4767, 3479, 862, 3772, 522, 5242, 980, 4258, 3229, 787, 4436, 3886, 4934, 1882, 5154, 3111, 1353, 1329, 299, 1286, 1212, 1588, 4679, 4669, 3495, 1902, 1362, 2606, 5310, 2142, 3632, 1053, 2593, 2740, 2107, 1110, 4029, 5045, 3603, 3962, 2979, 3204, 4830, 774, 3892, 3218, 893, 666, 932, 5118, 1568, 3523, 887, 4114, 3364, 3066, 3312, 2615, 2153, 4142, 5235, 3163, 4793, 1416, 4203, 2523, 238, 1892, 167, 1434, 1240, 3542, 3856, 4008, 390, 1993, 5366, 1494, 5309, 4876, 3467, 4351, 3729, 4213, 1627, 2350, 4418, 1099, 2207, 4350, 4122, 126, 1226, 3346, 485, 461, 4316, 2763, 4212, 538, 2524, 5137, 551, 2803, 2834, 1028, 3465, 4812, 3092, 4874, 3293, 4364, 1540, 4875, 2089, 1533, 3099, 3864, 314, 3853, 5025, 936, 3013, 547, 3527, 1135, 3179, 3708, 1959, 2915, 1442, 3343, 1715, 1172, 621, 5324, 1199, 2218, 5217, 2046, 385, 4953, 4311, 5305, 4496, 4448, 3631, 5176, 528, 806, 832, 4523, 4368, 2061, 3852, 3872, 878, 2944, 3826, 1467, 3920, 2032, 2785, 5312, 850, 4325, 4817, 4528, 4631, 2673, 1419, 4022, 4047, 3515, 1333, 345, 4140, 1753, 2596, 2459, 3492, 4064, 4012, 5284, 1581, 3747, 488, 4902, 3240, 3231, 4660, 2604, 5345, 4926, 2791, 3896, 1491, 62, 5174, 1469, 478, 839, 3052, 5062, 2006, 892, 5043, 3783, 340, 2905, 2423, 3993, 145, 1939, 472, 2728, 1229, 76, 1774, 4168, 646, 3755, 2302, 3833, 2309, 3784, 1300, 4491, 5167, 993, 1136, 4597, 452, 2637, 1828, 1575, 4987, 4857, 33, 5204, 2994, 3956, 3356, 1932, 2, 4439, 3004, 4692, 5417, 2931, 3118, 4801, 2631, 2453, 2649, 4176, 1000, 1371, 959, 4302, 330, 3585, 3258, 4332, 4564, 4725, 4301, 2469, 2933, 955, 3367, 4466, 744, 15, 1582, 2199, 2281, 3882, 4530, 3131, 1808, 3728, 5433, 1145, 2174, 4890, 5229, 1468, 101, 1355, 549, 1262, 1227, 3913, 2762, 5379, 222, 988, 3088, 3480, 1783, 532, 355, 4393, 2369, 5251, 1675, 2025, 2483, 2135, 2924, 665, 1760, 2705, 4338, 2951, 1507, 939, 1243, 1285, 632, 1360, 2827, 624, 3203, 2029, 3607, 3002, 4818, 130, 3381, 3846, 4011, 2056, 1458, 1350, 3758, 4947, 5322, 1059, 1556, 864, 3345, 2939, 3659, 1466, 2067, 4380, 2797, 1076, 431, 1740, 2293, 3737, 1952, 3664, 2632, 1656, 3790, 5410, 4058, 1211, 3445, 4428, 1109, 45, 2456, 2489, 4512, 3275, 3214, 4757, 239, 5109, 2555, 3958, 3740, 1644, 4596, 2331, 3316, 5007, 3371, 3656, 4028, 635, 1926, 995, 5012, 128, 3876, 2063, 758, 3815, 2641, 2374, 3138, 4190, 1850, 954, 4179, 5049, 2669, 3355, 1960, 2016, 2620, 4538, 4407, 5126, 3167, 5169, 403, 811, 65, 121, 968, 1332, 1816, 4324, 4062, 4576, 590, 4201, 3424, 159, 2950, 281, 4615, 2812, 1686, 3514, 2890, 2509, 411, 2992, 149, 3407, 1074, 2071, 1193, 237, 3770, 1809, 4245, 979, 3469, 5231, 4183, 4837, 4502]",82,500,5,False,500
395,description,description,2,True,True,True,"{2: 108, 1: 104, 5: 89, 4: 74, 3: 118, 0: 7}","[365, 353, 2801, 2313, 4363, 3055, 466, 5179, 4620, 922, 1488, 3354, 1490, 872, 280, 265, 3837, 2759, 5068, 1765, 2589, 1272, 2677, 4079, 926, 4931, 1511, 989, 3357, 999, 2993, 4192, 5431, 5121, 5175, 2470, 2867, 1374, 5434, 4983, 5381, 4304, 3235, 2126, 1748, 3628, 3439, 1615, 5008, 4767, 3479, 862, 3772, 522, 5242, 980, 4258, 3229, 787, 4436, 3886, 4934, 1882, 5154, 3111, 1353, 1329, 299, 1286, 1212, 1588, 4679, 4669, 3495, 1902, 1362, 2606, 5310, 2142, 3632, 1053, 2593, 2740, 2107, 1110, 4029, 5045, 3603, 3962, 2979, 3204, 4830, 774, 3892, 3218, 893, 666, 932, 5118, 1568, 3523, 887, 4114, 3364, 3066, 3312, 2615, 2153, 4142, 5235, 3163, 4793, 1416, 4203, 2523, 238, 1892, 167, 1434, 1240, 3542, 3856, 4008, 390, 1993, 5366, 1494, 5309, 4876, 3467, 4351, 3729, 4213, 1627, 2350, 4418, 1099, 2207, 4350, 4122, 126, 1226, 3346, 485, 461, 4316, 2763, 4212, 538, 2524, 5137, 551, 2803, 2834, 1028, 3465, 4812, 3092, 4874, 3293, 4364, 1540, 4875, 2089, 1533, 3099, 3864, 314, 3853, 5025, 936, 3013, 547, 3527, 1135, 3179, 3708, 1959, 2915, 1442, 3343, 1715, 1172, 621, 5324, 1199, 2218, 5217, 2046, 385, 4953, 4311, 5305, 4496, 4448, 3631, 5176, 528, 806, 832, 4523, 4368, 2061, 3852, 3872, 878, 2944, 3826, 1467, 3920, 2032, 2785, 5312, 850, 4325, 4817, 4528, 4631, 2673, 1419, 4022, 4047, 3515, 1333, 345, 4140, 1753, 2596, 2459, 3492, 4064, 4012, 5284, 1581, 3747, 488, 4902, 3240, 3231, 4660, 2604, 5345, 4926, 2791, 3896, 1491, 62, 5174, 1469, 478, 839, 3052, 5062, 2006, 892, 5043, 3783, 340, 2905, 2423, 3993, 145, 1939, 472, 2728, 1229, 76, 1774, 4168, 646, 3755, 2302, 3833, 2309, 3784, 1300, 4491, 5167, 993, 1136, 4597, 452, 2637, 1828, 1575, 4987, 4857, 33, 5204, 2994, 3956, 3356, 1932, 2, 4439, 3004, 4692, 5417, 2931, 3118, 4801, 2631, 2453, 2649, 4176, 1000, 1371, 959, 4302, 330, 3585, 3258, 4332, 4564, 4725, 4301, 2469, 2933, 955, 3367, 4466, 744, 15, 1582, 2199, 2281, 3882, 4530, 3131, 1808, 3728, 5433, 1145, 2174, 4890, 5229, 1468, 101, 1355, 549, 1262, 1227, 3913, 2762, 5379, 222, 988, 3088, 3480, 1783, 532, 355, 4393, 2369, 5251, 1675, 2025, 2483, 2135, 2924, 665, 1760, 2705, 4338, 2951, 1507, 939, 1243, 1285, 632, 1360, 2827, 624, 3203, 2029, 3607, 3002, 4818, 130, 3381, 3846, 4011, 2056, 1458, 1350, 3758, 4947, 5322, 1059, 1556, 864, 3345, 2939, 3659, 1466, 2067, 4380, 2797, 1076, 431, 1740, 2293, 3737, 1952, 3664, 2632, 1656, 3790, 5410, 4058, 1211, 3445, 4428, 1109, 45, 2456, 2489, 4512, 3275, 3214, 4757, 239, 5109, 2555, 3958, 3740, 1644, 4596, 2331, 3316, 5007, 3371, 3656, 4028, 635, 1926, 995, 5012, 128, 3876, 2063, 758, 3815, 2641, 2374, 3138, 4190, 1850, 954, 4179, 5049, 2669, 3355, 1960, 2016, 2620, 4538, 4407, 5126, 3167, 5169, 403, 811, 65, 121, 968, 1332, 1816, 4324, 4062, 4576, 590, 4201, 3424, 159, 2950, 281, 4615, 2812, 1686, 3514, 2890, 2509, 411, 2992, 149, 3407, 1074, 2071, 1193, 237, 3770, 1809, 4245, 979, 3469, 5231, 4183, 4837, 4502]",395,500,5,False,500
188,location,location,4,True,True,True,"{2: 108, 1: 104, 5: 89, 4: 74, 3: 118, 0: 7}","[365, 353, 2801, 2313, 4363, 3055, 466, 5179, 4620, 922, 1488, 3354, 1490, 872, 280, 265, 3837, 2759, 5068, 1765, 2589, 1272, 2677, 4079, 926, 4931, 1511, 989, 3357, 999, 2993, 4192, 5431, 5121, 5175, 2470, 2867, 1374, 5434, 4983, 5381, 4304, 3235, 2126, 1748, 3628, 3439, 1615, 5008, 4767, 3479, 862, 3772, 522, 5242, 980, 4258, 3229, 787, 4436, 3886, 4934, 1882, 5154, 3111, 1353, 1329, 299, 1286, 1212, 1588, 4679, 4669, 3495, 1902, 1362, 2606, 5310, 2142, 3632, 1053, 2593, 2740, 2107, 1110, 4029, 5045, 3603, 3962, 2979, 3204, 4830, 774, 3892, 3218, 893, 666, 932, 5118, 1568, 3523, 887, 4114, 3364, 3066, 3312, 2615, 2153, 4142, 5235, 3163, 4793, 1416, 4203, 2523, 238, 1892, 167, 1434, 1240, 3542, 3856, 4008, 390, 1993, 5366, 1494, 5309, 4876, 3467, 4351, 3729, 4213, 1627, 2350, 4418, 1099, 2207, 4350, 4122, 126, 1226, 3346, 485, 461, 4316, 2763, 4212, 538, 2524, 5137, 551, 2803, 2834, 1028, 3465, 4812, 3092, 4874, 3293, 4364, 1540, 4875, 2089, 1533, 3099, 3864, 314, 3853, 5025, 936, 3013, 547, 3527, 1135, 3179, 3708, 1959, 2915, 1442, 3343, 1715, 1172, 621, 5324, 1199, 2218, 5217, 2046, 385, 4953, 4311, 5305, 4496, 4448, 3631, 5176, 528, 806, 832, 4523, 4368, 2061, 3852, 3872, 878, 2944, 3826, 1467, 3920, 2032, 2785, 5312, 850, 4325, 4817, 4528, 4631, 2673, 1419, 4022, 4047, 3515, 1333, 345, 4140, 1753, 2596, 2459, 3492, 4064, 4012, 5284, 1581, 3747, 488, 4902, 3240, 3231, 4660, 2604, 5345, 4926, 2791, 3896, 1491, 62, 5174, 1469, 478, 839, 3052, 5062, 2006, 892, 5043, 3783, 340, 2905, 2423, 3993, 145, 1939, 472, 2728, 1229, 76, 1774, 4168, 646, 3755, 2302, 3833, 2309, 3784, 1300, 4491, 5167, 993, 1136, 4597, 452, 2637, 1828, 1575, 4987, 4857, 33, 5204, 2994, 3956, 3356, 1932, 2, 4439, 3004, 4692, 5417, 2931, 3118, 4801, 2631, 2453, 2649, 4176, 1000, 1371, 959, 4302, 330, 3585, 3258, 4332, 4564, 4725, 4301, 2469, 2933, 955, 3367, 4466, 744, 15, 1582, 2199, 2281, 3882, 4530, 3131, 1808, 3728, 5433, 1145, 2174, 4890, 5229, 1468, 101, 1355, 549, 1262, 1227, 3913, 2762, 5379, 222, 988, 3088, 3480, 1783, 532, 355, 4393, 2369, 5251, 1675, 2025, 2483, 2135, 2924, 665, 1760, 2705, 4338, 2951, 1507, 939, 1243, 1285, 632, 1360, 2827, 624, 3203, 2029, 3607, 3002, 4818, 130, 3381, 3846, 4011, 2056, 1458, 1350, 3758, 4947, 5322, 1059, 1556, 864, 3345, 2939, 3659, 1466, 2067, 4380, 2797, 1076, 431, 1740, 2293, 3737, 1952, 3664, 2632, 1656, 3790, 5410, 4058, 1211, 3445, 4428, 1109, 45, 2456, 2489, 4512, 3275, 3214, 4757, 239, 5109, 2555, 3958, 3740, 1644, 4596, 2331, 3316, 5007, 3371, 3656, 4028, 635, 1926, 995, 5012, 128, 3876, 2063, 758, 3815, 2641, 2374, 3138, 4190, 1850, 954, 4179, 5049, 2669, 3355, 1960, 2016, 2620, 4538, 4407, 5126, 3167, 5169, 403, 811, 65, 121, 968, 1332, 1816, 4324, 4062, 4576, 590, 4201, 3424, 159, 2950, 281, 4615, 2812, 1686, 3514, 2890, 2509, 411, 2992, 149, 3407, 1074, 2071, 1193, 237, 3770, 1809, 4245, 979, 3469, 5231, 4183, 4837, 4502]",188,500,5,False,500
203,entity,entity,1,True,True,True,"{2: 108, 1: 104, 5: 89, 4: 74, 3: 118, 0: 7}","[365, 353, 2801, 2313, 4363, 3055, 466, 5179, 4620, 922, 1488, 3354, 1490, 872, 280, 265, 3837, 2759, 5068, 1765, 2589, 1272, 2677, 4079, 926, 4931, 1511, 989, 3357, 999, 2993, 4192, 5431, 5121, 5175, 2470, 2867, 1374, 5434, 4983, 5381, 4304, 3235, 2126, 1748, 3628, 3439, 1615, 5008, 4767, 3479, 862, 3772, 522, 5242, 980, 4258, 3229, 787, 4436, 3886, 4934, 1882, 5154, 3111, 1353, 1329, 299, 1286, 1212, 1588, 4679, 4669, 3495, 1902, 1362, 2606, 5310, 2142, 3632, 1053, 2593, 2740, 2107, 1110, 4029, 5045, 3603, 3962, 2979, 3204, 4830, 774, 3892, 3218, 893, 666, 932, 5118, 1568, 3523, 887, 4114, 3364, 3066, 3312, 2615, 2153, 4142, 5235, 3163, 4793, 1416, 4203, 2523, 238, 1892, 167, 1434, 1240, 3542, 3856, 4008, 390, 1993, 5366, 1494, 5309, 4876, 3467, 4351, 3729, 4213, 1627, 2350, 4418, 1099, 2207, 4350, 4122, 126, 1226, 3346, 485, 461, 4316, 2763, 4212, 538, 2524, 5137, 551, 2803, 2834, 1028, 3465, 4812, 3092, 4874, 3293, 4364, 1540, 4875, 2089, 1533, 3099, 3864, 314, 3853, 5025, 936, 3013, 547, 3527, 1135, 3179, 3708, 1959, 2915, 1442, 3343, 1715, 1172, 621, 5324, 1199, 2218, 5217, 2046, 385, 4953, 4311, 5305, 4496, 4448, 3631, 5176, 528, 806, 832, 4523, 4368, 2061, 3852, 3872, 878, 2944, 3826, 1467, 3920, 2032, 2785, 5312, 850, 4325, 4817, 4528, 4631, 2673, 1419, 4022, 4047, 3515, 1333, 345, 4140, 1753, 2596, 2459, 3492, 4064, 4012, 5284, 1581, 3747, 488, 4902, 3240, 3231, 4660, 2604, 5345, 4926, 2791, 3896, 1491, 62, 5174, 1469, 478, 839, 3052, 5062, 2006, 892, 5043, 3783, 340, 2905, 2423, 3993, 145, 1939, 472, 2728, 1229, 76, 1774, 4168, 646, 3755, 2302, 3833, 2309, 3784, 1300, 4491, 5167, 993, 1136, 4597, 452, 2637, 1828, 1575, 4987, 4857, 33, 5204, 2994, 3956, 3356, 1932, 2, 4439, 3004, 4692, 5417, 2931, 3118, 4801, 2631, 2453, 2649, 4176, 1000, 1371, 959, 4302, 330, 3585, 3258, 4332, 4564, 4725, 4301, 2469, 2933, 955, 3367, 4466, 744, 15, 1582, 2199, 2281, 3882, 4530, 3131, 1808, 3728, 5433, 1145, 2174, 4890, 5229, 1468, 101, 1355, 549, 1262, 1227, 3913, 2762, 5379, 222, 988, 3088, 3480, 1783, 532, 355, 4393, 2369, 5251, 1675, 2025, 2483, 2135, 2924, 665, 1760, 2705, 4338, 2951, 1507, 939, 1243, 1285, 632, 1360, 2827, 624, 3203, 2029, 3607, 3002, 4818, 130, 3381, 3846, 4011, 2056, 1458, 1350, 3758, 4947, 5322, 1059, 1556, 864, 3345, 2939, 3659, 1466, 2067, 4380, 2797, 1076, 431, 1740, 2293, 3737, 1952, 3664, 2632, 1656, 3790, 5410, 4058, 1211, 3445, 4428, 1109, 45, 2456, 2489, 4512, 3275, 3214, 4757, 239, 5109, 2555, 3958, 3740, 1644, 4596, 2331, 3316, 5007, 3371, 3656, 4028, 635, 1926, 995, 5012, 128, 3876, 2063, 758, 3815, 2641, 2374, 3138, 4190, 1850, 954, 4179, 5049, 2669, 3355, 1960, 2016, 2620, 4538, 4407, 5126, 3167, 5169, 403, 811, 65, 121, 968, 1332, 1816, 4324, 4062, 4576, 590, 4201, 3424, 159, 2950, 281, 4615, 2812, 1686, 3514, 2890, 2509, 411, 2992, 149, 3407, 1074, 2071, 1193, 237, 3770, 1809, 4245, 979, 3469, 5231, 4183, 4837, 4502]",203,500,5,False,500
490,description,description,2,True,True,True,"{2: 108, 1: 104, 5: 89, 4: 74, 3: 118, 0: 7}","[365, 353, 2801, 2313, 4363, 3055, 466, 5179, 4620, 922, 1488, 3354, 1490, 872, 280, 265, 3837, 2759, 5068, 1765, 2589, 1272, 2677, 4079, 926, 4931, 1511, 989, 3357, 999, 2993, 4192, 5431, 5121, 5175, 2470, 2867, 1374, 5434, 4983, 5381, 4304, 3235, 2126, 1748, 3628, 3439, 1615, 5008, 4767, 3479, 862, 3772, 522, 5242, 980, 4258, 3229, 787, 4436, 3886, 4934, 1882, 5154, 3111, 1353, 1329, 299, 1286, 1212, 1588, 4679, 4669, 3495, 1902, 1362, 2606, 5310, 2142, 3632, 1053, 2593, 2740, 2107, 1110, 4029, 5045, 3603, 3962, 2979, 3204, 4830, 774, 3892, 3218, 893, 666, 932, 5118, 1568, 3523, 887, 4114, 3364, 3066, 3312, 2615, 2153, 4142, 5235, 3163, 4793, 1416, 4203, 2523, 238, 1892, 167, 1434, 1240, 3542, 3856, 4008, 390, 1993, 5366, 1494, 5309, 4876, 3467, 4351, 3729, 4213, 1627, 2350, 4418, 1099, 2207, 4350, 4122, 126, 1226, 3346, 485, 461, 4316, 2763, 4212, 538, 2524, 5137, 551, 2803, 2834, 1028, 3465, 4812, 3092, 4874, 3293, 4364, 1540, 4875, 2089, 1533, 3099, 3864, 314, 3853, 5025, 936, 3013, 547, 3527, 1135, 3179, 3708, 1959, 2915, 1442, 3343, 1715, 1172, 621, 5324, 1199, 2218, 5217, 2046, 385, 4953, 4311, 5305, 4496, 4448, 3631, 5176, 528, 806, 832, 4523, 4368, 2061, 3852, 3872, 878, 2944, 3826, 1467, 3920, 2032, 2785, 5312, 850, 4325, 4817, 4528, 4631, 2673, 1419, 4022, 4047, 3515, 1333, 345, 4140, 1753, 2596, 2459, 3492, 4064, 4012, 5284, 1581, 3747, 488, 4902, 3240, 3231, 4660, 2604, 5345, 4926, 2791, 3896, 1491, 62, 5174, 1469, 478, 839, 3052, 5062, 2006, 892, 5043, 3783, 340, 2905, 2423, 3993, 145, 1939, 472, 2728, 1229, 76, 1774, 4168, 646, 3755, 2302, 3833, 2309, 3784, 1300, 4491, 5167, 993, 1136, 4597, 452, 2637, 1828, 1575, 4987, 4857, 33, 5204, 2994, 3956, 3356, 1932, 2, 4439, 3004, 4692, 5417, 2931, 3118, 4801, 2631, 2453, 2649, 4176, 1000, 1371, 959, 4302, 330, 3585, 3258, 4332, 4564, 4725, 4301, 2469, 2933, 955, 3367, 4466, 744, 15, 1582, 2199, 2281, 3882, 4530, 3131, 1808, 3728, 5433, 1145, 2174, 4890, 5229, 1468, 101, 1355, 549, 1262, 1227, 3913, 2762, 5379, 222, 988, 3088, 3480, 1783, 532, 355, 4393, 2369, 5251, 1675, 2025, 2483, 2135, 2924, 665, 1760, 2705, 4338, 2951, 1507, 939, 1243, 1285, 632, 1360, 2827, 624, 3203, 2029, 3607, 3002, 4818, 130, 3381, 3846, 4011, 2056, 1458, 1350, 3758, 4947, 5322, 1059, 1556, 864, 3345, 2939, 3659, 1466, 2067, 4380, 2797, 1076, 431, 1740, 2293, 3737, 1952, 3664, 2632, 1656, 3790, 5410, 4058, 1211, 3445, 4428, 1109, 45, 2456, 2489, 4512, 3275, 3214, 4757, 239, 5109, 2555, 3958, 3740, 1644, 4596, 2331, 3316, 5007, 3371, 3656, 4028, 635, 1926, 995, 5012, 128, 3876, 2063, 758, 3815, 2641, 2374, 3138, 4190, 1850, 954, 4179, 5049, 2669, 3355, 1960, 2016, 2620, 4538, 4407, 5126, 3167, 5169, 403, 811, 65, 121, 968, 1332, 1816, 4324, 4062, 4576, 590, 4201, 3424, 159, 2950, 281, 4615, 2812, 1686, 3514, 2890, 2509, 411, 2992, 149, 3407, 1074, 2071, 1193, 237, 3770, 1809, 4245, 979, 3469, 5231, 4183, 4837, 4502]",490,500,5,False,500
375,numeric,numeric,5,True,True,True,"{2: 108, 1: 104, 5: 89, 4: 74, 3: 118, 0: 7}","[365, 353, 2801, 2313, 4363, 3055, 466, 5179, 4620, 922, 1488, 3354, 1490, 872, 280, 265, 3837, 2759, 5068, 1765, 2589, 1272, 2677, 4079, 926, 4931, 1511, 989, 3357, 999, 2993, 4192, 5431, 5121, 5175, 2470, 2867, 1374, 5434, 4983, 5381, 4304, 3235, 2126, 1748, 3628, 3439, 1615, 5008, 4767, 3479, 862, 3772, 522, 5242, 980, 4258, 3229, 787, 4436, 3886, 4934, 1882, 5154, 3111, 1353, 1329, 299, 1286, 1212, 1588, 4679, 4669, 3495, 1902, 1362, 2606, 5310, 2142, 3632, 1053, 2593, 2740, 2107, 1110, 4029, 5045, 3603, 3962, 2979, 3204, 4830, 774, 3892, 3218, 893, 666, 932, 5118, 1568, 3523, 887, 4114, 3364, 3066, 3312, 2615, 2153, 4142, 5235, 3163, 4793, 1416, 4203, 2523, 238, 1892, 167, 1434, 1240, 3542, 3856, 4008, 390, 1993, 5366, 1494, 5309, 4876, 3467, 4351, 3729, 4213, 1627, 2350, 4418, 1099, 2207, 4350, 4122, 126, 1226, 3346, 485, 461, 4316, 2763, 4212, 538, 2524, 5137, 551, 2803, 2834, 1028, 3465, 4812, 3092, 4874, 3293, 4364, 1540, 4875, 2089, 1533, 3099, 3864, 314, 3853, 5025, 936, 3013, 547, 3527, 1135, 3179, 3708, 1959, 2915, 1442, 3343, 1715, 1172, 621, 5324, 1199, 2218, 5217, 2046, 385, 4953, 4311, 5305, 4496, 4448, 3631, 5176, 528, 806, 832, 4523, 4368, 2061, 3852, 3872, 878, 2944, 3826, 1467, 3920, 2032, 2785, 5312, 850, 4325, 4817, 4528, 4631, 2673, 1419, 4022, 4047, 3515, 1333, 345, 4140, 1753, 2596, 2459, 3492, 4064, 4012, 5284, 1581, 3747, 488, 4902, 3240, 3231, 4660, 2604, 5345, 4926, 2791, 3896, 1491, 62, 5174, 1469, 478, 839, 3052, 5062, 2006, 892, 5043, 3783, 340, 2905, 2423, 3993, 145, 1939, 472, 2728, 1229, 76, 1774, 4168, 646, 3755, 2302, 3833, 2309, 3784, 1300, 4491, 5167, 993, 1136, 4597, 452, 2637, 1828, 1575, 4987, 4857, 33, 5204, 2994, 3956, 3356, 1932, 2, 4439, 3004, 4692, 5417, 2931, 3118, 4801, 2631, 2453, 2649, 4176, 1000, 1371, 959, 4302, 330, 3585, 3258, 4332, 4564, 4725, 4301, 2469, 2933, 955, 3367, 4466, 744, 15, 1582, 2199, 2281, 3882, 4530, 3131, 1808, 3728, 5433, 1145, 2174, 4890, 5229, 1468, 101, 1355, 549, 1262, 1227, 3913, 2762, 5379, 222, 988, 3088, 3480, 1783, 532, 355, 4393, 2369, 5251, 1675, 2025, 2483, 2135, 2924, 665, 1760, 2705, 4338, 2951, 1507, 939, 1243, 1285, 632, 1360, 2827, 624, 3203, 2029, 3607, 3002, 4818, 130, 3381, 3846, 4011, 2056, 1458, 1350, 3758, 4947, 5322, 1059, 1556, 864, 3345, 2939, 3659, 1466, 2067, 4380, 2797, 1076, 431, 1740, 2293, 3737, 1952, 3664, 2632, 1656, 3790, 5410, 4058, 1211, 3445, 4428, 1109, 45, 2456, 2489, 4512, 3275, 3214, 4757, 239, 5109, 2555, 3958, 3740, 1644, 4596, 2331, 3316, 5007, 3371, 3656, 4028, 635, 1926, 995, 5012, 128, 3876, 2063, 758, 3815, 2641, 2374, 3138, 4190, 1850, 954, 4179, 5049, 2669, 3355, 1960, 2016, 2620, 4538, 4407, 5126, 3167, 5169, 403, 811, 65, 121, 968, 1332, 1816, 4324, 4062, 4576, 590, 4201, 3424, 159, 2950, 281, 4615, 2812, 1686, 3514, 2890, 2509, 411, 2992, 149, 3407, 1074, 2071, 1193, 237, 3770, 1809, 4245, 979, 3469, 5231, 4183, 4837, 4502]",375,500,5,False,500
128,description,description,2,True,True,True,"{2: 108, 1: 104, 5: 89, 4: 74, 3: 118, 0: 7}","[365, 353, 2801, 2313, 4363, 3055, 466, 5179, 4620, 922, 1488, 3354, 1490, 872, 280, 265, 3837, 2759, 5068, 1765, 2589, 1272, 2677, 4079, 926, 4931, 1511, 989, 3357, 999, 2993, 4192, 5431, 5121, 5175, 2470, 2867, 1374, 5434, 4983, 5381, 4304, 3235, 2126, 1748, 3628, 3439, 1615, 5008, 4767, 3479, 862, 3772, 522, 5242, 980, 4258, 3229, 787, 4436, 3886, 4934, 1882, 5154, 3111, 1353, 1329, 299, 1286, 1212, 1588, 4679, 4669, 3495, 1902, 1362, 2606, 5310, 2142, 3632, 1053, 2593, 2740, 2107, 1110, 4029, 5045, 3603, 3962, 2979, 3204, 4830, 774, 3892, 3218, 893, 666, 932, 5118, 1568, 3523, 887, 4114, 3364, 3066, 3312, 2615, 2153, 4142, 5235, 3163, 4793, 1416, 4203, 2523, 238, 1892, 167, 1434, 1240, 3542, 3856, 4008, 390, 1993, 5366, 1494, 5309, 4876, 3467, 4351, 3729, 4213, 1627, 2350, 4418, 1099, 2207, 4350, 4122, 126, 1226, 3346, 485, 461, 4316, 2763, 4212, 538, 2524, 5137, 551, 2803, 2834, 1028, 3465, 4812, 3092, 4874, 3293, 4364, 1540, 4875, 2089, 1533, 3099, 3864, 314, 3853, 5025, 936, 3013, 547, 3527, 1135, 3179, 3708, 1959, 2915, 1442, 3343, 1715, 1172, 621, 5324, 1199, 2218, 5217, 2046, 385, 4953, 4311, 5305, 4496, 4448, 3631, 5176, 528, 806, 832, 4523, 4368, 2061, 3852, 3872, 878, 2944, 3826, 1467, 3920, 2032, 2785, 5312, 850, 4325, 4817, 4528, 4631, 2673, 1419, 4022, 4047, 3515, 1333, 345, 4140, 1753, 2596, 2459, 3492, 4064, 4012, 5284, 1581, 3747, 488, 4902, 3240, 3231, 4660, 2604, 5345, 4926, 2791, 3896, 1491, 62, 5174, 1469, 478, 839, 3052, 5062, 2006, 892, 5043, 3783, 340, 2905, 2423, 3993, 145, 1939, 472, 2728, 1229, 76, 1774, 4168, 646, 3755, 2302, 3833, 2309, 3784, 1300, 4491, 5167, 993, 1136, 4597, 452, 2637, 1828, 1575, 4987, 4857, 33, 5204, 2994, 3956, 3356, 1932, 2, 4439, 3004, 4692, 5417, 2931, 3118, 4801, 2631, 2453, 2649, 4176, 1000, 1371, 959, 4302, 330, 3585, 3258, 4332, 4564, 4725, 4301, 2469, 2933, 955, 3367, 4466, 744, 15, 1582, 2199, 2281, 3882, 4530, 3131, 1808, 3728, 5433, 1145, 2174, 4890, 5229, 1468, 101, 1355, 549, 1262, 1227, 3913, 2762, 5379, 222, 988, 3088, 3480, 1783, 532, 355, 4393, 2369, 5251, 1675, 2025, 2483, 2135, 2924, 665, 1760, 2705, 4338, 2951, 1507, 939, 1243, 1285, 632, 1360, 2827, 624, 3203, 2029, 3607, 3002, 4818, 130, 3381, 3846, 4011, 2056, 1458, 1350, 3758, 4947, 5322, 1059, 1556, 864, 3345, 2939, 3659, 1466, 2067, 4380, 2797, 1076, 431, 1740, 2293, 3737, 1952, 3664, 2632, 1656, 3790, 5410, 4058, 1211, 3445, 4428, 1109, 45, 2456, 2489, 4512, 3275, 3214, 4757, 239, 5109, 2555, 3958, 3740, 1644, 4596, 2331, 3316, 5007, 3371, 3656, 4028, 635, 1926, 995, 5012, 128, 3876, 2063, 758, 3815, 2641, 2374, 3138, 4190, 1850, 954, 4179, 5049, 2669, 3355, 1960, 2016, 2620, 4538, 4407, 5126, 3167, 5169, 403, 811, 65, 121, 968, 1332, 1816, 4324, 4062, 4576, 590, 4201, 3424, 159, 2950, 281, 4615, 2812, 1686, 3514, 2890, 2509, 411, 2992, 149, 3407, 1074, 2071, 1193, 237, 3770, 1809, 4245, 979, 3469, 5231, 4183, 4837, 4502]",128,500,5,False,500
198,numeric,entity,1,True,False,True,"{2: 108, 1: 104, 5: 89, 4: 74, 3: 118, 0: 7}","[365, 353, 2801, 2313, 4363, 3055, 466, 5179, 4620, 922, 1488, 3354, 1490, 872, 280, 265, 3837, 2759, 5068, 1765, 2589, 1272, 2677, 4079, 926, 4931, 1511, 989, 3357, 999, 2993, 4192, 5431, 5121, 5175, 2470, 2867, 1374, 5434, 4983, 5381, 4304, 3235, 2126, 1748, 3628, 3439, 1615, 5008, 4767, 3479, 862, 3772, 522, 5242, 980, 4258, 3229, 787, 4436, 3886, 4934, 1882, 5154, 3111, 1353, 1329, 299, 1286, 1212, 1588, 4679, 4669, 3495, 1902, 1362, 2606, 5310, 2142, 3632, 1053, 2593, 2740, 2107, 1110, 4029, 5045, 3603, 3962, 2979, 3204, 4830, 774, 3892, 3218, 893, 666, 932, 5118, 1568, 3523, 887, 4114, 3364, 3066, 3312, 2615, 2153, 4142, 5235, 3163, 4793, 1416, 4203, 2523, 238, 1892, 167, 1434, 1240, 3542, 3856, 4008, 390, 1993, 5366, 1494, 5309, 4876, 3467, 4351, 3729, 4213, 1627, 2350, 4418, 1099, 2207, 4350, 4122, 126, 1226, 3346, 485, 461, 4316, 2763, 4212, 538, 2524, 5137, 551, 2803, 2834, 1028, 3465, 4812, 3092, 4874, 3293, 4364, 1540, 4875, 2089, 1533, 3099, 3864, 314, 3853, 5025, 936, 3013, 547, 3527, 1135, 3179, 3708, 1959, 2915, 1442, 3343, 1715, 1172, 621, 5324, 1199, 2218, 5217, 2046, 385, 4953, 4311, 5305, 4496, 4448, 3631, 5176, 528, 806, 832, 4523, 4368, 2061, 3852, 3872, 878, 2944, 3826, 1467, 3920, 2032, 2785, 5312, 850, 4325, 4817, 4528, 4631, 2673, 1419, 4022, 4047, 3515, 1333, 345, 4140, 1753, 2596, 2459, 3492, 4064, 4012, 5284, 1581, 3747, 488, 4902, 3240, 3231, 4660, 2604, 5345, 4926, 2791, 3896, 1491, 62, 5174, 1469, 478, 839, 3052, 5062, 2006, 892, 5043, 3783, 340, 2905, 2423, 3993, 145, 1939, 472, 2728, 1229, 76, 1774, 4168, 646, 3755, 2302, 3833, 2309, 3784, 1300, 4491, 5167, 993, 1136, 4597, 452, 2637, 1828, 1575, 4987, 4857, 33, 5204, 2994, 3956, 3356, 1932, 2, 4439, 3004, 4692, 5417, 2931, 3118, 4801, 2631, 2453, 2649, 4176, 1000, 1371, 959, 4302, 330, 3585, 3258, 4332, 4564, 4725, 4301, 2469, 2933, 955, 3367, 4466, 744, 15, 1582, 2199, 2281, 3882, 4530, 3131, 1808, 3728, 5433, 1145, 2174, 4890, 5229, 1468, 101, 1355, 549, 1262, 1227, 3913, 2762, 5379, 222, 988, 3088, 3480, 1783, 532, 355, 4393, 2369, 5251, 1675, 2025, 2483, 2135, 2924, 665, 1760, 2705, 4338, 2951, 1507, 939, 1243, 1285, 632, 1360, 2827, 624, 3203, 2029, 3607, 3002, 4818, 130, 3381, 3846, 4011, 2056, 1458, 1350, 3758, 4947, 5322, 1059, 1556, 864, 3345, 2939, 3659, 1466, 2067, 4380, 2797, 1076, 431, 1740, 2293, 3737, 1952, 3664, 2632, 1656, 3790, 5410, 4058, 1211, 3445, 4428, 1109, 45, 2456, 2489, 4512, 3275, 3214, 4757, 239, 5109, 2555, 3958, 3740, 1644, 4596, 2331, 3316, 5007, 3371, 3656, 4028, 635, 1926, 995, 5012, 128, 3876, 2063, 758, 3815, 2641, 2374, 3138, 4190, 1850, 954, 4179, 5049, 2669, 3355, 1960, 2016, 2620, 4538, 4407, 5126, 3167, 5169, 403, 811, 65, 121, 968, 1332, 1816, 4324, 4062, 4576, 590, 4201, 3424, 159, 2950, 281, 4615, 2812, 1686, 3514, 2890, 2509, 411, 2992, 149, 3407, 1074, 2071, 1193, 237, 3770, 1809, 4245, 979, 3469, 5231, 4183, 4837, 4502]",198,500,5,False,500
149,description,description,2,True,True,True,"{2: 108, 1: 104, 5: 89, 4: 74, 3: 118, 0: 7}","[365, 353, 2801, 2313, 4363, 3055, 466, 5179, 4620, 922, 1488, 3354, 1490, 872, 280, 265, 3837, 2759, 5068, 1765, 2589, 1272, 2677, 4079, 926, 4931, 1511, 989, 3357, 999, 2993, 4192, 5431, 5121, 5175, 2470, 2867, 1374, 5434, 4983, 5381, 4304, 3235, 2126, 1748, 3628, 3439, 1615, 5008, 4767, 3479, 862, 3772, 522, 5242, 980, 4258, 3229, 787, 4436, 3886, 4934, 1882, 5154, 3111, 1353, 1329, 299, 1286, 1212, 1588, 4679, 4669, 3495, 1902, 1362, 2606, 5310, 2142, 3632, 1053, 2593, 2740, 2107, 1110, 4029, 5045, 3603, 3962, 2979, 3204, 4830, 774, 3892, 3218, 893, 666, 932, 5118, 1568, 3523, 887, 4114, 3364, 3066, 3312, 2615, 2153, 4142, 5235, 3163, 4793, 1416, 4203, 2523, 238, 1892, 167, 1434, 1240, 3542, 3856, 4008, 390, 1993, 5366, 1494, 5309, 4876, 3467, 4351, 3729, 4213, 1627, 2350, 4418, 1099, 2207, 4350, 4122, 126, 1226, 3346, 485, 461, 4316, 2763, 4212, 538, 2524, 5137, 551, 2803, 2834, 1028, 3465, 4812, 3092, 4874, 3293, 4364, 1540, 4875, 2089, 1533, 3099, 3864, 314, 3853, 5025, 936, 3013, 547, 3527, 1135, 3179, 3708, 1959, 2915, 1442, 3343, 1715, 1172, 621, 5324, 1199, 2218, 5217, 2046, 385, 4953, 4311, 5305, 4496, 4448, 3631, 5176, 528, 806, 832, 4523, 4368, 2061, 3852, 3872, 878, 2944, 3826, 1467, 3920, 2032, 2785, 5312, 850, 4325, 4817, 4528, 4631, 2673, 1419, 4022, 4047, 3515, 1333, 345, 4140, 1753, 2596, 2459, 3492, 4064, 4012, 5284, 1581, 3747, 488, 4902, 3240, 3231, 4660, 2604, 5345, 4926, 2791, 3896, 1491, 62, 5174, 1469, 478, 839, 3052, 5062, 2006, 892, 5043, 3783, 340, 2905, 2423, 3993, 145, 1939, 472, 2728, 1229, 76, 1774, 4168, 646, 3755, 2302, 3833, 2309, 3784, 1300, 4491, 5167, 993, 1136, 4597, 452, 2637, 1828, 1575, 4987, 4857, 33, 5204, 2994, 3956, 3356, 1932, 2, 4439, 3004, 4692, 5417, 2931, 3118, 4801, 2631, 2453, 2649, 4176, 1000, 1371, 959, 4302, 330, 3585, 3258, 4332, 4564, 4725, 4301, 2469, 2933, 955, 3367, 4466, 744, 15, 1582, 2199, 2281, 3882, 4530, 3131, 1808, 3728, 5433, 1145, 2174, 4890, 5229, 1468, 101, 1355, 549, 1262, 1227, 3913, 2762, 5379, 222, 988, 3088, 3480, 1783, 532, 355, 4393, 2369, 5251, 1675, 2025, 2483, 2135, 2924, 665, 1760, 2705, 4338, 2951, 1507, 939, 1243, 1285, 632, 1360, 2827, 624, 3203, 2029, 3607, 3002, 4818, 130, 3381, 3846, 4011, 2056, 1458, 1350, 3758, 4947, 5322, 1059, 1556, 864, 3345, 2939, 3659, 1466, 2067, 4380, 2797, 1076, 431, 1740, 2293, 3737, 1952, 3664, 2632, 1656, 3790, 5410, 4058, 1211, 3445, 4428, 1109, 45, 2456, 2489, 4512, 3275, 3214, 4757, 239, 5109, 2555, 3958, 3740, 1644, 4596, 2331, 3316, 5007, 3371, 3656, 4028, 635, 1926, 995, 5012, 128, 3876, 2063, 758, 3815, 2641, 2374, 3138, 4190, 1850, 954, 4179, 5049, 2669, 3355, 1960, 2016, 2620, 4538, 4407, 5126, 3167, 5169, 403, 811, 65, 121, 968, 1332, 1816, 4324, 4062, 4576, 590, 4201, 3424, 159, 2950, 281, 4615, 2812, 1686, 3514, 2890, 2509, 411, 2992, 149, 3407, 1074, 2071, 1193, 237, 3770, 1809, 4245, 979, 3469, 5231, 4183, 4837, 4502]",149,500,5,False,500
326,numeric,description,2,True,False,True,"{2: 108, 1: 104, 5: 89, 4: 74, 3: 118, 0: 7}","[365, 353, 2801, 2313, 4363, 3055, 466, 5179, 4620, 922, 1488, 3354, 1490, 872, 280, 265, 3837, 2759, 5068, 1765, 2589, 1272, 2677, 4079, 926, 4931, 1511, 989, 3357, 999, 2993, 4192, 5431, 5121, 5175, 2470, 2867, 1374, 5434, 4983, 5381, 4304, 3235, 2126, 1748, 3628, 3439, 1615, 5008, 4767, 3479, 862, 3772, 522, 5242, 980, 4258, 3229, 787, 4436, 3886, 4934, 1882, 5154, 3111, 1353, 1329, 299, 1286, 1212, 1588, 4679, 4669, 3495, 1902, 1362, 2606, 5310, 2142, 3632, 1053, 2593, 2740, 2107, 1110, 4029, 5045, 3603, 3962, 2979, 3204, 4830, 774, 3892, 3218, 893, 666, 932, 5118, 1568, 3523, 887, 4114, 3364, 3066, 3312, 2615, 2153, 4142, 5235, 3163, 4793, 1416, 4203, 2523, 238, 1892, 167, 1434, 1240, 3542, 3856, 4008, 390, 1993, 5366, 1494, 5309, 4876, 3467, 4351, 3729, 4213, 1627, 2350, 4418, 1099, 2207, 4350, 4122, 126, 1226, 3346, 485, 461, 4316, 2763, 4212, 538, 2524, 5137, 551, 2803, 2834, 1028, 3465, 4812, 3092, 4874, 3293, 4364, 1540, 4875, 2089, 1533, 3099, 3864, 314, 3853, 5025, 936, 3013, 547, 3527, 1135, 3179, 3708, 1959, 2915, 1442, 3343, 1715, 1172, 621, 5324, 1199, 2218, 5217, 2046, 385, 4953, 4311, 5305, 4496, 4448, 3631, 5176, 528, 806, 832, 4523, 4368, 2061, 3852, 3872, 878, 2944, 3826, 1467, 3920, 2032, 2785, 5312, 850, 4325, 4817, 4528, 4631, 2673, 1419, 4022, 4047, 3515, 1333, 345, 4140, 1753, 2596, 2459, 3492, 4064, 4012, 5284, 1581, 3747, 488, 4902, 3240, 3231, 4660, 2604, 5345, 4926, 2791, 3896, 1491, 62, 5174, 1469, 478, 839, 3052, 5062, 2006, 892, 5043, 3783, 340, 2905, 2423, 3993, 145, 1939, 472, 2728, 1229, 76, 1774, 4168, 646, 3755, 2302, 3833, 2309, 3784, 1300, 4491, 5167, 993, 1136, 4597, 452, 2637, 1828, 1575, 4987, 4857, 33, 5204, 2994, 3956, 3356, 1932, 2, 4439, 3004, 4692, 5417, 2931, 3118, 4801, 2631, 2453, 2649, 4176, 1000, 1371, 959, 4302, 330, 3585, 3258, 4332, 4564, 4725, 4301, 2469, 2933, 955, 3367, 4466, 744, 15, 1582, 2199, 2281, 3882, 4530, 3131, 1808, 3728, 5433, 1145, 2174, 4890, 5229, 1468, 101, 1355, 549, 1262, 1227, 3913, 2762, 5379, 222, 988, 3088, 3480, 1783, 532, 355, 4393, 2369, 5251, 1675, 2025, 2483, 2135, 2924, 665, 1760, 2705, 4338, 2951, 1507, 939, 1243, 1285, 632, 1360, 2827, 624, 3203, 2029, 3607, 3002, 4818, 130, 3381, 3846, 4011, 2056, 1458, 1350, 3758, 4947, 5322, 1059, 1556, 864, 3345, 2939, 3659, 1466, 2067, 4380, 2797, 1076, 431, 1740, 2293, 3737, 1952, 3664, 2632, 1656, 3790, 5410, 4058, 1211, 3445, 4428, 1109, 45, 2456, 2489, 4512, 3275, 3214, 4757, 239, 5109, 2555, 3958, 3740, 1644, 4596, 2331, 3316, 5007, 3371, 3656, 4028, 635, 1926, 995, 5012, 128, 3876, 2063, 758, 3815, 2641, 2374, 3138, 4190, 1850, 954, 4179, 5049, 2669, 3355, 1960, 2016, 2620, 4538, 4407, 5126, 3167, 5169, 403, 811, 65, 121, 968, 1332, 1816, 4324, 4062, 4576, 590, 4201, 3424, 159, 2950, 281, 4615, 2812, 1686, 3514, 2890, 2509, 411, 2992, 149, 3407, 1074, 2071, 1193, 237, 3770, 1809, 4245, 979, 3469, 5231, 4183, 4837, 4502]",326,500,5,False,500
239,numeric,numeric,5,True,True,True,"{2: 108, 1: 104, 5: 89, 4: 74, 3: 118, 0: 7}","[365, 353, 2801, 2313, 4363, 3055, 466, 5179, 4620, 922, 1488, 3354, 1490, 872, 280, 265, 3837, 2759, 5068, 1765, 2589, 1272, 2677, 4079, 926, 4931, 1511, 989, 3357, 999, 2993, 4192, 5431, 5121, 5175, 2470, 2867, 1374, 5434, 4983, 5381, 4304, 3235, 2126, 1748, 3628, 3439, 1615, 5008, 4767, 3479, 862, 3772, 522, 5242, 980, 4258, 3229, 787, 4436, 3886, 4934, 1882, 5154, 3111, 1353, 1329, 299, 1286, 1212, 1588, 4679, 4669, 3495, 1902, 1362, 2606, 5310, 2142, 3632, 1053, 2593, 2740, 2107, 1110, 4029, 5045, 3603, 3962, 2979, 3204, 4830, 774, 3892, 3218, 893, 666, 932, 5118, 1568, 3523, 887, 4114, 3364, 3066, 3312, 2615, 2153, 4142, 5235, 3163, 4793, 1416, 4203, 2523, 238, 1892, 167, 1434, 1240, 3542, 3856, 4008, 390, 1993, 5366, 1494, 5309, 4876, 3467, 4351, 3729, 4213, 1627, 2350, 4418, 1099, 2207, 4350, 4122, 126, 1226, 3346, 485, 461, 4316, 2763, 4212, 538, 2524, 5137, 551, 2803, 2834, 1028, 3465, 4812, 3092, 4874, 3293, 4364, 1540, 4875, 2089, 1533, 3099, 3864, 314, 3853, 5025, 936, 3013, 547, 3527, 1135, 3179, 3708, 1959, 2915, 1442, 3343, 1715, 1172, 621, 5324, 1199, 2218, 5217, 2046, 385, 4953, 4311, 5305, 4496, 4448, 3631, 5176, 528, 806, 832, 4523, 4368, 2061, 3852, 3872, 878, 2944, 3826, 1467, 3920, 2032, 2785, 5312, 850, 4325, 4817, 4528, 4631, 2673, 1419, 4022, 4047, 3515, 1333, 345, 4140, 1753, 2596, 2459, 3492, 4064, 4012, 5284, 1581, 3747, 488, 4902, 3240, 3231, 4660, 2604, 5345, 4926, 2791, 3896, 1491, 62, 5174, 1469, 478, 839, 3052, 5062, 2006, 892, 5043, 3783, 340, 2905, 2423, 3993, 145, 1939, 472, 2728, 1229, 76, 1774, 4168, 646, 3755, 2302, 3833, 2309, 3784, 1300, 4491, 5167, 993, 1136, 4597, 452, 2637, 1828, 1575, 4987, 4857, 33, 5204, 2994, 3956, 3356, 1932, 2, 4439, 3004, 4692, 5417, 2931, 3118, 4801, 2631, 2453, 2649, 4176, 1000, 1371, 959, 4302, 330, 3585, 3258, 4332, 4564, 4725, 4301, 2469, 2933, 955, 3367, 4466, 744, 15, 1582, 2199, 2281, 3882, 4530, 3131, 1808, 3728, 5433, 1145, 2174, 4890, 5229, 1468, 101, 1355, 549, 1262, 1227, 3913, 2762, 5379, 222, 988, 3088, 3480, 1783, 532, 355, 4393, 2369, 5251, 1675, 2025, 2483, 2135, 2924, 665, 1760, 2705, 4338, 2951, 1507, 939, 1243, 1285, 632, 1360, 2827, 624, 3203, 2029, 3607, 3002, 4818, 130, 3381, 3846, 4011, 2056, 1458, 1350, 3758, 4947, 5322, 1059, 1556, 864, 3345, 2939, 3659, 1466, 2067, 4380, 2797, 1076, 431, 1740, 2293, 3737, 1952, 3664, 2632, 1656, 3790, 5410, 4058, 1211, 3445, 4428, 1109, 45, 2456, 2489, 4512, 3275, 3214, 4757, 239, 5109, 2555, 3958, 3740, 1644, 4596, 2331, 3316, 5007, 3371, 3656, 4028, 635, 1926, 995, 5012, 128, 3876, 2063, 758, 3815, 2641, 2374, 3138, 4190, 1850, 954, 4179, 5049, 2669, 3355, 1960, 2016, 2620, 4538, 4407, 5126, 3167, 5169, 403, 811, 65, 121, 968, 1332, 1816, 4324, 4062, 4576, 590, 4201, 3424, 159, 2950, 281, 4615, 2812, 1686, 3514, 2890, 2509, 411, 2992, 149, 3407, 1074, 2071, 1193, 237, 3770, 1809, 4245, 979, 3469, 5231, 4183, 4837, 4502]",239,500,5,False,500
144,description,description,2,True,True,True,"{2: 108, 1: 104, 5: 89, 4: 74, 3: 118, 0: 7}","[365, 353, 2801, 2313, 4363, 3055, 466, 5179, 4620, 922, 1488, 3354, 1490, 872, 280, 265, 3837, 2759, 5068, 1765, 2589, 1272, 2677, 4079, 926, 4931, 1511, 989, 3357, 999, 2993, 4192, 5431, 5121, 5175, 2470, 2867, 1374, 5434, 4983, 5381, 4304, 3235, 2126, 1748, 3628, 3439, 1615, 5008, 4767, 3479, 862, 3772, 522, 5242, 980, 4258, 3229, 787, 4436, 3886, 4934, 1882, 5154, 3111, 1353, 1329, 299, 1286, 1212, 1588, 4679, 4669, 3495, 1902, 1362, 2606, 5310, 2142, 3632, 1053, 2593, 2740, 2107, 1110, 4029, 5045, 3603, 3962, 2979, 3204, 4830, 774, 3892, 3218, 893, 666, 932, 5118, 1568, 3523, 887, 4114, 3364, 3066, 3312, 2615, 2153, 4142, 5235, 3163, 4793, 1416, 4203, 2523, 238, 1892, 167, 1434, 1240, 3542, 3856, 4008, 390, 1993, 5366, 1494, 5309, 4876, 3467, 4351, 3729, 4213, 1627, 2350, 4418, 1099, 2207, 4350, 4122, 126, 1226, 3346, 485, 461, 4316, 2763, 4212, 538, 2524, 5137, 551, 2803, 2834, 1028, 3465, 4812, 3092, 4874, 3293, 4364, 1540, 4875, 2089, 1533, 3099, 3864, 314, 3853, 5025, 936, 3013, 547, 3527, 1135, 3179, 3708, 1959, 2915, 1442, 3343, 1715, 1172, 621, 5324, 1199, 2218, 5217, 2046, 385, 4953, 4311, 5305, 4496, 4448, 3631, 5176, 528, 806, 832, 4523, 4368, 2061, 3852, 3872, 878, 2944, 3826, 1467, 3920, 2032, 2785, 5312, 850, 4325, 4817, 4528, 4631, 2673, 1419, 4022, 4047, 3515, 1333, 345, 4140, 1753, 2596, 2459, 3492, 4064, 4012, 5284, 1581, 3747, 488, 4902, 3240, 3231, 4660, 2604, 5345, 4926, 2791, 3896, 1491, 62, 5174, 1469, 478, 839, 3052, 5062, 2006, 892, 5043, 3783, 340, 2905, 2423, 3993, 145, 1939, 472, 2728, 1229, 76, 1774, 4168, 646, 3755, 2302, 3833, 2309, 3784, 1300, 4491, 5167, 993, 1136, 4597, 452, 2637, 1828, 1575, 4987, 4857, 33, 5204, 2994, 3956, 3356, 1932, 2, 4439, 3004, 4692, 5417, 2931, 3118, 4801, 2631, 2453, 2649, 4176, 1000, 1371, 959, 4302, 330, 3585, 3258, 4332, 4564, 4725, 4301, 2469, 2933, 955, 3367, 4466, 744, 15, 1582, 2199, 2281, 3882, 4530, 3131, 1808, 3728, 5433, 1145, 2174, 4890, 5229, 1468, 101, 1355, 549, 1262, 1227, 3913, 2762, 5379, 222, 988, 3088, 3480, 1783, 532, 355, 4393, 2369, 5251, 1675, 2025, 2483, 2135, 2924, 665, 1760, 2705, 4338, 2951, 1507, 939, 1243, 1285, 632, 1360, 2827, 624, 3203, 2029, 3607, 3002, 4818, 130, 3381, 3846, 4011, 2056, 1458, 1350, 3758, 4947, 5322, 1059, 1556, 864, 3345, 2939, 3659, 1466, 2067, 4380, 2797, 1076, 431, 1740, 2293, 3737, 1952, 3664, 2632, 1656, 3790, 5410, 4058, 1211, 3445, 4428, 1109, 45, 2456, 2489, 4512, 3275, 3214, 4757, 239, 5109, 2555, 3958, 3740, 1644, 4596, 2331, 3316, 5007, 3371, 3656, 4028, 635, 1926, 995, 5012, 128, 3876, 2063, 758, 3815, 2641, 2374, 3138, 4190, 1850, 954, 4179, 5049, 2669, 3355, 1960, 2016, 2620, 4538, 4407, 5126, 3167, 5169, 403, 811, 65, 121, 968, 1332, 1816, 4324, 4062, 4576, 590, 4201, 3424, 159, 2950, 281, 4615, 2812, 1686, 3514, 2890, 2509, 411, 2992, 149, 3407, 1074, 2071, 1193, 237, 3770, 1809, 4245, 979, 3469, 5231, 4183, 4837, 4502]",144,500,5,False,500
362,numeric,entity,1,True,False,True,"{2: 108, 1: 104, 5: 89, 4: 74, 3: 118, 0: 7}","[365, 353, 2801, 2313, 4363, 3055, 466, 5179, 4620, 922, 1488, 3354, 1490, 872, 280, 265, 3837, 2759, 5068, 1765, 2589, 1272, 2677, 4079, 926, 4931, 1511, 989, 3357, 999, 2993, 4192, 5431, 5121, 5175, 2470, 2867, 1374, 5434, 4983, 5381, 4304, 3235, 2126, 1748, 3628, 3439, 1615, 5008, 4767, 3479, 862, 3772, 522, 5242, 980, 4258, 3229, 787, 4436, 3886, 4934, 1882, 5154, 3111, 1353, 1329, 299, 1286, 1212, 1588, 4679, 4669, 3495, 1902, 1362, 2606, 5310, 2142, 3632, 1053, 2593, 2740, 2107, 1110, 4029, 5045, 3603, 3962, 2979, 3204, 4830, 774, 3892, 3218, 893, 666, 932, 5118, 1568, 3523, 887, 4114, 3364, 3066, 3312, 2615, 2153, 4142, 5235, 3163, 4793, 1416, 4203, 2523, 238, 1892, 167, 1434, 1240, 3542, 3856, 4008, 390, 1993, 5366, 1494, 5309, 4876, 3467, 4351, 3729, 4213, 1627, 2350, 4418, 1099, 2207, 4350, 4122, 126, 1226, 3346, 485, 461, 4316, 2763, 4212, 538, 2524, 5137, 551, 2803, 2834, 1028, 3465, 4812, 3092, 4874, 3293, 4364, 1540, 4875, 2089, 1533, 3099, 3864, 314, 3853, 5025, 936, 3013, 547, 3527, 1135, 3179, 3708, 1959, 2915, 1442, 3343, 1715, 1172, 621, 5324, 1199, 2218, 5217, 2046, 385, 4953, 4311, 5305, 4496, 4448, 3631, 5176, 528, 806, 832, 4523, 4368, 2061, 3852, 3872, 878, 2944, 3826, 1467, 3920, 2032, 2785, 5312, 850, 4325, 4817, 4528, 4631, 2673, 1419, 4022, 4047, 3515, 1333, 345, 4140, 1753, 2596, 2459, 3492, 4064, 4012, 5284, 1581, 3747, 488, 4902, 3240, 3231, 4660, 2604, 5345, 4926, 2791, 3896, 1491, 62, 5174, 1469, 478, 839, 3052, 5062, 2006, 892, 5043, 3783, 340, 2905, 2423, 3993, 145, 1939, 472, 2728, 1229, 76, 1774, 4168, 646, 3755, 2302, 3833, 2309, 3784, 1300, 4491, 5167, 993, 1136, 4597, 452, 2637, 1828, 1575, 4987, 4857, 33, 5204, 2994, 3956, 3356, 1932, 2, 4439, 3004, 4692, 5417, 2931, 3118, 4801, 2631, 2453, 2649, 4176, 1000, 1371, 959, 4302, 330, 3585, 3258, 4332, 4564, 4725, 4301, 2469, 2933, 955, 3367, 4466, 744, 15, 1582, 2199, 2281, 3882, 4530, 3131, 1808, 3728, 5433, 1145, 2174, 4890, 5229, 1468, 101, 1355, 549, 1262, 1227, 3913, 2762, 5379, 222, 988, 3088, 3480, 1783, 532, 355, 4393, 2369, 5251, 1675, 2025, 2483, 2135, 2924, 665, 1760, 2705, 4338, 2951, 1507, 939, 1243, 1285, 632, 1360, 2827, 624, 3203, 2029, 3607, 3002, 4818, 130, 3381, 3846, 4011, 2056, 1458, 1350, 3758, 4947, 5322, 1059, 1556, 864, 3345, 2939, 3659, 1466, 2067, 4380, 2797, 1076, 431, 1740, 2293, 3737, 1952, 3664, 2632, 1656, 3790, 5410, 4058, 1211, 3445, 4428, 1109, 45, 2456, 2489, 4512, 3275, 3214, 4757, 239, 5109, 2555, 3958, 3740, 1644, 4596, 2331, 3316, 5007, 3371, 3656, 4028, 635, 1926, 995, 5012, 128, 3876, 2063, 758, 3815, 2641, 2374, 3138, 4190, 1850, 954, 4179, 5049, 2669, 3355, 1960, 2016, 2620, 4538, 4407, 5126, 3167, 5169, 403, 811, 65, 121, 968, 1332, 1816, 4324, 4062, 4576, 590, 4201, 3424, 159, 2950, 281, 4615, 2812, 1686, 3514, 2890, 2509, 411, 2992, 149, 3407, 1074, 2071, 1193, 237, 3770, 1809, 4245, 979, 3469, 5231, 4183, 4837, 4502]",362,500,5,False,500
350,numeric,numeric,5,True,True,True,"{2: 108, 1: 104, 5: 89, 4: 74, 3: 118, 0: 7}","[365, 353, 2801, 2313, 4363, 3055, 466, 5179, 4620, 922, 1488, 3354, 1490, 872, 280, 265, 3837, 2759, 5068, 1765, 2589, 1272, 2677, 4079, 926, 4931, 1511, 989, 3357, 999, 2993, 4192, 5431, 5121, 5175, 2470, 2867, 1374, 5434, 4983, 5381, 4304, 3235, 2126, 1748, 3628, 3439, 1615, 5008, 4767, 3479, 862, 3772, 522, 5242, 980, 4258, 3229, 787, 4436, 3886, 4934, 1882, 5154, 3111, 1353, 1329, 299, 1286, 1212, 1588, 4679, 4669, 3495, 1902, 1362, 2606, 5310, 2142, 3632, 1053, 2593, 2740, 2107, 1110, 4029, 5045, 3603, 3962, 2979, 3204, 4830, 774, 3892, 3218, 893, 666, 932, 5118, 1568, 3523, 887, 4114, 3364, 3066, 3312, 2615, 2153, 4142, 5235, 3163, 4793, 1416, 4203, 2523, 238, 1892, 167, 1434, 1240, 3542, 3856, 4008, 390, 1993, 5366, 1494, 5309, 4876, 3467, 4351, 3729, 4213, 1627, 2350, 4418, 1099, 2207, 4350, 4122, 126, 1226, 3346, 485, 461, 4316, 2763, 4212, 538, 2524, 5137, 551, 2803, 2834, 1028, 3465, 4812, 3092, 4874, 3293, 4364, 1540, 4875, 2089, 1533, 3099, 3864, 314, 3853, 5025, 936, 3013, 547, 3527, 1135, 3179, 3708, 1959, 2915, 1442, 3343, 1715, 1172, 621, 5324, 1199, 2218, 5217, 2046, 385, 4953, 4311, 5305, 4496, 4448, 3631, 5176, 528, 806, 832, 4523, 4368, 2061, 3852, 3872, 878, 2944, 3826, 1467, 3920, 2032, 2785, 5312, 850, 4325, 4817, 4528, 4631, 2673, 1419, 4022, 4047, 3515, 1333, 345, 4140, 1753, 2596, 2459, 3492, 4064, 4012, 5284, 1581, 3747, 488, 4902, 3240, 3231, 4660, 2604, 5345, 4926, 2791, 3896, 1491, 62, 5174, 1469, 478, 839, 3052, 5062, 2006, 892, 5043, 3783, 340, 2905, 2423, 3993, 145, 1939, 472, 2728, 1229, 76, 1774, 4168, 646, 3755, 2302, 3833, 2309, 3784, 1300, 4491, 5167, 993, 1136, 4597, 452, 2637, 1828, 1575, 4987, 4857, 33, 5204, 2994, 3956, 3356, 1932, 2, 4439, 3004, 4692, 5417, 2931, 3118, 4801, 2631, 2453, 2649, 4176, 1000, 1371, 959, 4302, 330, 3585, 3258, 4332, 4564, 4725, 4301, 2469, 2933, 955, 3367, 4466, 744, 15, 1582, 2199, 2281, 3882, 4530, 3131, 1808, 3728, 5433, 1145, 2174, 4890, 5229, 1468, 101, 1355, 549, 1262, 1227, 3913, 2762, 5379, 222, 988, 3088, 3480, 1783, 532, 355, 4393, 2369, 5251, 1675, 2025, 2483, 2135, 2924, 665, 1760, 2705, 4338, 2951, 1507, 939, 1243, 1285, 632, 1360, 2827, 624, 3203, 2029, 3607, 3002, 4818, 130, 3381, 3846, 4011, 2056, 1458, 1350, 3758, 4947, 5322, 1059, 1556, 864, 3345, 2939, 3659, 1466, 2067, 4380, 2797, 1076, 431, 1740, 2293, 3737, 1952, 3664, 2632, 1656, 3790, 5410, 4058, 1211, 3445, 4428, 1109, 45, 2456, 2489, 4512, 3275, 3214, 4757, 239, 5109, 2555, 3958, 3740, 1644, 4596, 2331, 3316, 5007, 3371, 3656, 4028, 635, 1926, 995, 5012, 128, 3876, 2063, 758, 3815, 2641, 2374, 3138, 4190, 1850, 954, 4179, 5049, 2669, 3355, 1960, 2016, 2620, 4538, 4407, 5126, 3167, 5169, 403, 811, 65, 121, 968, 1332, 1816, 4324, 4062, 4576, 590, 4201, 3424, 159, 2950, 281, 4615, 2812, 1686, 3514, 2890, 2509, 411, 2992, 149, 3407, 1074, 2071, 1193, 237, 3770, 1809, 4245, 979, 3469, 5231, 4183, 4837, 4502]",350,500,5,False,500
301,numeric,numeric,5,True,True,True,"{2: 108, 1: 104, 5: 89, 4: 74, 3: 118, 0: 7}","[365, 353, 2801, 2313, 4363, 3055, 466, 5179, 4620, 922, 1488, 3354, 1490, 872, 280, 265, 3837, 2759, 5068, 1765, 2589, 1272, 2677, 4079, 926, 4931, 1511, 989, 3357, 999, 2993, 4192, 5431, 5121, 5175, 2470, 2867, 1374, 5434, 4983, 5381, 4304, 3235, 2126, 1748, 3628, 3439, 1615, 5008, 4767, 3479, 862, 3772, 522, 5242, 980, 4258, 3229, 787, 4436, 3886, 4934, 1882, 5154, 3111, 1353, 1329, 299, 1286, 1212, 1588, 4679, 4669, 3495, 1902, 1362, 2606, 5310, 2142, 3632, 1053, 2593, 2740, 2107, 1110, 4029, 5045, 3603, 3962, 2979, 3204, 4830, 774, 3892, 3218, 893, 666, 932, 5118, 1568, 3523, 887, 4114, 3364, 3066, 3312, 2615, 2153, 4142, 5235, 3163, 4793, 1416, 4203, 2523, 238, 1892, 167, 1434, 1240, 3542, 3856, 4008, 390, 1993, 5366, 1494, 5309, 4876, 3467, 4351, 3729, 4213, 1627, 2350, 4418, 1099, 2207, 4350, 4122, 126, 1226, 3346, 485, 461, 4316, 2763, 4212, 538, 2524, 5137, 551, 2803, 2834, 1028, 3465, 4812, 3092, 4874, 3293, 4364, 1540, 4875, 2089, 1533, 3099, 3864, 314, 3853, 5025, 936, 3013, 547, 3527, 1135, 3179, 3708, 1959, 2915, 1442, 3343, 1715, 1172, 621, 5324, 1199, 2218, 5217, 2046, 385, 4953, 4311, 5305, 4496, 4448, 3631, 5176, 528, 806, 832, 4523, 4368, 2061, 3852, 3872, 878, 2944, 3826, 1467, 3920, 2032, 2785, 5312, 850, 4325, 4817, 4528, 4631, 2673, 1419, 4022, 4047, 3515, 1333, 345, 4140, 1753, 2596, 2459, 3492, 4064, 4012, 5284, 1581, 3747, 488, 4902, 3240, 3231, 4660, 2604, 5345, 4926, 2791, 3896, 1491, 62, 5174, 1469, 478, 839, 3052, 5062, 2006, 892, 5043, 3783, 340, 2905, 2423, 3993, 145, 1939, 472, 2728, 1229, 76, 1774, 4168, 646, 3755, 2302, 3833, 2309, 3784, 1300, 4491, 5167, 993, 1136, 4597, 452, 2637, 1828, 1575, 4987, 4857, 33, 5204, 2994, 3956, 3356, 1932, 2, 4439, 3004, 4692, 5417, 2931, 3118, 4801, 2631, 2453, 2649, 4176, 1000, 1371, 959, 4302, 330, 3585, 3258, 4332, 4564, 4725, 4301, 2469, 2933, 955, 3367, 4466, 744, 15, 1582, 2199, 2281, 3882, 4530, 3131, 1808, 3728, 5433, 1145, 2174, 4890, 5229, 1468, 101, 1355, 549, 1262, 1227, 3913, 2762, 5379, 222, 988, 3088, 3480, 1783, 532, 355, 4393, 2369, 5251, 1675, 2025, 2483, 2135, 2924, 665, 1760, 2705, 4338, 2951, 1507, 939, 1243, 1285, 632, 1360, 2827, 624, 3203, 2029, 3607, 3002, 4818, 130, 3381, 3846, 4011, 2056, 1458, 1350, 3758, 4947, 5322, 1059, 1556, 864, 3345, 2939, 3659, 1466, 2067, 4380, 2797, 1076, 431, 1740, 2293, 3737, 1952, 3664, 2632, 1656, 3790, 5410, 4058, 1211, 3445, 4428, 1109, 45, 2456, 2489, 4512, 3275, 3214, 4757, 239, 5109, 2555, 3958, 3740, 1644, 4596, 2331, 3316, 5007, 3371, 3656, 4028, 635, 1926, 995, 5012, 128, 3876, 2063, 758, 3815, 2641, 2374, 3138, 4190, 1850, 954, 4179, 5049, 2669, 3355, 1960, 2016, 2620, 4538, 4407, 5126, 3167, 5169, 403, 811, 65, 121, 968, 1332, 1816, 4324, 4062, 4576, 590, 4201, 3424, 159, 2950, 281, 4615, 2812, 1686, 3514, 2890, 2509, 411, 2992, 149, 3407, 1074, 2071, 1193, 237, 3770, 1809, 4245, 979, 3469, 5231, 4183, 4837, 4502]",301,500,5,False,500
306,human,human,3,True,True,True,"{2: 108, 1: 104, 5: 89, 4: 74, 3: 118, 0: 7}","[365, 353, 2801, 2313, 4363, 3055, 466, 5179, 4620, 922, 1488, 3354, 1490, 872, 280, 265, 3837, 2759, 5068, 1765, 2589, 1272, 2677, 4079, 926, 4931, 1511, 989, 3357, 999, 2993, 4192, 5431, 5121, 5175, 2470, 2867, 1374, 5434, 4983, 5381, 4304, 3235, 2126, 1748, 3628, 3439, 1615, 5008, 4767, 3479, 862, 3772, 522, 5242, 980, 4258, 3229, 787, 4436, 3886, 4934, 1882, 5154, 3111, 1353, 1329, 299, 1286, 1212, 1588, 4679, 4669, 3495, 1902, 1362, 2606, 5310, 2142, 3632, 1053, 2593, 2740, 2107, 1110, 4029, 5045, 3603, 3962, 2979, 3204, 4830, 774, 3892, 3218, 893, 666, 932, 5118, 1568, 3523, 887, 4114, 3364, 3066, 3312, 2615, 2153, 4142, 5235, 3163, 4793, 1416, 4203, 2523, 238, 1892, 167, 1434, 1240, 3542, 3856, 4008, 390, 1993, 5366, 1494, 5309, 4876, 3467, 4351, 3729, 4213, 1627, 2350, 4418, 1099, 2207, 4350, 4122, 126, 1226, 3346, 485, 461, 4316, 2763, 4212, 538, 2524, 5137, 551, 2803, 2834, 1028, 3465, 4812, 3092, 4874, 3293, 4364, 1540, 4875, 2089, 1533, 3099, 3864, 314, 3853, 5025, 936, 3013, 547, 3527, 1135, 3179, 3708, 1959, 2915, 1442, 3343, 1715, 1172, 621, 5324, 1199, 2218, 5217, 2046, 385, 4953, 4311, 5305, 4496, 4448, 3631, 5176, 528, 806, 832, 4523, 4368, 2061, 3852, 3872, 878, 2944, 3826, 1467, 3920, 2032, 2785, 5312, 850, 4325, 4817, 4528, 4631, 2673, 1419, 4022, 4047, 3515, 1333, 345, 4140, 1753, 2596, 2459, 3492, 4064, 4012, 5284, 1581, 3747, 488, 4902, 3240, 3231, 4660, 2604, 5345, 4926, 2791, 3896, 1491, 62, 5174, 1469, 478, 839, 3052, 5062, 2006, 892, 5043, 3783, 340, 2905, 2423, 3993, 145, 1939, 472, 2728, 1229, 76, 1774, 4168, 646, 3755, 2302, 3833, 2309, 3784, 1300, 4491, 5167, 993, 1136, 4597, 452, 2637, 1828, 1575, 4987, 4857, 33, 5204, 2994, 3956, 3356, 1932, 2, 4439, 3004, 4692, 5417, 2931, 3118, 4801, 2631, 2453, 2649, 4176, 1000, 1371, 959, 4302, 330, 3585, 3258, 4332, 4564, 4725, 4301, 2469, 2933, 955, 3367, 4466, 744, 15, 1582, 2199, 2281, 3882, 4530, 3131, 1808, 3728, 5433, 1145, 2174, 4890, 5229, 1468, 101, 1355, 549, 1262, 1227, 3913, 2762, 5379, 222, 988, 3088, 3480, 1783, 532, 355, 4393, 2369, 5251, 1675, 2025, 2483, 2135, 2924, 665, 1760, 2705, 4338, 2951, 1507, 939, 1243, 1285, 632, 1360, 2827, 624, 3203, 2029, 3607, 3002, 4818, 130, 3381, 3846, 4011, 2056, 1458, 1350, 3758, 4947, 5322, 1059, 1556, 864, 3345, 2939, 3659, 1466, 2067, 4380, 2797, 1076, 431, 1740, 2293, 3737, 1952, 3664, 2632, 1656, 3790, 5410, 4058, 1211, 3445, 4428, 1109, 45, 2456, 2489, 4512, 3275, 3214, 4757, 239, 5109, 2555, 3958, 3740, 1644, 4596, 2331, 3316, 5007, 3371, 3656, 4028, 635, 1926, 995, 5012, 128, 3876, 2063, 758, 3815, 2641, 2374, 3138, 4190, 1850, 954, 4179, 5049, 2669, 3355, 1960, 2016, 2620, 4538, 4407, 5126, 3167, 5169, 403, 811, 65, 121, 968, 1332, 1816, 4324, 4062, 4576, 590, 4201, 3424, 159, 2950, 281, 4615, 2812, 1686, 3514, 2890, 2509, 411, 2992, 149, 3407, 1074, 2071, 1193, 237, 3770, 1809, 4245, 979, 3469, 5231, 4183, 4837, 4502]",306,500,5,False,500
433,human,human,3,True,True,True,"{2: 108, 1: 104, 5: 89, 4: 74, 3: 118, 0: 7}","[365, 353, 2801, 2313, 4363, 3055, 466, 5179, 4620, 922, 1488, 3354, 1490, 872, 280, 265, 3837, 2759, 5068, 1765, 2589, 1272, 2677, 4079, 926, 4931, 1511, 989, 3357, 999, 2993, 4192, 5431, 5121, 5175, 2470, 2867, 1374, 5434, 4983, 5381, 4304, 3235, 2126, 1748, 3628, 3439, 1615, 5008, 4767, 3479, 862, 3772, 522, 5242, 980, 4258, 3229, 787, 4436, 3886, 4934, 1882, 5154, 3111, 1353, 1329, 299, 1286, 1212, 1588, 4679, 4669, 3495, 1902, 1362, 2606, 5310, 2142, 3632, 1053, 2593, 2740, 2107, 1110, 4029, 5045, 3603, 3962, 2979, 3204, 4830, 774, 3892, 3218, 893, 666, 932, 5118, 1568, 3523, 887, 4114, 3364, 3066, 3312, 2615, 2153, 4142, 5235, 3163, 4793, 1416, 4203, 2523, 238, 1892, 167, 1434, 1240, 3542, 3856, 4008, 390, 1993, 5366, 1494, 5309, 4876, 3467, 4351, 3729, 4213, 1627, 2350, 4418, 1099, 2207, 4350, 4122, 126, 1226, 3346, 485, 461, 4316, 2763, 4212, 538, 2524, 5137, 551, 2803, 2834, 1028, 3465, 4812, 3092, 4874, 3293, 4364, 1540, 4875, 2089, 1533, 3099, 3864, 314, 3853, 5025, 936, 3013, 547, 3527, 1135, 3179, 3708, 1959, 2915, 1442, 3343, 1715, 1172, 621, 5324, 1199, 2218, 5217, 2046, 385, 4953, 4311, 5305, 4496, 4448, 3631, 5176, 528, 806, 832, 4523, 4368, 2061, 3852, 3872, 878, 2944, 3826, 1467, 3920, 2032, 2785, 5312, 850, 4325, 4817, 4528, 4631, 2673, 1419, 4022, 4047, 3515, 1333, 345, 4140, 1753, 2596, 2459, 3492, 4064, 4012, 5284, 1581, 3747, 488, 4902, 3240, 3231, 4660, 2604, 5345, 4926, 2791, 3896, 1491, 62, 5174, 1469, 478, 839, 3052, 5062, 2006, 892, 5043, 3783, 340, 2905, 2423, 3993, 145, 1939, 472, 2728, 1229, 76, 1774, 4168, 646, 3755, 2302, 3833, 2309, 3784, 1300, 4491, 5167, 993, 1136, 4597, 452, 2637, 1828, 1575, 4987, 4857, 33, 5204, 2994, 3956, 3356, 1932, 2, 4439, 3004, 4692, 5417, 2931, 3118, 4801, 2631, 2453, 2649, 4176, 1000, 1371, 959, 4302, 330, 3585, 3258, 4332, 4564, 4725, 4301, 2469, 2933, 955, 3367, 4466, 744, 15, 1582, 2199, 2281, 3882, 4530, 3131, 1808, 3728, 5433, 1145, 2174, 4890, 5229, 1468, 101, 1355, 549, 1262, 1227, 3913, 2762, 5379, 222, 988, 3088, 3480, 1783, 532, 355, 4393, 2369, 5251, 1675, 2025, 2483, 2135, 2924, 665, 1760, 2705, 4338, 2951, 1507, 939, 1243, 1285, 632, 1360, 2827, 624, 3203, 2029, 3607, 3002, 4818, 130, 3381, 3846, 4011, 2056, 1458, 1350, 3758, 4947, 5322, 1059, 1556, 864, 3345, 2939, 3659, 1466, 2067, 4380, 2797, 1076, 431, 1740, 2293, 3737, 1952, 3664, 2632, 1656, 3790, 5410, 4058, 1211, 3445, 4428, 1109, 45, 2456, 2489, 4512, 3275, 3214, 4757, 239, 5109, 2555, 3958, 3740, 1644, 4596, 2331, 3316, 5007, 3371, 3656, 4028, 635, 1926, 995, 5012, 128, 3876, 2063, 758, 3815, 2641, 2374, 3138, 4190, 1850, 954, 4179, 5049, 2669, 3355, 1960, 2016, 2620, 4538, 4407, 5126, 3167, 5169, 403, 811, 65, 121, 968, 1332, 1816, 4324, 4062, 4576, 590, 4201, 3424, 159, 2950, 281, 4615, 2812, 1686, 3514, 2890, 2509, 411, 2992, 149, 3407, 1074, 2071, 1193, 237, 3770, 1809, 4245, 979, 3469, 5231, 4183, 4837, 4502]",433,500,5,False,500
103,human,human,3,True,True,True,"{2: 108, 1: 104, 5: 89, 4: 74, 3: 118, 0: 7}","[365, 353, 2801, 2313, 4363, 3055, 466, 5179, 4620, 922, 1488, 3354, 1490, 872, 280, 265, 3837, 2759, 5068, 1765, 2589, 1272, 2677, 4079, 926, 4931, 1511, 989, 3357, 999, 2993, 4192, 5431, 5121, 5175, 2470, 2867, 1374, 5434, 4983, 5381, 4304, 3235, 2126, 1748, 3628, 3439, 1615, 5008, 4767, 3479, 862, 3772, 522, 5242, 980, 4258, 3229, 787, 4436, 3886, 4934, 1882, 5154, 3111, 1353, 1329, 299, 1286, 1212, 1588, 4679, 4669, 3495, 1902, 1362, 2606, 5310, 2142, 3632, 1053, 2593, 2740, 2107, 1110, 4029, 5045, 3603, 3962, 2979, 3204, 4830, 774, 3892, 3218, 893, 666, 932, 5118, 1568, 3523, 887, 4114, 3364, 3066, 3312, 2615, 2153, 4142, 5235, 3163, 4793, 1416, 4203, 2523, 238, 1892, 167, 1434, 1240, 3542, 3856, 4008, 390, 1993, 5366, 1494, 5309, 4876, 3467, 4351, 3729, 4213, 1627, 2350, 4418, 1099, 2207, 4350, 4122, 126, 1226, 3346, 485, 461, 4316, 2763, 4212, 538, 2524, 5137, 551, 2803, 2834, 1028, 3465, 4812, 3092, 4874, 3293, 4364, 1540, 4875, 2089, 1533, 3099, 3864, 314, 3853, 5025, 936, 3013, 547, 3527, 1135, 3179, 3708, 1959, 2915, 1442, 3343, 1715, 1172, 621, 5324, 1199, 2218, 5217, 2046, 385, 4953, 4311, 5305, 4496, 4448, 3631, 5176, 528, 806, 832, 4523, 4368, 2061, 3852, 3872, 878, 2944, 3826, 1467, 3920, 2032, 2785, 5312, 850, 4325, 4817, 4528, 4631, 2673, 1419, 4022, 4047, 3515, 1333, 345, 4140, 1753, 2596, 2459, 3492, 4064, 4012, 5284, 1581, 3747, 488, 4902, 3240, 3231, 4660, 2604, 5345, 4926, 2791, 3896, 1491, 62, 5174, 1469, 478, 839, 3052, 5062, 2006, 892, 5043, 3783, 340, 2905, 2423, 3993, 145, 1939, 472, 2728, 1229, 76, 1774, 4168, 646, 3755, 2302, 3833, 2309, 3784, 1300, 4491, 5167, 993, 1136, 4597, 452, 2637, 1828, 1575, 4987, 4857, 33, 5204, 2994, 3956, 3356, 1932, 2, 4439, 3004, 4692, 5417, 2931, 3118, 4801, 2631, 2453, 2649, 4176, 1000, 1371, 959, 4302, 330, 3585, 3258, 4332, 4564, 4725, 4301, 2469, 2933, 955, 3367, 4466, 744, 15, 1582, 2199, 2281, 3882, 4530, 3131, 1808, 3728, 5433, 1145, 2174, 4890, 5229, 1468, 101, 1355, 549, 1262, 1227, 3913, 2762, 5379, 222, 988, 3088, 3480, 1783, 532, 355, 4393, 2369, 5251, 1675, 2025, 2483, 2135, 2924, 665, 1760, 2705, 4338, 2951, 1507, 939, 1243, 1285, 632, 1360, 2827, 624, 3203, 2029, 3607, 3002, 4818, 130, 3381, 3846, 4011, 2056, 1458, 1350, 3758, 4947, 5322, 1059, 1556, 864, 3345, 2939, 3659, 1466, 2067, 4380, 2797, 1076, 431, 1740, 2293, 3737, 1952, 3664, 2632, 1656, 3790, 5410, 4058, 1211, 3445, 4428, 1109, 45, 2456, 2489, 4512, 3275, 3214, 4757, 239, 5109, 2555, 3958, 3740, 1644, 4596, 2331, 3316, 5007, 3371, 3656, 4028, 635, 1926, 995, 5012, 128, 3876, 2063, 758, 3815, 2641, 2374, 3138, 4190, 1850, 954, 4179, 5049, 2669, 3355, 1960, 2016, 2620, 4538, 4407, 5126, 3167, 5169, 403, 811, 65, 121, 968, 1332, 1816, 4324, 4062, 4576, 590, 4201, 3424, 159, 2950, 281, 4615, 2812, 1686, 3514, 2890, 2509, 411, 2992, 149, 3407, 1074, 2071, 1193, 237, 3770, 1809, 4245, 979, 3469, 5231, 4183, 4837, 4502]",103,500,5,False,500
448,numeric,numeric,5,True,True,True,"{2: 108, 1: 104, 5: 89, 4: 74, 3: 118, 0: 7}","[365, 353, 2801, 2313, 4363, 3055, 466, 5179, 4620, 922, 1488, 3354, 1490, 872, 280, 265, 3837, 2759, 5068, 1765, 2589, 1272, 2677, 4079, 926, 4931, 1511, 989, 3357, 999, 2993, 4192, 5431, 5121, 5175, 2470, 2867, 1374, 5434, 4983, 5381, 4304, 3235, 2126, 1748, 3628, 3439, 1615, 5008, 4767, 3479, 862, 3772, 522, 5242, 980, 4258, 3229, 787, 4436, 3886, 4934, 1882, 5154, 3111, 1353, 1329, 299, 1286, 1212, 1588, 4679, 4669, 3495, 1902, 1362, 2606, 5310, 2142, 3632, 1053, 2593, 2740, 2107, 1110, 4029, 5045, 3603, 3962, 2979, 3204, 4830, 774, 3892, 3218, 893, 666, 932, 5118, 1568, 3523, 887, 4114, 3364, 3066, 3312, 2615, 2153, 4142, 5235, 3163, 4793, 1416, 4203, 2523, 238, 1892, 167, 1434, 1240, 3542, 3856, 4008, 390, 1993, 5366, 1494, 5309, 4876, 3467, 4351, 3729, 4213, 1627, 2350, 4418, 1099, 2207, 4350, 4122, 126, 1226, 3346, 485, 461, 4316, 2763, 4212, 538, 2524, 5137, 551, 2803, 2834, 1028, 3465, 4812, 3092, 4874, 3293, 4364, 1540, 4875, 2089, 1533, 3099, 3864, 314, 3853, 5025, 936, 3013, 547, 3527, 1135, 3179, 3708, 1959, 2915, 1442, 3343, 1715, 1172, 621, 5324, 1199, 2218, 5217, 2046, 385, 4953, 4311, 5305, 4496, 4448, 3631, 5176, 528, 806, 832, 4523, 4368, 2061, 3852, 3872, 878, 2944, 3826, 1467, 3920, 2032, 2785, 5312, 850, 4325, 4817, 4528, 4631, 2673, 1419, 4022, 4047, 3515, 1333, 345, 4140, 1753, 2596, 2459, 3492, 4064, 4012, 5284, 1581, 3747, 488, 4902, 3240, 3231, 4660, 2604, 5345, 4926, 2791, 3896, 1491, 62, 5174, 1469, 478, 839, 3052, 5062, 2006, 892, 5043, 3783, 340, 2905, 2423, 3993, 145, 1939, 472, 2728, 1229, 76, 1774, 4168, 646, 3755, 2302, 3833, 2309, 3784, 1300, 4491, 5167, 993, 1136, 4597, 452, 2637, 1828, 1575, 4987, 4857, 33, 5204, 2994, 3956, 3356, 1932, 2, 4439, 3004, 4692, 5417, 2931, 3118, 4801, 2631, 2453, 2649, 4176, 1000, 1371, 959, 4302, 330, 3585, 3258, 4332, 4564, 4725, 4301, 2469, 2933, 955, 3367, 4466, 744, 15, 1582, 2199, 2281, 3882, 4530, 3131, 1808, 3728, 5433, 1145, 2174, 4890, 5229, 1468, 101, 1355, 549, 1262, 1227, 3913, 2762, 5379, 222, 988, 3088, 3480, 1783, 532, 355, 4393, 2369, 5251, 1675, 2025, 2483, 2135, 2924, 665, 1760, 2705, 4338, 2951, 1507, 939, 1243, 1285, 632, 1360, 2827, 624, 3203, 2029, 3607, 3002, 4818, 130, 3381, 3846, 4011, 2056, 1458, 1350, 3758, 4947, 5322, 1059, 1556, 864, 3345, 2939, 3659, 1466, 2067, 4380, 2797, 1076, 431, 1740, 2293, 3737, 1952, 3664, 2632, 1656, 3790, 5410, 4058, 1211, 3445, 4428, 1109, 45, 2456, 2489, 4512, 3275, 3214, 4757, 239, 5109, 2555, 3958, 3740, 1644, 4596, 2331, 3316, 5007, 3371, 3656, 4028, 635, 1926, 995, 5012, 128, 3876, 2063, 758, 3815, 2641, 2374, 3138, 4190, 1850, 954, 4179, 5049, 2669, 3355, 1960, 2016, 2620, 4538, 4407, 5126, 3167, 5169, 403, 811, 65, 121, 968, 1332, 1816, 4324, 4062, 4576, 590, 4201, 3424, 159, 2950, 281, 4615, 2812, 1686, 3514, 2890, 2509, 411, 2992, 149, 3407, 1074, 2071, 1193, 237, 3770, 1809, 4245, 979, 3469, 5231, 4183, 4837, 4502]",448,500,5,False,500
402,numeric,numeric,5,True,True,True,"{2: 108, 1: 104, 5: 89, 4: 74, 3: 118, 0: 7}","[365, 353, 2801, 2313, 4363, 3055, 466, 5179, 4620, 922, 1488, 3354, 1490, 872, 280, 265, 3837, 2759, 5068, 1765, 2589, 1272, 2677, 4079, 926, 4931, 1511, 989, 3357, 999, 2993, 4192, 5431, 5121, 5175, 2470, 2867, 1374, 5434, 4983, 5381, 4304, 3235, 2126, 1748, 3628, 3439, 1615, 5008, 4767, 3479, 862, 3772, 522, 5242, 980, 4258, 3229, 787, 4436, 3886, 4934, 1882, 5154, 3111, 1353, 1329, 299, 1286, 1212, 1588, 4679, 4669, 3495, 1902, 1362, 2606, 5310, 2142, 3632, 1053, 2593, 2740, 2107, 1110, 4029, 5045, 3603, 3962, 2979, 3204, 4830, 774, 3892, 3218, 893, 666, 932, 5118, 1568, 3523, 887, 4114, 3364, 3066, 3312, 2615, 2153, 4142, 5235, 3163, 4793, 1416, 4203, 2523, 238, 1892, 167, 1434, 1240, 3542, 3856, 4008, 390, 1993, 5366, 1494, 5309, 4876, 3467, 4351, 3729, 4213, 1627, 2350, 4418, 1099, 2207, 4350, 4122, 126, 1226, 3346, 485, 461, 4316, 2763, 4212, 538, 2524, 5137, 551, 2803, 2834, 1028, 3465, 4812, 3092, 4874, 3293, 4364, 1540, 4875, 2089, 1533, 3099, 3864, 314, 3853, 5025, 936, 3013, 547, 3527, 1135, 3179, 3708, 1959, 2915, 1442, 3343, 1715, 1172, 621, 5324, 1199, 2218, 5217, 2046, 385, 4953, 4311, 5305, 4496, 4448, 3631, 5176, 528, 806, 832, 4523, 4368, 2061, 3852, 3872, 878, 2944, 3826, 1467, 3920, 2032, 2785, 5312, 850, 4325, 4817, 4528, 4631, 2673, 1419, 4022, 4047, 3515, 1333, 345, 4140, 1753, 2596, 2459, 3492, 4064, 4012, 5284, 1581, 3747, 488, 4902, 3240, 3231, 4660, 2604, 5345, 4926, 2791, 3896, 1491, 62, 5174, 1469, 478, 839, 3052, 5062, 2006, 892, 5043, 3783, 340, 2905, 2423, 3993, 145, 1939, 472, 2728, 1229, 76, 1774, 4168, 646, 3755, 2302, 3833, 2309, 3784, 1300, 4491, 5167, 993, 1136, 4597, 452, 2637, 1828, 1575, 4987, 4857, 33, 5204, 2994, 3956, 3356, 1932, 2, 4439, 3004, 4692, 5417, 2931, 3118, 4801, 2631, 2453, 2649, 4176, 1000, 1371, 959, 4302, 330, 3585, 3258, 4332, 4564, 4725, 4301, 2469, 2933, 955, 3367, 4466, 744, 15, 1582, 2199, 2281, 3882, 4530, 3131, 1808, 3728, 5433, 1145, 2174, 4890, 5229, 1468, 101, 1355, 549, 1262, 1227, 3913, 2762, 5379, 222, 988, 3088, 3480, 1783, 532, 355, 4393, 2369, 5251, 1675, 2025, 2483, 2135, 2924, 665, 1760, 2705, 4338, 2951, 1507, 939, 1243, 1285, 632, 1360, 2827, 624, 3203, 2029, 3607, 3002, 4818, 130, 3381, 3846, 4011, 2056, 1458, 1350, 3758, 4947, 5322, 1059, 1556, 864, 3345, 2939, 3659, 1466, 2067, 4380, 2797, 1076, 431, 1740, 2293, 3737, 1952, 3664, 2632, 1656, 3790, 5410, 4058, 1211, 3445, 4428, 1109, 45, 2456, 2489, 4512, 3275, 3214, 4757, 239, 5109, 2555, 3958, 3740, 1644, 4596, 2331, 3316, 5007, 3371, 3656, 4028, 635, 1926, 995, 5012, 128, 3876, 2063, 758, 3815, 2641, 2374, 3138, 4190, 1850, 954, 4179, 5049, 2669, 3355, 1960, 2016, 2620, 4538, 4407, 5126, 3167, 5169, 403, 811, 65, 121, 968, 1332, 1816, 4324, 4062, 4576, 590, 4201, 3424, 159, 2950, 281, 4615, 2812, 1686, 3514, 2890, 2509, 411, 2992, 149, 3407, 1074, 2071, 1193, 237, 3770, 1809, 4245, 979, 3469, 5231, 4183, 4837, 4502]",402,500,5,False,500
439,numeric,entity,1,True,False,True,"{2: 108, 1: 104, 5: 89, 4: 74, 3: 118, 0: 7}","[365, 353, 2801, 2313, 4363, 3055, 466, 5179, 4620, 922, 1488, 3354, 1490, 872, 280, 265, 3837, 2759, 5068, 1765, 2589, 1272, 2677, 4079, 926, 4931, 1511, 989, 3357, 999, 2993, 4192, 5431, 5121, 5175, 2470, 2867, 1374, 5434, 4983, 5381, 4304, 3235, 2126, 1748, 3628, 3439, 1615, 5008, 4767, 3479, 862, 3772, 522, 5242, 980, 4258, 3229, 787, 4436, 3886, 4934, 1882, 5154, 3111, 1353, 1329, 299, 1286, 1212, 1588, 4679, 4669, 3495, 1902, 1362, 2606, 5310, 2142, 3632, 1053, 2593, 2740, 2107, 1110, 4029, 5045, 3603, 3962, 2979, 3204, 4830, 774, 3892, 3218, 893, 666, 932, 5118, 1568, 3523, 887, 4114, 3364, 3066, 3312, 2615, 2153, 4142, 5235, 3163, 4793, 1416, 4203, 2523, 238, 1892, 167, 1434, 1240, 3542, 3856, 4008, 390, 1993, 5366, 1494, 5309, 4876, 3467, 4351, 3729, 4213, 1627, 2350, 4418, 1099, 2207, 4350, 4122, 126, 1226, 3346, 485, 461, 4316, 2763, 4212, 538, 2524, 5137, 551, 2803, 2834, 1028, 3465, 4812, 3092, 4874, 3293, 4364, 1540, 4875, 2089, 1533, 3099, 3864, 314, 3853, 5025, 936, 3013, 547, 3527, 1135, 3179, 3708, 1959, 2915, 1442, 3343, 1715, 1172, 621, 5324, 1199, 2218, 5217, 2046, 385, 4953, 4311, 5305, 4496, 4448, 3631, 5176, 528, 806, 832, 4523, 4368, 2061, 3852, 3872, 878, 2944, 3826, 1467, 3920, 2032, 2785, 5312, 850, 4325, 4817, 4528, 4631, 2673, 1419, 4022, 4047, 3515, 1333, 345, 4140, 1753, 2596, 2459, 3492, 4064, 4012, 5284, 1581, 3747, 488, 4902, 3240, 3231, 4660, 2604, 5345, 4926, 2791, 3896, 1491, 62, 5174, 1469, 478, 839, 3052, 5062, 2006, 892, 5043, 3783, 340, 2905, 2423, 3993, 145, 1939, 472, 2728, 1229, 76, 1774, 4168, 646, 3755, 2302, 3833, 2309, 3784, 1300, 4491, 5167, 993, 1136, 4597, 452, 2637, 1828, 1575, 4987, 4857, 33, 5204, 2994, 3956, 3356, 1932, 2, 4439, 3004, 4692, 5417, 2931, 3118, 4801, 2631, 2453, 2649, 4176, 1000, 1371, 959, 4302, 330, 3585, 3258, 4332, 4564, 4725, 4301, 2469, 2933, 955, 3367, 4466, 744, 15, 1582, 2199, 2281, 3882, 4530, 3131, 1808, 3728, 5433, 1145, 2174, 4890, 5229, 1468, 101, 1355, 549, 1262, 1227, 3913, 2762, 5379, 222, 988, 3088, 3480, 1783, 532, 355, 4393, 2369, 5251, 1675, 2025, 2483, 2135, 2924, 665, 1760, 2705, 4338, 2951, 1507, 939, 1243, 1285, 632, 1360, 2827, 624, 3203, 2029, 3607, 3002, 4818, 130, 3381, 3846, 4011, 2056, 1458, 1350, 3758, 4947, 5322, 1059, 1556, 864, 3345, 2939, 3659, 1466, 2067, 4380, 2797, 1076, 431, 1740, 2293, 3737, 1952, 3664, 2632, 1656, 3790, 5410, 4058, 1211, 3445, 4428, 1109, 45, 2456, 2489, 4512, 3275, 3214, 4757, 239, 5109, 2555, 3958, 3740, 1644, 4596, 2331, 3316, 5007, 3371, 3656, 4028, 635, 1926, 995, 5012, 128, 3876, 2063, 758, 3815, 2641, 2374, 3138, 4190, 1850, 954, 4179, 5049, 2669, 3355, 1960, 2016, 2620, 4538, 4407, 5126, 3167, 5169, 403, 811, 65, 121, 968, 1332, 1816, 4324, 4062, 4576, 590, 4201, 3424, 159, 2950, 281, 4615, 2812, 1686, 3514, 2890, 2509, 411, 2992, 149, 3407, 1074, 2071, 1193, 237, 3770, 1809, 4245, 979, 3469, 5231, 4183, 4837, 4502]",439,500,5,False,500
437,numeric,numeric,5,True,True,True,"{2: 108, 1: 104, 5: 89, 4: 74, 3: 118, 0: 7}","[365, 353, 2801, 2313, 4363, 3055, 466, 5179, 4620, 922, 1488, 3354, 1490, 872, 280, 265, 3837, 2759, 5068, 1765, 2589, 1272, 2677, 4079, 926, 4931, 1511, 989, 3357, 999, 2993, 4192, 5431, 5121, 5175, 2470, 2867, 1374, 5434, 4983, 5381, 4304, 3235, 2126, 1748, 3628, 3439, 1615, 5008, 4767, 3479, 862, 3772, 522, 5242, 980, 4258, 3229, 787, 4436, 3886, 4934, 1882, 5154, 3111, 1353, 1329, 299, 1286, 1212, 1588, 4679, 4669, 3495, 1902, 1362, 2606, 5310, 2142, 3632, 1053, 2593, 2740, 2107, 1110, 4029, 5045, 3603, 3962, 2979, 3204, 4830, 774, 3892, 3218, 893, 666, 932, 5118, 1568, 3523, 887, 4114, 3364, 3066, 3312, 2615, 2153, 4142, 5235, 3163, 4793, 1416, 4203, 2523, 238, 1892, 167, 1434, 1240, 3542, 3856, 4008, 390, 1993, 5366, 1494, 5309, 4876, 3467, 4351, 3729, 4213, 1627, 2350, 4418, 1099, 2207, 4350, 4122, 126, 1226, 3346, 485, 461, 4316, 2763, 4212, 538, 2524, 5137, 551, 2803, 2834, 1028, 3465, 4812, 3092, 4874, 3293, 4364, 1540, 4875, 2089, 1533, 3099, 3864, 314, 3853, 5025, 936, 3013, 547, 3527, 1135, 3179, 3708, 1959, 2915, 1442, 3343, 1715, 1172, 621, 5324, 1199, 2218, 5217, 2046, 385, 4953, 4311, 5305, 4496, 4448, 3631, 5176, 528, 806, 832, 4523, 4368, 2061, 3852, 3872, 878, 2944, 3826, 1467, 3920, 2032, 2785, 5312, 850, 4325, 4817, 4528, 4631, 2673, 1419, 4022, 4047, 3515, 1333, 345, 4140, 1753, 2596, 2459, 3492, 4064, 4012, 5284, 1581, 3747, 488, 4902, 3240, 3231, 4660, 2604, 5345, 4926, 2791, 3896, 1491, 62, 5174, 1469, 478, 839, 3052, 5062, 2006, 892, 5043, 3783, 340, 2905, 2423, 3993, 145, 1939, 472, 2728, 1229, 76, 1774, 4168, 646, 3755, 2302, 3833, 2309, 3784, 1300, 4491, 5167, 993, 1136, 4597, 452, 2637, 1828, 1575, 4987, 4857, 33, 5204, 2994, 3956, 3356, 1932, 2, 4439, 3004, 4692, 5417, 2931, 3118, 4801, 2631, 2453, 2649, 4176, 1000, 1371, 959, 4302, 330, 3585, 3258, 4332, 4564, 4725, 4301, 2469, 2933, 955, 3367, 4466, 744, 15, 1582, 2199, 2281, 3882, 4530, 3131, 1808, 3728, 5433, 1145, 2174, 4890, 5229, 1468, 101, 1355, 549, 1262, 1227, 3913, 2762, 5379, 222, 988, 3088, 3480, 1783, 532, 355, 4393, 2369, 5251, 1675, 2025, 2483, 2135, 2924, 665, 1760, 2705, 4338, 2951, 1507, 939, 1243, 1285, 632, 1360, 2827, 624, 3203, 2029, 3607, 3002, 4818, 130, 3381, 3846, 4011, 2056, 1458, 1350, 3758, 4947, 5322, 1059, 1556, 864, 3345, 2939, 3659, 1466, 2067, 4380, 2797, 1076, 431, 1740, 2293, 3737, 1952, 3664, 2632, 1656, 3790, 5410, 4058, 1211, 3445, 4428, 1109, 45, 2456, 2489, 4512, 3275, 3214, 4757, 239, 5109, 2555, 3958, 3740, 1644, 4596, 2331, 3316, 5007, 3371, 3656, 4028, 635, 1926, 995, 5012, 128, 3876, 2063, 758, 3815, 2641, 2374, 3138, 4190, 1850, 954, 4179, 5049, 2669, 3355, 1960, 2016, 2620, 4538, 4407, 5126, 3167, 5169, 403, 811, 65, 121, 968, 1332, 1816, 4324, 4062, 4576, 590, 4201, 3424, 159, 2950, 281, 4615, 2812, 1686, 3514, 2890, 2509, 411, 2992, 149, 3407, 1074, 2071, 1193, 237, 3770, 1809, 4245, 979, 3469, 5231, 4183, 4837, 4502]",437,500,5,False,500
289,description,description,2,True,True,True,"{2: 108, 1: 104, 5: 89, 4: 74, 3: 118, 0: 7}","[365, 353, 2801, 2313, 4363, 3055, 466, 5179, 4620, 922, 1488, 3354, 1490, 872, 280, 265, 3837, 2759, 5068, 1765, 2589, 1272, 2677, 4079, 926, 4931, 1511, 989, 3357, 999, 2993, 4192, 5431, 5121, 5175, 2470, 2867, 1374, 5434, 4983, 5381, 4304, 3235, 2126, 1748, 3628, 3439, 1615, 5008, 4767, 3479, 862, 3772, 522, 5242, 980, 4258, 3229, 787, 4436, 3886, 4934, 1882, 5154, 3111, 1353, 1329, 299, 1286, 1212, 1588, 4679, 4669, 3495, 1902, 1362, 2606, 5310, 2142, 3632, 1053, 2593, 2740, 2107, 1110, 4029, 5045, 3603, 3962, 2979, 3204, 4830, 774, 3892, 3218, 893, 666, 932, 5118, 1568, 3523, 887, 4114, 3364, 3066, 3312, 2615, 2153, 4142, 5235, 3163, 4793, 1416, 4203, 2523, 238, 1892, 167, 1434, 1240, 3542, 3856, 4008, 390, 1993, 5366, 1494, 5309, 4876, 3467, 4351, 3729, 4213, 1627, 2350, 4418, 1099, 2207, 4350, 4122, 126, 1226, 3346, 485, 461, 4316, 2763, 4212, 538, 2524, 5137, 551, 2803, 2834, 1028, 3465, 4812, 3092, 4874, 3293, 4364, 1540, 4875, 2089, 1533, 3099, 3864, 314, 3853, 5025, 936, 3013, 547, 3527, 1135, 3179, 3708, 1959, 2915, 1442, 3343, 1715, 1172, 621, 5324, 1199, 2218, 5217, 2046, 385, 4953, 4311, 5305, 4496, 4448, 3631, 5176, 528, 806, 832, 4523, 4368, 2061, 3852, 3872, 878, 2944, 3826, 1467, 3920, 2032, 2785, 5312, 850, 4325, 4817, 4528, 4631, 2673, 1419, 4022, 4047, 3515, 1333, 345, 4140, 1753, 2596, 2459, 3492, 4064, 4012, 5284, 1581, 3747, 488, 4902, 3240, 3231, 4660, 2604, 5345, 4926, 2791, 3896, 1491, 62, 5174, 1469, 478, 839, 3052, 5062, 2006, 892, 5043, 3783, 340, 2905, 2423, 3993, 145, 1939, 472, 2728, 1229, 76, 1774, 4168, 646, 3755, 2302, 3833, 2309, 3784, 1300, 4491, 5167, 993, 1136, 4597, 452, 2637, 1828, 1575, 4987, 4857, 33, 5204, 2994, 3956, 3356, 1932, 2, 4439, 3004, 4692, 5417, 2931, 3118, 4801, 2631, 2453, 2649, 4176, 1000, 1371, 959, 4302, 330, 3585, 3258, 4332, 4564, 4725, 4301, 2469, 2933, 955, 3367, 4466, 744, 15, 1582, 2199, 2281, 3882, 4530, 3131, 1808, 3728, 5433, 1145, 2174, 4890, 5229, 1468, 101, 1355, 549, 1262, 1227, 3913, 2762, 5379, 222, 988, 3088, 3480, 1783, 532, 355, 4393, 2369, 5251, 1675, 2025, 2483, 2135, 2924, 665, 1760, 2705, 4338, 2951, 1507, 939, 1243, 1285, 632, 1360, 2827, 624, 3203, 2029, 3607, 3002, 4818, 130, 3381, 3846, 4011, 2056, 1458, 1350, 3758, 4947, 5322, 1059, 1556, 864, 3345, 2939, 3659, 1466, 2067, 4380, 2797, 1076, 431, 1740, 2293, 3737, 1952, 3664, 2632, 1656, 3790, 5410, 4058, 1211, 3445, 4428, 1109, 45, 2456, 2489, 4512, 3275, 3214, 4757, 239, 5109, 2555, 3958, 3740, 1644, 4596, 2331, 3316, 5007, 3371, 3656, 4028, 635, 1926, 995, 5012, 128, 3876, 2063, 758, 3815, 2641, 2374, 3138, 4190, 1850, 954, 4179, 5049, 2669, 3355, 1960, 2016, 2620, 4538, 4407, 5126, 3167, 5169, 403, 811, 65, 121, 968, 1332, 1816, 4324, 4062, 4576, 590, 4201, 3424, 159, 2950, 281, 4615, 2812, 1686, 3514, 2890, 2509, 411, 2992, 149, 3407, 1074, 2071, 1193, 237, 3770, 1809, 4245, 979, 3469, 5231, 4183, 4837, 4502]",289,500,5,False,500
132,numeric,description,2,True,False,True,"{2: 108, 1: 104, 5: 89, 4: 74, 3: 118, 0: 7}","[365, 353, 2801, 2313, 4363, 3055, 466, 5179, 4620, 922, 1488, 3354, 1490, 872, 280, 265, 3837, 2759, 5068, 1765, 2589, 1272, 2677, 4079, 926, 4931, 1511, 989, 3357, 999, 2993, 4192, 5431, 5121, 5175, 2470, 2867, 1374, 5434, 4983, 5381, 4304, 3235, 2126, 1748, 3628, 3439, 1615, 5008, 4767, 3479, 862, 3772, 522, 5242, 980, 4258, 3229, 787, 4436, 3886, 4934, 1882, 5154, 3111, 1353, 1329, 299, 1286, 1212, 1588, 4679, 4669, 3495, 1902, 1362, 2606, 5310, 2142, 3632, 1053, 2593, 2740, 2107, 1110, 4029, 5045, 3603, 3962, 2979, 3204, 4830, 774, 3892, 3218, 893, 666, 932, 5118, 1568, 3523, 887, 4114, 3364, 3066, 3312, 2615, 2153, 4142, 5235, 3163, 4793, 1416, 4203, 2523, 238, 1892, 167, 1434, 1240, 3542, 3856, 4008, 390, 1993, 5366, 1494, 5309, 4876, 3467, 4351, 3729, 4213, 1627, 2350, 4418, 1099, 2207, 4350, 4122, 126, 1226, 3346, 485, 461, 4316, 2763, 4212, 538, 2524, 5137, 551, 2803, 2834, 1028, 3465, 4812, 3092, 4874, 3293, 4364, 1540, 4875, 2089, 1533, 3099, 3864, 314, 3853, 5025, 936, 3013, 547, 3527, 1135, 3179, 3708, 1959, 2915, 1442, 3343, 1715, 1172, 621, 5324, 1199, 2218, 5217, 2046, 385, 4953, 4311, 5305, 4496, 4448, 3631, 5176, 528, 806, 832, 4523, 4368, 2061, 3852, 3872, 878, 2944, 3826, 1467, 3920, 2032, 2785, 5312, 850, 4325, 4817, 4528, 4631, 2673, 1419, 4022, 4047, 3515, 1333, 345, 4140, 1753, 2596, 2459, 3492, 4064, 4012, 5284, 1581, 3747, 488, 4902, 3240, 3231, 4660, 2604, 5345, 4926, 2791, 3896, 1491, 62, 5174, 1469, 478, 839, 3052, 5062, 2006, 892, 5043, 3783, 340, 2905, 2423, 3993, 145, 1939, 472, 2728, 1229, 76, 1774, 4168, 646, 3755, 2302, 3833, 2309, 3784, 1300, 4491, 5167, 993, 1136, 4597, 452, 2637, 1828, 1575, 4987, 4857, 33, 5204, 2994, 3956, 3356, 1932, 2, 4439, 3004, 4692, 5417, 2931, 3118, 4801, 2631, 2453, 2649, 4176, 1000, 1371, 959, 4302, 330, 3585, 3258, 4332, 4564, 4725, 4301, 2469, 2933, 955, 3367, 4466, 744, 15, 1582, 2199, 2281, 3882, 4530, 3131, 1808, 3728, 5433, 1145, 2174, 4890, 5229, 1468, 101, 1355, 549, 1262, 1227, 3913, 2762, 5379, 222, 988, 3088, 3480, 1783, 532, 355, 4393, 2369, 5251, 1675, 2025, 2483, 2135, 2924, 665, 1760, 2705, 4338, 2951, 1507, 939, 1243, 1285, 632, 1360, 2827, 624, 3203, 2029, 3607, 3002, 4818, 130, 3381, 3846, 4011, 2056, 1458, 1350, 3758, 4947, 5322, 1059, 1556, 864, 3345, 2939, 3659, 1466, 2067, 4380, 2797, 1076, 431, 1740, 2293, 3737, 1952, 3664, 2632, 1656, 3790, 5410, 4058, 1211, 3445, 4428, 1109, 45, 2456, 2489, 4512, 3275, 3214, 4757, 239, 5109, 2555, 3958, 3740, 1644, 4596, 2331, 3316, 5007, 3371, 3656, 4028, 635, 1926, 995, 5012, 128, 3876, 2063, 758, 3815, 2641, 2374, 3138, 4190, 1850, 954, 4179, 5049, 2669, 3355, 1960, 2016, 2620, 4538, 4407, 5126, 3167, 5169, 403, 811, 65, 121, 968, 1332, 1816, 4324, 4062, 4576, 590, 4201, 3424, 159, 2950, 281, 4615, 2812, 1686, 3514, 2890, 2509, 411, 2992, 149, 3407, 1074, 2071, 1193, 237, 3770, 1809, 4245, 979, 3469, 5231, 4183, 4837, 4502]",132,500,5,False,500
250,human,human,3,True,True,True,"{2: 108, 1: 104, 5: 89, 4: 74, 3: 118, 0: 7}","[365, 353, 2801, 2313, 4363, 3055, 466, 5179, 4620, 922, 1488, 3354, 1490, 872, 280, 265, 3837, 2759, 5068, 1765, 2589, 1272, 2677, 4079, 926, 4931, 1511, 989, 3357, 999, 2993, 4192, 5431, 5121, 5175, 2470, 2867, 1374, 5434, 4983, 5381, 4304, 3235, 2126, 1748, 3628, 3439, 1615, 5008, 4767, 3479, 862, 3772, 522, 5242, 980, 4258, 3229, 787, 4436, 3886, 4934, 1882, 5154, 3111, 1353, 1329, 299, 1286, 1212, 1588, 4679, 4669, 3495, 1902, 1362, 2606, 5310, 2142, 3632, 1053, 2593, 2740, 2107, 1110, 4029, 5045, 3603, 3962, 2979, 3204, 4830, 774, 3892, 3218, 893, 666, 932, 5118, 1568, 3523, 887, 4114, 3364, 3066, 3312, 2615, 2153, 4142, 5235, 3163, 4793, 1416, 4203, 2523, 238, 1892, 167, 1434, 1240, 3542, 3856, 4008, 390, 1993, 5366, 1494, 5309, 4876, 3467, 4351, 3729, 4213, 1627, 2350, 4418, 1099, 2207, 4350, 4122, 126, 1226, 3346, 485, 461, 4316, 2763, 4212, 538, 2524, 5137, 551, 2803, 2834, 1028, 3465, 4812, 3092, 4874, 3293, 4364, 1540, 4875, 2089, 1533, 3099, 3864, 314, 3853, 5025, 936, 3013, 547, 3527, 1135, 3179, 3708, 1959, 2915, 1442, 3343, 1715, 1172, 621, 5324, 1199, 2218, 5217, 2046, 385, 4953, 4311, 5305, 4496, 4448, 3631, 5176, 528, 806, 832, 4523, 4368, 2061, 3852, 3872, 878, 2944, 3826, 1467, 3920, 2032, 2785, 5312, 850, 4325, 4817, 4528, 4631, 2673, 1419, 4022, 4047, 3515, 1333, 345, 4140, 1753, 2596, 2459, 3492, 4064, 4012, 5284, 1581, 3747, 488, 4902, 3240, 3231, 4660, 2604, 5345, 4926, 2791, 3896, 1491, 62, 5174, 1469, 478, 839, 3052, 5062, 2006, 892, 5043, 3783, 340, 2905, 2423, 3993, 145, 1939, 472, 2728, 1229, 76, 1774, 4168, 646, 3755, 2302, 3833, 2309, 3784, 1300, 4491, 5167, 993, 1136, 4597, 452, 2637, 1828, 1575, 4987, 4857, 33, 5204, 2994, 3956, 3356, 1932, 2, 4439, 3004, 4692, 5417, 2931, 3118, 4801, 2631, 2453, 2649, 4176, 1000, 1371, 959, 4302, 330, 3585, 3258, 4332, 4564, 4725, 4301, 2469, 2933, 955, 3367, 4466, 744, 15, 1582, 2199, 2281, 3882, 4530, 3131, 1808, 3728, 5433, 1145, 2174, 4890, 5229, 1468, 101, 1355, 549, 1262, 1227, 3913, 2762, 5379, 222, 988, 3088, 3480, 1783, 532, 355, 4393, 2369, 5251, 1675, 2025, 2483, 2135, 2924, 665, 1760, 2705, 4338, 2951, 1507, 939, 1243, 1285, 632, 1360, 2827, 624, 3203, 2029, 3607, 3002, 4818, 130, 3381, 3846, 4011, 2056, 1458, 1350, 3758, 4947, 5322, 1059, 1556, 864, 3345, 2939, 3659, 1466, 2067, 4380, 2797, 1076, 431, 1740, 2293, 3737, 1952, 3664, 2632, 1656, 3790, 5410, 4058, 1211, 3445, 4428, 1109, 45, 2456, 2489, 4512, 3275, 3214, 4757, 239, 5109, 2555, 3958, 3740, 1644, 4596, 2331, 3316, 5007, 3371, 3656, 4028, 635, 1926, 995, 5012, 128, 3876, 2063, 758, 3815, 2641, 2374, 3138, 4190, 1850, 954, 4179, 5049, 2669, 3355, 1960, 2016, 2620, 4538, 4407, 5126, 3167, 5169, 403, 811, 65, 121, 968, 1332, 1816, 4324, 4062, 4576, 590, 4201, 3424, 159, 2950, 281, 4615, 2812, 1686, 3514, 2890, 2509, 411, 2992, 149, 3407, 1074, 2071, 1193, 237, 3770, 1809, 4245, 979, 3469, 5231, 4183, 4837, 4502]",250,500,5,False,500
405,location,location,4,True,True,True,"{2: 108, 1: 104, 5: 89, 4: 74, 3: 118, 0: 7}","[365, 353, 2801, 2313, 4363, 3055, 466, 5179, 4620, 922, 1488, 3354, 1490, 872, 280, 265, 3837, 2759, 5068, 1765, 2589, 1272, 2677, 4079, 926, 4931, 1511, 989, 3357, 999, 2993, 4192, 5431, 5121, 5175, 2470, 2867, 1374, 5434, 4983, 5381, 4304, 3235, 2126, 1748, 3628, 3439, 1615, 5008, 4767, 3479, 862, 3772, 522, 5242, 980, 4258, 3229, 787, 4436, 3886, 4934, 1882, 5154, 3111, 1353, 1329, 299, 1286, 1212, 1588, 4679, 4669, 3495, 1902, 1362, 2606, 5310, 2142, 3632, 1053, 2593, 2740, 2107, 1110, 4029, 5045, 3603, 3962, 2979, 3204, 4830, 774, 3892, 3218, 893, 666, 932, 5118, 1568, 3523, 887, 4114, 3364, 3066, 3312, 2615, 2153, 4142, 5235, 3163, 4793, 1416, 4203, 2523, 238, 1892, 167, 1434, 1240, 3542, 3856, 4008, 390, 1993, 5366, 1494, 5309, 4876, 3467, 4351, 3729, 4213, 1627, 2350, 4418, 1099, 2207, 4350, 4122, 126, 1226, 3346, 485, 461, 4316, 2763, 4212, 538, 2524, 5137, 551, 2803, 2834, 1028, 3465, 4812, 3092, 4874, 3293, 4364, 1540, 4875, 2089, 1533, 3099, 3864, 314, 3853, 5025, 936, 3013, 547, 3527, 1135, 3179, 3708, 1959, 2915, 1442, 3343, 1715, 1172, 621, 5324, 1199, 2218, 5217, 2046, 385, 4953, 4311, 5305, 4496, 4448, 3631, 5176, 528, 806, 832, 4523, 4368, 2061, 3852, 3872, 878, 2944, 3826, 1467, 3920, 2032, 2785, 5312, 850, 4325, 4817, 4528, 4631, 2673, 1419, 4022, 4047, 3515, 1333, 345, 4140, 1753, 2596, 2459, 3492, 4064, 4012, 5284, 1581, 3747, 488, 4902, 3240, 3231, 4660, 2604, 5345, 4926, 2791, 3896, 1491, 62, 5174, 1469, 478, 839, 3052, 5062, 2006, 892, 5043, 3783, 340, 2905, 2423, 3993, 145, 1939, 472, 2728, 1229, 76, 1774, 4168, 646, 3755, 2302, 3833, 2309, 3784, 1300, 4491, 5167, 993, 1136, 4597, 452, 2637, 1828, 1575, 4987, 4857, 33, 5204, 2994, 3956, 3356, 1932, 2, 4439, 3004, 4692, 5417, 2931, 3118, 4801, 2631, 2453, 2649, 4176, 1000, 1371, 959, 4302, 330, 3585, 3258, 4332, 4564, 4725, 4301, 2469, 2933, 955, 3367, 4466, 744, 15, 1582, 2199, 2281, 3882, 4530, 3131, 1808, 3728, 5433, 1145, 2174, 4890, 5229, 1468, 101, 1355, 549, 1262, 1227, 3913, 2762, 5379, 222, 988, 3088, 3480, 1783, 532, 355, 4393, 2369, 5251, 1675, 2025, 2483, 2135, 2924, 665, 1760, 2705, 4338, 2951, 1507, 939, 1243, 1285, 632, 1360, 2827, 624, 3203, 2029, 3607, 3002, 4818, 130, 3381, 3846, 4011, 2056, 1458, 1350, 3758, 4947, 5322, 1059, 1556, 864, 3345, 2939, 3659, 1466, 2067, 4380, 2797, 1076, 431, 1740, 2293, 3737, 1952, 3664, 2632, 1656, 3790, 5410, 4058, 1211, 3445, 4428, 1109, 45, 2456, 2489, 4512, 3275, 3214, 4757, 239, 5109, 2555, 3958, 3740, 1644, 4596, 2331, 3316, 5007, 3371, 3656, 4028, 635, 1926, 995, 5012, 128, 3876, 2063, 758, 3815, 2641, 2374, 3138, 4190, 1850, 954, 4179, 5049, 2669, 3355, 1960, 2016, 2620, 4538, 4407, 5126, 3167, 5169, 403, 811, 65, 121, 968, 1332, 1816, 4324, 4062, 4576, 590, 4201, 3424, 159, 2950, 281, 4615, 2812, 1686, 3514, 2890, 2509, 411, 2992, 149, 3407, 1074, 2071, 1193, 237, 3770, 1809, 4245, 979, 3469, 5231, 4183, 4837, 4502]",405,500,5,False,500
443,numeric,entity,1,True,False,True,"{2: 108, 1: 104, 5: 89, 4: 74, 3: 118, 0: 7}","[365, 353, 2801, 2313, 4363, 3055, 466, 5179, 4620, 922, 1488, 3354, 1490, 872, 280, 265, 3837, 2759, 5068, 1765, 2589, 1272, 2677, 4079, 926, 4931, 1511, 989, 3357, 999, 2993, 4192, 5431, 5121, 5175, 2470, 2867, 1374, 5434, 4983, 5381, 4304, 3235, 2126, 1748, 3628, 3439, 1615, 5008, 4767, 3479, 862, 3772, 522, 5242, 980, 4258, 3229, 787, 4436, 3886, 4934, 1882, 5154, 3111, 1353, 1329, 299, 1286, 1212, 1588, 4679, 4669, 3495, 1902, 1362, 2606, 5310, 2142, 3632, 1053, 2593, 2740, 2107, 1110, 4029, 5045, 3603, 3962, 2979, 3204, 4830, 774, 3892, 3218, 893, 666, 932, 5118, 1568, 3523, 887, 4114, 3364, 3066, 3312, 2615, 2153, 4142, 5235, 3163, 4793, 1416, 4203, 2523, 238, 1892, 167, 1434, 1240, 3542, 3856, 4008, 390, 1993, 5366, 1494, 5309, 4876, 3467, 4351, 3729, 4213, 1627, 2350, 4418, 1099, 2207, 4350, 4122, 126, 1226, 3346, 485, 461, 4316, 2763, 4212, 538, 2524, 5137, 551, 2803, 2834, 1028, 3465, 4812, 3092, 4874, 3293, 4364, 1540, 4875, 2089, 1533, 3099, 3864, 314, 3853, 5025, 936, 3013, 547, 3527, 1135, 3179, 3708, 1959, 2915, 1442, 3343, 1715, 1172, 621, 5324, 1199, 2218, 5217, 2046, 385, 4953, 4311, 5305, 4496, 4448, 3631, 5176, 528, 806, 832, 4523, 4368, 2061, 3852, 3872, 878, 2944, 3826, 1467, 3920, 2032, 2785, 5312, 850, 4325, 4817, 4528, 4631, 2673, 1419, 4022, 4047, 3515, 1333, 345, 4140, 1753, 2596, 2459, 3492, 4064, 4012, 5284, 1581, 3747, 488, 4902, 3240, 3231, 4660, 2604, 5345, 4926, 2791, 3896, 1491, 62, 5174, 1469, 478, 839, 3052, 5062, 2006, 892, 5043, 3783, 340, 2905, 2423, 3993, 145, 1939, 472, 2728, 1229, 76, 1774, 4168, 646, 3755, 2302, 3833, 2309, 3784, 1300, 4491, 5167, 993, 1136, 4597, 452, 2637, 1828, 1575, 4987, 4857, 33, 5204, 2994, 3956, 3356, 1932, 2, 4439, 3004, 4692, 5417, 2931, 3118, 4801, 2631, 2453, 2649, 4176, 1000, 1371, 959, 4302, 330, 3585, 3258, 4332, 4564, 4725, 4301, 2469, 2933, 955, 3367, 4466, 744, 15, 1582, 2199, 2281, 3882, 4530, 3131, 1808, 3728, 5433, 1145, 2174, 4890, 5229, 1468, 101, 1355, 549, 1262, 1227, 3913, 2762, 5379, 222, 988, 3088, 3480, 1783, 532, 355, 4393, 2369, 5251, 1675, 2025, 2483, 2135, 2924, 665, 1760, 2705, 4338, 2951, 1507, 939, 1243, 1285, 632, 1360, 2827, 624, 3203, 2029, 3607, 3002, 4818, 130, 3381, 3846, 4011, 2056, 1458, 1350, 3758, 4947, 5322, 1059, 1556, 864, 3345, 2939, 3659, 1466, 2067, 4380, 2797, 1076, 431, 1740, 2293, 3737, 1952, 3664, 2632, 1656, 3790, 5410, 4058, 1211, 3445, 4428, 1109, 45, 2456, 2489, 4512, 3275, 3214, 4757, 239, 5109, 2555, 3958, 3740, 1644, 4596, 2331, 3316, 5007, 3371, 3656, 4028, 635, 1926, 995, 5012, 128, 3876, 2063, 758, 3815, 2641, 2374, 3138, 4190, 1850, 954, 4179, 5049, 2669, 3355, 1960, 2016, 2620, 4538, 4407, 5126, 3167, 5169, 403, 811, 65, 121, 968, 1332, 1816, 4324, 4062, 4576, 590, 4201, 3424, 159, 2950, 281, 4615, 2812, 1686, 3514, 2890, 2509, 411, 2992, 149, 3407, 1074, 2071, 1193, 237, 3770, 1809, 4245, 979, 3469, 5231, 4183, 4837, 4502]",443,500,5,False,500
35,numeric,numeric,5,True,True,True,"{2: 108, 1: 104, 5: 89, 4: 74, 3: 118, 0: 7}","[365, 353, 2801, 2313, 4363, 3055, 466, 5179, 4620, 922, 1488, 3354, 1490, 872, 280, 265, 3837, 2759, 5068, 1765, 2589, 1272, 2677, 4079, 926, 4931, 1511, 989, 3357, 999, 2993, 4192, 5431, 5121, 5175, 2470, 2867, 1374, 5434, 4983, 5381, 4304, 3235, 2126, 1748, 3628, 3439, 1615, 5008, 4767, 3479, 862, 3772, 522, 5242, 980, 4258, 3229, 787, 4436, 3886, 4934, 1882, 5154, 3111, 1353, 1329, 299, 1286, 1212, 1588, 4679, 4669, 3495, 1902, 1362, 2606, 5310, 2142, 3632, 1053, 2593, 2740, 2107, 1110, 4029, 5045, 3603, 3962, 2979, 3204, 4830, 774, 3892, 3218, 893, 666, 932, 5118, 1568, 3523, 887, 4114, 3364, 3066, 3312, 2615, 2153, 4142, 5235, 3163, 4793, 1416, 4203, 2523, 238, 1892, 167, 1434, 1240, 3542, 3856, 4008, 390, 1993, 5366, 1494, 5309, 4876, 3467, 4351, 3729, 4213, 1627, 2350, 4418, 1099, 2207, 4350, 4122, 126, 1226, 3346, 485, 461, 4316, 2763, 4212, 538, 2524, 5137, 551, 2803, 2834, 1028, 3465, 4812, 3092, 4874, 3293, 4364, 1540, 4875, 2089, 1533, 3099, 3864, 314, 3853, 5025, 936, 3013, 547, 3527, 1135, 3179, 3708, 1959, 2915, 1442, 3343, 1715, 1172, 621, 5324, 1199, 2218, 5217, 2046, 385, 4953, 4311, 5305, 4496, 4448, 3631, 5176, 528, 806, 832, 4523, 4368, 2061, 3852, 3872, 878, 2944, 3826, 1467, 3920, 2032, 2785, 5312, 850, 4325, 4817, 4528, 4631, 2673, 1419, 4022, 4047, 3515, 1333, 345, 4140, 1753, 2596, 2459, 3492, 4064, 4012, 5284, 1581, 3747, 488, 4902, 3240, 3231, 4660, 2604, 5345, 4926, 2791, 3896, 1491, 62, 5174, 1469, 478, 839, 3052, 5062, 2006, 892, 5043, 3783, 340, 2905, 2423, 3993, 145, 1939, 472, 2728, 1229, 76, 1774, 4168, 646, 3755, 2302, 3833, 2309, 3784, 1300, 4491, 5167, 993, 1136, 4597, 452, 2637, 1828, 1575, 4987, 4857, 33, 5204, 2994, 3956, 3356, 1932, 2, 4439, 3004, 4692, 5417, 2931, 3118, 4801, 2631, 2453, 2649, 4176, 1000, 1371, 959, 4302, 330, 3585, 3258, 4332, 4564, 4725, 4301, 2469, 2933, 955, 3367, 4466, 744, 15, 1582, 2199, 2281, 3882, 4530, 3131, 1808, 3728, 5433, 1145, 2174, 4890, 5229, 1468, 101, 1355, 549, 1262, 1227, 3913, 2762, 5379, 222, 988, 3088, 3480, 1783, 532, 355, 4393, 2369, 5251, 1675, 2025, 2483, 2135, 2924, 665, 1760, 2705, 4338, 2951, 1507, 939, 1243, 1285, 632, 1360, 2827, 624, 3203, 2029, 3607, 3002, 4818, 130, 3381, 3846, 4011, 2056, 1458, 1350, 3758, 4947, 5322, 1059, 1556, 864, 3345, 2939, 3659, 1466, 2067, 4380, 2797, 1076, 431, 1740, 2293, 3737, 1952, 3664, 2632, 1656, 3790, 5410, 4058, 1211, 3445, 4428, 1109, 45, 2456, 2489, 4512, 3275, 3214, 4757, 239, 5109, 2555, 3958, 3740, 1644, 4596, 2331, 3316, 5007, 3371, 3656, 4028, 635, 1926, 995, 5012, 128, 3876, 2063, 758, 3815, 2641, 2374, 3138, 4190, 1850, 954, 4179, 5049, 2669, 3355, 1960, 2016, 2620, 4538, 4407, 5126, 3167, 5169, 403, 811, 65, 121, 968, 1332, 1816, 4324, 4062, 4576, 590, 4201, 3424, 159, 2950, 281, 4615, 2812, 1686, 3514, 2890, 2509, 411, 2992, 149, 3407, 1074, 2071, 1193, 237, 3770, 1809, 4245, 979, 3469, 5231, 4183, 4837, 4502]",35,500,5,False,500
113,human,human,3,True,True,True,"{2: 108, 1: 104, 5: 89, 4: 74, 3: 118, 0: 7}","[365, 353, 2801, 2313, 4363, 3055, 466, 5179, 4620, 922, 1488, 3354, 1490, 872, 280, 265, 3837, 2759, 5068, 1765, 2589, 1272, 2677, 4079, 926, 4931, 1511, 989, 3357, 999, 2993, 4192, 5431, 5121, 5175, 2470, 2867, 1374, 5434, 4983, 5381, 4304, 3235, 2126, 1748, 3628, 3439, 1615, 5008, 4767, 3479, 862, 3772, 522, 5242, 980, 4258, 3229, 787, 4436, 3886, 4934, 1882, 5154, 3111, 1353, 1329, 299, 1286, 1212, 1588, 4679, 4669, 3495, 1902, 1362, 2606, 5310, 2142, 3632, 1053, 2593, 2740, 2107, 1110, 4029, 5045, 3603, 3962, 2979, 3204, 4830, 774, 3892, 3218, 893, 666, 932, 5118, 1568, 3523, 887, 4114, 3364, 3066, 3312, 2615, 2153, 4142, 5235, 3163, 4793, 1416, 4203, 2523, 238, 1892, 167, 1434, 1240, 3542, 3856, 4008, 390, 1993, 5366, 1494, 5309, 4876, 3467, 4351, 3729, 4213, 1627, 2350, 4418, 1099, 2207, 4350, 4122, 126, 1226, 3346, 485, 461, 4316, 2763, 4212, 538, 2524, 5137, 551, 2803, 2834, 1028, 3465, 4812, 3092, 4874, 3293, 4364, 1540, 4875, 2089, 1533, 3099, 3864, 314, 3853, 5025, 936, 3013, 547, 3527, 1135, 3179, 3708, 1959, 2915, 1442, 3343, 1715, 1172, 621, 5324, 1199, 2218, 5217, 2046, 385, 4953, 4311, 5305, 4496, 4448, 3631, 5176, 528, 806, 832, 4523, 4368, 2061, 3852, 3872, 878, 2944, 3826, 1467, 3920, 2032, 2785, 5312, 850, 4325, 4817, 4528, 4631, 2673, 1419, 4022, 4047, 3515, 1333, 345, 4140, 1753, 2596, 2459, 3492, 4064, 4012, 5284, 1581, 3747, 488, 4902, 3240, 3231, 4660, 2604, 5345, 4926, 2791, 3896, 1491, 62, 5174, 1469, 478, 839, 3052, 5062, 2006, 892, 5043, 3783, 340, 2905, 2423, 3993, 145, 1939, 472, 2728, 1229, 76, 1774, 4168, 646, 3755, 2302, 3833, 2309, 3784, 1300, 4491, 5167, 993, 1136, 4597, 452, 2637, 1828, 1575, 4987, 4857, 33, 5204, 2994, 3956, 3356, 1932, 2, 4439, 3004, 4692, 5417, 2931, 3118, 4801, 2631, 2453, 2649, 4176, 1000, 1371, 959, 4302, 330, 3585, 3258, 4332, 4564, 4725, 4301, 2469, 2933, 955, 3367, 4466, 744, 15, 1582, 2199, 2281, 3882, 4530, 3131, 1808, 3728, 5433, 1145, 2174, 4890, 5229, 1468, 101, 1355, 549, 1262, 1227, 3913, 2762, 5379, 222, 988, 3088, 3480, 1783, 532, 355, 4393, 2369, 5251, 1675, 2025, 2483, 2135, 2924, 665, 1760, 2705, 4338, 2951, 1507, 939, 1243, 1285, 632, 1360, 2827, 624, 3203, 2029, 3607, 3002, 4818, 130, 3381, 3846, 4011, 2056, 1458, 1350, 3758, 4947, 5322, 1059, 1556, 864, 3345, 2939, 3659, 1466, 2067, 4380, 2797, 1076, 431, 1740, 2293, 3737, 1952, 3664, 2632, 1656, 3790, 5410, 4058, 1211, 3445, 4428, 1109, 45, 2456, 2489, 4512, 3275, 3214, 4757, 239, 5109, 2555, 3958, 3740, 1644, 4596, 2331, 3316, 5007, 3371, 3656, 4028, 635, 1926, 995, 5012, 128, 3876, 2063, 758, 3815, 2641, 2374, 3138, 4190, 1850, 954, 4179, 5049, 2669, 3355, 1960, 2016, 2620, 4538, 4407, 5126, 3167, 5169, 403, 811, 65, 121, 968, 1332, 1816, 4324, 4062, 4576, 590, 4201, 3424, 159, 2950, 281, 4615, 2812, 1686, 3514, 2890, 2509, 411, 2992, 149, 3407, 1074, 2071, 1193, 237, 3770, 1809, 4245, 979, 3469, 5231, 4183, 4837, 4502]",113,500,5,False,500
348,numeric,numeric,5,True,True,True,"{2: 108, 1: 104, 5: 89, 4: 74, 3: 118, 0: 7}","[365, 353, 2801, 2313, 4363, 3055, 466, 5179, 4620, 922, 1488, 3354, 1490, 872, 280, 265, 3837, 2759, 5068, 1765, 2589, 1272, 2677, 4079, 926, 4931, 1511, 989, 3357, 999, 2993, 4192, 5431, 5121, 5175, 2470, 2867, 1374, 5434, 4983, 5381, 4304, 3235, 2126, 1748, 3628, 3439, 1615, 5008, 4767, 3479, 862, 3772, 522, 5242, 980, 4258, 3229, 787, 4436, 3886, 4934, 1882, 5154, 3111, 1353, 1329, 299, 1286, 1212, 1588, 4679, 4669, 3495, 1902, 1362, 2606, 5310, 2142, 3632, 1053, 2593, 2740, 2107, 1110, 4029, 5045, 3603, 3962, 2979, 3204, 4830, 774, 3892, 3218, 893, 666, 932, 5118, 1568, 3523, 887, 4114, 3364, 3066, 3312, 2615, 2153, 4142, 5235, 3163, 4793, 1416, 4203, 2523, 238, 1892, 167, 1434, 1240, 3542, 3856, 4008, 390, 1993, 5366, 1494, 5309, 4876, 3467, 4351, 3729, 4213, 1627, 2350, 4418, 1099, 2207, 4350, 4122, 126, 1226, 3346, 485, 461, 4316, 2763, 4212, 538, 2524, 5137, 551, 2803, 2834, 1028, 3465, 4812, 3092, 4874, 3293, 4364, 1540, 4875, 2089, 1533, 3099, 3864, 314, 3853, 5025, 936, 3013, 547, 3527, 1135, 3179, 3708, 1959, 2915, 1442, 3343, 1715, 1172, 621, 5324, 1199, 2218, 5217, 2046, 385, 4953, 4311, 5305, 4496, 4448, 3631, 5176, 528, 806, 832, 4523, 4368, 2061, 3852, 3872, 878, 2944, 3826, 1467, 3920, 2032, 2785, 5312, 850, 4325, 4817, 4528, 4631, 2673, 1419, 4022, 4047, 3515, 1333, 345, 4140, 1753, 2596, 2459, 3492, 4064, 4012, 5284, 1581, 3747, 488, 4902, 3240, 3231, 4660, 2604, 5345, 4926, 2791, 3896, 1491, 62, 5174, 1469, 478, 839, 3052, 5062, 2006, 892, 5043, 3783, 340, 2905, 2423, 3993, 145, 1939, 472, 2728, 1229, 76, 1774, 4168, 646, 3755, 2302, 3833, 2309, 3784, 1300, 4491, 5167, 993, 1136, 4597, 452, 2637, 1828, 1575, 4987, 4857, 33, 5204, 2994, 3956, 3356, 1932, 2, 4439, 3004, 4692, 5417, 2931, 3118, 4801, 2631, 2453, 2649, 4176, 1000, 1371, 959, 4302, 330, 3585, 3258, 4332, 4564, 4725, 4301, 2469, 2933, 955, 3367, 4466, 744, 15, 1582, 2199, 2281, 3882, 4530, 3131, 1808, 3728, 5433, 1145, 2174, 4890, 5229, 1468, 101, 1355, 549, 1262, 1227, 3913, 2762, 5379, 222, 988, 3088, 3480, 1783, 532, 355, 4393, 2369, 5251, 1675, 2025, 2483, 2135, 2924, 665, 1760, 2705, 4338, 2951, 1507, 939, 1243, 1285, 632, 1360, 2827, 624, 3203, 2029, 3607, 3002, 4818, 130, 3381, 3846, 4011, 2056, 1458, 1350, 3758, 4947, 5322, 1059, 1556, 864, 3345, 2939, 3659, 1466, 2067, 4380, 2797, 1076, 431, 1740, 2293, 3737, 1952, 3664, 2632, 1656, 3790, 5410, 4058, 1211, 3445, 4428, 1109, 45, 2456, 2489, 4512, 3275, 3214, 4757, 239, 5109, 2555, 3958, 3740, 1644, 4596, 2331, 3316, 5007, 3371, 3656, 4028, 635, 1926, 995, 5012, 128, 3876, 2063, 758, 3815, 2641, 2374, 3138, 4190, 1850, 954, 4179, 5049, 2669, 3355, 1960, 2016, 2620, 4538, 4407, 5126, 3167, 5169, 403, 811, 65, 121, 968, 1332, 1816, 4324, 4062, 4576, 590, 4201, 3424, 159, 2950, 281, 4615, 2812, 1686, 3514, 2890, 2509, 411, 2992, 149, 3407, 1074, 2071, 1193, 237, 3770, 1809, 4245, 979, 3469, 5231, 4183, 4837, 4502]",348,500,5,False,500
476,description,description,2,True,True,True,"{2: 108, 1: 104, 5: 89, 4: 74, 3: 118, 0: 7}","[365, 353, 2801, 2313, 4363, 3055, 466, 5179, 4620, 922, 1488, 3354, 1490, 872, 280, 265, 3837, 2759, 5068, 1765, 2589, 1272, 2677, 4079, 926, 4931, 1511, 989, 3357, 999, 2993, 4192, 5431, 5121, 5175, 2470, 2867, 1374, 5434, 4983, 5381, 4304, 3235, 2126, 1748, 3628, 3439, 1615, 5008, 4767, 3479, 862, 3772, 522, 5242, 980, 4258, 3229, 787, 4436, 3886, 4934, 1882, 5154, 3111, 1353, 1329, 299, 1286, 1212, 1588, 4679, 4669, 3495, 1902, 1362, 2606, 5310, 2142, 3632, 1053, 2593, 2740, 2107, 1110, 4029, 5045, 3603, 3962, 2979, 3204, 4830, 774, 3892, 3218, 893, 666, 932, 5118, 1568, 3523, 887, 4114, 3364, 3066, 3312, 2615, 2153, 4142, 5235, 3163, 4793, 1416, 4203, 2523, 238, 1892, 167, 1434, 1240, 3542, 3856, 4008, 390, 1993, 5366, 1494, 5309, 4876, 3467, 4351, 3729, 4213, 1627, 2350, 4418, 1099, 2207, 4350, 4122, 126, 1226, 3346, 485, 461, 4316, 2763, 4212, 538, 2524, 5137, 551, 2803, 2834, 1028, 3465, 4812, 3092, 4874, 3293, 4364, 1540, 4875, 2089, 1533, 3099, 3864, 314, 3853, 5025, 936, 3013, 547, 3527, 1135, 3179, 3708, 1959, 2915, 1442, 3343, 1715, 1172, 621, 5324, 1199, 2218, 5217, 2046, 385, 4953, 4311, 5305, 4496, 4448, 3631, 5176, 528, 806, 832, 4523, 4368, 2061, 3852, 3872, 878, 2944, 3826, 1467, 3920, 2032, 2785, 5312, 850, 4325, 4817, 4528, 4631, 2673, 1419, 4022, 4047, 3515, 1333, 345, 4140, 1753, 2596, 2459, 3492, 4064, 4012, 5284, 1581, 3747, 488, 4902, 3240, 3231, 4660, 2604, 5345, 4926, 2791, 3896, 1491, 62, 5174, 1469, 478, 839, 3052, 5062, 2006, 892, 5043, 3783, 340, 2905, 2423, 3993, 145, 1939, 472, 2728, 1229, 76, 1774, 4168, 646, 3755, 2302, 3833, 2309, 3784, 1300, 4491, 5167, 993, 1136, 4597, 452, 2637, 1828, 1575, 4987, 4857, 33, 5204, 2994, 3956, 3356, 1932, 2, 4439, 3004, 4692, 5417, 2931, 3118, 4801, 2631, 2453, 2649, 4176, 1000, 1371, 959, 4302, 330, 3585, 3258, 4332, 4564, 4725, 4301, 2469, 2933, 955, 3367, 4466, 744, 15, 1582, 2199, 2281, 3882, 4530, 3131, 1808, 3728, 5433, 1145, 2174, 4890, 5229, 1468, 101, 1355, 549, 1262, 1227, 3913, 2762, 5379, 222, 988, 3088, 3480, 1783, 532, 355, 4393, 2369, 5251, 1675, 2025, 2483, 2135, 2924, 665, 1760, 2705, 4338, 2951, 1507, 939, 1243, 1285, 632, 1360, 2827, 624, 3203, 2029, 3607, 3002, 4818, 130, 3381, 3846, 4011, 2056, 1458, 1350, 3758, 4947, 5322, 1059, 1556, 864, 3345, 2939, 3659, 1466, 2067, 4380, 2797, 1076, 431, 1740, 2293, 3737, 1952, 3664, 2632, 1656, 3790, 5410, 4058, 1211, 3445, 4428, 1109, 45, 2456, 2489, 4512, 3275, 3214, 4757, 239, 5109, 2555, 3958, 3740, 1644, 4596, 2331, 3316, 5007, 3371, 3656, 4028, 635, 1926, 995, 5012, 128, 3876, 2063, 758, 3815, 2641, 2374, 3138, 4190, 1850, 954, 4179, 5049, 2669, 3355, 1960, 2016, 2620, 4538, 4407, 5126, 3167, 5169, 403, 811, 65, 121, 968, 1332, 1816, 4324, 4062, 4576, 590, 4201, 3424, 159, 2950, 281, 4615, 2812, 1686, 3514, 2890, 2509, 411, 2992, 149, 3407, 1074, 2071, 1193, 237, 3770, 1809, 4245, 979, 3469, 5231, 4183, 4837, 4502]",476,500,5,False,500
64,numeric,location,4,True,False,True,"{2: 108, 1: 104, 5: 89, 4: 74, 3: 118, 0: 7}","[365, 353, 2801, 2313, 4363, 3055, 466, 5179, 4620, 922, 1488, 3354, 1490, 872, 280, 265, 3837, 2759, 5068, 1765, 2589, 1272, 2677, 4079, 926, 4931, 1511, 989, 3357, 999, 2993, 4192, 5431, 5121, 5175, 2470, 2867, 1374, 5434, 4983, 5381, 4304, 3235, 2126, 1748, 3628, 3439, 1615, 5008, 4767, 3479, 862, 3772, 522, 5242, 980, 4258, 3229, 787, 4436, 3886, 4934, 1882, 5154, 3111, 1353, 1329, 299, 1286, 1212, 1588, 4679, 4669, 3495, 1902, 1362, 2606, 5310, 2142, 3632, 1053, 2593, 2740, 2107, 1110, 4029, 5045, 3603, 3962, 2979, 3204, 4830, 774, 3892, 3218, 893, 666, 932, 5118, 1568, 3523, 887, 4114, 3364, 3066, 3312, 2615, 2153, 4142, 5235, 3163, 4793, 1416, 4203, 2523, 238, 1892, 167, 1434, 1240, 3542, 3856, 4008, 390, 1993, 5366, 1494, 5309, 4876, 3467, 4351, 3729, 4213, 1627, 2350, 4418, 1099, 2207, 4350, 4122, 126, 1226, 3346, 485, 461, 4316, 2763, 4212, 538, 2524, 5137, 551, 2803, 2834, 1028, 3465, 4812, 3092, 4874, 3293, 4364, 1540, 4875, 2089, 1533, 3099, 3864, 314, 3853, 5025, 936, 3013, 547, 3527, 1135, 3179, 3708, 1959, 2915, 1442, 3343, 1715, 1172, 621, 5324, 1199, 2218, 5217, 2046, 385, 4953, 4311, 5305, 4496, 4448, 3631, 5176, 528, 806, 832, 4523, 4368, 2061, 3852, 3872, 878, 2944, 3826, 1467, 3920, 2032, 2785, 5312, 850, 4325, 4817, 4528, 4631, 2673, 1419, 4022, 4047, 3515, 1333, 345, 4140, 1753, 2596, 2459, 3492, 4064, 4012, 5284, 1581, 3747, 488, 4902, 3240, 3231, 4660, 2604, 5345, 4926, 2791, 3896, 1491, 62, 5174, 1469, 478, 839, 3052, 5062, 2006, 892, 5043, 3783, 340, 2905, 2423, 3993, 145, 1939, 472, 2728, 1229, 76, 1774, 4168, 646, 3755, 2302, 3833, 2309, 3784, 1300, 4491, 5167, 993, 1136, 4597, 452, 2637, 1828, 1575, 4987, 4857, 33, 5204, 2994, 3956, 3356, 1932, 2, 4439, 3004, 4692, 5417, 2931, 3118, 4801, 2631, 2453, 2649, 4176, 1000, 1371, 959, 4302, 330, 3585, 3258, 4332, 4564, 4725, 4301, 2469, 2933, 955, 3367, 4466, 744, 15, 1582, 2199, 2281, 3882, 4530, 3131, 1808, 3728, 5433, 1145, 2174, 4890, 5229, 1468, 101, 1355, 549, 1262, 1227, 3913, 2762, 5379, 222, 988, 3088, 3480, 1783, 532, 355, 4393, 2369, 5251, 1675, 2025, 2483, 2135, 2924, 665, 1760, 2705, 4338, 2951, 1507, 939, 1243, 1285, 632, 1360, 2827, 624, 3203, 2029, 3607, 3002, 4818, 130, 3381, 3846, 4011, 2056, 1458, 1350, 3758, 4947, 5322, 1059, 1556, 864, 3345, 2939, 3659, 1466, 2067, 4380, 2797, 1076, 431, 1740, 2293, 3737, 1952, 3664, 2632, 1656, 3790, 5410, 4058, 1211, 3445, 4428, 1109, 45, 2456, 2489, 4512, 3275, 3214, 4757, 239, 5109, 2555, 3958, 3740, 1644, 4596, 2331, 3316, 5007, 3371, 3656, 4028, 635, 1926, 995, 5012, 128, 3876, 2063, 758, 3815, 2641, 2374, 3138, 4190, 1850, 954, 4179, 5049, 2669, 3355, 1960, 2016, 2620, 4538, 4407, 5126, 3167, 5169, 403, 811, 65, 121, 968, 1332, 1816, 4324, 4062, 4576, 590, 4201, 3424, 159, 2950, 281, 4615, 2812, 1686, 3514, 2890, 2509, 411, 2992, 149, 3407, 1074, 2071, 1193, 237, 3770, 1809, 4245, 979, 3469, 5231, 4183, 4837, 4502]",64,500,5,False,500
381,human,human,3,True,True,True,"{2: 108, 1: 104, 5: 89, 4: 74, 3: 118, 0: 7}","[365, 353, 2801, 2313, 4363, 3055, 466, 5179, 4620, 922, 1488, 3354, 1490, 872, 280, 265, 3837, 2759, 5068, 1765, 2589, 1272, 2677, 4079, 926, 4931, 1511, 989, 3357, 999, 2993, 4192, 5431, 5121, 5175, 2470, 2867, 1374, 5434, 4983, 5381, 4304, 3235, 2126, 1748, 3628, 3439, 1615, 5008, 4767, 3479, 862, 3772, 522, 5242, 980, 4258, 3229, 787, 4436, 3886, 4934, 1882, 5154, 3111, 1353, 1329, 299, 1286, 1212, 1588, 4679, 4669, 3495, 1902, 1362, 2606, 5310, 2142, 3632, 1053, 2593, 2740, 2107, 1110, 4029, 5045, 3603, 3962, 2979, 3204, 4830, 774, 3892, 3218, 893, 666, 932, 5118, 1568, 3523, 887, 4114, 3364, 3066, 3312, 2615, 2153, 4142, 5235, 3163, 4793, 1416, 4203, 2523, 238, 1892, 167, 1434, 1240, 3542, 3856, 4008, 390, 1993, 5366, 1494, 5309, 4876, 3467, 4351, 3729, 4213, 1627, 2350, 4418, 1099, 2207, 4350, 4122, 126, 1226, 3346, 485, 461, 4316, 2763, 4212, 538, 2524, 5137, 551, 2803, 2834, 1028, 3465, 4812, 3092, 4874, 3293, 4364, 1540, 4875, 2089, 1533, 3099, 3864, 314, 3853, 5025, 936, 3013, 547, 3527, 1135, 3179, 3708, 1959, 2915, 1442, 3343, 1715, 1172, 621, 5324, 1199, 2218, 5217, 2046, 385, 4953, 4311, 5305, 4496, 4448, 3631, 5176, 528, 806, 832, 4523, 4368, 2061, 3852, 3872, 878, 2944, 3826, 1467, 3920, 2032, 2785, 5312, 850, 4325, 4817, 4528, 4631, 2673, 1419, 4022, 4047, 3515, 1333, 345, 4140, 1753, 2596, 2459, 3492, 4064, 4012, 5284, 1581, 3747, 488, 4902, 3240, 3231, 4660, 2604, 5345, 4926, 2791, 3896, 1491, 62, 5174, 1469, 478, 839, 3052, 5062, 2006, 892, 5043, 3783, 340, 2905, 2423, 3993, 145, 1939, 472, 2728, 1229, 76, 1774, 4168, 646, 3755, 2302, 3833, 2309, 3784, 1300, 4491, 5167, 993, 1136, 4597, 452, 2637, 1828, 1575, 4987, 4857, 33, 5204, 2994, 3956, 3356, 1932, 2, 4439, 3004, 4692, 5417, 2931, 3118, 4801, 2631, 2453, 2649, 4176, 1000, 1371, 959, 4302, 330, 3585, 3258, 4332, 4564, 4725, 4301, 2469, 2933, 955, 3367, 4466, 744, 15, 1582, 2199, 2281, 3882, 4530, 3131, 1808, 3728, 5433, 1145, 2174, 4890, 5229, 1468, 101, 1355, 549, 1262, 1227, 3913, 2762, 5379, 222, 988, 3088, 3480, 1783, 532, 355, 4393, 2369, 5251, 1675, 2025, 2483, 2135, 2924, 665, 1760, 2705, 4338, 2951, 1507, 939, 1243, 1285, 632, 1360, 2827, 624, 3203, 2029, 3607, 3002, 4818, 130, 3381, 3846, 4011, 2056, 1458, 1350, 3758, 4947, 5322, 1059, 1556, 864, 3345, 2939, 3659, 1466, 2067, 4380, 2797, 1076, 431, 1740, 2293, 3737, 1952, 3664, 2632, 1656, 3790, 5410, 4058, 1211, 3445, 4428, 1109, 45, 2456, 2489, 4512, 3275, 3214, 4757, 239, 5109, 2555, 3958, 3740, 1644, 4596, 2331, 3316, 5007, 3371, 3656, 4028, 635, 1926, 995, 5012, 128, 3876, 2063, 758, 3815, 2641, 2374, 3138, 4190, 1850, 954, 4179, 5049, 2669, 3355, 1960, 2016, 2620, 4538, 4407, 5126, 3167, 5169, 403, 811, 65, 121, 968, 1332, 1816, 4324, 4062, 4576, 590, 4201, 3424, 159, 2950, 281, 4615, 2812, 1686, 3514, 2890, 2509, 411, 2992, 149, 3407, 1074, 2071, 1193, 237, 3770, 1809, 4245, 979, 3469, 5231, 4183, 4837, 4502]",381,500,5,False,500
59,numeric,numeric,5,True,True,True,"{2: 108, 1: 104, 5: 89, 4: 74, 3: 118, 0: 7}","[365, 353, 2801, 2313, 4363, 3055, 466, 5179, 4620, 922, 1488, 3354, 1490, 872, 280, 265, 3837, 2759, 5068, 1765, 2589, 1272, 2677, 4079, 926, 4931, 1511, 989, 3357, 999, 2993, 4192, 5431, 5121, 5175, 2470, 2867, 1374, 5434, 4983, 5381, 4304, 3235, 2126, 1748, 3628, 3439, 1615, 5008, 4767, 3479, 862, 3772, 522, 5242, 980, 4258, 3229, 787, 4436, 3886, 4934, 1882, 5154, 3111, 1353, 1329, 299, 1286, 1212, 1588, 4679, 4669, 3495, 1902, 1362, 2606, 5310, 2142, 3632, 1053, 2593, 2740, 2107, 1110, 4029, 5045, 3603, 3962, 2979, 3204, 4830, 774, 3892, 3218, 893, 666, 932, 5118, 1568, 3523, 887, 4114, 3364, 3066, 3312, 2615, 2153, 4142, 5235, 3163, 4793, 1416, 4203, 2523, 238, 1892, 167, 1434, 1240, 3542, 3856, 4008, 390, 1993, 5366, 1494, 5309, 4876, 3467, 4351, 3729, 4213, 1627, 2350, 4418, 1099, 2207, 4350, 4122, 126, 1226, 3346, 485, 461, 4316, 2763, 4212, 538, 2524, 5137, 551, 2803, 2834, 1028, 3465, 4812, 3092, 4874, 3293, 4364, 1540, 4875, 2089, 1533, 3099, 3864, 314, 3853, 5025, 936, 3013, 547, 3527, 1135, 3179, 3708, 1959, 2915, 1442, 3343, 1715, 1172, 621, 5324, 1199, 2218, 5217, 2046, 385, 4953, 4311, 5305, 4496, 4448, 3631, 5176, 528, 806, 832, 4523, 4368, 2061, 3852, 3872, 878, 2944, 3826, 1467, 3920, 2032, 2785, 5312, 850, 4325, 4817, 4528, 4631, 2673, 1419, 4022, 4047, 3515, 1333, 345, 4140, 1753, 2596, 2459, 3492, 4064, 4012, 5284, 1581, 3747, 488, 4902, 3240, 3231, 4660, 2604, 5345, 4926, 2791, 3896, 1491, 62, 5174, 1469, 478, 839, 3052, 5062, 2006, 892, 5043, 3783, 340, 2905, 2423, 3993, 145, 1939, 472, 2728, 1229, 76, 1774, 4168, 646, 3755, 2302, 3833, 2309, 3784, 1300, 4491, 5167, 993, 1136, 4597, 452, 2637, 1828, 1575, 4987, 4857, 33, 5204, 2994, 3956, 3356, 1932, 2, 4439, 3004, 4692, 5417, 2931, 3118, 4801, 2631, 2453, 2649, 4176, 1000, 1371, 959, 4302, 330, 3585, 3258, 4332, 4564, 4725, 4301, 2469, 2933, 955, 3367, 4466, 744, 15, 1582, 2199, 2281, 3882, 4530, 3131, 1808, 3728, 5433, 1145, 2174, 4890, 5229, 1468, 101, 1355, 549, 1262, 1227, 3913, 2762, 5379, 222, 988, 3088, 3480, 1783, 532, 355, 4393, 2369, 5251, 1675, 2025, 2483, 2135, 2924, 665, 1760, 2705, 4338, 2951, 1507, 939, 1243, 1285, 632, 1360, 2827, 624, 3203, 2029, 3607, 3002, 4818, 130, 3381, 3846, 4011, 2056, 1458, 1350, 3758, 4947, 5322, 1059, 1556, 864, 3345, 2939, 3659, 1466, 2067, 4380, 2797, 1076, 431, 1740, 2293, 3737, 1952, 3664, 2632, 1656, 3790, 5410, 4058, 1211, 3445, 4428, 1109, 45, 2456, 2489, 4512, 3275, 3214, 4757, 239, 5109, 2555, 3958, 3740, 1644, 4596, 2331, 3316, 5007, 3371, 3656, 4028, 635, 1926, 995, 5012, 128, 3876, 2063, 758, 3815, 2641, 2374, 3138, 4190, 1850, 954, 4179, 5049, 2669, 3355, 1960, 2016, 2620, 4538, 4407, 5126, 3167, 5169, 403, 811, 65, 121, 968, 1332, 1816, 4324, 4062, 4576, 590, 4201, 3424, 159, 2950, 281, 4615, 2812, 1686, 3514, 2890, 2509, 411, 2992, 149, 3407, 1074, 2071, 1193, 237, 3770, 1809, 4245, 979, 3469, 5231, 4183, 4837, 4502]",59,500,5,False,500
491,description,description,2,True,True,True,"{2: 108, 1: 104, 5: 89, 4: 74, 3: 118, 0: 7}","[365, 353, 2801, 2313, 4363, 3055, 466, 5179, 4620, 922, 1488, 3354, 1490, 872, 280, 265, 3837, 2759, 5068, 1765, 2589, 1272, 2677, 4079, 926, 4931, 1511, 989, 3357, 999, 2993, 4192, 5431, 5121, 5175, 2470, 2867, 1374, 5434, 4983, 5381, 4304, 3235, 2126, 1748, 3628, 3439, 1615, 5008, 4767, 3479, 862, 3772, 522, 5242, 980, 4258, 3229, 787, 4436, 3886, 4934, 1882, 5154, 3111, 1353, 1329, 299, 1286, 1212, 1588, 4679, 4669, 3495, 1902, 1362, 2606, 5310, 2142, 3632, 1053, 2593, 2740, 2107, 1110, 4029, 5045, 3603, 3962, 2979, 3204, 4830, 774, 3892, 3218, 893, 666, 932, 5118, 1568, 3523, 887, 4114, 3364, 3066, 3312, 2615, 2153, 4142, 5235, 3163, 4793, 1416, 4203, 2523, 238, 1892, 167, 1434, 1240, 3542, 3856, 4008, 390, 1993, 5366, 1494, 5309, 4876, 3467, 4351, 3729, 4213, 1627, 2350, 4418, 1099, 2207, 4350, 4122, 126, 1226, 3346, 485, 461, 4316, 2763, 4212, 538, 2524, 5137, 551, 2803, 2834, 1028, 3465, 4812, 3092, 4874, 3293, 4364, 1540, 4875, 2089, 1533, 3099, 3864, 314, 3853, 5025, 936, 3013, 547, 3527, 1135, 3179, 3708, 1959, 2915, 1442, 3343, 1715, 1172, 621, 5324, 1199, 2218, 5217, 2046, 385, 4953, 4311, 5305, 4496, 4448, 3631, 5176, 528, 806, 832, 4523, 4368, 2061, 3852, 3872, 878, 2944, 3826, 1467, 3920, 2032, 2785, 5312, 850, 4325, 4817, 4528, 4631, 2673, 1419, 4022, 4047, 3515, 1333, 345, 4140, 1753, 2596, 2459, 3492, 4064, 4012, 5284, 1581, 3747, 488, 4902, 3240, 3231, 4660, 2604, 5345, 4926, 2791, 3896, 1491, 62, 5174, 1469, 478, 839, 3052, 5062, 2006, 892, 5043, 3783, 340, 2905, 2423, 3993, 145, 1939, 472, 2728, 1229, 76, 1774, 4168, 646, 3755, 2302, 3833, 2309, 3784, 1300, 4491, 5167, 993, 1136, 4597, 452, 2637, 1828, 1575, 4987, 4857, 33, 5204, 2994, 3956, 3356, 1932, 2, 4439, 3004, 4692, 5417, 2931, 3118, 4801, 2631, 2453, 2649, 4176, 1000, 1371, 959, 4302, 330, 3585, 3258, 4332, 4564, 4725, 4301, 2469, 2933, 955, 3367, 4466, 744, 15, 1582, 2199, 2281, 3882, 4530, 3131, 1808, 3728, 5433, 1145, 2174, 4890, 5229, 1468, 101, 1355, 549, 1262, 1227, 3913, 2762, 5379, 222, 988, 3088, 3480, 1783, 532, 355, 4393, 2369, 5251, 1675, 2025, 2483, 2135, 2924, 665, 1760, 2705, 4338, 2951, 1507, 939, 1243, 1285, 632, 1360, 2827, 624, 3203, 2029, 3607, 3002, 4818, 130, 3381, 3846, 4011, 2056, 1458, 1350, 3758, 4947, 5322, 1059, 1556, 864, 3345, 2939, 3659, 1466, 2067, 4380, 2797, 1076, 431, 1740, 2293, 3737, 1952, 3664, 2632, 1656, 3790, 5410, 4058, 1211, 3445, 4428, 1109, 45, 2456, 2489, 4512, 3275, 3214, 4757, 239, 5109, 2555, 3958, 3740, 1644, 4596, 2331, 3316, 5007, 3371, 3656, 4028, 635, 1926, 995, 5012, 128, 3876, 2063, 758, 3815, 2641, 2374, 3138, 4190, 1850, 954, 4179, 5049, 2669, 3355, 1960, 2016, 2620, 4538, 4407, 5126, 3167, 5169, 403, 811, 65, 121, 968, 1332, 1816, 4324, 4062, 4576, 590, 4201, 3424, 159, 2950, 281, 4615, 2812, 1686, 3514, 2890, 2509, 411, 2992, 149, 3407, 1074, 2071, 1193, 237, 3770, 1809, 4245, 979, 3469, 5231, 4183, 4837, 4502]",491,500,5,False,500
12,numeric,numeric,5,True,True,True,"{2: 108, 1: 104, 5: 89, 4: 74, 3: 118, 0: 7}","[365, 353, 2801, 2313, 4363, 3055, 466, 5179, 4620, 922, 1488, 3354, 1490, 872, 280, 265, 3837, 2759, 5068, 1765, 2589, 1272, 2677, 4079, 926, 4931, 1511, 989, 3357, 999, 2993, 4192, 5431, 5121, 5175, 2470, 2867, 1374, 5434, 4983, 5381, 4304, 3235, 2126, 1748, 3628, 3439, 1615, 5008, 4767, 3479, 862, 3772, 522, 5242, 980, 4258, 3229, 787, 4436, 3886, 4934, 1882, 5154, 3111, 1353, 1329, 299, 1286, 1212, 1588, 4679, 4669, 3495, 1902, 1362, 2606, 5310, 2142, 3632, 1053, 2593, 2740, 2107, 1110, 4029, 5045, 3603, 3962, 2979, 3204, 4830, 774, 3892, 3218, 893, 666, 932, 5118, 1568, 3523, 887, 4114, 3364, 3066, 3312, 2615, 2153, 4142, 5235, 3163, 4793, 1416, 4203, 2523, 238, 1892, 167, 1434, 1240, 3542, 3856, 4008, 390, 1993, 5366, 1494, 5309, 4876, 3467, 4351, 3729, 4213, 1627, 2350, 4418, 1099, 2207, 4350, 4122, 126, 1226, 3346, 485, 461, 4316, 2763, 4212, 538, 2524, 5137, 551, 2803, 2834, 1028, 3465, 4812, 3092, 4874, 3293, 4364, 1540, 4875, 2089, 1533, 3099, 3864, 314, 3853, 5025, 936, 3013, 547, 3527, 1135, 3179, 3708, 1959, 2915, 1442, 3343, 1715, 1172, 621, 5324, 1199, 2218, 5217, 2046, 385, 4953, 4311, 5305, 4496, 4448, 3631, 5176, 528, 806, 832, 4523, 4368, 2061, 3852, 3872, 878, 2944, 3826, 1467, 3920, 2032, 2785, 5312, 850, 4325, 4817, 4528, 4631, 2673, 1419, 4022, 4047, 3515, 1333, 345, 4140, 1753, 2596, 2459, 3492, 4064, 4012, 5284, 1581, 3747, 488, 4902, 3240, 3231, 4660, 2604, 5345, 4926, 2791, 3896, 1491, 62, 5174, 1469, 478, 839, 3052, 5062, 2006, 892, 5043, 3783, 340, 2905, 2423, 3993, 145, 1939, 472, 2728, 1229, 76, 1774, 4168, 646, 3755, 2302, 3833, 2309, 3784, 1300, 4491, 5167, 993, 1136, 4597, 452, 2637, 1828, 1575, 4987, 4857, 33, 5204, 2994, 3956, 3356, 1932, 2, 4439, 3004, 4692, 5417, 2931, 3118, 4801, 2631, 2453, 2649, 4176, 1000, 1371, 959, 4302, 330, 3585, 3258, 4332, 4564, 4725, 4301, 2469, 2933, 955, 3367, 4466, 744, 15, 1582, 2199, 2281, 3882, 4530, 3131, 1808, 3728, 5433, 1145, 2174, 4890, 5229, 1468, 101, 1355, 549, 1262, 1227, 3913, 2762, 5379, 222, 988, 3088, 3480, 1783, 532, 355, 4393, 2369, 5251, 1675, 2025, 2483, 2135, 2924, 665, 1760, 2705, 4338, 2951, 1507, 939, 1243, 1285, 632, 1360, 2827, 624, 3203, 2029, 3607, 3002, 4818, 130, 3381, 3846, 4011, 2056, 1458, 1350, 3758, 4947, 5322, 1059, 1556, 864, 3345, 2939, 3659, 1466, 2067, 4380, 2797, 1076, 431, 1740, 2293, 3737, 1952, 3664, 2632, 1656, 3790, 5410, 4058, 1211, 3445, 4428, 1109, 45, 2456, 2489, 4512, 3275, 3214, 4757, 239, 5109, 2555, 3958, 3740, 1644, 4596, 2331, 3316, 5007, 3371, 3656, 4028, 635, 1926, 995, 5012, 128, 3876, 2063, 758, 3815, 2641, 2374, 3138, 4190, 1850, 954, 4179, 5049, 2669, 3355, 1960, 2016, 2620, 4538, 4407, 5126, 3167, 5169, 403, 811, 65, 121, 968, 1332, 1816, 4324, 4062, 4576, 590, 4201, 3424, 159, 2950, 281, 4615, 2812, 1686, 3514, 2890, 2509, 411, 2992, 149, 3407, 1074, 2071, 1193, 237, 3770, 1809, 4245, 979, 3469, 5231, 4183, 4837, 4502]",12,500,5,False,500
400,numeric,human,3,True,False,True,"{2: 108, 1: 104, 5: 89, 4: 74, 3: 118, 0: 7}","[365, 353, 2801, 2313, 4363, 3055, 466, 5179, 4620, 922, 1488, 3354, 1490, 872, 280, 265, 3837, 2759, 5068, 1765, 2589, 1272, 2677, 4079, 926, 4931, 1511, 989, 3357, 999, 2993, 4192, 5431, 5121, 5175, 2470, 2867, 1374, 5434, 4983, 5381, 4304, 3235, 2126, 1748, 3628, 3439, 1615, 5008, 4767, 3479, 862, 3772, 522, 5242, 980, 4258, 3229, 787, 4436, 3886, 4934, 1882, 5154, 3111, 1353, 1329, 299, 1286, 1212, 1588, 4679, 4669, 3495, 1902, 1362, 2606, 5310, 2142, 3632, 1053, 2593, 2740, 2107, 1110, 4029, 5045, 3603, 3962, 2979, 3204, 4830, 774, 3892, 3218, 893, 666, 932, 5118, 1568, 3523, 887, 4114, 3364, 3066, 3312, 2615, 2153, 4142, 5235, 3163, 4793, 1416, 4203, 2523, 238, 1892, 167, 1434, 1240, 3542, 3856, 4008, 390, 1993, 5366, 1494, 5309, 4876, 3467, 4351, 3729, 4213, 1627, 2350, 4418, 1099, 2207, 4350, 4122, 126, 1226, 3346, 485, 461, 4316, 2763, 4212, 538, 2524, 5137, 551, 2803, 2834, 1028, 3465, 4812, 3092, 4874, 3293, 4364, 1540, 4875, 2089, 1533, 3099, 3864, 314, 3853, 5025, 936, 3013, 547, 3527, 1135, 3179, 3708, 1959, 2915, 1442, 3343, 1715, 1172, 621, 5324, 1199, 2218, 5217, 2046, 385, 4953, 4311, 5305, 4496, 4448, 3631, 5176, 528, 806, 832, 4523, 4368, 2061, 3852, 3872, 878, 2944, 3826, 1467, 3920, 2032, 2785, 5312, 850, 4325, 4817, 4528, 4631, 2673, 1419, 4022, 4047, 3515, 1333, 345, 4140, 1753, 2596, 2459, 3492, 4064, 4012, 5284, 1581, 3747, 488, 4902, 3240, 3231, 4660, 2604, 5345, 4926, 2791, 3896, 1491, 62, 5174, 1469, 478, 839, 3052, 5062, 2006, 892, 5043, 3783, 340, 2905, 2423, 3993, 145, 1939, 472, 2728, 1229, 76, 1774, 4168, 646, 3755, 2302, 3833, 2309, 3784, 1300, 4491, 5167, 993, 1136, 4597, 452, 2637, 1828, 1575, 4987, 4857, 33, 5204, 2994, 3956, 3356, 1932, 2, 4439, 3004, 4692, 5417, 2931, 3118, 4801, 2631, 2453, 2649, 4176, 1000, 1371, 959, 4302, 330, 3585, 3258, 4332, 4564, 4725, 4301, 2469, 2933, 955, 3367, 4466, 744, 15, 1582, 2199, 2281, 3882, 4530, 3131, 1808, 3728, 5433, 1145, 2174, 4890, 5229, 1468, 101, 1355, 549, 1262, 1227, 3913, 2762, 5379, 222, 988, 3088, 3480, 1783, 532, 355, 4393, 2369, 5251, 1675, 2025, 2483, 2135, 2924, 665, 1760, 2705, 4338, 2951, 1507, 939, 1243, 1285, 632, 1360, 2827, 624, 3203, 2029, 3607, 3002, 4818, 130, 3381, 3846, 4011, 2056, 1458, 1350, 3758, 4947, 5322, 1059, 1556, 864, 3345, 2939, 3659, 1466, 2067, 4380, 2797, 1076, 431, 1740, 2293, 3737, 1952, 3664, 2632, 1656, 3790, 5410, 4058, 1211, 3445, 4428, 1109, 45, 2456, 2489, 4512, 3275, 3214, 4757, 239, 5109, 2555, 3958, 3740, 1644, 4596, 2331, 3316, 5007, 3371, 3656, 4028, 635, 1926, 995, 5012, 128, 3876, 2063, 758, 3815, 2641, 2374, 3138, 4190, 1850, 954, 4179, 5049, 2669, 3355, 1960, 2016, 2620, 4538, 4407, 5126, 3167, 5169, 403, 811, 65, 121, 968, 1332, 1816, 4324, 4062, 4576, 590, 4201, 3424, 159, 2950, 281, 4615, 2812, 1686, 3514, 2890, 2509, 411, 2992, 149, 3407, 1074, 2071, 1193, 237, 3770, 1809, 4245, 979, 3469, 5231, 4183, 4837, 4502]",400,500,5,False,500
469,numeric,description,2,True,False,True,"{2: 108, 1: 104, 5: 89, 4: 74, 3: 118, 0: 7}","[365, 353, 2801, 2313, 4363, 3055, 466, 5179, 4620, 922, 1488, 3354, 1490, 872, 280, 265, 3837, 2759, 5068, 1765, 2589, 1272, 2677, 4079, 926, 4931, 1511, 989, 3357, 999, 2993, 4192, 5431, 5121, 5175, 2470, 2867, 1374, 5434, 4983, 5381, 4304, 3235, 2126, 1748, 3628, 3439, 1615, 5008, 4767, 3479, 862, 3772, 522, 5242, 980, 4258, 3229, 787, 4436, 3886, 4934, 1882, 5154, 3111, 1353, 1329, 299, 1286, 1212, 1588, 4679, 4669, 3495, 1902, 1362, 2606, 5310, 2142, 3632, 1053, 2593, 2740, 2107, 1110, 4029, 5045, 3603, 3962, 2979, 3204, 4830, 774, 3892, 3218, 893, 666, 932, 5118, 1568, 3523, 887, 4114, 3364, 3066, 3312, 2615, 2153, 4142, 5235, 3163, 4793, 1416, 4203, 2523, 238, 1892, 167, 1434, 1240, 3542, 3856, 4008, 390, 1993, 5366, 1494, 5309, 4876, 3467, 4351, 3729, 4213, 1627, 2350, 4418, 1099, 2207, 4350, 4122, 126, 1226, 3346, 485, 461, 4316, 2763, 4212, 538, 2524, 5137, 551, 2803, 2834, 1028, 3465, 4812, 3092, 4874, 3293, 4364, 1540, 4875, 2089, 1533, 3099, 3864, 314, 3853, 5025, 936, 3013, 547, 3527, 1135, 3179, 3708, 1959, 2915, 1442, 3343, 1715, 1172, 621, 5324, 1199, 2218, 5217, 2046, 385, 4953, 4311, 5305, 4496, 4448, 3631, 5176, 528, 806, 832, 4523, 4368, 2061, 3852, 3872, 878, 2944, 3826, 1467, 3920, 2032, 2785, 5312, 850, 4325, 4817, 4528, 4631, 2673, 1419, 4022, 4047, 3515, 1333, 345, 4140, 1753, 2596, 2459, 3492, 4064, 4012, 5284, 1581, 3747, 488, 4902, 3240, 3231, 4660, 2604, 5345, 4926, 2791, 3896, 1491, 62, 5174, 1469, 478, 839, 3052, 5062, 2006, 892, 5043, 3783, 340, 2905, 2423, 3993, 145, 1939, 472, 2728, 1229, 76, 1774, 4168, 646, 3755, 2302, 3833, 2309, 3784, 1300, 4491, 5167, 993, 1136, 4597, 452, 2637, 1828, 1575, 4987, 4857, 33, 5204, 2994, 3956, 3356, 1932, 2, 4439, 3004, 4692, 5417, 2931, 3118, 4801, 2631, 2453, 2649, 4176, 1000, 1371, 959, 4302, 330, 3585, 3258, 4332, 4564, 4725, 4301, 2469, 2933, 955, 3367, 4466, 744, 15, 1582, 2199, 2281, 3882, 4530, 3131, 1808, 3728, 5433, 1145, 2174, 4890, 5229, 1468, 101, 1355, 549, 1262, 1227, 3913, 2762, 5379, 222, 988, 3088, 3480, 1783, 532, 355, 4393, 2369, 5251, 1675, 2025, 2483, 2135, 2924, 665, 1760, 2705, 4338, 2951, 1507, 939, 1243, 1285, 632, 1360, 2827, 624, 3203, 2029, 3607, 3002, 4818, 130, 3381, 3846, 4011, 2056, 1458, 1350, 3758, 4947, 5322, 1059, 1556, 864, 3345, 2939, 3659, 1466, 2067, 4380, 2797, 1076, 431, 1740, 2293, 3737, 1952, 3664, 2632, 1656, 3790, 5410, 4058, 1211, 3445, 4428, 1109, 45, 2456, 2489, 4512, 3275, 3214, 4757, 239, 5109, 2555, 3958, 3740, 1644, 4596, 2331, 3316, 5007, 3371, 3656, 4028, 635, 1926, 995, 5012, 128, 3876, 2063, 758, 3815, 2641, 2374, 3138, 4190, 1850, 954, 4179, 5049, 2669, 3355, 1960, 2016, 2620, 4538, 4407, 5126, 3167, 5169, 403, 811, 65, 121, 968, 1332, 1816, 4324, 4062, 4576, 590, 4201, 3424, 159, 2950, 281, 4615, 2812, 1686, 3514, 2890, 2509, 411, 2992, 149, 3407, 1074, 2071, 1193, 237, 3770, 1809, 4245, 979, 3469, 5231, 4183, 4837, 4502]",469,500,5,False,500
235,description,description,2,True,True,True,"{2: 108, 1: 104, 5: 89, 4: 74, 3: 118, 0: 7}","[365, 353, 2801, 2313, 4363, 3055, 466, 5179, 4620, 922, 1488, 3354, 1490, 872, 280, 265, 3837, 2759, 5068, 1765, 2589, 1272, 2677, 4079, 926, 4931, 1511, 989, 3357, 999, 2993, 4192, 5431, 5121, 5175, 2470, 2867, 1374, 5434, 4983, 5381, 4304, 3235, 2126, 1748, 3628, 3439, 1615, 5008, 4767, 3479, 862, 3772, 522, 5242, 980, 4258, 3229, 787, 4436, 3886, 4934, 1882, 5154, 3111, 1353, 1329, 299, 1286, 1212, 1588, 4679, 4669, 3495, 1902, 1362, 2606, 5310, 2142, 3632, 1053, 2593, 2740, 2107, 1110, 4029, 5045, 3603, 3962, 2979, 3204, 4830, 774, 3892, 3218, 893, 666, 932, 5118, 1568, 3523, 887, 4114, 3364, 3066, 3312, 2615, 2153, 4142, 5235, 3163, 4793, 1416, 4203, 2523, 238, 1892, 167, 1434, 1240, 3542, 3856, 4008, 390, 1993, 5366, 1494, 5309, 4876, 3467, 4351, 3729, 4213, 1627, 2350, 4418, 1099, 2207, 4350, 4122, 126, 1226, 3346, 485, 461, 4316, 2763, 4212, 538, 2524, 5137, 551, 2803, 2834, 1028, 3465, 4812, 3092, 4874, 3293, 4364, 1540, 4875, 2089, 1533, 3099, 3864, 314, 3853, 5025, 936, 3013, 547, 3527, 1135, 3179, 3708, 1959, 2915, 1442, 3343, 1715, 1172, 621, 5324, 1199, 2218, 5217, 2046, 385, 4953, 4311, 5305, 4496, 4448, 3631, 5176, 528, 806, 832, 4523, 4368, 2061, 3852, 3872, 878, 2944, 3826, 1467, 3920, 2032, 2785, 5312, 850, 4325, 4817, 4528, 4631, 2673, 1419, 4022, 4047, 3515, 1333, 345, 4140, 1753, 2596, 2459, 3492, 4064, 4012, 5284, 1581, 3747, 488, 4902, 3240, 3231, 4660, 2604, 5345, 4926, 2791, 3896, 1491, 62, 5174, 1469, 478, 839, 3052, 5062, 2006, 892, 5043, 3783, 340, 2905, 2423, 3993, 145, 1939, 472, 2728, 1229, 76, 1774, 4168, 646, 3755, 2302, 3833, 2309, 3784, 1300, 4491, 5167, 993, 1136, 4597, 452, 2637, 1828, 1575, 4987, 4857, 33, 5204, 2994, 3956, 3356, 1932, 2, 4439, 3004, 4692, 5417, 2931, 3118, 4801, 2631, 2453, 2649, 4176, 1000, 1371, 959, 4302, 330, 3585, 3258, 4332, 4564, 4725, 4301, 2469, 2933, 955, 3367, 4466, 744, 15, 1582, 2199, 2281, 3882, 4530, 3131, 1808, 3728, 5433, 1145, 2174, 4890, 5229, 1468, 101, 1355, 549, 1262, 1227, 3913, 2762, 5379, 222, 988, 3088, 3480, 1783, 532, 355, 4393, 2369, 5251, 1675, 2025, 2483, 2135, 2924, 665, 1760, 2705, 4338, 2951, 1507, 939, 1243, 1285, 632, 1360, 2827, 624, 3203, 2029, 3607, 3002, 4818, 130, 3381, 3846, 4011, 2056, 1458, 1350, 3758, 4947, 5322, 1059, 1556, 864, 3345, 2939, 3659, 1466, 2067, 4380, 2797, 1076, 431, 1740, 2293, 3737, 1952, 3664, 2632, 1656, 3790, 5410, 4058, 1211, 3445, 4428, 1109, 45, 2456, 2489, 4512, 3275, 3214, 4757, 239, 5109, 2555, 3958, 3740, 1644, 4596, 2331, 3316, 5007, 3371, 3656, 4028, 635, 1926, 995, 5012, 128, 3876, 2063, 758, 3815, 2641, 2374, 3138, 4190, 1850, 954, 4179, 5049, 2669, 3355, 1960, 2016, 2620, 4538, 4407, 5126, 3167, 5169, 403, 811, 65, 121, 968, 1332, 1816, 4324, 4062, 4576, 590, 4201, 3424, 159, 2950, 281, 4615, 2812, 1686, 3514, 2890, 2509, 411, 2992, 149, 3407, 1074, 2071, 1193, 237, 3770, 1809, 4245, 979, 3469, 5231, 4183, 4837, 4502]",235,500,5,False,500
288,description,description,2,True,True,True,"{2: 108, 1: 104, 5: 89, 4: 74, 3: 118, 0: 7}","[365, 353, 2801, 2313, 4363, 3055, 466, 5179, 4620, 922, 1488, 3354, 1490, 872, 280, 265, 3837, 2759, 5068, 1765, 2589, 1272, 2677, 4079, 926, 4931, 1511, 989, 3357, 999, 2993, 4192, 5431, 5121, 5175, 2470, 2867, 1374, 5434, 4983, 5381, 4304, 3235, 2126, 1748, 3628, 3439, 1615, 5008, 4767, 3479, 862, 3772, 522, 5242, 980, 4258, 3229, 787, 4436, 3886, 4934, 1882, 5154, 3111, 1353, 1329, 299, 1286, 1212, 1588, 4679, 4669, 3495, 1902, 1362, 2606, 5310, 2142, 3632, 1053, 2593, 2740, 2107, 1110, 4029, 5045, 3603, 3962, 2979, 3204, 4830, 774, 3892, 3218, 893, 666, 932, 5118, 1568, 3523, 887, 4114, 3364, 3066, 3312, 2615, 2153, 4142, 5235, 3163, 4793, 1416, 4203, 2523, 238, 1892, 167, 1434, 1240, 3542, 3856, 4008, 390, 1993, 5366, 1494, 5309, 4876, 3467, 4351, 3729, 4213, 1627, 2350, 4418, 1099, 2207, 4350, 4122, 126, 1226, 3346, 485, 461, 4316, 2763, 4212, 538, 2524, 5137, 551, 2803, 2834, 1028, 3465, 4812, 3092, 4874, 3293, 4364, 1540, 4875, 2089, 1533, 3099, 3864, 314, 3853, 5025, 936, 3013, 547, 3527, 1135, 3179, 3708, 1959, 2915, 1442, 3343, 1715, 1172, 621, 5324, 1199, 2218, 5217, 2046, 385, 4953, 4311, 5305, 4496, 4448, 3631, 5176, 528, 806, 832, 4523, 4368, 2061, 3852, 3872, 878, 2944, 3826, 1467, 3920, 2032, 2785, 5312, 850, 4325, 4817, 4528, 4631, 2673, 1419, 4022, 4047, 3515, 1333, 345, 4140, 1753, 2596, 2459, 3492, 4064, 4012, 5284, 1581, 3747, 488, 4902, 3240, 3231, 4660, 2604, 5345, 4926, 2791, 3896, 1491, 62, 5174, 1469, 478, 839, 3052, 5062, 2006, 892, 5043, 3783, 340, 2905, 2423, 3993, 145, 1939, 472, 2728, 1229, 76, 1774, 4168, 646, 3755, 2302, 3833, 2309, 3784, 1300, 4491, 5167, 993, 1136, 4597, 452, 2637, 1828, 1575, 4987, 4857, 33, 5204, 2994, 3956, 3356, 1932, 2, 4439, 3004, 4692, 5417, 2931, 3118, 4801, 2631, 2453, 2649, 4176, 1000, 1371, 959, 4302, 330, 3585, 3258, 4332, 4564, 4725, 4301, 2469, 2933, 955, 3367, 4466, 744, 15, 1582, 2199, 2281, 3882, 4530, 3131, 1808, 3728, 5433, 1145, 2174, 4890, 5229, 1468, 101, 1355, 549, 1262, 1227, 3913, 2762, 5379, 222, 988, 3088, 3480, 1783, 532, 355, 4393, 2369, 5251, 1675, 2025, 2483, 2135, 2924, 665, 1760, 2705, 4338, 2951, 1507, 939, 1243, 1285, 632, 1360, 2827, 624, 3203, 2029, 3607, 3002, 4818, 130, 3381, 3846, 4011, 2056, 1458, 1350, 3758, 4947, 5322, 1059, 1556, 864, 3345, 2939, 3659, 1466, 2067, 4380, 2797, 1076, 431, 1740, 2293, 3737, 1952, 3664, 2632, 1656, 3790, 5410, 4058, 1211, 3445, 4428, 1109, 45, 2456, 2489, 4512, 3275, 3214, 4757, 239, 5109, 2555, 3958, 3740, 1644, 4596, 2331, 3316, 5007, 3371, 3656, 4028, 635, 1926, 995, 5012, 128, 3876, 2063, 758, 3815, 2641, 2374, 3138, 4190, 1850, 954, 4179, 5049, 2669, 3355, 1960, 2016, 2620, 4538, 4407, 5126, 3167, 5169, 403, 811, 65, 121, 968, 1332, 1816, 4324, 4062, 4576, 590, 4201, 3424, 159, 2950, 281, 4615, 2812, 1686, 3514, 2890, 2509, 411, 2992, 149, 3407, 1074, 2071, 1193, 237, 3770, 1809, 4245, 979, 3469, 5231, 4183, 4837, 4502]",288,500,5,False,500
126,numeric,numeric,5,True,True,True,"{2: 108, 1: 104, 5: 89, 4: 74, 3: 118, 0: 7}","[365, 353, 2801, 2313, 4363, 3055, 466, 5179, 4620, 922, 1488, 3354, 1490, 872, 280, 265, 3837, 2759, 5068, 1765, 2589, 1272, 2677, 4079, 926, 4931, 1511, 989, 3357, 999, 2993, 4192, 5431, 5121, 5175, 2470, 2867, 1374, 5434, 4983, 5381, 4304, 3235, 2126, 1748, 3628, 3439, 1615, 5008, 4767, 3479, 862, 3772, 522, 5242, 980, 4258, 3229, 787, 4436, 3886, 4934, 1882, 5154, 3111, 1353, 1329, 299, 1286, 1212, 1588, 4679, 4669, 3495, 1902, 1362, 2606, 5310, 2142, 3632, 1053, 2593, 2740, 2107, 1110, 4029, 5045, 3603, 3962, 2979, 3204, 4830, 774, 3892, 3218, 893, 666, 932, 5118, 1568, 3523, 887, 4114, 3364, 3066, 3312, 2615, 2153, 4142, 5235, 3163, 4793, 1416, 4203, 2523, 238, 1892, 167, 1434, 1240, 3542, 3856, 4008, 390, 1993, 5366, 1494, 5309, 4876, 3467, 4351, 3729, 4213, 1627, 2350, 4418, 1099, 2207, 4350, 4122, 126, 1226, 3346, 485, 461, 4316, 2763, 4212, 538, 2524, 5137, 551, 2803, 2834, 1028, 3465, 4812, 3092, 4874, 3293, 4364, 1540, 4875, 2089, 1533, 3099, 3864, 314, 3853, 5025, 936, 3013, 547, 3527, 1135, 3179, 3708, 1959, 2915, 1442, 3343, 1715, 1172, 621, 5324, 1199, 2218, 5217, 2046, 385, 4953, 4311, 5305, 4496, 4448, 3631, 5176, 528, 806, 832, 4523, 4368, 2061, 3852, 3872, 878, 2944, 3826, 1467, 3920, 2032, 2785, 5312, 850, 4325, 4817, 4528, 4631, 2673, 1419, 4022, 4047, 3515, 1333, 345, 4140, 1753, 2596, 2459, 3492, 4064, 4012, 5284, 1581, 3747, 488, 4902, 3240, 3231, 4660, 2604, 5345, 4926, 2791, 3896, 1491, 62, 5174, 1469, 478, 839, 3052, 5062, 2006, 892, 5043, 3783, 340, 2905, 2423, 3993, 145, 1939, 472, 2728, 1229, 76, 1774, 4168, 646, 3755, 2302, 3833, 2309, 3784, 1300, 4491, 5167, 993, 1136, 4597, 452, 2637, 1828, 1575, 4987, 4857, 33, 5204, 2994, 3956, 3356, 1932, 2, 4439, 3004, 4692, 5417, 2931, 3118, 4801, 2631, 2453, 2649, 4176, 1000, 1371, 959, 4302, 330, 3585, 3258, 4332, 4564, 4725, 4301, 2469, 2933, 955, 3367, 4466, 744, 15, 1582, 2199, 2281, 3882, 4530, 3131, 1808, 3728, 5433, 1145, 2174, 4890, 5229, 1468, 101, 1355, 549, 1262, 1227, 3913, 2762, 5379, 222, 988, 3088, 3480, 1783, 532, 355, 4393, 2369, 5251, 1675, 2025, 2483, 2135, 2924, 665, 1760, 2705, 4338, 2951, 1507, 939, 1243, 1285, 632, 1360, 2827, 624, 3203, 2029, 3607, 3002, 4818, 130, 3381, 3846, 4011, 2056, 1458, 1350, 3758, 4947, 5322, 1059, 1556, 864, 3345, 2939, 3659, 1466, 2067, 4380, 2797, 1076, 431, 1740, 2293, 3737, 1952, 3664, 2632, 1656, 3790, 5410, 4058, 1211, 3445, 4428, 1109, 45, 2456, 2489, 4512, 3275, 3214, 4757, 239, 5109, 2555, 3958, 3740, 1644, 4596, 2331, 3316, 5007, 3371, 3656, 4028, 635, 1926, 995, 5012, 128, 3876, 2063, 758, 3815, 2641, 2374, 3138, 4190, 1850, 954, 4179, 5049, 2669, 3355, 1960, 2016, 2620, 4538, 4407, 5126, 3167, 5169, 403, 811, 65, 121, 968, 1332, 1816, 4324, 4062, 4576, 590, 4201, 3424, 159, 2950, 281, 4615, 2812, 1686, 3514, 2890, 2509, 411, 2992, 149, 3407, 1074, 2071, 1193, 237, 3770, 1809, 4245, 979, 3469, 5231, 4183, 4837, 4502]",126,500,5,False,500
230,numeric,numeric,5,True,True,True,"{2: 108, 1: 104, 5: 89, 4: 74, 3: 118, 0: 7}","[365, 353, 2801, 2313, 4363, 3055, 466, 5179, 4620, 922, 1488, 3354, 1490, 872, 280, 265, 3837, 2759, 5068, 1765, 2589, 1272, 2677, 4079, 926, 4931, 1511, 989, 3357, 999, 2993, 4192, 5431, 5121, 5175, 2470, 2867, 1374, 5434, 4983, 5381, 4304, 3235, 2126, 1748, 3628, 3439, 1615, 5008, 4767, 3479, 862, 3772, 522, 5242, 980, 4258, 3229, 787, 4436, 3886, 4934, 1882, 5154, 3111, 1353, 1329, 299, 1286, 1212, 1588, 4679, 4669, 3495, 1902, 1362, 2606, 5310, 2142, 3632, 1053, 2593, 2740, 2107, 1110, 4029, 5045, 3603, 3962, 2979, 3204, 4830, 774, 3892, 3218, 893, 666, 932, 5118, 1568, 3523, 887, 4114, 3364, 3066, 3312, 2615, 2153, 4142, 5235, 3163, 4793, 1416, 4203, 2523, 238, 1892, 167, 1434, 1240, 3542, 3856, 4008, 390, 1993, 5366, 1494, 5309, 4876, 3467, 4351, 3729, 4213, 1627, 2350, 4418, 1099, 2207, 4350, 4122, 126, 1226, 3346, 485, 461, 4316, 2763, 4212, 538, 2524, 5137, 551, 2803, 2834, 1028, 3465, 4812, 3092, 4874, 3293, 4364, 1540, 4875, 2089, 1533, 3099, 3864, 314, 3853, 5025, 936, 3013, 547, 3527, 1135, 3179, 3708, 1959, 2915, 1442, 3343, 1715, 1172, 621, 5324, 1199, 2218, 5217, 2046, 385, 4953, 4311, 5305, 4496, 4448, 3631, 5176, 528, 806, 832, 4523, 4368, 2061, 3852, 3872, 878, 2944, 3826, 1467, 3920, 2032, 2785, 5312, 850, 4325, 4817, 4528, 4631, 2673, 1419, 4022, 4047, 3515, 1333, 345, 4140, 1753, 2596, 2459, 3492, 4064, 4012, 5284, 1581, 3747, 488, 4902, 3240, 3231, 4660, 2604, 5345, 4926, 2791, 3896, 1491, 62, 5174, 1469, 478, 839, 3052, 5062, 2006, 892, 5043, 3783, 340, 2905, 2423, 3993, 145, 1939, 472, 2728, 1229, 76, 1774, 4168, 646, 3755, 2302, 3833, 2309, 3784, 1300, 4491, 5167, 993, 1136, 4597, 452, 2637, 1828, 1575, 4987, 4857, 33, 5204, 2994, 3956, 3356, 1932, 2, 4439, 3004, 4692, 5417, 2931, 3118, 4801, 2631, 2453, 2649, 4176, 1000, 1371, 959, 4302, 330, 3585, 3258, 4332, 4564, 4725, 4301, 2469, 2933, 955, 3367, 4466, 744, 15, 1582, 2199, 2281, 3882, 4530, 3131, 1808, 3728, 5433, 1145, 2174, 4890, 5229, 1468, 101, 1355, 549, 1262, 1227, 3913, 2762, 5379, 222, 988, 3088, 3480, 1783, 532, 355, 4393, 2369, 5251, 1675, 2025, 2483, 2135, 2924, 665, 1760, 2705, 4338, 2951, 1507, 939, 1243, 1285, 632, 1360, 2827, 624, 3203, 2029, 3607, 3002, 4818, 130, 3381, 3846, 4011, 2056, 1458, 1350, 3758, 4947, 5322, 1059, 1556, 864, 3345, 2939, 3659, 1466, 2067, 4380, 2797, 1076, 431, 1740, 2293, 3737, 1952, 3664, 2632, 1656, 3790, 5410, 4058, 1211, 3445, 4428, 1109, 45, 2456, 2489, 4512, 3275, 3214, 4757, 239, 5109, 2555, 3958, 3740, 1644, 4596, 2331, 3316, 5007, 3371, 3656, 4028, 635, 1926, 995, 5012, 128, 3876, 2063, 758, 3815, 2641, 2374, 3138, 4190, 1850, 954, 4179, 5049, 2669, 3355, 1960, 2016, 2620, 4538, 4407, 5126, 3167, 5169, 403, 811, 65, 121, 968, 1332, 1816, 4324, 4062, 4576, 590, 4201, 3424, 159, 2950, 281, 4615, 2812, 1686, 3514, 2890, 2509, 411, 2992, 149, 3407, 1074, 2071, 1193, 237, 3770, 1809, 4245, 979, 3469, 5231, 4183, 4837, 4502]",230,500,5,False,500
243,description,description,2,True,True,True,"{2: 108, 1: 104, 5: 89, 4: 74, 3: 118, 0: 7}","[365, 353, 2801, 2313, 4363, 3055, 466, 5179, 4620, 922, 1488, 3354, 1490, 872, 280, 265, 3837, 2759, 5068, 1765, 2589, 1272, 2677, 4079, 926, 4931, 1511, 989, 3357, 999, 2993, 4192, 5431, 5121, 5175, 2470, 2867, 1374, 5434, 4983, 5381, 4304, 3235, 2126, 1748, 3628, 3439, 1615, 5008, 4767, 3479, 862, 3772, 522, 5242, 980, 4258, 3229, 787, 4436, 3886, 4934, 1882, 5154, 3111, 1353, 1329, 299, 1286, 1212, 1588, 4679, 4669, 3495, 1902, 1362, 2606, 5310, 2142, 3632, 1053, 2593, 2740, 2107, 1110, 4029, 5045, 3603, 3962, 2979, 3204, 4830, 774, 3892, 3218, 893, 666, 932, 5118, 1568, 3523, 887, 4114, 3364, 3066, 3312, 2615, 2153, 4142, 5235, 3163, 4793, 1416, 4203, 2523, 238, 1892, 167, 1434, 1240, 3542, 3856, 4008, 390, 1993, 5366, 1494, 5309, 4876, 3467, 4351, 3729, 4213, 1627, 2350, 4418, 1099, 2207, 4350, 4122, 126, 1226, 3346, 485, 461, 4316, 2763, 4212, 538, 2524, 5137, 551, 2803, 2834, 1028, 3465, 4812, 3092, 4874, 3293, 4364, 1540, 4875, 2089, 1533, 3099, 3864, 314, 3853, 5025, 936, 3013, 547, 3527, 1135, 3179, 3708, 1959, 2915, 1442, 3343, 1715, 1172, 621, 5324, 1199, 2218, 5217, 2046, 385, 4953, 4311, 5305, 4496, 4448, 3631, 5176, 528, 806, 832, 4523, 4368, 2061, 3852, 3872, 878, 2944, 3826, 1467, 3920, 2032, 2785, 5312, 850, 4325, 4817, 4528, 4631, 2673, 1419, 4022, 4047, 3515, 1333, 345, 4140, 1753, 2596, 2459, 3492, 4064, 4012, 5284, 1581, 3747, 488, 4902, 3240, 3231, 4660, 2604, 5345, 4926, 2791, 3896, 1491, 62, 5174, 1469, 478, 839, 3052, 5062, 2006, 892, 5043, 3783, 340, 2905, 2423, 3993, 145, 1939, 472, 2728, 1229, 76, 1774, 4168, 646, 3755, 2302, 3833, 2309, 3784, 1300, 4491, 5167, 993, 1136, 4597, 452, 2637, 1828, 1575, 4987, 4857, 33, 5204, 2994, 3956, 3356, 1932, 2, 4439, 3004, 4692, 5417, 2931, 3118, 4801, 2631, 2453, 2649, 4176, 1000, 1371, 959, 4302, 330, 3585, 3258, 4332, 4564, 4725, 4301, 2469, 2933, 955, 3367, 4466, 744, 15, 1582, 2199, 2281, 3882, 4530, 3131, 1808, 3728, 5433, 1145, 2174, 4890, 5229, 1468, 101, 1355, 549, 1262, 1227, 3913, 2762, 5379, 222, 988, 3088, 3480, 1783, 532, 355, 4393, 2369, 5251, 1675, 2025, 2483, 2135, 2924, 665, 1760, 2705, 4338, 2951, 1507, 939, 1243, 1285, 632, 1360, 2827, 624, 3203, 2029, 3607, 3002, 4818, 130, 3381, 3846, 4011, 2056, 1458, 1350, 3758, 4947, 5322, 1059, 1556, 864, 3345, 2939, 3659, 1466, 2067, 4380, 2797, 1076, 431, 1740, 2293, 3737, 1952, 3664, 2632, 1656, 3790, 5410, 4058, 1211, 3445, 4428, 1109, 45, 2456, 2489, 4512, 3275, 3214, 4757, 239, 5109, 2555, 3958, 3740, 1644, 4596, 2331, 3316, 5007, 3371, 3656, 4028, 635, 1926, 995, 5012, 128, 3876, 2063, 758, 3815, 2641, 2374, 3138, 4190, 1850, 954, 4179, 5049, 2669, 3355, 1960, 2016, 2620, 4538, 4407, 5126, 3167, 5169, 403, 811, 65, 121, 968, 1332, 1816, 4324, 4062, 4576, 590, 4201, 3424, 159, 2950, 281, 4615, 2812, 1686, 3514, 2890, 2509, 411, 2992, 149, 3407, 1074, 2071, 1193, 237, 3770, 1809, 4245, 979, 3469, 5231, 4183, 4837, 4502]",243,500,5,False,500
181,description,description,2,True,True,True,"{2: 108, 1: 104, 5: 89, 4: 74, 3: 118, 0: 7}","[365, 353, 2801, 2313, 4363, 3055, 466, 5179, 4620, 922, 1488, 3354, 1490, 872, 280, 265, 3837, 2759, 5068, 1765, 2589, 1272, 2677, 4079, 926, 4931, 1511, 989, 3357, 999, 2993, 4192, 5431, 5121, 5175, 2470, 2867, 1374, 5434, 4983, 5381, 4304, 3235, 2126, 1748, 3628, 3439, 1615, 5008, 4767, 3479, 862, 3772, 522, 5242, 980, 4258, 3229, 787, 4436, 3886, 4934, 1882, 5154, 3111, 1353, 1329, 299, 1286, 1212, 1588, 4679, 4669, 3495, 1902, 1362, 2606, 5310, 2142, 3632, 1053, 2593, 2740, 2107, 1110, 4029, 5045, 3603, 3962, 2979, 3204, 4830, 774, 3892, 3218, 893, 666, 932, 5118, 1568, 3523, 887, 4114, 3364, 3066, 3312, 2615, 2153, 4142, 5235, 3163, 4793, 1416, 4203, 2523, 238, 1892, 167, 1434, 1240, 3542, 3856, 4008, 390, 1993, 5366, 1494, 5309, 4876, 3467, 4351, 3729, 4213, 1627, 2350, 4418, 1099, 2207, 4350, 4122, 126, 1226, 3346, 485, 461, 4316, 2763, 4212, 538, 2524, 5137, 551, 2803, 2834, 1028, 3465, 4812, 3092, 4874, 3293, 4364, 1540, 4875, 2089, 1533, 3099, 3864, 314, 3853, 5025, 936, 3013, 547, 3527, 1135, 3179, 3708, 1959, 2915, 1442, 3343, 1715, 1172, 621, 5324, 1199, 2218, 5217, 2046, 385, 4953, 4311, 5305, 4496, 4448, 3631, 5176, 528, 806, 832, 4523, 4368, 2061, 3852, 3872, 878, 2944, 3826, 1467, 3920, 2032, 2785, 5312, 850, 4325, 4817, 4528, 4631, 2673, 1419, 4022, 4047, 3515, 1333, 345, 4140, 1753, 2596, 2459, 3492, 4064, 4012, 5284, 1581, 3747, 488, 4902, 3240, 3231, 4660, 2604, 5345, 4926, 2791, 3896, 1491, 62, 5174, 1469, 478, 839, 3052, 5062, 2006, 892, 5043, 3783, 340, 2905, 2423, 3993, 145, 1939, 472, 2728, 1229, 76, 1774, 4168, 646, 3755, 2302, 3833, 2309, 3784, 1300, 4491, 5167, 993, 1136, 4597, 452, 2637, 1828, 1575, 4987, 4857, 33, 5204, 2994, 3956, 3356, 1932, 2, 4439, 3004, 4692, 5417, 2931, 3118, 4801, 2631, 2453, 2649, 4176, 1000, 1371, 959, 4302, 330, 3585, 3258, 4332, 4564, 4725, 4301, 2469, 2933, 955, 3367, 4466, 744, 15, 1582, 2199, 2281, 3882, 4530, 3131, 1808, 3728, 5433, 1145, 2174, 4890, 5229, 1468, 101, 1355, 549, 1262, 1227, 3913, 2762, 5379, 222, 988, 3088, 3480, 1783, 532, 355, 4393, 2369, 5251, 1675, 2025, 2483, 2135, 2924, 665, 1760, 2705, 4338, 2951, 1507, 939, 1243, 1285, 632, 1360, 2827, 624, 3203, 2029, 3607, 3002, 4818, 130, 3381, 3846, 4011, 2056, 1458, 1350, 3758, 4947, 5322, 1059, 1556, 864, 3345, 2939, 3659, 1466, 2067, 4380, 2797, 1076, 431, 1740, 2293, 3737, 1952, 3664, 2632, 1656, 3790, 5410, 4058, 1211, 3445, 4428, 1109, 45, 2456, 2489, 4512, 3275, 3214, 4757, 239, 5109, 2555, 3958, 3740, 1644, 4596, 2331, 3316, 5007, 3371, 3656, 4028, 635, 1926, 995, 5012, 128, 3876, 2063, 758, 3815, 2641, 2374, 3138, 4190, 1850, 954, 4179, 5049, 2669, 3355, 1960, 2016, 2620, 4538, 4407, 5126, 3167, 5169, 403, 811, 65, 121, 968, 1332, 1816, 4324, 4062, 4576, 590, 4201, 3424, 159, 2950, 281, 4615, 2812, 1686, 3514, 2890, 2509, 411, 2992, 149, 3407, 1074, 2071, 1193, 237, 3770, 1809, 4245, 979, 3469, 5231, 4183, 4837, 4502]",181,500,5,False,500
182,location,location,4,True,True,True,"{2: 108, 1: 104, 5: 89, 4: 74, 3: 118, 0: 7}","[365, 353, 2801, 2313, 4363, 3055, 466, 5179, 4620, 922, 1488, 3354, 1490, 872, 280, 265, 3837, 2759, 5068, 1765, 2589, 1272, 2677, 4079, 926, 4931, 1511, 989, 3357, 999, 2993, 4192, 5431, 5121, 5175, 2470, 2867, 1374, 5434, 4983, 5381, 4304, 3235, 2126, 1748, 3628, 3439, 1615, 5008, 4767, 3479, 862, 3772, 522, 5242, 980, 4258, 3229, 787, 4436, 3886, 4934, 1882, 5154, 3111, 1353, 1329, 299, 1286, 1212, 1588, 4679, 4669, 3495, 1902, 1362, 2606, 5310, 2142, 3632, 1053, 2593, 2740, 2107, 1110, 4029, 5045, 3603, 3962, 2979, 3204, 4830, 774, 3892, 3218, 893, 666, 932, 5118, 1568, 3523, 887, 4114, 3364, 3066, 3312, 2615, 2153, 4142, 5235, 3163, 4793, 1416, 4203, 2523, 238, 1892, 167, 1434, 1240, 3542, 3856, 4008, 390, 1993, 5366, 1494, 5309, 4876, 3467, 4351, 3729, 4213, 1627, 2350, 4418, 1099, 2207, 4350, 4122, 126, 1226, 3346, 485, 461, 4316, 2763, 4212, 538, 2524, 5137, 551, 2803, 2834, 1028, 3465, 4812, 3092, 4874, 3293, 4364, 1540, 4875, 2089, 1533, 3099, 3864, 314, 3853, 5025, 936, 3013, 547, 3527, 1135, 3179, 3708, 1959, 2915, 1442, 3343, 1715, 1172, 621, 5324, 1199, 2218, 5217, 2046, 385, 4953, 4311, 5305, 4496, 4448, 3631, 5176, 528, 806, 832, 4523, 4368, 2061, 3852, 3872, 878, 2944, 3826, 1467, 3920, 2032, 2785, 5312, 850, 4325, 4817, 4528, 4631, 2673, 1419, 4022, 4047, 3515, 1333, 345, 4140, 1753, 2596, 2459, 3492, 4064, 4012, 5284, 1581, 3747, 488, 4902, 3240, 3231, 4660, 2604, 5345, 4926, 2791, 3896, 1491, 62, 5174, 1469, 478, 839, 3052, 5062, 2006, 892, 5043, 3783, 340, 2905, 2423, 3993, 145, 1939, 472, 2728, 1229, 76, 1774, 4168, 646, 3755, 2302, 3833, 2309, 3784, 1300, 4491, 5167, 993, 1136, 4597, 452, 2637, 1828, 1575, 4987, 4857, 33, 5204, 2994, 3956, 3356, 1932, 2, 4439, 3004, 4692, 5417, 2931, 3118, 4801, 2631, 2453, 2649, 4176, 1000, 1371, 959, 4302, 330, 3585, 3258, 4332, 4564, 4725, 4301, 2469, 2933, 955, 3367, 4466, 744, 15, 1582, 2199, 2281, 3882, 4530, 3131, 1808, 3728, 5433, 1145, 2174, 4890, 5229, 1468, 101, 1355, 549, 1262, 1227, 3913, 2762, 5379, 222, 988, 3088, 3480, 1783, 532, 355, 4393, 2369, 5251, 1675, 2025, 2483, 2135, 2924, 665, 1760, 2705, 4338, 2951, 1507, 939, 1243, 1285, 632, 1360, 2827, 624, 3203, 2029, 3607, 3002, 4818, 130, 3381, 3846, 4011, 2056, 1458, 1350, 3758, 4947, 5322, 1059, 1556, 864, 3345, 2939, 3659, 1466, 2067, 4380, 2797, 1076, 431, 1740, 2293, 3737, 1952, 3664, 2632, 1656, 3790, 5410, 4058, 1211, 3445, 4428, 1109, 45, 2456, 2489, 4512, 3275, 3214, 4757, 239, 5109, 2555, 3958, 3740, 1644, 4596, 2331, 3316, 5007, 3371, 3656, 4028, 635, 1926, 995, 5012, 128, 3876, 2063, 758, 3815, 2641, 2374, 3138, 4190, 1850, 954, 4179, 5049, 2669, 3355, 1960, 2016, 2620, 4538, 4407, 5126, 3167, 5169, 403, 811, 65, 121, 968, 1332, 1816, 4324, 4062, 4576, 590, 4201, 3424, 159, 2950, 281, 4615, 2812, 1686, 3514, 2890, 2509, 411, 2992, 149, 3407, 1074, 2071, 1193, 237, 3770, 1809, 4245, 979, 3469, 5231, 4183, 4837, 4502]",182,500,5,False,500
18,description,description,2,True,True,True,"{2: 108, 1: 104, 5: 89, 4: 74, 3: 118, 0: 7}","[365, 353, 2801, 2313, 4363, 3055, 466, 5179, 4620, 922, 1488, 3354, 1490, 872, 280, 265, 3837, 2759, 5068, 1765, 2589, 1272, 2677, 4079, 926, 4931, 1511, 989, 3357, 999, 2993, 4192, 5431, 5121, 5175, 2470, 2867, 1374, 5434, 4983, 5381, 4304, 3235, 2126, 1748, 3628, 3439, 1615, 5008, 4767, 3479, 862, 3772, 522, 5242, 980, 4258, 3229, 787, 4436, 3886, 4934, 1882, 5154, 3111, 1353, 1329, 299, 1286, 1212, 1588, 4679, 4669, 3495, 1902, 1362, 2606, 5310, 2142, 3632, 1053, 2593, 2740, 2107, 1110, 4029, 5045, 3603, 3962, 2979, 3204, 4830, 774, 3892, 3218, 893, 666, 932, 5118, 1568, 3523, 887, 4114, 3364, 3066, 3312, 2615, 2153, 4142, 5235, 3163, 4793, 1416, 4203, 2523, 238, 1892, 167, 1434, 1240, 3542, 3856, 4008, 390, 1993, 5366, 1494, 5309, 4876, 3467, 4351, 3729, 4213, 1627, 2350, 4418, 1099, 2207, 4350, 4122, 126, 1226, 3346, 485, 461, 4316, 2763, 4212, 538, 2524, 5137, 551, 2803, 2834, 1028, 3465, 4812, 3092, 4874, 3293, 4364, 1540, 4875, 2089, 1533, 3099, 3864, 314, 3853, 5025, 936, 3013, 547, 3527, 1135, 3179, 3708, 1959, 2915, 1442, 3343, 1715, 1172, 621, 5324, 1199, 2218, 5217, 2046, 385, 4953, 4311, 5305, 4496, 4448, 3631, 5176, 528, 806, 832, 4523, 4368, 2061, 3852, 3872, 878, 2944, 3826, 1467, 3920, 2032, 2785, 5312, 850, 4325, 4817, 4528, 4631, 2673, 1419, 4022, 4047, 3515, 1333, 345, 4140, 1753, 2596, 2459, 3492, 4064, 4012, 5284, 1581, 3747, 488, 4902, 3240, 3231, 4660, 2604, 5345, 4926, 2791, 3896, 1491, 62, 5174, 1469, 478, 839, 3052, 5062, 2006, 892, 5043, 3783, 340, 2905, 2423, 3993, 145, 1939, 472, 2728, 1229, 76, 1774, 4168, 646, 3755, 2302, 3833, 2309, 3784, 1300, 4491, 5167, 993, 1136, 4597, 452, 2637, 1828, 1575, 4987, 4857, 33, 5204, 2994, 3956, 3356, 1932, 2, 4439, 3004, 4692, 5417, 2931, 3118, 4801, 2631, 2453, 2649, 4176, 1000, 1371, 959, 4302, 330, 3585, 3258, 4332, 4564, 4725, 4301, 2469, 2933, 955, 3367, 4466, 744, 15, 1582, 2199, 2281, 3882, 4530, 3131, 1808, 3728, 5433, 1145, 2174, 4890, 5229, 1468, 101, 1355, 549, 1262, 1227, 3913, 2762, 5379, 222, 988, 3088, 3480, 1783, 532, 355, 4393, 2369, 5251, 1675, 2025, 2483, 2135, 2924, 665, 1760, 2705, 4338, 2951, 1507, 939, 1243, 1285, 632, 1360, 2827, 624, 3203, 2029, 3607, 3002, 4818, 130, 3381, 3846, 4011, 2056, 1458, 1350, 3758, 4947, 5322, 1059, 1556, 864, 3345, 2939, 3659, 1466, 2067, 4380, 2797, 1076, 431, 1740, 2293, 3737, 1952, 3664, 2632, 1656, 3790, 5410, 4058, 1211, 3445, 4428, 1109, 45, 2456, 2489, 4512, 3275, 3214, 4757, 239, 5109, 2555, 3958, 3740, 1644, 4596, 2331, 3316, 5007, 3371, 3656, 4028, 635, 1926, 995, 5012, 128, 3876, 2063, 758, 3815, 2641, 2374, 3138, 4190, 1850, 954, 4179, 5049, 2669, 3355, 1960, 2016, 2620, 4538, 4407, 5126, 3167, 5169, 403, 811, 65, 121, 968, 1332, 1816, 4324, 4062, 4576, 590, 4201, 3424, 159, 2950, 281, 4615, 2812, 1686, 3514, 2890, 2509, 411, 2992, 149, 3407, 1074, 2071, 1193, 237, 3770, 1809, 4245, 979, 3469, 5231, 4183, 4837, 4502]",18,500,5,False,500
354,description,description,2,True,True,True,"{2: 108, 1: 104, 5: 89, 4: 74, 3: 118, 0: 7}","[365, 353, 2801, 2313, 4363, 3055, 466, 5179, 4620, 922, 1488, 3354, 1490, 872, 280, 265, 3837, 2759, 5068, 1765, 2589, 1272, 2677, 4079, 926, 4931, 1511, 989, 3357, 999, 2993, 4192, 5431, 5121, 5175, 2470, 2867, 1374, 5434, 4983, 5381, 4304, 3235, 2126, 1748, 3628, 3439, 1615, 5008, 4767, 3479, 862, 3772, 522, 5242, 980, 4258, 3229, 787, 4436, 3886, 4934, 1882, 5154, 3111, 1353, 1329, 299, 1286, 1212, 1588, 4679, 4669, 3495, 1902, 1362, 2606, 5310, 2142, 3632, 1053, 2593, 2740, 2107, 1110, 4029, 5045, 3603, 3962, 2979, 3204, 4830, 774, 3892, 3218, 893, 666, 932, 5118, 1568, 3523, 887, 4114, 3364, 3066, 3312, 2615, 2153, 4142, 5235, 3163, 4793, 1416, 4203, 2523, 238, 1892, 167, 1434, 1240, 3542, 3856, 4008, 390, 1993, 5366, 1494, 5309, 4876, 3467, 4351, 3729, 4213, 1627, 2350, 4418, 1099, 2207, 4350, 4122, 126, 1226, 3346, 485, 461, 4316, 2763, 4212, 538, 2524, 5137, 551, 2803, 2834, 1028, 3465, 4812, 3092, 4874, 3293, 4364, 1540, 4875, 2089, 1533, 3099, 3864, 314, 3853, 5025, 936, 3013, 547, 3527, 1135, 3179, 3708, 1959, 2915, 1442, 3343, 1715, 1172, 621, 5324, 1199, 2218, 5217, 2046, 385, 4953, 4311, 5305, 4496, 4448, 3631, 5176, 528, 806, 832, 4523, 4368, 2061, 3852, 3872, 878, 2944, 3826, 1467, 3920, 2032, 2785, 5312, 850, 4325, 4817, 4528, 4631, 2673, 1419, 4022, 4047, 3515, 1333, 345, 4140, 1753, 2596, 2459, 3492, 4064, 4012, 5284, 1581, 3747, 488, 4902, 3240, 3231, 4660, 2604, 5345, 4926, 2791, 3896, 1491, 62, 5174, 1469, 478, 839, 3052, 5062, 2006, 892, 5043, 3783, 340, 2905, 2423, 3993, 145, 1939, 472, 2728, 1229, 76, 1774, 4168, 646, 3755, 2302, 3833, 2309, 3784, 1300, 4491, 5167, 993, 1136, 4597, 452, 2637, 1828, 1575, 4987, 4857, 33, 5204, 2994, 3956, 3356, 1932, 2, 4439, 3004, 4692, 5417, 2931, 3118, 4801, 2631, 2453, 2649, 4176, 1000, 1371, 959, 4302, 330, 3585, 3258, 4332, 4564, 4725, 4301, 2469, 2933, 955, 3367, 4466, 744, 15, 1582, 2199, 2281, 3882, 4530, 3131, 1808, 3728, 5433, 1145, 2174, 4890, 5229, 1468, 101, 1355, 549, 1262, 1227, 3913, 2762, 5379, 222, 988, 3088, 3480, 1783, 532, 355, 4393, 2369, 5251, 1675, 2025, 2483, 2135, 2924, 665, 1760, 2705, 4338, 2951, 1507, 939, 1243, 1285, 632, 1360, 2827, 624, 3203, 2029, 3607, 3002, 4818, 130, 3381, 3846, 4011, 2056, 1458, 1350, 3758, 4947, 5322, 1059, 1556, 864, 3345, 2939, 3659, 1466, 2067, 4380, 2797, 1076, 431, 1740, 2293, 3737, 1952, 3664, 2632, 1656, 3790, 5410, 4058, 1211, 3445, 4428, 1109, 45, 2456, 2489, 4512, 3275, 3214, 4757, 239, 5109, 2555, 3958, 3740, 1644, 4596, 2331, 3316, 5007, 3371, 3656, 4028, 635, 1926, 995, 5012, 128, 3876, 2063, 758, 3815, 2641, 2374, 3138, 4190, 1850, 954, 4179, 5049, 2669, 3355, 1960, 2016, 2620, 4538, 4407, 5126, 3167, 5169, 403, 811, 65, 121, 968, 1332, 1816, 4324, 4062, 4576, 590, 4201, 3424, 159, 2950, 281, 4615, 2812, 1686, 3514, 2890, 2509, 411, 2992, 149, 3407, 1074, 2071, 1193, 237, 3770, 1809, 4245, 979, 3469, 5231, 4183, 4837, 4502]",354,500,5,False,500
466,human,description,2,True,False,True,"{2: 108, 1: 104, 5: 89, 4: 74, 3: 118, 0: 7}","[365, 353, 2801, 2313, 4363, 3055, 466, 5179, 4620, 922, 1488, 3354, 1490, 872, 280, 265, 3837, 2759, 5068, 1765, 2589, 1272, 2677, 4079, 926, 4931, 1511, 989, 3357, 999, 2993, 4192, 5431, 5121, 5175, 2470, 2867, 1374, 5434, 4983, 5381, 4304, 3235, 2126, 1748, 3628, 3439, 1615, 5008, 4767, 3479, 862, 3772, 522, 5242, 980, 4258, 3229, 787, 4436, 3886, 4934, 1882, 5154, 3111, 1353, 1329, 299, 1286, 1212, 1588, 4679, 4669, 3495, 1902, 1362, 2606, 5310, 2142, 3632, 1053, 2593, 2740, 2107, 1110, 4029, 5045, 3603, 3962, 2979, 3204, 4830, 774, 3892, 3218, 893, 666, 932, 5118, 1568, 3523, 887, 4114, 3364, 3066, 3312, 2615, 2153, 4142, 5235, 3163, 4793, 1416, 4203, 2523, 238, 1892, 167, 1434, 1240, 3542, 3856, 4008, 390, 1993, 5366, 1494, 5309, 4876, 3467, 4351, 3729, 4213, 1627, 2350, 4418, 1099, 2207, 4350, 4122, 126, 1226, 3346, 485, 461, 4316, 2763, 4212, 538, 2524, 5137, 551, 2803, 2834, 1028, 3465, 4812, 3092, 4874, 3293, 4364, 1540, 4875, 2089, 1533, 3099, 3864, 314, 3853, 5025, 936, 3013, 547, 3527, 1135, 3179, 3708, 1959, 2915, 1442, 3343, 1715, 1172, 621, 5324, 1199, 2218, 5217, 2046, 385, 4953, 4311, 5305, 4496, 4448, 3631, 5176, 528, 806, 832, 4523, 4368, 2061, 3852, 3872, 878, 2944, 3826, 1467, 3920, 2032, 2785, 5312, 850, 4325, 4817, 4528, 4631, 2673, 1419, 4022, 4047, 3515, 1333, 345, 4140, 1753, 2596, 2459, 3492, 4064, 4012, 5284, 1581, 3747, 488, 4902, 3240, 3231, 4660, 2604, 5345, 4926, 2791, 3896, 1491, 62, 5174, 1469, 478, 839, 3052, 5062, 2006, 892, 5043, 3783, 340, 2905, 2423, 3993, 145, 1939, 472, 2728, 1229, 76, 1774, 4168, 646, 3755, 2302, 3833, 2309, 3784, 1300, 4491, 5167, 993, 1136, 4597, 452, 2637, 1828, 1575, 4987, 4857, 33, 5204, 2994, 3956, 3356, 1932, 2, 4439, 3004, 4692, 5417, 2931, 3118, 4801, 2631, 2453, 2649, 4176, 1000, 1371, 959, 4302, 330, 3585, 3258, 4332, 4564, 4725, 4301, 2469, 2933, 955, 3367, 4466, 744, 15, 1582, 2199, 2281, 3882, 4530, 3131, 1808, 3728, 5433, 1145, 2174, 4890, 5229, 1468, 101, 1355, 549, 1262, 1227, 3913, 2762, 5379, 222, 988, 3088, 3480, 1783, 532, 355, 4393, 2369, 5251, 1675, 2025, 2483, 2135, 2924, 665, 1760, 2705, 4338, 2951, 1507, 939, 1243, 1285, 632, 1360, 2827, 624, 3203, 2029, 3607, 3002, 4818, 130, 3381, 3846, 4011, 2056, 1458, 1350, 3758, 4947, 5322, 1059, 1556, 864, 3345, 2939, 3659, 1466, 2067, 4380, 2797, 1076, 431, 1740, 2293, 3737, 1952, 3664, 2632, 1656, 3790, 5410, 4058, 1211, 3445, 4428, 1109, 45, 2456, 2489, 4512, 3275, 3214, 4757, 239, 5109, 2555, 3958, 3740, 1644, 4596, 2331, 3316, 5007, 3371, 3656, 4028, 635, 1926, 995, 5012, 128, 3876, 2063, 758, 3815, 2641, 2374, 3138, 4190, 1850, 954, 4179, 5049, 2669, 3355, 1960, 2016, 2620, 4538, 4407, 5126, 3167, 5169, 403, 811, 65, 121, 968, 1332, 1816, 4324, 4062, 4576, 590, 4201, 3424, 159, 2950, 281, 4615, 2812, 1686, 3514, 2890, 2509, 411, 2992, 149, 3407, 1074, 2071, 1193, 237, 3770, 1809, 4245, 979, 3469, 5231, 4183, 4837, 4502]",466,500,5,False,500
446,location,location,4,True,True,True,"{2: 108, 1: 104, 5: 89, 4: 74, 3: 118, 0: 7}","[365, 353, 2801, 2313, 4363, 3055, 466, 5179, 4620, 922, 1488, 3354, 1490, 872, 280, 265, 3837, 2759, 5068, 1765, 2589, 1272, 2677, 4079, 926, 4931, 1511, 989, 3357, 999, 2993, 4192, 5431, 5121, 5175, 2470, 2867, 1374, 5434, 4983, 5381, 4304, 3235, 2126, 1748, 3628, 3439, 1615, 5008, 4767, 3479, 862, 3772, 522, 5242, 980, 4258, 3229, 787, 4436, 3886, 4934, 1882, 5154, 3111, 1353, 1329, 299, 1286, 1212, 1588, 4679, 4669, 3495, 1902, 1362, 2606, 5310, 2142, 3632, 1053, 2593, 2740, 2107, 1110, 4029, 5045, 3603, 3962, 2979, 3204, 4830, 774, 3892, 3218, 893, 666, 932, 5118, 1568, 3523, 887, 4114, 3364, 3066, 3312, 2615, 2153, 4142, 5235, 3163, 4793, 1416, 4203, 2523, 238, 1892, 167, 1434, 1240, 3542, 3856, 4008, 390, 1993, 5366, 1494, 5309, 4876, 3467, 4351, 3729, 4213, 1627, 2350, 4418, 1099, 2207, 4350, 4122, 126, 1226, 3346, 485, 461, 4316, 2763, 4212, 538, 2524, 5137, 551, 2803, 2834, 1028, 3465, 4812, 3092, 4874, 3293, 4364, 1540, 4875, 2089, 1533, 3099, 3864, 314, 3853, 5025, 936, 3013, 547, 3527, 1135, 3179, 3708, 1959, 2915, 1442, 3343, 1715, 1172, 621, 5324, 1199, 2218, 5217, 2046, 385, 4953, 4311, 5305, 4496, 4448, 3631, 5176, 528, 806, 832, 4523, 4368, 2061, 3852, 3872, 878, 2944, 3826, 1467, 3920, 2032, 2785, 5312, 850, 4325, 4817, 4528, 4631, 2673, 1419, 4022, 4047, 3515, 1333, 345, 4140, 1753, 2596, 2459, 3492, 4064, 4012, 5284, 1581, 3747, 488, 4902, 3240, 3231, 4660, 2604, 5345, 4926, 2791, 3896, 1491, 62, 5174, 1469, 478, 839, 3052, 5062, 2006, 892, 5043, 3783, 340, 2905, 2423, 3993, 145, 1939, 472, 2728, 1229, 76, 1774, 4168, 646, 3755, 2302, 3833, 2309, 3784, 1300, 4491, 5167, 993, 1136, 4597, 452, 2637, 1828, 1575, 4987, 4857, 33, 5204, 2994, 3956, 3356, 1932, 2, 4439, 3004, 4692, 5417, 2931, 3118, 4801, 2631, 2453, 2649, 4176, 1000, 1371, 959, 4302, 330, 3585, 3258, 4332, 4564, 4725, 4301, 2469, 2933, 955, 3367, 4466, 744, 15, 1582, 2199, 2281, 3882, 4530, 3131, 1808, 3728, 5433, 1145, 2174, 4890, 5229, 1468, 101, 1355, 549, 1262, 1227, 3913, 2762, 5379, 222, 988, 3088, 3480, 1783, 532, 355, 4393, 2369, 5251, 1675, 2025, 2483, 2135, 2924, 665, 1760, 2705, 4338, 2951, 1507, 939, 1243, 1285, 632, 1360, 2827, 624, 3203, 2029, 3607, 3002, 4818, 130, 3381, 3846, 4011, 2056, 1458, 1350, 3758, 4947, 5322, 1059, 1556, 864, 3345, 2939, 3659, 1466, 2067, 4380, 2797, 1076, 431, 1740, 2293, 3737, 1952, 3664, 2632, 1656, 3790, 5410, 4058, 1211, 3445, 4428, 1109, 45, 2456, 2489, 4512, 3275, 3214, 4757, 239, 5109, 2555, 3958, 3740, 1644, 4596, 2331, 3316, 5007, 3371, 3656, 4028, 635, 1926, 995, 5012, 128, 3876, 2063, 758, 3815, 2641, 2374, 3138, 4190, 1850, 954, 4179, 5049, 2669, 3355, 1960, 2016, 2620, 4538, 4407, 5126, 3167, 5169, 403, 811, 65, 121, 968, 1332, 1816, 4324, 4062, 4576, 590, 4201, 3424, 159, 2950, 281, 4615, 2812, 1686, 3514, 2890, 2509, 411, 2992, 149, 3407, 1074, 2071, 1193, 237, 3770, 1809, 4245, 979, 3469, 5231, 4183, 4837, 4502]",446,500,5,False,500
338,location,description,2,True,False,True,"{2: 108, 1: 104, 5: 89, 4: 74, 3: 118, 0: 7}","[365, 353, 2801, 2313, 4363, 3055, 466, 5179, 4620, 922, 1488, 3354, 1490, 872, 280, 265, 3837, 2759, 5068, 1765, 2589, 1272, 2677, 4079, 926, 4931, 1511, 989, 3357, 999, 2993, 4192, 5431, 5121, 5175, 2470, 2867, 1374, 5434, 4983, 5381, 4304, 3235, 2126, 1748, 3628, 3439, 1615, 5008, 4767, 3479, 862, 3772, 522, 5242, 980, 4258, 3229, 787, 4436, 3886, 4934, 1882, 5154, 3111, 1353, 1329, 299, 1286, 1212, 1588, 4679, 4669, 3495, 1902, 1362, 2606, 5310, 2142, 3632, 1053, 2593, 2740, 2107, 1110, 4029, 5045, 3603, 3962, 2979, 3204, 4830, 774, 3892, 3218, 893, 666, 932, 5118, 1568, 3523, 887, 4114, 3364, 3066, 3312, 2615, 2153, 4142, 5235, 3163, 4793, 1416, 4203, 2523, 238, 1892, 167, 1434, 1240, 3542, 3856, 4008, 390, 1993, 5366, 1494, 5309, 4876, 3467, 4351, 3729, 4213, 1627, 2350, 4418, 1099, 2207, 4350, 4122, 126, 1226, 3346, 485, 461, 4316, 2763, 4212, 538, 2524, 5137, 551, 2803, 2834, 1028, 3465, 4812, 3092, 4874, 3293, 4364, 1540, 4875, 2089, 1533, 3099, 3864, 314, 3853, 5025, 936, 3013, 547, 3527, 1135, 3179, 3708, 1959, 2915, 1442, 3343, 1715, 1172, 621, 5324, 1199, 2218, 5217, 2046, 385, 4953, 4311, 5305, 4496, 4448, 3631, 5176, 528, 806, 832, 4523, 4368, 2061, 3852, 3872, 878, 2944, 3826, 1467, 3920, 2032, 2785, 5312, 850, 4325, 4817, 4528, 4631, 2673, 1419, 4022, 4047, 3515, 1333, 345, 4140, 1753, 2596, 2459, 3492, 4064, 4012, 5284, 1581, 3747, 488, 4902, 3240, 3231, 4660, 2604, 5345, 4926, 2791, 3896, 1491, 62, 5174, 1469, 478, 839, 3052, 5062, 2006, 892, 5043, 3783, 340, 2905, 2423, 3993, 145, 1939, 472, 2728, 1229, 76, 1774, 4168, 646, 3755, 2302, 3833, 2309, 3784, 1300, 4491, 5167, 993, 1136, 4597, 452, 2637, 1828, 1575, 4987, 4857, 33, 5204, 2994, 3956, 3356, 1932, 2, 4439, 3004, 4692, 5417, 2931, 3118, 4801, 2631, 2453, 2649, 4176, 1000, 1371, 959, 4302, 330, 3585, 3258, 4332, 4564, 4725, 4301, 2469, 2933, 955, 3367, 4466, 744, 15, 1582, 2199, 2281, 3882, 4530, 3131, 1808, 3728, 5433, 1145, 2174, 4890, 5229, 1468, 101, 1355, 549, 1262, 1227, 3913, 2762, 5379, 222, 988, 3088, 3480, 1783, 532, 355, 4393, 2369, 5251, 1675, 2025, 2483, 2135, 2924, 665, 1760, 2705, 4338, 2951, 1507, 939, 1243, 1285, 632, 1360, 2827, 624, 3203, 2029, 3607, 3002, 4818, 130, 3381, 3846, 4011, 2056, 1458, 1350, 3758, 4947, 5322, 1059, 1556, 864, 3345, 2939, 3659, 1466, 2067, 4380, 2797, 1076, 431, 1740, 2293, 3737, 1952, 3664, 2632, 1656, 3790, 5410, 4058, 1211, 3445, 4428, 1109, 45, 2456, 2489, 4512, 3275, 3214, 4757, 239, 5109, 2555, 3958, 3740, 1644, 4596, 2331, 3316, 5007, 3371, 3656, 4028, 635, 1926, 995, 5012, 128, 3876, 2063, 758, 3815, 2641, 2374, 3138, 4190, 1850, 954, 4179, 5049, 2669, 3355, 1960, 2016, 2620, 4538, 4407, 5126, 3167, 5169, 403, 811, 65, 121, 968, 1332, 1816, 4324, 4062, 4576, 590, 4201, 3424, 159, 2950, 281, 4615, 2812, 1686, 3514, 2890, 2509, 411, 2992, 149, 3407, 1074, 2071, 1193, 237, 3770, 1809, 4245, 979, 3469, 5231, 4183, 4837, 4502]",338,500,5,False,500
118,numeric,numeric,5,True,True,True,"{2: 108, 1: 104, 5: 89, 4: 74, 3: 118, 0: 7}","[365, 353, 2801, 2313, 4363, 3055, 466, 5179, 4620, 922, 1488, 3354, 1490, 872, 280, 265, 3837, 2759, 5068, 1765, 2589, 1272, 2677, 4079, 926, 4931, 1511, 989, 3357, 999, 2993, 4192, 5431, 5121, 5175, 2470, 2867, 1374, 5434, 4983, 5381, 4304, 3235, 2126, 1748, 3628, 3439, 1615, 5008, 4767, 3479, 862, 3772, 522, 5242, 980, 4258, 3229, 787, 4436, 3886, 4934, 1882, 5154, 3111, 1353, 1329, 299, 1286, 1212, 1588, 4679, 4669, 3495, 1902, 1362, 2606, 5310, 2142, 3632, 1053, 2593, 2740, 2107, 1110, 4029, 5045, 3603, 3962, 2979, 3204, 4830, 774, 3892, 3218, 893, 666, 932, 5118, 1568, 3523, 887, 4114, 3364, 3066, 3312, 2615, 2153, 4142, 5235, 3163, 4793, 1416, 4203, 2523, 238, 1892, 167, 1434, 1240, 3542, 3856, 4008, 390, 1993, 5366, 1494, 5309, 4876, 3467, 4351, 3729, 4213, 1627, 2350, 4418, 1099, 2207, 4350, 4122, 126, 1226, 3346, 485, 461, 4316, 2763, 4212, 538, 2524, 5137, 551, 2803, 2834, 1028, 3465, 4812, 3092, 4874, 3293, 4364, 1540, 4875, 2089, 1533, 3099, 3864, 314, 3853, 5025, 936, 3013, 547, 3527, 1135, 3179, 3708, 1959, 2915, 1442, 3343, 1715, 1172, 621, 5324, 1199, 2218, 5217, 2046, 385, 4953, 4311, 5305, 4496, 4448, 3631, 5176, 528, 806, 832, 4523, 4368, 2061, 3852, 3872, 878, 2944, 3826, 1467, 3920, 2032, 2785, 5312, 850, 4325, 4817, 4528, 4631, 2673, 1419, 4022, 4047, 3515, 1333, 345, 4140, 1753, 2596, 2459, 3492, 4064, 4012, 5284, 1581, 3747, 488, 4902, 3240, 3231, 4660, 2604, 5345, 4926, 2791, 3896, 1491, 62, 5174, 1469, 478, 839, 3052, 5062, 2006, 892, 5043, 3783, 340, 2905, 2423, 3993, 145, 1939, 472, 2728, 1229, 76, 1774, 4168, 646, 3755, 2302, 3833, 2309, 3784, 1300, 4491, 5167, 993, 1136, 4597, 452, 2637, 1828, 1575, 4987, 4857, 33, 5204, 2994, 3956, 3356, 1932, 2, 4439, 3004, 4692, 5417, 2931, 3118, 4801, 2631, 2453, 2649, 4176, 1000, 1371, 959, 4302, 330, 3585, 3258, 4332, 4564, 4725, 4301, 2469, 2933, 955, 3367, 4466, 744, 15, 1582, 2199, 2281, 3882, 4530, 3131, 1808, 3728, 5433, 1145, 2174, 4890, 5229, 1468, 101, 1355, 549, 1262, 1227, 3913, 2762, 5379, 222, 988, 3088, 3480, 1783, 532, 355, 4393, 2369, 5251, 1675, 2025, 2483, 2135, 2924, 665, 1760, 2705, 4338, 2951, 1507, 939, 1243, 1285, 632, 1360, 2827, 624, 3203, 2029, 3607, 3002, 4818, 130, 3381, 3846, 4011, 2056, 1458, 1350, 3758, 4947, 5322, 1059, 1556, 864, 3345, 2939, 3659, 1466, 2067, 4380, 2797, 1076, 431, 1740, 2293, 3737, 1952, 3664, 2632, 1656, 3790, 5410, 4058, 1211, 3445, 4428, 1109, 45, 2456, 2489, 4512, 3275, 3214, 4757, 239, 5109, 2555, 3958, 3740, 1644, 4596, 2331, 3316, 5007, 3371, 3656, 4028, 635, 1926, 995, 5012, 128, 3876, 2063, 758, 3815, 2641, 2374, 3138, 4190, 1850, 954, 4179, 5049, 2669, 3355, 1960, 2016, 2620, 4538, 4407, 5126, 3167, 5169, 403, 811, 65, 121, 968, 1332, 1816, 4324, 4062, 4576, 590, 4201, 3424, 159, 2950, 281, 4615, 2812, 1686, 3514, 2890, 2509, 411, 2992, 149, 3407, 1074, 2071, 1193, 237, 3770, 1809, 4245, 979, 3469, 5231, 4183, 4837, 4502]",118,500,5,False,500
223,numeric,entity,1,True,False,True,"{2: 108, 1: 104, 5: 89, 4: 74, 3: 118, 0: 7}","[365, 353, 2801, 2313, 4363, 3055, 466, 5179, 4620, 922, 1488, 3354, 1490, 872, 280, 265, 3837, 2759, 5068, 1765, 2589, 1272, 2677, 4079, 926, 4931, 1511, 989, 3357, 999, 2993, 4192, 5431, 5121, 5175, 2470, 2867, 1374, 5434, 4983, 5381, 4304, 3235, 2126, 1748, 3628, 3439, 1615, 5008, 4767, 3479, 862, 3772, 522, 5242, 980, 4258, 3229, 787, 4436, 3886, 4934, 1882, 5154, 3111, 1353, 1329, 299, 1286, 1212, 1588, 4679, 4669, 3495, 1902, 1362, 2606, 5310, 2142, 3632, 1053, 2593, 2740, 2107, 1110, 4029, 5045, 3603, 3962, 2979, 3204, 4830, 774, 3892, 3218, 893, 666, 932, 5118, 1568, 3523, 887, 4114, 3364, 3066, 3312, 2615, 2153, 4142, 5235, 3163, 4793, 1416, 4203, 2523, 238, 1892, 167, 1434, 1240, 3542, 3856, 4008, 390, 1993, 5366, 1494, 5309, 4876, 3467, 4351, 3729, 4213, 1627, 2350, 4418, 1099, 2207, 4350, 4122, 126, 1226, 3346, 485, 461, 4316, 2763, 4212, 538, 2524, 5137, 551, 2803, 2834, 1028, 3465, 4812, 3092, 4874, 3293, 4364, 1540, 4875, 2089, 1533, 3099, 3864, 314, 3853, 5025, 936, 3013, 547, 3527, 1135, 3179, 3708, 1959, 2915, 1442, 3343, 1715, 1172, 621, 5324, 1199, 2218, 5217, 2046, 385, 4953, 4311, 5305, 4496, 4448, 3631, 5176, 528, 806, 832, 4523, 4368, 2061, 3852, 3872, 878, 2944, 3826, 1467, 3920, 2032, 2785, 5312, 850, 4325, 4817, 4528, 4631, 2673, 1419, 4022, 4047, 3515, 1333, 345, 4140, 1753, 2596, 2459, 3492, 4064, 4012, 5284, 1581, 3747, 488, 4902, 3240, 3231, 4660, 2604, 5345, 4926, 2791, 3896, 1491, 62, 5174, 1469, 478, 839, 3052, 5062, 2006, 892, 5043, 3783, 340, 2905, 2423, 3993, 145, 1939, 472, 2728, 1229, 76, 1774, 4168, 646, 3755, 2302, 3833, 2309, 3784, 1300, 4491, 5167, 993, 1136, 4597, 452, 2637, 1828, 1575, 4987, 4857, 33, 5204, 2994, 3956, 3356, 1932, 2, 4439, 3004, 4692, 5417, 2931, 3118, 4801, 2631, 2453, 2649, 4176, 1000, 1371, 959, 4302, 330, 3585, 3258, 4332, 4564, 4725, 4301, 2469, 2933, 955, 3367, 4466, 744, 15, 1582, 2199, 2281, 3882, 4530, 3131, 1808, 3728, 5433, 1145, 2174, 4890, 5229, 1468, 101, 1355, 549, 1262, 1227, 3913, 2762, 5379, 222, 988, 3088, 3480, 1783, 532, 355, 4393, 2369, 5251, 1675, 2025, 2483, 2135, 2924, 665, 1760, 2705, 4338, 2951, 1507, 939, 1243, 1285, 632, 1360, 2827, 624, 3203, 2029, 3607, 3002, 4818, 130, 3381, 3846, 4011, 2056, 1458, 1350, 3758, 4947, 5322, 1059, 1556, 864, 3345, 2939, 3659, 1466, 2067, 4380, 2797, 1076, 431, 1740, 2293, 3737, 1952, 3664, 2632, 1656, 3790, 5410, 4058, 1211, 3445, 4428, 1109, 45, 2456, 2489, 4512, 3275, 3214, 4757, 239, 5109, 2555, 3958, 3740, 1644, 4596, 2331, 3316, 5007, 3371, 3656, 4028, 635, 1926, 995, 5012, 128, 3876, 2063, 758, 3815, 2641, 2374, 3138, 4190, 1850, 954, 4179, 5049, 2669, 3355, 1960, 2016, 2620, 4538, 4407, 5126, 3167, 5169, 403, 811, 65, 121, 968, 1332, 1816, 4324, 4062, 4576, 590, 4201, 3424, 159, 2950, 281, 4615, 2812, 1686, 3514, 2890, 2509, 411, 2992, 149, 3407, 1074, 2071, 1193, 237, 3770, 1809, 4245, 979, 3469, 5231, 4183, 4837, 4502]",223,500,5,False,500
152,entity,description,2,True,False,True,"{2: 108, 1: 104, 5: 89, 4: 74, 3: 118, 0: 7}","[365, 353, 2801, 2313, 4363, 3055, 466, 5179, 4620, 922, 1488, 3354, 1490, 872, 280, 265, 3837, 2759, 5068, 1765, 2589, 1272, 2677, 4079, 926, 4931, 1511, 989, 3357, 999, 2993, 4192, 5431, 5121, 5175, 2470, 2867, 1374, 5434, 4983, 5381, 4304, 3235, 2126, 1748, 3628, 3439, 1615, 5008, 4767, 3479, 862, 3772, 522, 5242, 980, 4258, 3229, 787, 4436, 3886, 4934, 1882, 5154, 3111, 1353, 1329, 299, 1286, 1212, 1588, 4679, 4669, 3495, 1902, 1362, 2606, 5310, 2142, 3632, 1053, 2593, 2740, 2107, 1110, 4029, 5045, 3603, 3962, 2979, 3204, 4830, 774, 3892, 3218, 893, 666, 932, 5118, 1568, 3523, 887, 4114, 3364, 3066, 3312, 2615, 2153, 4142, 5235, 3163, 4793, 1416, 4203, 2523, 238, 1892, 167, 1434, 1240, 3542, 3856, 4008, 390, 1993, 5366, 1494, 5309, 4876, 3467, 4351, 3729, 4213, 1627, 2350, 4418, 1099, 2207, 4350, 4122, 126, 1226, 3346, 485, 461, 4316, 2763, 4212, 538, 2524, 5137, 551, 2803, 2834, 1028, 3465, 4812, 3092, 4874, 3293, 4364, 1540, 4875, 2089, 1533, 3099, 3864, 314, 3853, 5025, 936, 3013, 547, 3527, 1135, 3179, 3708, 1959, 2915, 1442, 3343, 1715, 1172, 621, 5324, 1199, 2218, 5217, 2046, 385, 4953, 4311, 5305, 4496, 4448, 3631, 5176, 528, 806, 832, 4523, 4368, 2061, 3852, 3872, 878, 2944, 3826, 1467, 3920, 2032, 2785, 5312, 850, 4325, 4817, 4528, 4631, 2673, 1419, 4022, 4047, 3515, 1333, 345, 4140, 1753, 2596, 2459, 3492, 4064, 4012, 5284, 1581, 3747, 488, 4902, 3240, 3231, 4660, 2604, 5345, 4926, 2791, 3896, 1491, 62, 5174, 1469, 478, 839, 3052, 5062, 2006, 892, 5043, 3783, 340, 2905, 2423, 3993, 145, 1939, 472, 2728, 1229, 76, 1774, 4168, 646, 3755, 2302, 3833, 2309, 3784, 1300, 4491, 5167, 993, 1136, 4597, 452, 2637, 1828, 1575, 4987, 4857, 33, 5204, 2994, 3956, 3356, 1932, 2, 4439, 3004, 4692, 5417, 2931, 3118, 4801, 2631, 2453, 2649, 4176, 1000, 1371, 959, 4302, 330, 3585, 3258, 4332, 4564, 4725, 4301, 2469, 2933, 955, 3367, 4466, 744, 15, 1582, 2199, 2281, 3882, 4530, 3131, 1808, 3728, 5433, 1145, 2174, 4890, 5229, 1468, 101, 1355, 549, 1262, 1227, 3913, 2762, 5379, 222, 988, 3088, 3480, 1783, 532, 355, 4393, 2369, 5251, 1675, 2025, 2483, 2135, 2924, 665, 1760, 2705, 4338, 2951, 1507, 939, 1243, 1285, 632, 1360, 2827, 624, 3203, 2029, 3607, 3002, 4818, 130, 3381, 3846, 4011, 2056, 1458, 1350, 3758, 4947, 5322, 1059, 1556, 864, 3345, 2939, 3659, 1466, 2067, 4380, 2797, 1076, 431, 1740, 2293, 3737, 1952, 3664, 2632, 1656, 3790, 5410, 4058, 1211, 3445, 4428, 1109, 45, 2456, 2489, 4512, 3275, 3214, 4757, 239, 5109, 2555, 3958, 3740, 1644, 4596, 2331, 3316, 5007, 3371, 3656, 4028, 635, 1926, 995, 5012, 128, 3876, 2063, 758, 3815, 2641, 2374, 3138, 4190, 1850, 954, 4179, 5049, 2669, 3355, 1960, 2016, 2620, 4538, 4407, 5126, 3167, 5169, 403, 811, 65, 121, 968, 1332, 1816, 4324, 4062, 4576, 590, 4201, 3424, 159, 2950, 281, 4615, 2812, 1686, 3514, 2890, 2509, 411, 2992, 149, 3407, 1074, 2071, 1193, 237, 3770, 1809, 4245, 979, 3469, 5231, 4183, 4837, 4502]",152,500,5,False,500
399,numeric,location,4,True,False,True,"{2: 108, 1: 104, 5: 89, 4: 74, 3: 118, 0: 7}","[365, 353, 2801, 2313, 4363, 3055, 466, 5179, 4620, 922, 1488, 3354, 1490, 872, 280, 265, 3837, 2759, 5068, 1765, 2589, 1272, 2677, 4079, 926, 4931, 1511, 989, 3357, 999, 2993, 4192, 5431, 5121, 5175, 2470, 2867, 1374, 5434, 4983, 5381, 4304, 3235, 2126, 1748, 3628, 3439, 1615, 5008, 4767, 3479, 862, 3772, 522, 5242, 980, 4258, 3229, 787, 4436, 3886, 4934, 1882, 5154, 3111, 1353, 1329, 299, 1286, 1212, 1588, 4679, 4669, 3495, 1902, 1362, 2606, 5310, 2142, 3632, 1053, 2593, 2740, 2107, 1110, 4029, 5045, 3603, 3962, 2979, 3204, 4830, 774, 3892, 3218, 893, 666, 932, 5118, 1568, 3523, 887, 4114, 3364, 3066, 3312, 2615, 2153, 4142, 5235, 3163, 4793, 1416, 4203, 2523, 238, 1892, 167, 1434, 1240, 3542, 3856, 4008, 390, 1993, 5366, 1494, 5309, 4876, 3467, 4351, 3729, 4213, 1627, 2350, 4418, 1099, 2207, 4350, 4122, 126, 1226, 3346, 485, 461, 4316, 2763, 4212, 538, 2524, 5137, 551, 2803, 2834, 1028, 3465, 4812, 3092, 4874, 3293, 4364, 1540, 4875, 2089, 1533, 3099, 3864, 314, 3853, 5025, 936, 3013, 547, 3527, 1135, 3179, 3708, 1959, 2915, 1442, 3343, 1715, 1172, 621, 5324, 1199, 2218, 5217, 2046, 385, 4953, 4311, 5305, 4496, 4448, 3631, 5176, 528, 806, 832, 4523, 4368, 2061, 3852, 3872, 878, 2944, 3826, 1467, 3920, 2032, 2785, 5312, 850, 4325, 4817, 4528, 4631, 2673, 1419, 4022, 4047, 3515, 1333, 345, 4140, 1753, 2596, 2459, 3492, 4064, 4012, 5284, 1581, 3747, 488, 4902, 3240, 3231, 4660, 2604, 5345, 4926, 2791, 3896, 1491, 62, 5174, 1469, 478, 839, 3052, 5062, 2006, 892, 5043, 3783, 340, 2905, 2423, 3993, 145, 1939, 472, 2728, 1229, 76, 1774, 4168, 646, 3755, 2302, 3833, 2309, 3784, 1300, 4491, 5167, 993, 1136, 4597, 452, 2637, 1828, 1575, 4987, 4857, 33, 5204, 2994, 3956, 3356, 1932, 2, 4439, 3004, 4692, 5417, 2931, 3118, 4801, 2631, 2453, 2649, 4176, 1000, 1371, 959, 4302, 330, 3585, 3258, 4332, 4564, 4725, 4301, 2469, 2933, 955, 3367, 4466, 744, 15, 1582, 2199, 2281, 3882, 4530, 3131, 1808, 3728, 5433, 1145, 2174, 4890, 5229, 1468, 101, 1355, 549, 1262, 1227, 3913, 2762, 5379, 222, 988, 3088, 3480, 1783, 532, 355, 4393, 2369, 5251, 1675, 2025, 2483, 2135, 2924, 665, 1760, 2705, 4338, 2951, 1507, 939, 1243, 1285, 632, 1360, 2827, 624, 3203, 2029, 3607, 3002, 4818, 130, 3381, 3846, 4011, 2056, 1458, 1350, 3758, 4947, 5322, 1059, 1556, 864, 3345, 2939, 3659, 1466, 2067, 4380, 2797, 1076, 431, 1740, 2293, 3737, 1952, 3664, 2632, 1656, 3790, 5410, 4058, 1211, 3445, 4428, 1109, 45, 2456, 2489, 4512, 3275, 3214, 4757, 239, 5109, 2555, 3958, 3740, 1644, 4596, 2331, 3316, 5007, 3371, 3656, 4028, 635, 1926, 995, 5012, 128, 3876, 2063, 758, 3815, 2641, 2374, 3138, 4190, 1850, 954, 4179, 5049, 2669, 3355, 1960, 2016, 2620, 4538, 4407, 5126, 3167, 5169, 403, 811, 65, 121, 968, 1332, 1816, 4324, 4062, 4576, 590, 4201, 3424, 159, 2950, 281, 4615, 2812, 1686, 3514, 2890, 2509, 411, 2992, 149, 3407, 1074, 2071, 1193, 237, 3770, 1809, 4245, 979, 3469, 5231, 4183, 4837, 4502]",399,500,5,False,500
215,numeric,entity,1,True,False,True,"{2: 108, 1: 104, 5: 89, 4: 74, 3: 118, 0: 7}","[365, 353, 2801, 2313, 4363, 3055, 466, 5179, 4620, 922, 1488, 3354, 1490, 872, 280, 265, 3837, 2759, 5068, 1765, 2589, 1272, 2677, 4079, 926, 4931, 1511, 989, 3357, 999, 2993, 4192, 5431, 5121, 5175, 2470, 2867, 1374, 5434, 4983, 5381, 4304, 3235, 2126, 1748, 3628, 3439, 1615, 5008, 4767, 3479, 862, 3772, 522, 5242, 980, 4258, 3229, 787, 4436, 3886, 4934, 1882, 5154, 3111, 1353, 1329, 299, 1286, 1212, 1588, 4679, 4669, 3495, 1902, 1362, 2606, 5310, 2142, 3632, 1053, 2593, 2740, 2107, 1110, 4029, 5045, 3603, 3962, 2979, 3204, 4830, 774, 3892, 3218, 893, 666, 932, 5118, 1568, 3523, 887, 4114, 3364, 3066, 3312, 2615, 2153, 4142, 5235, 3163, 4793, 1416, 4203, 2523, 238, 1892, 167, 1434, 1240, 3542, 3856, 4008, 390, 1993, 5366, 1494, 5309, 4876, 3467, 4351, 3729, 4213, 1627, 2350, 4418, 1099, 2207, 4350, 4122, 126, 1226, 3346, 485, 461, 4316, 2763, 4212, 538, 2524, 5137, 551, 2803, 2834, 1028, 3465, 4812, 3092, 4874, 3293, 4364, 1540, 4875, 2089, 1533, 3099, 3864, 314, 3853, 5025, 936, 3013, 547, 3527, 1135, 3179, 3708, 1959, 2915, 1442, 3343, 1715, 1172, 621, 5324, 1199, 2218, 5217, 2046, 385, 4953, 4311, 5305, 4496, 4448, 3631, 5176, 528, 806, 832, 4523, 4368, 2061, 3852, 3872, 878, 2944, 3826, 1467, 3920, 2032, 2785, 5312, 850, 4325, 4817, 4528, 4631, 2673, 1419, 4022, 4047, 3515, 1333, 345, 4140, 1753, 2596, 2459, 3492, 4064, 4012, 5284, 1581, 3747, 488, 4902, 3240, 3231, 4660, 2604, 5345, 4926, 2791, 3896, 1491, 62, 5174, 1469, 478, 839, 3052, 5062, 2006, 892, 5043, 3783, 340, 2905, 2423, 3993, 145, 1939, 472, 2728, 1229, 76, 1774, 4168, 646, 3755, 2302, 3833, 2309, 3784, 1300, 4491, 5167, 993, 1136, 4597, 452, 2637, 1828, 1575, 4987, 4857, 33, 5204, 2994, 3956, 3356, 1932, 2, 4439, 3004, 4692, 5417, 2931, 3118, 4801, 2631, 2453, 2649, 4176, 1000, 1371, 959, 4302, 330, 3585, 3258, 4332, 4564, 4725, 4301, 2469, 2933, 955, 3367, 4466, 744, 15, 1582, 2199, 2281, 3882, 4530, 3131, 1808, 3728, 5433, 1145, 2174, 4890, 5229, 1468, 101, 1355, 549, 1262, 1227, 3913, 2762, 5379, 222, 988, 3088, 3480, 1783, 532, 355, 4393, 2369, 5251, 1675, 2025, 2483, 2135, 2924, 665, 1760, 2705, 4338, 2951, 1507, 939, 1243, 1285, 632, 1360, 2827, 624, 3203, 2029, 3607, 3002, 4818, 130, 3381, 3846, 4011, 2056, 1458, 1350, 3758, 4947, 5322, 1059, 1556, 864, 3345, 2939, 3659, 1466, 2067, 4380, 2797, 1076, 431, 1740, 2293, 3737, 1952, 3664, 2632, 1656, 3790, 5410, 4058, 1211, 3445, 4428, 1109, 45, 2456, 2489, 4512, 3275, 3214, 4757, 239, 5109, 2555, 3958, 3740, 1644, 4596, 2331, 3316, 5007, 3371, 3656, 4028, 635, 1926, 995, 5012, 128, 3876, 2063, 758, 3815, 2641, 2374, 3138, 4190, 1850, 954, 4179, 5049, 2669, 3355, 1960, 2016, 2620, 4538, 4407, 5126, 3167, 5169, 403, 811, 65, 121, 968, 1332, 1816, 4324, 4062, 4576, 590, 4201, 3424, 159, 2950, 281, 4615, 2812, 1686, 3514, 2890, 2509, 411, 2992, 149, 3407, 1074, 2071, 1193, 237, 3770, 1809, 4245, 979, 3469, 5231, 4183, 4837, 4502]",215,500,5,False,500
207,numeric,numeric,5,True,True,True,"{2: 108, 1: 104, 5: 89, 4: 74, 3: 118, 0: 7}","[365, 353, 2801, 2313, 4363, 3055, 466, 5179, 4620, 922, 1488, 3354, 1490, 872, 280, 265, 3837, 2759, 5068, 1765, 2589, 1272, 2677, 4079, 926, 4931, 1511, 989, 3357, 999, 2993, 4192, 5431, 5121, 5175, 2470, 2867, 1374, 5434, 4983, 5381, 4304, 3235, 2126, 1748, 3628, 3439, 1615, 5008, 4767, 3479, 862, 3772, 522, 5242, 980, 4258, 3229, 787, 4436, 3886, 4934, 1882, 5154, 3111, 1353, 1329, 299, 1286, 1212, 1588, 4679, 4669, 3495, 1902, 1362, 2606, 5310, 2142, 3632, 1053, 2593, 2740, 2107, 1110, 4029, 5045, 3603, 3962, 2979, 3204, 4830, 774, 3892, 3218, 893, 666, 932, 5118, 1568, 3523, 887, 4114, 3364, 3066, 3312, 2615, 2153, 4142, 5235, 3163, 4793, 1416, 4203, 2523, 238, 1892, 167, 1434, 1240, 3542, 3856, 4008, 390, 1993, 5366, 1494, 5309, 4876, 3467, 4351, 3729, 4213, 1627, 2350, 4418, 1099, 2207, 4350, 4122, 126, 1226, 3346, 485, 461, 4316, 2763, 4212, 538, 2524, 5137, 551, 2803, 2834, 1028, 3465, 4812, 3092, 4874, 3293, 4364, 1540, 4875, 2089, 1533, 3099, 3864, 314, 3853, 5025, 936, 3013, 547, 3527, 1135, 3179, 3708, 1959, 2915, 1442, 3343, 1715, 1172, 621, 5324, 1199, 2218, 5217, 2046, 385, 4953, 4311, 5305, 4496, 4448, 3631, 5176, 528, 806, 832, 4523, 4368, 2061, 3852, 3872, 878, 2944, 3826, 1467, 3920, 2032, 2785, 5312, 850, 4325, 4817, 4528, 4631, 2673, 1419, 4022, 4047, 3515, 1333, 345, 4140, 1753, 2596, 2459, 3492, 4064, 4012, 5284, 1581, 3747, 488, 4902, 3240, 3231, 4660, 2604, 5345, 4926, 2791, 3896, 1491, 62, 5174, 1469, 478, 839, 3052, 5062, 2006, 892, 5043, 3783, 340, 2905, 2423, 3993, 145, 1939, 472, 2728, 1229, 76, 1774, 4168, 646, 3755, 2302, 3833, 2309, 3784, 1300, 4491, 5167, 993, 1136, 4597, 452, 2637, 1828, 1575, 4987, 4857, 33, 5204, 2994, 3956, 3356, 1932, 2, 4439, 3004, 4692, 5417, 2931, 3118, 4801, 2631, 2453, 2649, 4176, 1000, 1371, 959, 4302, 330, 3585, 3258, 4332, 4564, 4725, 4301, 2469, 2933, 955, 3367, 4466, 744, 15, 1582, 2199, 2281, 3882, 4530, 3131, 1808, 3728, 5433, 1145, 2174, 4890, 5229, 1468, 101, 1355, 549, 1262, 1227, 3913, 2762, 5379, 222, 988, 3088, 3480, 1783, 532, 355, 4393, 2369, 5251, 1675, 2025, 2483, 2135, 2924, 665, 1760, 2705, 4338, 2951, 1507, 939, 1243, 1285, 632, 1360, 2827, 624, 3203, 2029, 3607, 3002, 4818, 130, 3381, 3846, 4011, 2056, 1458, 1350, 3758, 4947, 5322, 1059, 1556, 864, 3345, 2939, 3659, 1466, 2067, 4380, 2797, 1076, 431, 1740, 2293, 3737, 1952, 3664, 2632, 1656, 3790, 5410, 4058, 1211, 3445, 4428, 1109, 45, 2456, 2489, 4512, 3275, 3214, 4757, 239, 5109, 2555, 3958, 3740, 1644, 4596, 2331, 3316, 5007, 3371, 3656, 4028, 635, 1926, 995, 5012, 128, 3876, 2063, 758, 3815, 2641, 2374, 3138, 4190, 1850, 954, 4179, 5049, 2669, 3355, 1960, 2016, 2620, 4538, 4407, 5126, 3167, 5169, 403, 811, 65, 121, 968, 1332, 1816, 4324, 4062, 4576, 590, 4201, 3424, 159, 2950, 281, 4615, 2812, 1686, 3514, 2890, 2509, 411, 2992, 149, 3407, 1074, 2071, 1193, 237, 3770, 1809, 4245, 979, 3469, 5231, 4183, 4837, 4502]",207,500,5,False,500
336,description,description,2,True,True,True,"{2: 108, 1: 104, 5: 89, 4: 74, 3: 118, 0: 7}","[365, 353, 2801, 2313, 4363, 3055, 466, 5179, 4620, 922, 1488, 3354, 1490, 872, 280, 265, 3837, 2759, 5068, 1765, 2589, 1272, 2677, 4079, 926, 4931, 1511, 989, 3357, 999, 2993, 4192, 5431, 5121, 5175, 2470, 2867, 1374, 5434, 4983, 5381, 4304, 3235, 2126, 1748, 3628, 3439, 1615, 5008, 4767, 3479, 862, 3772, 522, 5242, 980, 4258, 3229, 787, 4436, 3886, 4934, 1882, 5154, 3111, 1353, 1329, 299, 1286, 1212, 1588, 4679, 4669, 3495, 1902, 1362, 2606, 5310, 2142, 3632, 1053, 2593, 2740, 2107, 1110, 4029, 5045, 3603, 3962, 2979, 3204, 4830, 774, 3892, 3218, 893, 666, 932, 5118, 1568, 3523, 887, 4114, 3364, 3066, 3312, 2615, 2153, 4142, 5235, 3163, 4793, 1416, 4203, 2523, 238, 1892, 167, 1434, 1240, 3542, 3856, 4008, 390, 1993, 5366, 1494, 5309, 4876, 3467, 4351, 3729, 4213, 1627, 2350, 4418, 1099, 2207, 4350, 4122, 126, 1226, 3346, 485, 461, 4316, 2763, 4212, 538, 2524, 5137, 551, 2803, 2834, 1028, 3465, 4812, 3092, 4874, 3293, 4364, 1540, 4875, 2089, 1533, 3099, 3864, 314, 3853, 5025, 936, 3013, 547, 3527, 1135, 3179, 3708, 1959, 2915, 1442, 3343, 1715, 1172, 621, 5324, 1199, 2218, 5217, 2046, 385, 4953, 4311, 5305, 4496, 4448, 3631, 5176, 528, 806, 832, 4523, 4368, 2061, 3852, 3872, 878, 2944, 3826, 1467, 3920, 2032, 2785, 5312, 850, 4325, 4817, 4528, 4631, 2673, 1419, 4022, 4047, 3515, 1333, 345, 4140, 1753, 2596, 2459, 3492, 4064, 4012, 5284, 1581, 3747, 488, 4902, 3240, 3231, 4660, 2604, 5345, 4926, 2791, 3896, 1491, 62, 5174, 1469, 478, 839, 3052, 5062, 2006, 892, 5043, 3783, 340, 2905, 2423, 3993, 145, 1939, 472, 2728, 1229, 76, 1774, 4168, 646, 3755, 2302, 3833, 2309, 3784, 1300, 4491, 5167, 993, 1136, 4597, 452, 2637, 1828, 1575, 4987, 4857, 33, 5204, 2994, 3956, 3356, 1932, 2, 4439, 3004, 4692, 5417, 2931, 3118, 4801, 2631, 2453, 2649, 4176, 1000, 1371, 959, 4302, 330, 3585, 3258, 4332, 4564, 4725, 4301, 2469, 2933, 955, 3367, 4466, 744, 15, 1582, 2199, 2281, 3882, 4530, 3131, 1808, 3728, 5433, 1145, 2174, 4890, 5229, 1468, 101, 1355, 549, 1262, 1227, 3913, 2762, 5379, 222, 988, 3088, 3480, 1783, 532, 355, 4393, 2369, 5251, 1675, 2025, 2483, 2135, 2924, 665, 1760, 2705, 4338, 2951, 1507, 939, 1243, 1285, 632, 1360, 2827, 624, 3203, 2029, 3607, 3002, 4818, 130, 3381, 3846, 4011, 2056, 1458, 1350, 3758, 4947, 5322, 1059, 1556, 864, 3345, 2939, 3659, 1466, 2067, 4380, 2797, 1076, 431, 1740, 2293, 3737, 1952, 3664, 2632, 1656, 3790, 5410, 4058, 1211, 3445, 4428, 1109, 45, 2456, 2489, 4512, 3275, 3214, 4757, 239, 5109, 2555, 3958, 3740, 1644, 4596, 2331, 3316, 5007, 3371, 3656, 4028, 635, 1926, 995, 5012, 128, 3876, 2063, 758, 3815, 2641, 2374, 3138, 4190, 1850, 954, 4179, 5049, 2669, 3355, 1960, 2016, 2620, 4538, 4407, 5126, 3167, 5169, 403, 811, 65, 121, 968, 1332, 1816, 4324, 4062, 4576, 590, 4201, 3424, 159, 2950, 281, 4615, 2812, 1686, 3514, 2890, 2509, 411, 2992, 149, 3407, 1074, 2071, 1193, 237, 3770, 1809, 4245, 979, 3469, 5231, 4183, 4837, 4502]",336,500,5,False,500
211,numeric,numeric,5,True,True,True,"{2: 108, 1: 104, 5: 89, 4: 74, 3: 118, 0: 7}","[365, 353, 2801, 2313, 4363, 3055, 466, 5179, 4620, 922, 1488, 3354, 1490, 872, 280, 265, 3837, 2759, 5068, 1765, 2589, 1272, 2677, 4079, 926, 4931, 1511, 989, 3357, 999, 2993, 4192, 5431, 5121, 5175, 2470, 2867, 1374, 5434, 4983, 5381, 4304, 3235, 2126, 1748, 3628, 3439, 1615, 5008, 4767, 3479, 862, 3772, 522, 5242, 980, 4258, 3229, 787, 4436, 3886, 4934, 1882, 5154, 3111, 1353, 1329, 299, 1286, 1212, 1588, 4679, 4669, 3495, 1902, 1362, 2606, 5310, 2142, 3632, 1053, 2593, 2740, 2107, 1110, 4029, 5045, 3603, 3962, 2979, 3204, 4830, 774, 3892, 3218, 893, 666, 932, 5118, 1568, 3523, 887, 4114, 3364, 3066, 3312, 2615, 2153, 4142, 5235, 3163, 4793, 1416, 4203, 2523, 238, 1892, 167, 1434, 1240, 3542, 3856, 4008, 390, 1993, 5366, 1494, 5309, 4876, 3467, 4351, 3729, 4213, 1627, 2350, 4418, 1099, 2207, 4350, 4122, 126, 1226, 3346, 485, 461, 4316, 2763, 4212, 538, 2524, 5137, 551, 2803, 2834, 1028, 3465, 4812, 3092, 4874, 3293, 4364, 1540, 4875, 2089, 1533, 3099, 3864, 314, 3853, 5025, 936, 3013, 547, 3527, 1135, 3179, 3708, 1959, 2915, 1442, 3343, 1715, 1172, 621, 5324, 1199, 2218, 5217, 2046, 385, 4953, 4311, 5305, 4496, 4448, 3631, 5176, 528, 806, 832, 4523, 4368, 2061, 3852, 3872, 878, 2944, 3826, 1467, 3920, 2032, 2785, 5312, 850, 4325, 4817, 4528, 4631, 2673, 1419, 4022, 4047, 3515, 1333, 345, 4140, 1753, 2596, 2459, 3492, 4064, 4012, 5284, 1581, 3747, 488, 4902, 3240, 3231, 4660, 2604, 5345, 4926, 2791, 3896, 1491, 62, 5174, 1469, 478, 839, 3052, 5062, 2006, 892, 5043, 3783, 340, 2905, 2423, 3993, 145, 1939, 472, 2728, 1229, 76, 1774, 4168, 646, 3755, 2302, 3833, 2309, 3784, 1300, 4491, 5167, 993, 1136, 4597, 452, 2637, 1828, 1575, 4987, 4857, 33, 5204, 2994, 3956, 3356, 1932, 2, 4439, 3004, 4692, 5417, 2931, 3118, 4801, 2631, 2453, 2649, 4176, 1000, 1371, 959, 4302, 330, 3585, 3258, 4332, 4564, 4725, 4301, 2469, 2933, 955, 3367, 4466, 744, 15, 1582, 2199, 2281, 3882, 4530, 3131, 1808, 3728, 5433, 1145, 2174, 4890, 5229, 1468, 101, 1355, 549, 1262, 1227, 3913, 2762, 5379, 222, 988, 3088, 3480, 1783, 532, 355, 4393, 2369, 5251, 1675, 2025, 2483, 2135, 2924, 665, 1760, 2705, 4338, 2951, 1507, 939, 1243, 1285, 632, 1360, 2827, 624, 3203, 2029, 3607, 3002, 4818, 130, 3381, 3846, 4011, 2056, 1458, 1350, 3758, 4947, 5322, 1059, 1556, 864, 3345, 2939, 3659, 1466, 2067, 4380, 2797, 1076, 431, 1740, 2293, 3737, 1952, 3664, 2632, 1656, 3790, 5410, 4058, 1211, 3445, 4428, 1109, 45, 2456, 2489, 4512, 3275, 3214, 4757, 239, 5109, 2555, 3958, 3740, 1644, 4596, 2331, 3316, 5007, 3371, 3656, 4028, 635, 1926, 995, 5012, 128, 3876, 2063, 758, 3815, 2641, 2374, 3138, 4190, 1850, 954, 4179, 5049, 2669, 3355, 1960, 2016, 2620, 4538, 4407, 5126, 3167, 5169, 403, 811, 65, 121, 968, 1332, 1816, 4324, 4062, 4576, 590, 4201, 3424, 159, 2950, 281, 4615, 2812, 1686, 3514, 2890, 2509, 411, 2992, 149, 3407, 1074, 2071, 1193, 237, 3770, 1809, 4245, 979, 3469, 5231, 4183, 4837, 4502]",211,500,5,False,500
44,numeric,entity,1,True,False,True,"{2: 108, 1: 104, 5: 89, 4: 74, 3: 118, 0: 7}","[365, 353, 2801, 2313, 4363, 3055, 466, 5179, 4620, 922, 1488, 3354, 1490, 872, 280, 265, 3837, 2759, 5068, 1765, 2589, 1272, 2677, 4079, 926, 4931, 1511, 989, 3357, 999, 2993, 4192, 5431, 5121, 5175, 2470, 2867, 1374, 5434, 4983, 5381, 4304, 3235, 2126, 1748, 3628, 3439, 1615, 5008, 4767, 3479, 862, 3772, 522, 5242, 980, 4258, 3229, 787, 4436, 3886, 4934, 1882, 5154, 3111, 1353, 1329, 299, 1286, 1212, 1588, 4679, 4669, 3495, 1902, 1362, 2606, 5310, 2142, 3632, 1053, 2593, 2740, 2107, 1110, 4029, 5045, 3603, 3962, 2979, 3204, 4830, 774, 3892, 3218, 893, 666, 932, 5118, 1568, 3523, 887, 4114, 3364, 3066, 3312, 2615, 2153, 4142, 5235, 3163, 4793, 1416, 4203, 2523, 238, 1892, 167, 1434, 1240, 3542, 3856, 4008, 390, 1993, 5366, 1494, 5309, 4876, 3467, 4351, 3729, 4213, 1627, 2350, 4418, 1099, 2207, 4350, 4122, 126, 1226, 3346, 485, 461, 4316, 2763, 4212, 538, 2524, 5137, 551, 2803, 2834, 1028, 3465, 4812, 3092, 4874, 3293, 4364, 1540, 4875, 2089, 1533, 3099, 3864, 314, 3853, 5025, 936, 3013, 547, 3527, 1135, 3179, 3708, 1959, 2915, 1442, 3343, 1715, 1172, 621, 5324, 1199, 2218, 5217, 2046, 385, 4953, 4311, 5305, 4496, 4448, 3631, 5176, 528, 806, 832, 4523, 4368, 2061, 3852, 3872, 878, 2944, 3826, 1467, 3920, 2032, 2785, 5312, 850, 4325, 4817, 4528, 4631, 2673, 1419, 4022, 4047, 3515, 1333, 345, 4140, 1753, 2596, 2459, 3492, 4064, 4012, 5284, 1581, 3747, 488, 4902, 3240, 3231, 4660, 2604, 5345, 4926, 2791, 3896, 1491, 62, 5174, 1469, 478, 839, 3052, 5062, 2006, 892, 5043, 3783, 340, 2905, 2423, 3993, 145, 1939, 472, 2728, 1229, 76, 1774, 4168, 646, 3755, 2302, 3833, 2309, 3784, 1300, 4491, 5167, 993, 1136, 4597, 452, 2637, 1828, 1575, 4987, 4857, 33, 5204, 2994, 3956, 3356, 1932, 2, 4439, 3004, 4692, 5417, 2931, 3118, 4801, 2631, 2453, 2649, 4176, 1000, 1371, 959, 4302, 330, 3585, 3258, 4332, 4564, 4725, 4301, 2469, 2933, 955, 3367, 4466, 744, 15, 1582, 2199, 2281, 3882, 4530, 3131, 1808, 3728, 5433, 1145, 2174, 4890, 5229, 1468, 101, 1355, 549, 1262, 1227, 3913, 2762, 5379, 222, 988, 3088, 3480, 1783, 532, 355, 4393, 2369, 5251, 1675, 2025, 2483, 2135, 2924, 665, 1760, 2705, 4338, 2951, 1507, 939, 1243, 1285, 632, 1360, 2827, 624, 3203, 2029, 3607, 3002, 4818, 130, 3381, 3846, 4011, 2056, 1458, 1350, 3758, 4947, 5322, 1059, 1556, 864, 3345, 2939, 3659, 1466, 2067, 4380, 2797, 1076, 431, 1740, 2293, 3737, 1952, 3664, 2632, 1656, 3790, 5410, 4058, 1211, 3445, 4428, 1109, 45, 2456, 2489, 4512, 3275, 3214, 4757, 239, 5109, 2555, 3958, 3740, 1644, 4596, 2331, 3316, 5007, 3371, 3656, 4028, 635, 1926, 995, 5012, 128, 3876, 2063, 758, 3815, 2641, 2374, 3138, 4190, 1850, 954, 4179, 5049, 2669, 3355, 1960, 2016, 2620, 4538, 4407, 5126, 3167, 5169, 403, 811, 65, 121, 968, 1332, 1816, 4324, 4062, 4576, 590, 4201, 3424, 159, 2950, 281, 4615, 2812, 1686, 3514, 2890, 2509, 411, 2992, 149, 3407, 1074, 2071, 1193, 237, 3770, 1809, 4245, 979, 3469, 5231, 4183, 4837, 4502]",44,500,5,False,500
29,location,location,4,True,True,True,"{2: 108, 1: 104, 5: 89, 4: 74, 3: 118, 0: 7}","[365, 353, 2801, 2313, 4363, 3055, 466, 5179, 4620, 922, 1488, 3354, 1490, 872, 280, 265, 3837, 2759, 5068, 1765, 2589, 1272, 2677, 4079, 926, 4931, 1511, 989, 3357, 999, 2993, 4192, 5431, 5121, 5175, 2470, 2867, 1374, 5434, 4983, 5381, 4304, 3235, 2126, 1748, 3628, 3439, 1615, 5008, 4767, 3479, 862, 3772, 522, 5242, 980, 4258, 3229, 787, 4436, 3886, 4934, 1882, 5154, 3111, 1353, 1329, 299, 1286, 1212, 1588, 4679, 4669, 3495, 1902, 1362, 2606, 5310, 2142, 3632, 1053, 2593, 2740, 2107, 1110, 4029, 5045, 3603, 3962, 2979, 3204, 4830, 774, 3892, 3218, 893, 666, 932, 5118, 1568, 3523, 887, 4114, 3364, 3066, 3312, 2615, 2153, 4142, 5235, 3163, 4793, 1416, 4203, 2523, 238, 1892, 167, 1434, 1240, 3542, 3856, 4008, 390, 1993, 5366, 1494, 5309, 4876, 3467, 4351, 3729, 4213, 1627, 2350, 4418, 1099, 2207, 4350, 4122, 126, 1226, 3346, 485, 461, 4316, 2763, 4212, 538, 2524, 5137, 551, 2803, 2834, 1028, 3465, 4812, 3092, 4874, 3293, 4364, 1540, 4875, 2089, 1533, 3099, 3864, 314, 3853, 5025, 936, 3013, 547, 3527, 1135, 3179, 3708, 1959, 2915, 1442, 3343, 1715, 1172, 621, 5324, 1199, 2218, 5217, 2046, 385, 4953, 4311, 5305, 4496, 4448, 3631, 5176, 528, 806, 832, 4523, 4368, 2061, 3852, 3872, 878, 2944, 3826, 1467, 3920, 2032, 2785, 5312, 850, 4325, 4817, 4528, 4631, 2673, 1419, 4022, 4047, 3515, 1333, 345, 4140, 1753, 2596, 2459, 3492, 4064, 4012, 5284, 1581, 3747, 488, 4902, 3240, 3231, 4660, 2604, 5345, 4926, 2791, 3896, 1491, 62, 5174, 1469, 478, 839, 3052, 5062, 2006, 892, 5043, 3783, 340, 2905, 2423, 3993, 145, 1939, 472, 2728, 1229, 76, 1774, 4168, 646, 3755, 2302, 3833, 2309, 3784, 1300, 4491, 5167, 993, 1136, 4597, 452, 2637, 1828, 1575, 4987, 4857, 33, 5204, 2994, 3956, 3356, 1932, 2, 4439, 3004, 4692, 5417, 2931, 3118, 4801, 2631, 2453, 2649, 4176, 1000, 1371, 959, 4302, 330, 3585, 3258, 4332, 4564, 4725, 4301, 2469, 2933, 955, 3367, 4466, 744, 15, 1582, 2199, 2281, 3882, 4530, 3131, 1808, 3728, 5433, 1145, 2174, 4890, 5229, 1468, 101, 1355, 549, 1262, 1227, 3913, 2762, 5379, 222, 988, 3088, 3480, 1783, 532, 355, 4393, 2369, 5251, 1675, 2025, 2483, 2135, 2924, 665, 1760, 2705, 4338, 2951, 1507, 939, 1243, 1285, 632, 1360, 2827, 624, 3203, 2029, 3607, 3002, 4818, 130, 3381, 3846, 4011, 2056, 1458, 1350, 3758, 4947, 5322, 1059, 1556, 864, 3345, 2939, 3659, 1466, 2067, 4380, 2797, 1076, 431, 1740, 2293, 3737, 1952, 3664, 2632, 1656, 3790, 5410, 4058, 1211, 3445, 4428, 1109, 45, 2456, 2489, 4512, 3275, 3214, 4757, 239, 5109, 2555, 3958, 3740, 1644, 4596, 2331, 3316, 5007, 3371, 3656, 4028, 635, 1926, 995, 5012, 128, 3876, 2063, 758, 3815, 2641, 2374, 3138, 4190, 1850, 954, 4179, 5049, 2669, 3355, 1960, 2016, 2620, 4538, 4407, 5126, 3167, 5169, 403, 811, 65, 121, 968, 1332, 1816, 4324, 4062, 4576, 590, 4201, 3424, 159, 2950, 281, 4615, 2812, 1686, 3514, 2890, 2509, 411, 2992, 149, 3407, 1074, 2071, 1193, 237, 3770, 1809, 4245, 979, 3469, 5231, 4183, 4837, 4502]",29,500,5,False,500
99,numeric,entity,1,True,False,True,"{2: 108, 1: 104, 5: 89, 4: 74, 3: 118, 0: 7}","[365, 353, 2801, 2313, 4363, 3055, 466, 5179, 4620, 922, 1488, 3354, 1490, 872, 280, 265, 3837, 2759, 5068, 1765, 2589, 1272, 2677, 4079, 926, 4931, 1511, 989, 3357, 999, 2993, 4192, 5431, 5121, 5175, 2470, 2867, 1374, 5434, 4983, 5381, 4304, 3235, 2126, 1748, 3628, 3439, 1615, 5008, 4767, 3479, 862, 3772, 522, 5242, 980, 4258, 3229, 787, 4436, 3886, 4934, 1882, 5154, 3111, 1353, 1329, 299, 1286, 1212, 1588, 4679, 4669, 3495, 1902, 1362, 2606, 5310, 2142, 3632, 1053, 2593, 2740, 2107, 1110, 4029, 5045, 3603, 3962, 2979, 3204, 4830, 774, 3892, 3218, 893, 666, 932, 5118, 1568, 3523, 887, 4114, 3364, 3066, 3312, 2615, 2153, 4142, 5235, 3163, 4793, 1416, 4203, 2523, 238, 1892, 167, 1434, 1240, 3542, 3856, 4008, 390, 1993, 5366, 1494, 5309, 4876, 3467, 4351, 3729, 4213, 1627, 2350, 4418, 1099, 2207, 4350, 4122, 126, 1226, 3346, 485, 461, 4316, 2763, 4212, 538, 2524, 5137, 551, 2803, 2834, 1028, 3465, 4812, 3092, 4874, 3293, 4364, 1540, 4875, 2089, 1533, 3099, 3864, 314, 3853, 5025, 936, 3013, 547, 3527, 1135, 3179, 3708, 1959, 2915, 1442, 3343, 1715, 1172, 621, 5324, 1199, 2218, 5217, 2046, 385, 4953, 4311, 5305, 4496, 4448, 3631, 5176, 528, 806, 832, 4523, 4368, 2061, 3852, 3872, 878, 2944, 3826, 1467, 3920, 2032, 2785, 5312, 850, 4325, 4817, 4528, 4631, 2673, 1419, 4022, 4047, 3515, 1333, 345, 4140, 1753, 2596, 2459, 3492, 4064, 4012, 5284, 1581, 3747, 488, 4902, 3240, 3231, 4660, 2604, 5345, 4926, 2791, 3896, 1491, 62, 5174, 1469, 478, 839, 3052, 5062, 2006, 892, 5043, 3783, 340, 2905, 2423, 3993, 145, 1939, 472, 2728, 1229, 76, 1774, 4168, 646, 3755, 2302, 3833, 2309, 3784, 1300, 4491, 5167, 993, 1136, 4597, 452, 2637, 1828, 1575, 4987, 4857, 33, 5204, 2994, 3956, 3356, 1932, 2, 4439, 3004, 4692, 5417, 2931, 3118, 4801, 2631, 2453, 2649, 4176, 1000, 1371, 959, 4302, 330, 3585, 3258, 4332, 4564, 4725, 4301, 2469, 2933, 955, 3367, 4466, 744, 15, 1582, 2199, 2281, 3882, 4530, 3131, 1808, 3728, 5433, 1145, 2174, 4890, 5229, 1468, 101, 1355, 549, 1262, 1227, 3913, 2762, 5379, 222, 988, 3088, 3480, 1783, 532, 355, 4393, 2369, 5251, 1675, 2025, 2483, 2135, 2924, 665, 1760, 2705, 4338, 2951, 1507, 939, 1243, 1285, 632, 1360, 2827, 624, 3203, 2029, 3607, 3002, 4818, 130, 3381, 3846, 4011, 2056, 1458, 1350, 3758, 4947, 5322, 1059, 1556, 864, 3345, 2939, 3659, 1466, 2067, 4380, 2797, 1076, 431, 1740, 2293, 3737, 1952, 3664, 2632, 1656, 3790, 5410, 4058, 1211, 3445, 4428, 1109, 45, 2456, 2489, 4512, 3275, 3214, 4757, 239, 5109, 2555, 3958, 3740, 1644, 4596, 2331, 3316, 5007, 3371, 3656, 4028, 635, 1926, 995, 5012, 128, 3876, 2063, 758, 3815, 2641, 2374, 3138, 4190, 1850, 954, 4179, 5049, 2669, 3355, 1960, 2016, 2620, 4538, 4407, 5126, 3167, 5169, 403, 811, 65, 121, 968, 1332, 1816, 4324, 4062, 4576, 590, 4201, 3424, 159, 2950, 281, 4615, 2812, 1686, 3514, 2890, 2509, 411, 2992, 149, 3407, 1074, 2071, 1193, 237, 3770, 1809, 4245, 979, 3469, 5231, 4183, 4837, 4502]",99,500,5,False,500
122,description,description,2,True,True,True,"{2: 108, 1: 104, 5: 89, 4: 74, 3: 118, 0: 7}","[365, 353, 2801, 2313, 4363, 3055, 466, 5179, 4620, 922, 1488, 3354, 1490, 872, 280, 265, 3837, 2759, 5068, 1765, 2589, 1272, 2677, 4079, 926, 4931, 1511, 989, 3357, 999, 2993, 4192, 5431, 5121, 5175, 2470, 2867, 1374, 5434, 4983, 5381, 4304, 3235, 2126, 1748, 3628, 3439, 1615, 5008, 4767, 3479, 862, 3772, 522, 5242, 980, 4258, 3229, 787, 4436, 3886, 4934, 1882, 5154, 3111, 1353, 1329, 299, 1286, 1212, 1588, 4679, 4669, 3495, 1902, 1362, 2606, 5310, 2142, 3632, 1053, 2593, 2740, 2107, 1110, 4029, 5045, 3603, 3962, 2979, 3204, 4830, 774, 3892, 3218, 893, 666, 932, 5118, 1568, 3523, 887, 4114, 3364, 3066, 3312, 2615, 2153, 4142, 5235, 3163, 4793, 1416, 4203, 2523, 238, 1892, 167, 1434, 1240, 3542, 3856, 4008, 390, 1993, 5366, 1494, 5309, 4876, 3467, 4351, 3729, 4213, 1627, 2350, 4418, 1099, 2207, 4350, 4122, 126, 1226, 3346, 485, 461, 4316, 2763, 4212, 538, 2524, 5137, 551, 2803, 2834, 1028, 3465, 4812, 3092, 4874, 3293, 4364, 1540, 4875, 2089, 1533, 3099, 3864, 314, 3853, 5025, 936, 3013, 547, 3527, 1135, 3179, 3708, 1959, 2915, 1442, 3343, 1715, 1172, 621, 5324, 1199, 2218, 5217, 2046, 385, 4953, 4311, 5305, 4496, 4448, 3631, 5176, 528, 806, 832, 4523, 4368, 2061, 3852, 3872, 878, 2944, 3826, 1467, 3920, 2032, 2785, 5312, 850, 4325, 4817, 4528, 4631, 2673, 1419, 4022, 4047, 3515, 1333, 345, 4140, 1753, 2596, 2459, 3492, 4064, 4012, 5284, 1581, 3747, 488, 4902, 3240, 3231, 4660, 2604, 5345, 4926, 2791, 3896, 1491, 62, 5174, 1469, 478, 839, 3052, 5062, 2006, 892, 5043, 3783, 340, 2905, 2423, 3993, 145, 1939, 472, 2728, 1229, 76, 1774, 4168, 646, 3755, 2302, 3833, 2309, 3784, 1300, 4491, 5167, 993, 1136, 4597, 452, 2637, 1828, 1575, 4987, 4857, 33, 5204, 2994, 3956, 3356, 1932, 2, 4439, 3004, 4692, 5417, 2931, 3118, 4801, 2631, 2453, 2649, 4176, 1000, 1371, 959, 4302, 330, 3585, 3258, 4332, 4564, 4725, 4301, 2469, 2933, 955, 3367, 4466, 744, 15, 1582, 2199, 2281, 3882, 4530, 3131, 1808, 3728, 5433, 1145, 2174, 4890, 5229, 1468, 101, 1355, 549, 1262, 1227, 3913, 2762, 5379, 222, 988, 3088, 3480, 1783, 532, 355, 4393, 2369, 5251, 1675, 2025, 2483, 2135, 2924, 665, 1760, 2705, 4338, 2951, 1507, 939, 1243, 1285, 632, 1360, 2827, 624, 3203, 2029, 3607, 3002, 4818, 130, 3381, 3846, 4011, 2056, 1458, 1350, 3758, 4947, 5322, 1059, 1556, 864, 3345, 2939, 3659, 1466, 2067, 4380, 2797, 1076, 431, 1740, 2293, 3737, 1952, 3664, 2632, 1656, 3790, 5410, 4058, 1211, 3445, 4428, 1109, 45, 2456, 2489, 4512, 3275, 3214, 4757, 239, 5109, 2555, 3958, 3740, 1644, 4596, 2331, 3316, 5007, 3371, 3656, 4028, 635, 1926, 995, 5012, 128, 3876, 2063, 758, 3815, 2641, 2374, 3138, 4190, 1850, 954, 4179, 5049, 2669, 3355, 1960, 2016, 2620, 4538, 4407, 5126, 3167, 5169, 403, 811, 65, 121, 968, 1332, 1816, 4324, 4062, 4576, 590, 4201, 3424, 159, 2950, 281, 4615, 2812, 1686, 3514, 2890, 2509, 411, 2992, 149, 3407, 1074, 2071, 1193, 237, 3770, 1809, 4245, 979, 3469, 5231, 4183, 4837, 4502]",122,500,5,False,500
421,numeric,location,4,True,False,True,"{2: 108, 1: 104, 5: 89, 4: 74, 3: 118, 0: 7}","[365, 353, 2801, 2313, 4363, 3055, 466, 5179, 4620, 922, 1488, 3354, 1490, 872, 280, 265, 3837, 2759, 5068, 1765, 2589, 1272, 2677, 4079, 926, 4931, 1511, 989, 3357, 999, 2993, 4192, 5431, 5121, 5175, 2470, 2867, 1374, 5434, 4983, 5381, 4304, 3235, 2126, 1748, 3628, 3439, 1615, 5008, 4767, 3479, 862, 3772, 522, 5242, 980, 4258, 3229, 787, 4436, 3886, 4934, 1882, 5154, 3111, 1353, 1329, 299, 1286, 1212, 1588, 4679, 4669, 3495, 1902, 1362, 2606, 5310, 2142, 3632, 1053, 2593, 2740, 2107, 1110, 4029, 5045, 3603, 3962, 2979, 3204, 4830, 774, 3892, 3218, 893, 666, 932, 5118, 1568, 3523, 887, 4114, 3364, 3066, 3312, 2615, 2153, 4142, 5235, 3163, 4793, 1416, 4203, 2523, 238, 1892, 167, 1434, 1240, 3542, 3856, 4008, 390, 1993, 5366, 1494, 5309, 4876, 3467, 4351, 3729, 4213, 1627, 2350, 4418, 1099, 2207, 4350, 4122, 126, 1226, 3346, 485, 461, 4316, 2763, 4212, 538, 2524, 5137, 551, 2803, 2834, 1028, 3465, 4812, 3092, 4874, 3293, 4364, 1540, 4875, 2089, 1533, 3099, 3864, 314, 3853, 5025, 936, 3013, 547, 3527, 1135, 3179, 3708, 1959, 2915, 1442, 3343, 1715, 1172, 621, 5324, 1199, 2218, 5217, 2046, 385, 4953, 4311, 5305, 4496, 4448, 3631, 5176, 528, 806, 832, 4523, 4368, 2061, 3852, 3872, 878, 2944, 3826, 1467, 3920, 2032, 2785, 5312, 850, 4325, 4817, 4528, 4631, 2673, 1419, 4022, 4047, 3515, 1333, 345, 4140, 1753, 2596, 2459, 3492, 4064, 4012, 5284, 1581, 3747, 488, 4902, 3240, 3231, 4660, 2604, 5345, 4926, 2791, 3896, 1491, 62, 5174, 1469, 478, 839, 3052, 5062, 2006, 892, 5043, 3783, 340, 2905, 2423, 3993, 145, 1939, 472, 2728, 1229, 76, 1774, 4168, 646, 3755, 2302, 3833, 2309, 3784, 1300, 4491, 5167, 993, 1136, 4597, 452, 2637, 1828, 1575, 4987, 4857, 33, 5204, 2994, 3956, 3356, 1932, 2, 4439, 3004, 4692, 5417, 2931, 3118, 4801, 2631, 2453, 2649, 4176, 1000, 1371, 959, 4302, 330, 3585, 3258, 4332, 4564, 4725, 4301, 2469, 2933, 955, 3367, 4466, 744, 15, 1582, 2199, 2281, 3882, 4530, 3131, 1808, 3728, 5433, 1145, 2174, 4890, 5229, 1468, 101, 1355, 549, 1262, 1227, 3913, 2762, 5379, 222, 988, 3088, 3480, 1783, 532, 355, 4393, 2369, 5251, 1675, 2025, 2483, 2135, 2924, 665, 1760, 2705, 4338, 2951, 1507, 939, 1243, 1285, 632, 1360, 2827, 624, 3203, 2029, 3607, 3002, 4818, 130, 3381, 3846, 4011, 2056, 1458, 1350, 3758, 4947, 5322, 1059, 1556, 864, 3345, 2939, 3659, 1466, 2067, 4380, 2797, 1076, 431, 1740, 2293, 3737, 1952, 3664, 2632, 1656, 3790, 5410, 4058, 1211, 3445, 4428, 1109, 45, 2456, 2489, 4512, 3275, 3214, 4757, 239, 5109, 2555, 3958, 3740, 1644, 4596, 2331, 3316, 5007, 3371, 3656, 4028, 635, 1926, 995, 5012, 128, 3876, 2063, 758, 3815, 2641, 2374, 3138, 4190, 1850, 954, 4179, 5049, 2669, 3355, 1960, 2016, 2620, 4538, 4407, 5126, 3167, 5169, 403, 811, 65, 121, 968, 1332, 1816, 4324, 4062, 4576, 590, 4201, 3424, 159, 2950, 281, 4615, 2812, 1686, 3514, 2890, 2509, 411, 2992, 149, 3407, 1074, 2071, 1193, 237, 3770, 1809, 4245, 979, 3469, 5231, 4183, 4837, 4502]",421,500,5,False,500
477,numeric,location,4,True,False,True,"{2: 108, 1: 104, 5: 89, 4: 74, 3: 118, 0: 7}","[365, 353, 2801, 2313, 4363, 3055, 466, 5179, 4620, 922, 1488, 3354, 1490, 872, 280, 265, 3837, 2759, 5068, 1765, 2589, 1272, 2677, 4079, 926, 4931, 1511, 989, 3357, 999, 2993, 4192, 5431, 5121, 5175, 2470, 2867, 1374, 5434, 4983, 5381, 4304, 3235, 2126, 1748, 3628, 3439, 1615, 5008, 4767, 3479, 862, 3772, 522, 5242, 980, 4258, 3229, 787, 4436, 3886, 4934, 1882, 5154, 3111, 1353, 1329, 299, 1286, 1212, 1588, 4679, 4669, 3495, 1902, 1362, 2606, 5310, 2142, 3632, 1053, 2593, 2740, 2107, 1110, 4029, 5045, 3603, 3962, 2979, 3204, 4830, 774, 3892, 3218, 893, 666, 932, 5118, 1568, 3523, 887, 4114, 3364, 3066, 3312, 2615, 2153, 4142, 5235, 3163, 4793, 1416, 4203, 2523, 238, 1892, 167, 1434, 1240, 3542, 3856, 4008, 390, 1993, 5366, 1494, 5309, 4876, 3467, 4351, 3729, 4213, 1627, 2350, 4418, 1099, 2207, 4350, 4122, 126, 1226, 3346, 485, 461, 4316, 2763, 4212, 538, 2524, 5137, 551, 2803, 2834, 1028, 3465, 4812, 3092, 4874, 3293, 4364, 1540, 4875, 2089, 1533, 3099, 3864, 314, 3853, 5025, 936, 3013, 547, 3527, 1135, 3179, 3708, 1959, 2915, 1442, 3343, 1715, 1172, 621, 5324, 1199, 2218, 5217, 2046, 385, 4953, 4311, 5305, 4496, 4448, 3631, 5176, 528, 806, 832, 4523, 4368, 2061, 3852, 3872, 878, 2944, 3826, 1467, 3920, 2032, 2785, 5312, 850, 4325, 4817, 4528, 4631, 2673, 1419, 4022, 4047, 3515, 1333, 345, 4140, 1753, 2596, 2459, 3492, 4064, 4012, 5284, 1581, 3747, 488, 4902, 3240, 3231, 4660, 2604, 5345, 4926, 2791, 3896, 1491, 62, 5174, 1469, 478, 839, 3052, 5062, 2006, 892, 5043, 3783, 340, 2905, 2423, 3993, 145, 1939, 472, 2728, 1229, 76, 1774, 4168, 646, 3755, 2302, 3833, 2309, 3784, 1300, 4491, 5167, 993, 1136, 4597, 452, 2637, 1828, 1575, 4987, 4857, 33, 5204, 2994, 3956, 3356, 1932, 2, 4439, 3004, 4692, 5417, 2931, 3118, 4801, 2631, 2453, 2649, 4176, 1000, 1371, 959, 4302, 330, 3585, 3258, 4332, 4564, 4725, 4301, 2469, 2933, 955, 3367, 4466, 744, 15, 1582, 2199, 2281, 3882, 4530, 3131, 1808, 3728, 5433, 1145, 2174, 4890, 5229, 1468, 101, 1355, 549, 1262, 1227, 3913, 2762, 5379, 222, 988, 3088, 3480, 1783, 532, 355, 4393, 2369, 5251, 1675, 2025, 2483, 2135, 2924, 665, 1760, 2705, 4338, 2951, 1507, 939, 1243, 1285, 632, 1360, 2827, 624, 3203, 2029, 3607, 3002, 4818, 130, 3381, 3846, 4011, 2056, 1458, 1350, 3758, 4947, 5322, 1059, 1556, 864, 3345, 2939, 3659, 1466, 2067, 4380, 2797, 1076, 431, 1740, 2293, 3737, 1952, 3664, 2632, 1656, 3790, 5410, 4058, 1211, 3445, 4428, 1109, 45, 2456, 2489, 4512, 3275, 3214, 4757, 239, 5109, 2555, 3958, 3740, 1644, 4596, 2331, 3316, 5007, 3371, 3656, 4028, 635, 1926, 995, 5012, 128, 3876, 2063, 758, 3815, 2641, 2374, 3138, 4190, 1850, 954, 4179, 5049, 2669, 3355, 1960, 2016, 2620, 4538, 4407, 5126, 3167, 5169, 403, 811, 65, 121, 968, 1332, 1816, 4324, 4062, 4576, 590, 4201, 3424, 159, 2950, 281, 4615, 2812, 1686, 3514, 2890, 2509, 411, 2992, 149, 3407, 1074, 2071, 1193, 237, 3770, 1809, 4245, 979, 3469, 5231, 4183, 4837, 4502]",477,500,5,False,500
378,abbreviation,abbre,0,True,True,False,"{2: 108, 1: 104, 5: 89, 4: 74, 3: 118, 0: 7}","[365, 353, 2801, 2313, 4363, 3055, 466, 5179, 4620, 922, 1488, 3354, 1490, 872, 280, 265, 3837, 2759, 5068, 1765, 2589, 1272, 2677, 4079, 926, 4931, 1511, 989, 3357, 999, 2993, 4192, 5431, 5121, 5175, 2470, 2867, 1374, 5434, 4983, 5381, 4304, 3235, 2126, 1748, 3628, 3439, 1615, 5008, 4767, 3479, 862, 3772, 522, 5242, 980, 4258, 3229, 787, 4436, 3886, 4934, 1882, 5154, 3111, 1353, 1329, 299, 1286, 1212, 1588, 4679, 4669, 3495, 1902, 1362, 2606, 5310, 2142, 3632, 1053, 2593, 2740, 2107, 1110, 4029, 5045, 3603, 3962, 2979, 3204, 4830, 774, 3892, 3218, 893, 666, 932, 5118, 1568, 3523, 887, 4114, 3364, 3066, 3312, 2615, 2153, 4142, 5235, 3163, 4793, 1416, 4203, 2523, 238, 1892, 167, 1434, 1240, 3542, 3856, 4008, 390, 1993, 5366, 1494, 5309, 4876, 3467, 4351, 3729, 4213, 1627, 2350, 4418, 1099, 2207, 4350, 4122, 126, 1226, 3346, 485, 461, 4316, 2763, 4212, 538, 2524, 5137, 551, 2803, 2834, 1028, 3465, 4812, 3092, 4874, 3293, 4364, 1540, 4875, 2089, 1533, 3099, 3864, 314, 3853, 5025, 936, 3013, 547, 3527, 1135, 3179, 3708, 1959, 2915, 1442, 3343, 1715, 1172, 621, 5324, 1199, 2218, 5217, 2046, 385, 4953, 4311, 5305, 4496, 4448, 3631, 5176, 528, 806, 832, 4523, 4368, 2061, 3852, 3872, 878, 2944, 3826, 1467, 3920, 2032, 2785, 5312, 850, 4325, 4817, 4528, 4631, 2673, 1419, 4022, 4047, 3515, 1333, 345, 4140, 1753, 2596, 2459, 3492, 4064, 4012, 5284, 1581, 3747, 488, 4902, 3240, 3231, 4660, 2604, 5345, 4926, 2791, 3896, 1491, 62, 5174, 1469, 478, 839, 3052, 5062, 2006, 892, 5043, 3783, 340, 2905, 2423, 3993, 145, 1939, 472, 2728, 1229, 76, 1774, 4168, 646, 3755, 2302, 3833, 2309, 3784, 1300, 4491, 5167, 993, 1136, 4597, 452, 2637, 1828, 1575, 4987, 4857, 33, 5204, 2994, 3956, 3356, 1932, 2, 4439, 3004, 4692, 5417, 2931, 3118, 4801, 2631, 2453, 2649, 4176, 1000, 1371, 959, 4302, 330, 3585, 3258, 4332, 4564, 4725, 4301, 2469, 2933, 955, 3367, 4466, 744, 15, 1582, 2199, 2281, 3882, 4530, 3131, 1808, 3728, 5433, 1145, 2174, 4890, 5229, 1468, 101, 1355, 549, 1262, 1227, 3913, 2762, 5379, 222, 988, 3088, 3480, 1783, 532, 355, 4393, 2369, 5251, 1675, 2025, 2483, 2135, 2924, 665, 1760, 2705, 4338, 2951, 1507, 939, 1243, 1285, 632, 1360, 2827, 624, 3203, 2029, 3607, 3002, 4818, 130, 3381, 3846, 4011, 2056, 1458, 1350, 3758, 4947, 5322, 1059, 1556, 864, 3345, 2939, 3659, 1466, 2067, 4380, 2797, 1076, 431, 1740, 2293, 3737, 1952, 3664, 2632, 1656, 3790, 5410, 4058, 1211, 3445, 4428, 1109, 45, 2456, 2489, 4512, 3275, 3214, 4757, 239, 5109, 2555, 3958, 3740, 1644, 4596, 2331, 3316, 5007, 3371, 3656, 4028, 635, 1926, 995, 5012, 128, 3876, 2063, 758, 3815, 2641, 2374, 3138, 4190, 1850, 954, 4179, 5049, 2669, 3355, 1960, 2016, 2620, 4538, 4407, 5126, 3167, 5169, 403, 811, 65, 121, 968, 1332, 1816, 4324, 4062, 4576, 590, 4201, 3424, 159, 2950, 281, 4615, 2812, 1686, 3514, 2890, 2509, 411, 2992, 149, 3407, 1074, 2071, 1193, 237, 3770, 1809, 4245, 979, 3469, 5231, 4183, 4837, 4502]",378,500,5,False,500
357,numeric,numeric,5,True,True,True,"{2: 108, 1: 104, 5: 89, 4: 74, 3: 118, 0: 7}","[365, 353, 2801, 2313, 4363, 3055, 466, 5179, 4620, 922, 1488, 3354, 1490, 872, 280, 265, 3837, 2759, 5068, 1765, 2589, 1272, 2677, 4079, 926, 4931, 1511, 989, 3357, 999, 2993, 4192, 5431, 5121, 5175, 2470, 2867, 1374, 5434, 4983, 5381, 4304, 3235, 2126, 1748, 3628, 3439, 1615, 5008, 4767, 3479, 862, 3772, 522, 5242, 980, 4258, 3229, 787, 4436, 3886, 4934, 1882, 5154, 3111, 1353, 1329, 299, 1286, 1212, 1588, 4679, 4669, 3495, 1902, 1362, 2606, 5310, 2142, 3632, 1053, 2593, 2740, 2107, 1110, 4029, 5045, 3603, 3962, 2979, 3204, 4830, 774, 3892, 3218, 893, 666, 932, 5118, 1568, 3523, 887, 4114, 3364, 3066, 3312, 2615, 2153, 4142, 5235, 3163, 4793, 1416, 4203, 2523, 238, 1892, 167, 1434, 1240, 3542, 3856, 4008, 390, 1993, 5366, 1494, 5309, 4876, 3467, 4351, 3729, 4213, 1627, 2350, 4418, 1099, 2207, 4350, 4122, 126, 1226, 3346, 485, 461, 4316, 2763, 4212, 538, 2524, 5137, 551, 2803, 2834, 1028, 3465, 4812, 3092, 4874, 3293, 4364, 1540, 4875, 2089, 1533, 3099, 3864, 314, 3853, 5025, 936, 3013, 547, 3527, 1135, 3179, 3708, 1959, 2915, 1442, 3343, 1715, 1172, 621, 5324, 1199, 2218, 5217, 2046, 385, 4953, 4311, 5305, 4496, 4448, 3631, 5176, 528, 806, 832, 4523, 4368, 2061, 3852, 3872, 878, 2944, 3826, 1467, 3920, 2032, 2785, 5312, 850, 4325, 4817, 4528, 4631, 2673, 1419, 4022, 4047, 3515, 1333, 345, 4140, 1753, 2596, 2459, 3492, 4064, 4012, 5284, 1581, 3747, 488, 4902, 3240, 3231, 4660, 2604, 5345, 4926, 2791, 3896, 1491, 62, 5174, 1469, 478, 839, 3052, 5062, 2006, 892, 5043, 3783, 340, 2905, 2423, 3993, 145, 1939, 472, 2728, 1229, 76, 1774, 4168, 646, 3755, 2302, 3833, 2309, 3784, 1300, 4491, 5167, 993, 1136, 4597, 452, 2637, 1828, 1575, 4987, 4857, 33, 5204, 2994, 3956, 3356, 1932, 2, 4439, 3004, 4692, 5417, 2931, 3118, 4801, 2631, 2453, 2649, 4176, 1000, 1371, 959, 4302, 330, 3585, 3258, 4332, 4564, 4725, 4301, 2469, 2933, 955, 3367, 4466, 744, 15, 1582, 2199, 2281, 3882, 4530, 3131, 1808, 3728, 5433, 1145, 2174, 4890, 5229, 1468, 101, 1355, 549, 1262, 1227, 3913, 2762, 5379, 222, 988, 3088, 3480, 1783, 532, 355, 4393, 2369, 5251, 1675, 2025, 2483, 2135, 2924, 665, 1760, 2705, 4338, 2951, 1507, 939, 1243, 1285, 632, 1360, 2827, 624, 3203, 2029, 3607, 3002, 4818, 130, 3381, 3846, 4011, 2056, 1458, 1350, 3758, 4947, 5322, 1059, 1556, 864, 3345, 2939, 3659, 1466, 2067, 4380, 2797, 1076, 431, 1740, 2293, 3737, 1952, 3664, 2632, 1656, 3790, 5410, 4058, 1211, 3445, 4428, 1109, 45, 2456, 2489, 4512, 3275, 3214, 4757, 239, 5109, 2555, 3958, 3740, 1644, 4596, 2331, 3316, 5007, 3371, 3656, 4028, 635, 1926, 995, 5012, 128, 3876, 2063, 758, 3815, 2641, 2374, 3138, 4190, 1850, 954, 4179, 5049, 2669, 3355, 1960, 2016, 2620, 4538, 4407, 5126, 3167, 5169, 403, 811, 65, 121, 968, 1332, 1816, 4324, 4062, 4576, 590, 4201, 3424, 159, 2950, 281, 4615, 2812, 1686, 3514, 2890, 2509, 411, 2992, 149, 3407, 1074, 2071, 1193, 237, 3770, 1809, 4245, 979, 3469, 5231, 4183, 4837, 4502]",357,500,5,False,500
3,entity,description,2,True,False,True,"{2: 108, 1: 104, 5: 89, 4: 74, 3: 118, 0: 7}","[365, 353, 2801, 2313, 4363, 3055, 466, 5179, 4620, 922, 1488, 3354, 1490, 872, 280, 265, 3837, 2759, 5068, 1765, 2589, 1272, 2677, 4079, 926, 4931, 1511, 989, 3357, 999, 2993, 4192, 5431, 5121, 5175, 2470, 2867, 1374, 5434, 4983, 5381, 4304, 3235, 2126, 1748, 3628, 3439, 1615, 5008, 4767, 3479, 862, 3772, 522, 5242, 980, 4258, 3229, 787, 4436, 3886, 4934, 1882, 5154, 3111, 1353, 1329, 299, 1286, 1212, 1588, 4679, 4669, 3495, 1902, 1362, 2606, 5310, 2142, 3632, 1053, 2593, 2740, 2107, 1110, 4029, 5045, 3603, 3962, 2979, 3204, 4830, 774, 3892, 3218, 893, 666, 932, 5118, 1568, 3523, 887, 4114, 3364, 3066, 3312, 2615, 2153, 4142, 5235, 3163, 4793, 1416, 4203, 2523, 238, 1892, 167, 1434, 1240, 3542, 3856, 4008, 390, 1993, 5366, 1494, 5309, 4876, 3467, 4351, 3729, 4213, 1627, 2350, 4418, 1099, 2207, 4350, 4122, 126, 1226, 3346, 485, 461, 4316, 2763, 4212, 538, 2524, 5137, 551, 2803, 2834, 1028, 3465, 4812, 3092, 4874, 3293, 4364, 1540, 4875, 2089, 1533, 3099, 3864, 314, 3853, 5025, 936, 3013, 547, 3527, 1135, 3179, 3708, 1959, 2915, 1442, 3343, 1715, 1172, 621, 5324, 1199, 2218, 5217, 2046, 385, 4953, 4311, 5305, 4496, 4448, 3631, 5176, 528, 806, 832, 4523, 4368, 2061, 3852, 3872, 878, 2944, 3826, 1467, 3920, 2032, 2785, 5312, 850, 4325, 4817, 4528, 4631, 2673, 1419, 4022, 4047, 3515, 1333, 345, 4140, 1753, 2596, 2459, 3492, 4064, 4012, 5284, 1581, 3747, 488, 4902, 3240, 3231, 4660, 2604, 5345, 4926, 2791, 3896, 1491, 62, 5174, 1469, 478, 839, 3052, 5062, 2006, 892, 5043, 3783, 340, 2905, 2423, 3993, 145, 1939, 472, 2728, 1229, 76, 1774, 4168, 646, 3755, 2302, 3833, 2309, 3784, 1300, 4491, 5167, 993, 1136, 4597, 452, 2637, 1828, 1575, 4987, 4857, 33, 5204, 2994, 3956, 3356, 1932, 2, 4439, 3004, 4692, 5417, 2931, 3118, 4801, 2631, 2453, 2649, 4176, 1000, 1371, 959, 4302, 330, 3585, 3258, 4332, 4564, 4725, 4301, 2469, 2933, 955, 3367, 4466, 744, 15, 1582, 2199, 2281, 3882, 4530, 3131, 1808, 3728, 5433, 1145, 2174, 4890, 5229, 1468, 101, 1355, 549, 1262, 1227, 3913, 2762, 5379, 222, 988, 3088, 3480, 1783, 532, 355, 4393, 2369, 5251, 1675, 2025, 2483, 2135, 2924, 665, 1760, 2705, 4338, 2951, 1507, 939, 1243, 1285, 632, 1360, 2827, 624, 3203, 2029, 3607, 3002, 4818, 130, 3381, 3846, 4011, 2056, 1458, 1350, 3758, 4947, 5322, 1059, 1556, 864, 3345, 2939, 3659, 1466, 2067, 4380, 2797, 1076, 431, 1740, 2293, 3737, 1952, 3664, 2632, 1656, 3790, 5410, 4058, 1211, 3445, 4428, 1109, 45, 2456, 2489, 4512, 3275, 3214, 4757, 239, 5109, 2555, 3958, 3740, 1644, 4596, 2331, 3316, 5007, 3371, 3656, 4028, 635, 1926, 995, 5012, 128, 3876, 2063, 758, 3815, 2641, 2374, 3138, 4190, 1850, 954, 4179, 5049, 2669, 3355, 1960, 2016, 2620, 4538, 4407, 5126, 3167, 5169, 403, 811, 65, 121, 968, 1332, 1816, 4324, 4062, 4576, 590, 4201, 3424, 159, 2950, 281, 4615, 2812, 1686, 3514, 2890, 2509, 411, 2992, 149, 3407, 1074, 2071, 1193, 237, 3770, 1809, 4245, 979, 3469, 5231, 4183, 4837, 4502]",3,500,5,False,500
406,description,description,2,True,True,True,"{2: 108, 1: 104, 5: 89, 4: 74, 3: 118, 0: 7}","[365, 353, 2801, 2313, 4363, 3055, 466, 5179, 4620, 922, 1488, 3354, 1490, 872, 280, 265, 3837, 2759, 5068, 1765, 2589, 1272, 2677, 4079, 926, 4931, 1511, 989, 3357, 999, 2993, 4192, 5431, 5121, 5175, 2470, 2867, 1374, 5434, 4983, 5381, 4304, 3235, 2126, 1748, 3628, 3439, 1615, 5008, 4767, 3479, 862, 3772, 522, 5242, 980, 4258, 3229, 787, 4436, 3886, 4934, 1882, 5154, 3111, 1353, 1329, 299, 1286, 1212, 1588, 4679, 4669, 3495, 1902, 1362, 2606, 5310, 2142, 3632, 1053, 2593, 2740, 2107, 1110, 4029, 5045, 3603, 3962, 2979, 3204, 4830, 774, 3892, 3218, 893, 666, 932, 5118, 1568, 3523, 887, 4114, 3364, 3066, 3312, 2615, 2153, 4142, 5235, 3163, 4793, 1416, 4203, 2523, 238, 1892, 167, 1434, 1240, 3542, 3856, 4008, 390, 1993, 5366, 1494, 5309, 4876, 3467, 4351, 3729, 4213, 1627, 2350, 4418, 1099, 2207, 4350, 4122, 126, 1226, 3346, 485, 461, 4316, 2763, 4212, 538, 2524, 5137, 551, 2803, 2834, 1028, 3465, 4812, 3092, 4874, 3293, 4364, 1540, 4875, 2089, 1533, 3099, 3864, 314, 3853, 5025, 936, 3013, 547, 3527, 1135, 3179, 3708, 1959, 2915, 1442, 3343, 1715, 1172, 621, 5324, 1199, 2218, 5217, 2046, 385, 4953, 4311, 5305, 4496, 4448, 3631, 5176, 528, 806, 832, 4523, 4368, 2061, 3852, 3872, 878, 2944, 3826, 1467, 3920, 2032, 2785, 5312, 850, 4325, 4817, 4528, 4631, 2673, 1419, 4022, 4047, 3515, 1333, 345, 4140, 1753, 2596, 2459, 3492, 4064, 4012, 5284, 1581, 3747, 488, 4902, 3240, 3231, 4660, 2604, 5345, 4926, 2791, 3896, 1491, 62, 5174, 1469, 478, 839, 3052, 5062, 2006, 892, 5043, 3783, 340, 2905, 2423, 3993, 145, 1939, 472, 2728, 1229, 76, 1774, 4168, 646, 3755, 2302, 3833, 2309, 3784, 1300, 4491, 5167, 993, 1136, 4597, 452, 2637, 1828, 1575, 4987, 4857, 33, 5204, 2994, 3956, 3356, 1932, 2, 4439, 3004, 4692, 5417, 2931, 3118, 4801, 2631, 2453, 2649, 4176, 1000, 1371, 959, 4302, 330, 3585, 3258, 4332, 4564, 4725, 4301, 2469, 2933, 955, 3367, 4466, 744, 15, 1582, 2199, 2281, 3882, 4530, 3131, 1808, 3728, 5433, 1145, 2174, 4890, 5229, 1468, 101, 1355, 549, 1262, 1227, 3913, 2762, 5379, 222, 988, 3088, 3480, 1783, 532, 355, 4393, 2369, 5251, 1675, 2025, 2483, 2135, 2924, 665, 1760, 2705, 4338, 2951, 1507, 939, 1243, 1285, 632, 1360, 2827, 624, 3203, 2029, 3607, 3002, 4818, 130, 3381, 3846, 4011, 2056, 1458, 1350, 3758, 4947, 5322, 1059, 1556, 864, 3345, 2939, 3659, 1466, 2067, 4380, 2797, 1076, 431, 1740, 2293, 3737, 1952, 3664, 2632, 1656, 3790, 5410, 4058, 1211, 3445, 4428, 1109, 45, 2456, 2489, 4512, 3275, 3214, 4757, 239, 5109, 2555, 3958, 3740, 1644, 4596, 2331, 3316, 5007, 3371, 3656, 4028, 635, 1926, 995, 5012, 128, 3876, 2063, 758, 3815, 2641, 2374, 3138, 4190, 1850, 954, 4179, 5049, 2669, 3355, 1960, 2016, 2620, 4538, 4407, 5126, 3167, 5169, 403, 811, 65, 121, 968, 1332, 1816, 4324, 4062, 4576, 590, 4201, 3424, 159, 2950, 281, 4615, 2812, 1686, 3514, 2890, 2509, 411, 2992, 149, 3407, 1074, 2071, 1193, 237, 3770, 1809, 4245, 979, 3469, 5231, 4183, 4837, 4502]",406,500,5,False,500
127,numeric,numeric,5,True,True,True,"{2: 108, 1: 104, 5: 89, 4: 74, 3: 118, 0: 7}","[365, 353, 2801, 2313, 4363, 3055, 466, 5179, 4620, 922, 1488, 3354, 1490, 872, 280, 265, 3837, 2759, 5068, 1765, 2589, 1272, 2677, 4079, 926, 4931, 1511, 989, 3357, 999, 2993, 4192, 5431, 5121, 5175, 2470, 2867, 1374, 5434, 4983, 5381, 4304, 3235, 2126, 1748, 3628, 3439, 1615, 5008, 4767, 3479, 862, 3772, 522, 5242, 980, 4258, 3229, 787, 4436, 3886, 4934, 1882, 5154, 3111, 1353, 1329, 299, 1286, 1212, 1588, 4679, 4669, 3495, 1902, 1362, 2606, 5310, 2142, 3632, 1053, 2593, 2740, 2107, 1110, 4029, 5045, 3603, 3962, 2979, 3204, 4830, 774, 3892, 3218, 893, 666, 932, 5118, 1568, 3523, 887, 4114, 3364, 3066, 3312, 2615, 2153, 4142, 5235, 3163, 4793, 1416, 4203, 2523, 238, 1892, 167, 1434, 1240, 3542, 3856, 4008, 390, 1993, 5366, 1494, 5309, 4876, 3467, 4351, 3729, 4213, 1627, 2350, 4418, 1099, 2207, 4350, 4122, 126, 1226, 3346, 485, 461, 4316, 2763, 4212, 538, 2524, 5137, 551, 2803, 2834, 1028, 3465, 4812, 3092, 4874, 3293, 4364, 1540, 4875, 2089, 1533, 3099, 3864, 314, 3853, 5025, 936, 3013, 547, 3527, 1135, 3179, 3708, 1959, 2915, 1442, 3343, 1715, 1172, 621, 5324, 1199, 2218, 5217, 2046, 385, 4953, 4311, 5305, 4496, 4448, 3631, 5176, 528, 806, 832, 4523, 4368, 2061, 3852, 3872, 878, 2944, 3826, 1467, 3920, 2032, 2785, 5312, 850, 4325, 4817, 4528, 4631, 2673, 1419, 4022, 4047, 3515, 1333, 345, 4140, 1753, 2596, 2459, 3492, 4064, 4012, 5284, 1581, 3747, 488, 4902, 3240, 3231, 4660, 2604, 5345, 4926, 2791, 3896, 1491, 62, 5174, 1469, 478, 839, 3052, 5062, 2006, 892, 5043, 3783, 340, 2905, 2423, 3993, 145, 1939, 472, 2728, 1229, 76, 1774, 4168, 646, 3755, 2302, 3833, 2309, 3784, 1300, 4491, 5167, 993, 1136, 4597, 452, 2637, 1828, 1575, 4987, 4857, 33, 5204, 2994, 3956, 3356, 1932, 2, 4439, 3004, 4692, 5417, 2931, 3118, 4801, 2631, 2453, 2649, 4176, 1000, 1371, 959, 4302, 330, 3585, 3258, 4332, 4564, 4725, 4301, 2469, 2933, 955, 3367, 4466, 744, 15, 1582, 2199, 2281, 3882, 4530, 3131, 1808, 3728, 5433, 1145, 2174, 4890, 5229, 1468, 101, 1355, 549, 1262, 1227, 3913, 2762, 5379, 222, 988, 3088, 3480, 1783, 532, 355, 4393, 2369, 5251, 1675, 2025, 2483, 2135, 2924, 665, 1760, 2705, 4338, 2951, 1507, 939, 1243, 1285, 632, 1360, 2827, 624, 3203, 2029, 3607, 3002, 4818, 130, 3381, 3846, 4011, 2056, 1458, 1350, 3758, 4947, 5322, 1059, 1556, 864, 3345, 2939, 3659, 1466, 2067, 4380, 2797, 1076, 431, 1740, 2293, 3737, 1952, 3664, 2632, 1656, 3790, 5410, 4058, 1211, 3445, 4428, 1109, 45, 2456, 2489, 4512, 3275, 3214, 4757, 239, 5109, 2555, 3958, 3740, 1644, 4596, 2331, 3316, 5007, 3371, 3656, 4028, 635, 1926, 995, 5012, 128, 3876, 2063, 758, 3815, 2641, 2374, 3138, 4190, 1850, 954, 4179, 5049, 2669, 3355, 1960, 2016, 2620, 4538, 4407, 5126, 3167, 5169, 403, 811, 65, 121, 968, 1332, 1816, 4324, 4062, 4576, 590, 4201, 3424, 159, 2950, 281, 4615, 2812, 1686, 3514, 2890, 2509, 411, 2992, 149, 3407, 1074, 2071, 1193, 237, 3770, 1809, 4245, 979, 3469, 5231, 4183, 4837, 4502]",127,500,5,False,500
50,entity,description,2,True,False,True,"{2: 108, 1: 104, 5: 89, 4: 74, 3: 118, 0: 7}","[365, 353, 2801, 2313, 4363, 3055, 466, 5179, 4620, 922, 1488, 3354, 1490, 872, 280, 265, 3837, 2759, 5068, 1765, 2589, 1272, 2677, 4079, 926, 4931, 1511, 989, 3357, 999, 2993, 4192, 5431, 5121, 5175, 2470, 2867, 1374, 5434, 4983, 5381, 4304, 3235, 2126, 1748, 3628, 3439, 1615, 5008, 4767, 3479, 862, 3772, 522, 5242, 980, 4258, 3229, 787, 4436, 3886, 4934, 1882, 5154, 3111, 1353, 1329, 299, 1286, 1212, 1588, 4679, 4669, 3495, 1902, 1362, 2606, 5310, 2142, 3632, 1053, 2593, 2740, 2107, 1110, 4029, 5045, 3603, 3962, 2979, 3204, 4830, 774, 3892, 3218, 893, 666, 932, 5118, 1568, 3523, 887, 4114, 3364, 3066, 3312, 2615, 2153, 4142, 5235, 3163, 4793, 1416, 4203, 2523, 238, 1892, 167, 1434, 1240, 3542, 3856, 4008, 390, 1993, 5366, 1494, 5309, 4876, 3467, 4351, 3729, 4213, 1627, 2350, 4418, 1099, 2207, 4350, 4122, 126, 1226, 3346, 485, 461, 4316, 2763, 4212, 538, 2524, 5137, 551, 2803, 2834, 1028, 3465, 4812, 3092, 4874, 3293, 4364, 1540, 4875, 2089, 1533, 3099, 3864, 314, 3853, 5025, 936, 3013, 547, 3527, 1135, 3179, 3708, 1959, 2915, 1442, 3343, 1715, 1172, 621, 5324, 1199, 2218, 5217, 2046, 385, 4953, 4311, 5305, 4496, 4448, 3631, 5176, 528, 806, 832, 4523, 4368, 2061, 3852, 3872, 878, 2944, 3826, 1467, 3920, 2032, 2785, 5312, 850, 4325, 4817, 4528, 4631, 2673, 1419, 4022, 4047, 3515, 1333, 345, 4140, 1753, 2596, 2459, 3492, 4064, 4012, 5284, 1581, 3747, 488, 4902, 3240, 3231, 4660, 2604, 5345, 4926, 2791, 3896, 1491, 62, 5174, 1469, 478, 839, 3052, 5062, 2006, 892, 5043, 3783, 340, 2905, 2423, 3993, 145, 1939, 472, 2728, 1229, 76, 1774, 4168, 646, 3755, 2302, 3833, 2309, 3784, 1300, 4491, 5167, 993, 1136, 4597, 452, 2637, 1828, 1575, 4987, 4857, 33, 5204, 2994, 3956, 3356, 1932, 2, 4439, 3004, 4692, 5417, 2931, 3118, 4801, 2631, 2453, 2649, 4176, 1000, 1371, 959, 4302, 330, 3585, 3258, 4332, 4564, 4725, 4301, 2469, 2933, 955, 3367, 4466, 744, 15, 1582, 2199, 2281, 3882, 4530, 3131, 1808, 3728, 5433, 1145, 2174, 4890, 5229, 1468, 101, 1355, 549, 1262, 1227, 3913, 2762, 5379, 222, 988, 3088, 3480, 1783, 532, 355, 4393, 2369, 5251, 1675, 2025, 2483, 2135, 2924, 665, 1760, 2705, 4338, 2951, 1507, 939, 1243, 1285, 632, 1360, 2827, 624, 3203, 2029, 3607, 3002, 4818, 130, 3381, 3846, 4011, 2056, 1458, 1350, 3758, 4947, 5322, 1059, 1556, 864, 3345, 2939, 3659, 1466, 2067, 4380, 2797, 1076, 431, 1740, 2293, 3737, 1952, 3664, 2632, 1656, 3790, 5410, 4058, 1211, 3445, 4428, 1109, 45, 2456, 2489, 4512, 3275, 3214, 4757, 239, 5109, 2555, 3958, 3740, 1644, 4596, 2331, 3316, 5007, 3371, 3656, 4028, 635, 1926, 995, 5012, 128, 3876, 2063, 758, 3815, 2641, 2374, 3138, 4190, 1850, 954, 4179, 5049, 2669, 3355, 1960, 2016, 2620, 4538, 4407, 5126, 3167, 5169, 403, 811, 65, 121, 968, 1332, 1816, 4324, 4062, 4576, 590, 4201, 3424, 159, 2950, 281, 4615, 2812, 1686, 3514, 2890, 2509, 411, 2992, 149, 3407, 1074, 2071, 1193, 237, 3770, 1809, 4245, 979, 3469, 5231, 4183, 4837, 4502]",50,500,5,False,500
253,numeric,entity,1,True,False,True,"{2: 108, 1: 104, 5: 89, 4: 74, 3: 118, 0: 7}","[365, 353, 2801, 2313, 4363, 3055, 466, 5179, 4620, 922, 1488, 3354, 1490, 872, 280, 265, 3837, 2759, 5068, 1765, 2589, 1272, 2677, 4079, 926, 4931, 1511, 989, 3357, 999, 2993, 4192, 5431, 5121, 5175, 2470, 2867, 1374, 5434, 4983, 5381, 4304, 3235, 2126, 1748, 3628, 3439, 1615, 5008, 4767, 3479, 862, 3772, 522, 5242, 980, 4258, 3229, 787, 4436, 3886, 4934, 1882, 5154, 3111, 1353, 1329, 299, 1286, 1212, 1588, 4679, 4669, 3495, 1902, 1362, 2606, 5310, 2142, 3632, 1053, 2593, 2740, 2107, 1110, 4029, 5045, 3603, 3962, 2979, 3204, 4830, 774, 3892, 3218, 893, 666, 932, 5118, 1568, 3523, 887, 4114, 3364, 3066, 3312, 2615, 2153, 4142, 5235, 3163, 4793, 1416, 4203, 2523, 238, 1892, 167, 1434, 1240, 3542, 3856, 4008, 390, 1993, 5366, 1494, 5309, 4876, 3467, 4351, 3729, 4213, 1627, 2350, 4418, 1099, 2207, 4350, 4122, 126, 1226, 3346, 485, 461, 4316, 2763, 4212, 538, 2524, 5137, 551, 2803, 2834, 1028, 3465, 4812, 3092, 4874, 3293, 4364, 1540, 4875, 2089, 1533, 3099, 3864, 314, 3853, 5025, 936, 3013, 547, 3527, 1135, 3179, 3708, 1959, 2915, 1442, 3343, 1715, 1172, 621, 5324, 1199, 2218, 5217, 2046, 385, 4953, 4311, 5305, 4496, 4448, 3631, 5176, 528, 806, 832, 4523, 4368, 2061, 3852, 3872, 878, 2944, 3826, 1467, 3920, 2032, 2785, 5312, 850, 4325, 4817, 4528, 4631, 2673, 1419, 4022, 4047, 3515, 1333, 345, 4140, 1753, 2596, 2459, 3492, 4064, 4012, 5284, 1581, 3747, 488, 4902, 3240, 3231, 4660, 2604, 5345, 4926, 2791, 3896, 1491, 62, 5174, 1469, 478, 839, 3052, 5062, 2006, 892, 5043, 3783, 340, 2905, 2423, 3993, 145, 1939, 472, 2728, 1229, 76, 1774, 4168, 646, 3755, 2302, 3833, 2309, 3784, 1300, 4491, 5167, 993, 1136, 4597, 452, 2637, 1828, 1575, 4987, 4857, 33, 5204, 2994, 3956, 3356, 1932, 2, 4439, 3004, 4692, 5417, 2931, 3118, 4801, 2631, 2453, 2649, 4176, 1000, 1371, 959, 4302, 330, 3585, 3258, 4332, 4564, 4725, 4301, 2469, 2933, 955, 3367, 4466, 744, 15, 1582, 2199, 2281, 3882, 4530, 3131, 1808, 3728, 5433, 1145, 2174, 4890, 5229, 1468, 101, 1355, 549, 1262, 1227, 3913, 2762, 5379, 222, 988, 3088, 3480, 1783, 532, 355, 4393, 2369, 5251, 1675, 2025, 2483, 2135, 2924, 665, 1760, 2705, 4338, 2951, 1507, 939, 1243, 1285, 632, 1360, 2827, 624, 3203, 2029, 3607, 3002, 4818, 130, 3381, 3846, 4011, 2056, 1458, 1350, 3758, 4947, 5322, 1059, 1556, 864, 3345, 2939, 3659, 1466, 2067, 4380, 2797, 1076, 431, 1740, 2293, 3737, 1952, 3664, 2632, 1656, 3790, 5410, 4058, 1211, 3445, 4428, 1109, 45, 2456, 2489, 4512, 3275, 3214, 4757, 239, 5109, 2555, 3958, 3740, 1644, 4596, 2331, 3316, 5007, 3371, 3656, 4028, 635, 1926, 995, 5012, 128, 3876, 2063, 758, 3815, 2641, 2374, 3138, 4190, 1850, 954, 4179, 5049, 2669, 3355, 1960, 2016, 2620, 4538, 4407, 5126, 3167, 5169, 403, 811, 65, 121, 968, 1332, 1816, 4324, 4062, 4576, 590, 4201, 3424, 159, 2950, 281, 4615, 2812, 1686, 3514, 2890, 2509, 411, 2992, 149, 3407, 1074, 2071, 1193, 237, 3770, 1809, 4245, 979, 3469, 5231, 4183, 4837, 4502]",253,500,5,False,500
262,numeric,numeric,5,True,True,True,"{2: 108, 1: 104, 5: 89, 4: 74, 3: 118, 0: 7}","[365, 353, 2801, 2313, 4363, 3055, 466, 5179, 4620, 922, 1488, 3354, 1490, 872, 280, 265, 3837, 2759, 5068, 1765, 2589, 1272, 2677, 4079, 926, 4931, 1511, 989, 3357, 999, 2993, 4192, 5431, 5121, 5175, 2470, 2867, 1374, 5434, 4983, 5381, 4304, 3235, 2126, 1748, 3628, 3439, 1615, 5008, 4767, 3479, 862, 3772, 522, 5242, 980, 4258, 3229, 787, 4436, 3886, 4934, 1882, 5154, 3111, 1353, 1329, 299, 1286, 1212, 1588, 4679, 4669, 3495, 1902, 1362, 2606, 5310, 2142, 3632, 1053, 2593, 2740, 2107, 1110, 4029, 5045, 3603, 3962, 2979, 3204, 4830, 774, 3892, 3218, 893, 666, 932, 5118, 1568, 3523, 887, 4114, 3364, 3066, 3312, 2615, 2153, 4142, 5235, 3163, 4793, 1416, 4203, 2523, 238, 1892, 167, 1434, 1240, 3542, 3856, 4008, 390, 1993, 5366, 1494, 5309, 4876, 3467, 4351, 3729, 4213, 1627, 2350, 4418, 1099, 2207, 4350, 4122, 126, 1226, 3346, 485, 461, 4316, 2763, 4212, 538, 2524, 5137, 551, 2803, 2834, 1028, 3465, 4812, 3092, 4874, 3293, 4364, 1540, 4875, 2089, 1533, 3099, 3864, 314, 3853, 5025, 936, 3013, 547, 3527, 1135, 3179, 3708, 1959, 2915, 1442, 3343, 1715, 1172, 621, 5324, 1199, 2218, 5217, 2046, 385, 4953, 4311, 5305, 4496, 4448, 3631, 5176, 528, 806, 832, 4523, 4368, 2061, 3852, 3872, 878, 2944, 3826, 1467, 3920, 2032, 2785, 5312, 850, 4325, 4817, 4528, 4631, 2673, 1419, 4022, 4047, 3515, 1333, 345, 4140, 1753, 2596, 2459, 3492, 4064, 4012, 5284, 1581, 3747, 488, 4902, 3240, 3231, 4660, 2604, 5345, 4926, 2791, 3896, 1491, 62, 5174, 1469, 478, 839, 3052, 5062, 2006, 892, 5043, 3783, 340, 2905, 2423, 3993, 145, 1939, 472, 2728, 1229, 76, 1774, 4168, 646, 3755, 2302, 3833, 2309, 3784, 1300, 4491, 5167, 993, 1136, 4597, 452, 2637, 1828, 1575, 4987, 4857, 33, 5204, 2994, 3956, 3356, 1932, 2, 4439, 3004, 4692, 5417, 2931, 3118, 4801, 2631, 2453, 2649, 4176, 1000, 1371, 959, 4302, 330, 3585, 3258, 4332, 4564, 4725, 4301, 2469, 2933, 955, 3367, 4466, 744, 15, 1582, 2199, 2281, 3882, 4530, 3131, 1808, 3728, 5433, 1145, 2174, 4890, 5229, 1468, 101, 1355, 549, 1262, 1227, 3913, 2762, 5379, 222, 988, 3088, 3480, 1783, 532, 355, 4393, 2369, 5251, 1675, 2025, 2483, 2135, 2924, 665, 1760, 2705, 4338, 2951, 1507, 939, 1243, 1285, 632, 1360, 2827, 624, 3203, 2029, 3607, 3002, 4818, 130, 3381, 3846, 4011, 2056, 1458, 1350, 3758, 4947, 5322, 1059, 1556, 864, 3345, 2939, 3659, 1466, 2067, 4380, 2797, 1076, 431, 1740, 2293, 3737, 1952, 3664, 2632, 1656, 3790, 5410, 4058, 1211, 3445, 4428, 1109, 45, 2456, 2489, 4512, 3275, 3214, 4757, 239, 5109, 2555, 3958, 3740, 1644, 4596, 2331, 3316, 5007, 3371, 3656, 4028, 635, 1926, 995, 5012, 128, 3876, 2063, 758, 3815, 2641, 2374, 3138, 4190, 1850, 954, 4179, 5049, 2669, 3355, 1960, 2016, 2620, 4538, 4407, 5126, 3167, 5169, 403, 811, 65, 121, 968, 1332, 1816, 4324, 4062, 4576, 590, 4201, 3424, 159, 2950, 281, 4615, 2812, 1686, 3514, 2890, 2509, 411, 2992, 149, 3407, 1074, 2071, 1193, 237, 3770, 1809, 4245, 979, 3469, 5231, 4183, 4837, 4502]",262,500,5,False,500
41,description,description,2,True,True,True,"{2: 108, 1: 104, 5: 89, 4: 74, 3: 118, 0: 7}","[365, 353, 2801, 2313, 4363, 3055, 466, 5179, 4620, 922, 1488, 3354, 1490, 872, 280, 265, 3837, 2759, 5068, 1765, 2589, 1272, 2677, 4079, 926, 4931, 1511, 989, 3357, 999, 2993, 4192, 5431, 5121, 5175, 2470, 2867, 1374, 5434, 4983, 5381, 4304, 3235, 2126, 1748, 3628, 3439, 1615, 5008, 4767, 3479, 862, 3772, 522, 5242, 980, 4258, 3229, 787, 4436, 3886, 4934, 1882, 5154, 3111, 1353, 1329, 299, 1286, 1212, 1588, 4679, 4669, 3495, 1902, 1362, 2606, 5310, 2142, 3632, 1053, 2593, 2740, 2107, 1110, 4029, 5045, 3603, 3962, 2979, 3204, 4830, 774, 3892, 3218, 893, 666, 932, 5118, 1568, 3523, 887, 4114, 3364, 3066, 3312, 2615, 2153, 4142, 5235, 3163, 4793, 1416, 4203, 2523, 238, 1892, 167, 1434, 1240, 3542, 3856, 4008, 390, 1993, 5366, 1494, 5309, 4876, 3467, 4351, 3729, 4213, 1627, 2350, 4418, 1099, 2207, 4350, 4122, 126, 1226, 3346, 485, 461, 4316, 2763, 4212, 538, 2524, 5137, 551, 2803, 2834, 1028, 3465, 4812, 3092, 4874, 3293, 4364, 1540, 4875, 2089, 1533, 3099, 3864, 314, 3853, 5025, 936, 3013, 547, 3527, 1135, 3179, 3708, 1959, 2915, 1442, 3343, 1715, 1172, 621, 5324, 1199, 2218, 5217, 2046, 385, 4953, 4311, 5305, 4496, 4448, 3631, 5176, 528, 806, 832, 4523, 4368, 2061, 3852, 3872, 878, 2944, 3826, 1467, 3920, 2032, 2785, 5312, 850, 4325, 4817, 4528, 4631, 2673, 1419, 4022, 4047, 3515, 1333, 345, 4140, 1753, 2596, 2459, 3492, 4064, 4012, 5284, 1581, 3747, 488, 4902, 3240, 3231, 4660, 2604, 5345, 4926, 2791, 3896, 1491, 62, 5174, 1469, 478, 839, 3052, 5062, 2006, 892, 5043, 3783, 340, 2905, 2423, 3993, 145, 1939, 472, 2728, 1229, 76, 1774, 4168, 646, 3755, 2302, 3833, 2309, 3784, 1300, 4491, 5167, 993, 1136, 4597, 452, 2637, 1828, 1575, 4987, 4857, 33, 5204, 2994, 3956, 3356, 1932, 2, 4439, 3004, 4692, 5417, 2931, 3118, 4801, 2631, 2453, 2649, 4176, 1000, 1371, 959, 4302, 330, 3585, 3258, 4332, 4564, 4725, 4301, 2469, 2933, 955, 3367, 4466, 744, 15, 1582, 2199, 2281, 3882, 4530, 3131, 1808, 3728, 5433, 1145, 2174, 4890, 5229, 1468, 101, 1355, 549, 1262, 1227, 3913, 2762, 5379, 222, 988, 3088, 3480, 1783, 532, 355, 4393, 2369, 5251, 1675, 2025, 2483, 2135, 2924, 665, 1760, 2705, 4338, 2951, 1507, 939, 1243, 1285, 632, 1360, 2827, 624, 3203, 2029, 3607, 3002, 4818, 130, 3381, 3846, 4011, 2056, 1458, 1350, 3758, 4947, 5322, 1059, 1556, 864, 3345, 2939, 3659, 1466, 2067, 4380, 2797, 1076, 431, 1740, 2293, 3737, 1952, 3664, 2632, 1656, 3790, 5410, 4058, 1211, 3445, 4428, 1109, 45, 2456, 2489, 4512, 3275, 3214, 4757, 239, 5109, 2555, 3958, 3740, 1644, 4596, 2331, 3316, 5007, 3371, 3656, 4028, 635, 1926, 995, 5012, 128, 3876, 2063, 758, 3815, 2641, 2374, 3138, 4190, 1850, 954, 4179, 5049, 2669, 3355, 1960, 2016, 2620, 4538, 4407, 5126, 3167, 5169, 403, 811, 65, 121, 968, 1332, 1816, 4324, 4062, 4576, 590, 4201, 3424, 159, 2950, 281, 4615, 2812, 1686, 3514, 2890, 2509, 411, 2992, 149, 3407, 1074, 2071, 1193, 237, 3770, 1809, 4245, 979, 3469, 5231, 4183, 4837, 4502]",41,500,5,False,500
106,numeric,numeric,5,True,True,True,"{2: 108, 1: 104, 5: 89, 4: 74, 3: 118, 0: 7}","[365, 353, 2801, 2313, 4363, 3055, 466, 5179, 4620, 922, 1488, 3354, 1490, 872, 280, 265, 3837, 2759, 5068, 1765, 2589, 1272, 2677, 4079, 926, 4931, 1511, 989, 3357, 999, 2993, 4192, 5431, 5121, 5175, 2470, 2867, 1374, 5434, 4983, 5381, 4304, 3235, 2126, 1748, 3628, 3439, 1615, 5008, 4767, 3479, 862, 3772, 522, 5242, 980, 4258, 3229, 787, 4436, 3886, 4934, 1882, 5154, 3111, 1353, 1329, 299, 1286, 1212, 1588, 4679, 4669, 3495, 1902, 1362, 2606, 5310, 2142, 3632, 1053, 2593, 2740, 2107, 1110, 4029, 5045, 3603, 3962, 2979, 3204, 4830, 774, 3892, 3218, 893, 666, 932, 5118, 1568, 3523, 887, 4114, 3364, 3066, 3312, 2615, 2153, 4142, 5235, 3163, 4793, 1416, 4203, 2523, 238, 1892, 167, 1434, 1240, 3542, 3856, 4008, 390, 1993, 5366, 1494, 5309, 4876, 3467, 4351, 3729, 4213, 1627, 2350, 4418, 1099, 2207, 4350, 4122, 126, 1226, 3346, 485, 461, 4316, 2763, 4212, 538, 2524, 5137, 551, 2803, 2834, 1028, 3465, 4812, 3092, 4874, 3293, 4364, 1540, 4875, 2089, 1533, 3099, 3864, 314, 3853, 5025, 936, 3013, 547, 3527, 1135, 3179, 3708, 1959, 2915, 1442, 3343, 1715, 1172, 621, 5324, 1199, 2218, 5217, 2046, 385, 4953, 4311, 5305, 4496, 4448, 3631, 5176, 528, 806, 832, 4523, 4368, 2061, 3852, 3872, 878, 2944, 3826, 1467, 3920, 2032, 2785, 5312, 850, 4325, 4817, 4528, 4631, 2673, 1419, 4022, 4047, 3515, 1333, 345, 4140, 1753, 2596, 2459, 3492, 4064, 4012, 5284, 1581, 3747, 488, 4902, 3240, 3231, 4660, 2604, 5345, 4926, 2791, 3896, 1491, 62, 5174, 1469, 478, 839, 3052, 5062, 2006, 892, 5043, 3783, 340, 2905, 2423, 3993, 145, 1939, 472, 2728, 1229, 76, 1774, 4168, 646, 3755, 2302, 3833, 2309, 3784, 1300, 4491, 5167, 993, 1136, 4597, 452, 2637, 1828, 1575, 4987, 4857, 33, 5204, 2994, 3956, 3356, 1932, 2, 4439, 3004, 4692, 5417, 2931, 3118, 4801, 2631, 2453, 2649, 4176, 1000, 1371, 959, 4302, 330, 3585, 3258, 4332, 4564, 4725, 4301, 2469, 2933, 955, 3367, 4466, 744, 15, 1582, 2199, 2281, 3882, 4530, 3131, 1808, 3728, 5433, 1145, 2174, 4890, 5229, 1468, 101, 1355, 549, 1262, 1227, 3913, 2762, 5379, 222, 988, 3088, 3480, 1783, 532, 355, 4393, 2369, 5251, 1675, 2025, 2483, 2135, 2924, 665, 1760, 2705, 4338, 2951, 1507, 939, 1243, 1285, 632, 1360, 2827, 624, 3203, 2029, 3607, 3002, 4818, 130, 3381, 3846, 4011, 2056, 1458, 1350, 3758, 4947, 5322, 1059, 1556, 864, 3345, 2939, 3659, 1466, 2067, 4380, 2797, 1076, 431, 1740, 2293, 3737, 1952, 3664, 2632, 1656, 3790, 5410, 4058, 1211, 3445, 4428, 1109, 45, 2456, 2489, 4512, 3275, 3214, 4757, 239, 5109, 2555, 3958, 3740, 1644, 4596, 2331, 3316, 5007, 3371, 3656, 4028, 635, 1926, 995, 5012, 128, 3876, 2063, 758, 3815, 2641, 2374, 3138, 4190, 1850, 954, 4179, 5049, 2669, 3355, 1960, 2016, 2620, 4538, 4407, 5126, 3167, 5169, 403, 811, 65, 121, 968, 1332, 1816, 4324, 4062, 4576, 590, 4201, 3424, 159, 2950, 281, 4615, 2812, 1686, 3514, 2890, 2509, 411, 2992, 149, 3407, 1074, 2071, 1193, 237, 3770, 1809, 4245, 979, 3469, 5231, 4183, 4837, 4502]",106,500,5,False,500
72,location,location,4,True,True,True,"{2: 108, 1: 104, 5: 89, 4: 74, 3: 118, 0: 7}","[365, 353, 2801, 2313, 4363, 3055, 466, 5179, 4620, 922, 1488, 3354, 1490, 872, 280, 265, 3837, 2759, 5068, 1765, 2589, 1272, 2677, 4079, 926, 4931, 1511, 989, 3357, 999, 2993, 4192, 5431, 5121, 5175, 2470, 2867, 1374, 5434, 4983, 5381, 4304, 3235, 2126, 1748, 3628, 3439, 1615, 5008, 4767, 3479, 862, 3772, 522, 5242, 980, 4258, 3229, 787, 4436, 3886, 4934, 1882, 5154, 3111, 1353, 1329, 299, 1286, 1212, 1588, 4679, 4669, 3495, 1902, 1362, 2606, 5310, 2142, 3632, 1053, 2593, 2740, 2107, 1110, 4029, 5045, 3603, 3962, 2979, 3204, 4830, 774, 3892, 3218, 893, 666, 932, 5118, 1568, 3523, 887, 4114, 3364, 3066, 3312, 2615, 2153, 4142, 5235, 3163, 4793, 1416, 4203, 2523, 238, 1892, 167, 1434, 1240, 3542, 3856, 4008, 390, 1993, 5366, 1494, 5309, 4876, 3467, 4351, 3729, 4213, 1627, 2350, 4418, 1099, 2207, 4350, 4122, 126, 1226, 3346, 485, 461, 4316, 2763, 4212, 538, 2524, 5137, 551, 2803, 2834, 1028, 3465, 4812, 3092, 4874, 3293, 4364, 1540, 4875, 2089, 1533, 3099, 3864, 314, 3853, 5025, 936, 3013, 547, 3527, 1135, 3179, 3708, 1959, 2915, 1442, 3343, 1715, 1172, 621, 5324, 1199, 2218, 5217, 2046, 385, 4953, 4311, 5305, 4496, 4448, 3631, 5176, 528, 806, 832, 4523, 4368, 2061, 3852, 3872, 878, 2944, 3826, 1467, 3920, 2032, 2785, 5312, 850, 4325, 4817, 4528, 4631, 2673, 1419, 4022, 4047, 3515, 1333, 345, 4140, 1753, 2596, 2459, 3492, 4064, 4012, 5284, 1581, 3747, 488, 4902, 3240, 3231, 4660, 2604, 5345, 4926, 2791, 3896, 1491, 62, 5174, 1469, 478, 839, 3052, 5062, 2006, 892, 5043, 3783, 340, 2905, 2423, 3993, 145, 1939, 472, 2728, 1229, 76, 1774, 4168, 646, 3755, 2302, 3833, 2309, 3784, 1300, 4491, 5167, 993, 1136, 4597, 452, 2637, 1828, 1575, 4987, 4857, 33, 5204, 2994, 3956, 3356, 1932, 2, 4439, 3004, 4692, 5417, 2931, 3118, 4801, 2631, 2453, 2649, 4176, 1000, 1371, 959, 4302, 330, 3585, 3258, 4332, 4564, 4725, 4301, 2469, 2933, 955, 3367, 4466, 744, 15, 1582, 2199, 2281, 3882, 4530, 3131, 1808, 3728, 5433, 1145, 2174, 4890, 5229, 1468, 101, 1355, 549, 1262, 1227, 3913, 2762, 5379, 222, 988, 3088, 3480, 1783, 532, 355, 4393, 2369, 5251, 1675, 2025, 2483, 2135, 2924, 665, 1760, 2705, 4338, 2951, 1507, 939, 1243, 1285, 632, 1360, 2827, 624, 3203, 2029, 3607, 3002, 4818, 130, 3381, 3846, 4011, 2056, 1458, 1350, 3758, 4947, 5322, 1059, 1556, 864, 3345, 2939, 3659, 1466, 2067, 4380, 2797, 1076, 431, 1740, 2293, 3737, 1952, 3664, 2632, 1656, 3790, 5410, 4058, 1211, 3445, 4428, 1109, 45, 2456, 2489, 4512, 3275, 3214, 4757, 239, 5109, 2555, 3958, 3740, 1644, 4596, 2331, 3316, 5007, 3371, 3656, 4028, 635, 1926, 995, 5012, 128, 3876, 2063, 758, 3815, 2641, 2374, 3138, 4190, 1850, 954, 4179, 5049, 2669, 3355, 1960, 2016, 2620, 4538, 4407, 5126, 3167, 5169, 403, 811, 65, 121, 968, 1332, 1816, 4324, 4062, 4576, 590, 4201, 3424, 159, 2950, 281, 4615, 2812, 1686, 3514, 2890, 2509, 411, 2992, 149, 3407, 1074, 2071, 1193, 237, 3770, 1809, 4245, 979, 3469, 5231, 4183, 4837, 4502]",72,500,5,False,500
274,description,description,2,True,True,True,"{2: 108, 1: 104, 5: 89, 4: 74, 3: 118, 0: 7}","[365, 353, 2801, 2313, 4363, 3055, 466, 5179, 4620, 922, 1488, 3354, 1490, 872, 280, 265, 3837, 2759, 5068, 1765, 2589, 1272, 2677, 4079, 926, 4931, 1511, 989, 3357, 999, 2993, 4192, 5431, 5121, 5175, 2470, 2867, 1374, 5434, 4983, 5381, 4304, 3235, 2126, 1748, 3628, 3439, 1615, 5008, 4767, 3479, 862, 3772, 522, 5242, 980, 4258, 3229, 787, 4436, 3886, 4934, 1882, 5154, 3111, 1353, 1329, 299, 1286, 1212, 1588, 4679, 4669, 3495, 1902, 1362, 2606, 5310, 2142, 3632, 1053, 2593, 2740, 2107, 1110, 4029, 5045, 3603, 3962, 2979, 3204, 4830, 774, 3892, 3218, 893, 666, 932, 5118, 1568, 3523, 887, 4114, 3364, 3066, 3312, 2615, 2153, 4142, 5235, 3163, 4793, 1416, 4203, 2523, 238, 1892, 167, 1434, 1240, 3542, 3856, 4008, 390, 1993, 5366, 1494, 5309, 4876, 3467, 4351, 3729, 4213, 1627, 2350, 4418, 1099, 2207, 4350, 4122, 126, 1226, 3346, 485, 461, 4316, 2763, 4212, 538, 2524, 5137, 551, 2803, 2834, 1028, 3465, 4812, 3092, 4874, 3293, 4364, 1540, 4875, 2089, 1533, 3099, 3864, 314, 3853, 5025, 936, 3013, 547, 3527, 1135, 3179, 3708, 1959, 2915, 1442, 3343, 1715, 1172, 621, 5324, 1199, 2218, 5217, 2046, 385, 4953, 4311, 5305, 4496, 4448, 3631, 5176, 528, 806, 832, 4523, 4368, 2061, 3852, 3872, 878, 2944, 3826, 1467, 3920, 2032, 2785, 5312, 850, 4325, 4817, 4528, 4631, 2673, 1419, 4022, 4047, 3515, 1333, 345, 4140, 1753, 2596, 2459, 3492, 4064, 4012, 5284, 1581, 3747, 488, 4902, 3240, 3231, 4660, 2604, 5345, 4926, 2791, 3896, 1491, 62, 5174, 1469, 478, 839, 3052, 5062, 2006, 892, 5043, 3783, 340, 2905, 2423, 3993, 145, 1939, 472, 2728, 1229, 76, 1774, 4168, 646, 3755, 2302, 3833, 2309, 3784, 1300, 4491, 5167, 993, 1136, 4597, 452, 2637, 1828, 1575, 4987, 4857, 33, 5204, 2994, 3956, 3356, 1932, 2, 4439, 3004, 4692, 5417, 2931, 3118, 4801, 2631, 2453, 2649, 4176, 1000, 1371, 959, 4302, 330, 3585, 3258, 4332, 4564, 4725, 4301, 2469, 2933, 955, 3367, 4466, 744, 15, 1582, 2199, 2281, 3882, 4530, 3131, 1808, 3728, 5433, 1145, 2174, 4890, 5229, 1468, 101, 1355, 549, 1262, 1227, 3913, 2762, 5379, 222, 988, 3088, 3480, 1783, 532, 355, 4393, 2369, 5251, 1675, 2025, 2483, 2135, 2924, 665, 1760, 2705, 4338, 2951, 1507, 939, 1243, 1285, 632, 1360, 2827, 624, 3203, 2029, 3607, 3002, 4818, 130, 3381, 3846, 4011, 2056, 1458, 1350, 3758, 4947, 5322, 1059, 1556, 864, 3345, 2939, 3659, 1466, 2067, 4380, 2797, 1076, 431, 1740, 2293, 3737, 1952, 3664, 2632, 1656, 3790, 5410, 4058, 1211, 3445, 4428, 1109, 45, 2456, 2489, 4512, 3275, 3214, 4757, 239, 5109, 2555, 3958, 3740, 1644, 4596, 2331, 3316, 5007, 3371, 3656, 4028, 635, 1926, 995, 5012, 128, 3876, 2063, 758, 3815, 2641, 2374, 3138, 4190, 1850, 954, 4179, 5049, 2669, 3355, 1960, 2016, 2620, 4538, 4407, 5126, 3167, 5169, 403, 811, 65, 121, 968, 1332, 1816, 4324, 4062, 4576, 590, 4201, 3424, 159, 2950, 281, 4615, 2812, 1686, 3514, 2890, 2509, 411, 2992, 149, 3407, 1074, 2071, 1193, 237, 3770, 1809, 4245, 979, 3469, 5231, 4183, 4837, 4502]",274,500,5,False,500
367,numeric,entity,1,True,False,True,"{2: 108, 1: 104, 5: 89, 4: 74, 3: 118, 0: 7}","[365, 353, 2801, 2313, 4363, 3055, 466, 5179, 4620, 922, 1488, 3354, 1490, 872, 280, 265, 3837, 2759, 5068, 1765, 2589, 1272, 2677, 4079, 926, 4931, 1511, 989, 3357, 999, 2993, 4192, 5431, 5121, 5175, 2470, 2867, 1374, 5434, 4983, 5381, 4304, 3235, 2126, 1748, 3628, 3439, 1615, 5008, 4767, 3479, 862, 3772, 522, 5242, 980, 4258, 3229, 787, 4436, 3886, 4934, 1882, 5154, 3111, 1353, 1329, 299, 1286, 1212, 1588, 4679, 4669, 3495, 1902, 1362, 2606, 5310, 2142, 3632, 1053, 2593, 2740, 2107, 1110, 4029, 5045, 3603, 3962, 2979, 3204, 4830, 774, 3892, 3218, 893, 666, 932, 5118, 1568, 3523, 887, 4114, 3364, 3066, 3312, 2615, 2153, 4142, 5235, 3163, 4793, 1416, 4203, 2523, 238, 1892, 167, 1434, 1240, 3542, 3856, 4008, 390, 1993, 5366, 1494, 5309, 4876, 3467, 4351, 3729, 4213, 1627, 2350, 4418, 1099, 2207, 4350, 4122, 126, 1226, 3346, 485, 461, 4316, 2763, 4212, 538, 2524, 5137, 551, 2803, 2834, 1028, 3465, 4812, 3092, 4874, 3293, 4364, 1540, 4875, 2089, 1533, 3099, 3864, 314, 3853, 5025, 936, 3013, 547, 3527, 1135, 3179, 3708, 1959, 2915, 1442, 3343, 1715, 1172, 621, 5324, 1199, 2218, 5217, 2046, 385, 4953, 4311, 5305, 4496, 4448, 3631, 5176, 528, 806, 832, 4523, 4368, 2061, 3852, 3872, 878, 2944, 3826, 1467, 3920, 2032, 2785, 5312, 850, 4325, 4817, 4528, 4631, 2673, 1419, 4022, 4047, 3515, 1333, 345, 4140, 1753, 2596, 2459, 3492, 4064, 4012, 5284, 1581, 3747, 488, 4902, 3240, 3231, 4660, 2604, 5345, 4926, 2791, 3896, 1491, 62, 5174, 1469, 478, 839, 3052, 5062, 2006, 892, 5043, 3783, 340, 2905, 2423, 3993, 145, 1939, 472, 2728, 1229, 76, 1774, 4168, 646, 3755, 2302, 3833, 2309, 3784, 1300, 4491, 5167, 993, 1136, 4597, 452, 2637, 1828, 1575, 4987, 4857, 33, 5204, 2994, 3956, 3356, 1932, 2, 4439, 3004, 4692, 5417, 2931, 3118, 4801, 2631, 2453, 2649, 4176, 1000, 1371, 959, 4302, 330, 3585, 3258, 4332, 4564, 4725, 4301, 2469, 2933, 955, 3367, 4466, 744, 15, 1582, 2199, 2281, 3882, 4530, 3131, 1808, 3728, 5433, 1145, 2174, 4890, 5229, 1468, 101, 1355, 549, 1262, 1227, 3913, 2762, 5379, 222, 988, 3088, 3480, 1783, 532, 355, 4393, 2369, 5251, 1675, 2025, 2483, 2135, 2924, 665, 1760, 2705, 4338, 2951, 1507, 939, 1243, 1285, 632, 1360, 2827, 624, 3203, 2029, 3607, 3002, 4818, 130, 3381, 3846, 4011, 2056, 1458, 1350, 3758, 4947, 5322, 1059, 1556, 864, 3345, 2939, 3659, 1466, 2067, 4380, 2797, 1076, 431, 1740, 2293, 3737, 1952, 3664, 2632, 1656, 3790, 5410, 4058, 1211, 3445, 4428, 1109, 45, 2456, 2489, 4512, 3275, 3214, 4757, 239, 5109, 2555, 3958, 3740, 1644, 4596, 2331, 3316, 5007, 3371, 3656, 4028, 635, 1926, 995, 5012, 128, 3876, 2063, 758, 3815, 2641, 2374, 3138, 4190, 1850, 954, 4179, 5049, 2669, 3355, 1960, 2016, 2620, 4538, 4407, 5126, 3167, 5169, 403, 811, 65, 121, 968, 1332, 1816, 4324, 4062, 4576, 590, 4201, 3424, 159, 2950, 281, 4615, 2812, 1686, 3514, 2890, 2509, 411, 2992, 149, 3407, 1074, 2071, 1193, 237, 3770, 1809, 4245, 979, 3469, 5231, 4183, 4837, 4502]",367,500,5,False,500
180,location,location,4,True,True,True,"{2: 108, 1: 104, 5: 89, 4: 74, 3: 118, 0: 7}","[365, 353, 2801, 2313, 4363, 3055, 466, 5179, 4620, 922, 1488, 3354, 1490, 872, 280, 265, 3837, 2759, 5068, 1765, 2589, 1272, 2677, 4079, 926, 4931, 1511, 989, 3357, 999, 2993, 4192, 5431, 5121, 5175, 2470, 2867, 1374, 5434, 4983, 5381, 4304, 3235, 2126, 1748, 3628, 3439, 1615, 5008, 4767, 3479, 862, 3772, 522, 5242, 980, 4258, 3229, 787, 4436, 3886, 4934, 1882, 5154, 3111, 1353, 1329, 299, 1286, 1212, 1588, 4679, 4669, 3495, 1902, 1362, 2606, 5310, 2142, 3632, 1053, 2593, 2740, 2107, 1110, 4029, 5045, 3603, 3962, 2979, 3204, 4830, 774, 3892, 3218, 893, 666, 932, 5118, 1568, 3523, 887, 4114, 3364, 3066, 3312, 2615, 2153, 4142, 5235, 3163, 4793, 1416, 4203, 2523, 238, 1892, 167, 1434, 1240, 3542, 3856, 4008, 390, 1993, 5366, 1494, 5309, 4876, 3467, 4351, 3729, 4213, 1627, 2350, 4418, 1099, 2207, 4350, 4122, 126, 1226, 3346, 485, 461, 4316, 2763, 4212, 538, 2524, 5137, 551, 2803, 2834, 1028, 3465, 4812, 3092, 4874, 3293, 4364, 1540, 4875, 2089, 1533, 3099, 3864, 314, 3853, 5025, 936, 3013, 547, 3527, 1135, 3179, 3708, 1959, 2915, 1442, 3343, 1715, 1172, 621, 5324, 1199, 2218, 5217, 2046, 385, 4953, 4311, 5305, 4496, 4448, 3631, 5176, 528, 806, 832, 4523, 4368, 2061, 3852, 3872, 878, 2944, 3826, 1467, 3920, 2032, 2785, 5312, 850, 4325, 4817, 4528, 4631, 2673, 1419, 4022, 4047, 3515, 1333, 345, 4140, 1753, 2596, 2459, 3492, 4064, 4012, 5284, 1581, 3747, 488, 4902, 3240, 3231, 4660, 2604, 5345, 4926, 2791, 3896, 1491, 62, 5174, 1469, 478, 839, 3052, 5062, 2006, 892, 5043, 3783, 340, 2905, 2423, 3993, 145, 1939, 472, 2728, 1229, 76, 1774, 4168, 646, 3755, 2302, 3833, 2309, 3784, 1300, 4491, 5167, 993, 1136, 4597, 452, 2637, 1828, 1575, 4987, 4857, 33, 5204, 2994, 3956, 3356, 1932, 2, 4439, 3004, 4692, 5417, 2931, 3118, 4801, 2631, 2453, 2649, 4176, 1000, 1371, 959, 4302, 330, 3585, 3258, 4332, 4564, 4725, 4301, 2469, 2933, 955, 3367, 4466, 744, 15, 1582, 2199, 2281, 3882, 4530, 3131, 1808, 3728, 5433, 1145, 2174, 4890, 5229, 1468, 101, 1355, 549, 1262, 1227, 3913, 2762, 5379, 222, 988, 3088, 3480, 1783, 532, 355, 4393, 2369, 5251, 1675, 2025, 2483, 2135, 2924, 665, 1760, 2705, 4338, 2951, 1507, 939, 1243, 1285, 632, 1360, 2827, 624, 3203, 2029, 3607, 3002, 4818, 130, 3381, 3846, 4011, 2056, 1458, 1350, 3758, 4947, 5322, 1059, 1556, 864, 3345, 2939, 3659, 1466, 2067, 4380, 2797, 1076, 431, 1740, 2293, 3737, 1952, 3664, 2632, 1656, 3790, 5410, 4058, 1211, 3445, 4428, 1109, 45, 2456, 2489, 4512, 3275, 3214, 4757, 239, 5109, 2555, 3958, 3740, 1644, 4596, 2331, 3316, 5007, 3371, 3656, 4028, 635, 1926, 995, 5012, 128, 3876, 2063, 758, 3815, 2641, 2374, 3138, 4190, 1850, 954, 4179, 5049, 2669, 3355, 1960, 2016, 2620, 4538, 4407, 5126, 3167, 5169, 403, 811, 65, 121, 968, 1332, 1816, 4324, 4062, 4576, 590, 4201, 3424, 159, 2950, 281, 4615, 2812, 1686, 3514, 2890, 2509, 411, 2992, 149, 3407, 1074, 2071, 1193, 237, 3770, 1809, 4245, 979, 3469, 5231, 4183, 4837, 4502]",180,500,5,False,500
95,location,location,4,True,True,True,"{2: 108, 1: 104, 5: 89, 4: 74, 3: 118, 0: 7}","[365, 353, 2801, 2313, 4363, 3055, 466, 5179, 4620, 922, 1488, 3354, 1490, 872, 280, 265, 3837, 2759, 5068, 1765, 2589, 1272, 2677, 4079, 926, 4931, 1511, 989, 3357, 999, 2993, 4192, 5431, 5121, 5175, 2470, 2867, 1374, 5434, 4983, 5381, 4304, 3235, 2126, 1748, 3628, 3439, 1615, 5008, 4767, 3479, 862, 3772, 522, 5242, 980, 4258, 3229, 787, 4436, 3886, 4934, 1882, 5154, 3111, 1353, 1329, 299, 1286, 1212, 1588, 4679, 4669, 3495, 1902, 1362, 2606, 5310, 2142, 3632, 1053, 2593, 2740, 2107, 1110, 4029, 5045, 3603, 3962, 2979, 3204, 4830, 774, 3892, 3218, 893, 666, 932, 5118, 1568, 3523, 887, 4114, 3364, 3066, 3312, 2615, 2153, 4142, 5235, 3163, 4793, 1416, 4203, 2523, 238, 1892, 167, 1434, 1240, 3542, 3856, 4008, 390, 1993, 5366, 1494, 5309, 4876, 3467, 4351, 3729, 4213, 1627, 2350, 4418, 1099, 2207, 4350, 4122, 126, 1226, 3346, 485, 461, 4316, 2763, 4212, 538, 2524, 5137, 551, 2803, 2834, 1028, 3465, 4812, 3092, 4874, 3293, 4364, 1540, 4875, 2089, 1533, 3099, 3864, 314, 3853, 5025, 936, 3013, 547, 3527, 1135, 3179, 3708, 1959, 2915, 1442, 3343, 1715, 1172, 621, 5324, 1199, 2218, 5217, 2046, 385, 4953, 4311, 5305, 4496, 4448, 3631, 5176, 528, 806, 832, 4523, 4368, 2061, 3852, 3872, 878, 2944, 3826, 1467, 3920, 2032, 2785, 5312, 850, 4325, 4817, 4528, 4631, 2673, 1419, 4022, 4047, 3515, 1333, 345, 4140, 1753, 2596, 2459, 3492, 4064, 4012, 5284, 1581, 3747, 488, 4902, 3240, 3231, 4660, 2604, 5345, 4926, 2791, 3896, 1491, 62, 5174, 1469, 478, 839, 3052, 5062, 2006, 892, 5043, 3783, 340, 2905, 2423, 3993, 145, 1939, 472, 2728, 1229, 76, 1774, 4168, 646, 3755, 2302, 3833, 2309, 3784, 1300, 4491, 5167, 993, 1136, 4597, 452, 2637, 1828, 1575, 4987, 4857, 33, 5204, 2994, 3956, 3356, 1932, 2, 4439, 3004, 4692, 5417, 2931, 3118, 4801, 2631, 2453, 2649, 4176, 1000, 1371, 959, 4302, 330, 3585, 3258, 4332, 4564, 4725, 4301, 2469, 2933, 955, 3367, 4466, 744, 15, 1582, 2199, 2281, 3882, 4530, 3131, 1808, 3728, 5433, 1145, 2174, 4890, 5229, 1468, 101, 1355, 549, 1262, 1227, 3913, 2762, 5379, 222, 988, 3088, 3480, 1783, 532, 355, 4393, 2369, 5251, 1675, 2025, 2483, 2135, 2924, 665, 1760, 2705, 4338, 2951, 1507, 939, 1243, 1285, 632, 1360, 2827, 624, 3203, 2029, 3607, 3002, 4818, 130, 3381, 3846, 4011, 2056, 1458, 1350, 3758, 4947, 5322, 1059, 1556, 864, 3345, 2939, 3659, 1466, 2067, 4380, 2797, 1076, 431, 1740, 2293, 3737, 1952, 3664, 2632, 1656, 3790, 5410, 4058, 1211, 3445, 4428, 1109, 45, 2456, 2489, 4512, 3275, 3214, 4757, 239, 5109, 2555, 3958, 3740, 1644, 4596, 2331, 3316, 5007, 3371, 3656, 4028, 635, 1926, 995, 5012, 128, 3876, 2063, 758, 3815, 2641, 2374, 3138, 4190, 1850, 954, 4179, 5049, 2669, 3355, 1960, 2016, 2620, 4538, 4407, 5126, 3167, 5169, 403, 811, 65, 121, 968, 1332, 1816, 4324, 4062, 4576, 590, 4201, 3424, 159, 2950, 281, 4615, 2812, 1686, 3514, 2890, 2509, 411, 2992, 149, 3407, 1074, 2071, 1193, 237, 3770, 1809, 4245, 979, 3469, 5231, 4183, 4837, 4502]",95,500,5,False,500
30,numeric,numeric,5,True,True,True,"{2: 108, 1: 104, 5: 89, 4: 74, 3: 118, 0: 7}","[365, 353, 2801, 2313, 4363, 3055, 466, 5179, 4620, 922, 1488, 3354, 1490, 872, 280, 265, 3837, 2759, 5068, 1765, 2589, 1272, 2677, 4079, 926, 4931, 1511, 989, 3357, 999, 2993, 4192, 5431, 5121, 5175, 2470, 2867, 1374, 5434, 4983, 5381, 4304, 3235, 2126, 1748, 3628, 3439, 1615, 5008, 4767, 3479, 862, 3772, 522, 5242, 980, 4258, 3229, 787, 4436, 3886, 4934, 1882, 5154, 3111, 1353, 1329, 299, 1286, 1212, 1588, 4679, 4669, 3495, 1902, 1362, 2606, 5310, 2142, 3632, 1053, 2593, 2740, 2107, 1110, 4029, 5045, 3603, 3962, 2979, 3204, 4830, 774, 3892, 3218, 893, 666, 932, 5118, 1568, 3523, 887, 4114, 3364, 3066, 3312, 2615, 2153, 4142, 5235, 3163, 4793, 1416, 4203, 2523, 238, 1892, 167, 1434, 1240, 3542, 3856, 4008, 390, 1993, 5366, 1494, 5309, 4876, 3467, 4351, 3729, 4213, 1627, 2350, 4418, 1099, 2207, 4350, 4122, 126, 1226, 3346, 485, 461, 4316, 2763, 4212, 538, 2524, 5137, 551, 2803, 2834, 1028, 3465, 4812, 3092, 4874, 3293, 4364, 1540, 4875, 2089, 1533, 3099, 3864, 314, 3853, 5025, 936, 3013, 547, 3527, 1135, 3179, 3708, 1959, 2915, 1442, 3343, 1715, 1172, 621, 5324, 1199, 2218, 5217, 2046, 385, 4953, 4311, 5305, 4496, 4448, 3631, 5176, 528, 806, 832, 4523, 4368, 2061, 3852, 3872, 878, 2944, 3826, 1467, 3920, 2032, 2785, 5312, 850, 4325, 4817, 4528, 4631, 2673, 1419, 4022, 4047, 3515, 1333, 345, 4140, 1753, 2596, 2459, 3492, 4064, 4012, 5284, 1581, 3747, 488, 4902, 3240, 3231, 4660, 2604, 5345, 4926, 2791, 3896, 1491, 62, 5174, 1469, 478, 839, 3052, 5062, 2006, 892, 5043, 3783, 340, 2905, 2423, 3993, 145, 1939, 472, 2728, 1229, 76, 1774, 4168, 646, 3755, 2302, 3833, 2309, 3784, 1300, 4491, 5167, 993, 1136, 4597, 452, 2637, 1828, 1575, 4987, 4857, 33, 5204, 2994, 3956, 3356, 1932, 2, 4439, 3004, 4692, 5417, 2931, 3118, 4801, 2631, 2453, 2649, 4176, 1000, 1371, 959, 4302, 330, 3585, 3258, 4332, 4564, 4725, 4301, 2469, 2933, 955, 3367, 4466, 744, 15, 1582, 2199, 2281, 3882, 4530, 3131, 1808, 3728, 5433, 1145, 2174, 4890, 5229, 1468, 101, 1355, 549, 1262, 1227, 3913, 2762, 5379, 222, 988, 3088, 3480, 1783, 532, 355, 4393, 2369, 5251, 1675, 2025, 2483, 2135, 2924, 665, 1760, 2705, 4338, 2951, 1507, 939, 1243, 1285, 632, 1360, 2827, 624, 3203, 2029, 3607, 3002, 4818, 130, 3381, 3846, 4011, 2056, 1458, 1350, 3758, 4947, 5322, 1059, 1556, 864, 3345, 2939, 3659, 1466, 2067, 4380, 2797, 1076, 431, 1740, 2293, 3737, 1952, 3664, 2632, 1656, 3790, 5410, 4058, 1211, 3445, 4428, 1109, 45, 2456, 2489, 4512, 3275, 3214, 4757, 239, 5109, 2555, 3958, 3740, 1644, 4596, 2331, 3316, 5007, 3371, 3656, 4028, 635, 1926, 995, 5012, 128, 3876, 2063, 758, 3815, 2641, 2374, 3138, 4190, 1850, 954, 4179, 5049, 2669, 3355, 1960, 2016, 2620, 4538, 4407, 5126, 3167, 5169, 403, 811, 65, 121, 968, 1332, 1816, 4324, 4062, 4576, 590, 4201, 3424, 159, 2950, 281, 4615, 2812, 1686, 3514, 2890, 2509, 411, 2992, 149, 3407, 1074, 2071, 1193, 237, 3770, 1809, 4245, 979, 3469, 5231, 4183, 4837, 4502]",30,500,5,False,500
0,numeric,numeric,5,True,True,True,"{2: 108, 1: 104, 5: 89, 4: 74, 3: 118, 0: 7}","[365, 353, 2801, 2313, 4363, 3055, 466, 5179, 4620, 922, 1488, 3354, 1490, 872, 280, 265, 3837, 2759, 5068, 1765, 2589, 1272, 2677, 4079, 926, 4931, 1511, 989, 3357, 999, 2993, 4192, 5431, 5121, 5175, 2470, 2867, 1374, 5434, 4983, 5381, 4304, 3235, 2126, 1748, 3628, 3439, 1615, 5008, 4767, 3479, 862, 3772, 522, 5242, 980, 4258, 3229, 787, 4436, 3886, 4934, 1882, 5154, 3111, 1353, 1329, 299, 1286, 1212, 1588, 4679, 4669, 3495, 1902, 1362, 2606, 5310, 2142, 3632, 1053, 2593, 2740, 2107, 1110, 4029, 5045, 3603, 3962, 2979, 3204, 4830, 774, 3892, 3218, 893, 666, 932, 5118, 1568, 3523, 887, 4114, 3364, 3066, 3312, 2615, 2153, 4142, 5235, 3163, 4793, 1416, 4203, 2523, 238, 1892, 167, 1434, 1240, 3542, 3856, 4008, 390, 1993, 5366, 1494, 5309, 4876, 3467, 4351, 3729, 4213, 1627, 2350, 4418, 1099, 2207, 4350, 4122, 126, 1226, 3346, 485, 461, 4316, 2763, 4212, 538, 2524, 5137, 551, 2803, 2834, 1028, 3465, 4812, 3092, 4874, 3293, 4364, 1540, 4875, 2089, 1533, 3099, 3864, 314, 3853, 5025, 936, 3013, 547, 3527, 1135, 3179, 3708, 1959, 2915, 1442, 3343, 1715, 1172, 621, 5324, 1199, 2218, 5217, 2046, 385, 4953, 4311, 5305, 4496, 4448, 3631, 5176, 528, 806, 832, 4523, 4368, 2061, 3852, 3872, 878, 2944, 3826, 1467, 3920, 2032, 2785, 5312, 850, 4325, 4817, 4528, 4631, 2673, 1419, 4022, 4047, 3515, 1333, 345, 4140, 1753, 2596, 2459, 3492, 4064, 4012, 5284, 1581, 3747, 488, 4902, 3240, 3231, 4660, 2604, 5345, 4926, 2791, 3896, 1491, 62, 5174, 1469, 478, 839, 3052, 5062, 2006, 892, 5043, 3783, 340, 2905, 2423, 3993, 145, 1939, 472, 2728, 1229, 76, 1774, 4168, 646, 3755, 2302, 3833, 2309, 3784, 1300, 4491, 5167, 993, 1136, 4597, 452, 2637, 1828, 1575, 4987, 4857, 33, 5204, 2994, 3956, 3356, 1932, 2, 4439, 3004, 4692, 5417, 2931, 3118, 4801, 2631, 2453, 2649, 4176, 1000, 1371, 959, 4302, 330, 3585, 3258, 4332, 4564, 4725, 4301, 2469, 2933, 955, 3367, 4466, 744, 15, 1582, 2199, 2281, 3882, 4530, 3131, 1808, 3728, 5433, 1145, 2174, 4890, 5229, 1468, 101, 1355, 549, 1262, 1227, 3913, 2762, 5379, 222, 988, 3088, 3480, 1783, 532, 355, 4393, 2369, 5251, 1675, 2025, 2483, 2135, 2924, 665, 1760, 2705, 4338, 2951, 1507, 939, 1243, 1285, 632, 1360, 2827, 624, 3203, 2029, 3607, 3002, 4818, 130, 3381, 3846, 4011, 2056, 1458, 1350, 3758, 4947, 5322, 1059, 1556, 864, 3345, 2939, 3659, 1466, 2067, 4380, 2797, 1076, 431, 1740, 2293, 3737, 1952, 3664, 2632, 1656, 3790, 5410, 4058, 1211, 3445, 4428, 1109, 45, 2456, 2489, 4512, 3275, 3214, 4757, 239, 5109, 2555, 3958, 3740, 1644, 4596, 2331, 3316, 5007, 3371, 3656, 4028, 635, 1926, 995, 5012, 128, 3876, 2063, 758, 3815, 2641, 2374, 3138, 4190, 1850, 954, 4179, 5049, 2669, 3355, 1960, 2016, 2620, 4538, 4407, 5126, 3167, 5169, 403, 811, 65, 121, 968, 1332, 1816, 4324, 4062, 4576, 590, 4201, 3424, 159, 2950, 281, 4615, 2812, 1686, 3514, 2890, 2509, 411, 2992, 149, 3407, 1074, 2071, 1193, 237, 3770, 1809, 4245, 979, 3469, 5231, 4183, 4837, 4502]",0,500,5,False,500
227,entity,description,2,True,False,True,"{2: 108, 1: 104, 5: 89, 4: 74, 3: 118, 0: 7}","[365, 353, 2801, 2313, 4363, 3055, 466, 5179, 4620, 922, 1488, 3354, 1490, 872, 280, 265, 3837, 2759, 5068, 1765, 2589, 1272, 2677, 4079, 926, 4931, 1511, 989, 3357, 999, 2993, 4192, 5431, 5121, 5175, 2470, 2867, 1374, 5434, 4983, 5381, 4304, 3235, 2126, 1748, 3628, 3439, 1615, 5008, 4767, 3479, 862, 3772, 522, 5242, 980, 4258, 3229, 787, 4436, 3886, 4934, 1882, 5154, 3111, 1353, 1329, 299, 1286, 1212, 1588, 4679, 4669, 3495, 1902, 1362, 2606, 5310, 2142, 3632, 1053, 2593, 2740, 2107, 1110, 4029, 5045, 3603, 3962, 2979, 3204, 4830, 774, 3892, 3218, 893, 666, 932, 5118, 1568, 3523, 887, 4114, 3364, 3066, 3312, 2615, 2153, 4142, 5235, 3163, 4793, 1416, 4203, 2523, 238, 1892, 167, 1434, 1240, 3542, 3856, 4008, 390, 1993, 5366, 1494, 5309, 4876, 3467, 4351, 3729, 4213, 1627, 2350, 4418, 1099, 2207, 4350, 4122, 126, 1226, 3346, 485, 461, 4316, 2763, 4212, 538, 2524, 5137, 551, 2803, 2834, 1028, 3465, 4812, 3092, 4874, 3293, 4364, 1540, 4875, 2089, 1533, 3099, 3864, 314, 3853, 5025, 936, 3013, 547, 3527, 1135, 3179, 3708, 1959, 2915, 1442, 3343, 1715, 1172, 621, 5324, 1199, 2218, 5217, 2046, 385, 4953, 4311, 5305, 4496, 4448, 3631, 5176, 528, 806, 832, 4523, 4368, 2061, 3852, 3872, 878, 2944, 3826, 1467, 3920, 2032, 2785, 5312, 850, 4325, 4817, 4528, 4631, 2673, 1419, 4022, 4047, 3515, 1333, 345, 4140, 1753, 2596, 2459, 3492, 4064, 4012, 5284, 1581, 3747, 488, 4902, 3240, 3231, 4660, 2604, 5345, 4926, 2791, 3896, 1491, 62, 5174, 1469, 478, 839, 3052, 5062, 2006, 892, 5043, 3783, 340, 2905, 2423, 3993, 145, 1939, 472, 2728, 1229, 76, 1774, 4168, 646, 3755, 2302, 3833, 2309, 3784, 1300, 4491, 5167, 993, 1136, 4597, 452, 2637, 1828, 1575, 4987, 4857, 33, 5204, 2994, 3956, 3356, 1932, 2, 4439, 3004, 4692, 5417, 2931, 3118, 4801, 2631, 2453, 2649, 4176, 1000, 1371, 959, 4302, 330, 3585, 3258, 4332, 4564, 4725, 4301, 2469, 2933, 955, 3367, 4466, 744, 15, 1582, 2199, 2281, 3882, 4530, 3131, 1808, 3728, 5433, 1145, 2174, 4890, 5229, 1468, 101, 1355, 549, 1262, 1227, 3913, 2762, 5379, 222, 988, 3088, 3480, 1783, 532, 355, 4393, 2369, 5251, 1675, 2025, 2483, 2135, 2924, 665, 1760, 2705, 4338, 2951, 1507, 939, 1243, 1285, 632, 1360, 2827, 624, 3203, 2029, 3607, 3002, 4818, 130, 3381, 3846, 4011, 2056, 1458, 1350, 3758, 4947, 5322, 1059, 1556, 864, 3345, 2939, 3659, 1466, 2067, 4380, 2797, 1076, 431, 1740, 2293, 3737, 1952, 3664, 2632, 1656, 3790, 5410, 4058, 1211, 3445, 4428, 1109, 45, 2456, 2489, 4512, 3275, 3214, 4757, 239, 5109, 2555, 3958, 3740, 1644, 4596, 2331, 3316, 5007, 3371, 3656, 4028, 635, 1926, 995, 5012, 128, 3876, 2063, 758, 3815, 2641, 2374, 3138, 4190, 1850, 954, 4179, 5049, 2669, 3355, 1960, 2016, 2620, 4538, 4407, 5126, 3167, 5169, 403, 811, 65, 121, 968, 1332, 1816, 4324, 4062, 4576, 590, 4201, 3424, 159, 2950, 281, 4615, 2812, 1686, 3514, 2890, 2509, 411, 2992, 149, 3407, 1074, 2071, 1193, 237, 3770, 1809, 4245, 979, 3469, 5231, 4183, 4837, 4502]",227,500,5,False,500
333,numeric,entity,1,True,False,True,"{2: 108, 1: 104, 5: 89, 4: 74, 3: 118, 0: 7}","[365, 353, 2801, 2313, 4363, 3055, 466, 5179, 4620, 922, 1488, 3354, 1490, 872, 280, 265, 3837, 2759, 5068, 1765, 2589, 1272, 2677, 4079, 926, 4931, 1511, 989, 3357, 999, 2993, 4192, 5431, 5121, 5175, 2470, 2867, 1374, 5434, 4983, 5381, 4304, 3235, 2126, 1748, 3628, 3439, 1615, 5008, 4767, 3479, 862, 3772, 522, 5242, 980, 4258, 3229, 787, 4436, 3886, 4934, 1882, 5154, 3111, 1353, 1329, 299, 1286, 1212, 1588, 4679, 4669, 3495, 1902, 1362, 2606, 5310, 2142, 3632, 1053, 2593, 2740, 2107, 1110, 4029, 5045, 3603, 3962, 2979, 3204, 4830, 774, 3892, 3218, 893, 666, 932, 5118, 1568, 3523, 887, 4114, 3364, 3066, 3312, 2615, 2153, 4142, 5235, 3163, 4793, 1416, 4203, 2523, 238, 1892, 167, 1434, 1240, 3542, 3856, 4008, 390, 1993, 5366, 1494, 5309, 4876, 3467, 4351, 3729, 4213, 1627, 2350, 4418, 1099, 2207, 4350, 4122, 126, 1226, 3346, 485, 461, 4316, 2763, 4212, 538, 2524, 5137, 551, 2803, 2834, 1028, 3465, 4812, 3092, 4874, 3293, 4364, 1540, 4875, 2089, 1533, 3099, 3864, 314, 3853, 5025, 936, 3013, 547, 3527, 1135, 3179, 3708, 1959, 2915, 1442, 3343, 1715, 1172, 621, 5324, 1199, 2218, 5217, 2046, 385, 4953, 4311, 5305, 4496, 4448, 3631, 5176, 528, 806, 832, 4523, 4368, 2061, 3852, 3872, 878, 2944, 3826, 1467, 3920, 2032, 2785, 5312, 850, 4325, 4817, 4528, 4631, 2673, 1419, 4022, 4047, 3515, 1333, 345, 4140, 1753, 2596, 2459, 3492, 4064, 4012, 5284, 1581, 3747, 488, 4902, 3240, 3231, 4660, 2604, 5345, 4926, 2791, 3896, 1491, 62, 5174, 1469, 478, 839, 3052, 5062, 2006, 892, 5043, 3783, 340, 2905, 2423, 3993, 145, 1939, 472, 2728, 1229, 76, 1774, 4168, 646, 3755, 2302, 3833, 2309, 3784, 1300, 4491, 5167, 993, 1136, 4597, 452, 2637, 1828, 1575, 4987, 4857, 33, 5204, 2994, 3956, 3356, 1932, 2, 4439, 3004, 4692, 5417, 2931, 3118, 4801, 2631, 2453, 2649, 4176, 1000, 1371, 959, 4302, 330, 3585, 3258, 4332, 4564, 4725, 4301, 2469, 2933, 955, 3367, 4466, 744, 15, 1582, 2199, 2281, 3882, 4530, 3131, 1808, 3728, 5433, 1145, 2174, 4890, 5229, 1468, 101, 1355, 549, 1262, 1227, 3913, 2762, 5379, 222, 988, 3088, 3480, 1783, 532, 355, 4393, 2369, 5251, 1675, 2025, 2483, 2135, 2924, 665, 1760, 2705, 4338, 2951, 1507, 939, 1243, 1285, 632, 1360, 2827, 624, 3203, 2029, 3607, 3002, 4818, 130, 3381, 3846, 4011, 2056, 1458, 1350, 3758, 4947, 5322, 1059, 1556, 864, 3345, 2939, 3659, 1466, 2067, 4380, 2797, 1076, 431, 1740, 2293, 3737, 1952, 3664, 2632, 1656, 3790, 5410, 4058, 1211, 3445, 4428, 1109, 45, 2456, 2489, 4512, 3275, 3214, 4757, 239, 5109, 2555, 3958, 3740, 1644, 4596, 2331, 3316, 5007, 3371, 3656, 4028, 635, 1926, 995, 5012, 128, 3876, 2063, 758, 3815, 2641, 2374, 3138, 4190, 1850, 954, 4179, 5049, 2669, 3355, 1960, 2016, 2620, 4538, 4407, 5126, 3167, 5169, 403, 811, 65, 121, 968, 1332, 1816, 4324, 4062, 4576, 590, 4201, 3424, 159, 2950, 281, 4615, 2812, 1686, 3514, 2890, 2509, 411, 2992, 149, 3407, 1074, 2071, 1193, 237, 3770, 1809, 4245, 979, 3469, 5231, 4183, 4837, 4502]",333,500,5,False,500
218,numeric,numeric,5,True,True,True,"{2: 108, 1: 104, 5: 89, 4: 74, 3: 118, 0: 7}","[365, 353, 2801, 2313, 4363, 3055, 466, 5179, 4620, 922, 1488, 3354, 1490, 872, 280, 265, 3837, 2759, 5068, 1765, 2589, 1272, 2677, 4079, 926, 4931, 1511, 989, 3357, 999, 2993, 4192, 5431, 5121, 5175, 2470, 2867, 1374, 5434, 4983, 5381, 4304, 3235, 2126, 1748, 3628, 3439, 1615, 5008, 4767, 3479, 862, 3772, 522, 5242, 980, 4258, 3229, 787, 4436, 3886, 4934, 1882, 5154, 3111, 1353, 1329, 299, 1286, 1212, 1588, 4679, 4669, 3495, 1902, 1362, 2606, 5310, 2142, 3632, 1053, 2593, 2740, 2107, 1110, 4029, 5045, 3603, 3962, 2979, 3204, 4830, 774, 3892, 3218, 893, 666, 932, 5118, 1568, 3523, 887, 4114, 3364, 3066, 3312, 2615, 2153, 4142, 5235, 3163, 4793, 1416, 4203, 2523, 238, 1892, 167, 1434, 1240, 3542, 3856, 4008, 390, 1993, 5366, 1494, 5309, 4876, 3467, 4351, 3729, 4213, 1627, 2350, 4418, 1099, 2207, 4350, 4122, 126, 1226, 3346, 485, 461, 4316, 2763, 4212, 538, 2524, 5137, 551, 2803, 2834, 1028, 3465, 4812, 3092, 4874, 3293, 4364, 1540, 4875, 2089, 1533, 3099, 3864, 314, 3853, 5025, 936, 3013, 547, 3527, 1135, 3179, 3708, 1959, 2915, 1442, 3343, 1715, 1172, 621, 5324, 1199, 2218, 5217, 2046, 385, 4953, 4311, 5305, 4496, 4448, 3631, 5176, 528, 806, 832, 4523, 4368, 2061, 3852, 3872, 878, 2944, 3826, 1467, 3920, 2032, 2785, 5312, 850, 4325, 4817, 4528, 4631, 2673, 1419, 4022, 4047, 3515, 1333, 345, 4140, 1753, 2596, 2459, 3492, 4064, 4012, 5284, 1581, 3747, 488, 4902, 3240, 3231, 4660, 2604, 5345, 4926, 2791, 3896, 1491, 62, 5174, 1469, 478, 839, 3052, 5062, 2006, 892, 5043, 3783, 340, 2905, 2423, 3993, 145, 1939, 472, 2728, 1229, 76, 1774, 4168, 646, 3755, 2302, 3833, 2309, 3784, 1300, 4491, 5167, 993, 1136, 4597, 452, 2637, 1828, 1575, 4987, 4857, 33, 5204, 2994, 3956, 3356, 1932, 2, 4439, 3004, 4692, 5417, 2931, 3118, 4801, 2631, 2453, 2649, 4176, 1000, 1371, 959, 4302, 330, 3585, 3258, 4332, 4564, 4725, 4301, 2469, 2933, 955, 3367, 4466, 744, 15, 1582, 2199, 2281, 3882, 4530, 3131, 1808, 3728, 5433, 1145, 2174, 4890, 5229, 1468, 101, 1355, 549, 1262, 1227, 3913, 2762, 5379, 222, 988, 3088, 3480, 1783, 532, 355, 4393, 2369, 5251, 1675, 2025, 2483, 2135, 2924, 665, 1760, 2705, 4338, 2951, 1507, 939, 1243, 1285, 632, 1360, 2827, 624, 3203, 2029, 3607, 3002, 4818, 130, 3381, 3846, 4011, 2056, 1458, 1350, 3758, 4947, 5322, 1059, 1556, 864, 3345, 2939, 3659, 1466, 2067, 4380, 2797, 1076, 431, 1740, 2293, 3737, 1952, 3664, 2632, 1656, 3790, 5410, 4058, 1211, 3445, 4428, 1109, 45, 2456, 2489, 4512, 3275, 3214, 4757, 239, 5109, 2555, 3958, 3740, 1644, 4596, 2331, 3316, 5007, 3371, 3656, 4028, 635, 1926, 995, 5012, 128, 3876, 2063, 758, 3815, 2641, 2374, 3138, 4190, 1850, 954, 4179, 5049, 2669, 3355, 1960, 2016, 2620, 4538, 4407, 5126, 3167, 5169, 403, 811, 65, 121, 968, 1332, 1816, 4324, 4062, 4576, 590, 4201, 3424, 159, 2950, 281, 4615, 2812, 1686, 3514, 2890, 2509, 411, 2992, 149, 3407, 1074, 2071, 1193, 237, 3770, 1809, 4245, 979, 3469, 5231, 4183, 4837, 4502]",218,500,5,False,500
225,entity,entity,1,True,True,True,"{2: 108, 1: 104, 5: 89, 4: 74, 3: 118, 0: 7}","[365, 353, 2801, 2313, 4363, 3055, 466, 5179, 4620, 922, 1488, 3354, 1490, 872, 280, 265, 3837, 2759, 5068, 1765, 2589, 1272, 2677, 4079, 926, 4931, 1511, 989, 3357, 999, 2993, 4192, 5431, 5121, 5175, 2470, 2867, 1374, 5434, 4983, 5381, 4304, 3235, 2126, 1748, 3628, 3439, 1615, 5008, 4767, 3479, 862, 3772, 522, 5242, 980, 4258, 3229, 787, 4436, 3886, 4934, 1882, 5154, 3111, 1353, 1329, 299, 1286, 1212, 1588, 4679, 4669, 3495, 1902, 1362, 2606, 5310, 2142, 3632, 1053, 2593, 2740, 2107, 1110, 4029, 5045, 3603, 3962, 2979, 3204, 4830, 774, 3892, 3218, 893, 666, 932, 5118, 1568, 3523, 887, 4114, 3364, 3066, 3312, 2615, 2153, 4142, 5235, 3163, 4793, 1416, 4203, 2523, 238, 1892, 167, 1434, 1240, 3542, 3856, 4008, 390, 1993, 5366, 1494, 5309, 4876, 3467, 4351, 3729, 4213, 1627, 2350, 4418, 1099, 2207, 4350, 4122, 126, 1226, 3346, 485, 461, 4316, 2763, 4212, 538, 2524, 5137, 551, 2803, 2834, 1028, 3465, 4812, 3092, 4874, 3293, 4364, 1540, 4875, 2089, 1533, 3099, 3864, 314, 3853, 5025, 936, 3013, 547, 3527, 1135, 3179, 3708, 1959, 2915, 1442, 3343, 1715, 1172, 621, 5324, 1199, 2218, 5217, 2046, 385, 4953, 4311, 5305, 4496, 4448, 3631, 5176, 528, 806, 832, 4523, 4368, 2061, 3852, 3872, 878, 2944, 3826, 1467, 3920, 2032, 2785, 5312, 850, 4325, 4817, 4528, 4631, 2673, 1419, 4022, 4047, 3515, 1333, 345, 4140, 1753, 2596, 2459, 3492, 4064, 4012, 5284, 1581, 3747, 488, 4902, 3240, 3231, 4660, 2604, 5345, 4926, 2791, 3896, 1491, 62, 5174, 1469, 478, 839, 3052, 5062, 2006, 892, 5043, 3783, 340, 2905, 2423, 3993, 145, 1939, 472, 2728, 1229, 76, 1774, 4168, 646, 3755, 2302, 3833, 2309, 3784, 1300, 4491, 5167, 993, 1136, 4597, 452, 2637, 1828, 1575, 4987, 4857, 33, 5204, 2994, 3956, 3356, 1932, 2, 4439, 3004, 4692, 5417, 2931, 3118, 4801, 2631, 2453, 2649, 4176, 1000, 1371, 959, 4302, 330, 3585, 3258, 4332, 4564, 4725, 4301, 2469, 2933, 955, 3367, 4466, 744, 15, 1582, 2199, 2281, 3882, 4530, 3131, 1808, 3728, 5433, 1145, 2174, 4890, 5229, 1468, 101, 1355, 549, 1262, 1227, 3913, 2762, 5379, 222, 988, 3088, 3480, 1783, 532, 355, 4393, 2369, 5251, 1675, 2025, 2483, 2135, 2924, 665, 1760, 2705, 4338, 2951, 1507, 939, 1243, 1285, 632, 1360, 2827, 624, 3203, 2029, 3607, 3002, 4818, 130, 3381, 3846, 4011, 2056, 1458, 1350, 3758, 4947, 5322, 1059, 1556, 864, 3345, 2939, 3659, 1466, 2067, 4380, 2797, 1076, 431, 1740, 2293, 3737, 1952, 3664, 2632, 1656, 3790, 5410, 4058, 1211, 3445, 4428, 1109, 45, 2456, 2489, 4512, 3275, 3214, 4757, 239, 5109, 2555, 3958, 3740, 1644, 4596, 2331, 3316, 5007, 3371, 3656, 4028, 635, 1926, 995, 5012, 128, 3876, 2063, 758, 3815, 2641, 2374, 3138, 4190, 1850, 954, 4179, 5049, 2669, 3355, 1960, 2016, 2620, 4538, 4407, 5126, 3167, 5169, 403, 811, 65, 121, 968, 1332, 1816, 4324, 4062, 4576, 590, 4201, 3424, 159, 2950, 281, 4615, 2812, 1686, 3514, 2890, 2509, 411, 2992, 149, 3407, 1074, 2071, 1193, 237, 3770, 1809, 4245, 979, 3469, 5231, 4183, 4837, 4502]",225,500,5,False,500
460,entity,human,3,True,False,True,"{2: 108, 1: 104, 5: 89, 4: 74, 3: 118, 0: 7}","[365, 353, 2801, 2313, 4363, 3055, 466, 5179, 4620, 922, 1488, 3354, 1490, 872, 280, 265, 3837, 2759, 5068, 1765, 2589, 1272, 2677, 4079, 926, 4931, 1511, 989, 3357, 999, 2993, 4192, 5431, 5121, 5175, 2470, 2867, 1374, 5434, 4983, 5381, 4304, 3235, 2126, 1748, 3628, 3439, 1615, 5008, 4767, 3479, 862, 3772, 522, 5242, 980, 4258, 3229, 787, 4436, 3886, 4934, 1882, 5154, 3111, 1353, 1329, 299, 1286, 1212, 1588, 4679, 4669, 3495, 1902, 1362, 2606, 5310, 2142, 3632, 1053, 2593, 2740, 2107, 1110, 4029, 5045, 3603, 3962, 2979, 3204, 4830, 774, 3892, 3218, 893, 666, 932, 5118, 1568, 3523, 887, 4114, 3364, 3066, 3312, 2615, 2153, 4142, 5235, 3163, 4793, 1416, 4203, 2523, 238, 1892, 167, 1434, 1240, 3542, 3856, 4008, 390, 1993, 5366, 1494, 5309, 4876, 3467, 4351, 3729, 4213, 1627, 2350, 4418, 1099, 2207, 4350, 4122, 126, 1226, 3346, 485, 461, 4316, 2763, 4212, 538, 2524, 5137, 551, 2803, 2834, 1028, 3465, 4812, 3092, 4874, 3293, 4364, 1540, 4875, 2089, 1533, 3099, 3864, 314, 3853, 5025, 936, 3013, 547, 3527, 1135, 3179, 3708, 1959, 2915, 1442, 3343, 1715, 1172, 621, 5324, 1199, 2218, 5217, 2046, 385, 4953, 4311, 5305, 4496, 4448, 3631, 5176, 528, 806, 832, 4523, 4368, 2061, 3852, 3872, 878, 2944, 3826, 1467, 3920, 2032, 2785, 5312, 850, 4325, 4817, 4528, 4631, 2673, 1419, 4022, 4047, 3515, 1333, 345, 4140, 1753, 2596, 2459, 3492, 4064, 4012, 5284, 1581, 3747, 488, 4902, 3240, 3231, 4660, 2604, 5345, 4926, 2791, 3896, 1491, 62, 5174, 1469, 478, 839, 3052, 5062, 2006, 892, 5043, 3783, 340, 2905, 2423, 3993, 145, 1939, 472, 2728, 1229, 76, 1774, 4168, 646, 3755, 2302, 3833, 2309, 3784, 1300, 4491, 5167, 993, 1136, 4597, 452, 2637, 1828, 1575, 4987, 4857, 33, 5204, 2994, 3956, 3356, 1932, 2, 4439, 3004, 4692, 5417, 2931, 3118, 4801, 2631, 2453, 2649, 4176, 1000, 1371, 959, 4302, 330, 3585, 3258, 4332, 4564, 4725, 4301, 2469, 2933, 955, 3367, 4466, 744, 15, 1582, 2199, 2281, 3882, 4530, 3131, 1808, 3728, 5433, 1145, 2174, 4890, 5229, 1468, 101, 1355, 549, 1262, 1227, 3913, 2762, 5379, 222, 988, 3088, 3480, 1783, 532, 355, 4393, 2369, 5251, 1675, 2025, 2483, 2135, 2924, 665, 1760, 2705, 4338, 2951, 1507, 939, 1243, 1285, 632, 1360, 2827, 624, 3203, 2029, 3607, 3002, 4818, 130, 3381, 3846, 4011, 2056, 1458, 1350, 3758, 4947, 5322, 1059, 1556, 864, 3345, 2939, 3659, 1466, 2067, 4380, 2797, 1076, 431, 1740, 2293, 3737, 1952, 3664, 2632, 1656, 3790, 5410, 4058, 1211, 3445, 4428, 1109, 45, 2456, 2489, 4512, 3275, 3214, 4757, 239, 5109, 2555, 3958, 3740, 1644, 4596, 2331, 3316, 5007, 3371, 3656, 4028, 635, 1926, 995, 5012, 128, 3876, 2063, 758, 3815, 2641, 2374, 3138, 4190, 1850, 954, 4179, 5049, 2669, 3355, 1960, 2016, 2620, 4538, 4407, 5126, 3167, 5169, 403, 811, 65, 121, 968, 1332, 1816, 4324, 4062, 4576, 590, 4201, 3424, 159, 2950, 281, 4615, 2812, 1686, 3514, 2890, 2509, 411, 2992, 149, 3407, 1074, 2071, 1193, 237, 3770, 1809, 4245, 979, 3469, 5231, 4183, 4837, 4502]",460,500,5,False,500
36,location,location,4,True,True,True,"{2: 108, 1: 104, 5: 89, 4: 74, 3: 118, 0: 7}","[365, 353, 2801, 2313, 4363, 3055, 466, 5179, 4620, 922, 1488, 3354, 1490, 872, 280, 265, 3837, 2759, 5068, 1765, 2589, 1272, 2677, 4079, 926, 4931, 1511, 989, 3357, 999, 2993, 4192, 5431, 5121, 5175, 2470, 2867, 1374, 5434, 4983, 5381, 4304, 3235, 2126, 1748, 3628, 3439, 1615, 5008, 4767, 3479, 862, 3772, 522, 5242, 980, 4258, 3229, 787, 4436, 3886, 4934, 1882, 5154, 3111, 1353, 1329, 299, 1286, 1212, 1588, 4679, 4669, 3495, 1902, 1362, 2606, 5310, 2142, 3632, 1053, 2593, 2740, 2107, 1110, 4029, 5045, 3603, 3962, 2979, 3204, 4830, 774, 3892, 3218, 893, 666, 932, 5118, 1568, 3523, 887, 4114, 3364, 3066, 3312, 2615, 2153, 4142, 5235, 3163, 4793, 1416, 4203, 2523, 238, 1892, 167, 1434, 1240, 3542, 3856, 4008, 390, 1993, 5366, 1494, 5309, 4876, 3467, 4351, 3729, 4213, 1627, 2350, 4418, 1099, 2207, 4350, 4122, 126, 1226, 3346, 485, 461, 4316, 2763, 4212, 538, 2524, 5137, 551, 2803, 2834, 1028, 3465, 4812, 3092, 4874, 3293, 4364, 1540, 4875, 2089, 1533, 3099, 3864, 314, 3853, 5025, 936, 3013, 547, 3527, 1135, 3179, 3708, 1959, 2915, 1442, 3343, 1715, 1172, 621, 5324, 1199, 2218, 5217, 2046, 385, 4953, 4311, 5305, 4496, 4448, 3631, 5176, 528, 806, 832, 4523, 4368, 2061, 3852, 3872, 878, 2944, 3826, 1467, 3920, 2032, 2785, 5312, 850, 4325, 4817, 4528, 4631, 2673, 1419, 4022, 4047, 3515, 1333, 345, 4140, 1753, 2596, 2459, 3492, 4064, 4012, 5284, 1581, 3747, 488, 4902, 3240, 3231, 4660, 2604, 5345, 4926, 2791, 3896, 1491, 62, 5174, 1469, 478, 839, 3052, 5062, 2006, 892, 5043, 3783, 340, 2905, 2423, 3993, 145, 1939, 472, 2728, 1229, 76, 1774, 4168, 646, 3755, 2302, 3833, 2309, 3784, 1300, 4491, 5167, 993, 1136, 4597, 452, 2637, 1828, 1575, 4987, 4857, 33, 5204, 2994, 3956, 3356, 1932, 2, 4439, 3004, 4692, 5417, 2931, 3118, 4801, 2631, 2453, 2649, 4176, 1000, 1371, 959, 4302, 330, 3585, 3258, 4332, 4564, 4725, 4301, 2469, 2933, 955, 3367, 4466, 744, 15, 1582, 2199, 2281, 3882, 4530, 3131, 1808, 3728, 5433, 1145, 2174, 4890, 5229, 1468, 101, 1355, 549, 1262, 1227, 3913, 2762, 5379, 222, 988, 3088, 3480, 1783, 532, 355, 4393, 2369, 5251, 1675, 2025, 2483, 2135, 2924, 665, 1760, 2705, 4338, 2951, 1507, 939, 1243, 1285, 632, 1360, 2827, 624, 3203, 2029, 3607, 3002, 4818, 130, 3381, 3846, 4011, 2056, 1458, 1350, 3758, 4947, 5322, 1059, 1556, 864, 3345, 2939, 3659, 1466, 2067, 4380, 2797, 1076, 431, 1740, 2293, 3737, 1952, 3664, 2632, 1656, 3790, 5410, 4058, 1211, 3445, 4428, 1109, 45, 2456, 2489, 4512, 3275, 3214, 4757, 239, 5109, 2555, 3958, 3740, 1644, 4596, 2331, 3316, 5007, 3371, 3656, 4028, 635, 1926, 995, 5012, 128, 3876, 2063, 758, 3815, 2641, 2374, 3138, 4190, 1850, 954, 4179, 5049, 2669, 3355, 1960, 2016, 2620, 4538, 4407, 5126, 3167, 5169, 403, 811, 65, 121, 968, 1332, 1816, 4324, 4062, 4576, 590, 4201, 3424, 159, 2950, 281, 4615, 2812, 1686, 3514, 2890, 2509, 411, 2992, 149, 3407, 1074, 2071, 1193, 237, 3770, 1809, 4245, 979, 3469, 5231, 4183, 4837, 4502]",36,500,5,False,500
461,numeric,entity,1,True,False,True,"{2: 108, 1: 104, 5: 89, 4: 74, 3: 118, 0: 7}","[365, 353, 2801, 2313, 4363, 3055, 466, 5179, 4620, 922, 1488, 3354, 1490, 872, 280, 265, 3837, 2759, 5068, 1765, 2589, 1272, 2677, 4079, 926, 4931, 1511, 989, 3357, 999, 2993, 4192, 5431, 5121, 5175, 2470, 2867, 1374, 5434, 4983, 5381, 4304, 3235, 2126, 1748, 3628, 3439, 1615, 5008, 4767, 3479, 862, 3772, 522, 5242, 980, 4258, 3229, 787, 4436, 3886, 4934, 1882, 5154, 3111, 1353, 1329, 299, 1286, 1212, 1588, 4679, 4669, 3495, 1902, 1362, 2606, 5310, 2142, 3632, 1053, 2593, 2740, 2107, 1110, 4029, 5045, 3603, 3962, 2979, 3204, 4830, 774, 3892, 3218, 893, 666, 932, 5118, 1568, 3523, 887, 4114, 3364, 3066, 3312, 2615, 2153, 4142, 5235, 3163, 4793, 1416, 4203, 2523, 238, 1892, 167, 1434, 1240, 3542, 3856, 4008, 390, 1993, 5366, 1494, 5309, 4876, 3467, 4351, 3729, 4213, 1627, 2350, 4418, 1099, 2207, 4350, 4122, 126, 1226, 3346, 485, 461, 4316, 2763, 4212, 538, 2524, 5137, 551, 2803, 2834, 1028, 3465, 4812, 3092, 4874, 3293, 4364, 1540, 4875, 2089, 1533, 3099, 3864, 314, 3853, 5025, 936, 3013, 547, 3527, 1135, 3179, 3708, 1959, 2915, 1442, 3343, 1715, 1172, 621, 5324, 1199, 2218, 5217, 2046, 385, 4953, 4311, 5305, 4496, 4448, 3631, 5176, 528, 806, 832, 4523, 4368, 2061, 3852, 3872, 878, 2944, 3826, 1467, 3920, 2032, 2785, 5312, 850, 4325, 4817, 4528, 4631, 2673, 1419, 4022, 4047, 3515, 1333, 345, 4140, 1753, 2596, 2459, 3492, 4064, 4012, 5284, 1581, 3747, 488, 4902, 3240, 3231, 4660, 2604, 5345, 4926, 2791, 3896, 1491, 62, 5174, 1469, 478, 839, 3052, 5062, 2006, 892, 5043, 3783, 340, 2905, 2423, 3993, 145, 1939, 472, 2728, 1229, 76, 1774, 4168, 646, 3755, 2302, 3833, 2309, 3784, 1300, 4491, 5167, 993, 1136, 4597, 452, 2637, 1828, 1575, 4987, 4857, 33, 5204, 2994, 3956, 3356, 1932, 2, 4439, 3004, 4692, 5417, 2931, 3118, 4801, 2631, 2453, 2649, 4176, 1000, 1371, 959, 4302, 330, 3585, 3258, 4332, 4564, 4725, 4301, 2469, 2933, 955, 3367, 4466, 744, 15, 1582, 2199, 2281, 3882, 4530, 3131, 1808, 3728, 5433, 1145, 2174, 4890, 5229, 1468, 101, 1355, 549, 1262, 1227, 3913, 2762, 5379, 222, 988, 3088, 3480, 1783, 532, 355, 4393, 2369, 5251, 1675, 2025, 2483, 2135, 2924, 665, 1760, 2705, 4338, 2951, 1507, 939, 1243, 1285, 632, 1360, 2827, 624, 3203, 2029, 3607, 3002, 4818, 130, 3381, 3846, 4011, 2056, 1458, 1350, 3758, 4947, 5322, 1059, 1556, 864, 3345, 2939, 3659, 1466, 2067, 4380, 2797, 1076, 431, 1740, 2293, 3737, 1952, 3664, 2632, 1656, 3790, 5410, 4058, 1211, 3445, 4428, 1109, 45, 2456, 2489, 4512, 3275, 3214, 4757, 239, 5109, 2555, 3958, 3740, 1644, 4596, 2331, 3316, 5007, 3371, 3656, 4028, 635, 1926, 995, 5012, 128, 3876, 2063, 758, 3815, 2641, 2374, 3138, 4190, 1850, 954, 4179, 5049, 2669, 3355, 1960, 2016, 2620, 4538, 4407, 5126, 3167, 5169, 403, 811, 65, 121, 968, 1332, 1816, 4324, 4062, 4576, 590, 4201, 3424, 159, 2950, 281, 4615, 2812, 1686, 3514, 2890, 2509, 411, 2992, 149, 3407, 1074, 2071, 1193, 237, 3770, 1809, 4245, 979, 3469, 5231, 4183, 4837, 4502]",461,500,5,False,500
232,numeric,description,2,True,False,True,"{2: 108, 1: 104, 5: 89, 4: 74, 3: 118, 0: 7}","[365, 353, 2801, 2313, 4363, 3055, 466, 5179, 4620, 922, 1488, 3354, 1490, 872, 280, 265, 3837, 2759, 5068, 1765, 2589, 1272, 2677, 4079, 926, 4931, 1511, 989, 3357, 999, 2993, 4192, 5431, 5121, 5175, 2470, 2867, 1374, 5434, 4983, 5381, 4304, 3235, 2126, 1748, 3628, 3439, 1615, 5008, 4767, 3479, 862, 3772, 522, 5242, 980, 4258, 3229, 787, 4436, 3886, 4934, 1882, 5154, 3111, 1353, 1329, 299, 1286, 1212, 1588, 4679, 4669, 3495, 1902, 1362, 2606, 5310, 2142, 3632, 1053, 2593, 2740, 2107, 1110, 4029, 5045, 3603, 3962, 2979, 3204, 4830, 774, 3892, 3218, 893, 666, 932, 5118, 1568, 3523, 887, 4114, 3364, 3066, 3312, 2615, 2153, 4142, 5235, 3163, 4793, 1416, 4203, 2523, 238, 1892, 167, 1434, 1240, 3542, 3856, 4008, 390, 1993, 5366, 1494, 5309, 4876, 3467, 4351, 3729, 4213, 1627, 2350, 4418, 1099, 2207, 4350, 4122, 126, 1226, 3346, 485, 461, 4316, 2763, 4212, 538, 2524, 5137, 551, 2803, 2834, 1028, 3465, 4812, 3092, 4874, 3293, 4364, 1540, 4875, 2089, 1533, 3099, 3864, 314, 3853, 5025, 936, 3013, 547, 3527, 1135, 3179, 3708, 1959, 2915, 1442, 3343, 1715, 1172, 621, 5324, 1199, 2218, 5217, 2046, 385, 4953, 4311, 5305, 4496, 4448, 3631, 5176, 528, 806, 832, 4523, 4368, 2061, 3852, 3872, 878, 2944, 3826, 1467, 3920, 2032, 2785, 5312, 850, 4325, 4817, 4528, 4631, 2673, 1419, 4022, 4047, 3515, 1333, 345, 4140, 1753, 2596, 2459, 3492, 4064, 4012, 5284, 1581, 3747, 488, 4902, 3240, 3231, 4660, 2604, 5345, 4926, 2791, 3896, 1491, 62, 5174, 1469, 478, 839, 3052, 5062, 2006, 892, 5043, 3783, 340, 2905, 2423, 3993, 145, 1939, 472, 2728, 1229, 76, 1774, 4168, 646, 3755, 2302, 3833, 2309, 3784, 1300, 4491, 5167, 993, 1136, 4597, 452, 2637, 1828, 1575, 4987, 4857, 33, 5204, 2994, 3956, 3356, 1932, 2, 4439, 3004, 4692, 5417, 2931, 3118, 4801, 2631, 2453, 2649, 4176, 1000, 1371, 959, 4302, 330, 3585, 3258, 4332, 4564, 4725, 4301, 2469, 2933, 955, 3367, 4466, 744, 15, 1582, 2199, 2281, 3882, 4530, 3131, 1808, 3728, 5433, 1145, 2174, 4890, 5229, 1468, 101, 1355, 549, 1262, 1227, 3913, 2762, 5379, 222, 988, 3088, 3480, 1783, 532, 355, 4393, 2369, 5251, 1675, 2025, 2483, 2135, 2924, 665, 1760, 2705, 4338, 2951, 1507, 939, 1243, 1285, 632, 1360, 2827, 624, 3203, 2029, 3607, 3002, 4818, 130, 3381, 3846, 4011, 2056, 1458, 1350, 3758, 4947, 5322, 1059, 1556, 864, 3345, 2939, 3659, 1466, 2067, 4380, 2797, 1076, 431, 1740, 2293, 3737, 1952, 3664, 2632, 1656, 3790, 5410, 4058, 1211, 3445, 4428, 1109, 45, 2456, 2489, 4512, 3275, 3214, 4757, 239, 5109, 2555, 3958, 3740, 1644, 4596, 2331, 3316, 5007, 3371, 3656, 4028, 635, 1926, 995, 5012, 128, 3876, 2063, 758, 3815, 2641, 2374, 3138, 4190, 1850, 954, 4179, 5049, 2669, 3355, 1960, 2016, 2620, 4538, 4407, 5126, 3167, 5169, 403, 811, 65, 121, 968, 1332, 1816, 4324, 4062, 4576, 590, 4201, 3424, 159, 2950, 281, 4615, 2812, 1686, 3514, 2890, 2509, 411, 2992, 149, 3407, 1074, 2071, 1193, 237, 3770, 1809, 4245, 979, 3469, 5231, 4183, 4837, 4502]",232,500,5,False,500
290,location,location,4,True,True,True,"{2: 108, 1: 104, 5: 89, 4: 74, 3: 118, 0: 7}","[365, 353, 2801, 2313, 4363, 3055, 466, 5179, 4620, 922, 1488, 3354, 1490, 872, 280, 265, 3837, 2759, 5068, 1765, 2589, 1272, 2677, 4079, 926, 4931, 1511, 989, 3357, 999, 2993, 4192, 5431, 5121, 5175, 2470, 2867, 1374, 5434, 4983, 5381, 4304, 3235, 2126, 1748, 3628, 3439, 1615, 5008, 4767, 3479, 862, 3772, 522, 5242, 980, 4258, 3229, 787, 4436, 3886, 4934, 1882, 5154, 3111, 1353, 1329, 299, 1286, 1212, 1588, 4679, 4669, 3495, 1902, 1362, 2606, 5310, 2142, 3632, 1053, 2593, 2740, 2107, 1110, 4029, 5045, 3603, 3962, 2979, 3204, 4830, 774, 3892, 3218, 893, 666, 932, 5118, 1568, 3523, 887, 4114, 3364, 3066, 3312, 2615, 2153, 4142, 5235, 3163, 4793, 1416, 4203, 2523, 238, 1892, 167, 1434, 1240, 3542, 3856, 4008, 390, 1993, 5366, 1494, 5309, 4876, 3467, 4351, 3729, 4213, 1627, 2350, 4418, 1099, 2207, 4350, 4122, 126, 1226, 3346, 485, 461, 4316, 2763, 4212, 538, 2524, 5137, 551, 2803, 2834, 1028, 3465, 4812, 3092, 4874, 3293, 4364, 1540, 4875, 2089, 1533, 3099, 3864, 314, 3853, 5025, 936, 3013, 547, 3527, 1135, 3179, 3708, 1959, 2915, 1442, 3343, 1715, 1172, 621, 5324, 1199, 2218, 5217, 2046, 385, 4953, 4311, 5305, 4496, 4448, 3631, 5176, 528, 806, 832, 4523, 4368, 2061, 3852, 3872, 878, 2944, 3826, 1467, 3920, 2032, 2785, 5312, 850, 4325, 4817, 4528, 4631, 2673, 1419, 4022, 4047, 3515, 1333, 345, 4140, 1753, 2596, 2459, 3492, 4064, 4012, 5284, 1581, 3747, 488, 4902, 3240, 3231, 4660, 2604, 5345, 4926, 2791, 3896, 1491, 62, 5174, 1469, 478, 839, 3052, 5062, 2006, 892, 5043, 3783, 340, 2905, 2423, 3993, 145, 1939, 472, 2728, 1229, 76, 1774, 4168, 646, 3755, 2302, 3833, 2309, 3784, 1300, 4491, 5167, 993, 1136, 4597, 452, 2637, 1828, 1575, 4987, 4857, 33, 5204, 2994, 3956, 3356, 1932, 2, 4439, 3004, 4692, 5417, 2931, 3118, 4801, 2631, 2453, 2649, 4176, 1000, 1371, 959, 4302, 330, 3585, 3258, 4332, 4564, 4725, 4301, 2469, 2933, 955, 3367, 4466, 744, 15, 1582, 2199, 2281, 3882, 4530, 3131, 1808, 3728, 5433, 1145, 2174, 4890, 5229, 1468, 101, 1355, 549, 1262, 1227, 3913, 2762, 5379, 222, 988, 3088, 3480, 1783, 532, 355, 4393, 2369, 5251, 1675, 2025, 2483, 2135, 2924, 665, 1760, 2705, 4338, 2951, 1507, 939, 1243, 1285, 632, 1360, 2827, 624, 3203, 2029, 3607, 3002, 4818, 130, 3381, 3846, 4011, 2056, 1458, 1350, 3758, 4947, 5322, 1059, 1556, 864, 3345, 2939, 3659, 1466, 2067, 4380, 2797, 1076, 431, 1740, 2293, 3737, 1952, 3664, 2632, 1656, 3790, 5410, 4058, 1211, 3445, 4428, 1109, 45, 2456, 2489, 4512, 3275, 3214, 4757, 239, 5109, 2555, 3958, 3740, 1644, 4596, 2331, 3316, 5007, 3371, 3656, 4028, 635, 1926, 995, 5012, 128, 3876, 2063, 758, 3815, 2641, 2374, 3138, 4190, 1850, 954, 4179, 5049, 2669, 3355, 1960, 2016, 2620, 4538, 4407, 5126, 3167, 5169, 403, 811, 65, 121, 968, 1332, 1816, 4324, 4062, 4576, 590, 4201, 3424, 159, 2950, 281, 4615, 2812, 1686, 3514, 2890, 2509, 411, 2992, 149, 3407, 1074, 2071, 1193, 237, 3770, 1809, 4245, 979, 3469, 5231, 4183, 4837, 4502]",290,500,5,False,500
363,numeric,numeric,5,True,True,True,"{2: 108, 1: 104, 5: 89, 4: 74, 3: 118, 0: 7}","[365, 353, 2801, 2313, 4363, 3055, 466, 5179, 4620, 922, 1488, 3354, 1490, 872, 280, 265, 3837, 2759, 5068, 1765, 2589, 1272, 2677, 4079, 926, 4931, 1511, 989, 3357, 999, 2993, 4192, 5431, 5121, 5175, 2470, 2867, 1374, 5434, 4983, 5381, 4304, 3235, 2126, 1748, 3628, 3439, 1615, 5008, 4767, 3479, 862, 3772, 522, 5242, 980, 4258, 3229, 787, 4436, 3886, 4934, 1882, 5154, 3111, 1353, 1329, 299, 1286, 1212, 1588, 4679, 4669, 3495, 1902, 1362, 2606, 5310, 2142, 3632, 1053, 2593, 2740, 2107, 1110, 4029, 5045, 3603, 3962, 2979, 3204, 4830, 774, 3892, 3218, 893, 666, 932, 5118, 1568, 3523, 887, 4114, 3364, 3066, 3312, 2615, 2153, 4142, 5235, 3163, 4793, 1416, 4203, 2523, 238, 1892, 167, 1434, 1240, 3542, 3856, 4008, 390, 1993, 5366, 1494, 5309, 4876, 3467, 4351, 3729, 4213, 1627, 2350, 4418, 1099, 2207, 4350, 4122, 126, 1226, 3346, 485, 461, 4316, 2763, 4212, 538, 2524, 5137, 551, 2803, 2834, 1028, 3465, 4812, 3092, 4874, 3293, 4364, 1540, 4875, 2089, 1533, 3099, 3864, 314, 3853, 5025, 936, 3013, 547, 3527, 1135, 3179, 3708, 1959, 2915, 1442, 3343, 1715, 1172, 621, 5324, 1199, 2218, 5217, 2046, 385, 4953, 4311, 5305, 4496, 4448, 3631, 5176, 528, 806, 832, 4523, 4368, 2061, 3852, 3872, 878, 2944, 3826, 1467, 3920, 2032, 2785, 5312, 850, 4325, 4817, 4528, 4631, 2673, 1419, 4022, 4047, 3515, 1333, 345, 4140, 1753, 2596, 2459, 3492, 4064, 4012, 5284, 1581, 3747, 488, 4902, 3240, 3231, 4660, 2604, 5345, 4926, 2791, 3896, 1491, 62, 5174, 1469, 478, 839, 3052, 5062, 2006, 892, 5043, 3783, 340, 2905, 2423, 3993, 145, 1939, 472, 2728, 1229, 76, 1774, 4168, 646, 3755, 2302, 3833, 2309, 3784, 1300, 4491, 5167, 993, 1136, 4597, 452, 2637, 1828, 1575, 4987, 4857, 33, 5204, 2994, 3956, 3356, 1932, 2, 4439, 3004, 4692, 5417, 2931, 3118, 4801, 2631, 2453, 2649, 4176, 1000, 1371, 959, 4302, 330, 3585, 3258, 4332, 4564, 4725, 4301, 2469, 2933, 955, 3367, 4466, 744, 15, 1582, 2199, 2281, 3882, 4530, 3131, 1808, 3728, 5433, 1145, 2174, 4890, 5229, 1468, 101, 1355, 549, 1262, 1227, 3913, 2762, 5379, 222, 988, 3088, 3480, 1783, 532, 355, 4393, 2369, 5251, 1675, 2025, 2483, 2135, 2924, 665, 1760, 2705, 4338, 2951, 1507, 939, 1243, 1285, 632, 1360, 2827, 624, 3203, 2029, 3607, 3002, 4818, 130, 3381, 3846, 4011, 2056, 1458, 1350, 3758, 4947, 5322, 1059, 1556, 864, 3345, 2939, 3659, 1466, 2067, 4380, 2797, 1076, 431, 1740, 2293, 3737, 1952, 3664, 2632, 1656, 3790, 5410, 4058, 1211, 3445, 4428, 1109, 45, 2456, 2489, 4512, 3275, 3214, 4757, 239, 5109, 2555, 3958, 3740, 1644, 4596, 2331, 3316, 5007, 3371, 3656, 4028, 635, 1926, 995, 5012, 128, 3876, 2063, 758, 3815, 2641, 2374, 3138, 4190, 1850, 954, 4179, 5049, 2669, 3355, 1960, 2016, 2620, 4538, 4407, 5126, 3167, 5169, 403, 811, 65, 121, 968, 1332, 1816, 4324, 4062, 4576, 590, 4201, 3424, 159, 2950, 281, 4615, 2812, 1686, 3514, 2890, 2509, 411, 2992, 149, 3407, 1074, 2071, 1193, 237, 3770, 1809, 4245, 979, 3469, 5231, 4183, 4837, 4502]",363,500,5,False,500
22,location,location,4,True,True,True,"{2: 108, 1: 104, 5: 89, 4: 74, 3: 118, 0: 7}","[365, 353, 2801, 2313, 4363, 3055, 466, 5179, 4620, 922, 1488, 3354, 1490, 872, 280, 265, 3837, 2759, 5068, 1765, 2589, 1272, 2677, 4079, 926, 4931, 1511, 989, 3357, 999, 2993, 4192, 5431, 5121, 5175, 2470, 2867, 1374, 5434, 4983, 5381, 4304, 3235, 2126, 1748, 3628, 3439, 1615, 5008, 4767, 3479, 862, 3772, 522, 5242, 980, 4258, 3229, 787, 4436, 3886, 4934, 1882, 5154, 3111, 1353, 1329, 299, 1286, 1212, 1588, 4679, 4669, 3495, 1902, 1362, 2606, 5310, 2142, 3632, 1053, 2593, 2740, 2107, 1110, 4029, 5045, 3603, 3962, 2979, 3204, 4830, 774, 3892, 3218, 893, 666, 932, 5118, 1568, 3523, 887, 4114, 3364, 3066, 3312, 2615, 2153, 4142, 5235, 3163, 4793, 1416, 4203, 2523, 238, 1892, 167, 1434, 1240, 3542, 3856, 4008, 390, 1993, 5366, 1494, 5309, 4876, 3467, 4351, 3729, 4213, 1627, 2350, 4418, 1099, 2207, 4350, 4122, 126, 1226, 3346, 485, 461, 4316, 2763, 4212, 538, 2524, 5137, 551, 2803, 2834, 1028, 3465, 4812, 3092, 4874, 3293, 4364, 1540, 4875, 2089, 1533, 3099, 3864, 314, 3853, 5025, 936, 3013, 547, 3527, 1135, 3179, 3708, 1959, 2915, 1442, 3343, 1715, 1172, 621, 5324, 1199, 2218, 5217, 2046, 385, 4953, 4311, 5305, 4496, 4448, 3631, 5176, 528, 806, 832, 4523, 4368, 2061, 3852, 3872, 878, 2944, 3826, 1467, 3920, 2032, 2785, 5312, 850, 4325, 4817, 4528, 4631, 2673, 1419, 4022, 4047, 3515, 1333, 345, 4140, 1753, 2596, 2459, 3492, 4064, 4012, 5284, 1581, 3747, 488, 4902, 3240, 3231, 4660, 2604, 5345, 4926, 2791, 3896, 1491, 62, 5174, 1469, 478, 839, 3052, 5062, 2006, 892, 5043, 3783, 340, 2905, 2423, 3993, 145, 1939, 472, 2728, 1229, 76, 1774, 4168, 646, 3755, 2302, 3833, 2309, 3784, 1300, 4491, 5167, 993, 1136, 4597, 452, 2637, 1828, 1575, 4987, 4857, 33, 5204, 2994, 3956, 3356, 1932, 2, 4439, 3004, 4692, 5417, 2931, 3118, 4801, 2631, 2453, 2649, 4176, 1000, 1371, 959, 4302, 330, 3585, 3258, 4332, 4564, 4725, 4301, 2469, 2933, 955, 3367, 4466, 744, 15, 1582, 2199, 2281, 3882, 4530, 3131, 1808, 3728, 5433, 1145, 2174, 4890, 5229, 1468, 101, 1355, 549, 1262, 1227, 3913, 2762, 5379, 222, 988, 3088, 3480, 1783, 532, 355, 4393, 2369, 5251, 1675, 2025, 2483, 2135, 2924, 665, 1760, 2705, 4338, 2951, 1507, 939, 1243, 1285, 632, 1360, 2827, 624, 3203, 2029, 3607, 3002, 4818, 130, 3381, 3846, 4011, 2056, 1458, 1350, 3758, 4947, 5322, 1059, 1556, 864, 3345, 2939, 3659, 1466, 2067, 4380, 2797, 1076, 431, 1740, 2293, 3737, 1952, 3664, 2632, 1656, 3790, 5410, 4058, 1211, 3445, 4428, 1109, 45, 2456, 2489, 4512, 3275, 3214, 4757, 239, 5109, 2555, 3958, 3740, 1644, 4596, 2331, 3316, 5007, 3371, 3656, 4028, 635, 1926, 995, 5012, 128, 3876, 2063, 758, 3815, 2641, 2374, 3138, 4190, 1850, 954, 4179, 5049, 2669, 3355, 1960, 2016, 2620, 4538, 4407, 5126, 3167, 5169, 403, 811, 65, 121, 968, 1332, 1816, 4324, 4062, 4576, 590, 4201, 3424, 159, 2950, 281, 4615, 2812, 1686, 3514, 2890, 2509, 411, 2992, 149, 3407, 1074, 2071, 1193, 237, 3770, 1809, 4245, 979, 3469, 5231, 4183, 4837, 4502]",22,500,5,False,500
397,numeric,numeric,5,True,True,True,"{2: 108, 1: 104, 5: 89, 4: 74, 3: 118, 0: 7}","[365, 353, 2801, 2313, 4363, 3055, 466, 5179, 4620, 922, 1488, 3354, 1490, 872, 280, 265, 3837, 2759, 5068, 1765, 2589, 1272, 2677, 4079, 926, 4931, 1511, 989, 3357, 999, 2993, 4192, 5431, 5121, 5175, 2470, 2867, 1374, 5434, 4983, 5381, 4304, 3235, 2126, 1748, 3628, 3439, 1615, 5008, 4767, 3479, 862, 3772, 522, 5242, 980, 4258, 3229, 787, 4436, 3886, 4934, 1882, 5154, 3111, 1353, 1329, 299, 1286, 1212, 1588, 4679, 4669, 3495, 1902, 1362, 2606, 5310, 2142, 3632, 1053, 2593, 2740, 2107, 1110, 4029, 5045, 3603, 3962, 2979, 3204, 4830, 774, 3892, 3218, 893, 666, 932, 5118, 1568, 3523, 887, 4114, 3364, 3066, 3312, 2615, 2153, 4142, 5235, 3163, 4793, 1416, 4203, 2523, 238, 1892, 167, 1434, 1240, 3542, 3856, 4008, 390, 1993, 5366, 1494, 5309, 4876, 3467, 4351, 3729, 4213, 1627, 2350, 4418, 1099, 2207, 4350, 4122, 126, 1226, 3346, 485, 461, 4316, 2763, 4212, 538, 2524, 5137, 551, 2803, 2834, 1028, 3465, 4812, 3092, 4874, 3293, 4364, 1540, 4875, 2089, 1533, 3099, 3864, 314, 3853, 5025, 936, 3013, 547, 3527, 1135, 3179, 3708, 1959, 2915, 1442, 3343, 1715, 1172, 621, 5324, 1199, 2218, 5217, 2046, 385, 4953, 4311, 5305, 4496, 4448, 3631, 5176, 528, 806, 832, 4523, 4368, 2061, 3852, 3872, 878, 2944, 3826, 1467, 3920, 2032, 2785, 5312, 850, 4325, 4817, 4528, 4631, 2673, 1419, 4022, 4047, 3515, 1333, 345, 4140, 1753, 2596, 2459, 3492, 4064, 4012, 5284, 1581, 3747, 488, 4902, 3240, 3231, 4660, 2604, 5345, 4926, 2791, 3896, 1491, 62, 5174, 1469, 478, 839, 3052, 5062, 2006, 892, 5043, 3783, 340, 2905, 2423, 3993, 145, 1939, 472, 2728, 1229, 76, 1774, 4168, 646, 3755, 2302, 3833, 2309, 3784, 1300, 4491, 5167, 993, 1136, 4597, 452, 2637, 1828, 1575, 4987, 4857, 33, 5204, 2994, 3956, 3356, 1932, 2, 4439, 3004, 4692, 5417, 2931, 3118, 4801, 2631, 2453, 2649, 4176, 1000, 1371, 959, 4302, 330, 3585, 3258, 4332, 4564, 4725, 4301, 2469, 2933, 955, 3367, 4466, 744, 15, 1582, 2199, 2281, 3882, 4530, 3131, 1808, 3728, 5433, 1145, 2174, 4890, 5229, 1468, 101, 1355, 549, 1262, 1227, 3913, 2762, 5379, 222, 988, 3088, 3480, 1783, 532, 355, 4393, 2369, 5251, 1675, 2025, 2483, 2135, 2924, 665, 1760, 2705, 4338, 2951, 1507, 939, 1243, 1285, 632, 1360, 2827, 624, 3203, 2029, 3607, 3002, 4818, 130, 3381, 3846, 4011, 2056, 1458, 1350, 3758, 4947, 5322, 1059, 1556, 864, 3345, 2939, 3659, 1466, 2067, 4380, 2797, 1076, 431, 1740, 2293, 3737, 1952, 3664, 2632, 1656, 3790, 5410, 4058, 1211, 3445, 4428, 1109, 45, 2456, 2489, 4512, 3275, 3214, 4757, 239, 5109, 2555, 3958, 3740, 1644, 4596, 2331, 3316, 5007, 3371, 3656, 4028, 635, 1926, 995, 5012, 128, 3876, 2063, 758, 3815, 2641, 2374, 3138, 4190, 1850, 954, 4179, 5049, 2669, 3355, 1960, 2016, 2620, 4538, 4407, 5126, 3167, 5169, 403, 811, 65, 121, 968, 1332, 1816, 4324, 4062, 4576, 590, 4201, 3424, 159, 2950, 281, 4615, 2812, 1686, 3514, 2890, 2509, 411, 2992, 149, 3407, 1074, 2071, 1193, 237, 3770, 1809, 4245, 979, 3469, 5231, 4183, 4837, 4502]",397,500,5,False,500
186,numeric,human,3,True,False,True,"{2: 108, 1: 104, 5: 89, 4: 74, 3: 118, 0: 7}","[365, 353, 2801, 2313, 4363, 3055, 466, 5179, 4620, 922, 1488, 3354, 1490, 872, 280, 265, 3837, 2759, 5068, 1765, 2589, 1272, 2677, 4079, 926, 4931, 1511, 989, 3357, 999, 2993, 4192, 5431, 5121, 5175, 2470, 2867, 1374, 5434, 4983, 5381, 4304, 3235, 2126, 1748, 3628, 3439, 1615, 5008, 4767, 3479, 862, 3772, 522, 5242, 980, 4258, 3229, 787, 4436, 3886, 4934, 1882, 5154, 3111, 1353, 1329, 299, 1286, 1212, 1588, 4679, 4669, 3495, 1902, 1362, 2606, 5310, 2142, 3632, 1053, 2593, 2740, 2107, 1110, 4029, 5045, 3603, 3962, 2979, 3204, 4830, 774, 3892, 3218, 893, 666, 932, 5118, 1568, 3523, 887, 4114, 3364, 3066, 3312, 2615, 2153, 4142, 5235, 3163, 4793, 1416, 4203, 2523, 238, 1892, 167, 1434, 1240, 3542, 3856, 4008, 390, 1993, 5366, 1494, 5309, 4876, 3467, 4351, 3729, 4213, 1627, 2350, 4418, 1099, 2207, 4350, 4122, 126, 1226, 3346, 485, 461, 4316, 2763, 4212, 538, 2524, 5137, 551, 2803, 2834, 1028, 3465, 4812, 3092, 4874, 3293, 4364, 1540, 4875, 2089, 1533, 3099, 3864, 314, 3853, 5025, 936, 3013, 547, 3527, 1135, 3179, 3708, 1959, 2915, 1442, 3343, 1715, 1172, 621, 5324, 1199, 2218, 5217, 2046, 385, 4953, 4311, 5305, 4496, 4448, 3631, 5176, 528, 806, 832, 4523, 4368, 2061, 3852, 3872, 878, 2944, 3826, 1467, 3920, 2032, 2785, 5312, 850, 4325, 4817, 4528, 4631, 2673, 1419, 4022, 4047, 3515, 1333, 345, 4140, 1753, 2596, 2459, 3492, 4064, 4012, 5284, 1581, 3747, 488, 4902, 3240, 3231, 4660, 2604, 5345, 4926, 2791, 3896, 1491, 62, 5174, 1469, 478, 839, 3052, 5062, 2006, 892, 5043, 3783, 340, 2905, 2423, 3993, 145, 1939, 472, 2728, 1229, 76, 1774, 4168, 646, 3755, 2302, 3833, 2309, 3784, 1300, 4491, 5167, 993, 1136, 4597, 452, 2637, 1828, 1575, 4987, 4857, 33, 5204, 2994, 3956, 3356, 1932, 2, 4439, 3004, 4692, 5417, 2931, 3118, 4801, 2631, 2453, 2649, 4176, 1000, 1371, 959, 4302, 330, 3585, 3258, 4332, 4564, 4725, 4301, 2469, 2933, 955, 3367, 4466, 744, 15, 1582, 2199, 2281, 3882, 4530, 3131, 1808, 3728, 5433, 1145, 2174, 4890, 5229, 1468, 101, 1355, 549, 1262, 1227, 3913, 2762, 5379, 222, 988, 3088, 3480, 1783, 532, 355, 4393, 2369, 5251, 1675, 2025, 2483, 2135, 2924, 665, 1760, 2705, 4338, 2951, 1507, 939, 1243, 1285, 632, 1360, 2827, 624, 3203, 2029, 3607, 3002, 4818, 130, 3381, 3846, 4011, 2056, 1458, 1350, 3758, 4947, 5322, 1059, 1556, 864, 3345, 2939, 3659, 1466, 2067, 4380, 2797, 1076, 431, 1740, 2293, 3737, 1952, 3664, 2632, 1656, 3790, 5410, 4058, 1211, 3445, 4428, 1109, 45, 2456, 2489, 4512, 3275, 3214, 4757, 239, 5109, 2555, 3958, 3740, 1644, 4596, 2331, 3316, 5007, 3371, 3656, 4028, 635, 1926, 995, 5012, 128, 3876, 2063, 758, 3815, 2641, 2374, 3138, 4190, 1850, 954, 4179, 5049, 2669, 3355, 1960, 2016, 2620, 4538, 4407, 5126, 3167, 5169, 403, 811, 65, 121, 968, 1332, 1816, 4324, 4062, 4576, 590, 4201, 3424, 159, 2950, 281, 4615, 2812, 1686, 3514, 2890, 2509, 411, 2992, 149, 3407, 1074, 2071, 1193, 237, 3770, 1809, 4245, 979, 3469, 5231, 4183, 4837, 4502]",186,500,5,False,500
499,numeric,description,2,True,False,True,"{2: 108, 1: 104, 5: 89, 4: 74, 3: 118, 0: 7}","[365, 353, 2801, 2313, 4363, 3055, 466, 5179, 4620, 922, 1488, 3354, 1490, 872, 280, 265, 3837, 2759, 5068, 1765, 2589, 1272, 2677, 4079, 926, 4931, 1511, 989, 3357, 999, 2993, 4192, 5431, 5121, 5175, 2470, 2867, 1374, 5434, 4983, 5381, 4304, 3235, 2126, 1748, 3628, 3439, 1615, 5008, 4767, 3479, 862, 3772, 522, 5242, 980, 4258, 3229, 787, 4436, 3886, 4934, 1882, 5154, 3111, 1353, 1329, 299, 1286, 1212, 1588, 4679, 4669, 3495, 1902, 1362, 2606, 5310, 2142, 3632, 1053, 2593, 2740, 2107, 1110, 4029, 5045, 3603, 3962, 2979, 3204, 4830, 774, 3892, 3218, 893, 666, 932, 5118, 1568, 3523, 887, 4114, 3364, 3066, 3312, 2615, 2153, 4142, 5235, 3163, 4793, 1416, 4203, 2523, 238, 1892, 167, 1434, 1240, 3542, 3856, 4008, 390, 1993, 5366, 1494, 5309, 4876, 3467, 4351, 3729, 4213, 1627, 2350, 4418, 1099, 2207, 4350, 4122, 126, 1226, 3346, 485, 461, 4316, 2763, 4212, 538, 2524, 5137, 551, 2803, 2834, 1028, 3465, 4812, 3092, 4874, 3293, 4364, 1540, 4875, 2089, 1533, 3099, 3864, 314, 3853, 5025, 936, 3013, 547, 3527, 1135, 3179, 3708, 1959, 2915, 1442, 3343, 1715, 1172, 621, 5324, 1199, 2218, 5217, 2046, 385, 4953, 4311, 5305, 4496, 4448, 3631, 5176, 528, 806, 832, 4523, 4368, 2061, 3852, 3872, 878, 2944, 3826, 1467, 3920, 2032, 2785, 5312, 850, 4325, 4817, 4528, 4631, 2673, 1419, 4022, 4047, 3515, 1333, 345, 4140, 1753, 2596, 2459, 3492, 4064, 4012, 5284, 1581, 3747, 488, 4902, 3240, 3231, 4660, 2604, 5345, 4926, 2791, 3896, 1491, 62, 5174, 1469, 478, 839, 3052, 5062, 2006, 892, 5043, 3783, 340, 2905, 2423, 3993, 145, 1939, 472, 2728, 1229, 76, 1774, 4168, 646, 3755, 2302, 3833, 2309, 3784, 1300, 4491, 5167, 993, 1136, 4597, 452, 2637, 1828, 1575, 4987, 4857, 33, 5204, 2994, 3956, 3356, 1932, 2, 4439, 3004, 4692, 5417, 2931, 3118, 4801, 2631, 2453, 2649, 4176, 1000, 1371, 959, 4302, 330, 3585, 3258, 4332, 4564, 4725, 4301, 2469, 2933, 955, 3367, 4466, 744, 15, 1582, 2199, 2281, 3882, 4530, 3131, 1808, 3728, 5433, 1145, 2174, 4890, 5229, 1468, 101, 1355, 549, 1262, 1227, 3913, 2762, 5379, 222, 988, 3088, 3480, 1783, 532, 355, 4393, 2369, 5251, 1675, 2025, 2483, 2135, 2924, 665, 1760, 2705, 4338, 2951, 1507, 939, 1243, 1285, 632, 1360, 2827, 624, 3203, 2029, 3607, 3002, 4818, 130, 3381, 3846, 4011, 2056, 1458, 1350, 3758, 4947, 5322, 1059, 1556, 864, 3345, 2939, 3659, 1466, 2067, 4380, 2797, 1076, 431, 1740, 2293, 3737, 1952, 3664, 2632, 1656, 3790, 5410, 4058, 1211, 3445, 4428, 1109, 45, 2456, 2489, 4512, 3275, 3214, 4757, 239, 5109, 2555, 3958, 3740, 1644, 4596, 2331, 3316, 5007, 3371, 3656, 4028, 635, 1926, 995, 5012, 128, 3876, 2063, 758, 3815, 2641, 2374, 3138, 4190, 1850, 954, 4179, 5049, 2669, 3355, 1960, 2016, 2620, 4538, 4407, 5126, 3167, 5169, 403, 811, 65, 121, 968, 1332, 1816, 4324, 4062, 4576, 590, 4201, 3424, 159, 2950, 281, 4615, 2812, 1686, 3514, 2890, 2509, 411, 2992, 149, 3407, 1074, 2071, 1193, 237, 3770, 1809, 4245, 979, 3469, 5231, 4183, 4837, 4502]",499,500,5,False,500
26,description,description,2,True,True,True,"{2: 108, 1: 104, 5: 89, 4: 74, 3: 118, 0: 7}","[365, 353, 2801, 2313, 4363, 3055, 466, 5179, 4620, 922, 1488, 3354, 1490, 872, 280, 265, 3837, 2759, 5068, 1765, 2589, 1272, 2677, 4079, 926, 4931, 1511, 989, 3357, 999, 2993, 4192, 5431, 5121, 5175, 2470, 2867, 1374, 5434, 4983, 5381, 4304, 3235, 2126, 1748, 3628, 3439, 1615, 5008, 4767, 3479, 862, 3772, 522, 5242, 980, 4258, 3229, 787, 4436, 3886, 4934, 1882, 5154, 3111, 1353, 1329, 299, 1286, 1212, 1588, 4679, 4669, 3495, 1902, 1362, 2606, 5310, 2142, 3632, 1053, 2593, 2740, 2107, 1110, 4029, 5045, 3603, 3962, 2979, 3204, 4830, 774, 3892, 3218, 893, 666, 932, 5118, 1568, 3523, 887, 4114, 3364, 3066, 3312, 2615, 2153, 4142, 5235, 3163, 4793, 1416, 4203, 2523, 238, 1892, 167, 1434, 1240, 3542, 3856, 4008, 390, 1993, 5366, 1494, 5309, 4876, 3467, 4351, 3729, 4213, 1627, 2350, 4418, 1099, 2207, 4350, 4122, 126, 1226, 3346, 485, 461, 4316, 2763, 4212, 538, 2524, 5137, 551, 2803, 2834, 1028, 3465, 4812, 3092, 4874, 3293, 4364, 1540, 4875, 2089, 1533, 3099, 3864, 314, 3853, 5025, 936, 3013, 547, 3527, 1135, 3179, 3708, 1959, 2915, 1442, 3343, 1715, 1172, 621, 5324, 1199, 2218, 5217, 2046, 385, 4953, 4311, 5305, 4496, 4448, 3631, 5176, 528, 806, 832, 4523, 4368, 2061, 3852, 3872, 878, 2944, 3826, 1467, 3920, 2032, 2785, 5312, 850, 4325, 4817, 4528, 4631, 2673, 1419, 4022, 4047, 3515, 1333, 345, 4140, 1753, 2596, 2459, 3492, 4064, 4012, 5284, 1581, 3747, 488, 4902, 3240, 3231, 4660, 2604, 5345, 4926, 2791, 3896, 1491, 62, 5174, 1469, 478, 839, 3052, 5062, 2006, 892, 5043, 3783, 340, 2905, 2423, 3993, 145, 1939, 472, 2728, 1229, 76, 1774, 4168, 646, 3755, 2302, 3833, 2309, 3784, 1300, 4491, 5167, 993, 1136, 4597, 452, 2637, 1828, 1575, 4987, 4857, 33, 5204, 2994, 3956, 3356, 1932, 2, 4439, 3004, 4692, 5417, 2931, 3118, 4801, 2631, 2453, 2649, 4176, 1000, 1371, 959, 4302, 330, 3585, 3258, 4332, 4564, 4725, 4301, 2469, 2933, 955, 3367, 4466, 744, 15, 1582, 2199, 2281, 3882, 4530, 3131, 1808, 3728, 5433, 1145, 2174, 4890, 5229, 1468, 101, 1355, 549, 1262, 1227, 3913, 2762, 5379, 222, 988, 3088, 3480, 1783, 532, 355, 4393, 2369, 5251, 1675, 2025, 2483, 2135, 2924, 665, 1760, 2705, 4338, 2951, 1507, 939, 1243, 1285, 632, 1360, 2827, 624, 3203, 2029, 3607, 3002, 4818, 130, 3381, 3846, 4011, 2056, 1458, 1350, 3758, 4947, 5322, 1059, 1556, 864, 3345, 2939, 3659, 1466, 2067, 4380, 2797, 1076, 431, 1740, 2293, 3737, 1952, 3664, 2632, 1656, 3790, 5410, 4058, 1211, 3445, 4428, 1109, 45, 2456, 2489, 4512, 3275, 3214, 4757, 239, 5109, 2555, 3958, 3740, 1644, 4596, 2331, 3316, 5007, 3371, 3656, 4028, 635, 1926, 995, 5012, 128, 3876, 2063, 758, 3815, 2641, 2374, 3138, 4190, 1850, 954, 4179, 5049, 2669, 3355, 1960, 2016, 2620, 4538, 4407, 5126, 3167, 5169, 403, 811, 65, 121, 968, 1332, 1816, 4324, 4062, 4576, 590, 4201, 3424, 159, 2950, 281, 4615, 2812, 1686, 3514, 2890, 2509, 411, 2992, 149, 3407, 1074, 2071, 1193, 237, 3770, 1809, 4245, 979, 3469, 5231, 4183, 4837, 4502]",26,500,5,False,500
246,entity,description,2,True,False,True,"{2: 108, 1: 104, 5: 89, 4: 74, 3: 118, 0: 7}","[365, 353, 2801, 2313, 4363, 3055, 466, 5179, 4620, 922, 1488, 3354, 1490, 872, 280, 265, 3837, 2759, 5068, 1765, 2589, 1272, 2677, 4079, 926, 4931, 1511, 989, 3357, 999, 2993, 4192, 5431, 5121, 5175, 2470, 2867, 1374, 5434, 4983, 5381, 4304, 3235, 2126, 1748, 3628, 3439, 1615, 5008, 4767, 3479, 862, 3772, 522, 5242, 980, 4258, 3229, 787, 4436, 3886, 4934, 1882, 5154, 3111, 1353, 1329, 299, 1286, 1212, 1588, 4679, 4669, 3495, 1902, 1362, 2606, 5310, 2142, 3632, 1053, 2593, 2740, 2107, 1110, 4029, 5045, 3603, 3962, 2979, 3204, 4830, 774, 3892, 3218, 893, 666, 932, 5118, 1568, 3523, 887, 4114, 3364, 3066, 3312, 2615, 2153, 4142, 5235, 3163, 4793, 1416, 4203, 2523, 238, 1892, 167, 1434, 1240, 3542, 3856, 4008, 390, 1993, 5366, 1494, 5309, 4876, 3467, 4351, 3729, 4213, 1627, 2350, 4418, 1099, 2207, 4350, 4122, 126, 1226, 3346, 485, 461, 4316, 2763, 4212, 538, 2524, 5137, 551, 2803, 2834, 1028, 3465, 4812, 3092, 4874, 3293, 4364, 1540, 4875, 2089, 1533, 3099, 3864, 314, 3853, 5025, 936, 3013, 547, 3527, 1135, 3179, 3708, 1959, 2915, 1442, 3343, 1715, 1172, 621, 5324, 1199, 2218, 5217, 2046, 385, 4953, 4311, 5305, 4496, 4448, 3631, 5176, 528, 806, 832, 4523, 4368, 2061, 3852, 3872, 878, 2944, 3826, 1467, 3920, 2032, 2785, 5312, 850, 4325, 4817, 4528, 4631, 2673, 1419, 4022, 4047, 3515, 1333, 345, 4140, 1753, 2596, 2459, 3492, 4064, 4012, 5284, 1581, 3747, 488, 4902, 3240, 3231, 4660, 2604, 5345, 4926, 2791, 3896, 1491, 62, 5174, 1469, 478, 839, 3052, 5062, 2006, 892, 5043, 3783, 340, 2905, 2423, 3993, 145, 1939, 472, 2728, 1229, 76, 1774, 4168, 646, 3755, 2302, 3833, 2309, 3784, 1300, 4491, 5167, 993, 1136, 4597, 452, 2637, 1828, 1575, 4987, 4857, 33, 5204, 2994, 3956, 3356, 1932, 2, 4439, 3004, 4692, 5417, 2931, 3118, 4801, 2631, 2453, 2649, 4176, 1000, 1371, 959, 4302, 330, 3585, 3258, 4332, 4564, 4725, 4301, 2469, 2933, 955, 3367, 4466, 744, 15, 1582, 2199, 2281, 3882, 4530, 3131, 1808, 3728, 5433, 1145, 2174, 4890, 5229, 1468, 101, 1355, 549, 1262, 1227, 3913, 2762, 5379, 222, 988, 3088, 3480, 1783, 532, 355, 4393, 2369, 5251, 1675, 2025, 2483, 2135, 2924, 665, 1760, 2705, 4338, 2951, 1507, 939, 1243, 1285, 632, 1360, 2827, 624, 3203, 2029, 3607, 3002, 4818, 130, 3381, 3846, 4011, 2056, 1458, 1350, 3758, 4947, 5322, 1059, 1556, 864, 3345, 2939, 3659, 1466, 2067, 4380, 2797, 1076, 431, 1740, 2293, 3737, 1952, 3664, 2632, 1656, 3790, 5410, 4058, 1211, 3445, 4428, 1109, 45, 2456, 2489, 4512, 3275, 3214, 4757, 239, 5109, 2555, 3958, 3740, 1644, 4596, 2331, 3316, 5007, 3371, 3656, 4028, 635, 1926, 995, 5012, 128, 3876, 2063, 758, 3815, 2641, 2374, 3138, 4190, 1850, 954, 4179, 5049, 2669, 3355, 1960, 2016, 2620, 4538, 4407, 5126, 3167, 5169, 403, 811, 65, 121, 968, 1332, 1816, 4324, 4062, 4576, 590, 4201, 3424, 159, 2950, 281, 4615, 2812, 1686, 3514, 2890, 2509, 411, 2992, 149, 3407, 1074, 2071, 1193, 237, 3770, 1809, 4245, 979, 3469, 5231, 4183, 4837, 4502]",246,500,5,False,500
355,human,human,3,True,True,True,"{2: 108, 1: 104, 5: 89, 4: 74, 3: 118, 0: 7}","[365, 353, 2801, 2313, 4363, 3055, 466, 5179, 4620, 922, 1488, 3354, 1490, 872, 280, 265, 3837, 2759, 5068, 1765, 2589, 1272, 2677, 4079, 926, 4931, 1511, 989, 3357, 999, 2993, 4192, 5431, 5121, 5175, 2470, 2867, 1374, 5434, 4983, 5381, 4304, 3235, 2126, 1748, 3628, 3439, 1615, 5008, 4767, 3479, 862, 3772, 522, 5242, 980, 4258, 3229, 787, 4436, 3886, 4934, 1882, 5154, 3111, 1353, 1329, 299, 1286, 1212, 1588, 4679, 4669, 3495, 1902, 1362, 2606, 5310, 2142, 3632, 1053, 2593, 2740, 2107, 1110, 4029, 5045, 3603, 3962, 2979, 3204, 4830, 774, 3892, 3218, 893, 666, 932, 5118, 1568, 3523, 887, 4114, 3364, 3066, 3312, 2615, 2153, 4142, 5235, 3163, 4793, 1416, 4203, 2523, 238, 1892, 167, 1434, 1240, 3542, 3856, 4008, 390, 1993, 5366, 1494, 5309, 4876, 3467, 4351, 3729, 4213, 1627, 2350, 4418, 1099, 2207, 4350, 4122, 126, 1226, 3346, 485, 461, 4316, 2763, 4212, 538, 2524, 5137, 551, 2803, 2834, 1028, 3465, 4812, 3092, 4874, 3293, 4364, 1540, 4875, 2089, 1533, 3099, 3864, 314, 3853, 5025, 936, 3013, 547, 3527, 1135, 3179, 3708, 1959, 2915, 1442, 3343, 1715, 1172, 621, 5324, 1199, 2218, 5217, 2046, 385, 4953, 4311, 5305, 4496, 4448, 3631, 5176, 528, 806, 832, 4523, 4368, 2061, 3852, 3872, 878, 2944, 3826, 1467, 3920, 2032, 2785, 5312, 850, 4325, 4817, 4528, 4631, 2673, 1419, 4022, 4047, 3515, 1333, 345, 4140, 1753, 2596, 2459, 3492, 4064, 4012, 5284, 1581, 3747, 488, 4902, 3240, 3231, 4660, 2604, 5345, 4926, 2791, 3896, 1491, 62, 5174, 1469, 478, 839, 3052, 5062, 2006, 892, 5043, 3783, 340, 2905, 2423, 3993, 145, 1939, 472, 2728, 1229, 76, 1774, 4168, 646, 3755, 2302, 3833, 2309, 3784, 1300, 4491, 5167, 993, 1136, 4597, 452, 2637, 1828, 1575, 4987, 4857, 33, 5204, 2994, 3956, 3356, 1932, 2, 4439, 3004, 4692, 5417, 2931, 3118, 4801, 2631, 2453, 2649, 4176, 1000, 1371, 959, 4302, 330, 3585, 3258, 4332, 4564, 4725, 4301, 2469, 2933, 955, 3367, 4466, 744, 15, 1582, 2199, 2281, 3882, 4530, 3131, 1808, 3728, 5433, 1145, 2174, 4890, 5229, 1468, 101, 1355, 549, 1262, 1227, 3913, 2762, 5379, 222, 988, 3088, 3480, 1783, 532, 355, 4393, 2369, 5251, 1675, 2025, 2483, 2135, 2924, 665, 1760, 2705, 4338, 2951, 1507, 939, 1243, 1285, 632, 1360, 2827, 624, 3203, 2029, 3607, 3002, 4818, 130, 3381, 3846, 4011, 2056, 1458, 1350, 3758, 4947, 5322, 1059, 1556, 864, 3345, 2939, 3659, 1466, 2067, 4380, 2797, 1076, 431, 1740, 2293, 3737, 1952, 3664, 2632, 1656, 3790, 5410, 4058, 1211, 3445, 4428, 1109, 45, 2456, 2489, 4512, 3275, 3214, 4757, 239, 5109, 2555, 3958, 3740, 1644, 4596, 2331, 3316, 5007, 3371, 3656, 4028, 635, 1926, 995, 5012, 128, 3876, 2063, 758, 3815, 2641, 2374, 3138, 4190, 1850, 954, 4179, 5049, 2669, 3355, 1960, 2016, 2620, 4538, 4407, 5126, 3167, 5169, 403, 811, 65, 121, 968, 1332, 1816, 4324, 4062, 4576, 590, 4201, 3424, 159, 2950, 281, 4615, 2812, 1686, 3514, 2890, 2509, 411, 2992, 149, 3407, 1074, 2071, 1193, 237, 3770, 1809, 4245, 979, 3469, 5231, 4183, 4837, 4502]",355,500,5,False,500
214,description,description,2,True,True,True,"{2: 108, 1: 104, 5: 89, 4: 74, 3: 118, 0: 7}","[365, 353, 2801, 2313, 4363, 3055, 466, 5179, 4620, 922, 1488, 3354, 1490, 872, 280, 265, 3837, 2759, 5068, 1765, 2589, 1272, 2677, 4079, 926, 4931, 1511, 989, 3357, 999, 2993, 4192, 5431, 5121, 5175, 2470, 2867, 1374, 5434, 4983, 5381, 4304, 3235, 2126, 1748, 3628, 3439, 1615, 5008, 4767, 3479, 862, 3772, 522, 5242, 980, 4258, 3229, 787, 4436, 3886, 4934, 1882, 5154, 3111, 1353, 1329, 299, 1286, 1212, 1588, 4679, 4669, 3495, 1902, 1362, 2606, 5310, 2142, 3632, 1053, 2593, 2740, 2107, 1110, 4029, 5045, 3603, 3962, 2979, 3204, 4830, 774, 3892, 3218, 893, 666, 932, 5118, 1568, 3523, 887, 4114, 3364, 3066, 3312, 2615, 2153, 4142, 5235, 3163, 4793, 1416, 4203, 2523, 238, 1892, 167, 1434, 1240, 3542, 3856, 4008, 390, 1993, 5366, 1494, 5309, 4876, 3467, 4351, 3729, 4213, 1627, 2350, 4418, 1099, 2207, 4350, 4122, 126, 1226, 3346, 485, 461, 4316, 2763, 4212, 538, 2524, 5137, 551, 2803, 2834, 1028, 3465, 4812, 3092, 4874, 3293, 4364, 1540, 4875, 2089, 1533, 3099, 3864, 314, 3853, 5025, 936, 3013, 547, 3527, 1135, 3179, 3708, 1959, 2915, 1442, 3343, 1715, 1172, 621, 5324, 1199, 2218, 5217, 2046, 385, 4953, 4311, 5305, 4496, 4448, 3631, 5176, 528, 806, 832, 4523, 4368, 2061, 3852, 3872, 878, 2944, 3826, 1467, 3920, 2032, 2785, 5312, 850, 4325, 4817, 4528, 4631, 2673, 1419, 4022, 4047, 3515, 1333, 345, 4140, 1753, 2596, 2459, 3492, 4064, 4012, 5284, 1581, 3747, 488, 4902, 3240, 3231, 4660, 2604, 5345, 4926, 2791, 3896, 1491, 62, 5174, 1469, 478, 839, 3052, 5062, 2006, 892, 5043, 3783, 340, 2905, 2423, 3993, 145, 1939, 472, 2728, 1229, 76, 1774, 4168, 646, 3755, 2302, 3833, 2309, 3784, 1300, 4491, 5167, 993, 1136, 4597, 452, 2637, 1828, 1575, 4987, 4857, 33, 5204, 2994, 3956, 3356, 1932, 2, 4439, 3004, 4692, 5417, 2931, 3118, 4801, 2631, 2453, 2649, 4176, 1000, 1371, 959, 4302, 330, 3585, 3258, 4332, 4564, 4725, 4301, 2469, 2933, 955, 3367, 4466, 744, 15, 1582, 2199, 2281, 3882, 4530, 3131, 1808, 3728, 5433, 1145, 2174, 4890, 5229, 1468, 101, 1355, 549, 1262, 1227, 3913, 2762, 5379, 222, 988, 3088, 3480, 1783, 532, 355, 4393, 2369, 5251, 1675, 2025, 2483, 2135, 2924, 665, 1760, 2705, 4338, 2951, 1507, 939, 1243, 1285, 632, 1360, 2827, 624, 3203, 2029, 3607, 3002, 4818, 130, 3381, 3846, 4011, 2056, 1458, 1350, 3758, 4947, 5322, 1059, 1556, 864, 3345, 2939, 3659, 1466, 2067, 4380, 2797, 1076, 431, 1740, 2293, 3737, 1952, 3664, 2632, 1656, 3790, 5410, 4058, 1211, 3445, 4428, 1109, 45, 2456, 2489, 4512, 3275, 3214, 4757, 239, 5109, 2555, 3958, 3740, 1644, 4596, 2331, 3316, 5007, 3371, 3656, 4028, 635, 1926, 995, 5012, 128, 3876, 2063, 758, 3815, 2641, 2374, 3138, 4190, 1850, 954, 4179, 5049, 2669, 3355, 1960, 2016, 2620, 4538, 4407, 5126, 3167, 5169, 403, 811, 65, 121, 968, 1332, 1816, 4324, 4062, 4576, 590, 4201, 3424, 159, 2950, 281, 4615, 2812, 1686, 3514, 2890, 2509, 411, 2992, 149, 3407, 1074, 2071, 1193, 237, 3770, 1809, 4245, 979, 3469, 5231, 4183, 4837, 4502]",214,500,5,False,500
196,numeric,entity,1,True,False,True,"{2: 108, 1: 104, 5: 89, 4: 74, 3: 118, 0: 7}","[365, 353, 2801, 2313, 4363, 3055, 466, 5179, 4620, 922, 1488, 3354, 1490, 872, 280, 265, 3837, 2759, 5068, 1765, 2589, 1272, 2677, 4079, 926, 4931, 1511, 989, 3357, 999, 2993, 4192, 5431, 5121, 5175, 2470, 2867, 1374, 5434, 4983, 5381, 4304, 3235, 2126, 1748, 3628, 3439, 1615, 5008, 4767, 3479, 862, 3772, 522, 5242, 980, 4258, 3229, 787, 4436, 3886, 4934, 1882, 5154, 3111, 1353, 1329, 299, 1286, 1212, 1588, 4679, 4669, 3495, 1902, 1362, 2606, 5310, 2142, 3632, 1053, 2593, 2740, 2107, 1110, 4029, 5045, 3603, 3962, 2979, 3204, 4830, 774, 3892, 3218, 893, 666, 932, 5118, 1568, 3523, 887, 4114, 3364, 3066, 3312, 2615, 2153, 4142, 5235, 3163, 4793, 1416, 4203, 2523, 238, 1892, 167, 1434, 1240, 3542, 3856, 4008, 390, 1993, 5366, 1494, 5309, 4876, 3467, 4351, 3729, 4213, 1627, 2350, 4418, 1099, 2207, 4350, 4122, 126, 1226, 3346, 485, 461, 4316, 2763, 4212, 538, 2524, 5137, 551, 2803, 2834, 1028, 3465, 4812, 3092, 4874, 3293, 4364, 1540, 4875, 2089, 1533, 3099, 3864, 314, 3853, 5025, 936, 3013, 547, 3527, 1135, 3179, 3708, 1959, 2915, 1442, 3343, 1715, 1172, 621, 5324, 1199, 2218, 5217, 2046, 385, 4953, 4311, 5305, 4496, 4448, 3631, 5176, 528, 806, 832, 4523, 4368, 2061, 3852, 3872, 878, 2944, 3826, 1467, 3920, 2032, 2785, 5312, 850, 4325, 4817, 4528, 4631, 2673, 1419, 4022, 4047, 3515, 1333, 345, 4140, 1753, 2596, 2459, 3492, 4064, 4012, 5284, 1581, 3747, 488, 4902, 3240, 3231, 4660, 2604, 5345, 4926, 2791, 3896, 1491, 62, 5174, 1469, 478, 839, 3052, 5062, 2006, 892, 5043, 3783, 340, 2905, 2423, 3993, 145, 1939, 472, 2728, 1229, 76, 1774, 4168, 646, 3755, 2302, 3833, 2309, 3784, 1300, 4491, 5167, 993, 1136, 4597, 452, 2637, 1828, 1575, 4987, 4857, 33, 5204, 2994, 3956, 3356, 1932, 2, 4439, 3004, 4692, 5417, 2931, 3118, 4801, 2631, 2453, 2649, 4176, 1000, 1371, 959, 4302, 330, 3585, 3258, 4332, 4564, 4725, 4301, 2469, 2933, 955, 3367, 4466, 744, 15, 1582, 2199, 2281, 3882, 4530, 3131, 1808, 3728, 5433, 1145, 2174, 4890, 5229, 1468, 101, 1355, 549, 1262, 1227, 3913, 2762, 5379, 222, 988, 3088, 3480, 1783, 532, 355, 4393, 2369, 5251, 1675, 2025, 2483, 2135, 2924, 665, 1760, 2705, 4338, 2951, 1507, 939, 1243, 1285, 632, 1360, 2827, 624, 3203, 2029, 3607, 3002, 4818, 130, 3381, 3846, 4011, 2056, 1458, 1350, 3758, 4947, 5322, 1059, 1556, 864, 3345, 2939, 3659, 1466, 2067, 4380, 2797, 1076, 431, 1740, 2293, 3737, 1952, 3664, 2632, 1656, 3790, 5410, 4058, 1211, 3445, 4428, 1109, 45, 2456, 2489, 4512, 3275, 3214, 4757, 239, 5109, 2555, 3958, 3740, 1644, 4596, 2331, 3316, 5007, 3371, 3656, 4028, 635, 1926, 995, 5012, 128, 3876, 2063, 758, 3815, 2641, 2374, 3138, 4190, 1850, 954, 4179, 5049, 2669, 3355, 1960, 2016, 2620, 4538, 4407, 5126, 3167, 5169, 403, 811, 65, 121, 968, 1332, 1816, 4324, 4062, 4576, 590, 4201, 3424, 159, 2950, 281, 4615, 2812, 1686, 3514, 2890, 2509, 411, 2992, 149, 3407, 1074, 2071, 1193, 237, 3770, 1809, 4245, 979, 3469, 5231, 4183, 4837, 4502]",196,500,5,False,500
212,location,location,4,True,True,True,"{2: 108, 1: 104, 5: 89, 4: 74, 3: 118, 0: 7}","[365, 353, 2801, 2313, 4363, 3055, 466, 5179, 4620, 922, 1488, 3354, 1490, 872, 280, 265, 3837, 2759, 5068, 1765, 2589, 1272, 2677, 4079, 926, 4931, 1511, 989, 3357, 999, 2993, 4192, 5431, 5121, 5175, 2470, 2867, 1374, 5434, 4983, 5381, 4304, 3235, 2126, 1748, 3628, 3439, 1615, 5008, 4767, 3479, 862, 3772, 522, 5242, 980, 4258, 3229, 787, 4436, 3886, 4934, 1882, 5154, 3111, 1353, 1329, 299, 1286, 1212, 1588, 4679, 4669, 3495, 1902, 1362, 2606, 5310, 2142, 3632, 1053, 2593, 2740, 2107, 1110, 4029, 5045, 3603, 3962, 2979, 3204, 4830, 774, 3892, 3218, 893, 666, 932, 5118, 1568, 3523, 887, 4114, 3364, 3066, 3312, 2615, 2153, 4142, 5235, 3163, 4793, 1416, 4203, 2523, 238, 1892, 167, 1434, 1240, 3542, 3856, 4008, 390, 1993, 5366, 1494, 5309, 4876, 3467, 4351, 3729, 4213, 1627, 2350, 4418, 1099, 2207, 4350, 4122, 126, 1226, 3346, 485, 461, 4316, 2763, 4212, 538, 2524, 5137, 551, 2803, 2834, 1028, 3465, 4812, 3092, 4874, 3293, 4364, 1540, 4875, 2089, 1533, 3099, 3864, 314, 3853, 5025, 936, 3013, 547, 3527, 1135, 3179, 3708, 1959, 2915, 1442, 3343, 1715, 1172, 621, 5324, 1199, 2218, 5217, 2046, 385, 4953, 4311, 5305, 4496, 4448, 3631, 5176, 528, 806, 832, 4523, 4368, 2061, 3852, 3872, 878, 2944, 3826, 1467, 3920, 2032, 2785, 5312, 850, 4325, 4817, 4528, 4631, 2673, 1419, 4022, 4047, 3515, 1333, 345, 4140, 1753, 2596, 2459, 3492, 4064, 4012, 5284, 1581, 3747, 488, 4902, 3240, 3231, 4660, 2604, 5345, 4926, 2791, 3896, 1491, 62, 5174, 1469, 478, 839, 3052, 5062, 2006, 892, 5043, 3783, 340, 2905, 2423, 3993, 145, 1939, 472, 2728, 1229, 76, 1774, 4168, 646, 3755, 2302, 3833, 2309, 3784, 1300, 4491, 5167, 993, 1136, 4597, 452, 2637, 1828, 1575, 4987, 4857, 33, 5204, 2994, 3956, 3356, 1932, 2, 4439, 3004, 4692, 5417, 2931, 3118, 4801, 2631, 2453, 2649, 4176, 1000, 1371, 959, 4302, 330, 3585, 3258, 4332, 4564, 4725, 4301, 2469, 2933, 955, 3367, 4466, 744, 15, 1582, 2199, 2281, 3882, 4530, 3131, 1808, 3728, 5433, 1145, 2174, 4890, 5229, 1468, 101, 1355, 549, 1262, 1227, 3913, 2762, 5379, 222, 988, 3088, 3480, 1783, 532, 355, 4393, 2369, 5251, 1675, 2025, 2483, 2135, 2924, 665, 1760, 2705, 4338, 2951, 1507, 939, 1243, 1285, 632, 1360, 2827, 624, 3203, 2029, 3607, 3002, 4818, 130, 3381, 3846, 4011, 2056, 1458, 1350, 3758, 4947, 5322, 1059, 1556, 864, 3345, 2939, 3659, 1466, 2067, 4380, 2797, 1076, 431, 1740, 2293, 3737, 1952, 3664, 2632, 1656, 3790, 5410, 4058, 1211, 3445, 4428, 1109, 45, 2456, 2489, 4512, 3275, 3214, 4757, 239, 5109, 2555, 3958, 3740, 1644, 4596, 2331, 3316, 5007, 3371, 3656, 4028, 635, 1926, 995, 5012, 128, 3876, 2063, 758, 3815, 2641, 2374, 3138, 4190, 1850, 954, 4179, 5049, 2669, 3355, 1960, 2016, 2620, 4538, 4407, 5126, 3167, 5169, 403, 811, 65, 121, 968, 1332, 1816, 4324, 4062, 4576, 590, 4201, 3424, 159, 2950, 281, 4615, 2812, 1686, 3514, 2890, 2509, 411, 2992, 149, 3407, 1074, 2071, 1193, 237, 3770, 1809, 4245, 979, 3469, 5231, 4183, 4837, 4502]",212,500,5,False,500
120,numeric,numeric,5,True,True,True,"{2: 108, 1: 104, 5: 89, 4: 74, 3: 118, 0: 7}","[365, 353, 2801, 2313, 4363, 3055, 466, 5179, 4620, 922, 1488, 3354, 1490, 872, 280, 265, 3837, 2759, 5068, 1765, 2589, 1272, 2677, 4079, 926, 4931, 1511, 989, 3357, 999, 2993, 4192, 5431, 5121, 5175, 2470, 2867, 1374, 5434, 4983, 5381, 4304, 3235, 2126, 1748, 3628, 3439, 1615, 5008, 4767, 3479, 862, 3772, 522, 5242, 980, 4258, 3229, 787, 4436, 3886, 4934, 1882, 5154, 3111, 1353, 1329, 299, 1286, 1212, 1588, 4679, 4669, 3495, 1902, 1362, 2606, 5310, 2142, 3632, 1053, 2593, 2740, 2107, 1110, 4029, 5045, 3603, 3962, 2979, 3204, 4830, 774, 3892, 3218, 893, 666, 932, 5118, 1568, 3523, 887, 4114, 3364, 3066, 3312, 2615, 2153, 4142, 5235, 3163, 4793, 1416, 4203, 2523, 238, 1892, 167, 1434, 1240, 3542, 3856, 4008, 390, 1993, 5366, 1494, 5309, 4876, 3467, 4351, 3729, 4213, 1627, 2350, 4418, 1099, 2207, 4350, 4122, 126, 1226, 3346, 485, 461, 4316, 2763, 4212, 538, 2524, 5137, 551, 2803, 2834, 1028, 3465, 4812, 3092, 4874, 3293, 4364, 1540, 4875, 2089, 1533, 3099, 3864, 314, 3853, 5025, 936, 3013, 547, 3527, 1135, 3179, 3708, 1959, 2915, 1442, 3343, 1715, 1172, 621, 5324, 1199, 2218, 5217, 2046, 385, 4953, 4311, 5305, 4496, 4448, 3631, 5176, 528, 806, 832, 4523, 4368, 2061, 3852, 3872, 878, 2944, 3826, 1467, 3920, 2032, 2785, 5312, 850, 4325, 4817, 4528, 4631, 2673, 1419, 4022, 4047, 3515, 1333, 345, 4140, 1753, 2596, 2459, 3492, 4064, 4012, 5284, 1581, 3747, 488, 4902, 3240, 3231, 4660, 2604, 5345, 4926, 2791, 3896, 1491, 62, 5174, 1469, 478, 839, 3052, 5062, 2006, 892, 5043, 3783, 340, 2905, 2423, 3993, 145, 1939, 472, 2728, 1229, 76, 1774, 4168, 646, 3755, 2302, 3833, 2309, 3784, 1300, 4491, 5167, 993, 1136, 4597, 452, 2637, 1828, 1575, 4987, 4857, 33, 5204, 2994, 3956, 3356, 1932, 2, 4439, 3004, 4692, 5417, 2931, 3118, 4801, 2631, 2453, 2649, 4176, 1000, 1371, 959, 4302, 330, 3585, 3258, 4332, 4564, 4725, 4301, 2469, 2933, 955, 3367, 4466, 744, 15, 1582, 2199, 2281, 3882, 4530, 3131, 1808, 3728, 5433, 1145, 2174, 4890, 5229, 1468, 101, 1355, 549, 1262, 1227, 3913, 2762, 5379, 222, 988, 3088, 3480, 1783, 532, 355, 4393, 2369, 5251, 1675, 2025, 2483, 2135, 2924, 665, 1760, 2705, 4338, 2951, 1507, 939, 1243, 1285, 632, 1360, 2827, 624, 3203, 2029, 3607, 3002, 4818, 130, 3381, 3846, 4011, 2056, 1458, 1350, 3758, 4947, 5322, 1059, 1556, 864, 3345, 2939, 3659, 1466, 2067, 4380, 2797, 1076, 431, 1740, 2293, 3737, 1952, 3664, 2632, 1656, 3790, 5410, 4058, 1211, 3445, 4428, 1109, 45, 2456, 2489, 4512, 3275, 3214, 4757, 239, 5109, 2555, 3958, 3740, 1644, 4596, 2331, 3316, 5007, 3371, 3656, 4028, 635, 1926, 995, 5012, 128, 3876, 2063, 758, 3815, 2641, 2374, 3138, 4190, 1850, 954, 4179, 5049, 2669, 3355, 1960, 2016, 2620, 4538, 4407, 5126, 3167, 5169, 403, 811, 65, 121, 968, 1332, 1816, 4324, 4062, 4576, 590, 4201, 3424, 159, 2950, 281, 4615, 2812, 1686, 3514, 2890, 2509, 411, 2992, 149, 3407, 1074, 2071, 1193, 237, 3770, 1809, 4245, 979, 3469, 5231, 4183, 4837, 4502]",120,500,5,False,500
365,numeric,numeric,5,True,True,True,"{2: 108, 1: 104, 5: 89, 4: 74, 3: 118, 0: 7}","[365, 353, 2801, 2313, 4363, 3055, 466, 5179, 4620, 922, 1488, 3354, 1490, 872, 280, 265, 3837, 2759, 5068, 1765, 2589, 1272, 2677, 4079, 926, 4931, 1511, 989, 3357, 999, 2993, 4192, 5431, 5121, 5175, 2470, 2867, 1374, 5434, 4983, 5381, 4304, 3235, 2126, 1748, 3628, 3439, 1615, 5008, 4767, 3479, 862, 3772, 522, 5242, 980, 4258, 3229, 787, 4436, 3886, 4934, 1882, 5154, 3111, 1353, 1329, 299, 1286, 1212, 1588, 4679, 4669, 3495, 1902, 1362, 2606, 5310, 2142, 3632, 1053, 2593, 2740, 2107, 1110, 4029, 5045, 3603, 3962, 2979, 3204, 4830, 774, 3892, 3218, 893, 666, 932, 5118, 1568, 3523, 887, 4114, 3364, 3066, 3312, 2615, 2153, 4142, 5235, 3163, 4793, 1416, 4203, 2523, 238, 1892, 167, 1434, 1240, 3542, 3856, 4008, 390, 1993, 5366, 1494, 5309, 4876, 3467, 4351, 3729, 4213, 1627, 2350, 4418, 1099, 2207, 4350, 4122, 126, 1226, 3346, 485, 461, 4316, 2763, 4212, 538, 2524, 5137, 551, 2803, 2834, 1028, 3465, 4812, 3092, 4874, 3293, 4364, 1540, 4875, 2089, 1533, 3099, 3864, 314, 3853, 5025, 936, 3013, 547, 3527, 1135, 3179, 3708, 1959, 2915, 1442, 3343, 1715, 1172, 621, 5324, 1199, 2218, 5217, 2046, 385, 4953, 4311, 5305, 4496, 4448, 3631, 5176, 528, 806, 832, 4523, 4368, 2061, 3852, 3872, 878, 2944, 3826, 1467, 3920, 2032, 2785, 5312, 850, 4325, 4817, 4528, 4631, 2673, 1419, 4022, 4047, 3515, 1333, 345, 4140, 1753, 2596, 2459, 3492, 4064, 4012, 5284, 1581, 3747, 488, 4902, 3240, 3231, 4660, 2604, 5345, 4926, 2791, 3896, 1491, 62, 5174, 1469, 478, 839, 3052, 5062, 2006, 892, 5043, 3783, 340, 2905, 2423, 3993, 145, 1939, 472, 2728, 1229, 76, 1774, 4168, 646, 3755, 2302, 3833, 2309, 3784, 1300, 4491, 5167, 993, 1136, 4597, 452, 2637, 1828, 1575, 4987, 4857, 33, 5204, 2994, 3956, 3356, 1932, 2, 4439, 3004, 4692, 5417, 2931, 3118, 4801, 2631, 2453, 2649, 4176, 1000, 1371, 959, 4302, 330, 3585, 3258, 4332, 4564, 4725, 4301, 2469, 2933, 955, 3367, 4466, 744, 15, 1582, 2199, 2281, 3882, 4530, 3131, 1808, 3728, 5433, 1145, 2174, 4890, 5229, 1468, 101, 1355, 549, 1262, 1227, 3913, 2762, 5379, 222, 988, 3088, 3480, 1783, 532, 355, 4393, 2369, 5251, 1675, 2025, 2483, 2135, 2924, 665, 1760, 2705, 4338, 2951, 1507, 939, 1243, 1285, 632, 1360, 2827, 624, 3203, 2029, 3607, 3002, 4818, 130, 3381, 3846, 4011, 2056, 1458, 1350, 3758, 4947, 5322, 1059, 1556, 864, 3345, 2939, 3659, 1466, 2067, 4380, 2797, 1076, 431, 1740, 2293, 3737, 1952, 3664, 2632, 1656, 3790, 5410, 4058, 1211, 3445, 4428, 1109, 45, 2456, 2489, 4512, 3275, 3214, 4757, 239, 5109, 2555, 3958, 3740, 1644, 4596, 2331, 3316, 5007, 3371, 3656, 4028, 635, 1926, 995, 5012, 128, 3876, 2063, 758, 3815, 2641, 2374, 3138, 4190, 1850, 954, 4179, 5049, 2669, 3355, 1960, 2016, 2620, 4538, 4407, 5126, 3167, 5169, 403, 811, 65, 121, 968, 1332, 1816, 4324, 4062, 4576, 590, 4201, 3424, 159, 2950, 281, 4615, 2812, 1686, 3514, 2890, 2509, 411, 2992, 149, 3407, 1074, 2071, 1193, 237, 3770, 1809, 4245, 979, 3469, 5231, 4183, 4837, 4502]",365,500,5,False,500
384,numeric,numeric,5,True,True,True,"{2: 108, 1: 104, 5: 89, 4: 74, 3: 118, 0: 7}","[365, 353, 2801, 2313, 4363, 3055, 466, 5179, 4620, 922, 1488, 3354, 1490, 872, 280, 265, 3837, 2759, 5068, 1765, 2589, 1272, 2677, 4079, 926, 4931, 1511, 989, 3357, 999, 2993, 4192, 5431, 5121, 5175, 2470, 2867, 1374, 5434, 4983, 5381, 4304, 3235, 2126, 1748, 3628, 3439, 1615, 5008, 4767, 3479, 862, 3772, 522, 5242, 980, 4258, 3229, 787, 4436, 3886, 4934, 1882, 5154, 3111, 1353, 1329, 299, 1286, 1212, 1588, 4679, 4669, 3495, 1902, 1362, 2606, 5310, 2142, 3632, 1053, 2593, 2740, 2107, 1110, 4029, 5045, 3603, 3962, 2979, 3204, 4830, 774, 3892, 3218, 893, 666, 932, 5118, 1568, 3523, 887, 4114, 3364, 3066, 3312, 2615, 2153, 4142, 5235, 3163, 4793, 1416, 4203, 2523, 238, 1892, 167, 1434, 1240, 3542, 3856, 4008, 390, 1993, 5366, 1494, 5309, 4876, 3467, 4351, 3729, 4213, 1627, 2350, 4418, 1099, 2207, 4350, 4122, 126, 1226, 3346, 485, 461, 4316, 2763, 4212, 538, 2524, 5137, 551, 2803, 2834, 1028, 3465, 4812, 3092, 4874, 3293, 4364, 1540, 4875, 2089, 1533, 3099, 3864, 314, 3853, 5025, 936, 3013, 547, 3527, 1135, 3179, 3708, 1959, 2915, 1442, 3343, 1715, 1172, 621, 5324, 1199, 2218, 5217, 2046, 385, 4953, 4311, 5305, 4496, 4448, 3631, 5176, 528, 806, 832, 4523, 4368, 2061, 3852, 3872, 878, 2944, 3826, 1467, 3920, 2032, 2785, 5312, 850, 4325, 4817, 4528, 4631, 2673, 1419, 4022, 4047, 3515, 1333, 345, 4140, 1753, 2596, 2459, 3492, 4064, 4012, 5284, 1581, 3747, 488, 4902, 3240, 3231, 4660, 2604, 5345, 4926, 2791, 3896, 1491, 62, 5174, 1469, 478, 839, 3052, 5062, 2006, 892, 5043, 3783, 340, 2905, 2423, 3993, 145, 1939, 472, 2728, 1229, 76, 1774, 4168, 646, 3755, 2302, 3833, 2309, 3784, 1300, 4491, 5167, 993, 1136, 4597, 452, 2637, 1828, 1575, 4987, 4857, 33, 5204, 2994, 3956, 3356, 1932, 2, 4439, 3004, 4692, 5417, 2931, 3118, 4801, 2631, 2453, 2649, 4176, 1000, 1371, 959, 4302, 330, 3585, 3258, 4332, 4564, 4725, 4301, 2469, 2933, 955, 3367, 4466, 744, 15, 1582, 2199, 2281, 3882, 4530, 3131, 1808, 3728, 5433, 1145, 2174, 4890, 5229, 1468, 101, 1355, 549, 1262, 1227, 3913, 2762, 5379, 222, 988, 3088, 3480, 1783, 532, 355, 4393, 2369, 5251, 1675, 2025, 2483, 2135, 2924, 665, 1760, 2705, 4338, 2951, 1507, 939, 1243, 1285, 632, 1360, 2827, 624, 3203, 2029, 3607, 3002, 4818, 130, 3381, 3846, 4011, 2056, 1458, 1350, 3758, 4947, 5322, 1059, 1556, 864, 3345, 2939, 3659, 1466, 2067, 4380, 2797, 1076, 431, 1740, 2293, 3737, 1952, 3664, 2632, 1656, 3790, 5410, 4058, 1211, 3445, 4428, 1109, 45, 2456, 2489, 4512, 3275, 3214, 4757, 239, 5109, 2555, 3958, 3740, 1644, 4596, 2331, 3316, 5007, 3371, 3656, 4028, 635, 1926, 995, 5012, 128, 3876, 2063, 758, 3815, 2641, 2374, 3138, 4190, 1850, 954, 4179, 5049, 2669, 3355, 1960, 2016, 2620, 4538, 4407, 5126, 3167, 5169, 403, 811, 65, 121, 968, 1332, 1816, 4324, 4062, 4576, 590, 4201, 3424, 159, 2950, 281, 4615, 2812, 1686, 3514, 2890, 2509, 411, 2992, 149, 3407, 1074, 2071, 1193, 237, 3770, 1809, 4245, 979, 3469, 5231, 4183, 4837, 4502]",384,500,5,False,500
74,location,location,4,True,True,True,"{2: 108, 1: 104, 5: 89, 4: 74, 3: 118, 0: 7}","[365, 353, 2801, 2313, 4363, 3055, 466, 5179, 4620, 922, 1488, 3354, 1490, 872, 280, 265, 3837, 2759, 5068, 1765, 2589, 1272, 2677, 4079, 926, 4931, 1511, 989, 3357, 999, 2993, 4192, 5431, 5121, 5175, 2470, 2867, 1374, 5434, 4983, 5381, 4304, 3235, 2126, 1748, 3628, 3439, 1615, 5008, 4767, 3479, 862, 3772, 522, 5242, 980, 4258, 3229, 787, 4436, 3886, 4934, 1882, 5154, 3111, 1353, 1329, 299, 1286, 1212, 1588, 4679, 4669, 3495, 1902, 1362, 2606, 5310, 2142, 3632, 1053, 2593, 2740, 2107, 1110, 4029, 5045, 3603, 3962, 2979, 3204, 4830, 774, 3892, 3218, 893, 666, 932, 5118, 1568, 3523, 887, 4114, 3364, 3066, 3312, 2615, 2153, 4142, 5235, 3163, 4793, 1416, 4203, 2523, 238, 1892, 167, 1434, 1240, 3542, 3856, 4008, 390, 1993, 5366, 1494, 5309, 4876, 3467, 4351, 3729, 4213, 1627, 2350, 4418, 1099, 2207, 4350, 4122, 126, 1226, 3346, 485, 461, 4316, 2763, 4212, 538, 2524, 5137, 551, 2803, 2834, 1028, 3465, 4812, 3092, 4874, 3293, 4364, 1540, 4875, 2089, 1533, 3099, 3864, 314, 3853, 5025, 936, 3013, 547, 3527, 1135, 3179, 3708, 1959, 2915, 1442, 3343, 1715, 1172, 621, 5324, 1199, 2218, 5217, 2046, 385, 4953, 4311, 5305, 4496, 4448, 3631, 5176, 528, 806, 832, 4523, 4368, 2061, 3852, 3872, 878, 2944, 3826, 1467, 3920, 2032, 2785, 5312, 850, 4325, 4817, 4528, 4631, 2673, 1419, 4022, 4047, 3515, 1333, 345, 4140, 1753, 2596, 2459, 3492, 4064, 4012, 5284, 1581, 3747, 488, 4902, 3240, 3231, 4660, 2604, 5345, 4926, 2791, 3896, 1491, 62, 5174, 1469, 478, 839, 3052, 5062, 2006, 892, 5043, 3783, 340, 2905, 2423, 3993, 145, 1939, 472, 2728, 1229, 76, 1774, 4168, 646, 3755, 2302, 3833, 2309, 3784, 1300, 4491, 5167, 993, 1136, 4597, 452, 2637, 1828, 1575, 4987, 4857, 33, 5204, 2994, 3956, 3356, 1932, 2, 4439, 3004, 4692, 5417, 2931, 3118, 4801, 2631, 2453, 2649, 4176, 1000, 1371, 959, 4302, 330, 3585, 3258, 4332, 4564, 4725, 4301, 2469, 2933, 955, 3367, 4466, 744, 15, 1582, 2199, 2281, 3882, 4530, 3131, 1808, 3728, 5433, 1145, 2174, 4890, 5229, 1468, 101, 1355, 549, 1262, 1227, 3913, 2762, 5379, 222, 988, 3088, 3480, 1783, 532, 355, 4393, 2369, 5251, 1675, 2025, 2483, 2135, 2924, 665, 1760, 2705, 4338, 2951, 1507, 939, 1243, 1285, 632, 1360, 2827, 624, 3203, 2029, 3607, 3002, 4818, 130, 3381, 3846, 4011, 2056, 1458, 1350, 3758, 4947, 5322, 1059, 1556, 864, 3345, 2939, 3659, 1466, 2067, 4380, 2797, 1076, 431, 1740, 2293, 3737, 1952, 3664, 2632, 1656, 3790, 5410, 4058, 1211, 3445, 4428, 1109, 45, 2456, 2489, 4512, 3275, 3214, 4757, 239, 5109, 2555, 3958, 3740, 1644, 4596, 2331, 3316, 5007, 3371, 3656, 4028, 635, 1926, 995, 5012, 128, 3876, 2063, 758, 3815, 2641, 2374, 3138, 4190, 1850, 954, 4179, 5049, 2669, 3355, 1960, 2016, 2620, 4538, 4407, 5126, 3167, 5169, 403, 811, 65, 121, 968, 1332, 1816, 4324, 4062, 4576, 590, 4201, 3424, 159, 2950, 281, 4615, 2812, 1686, 3514, 2890, 2509, 411, 2992, 149, 3407, 1074, 2071, 1193, 237, 3770, 1809, 4245, 979, 3469, 5231, 4183, 4837, 4502]",74,500,5,False,500
325,numeric,abbre,0,True,False,True,"{2: 108, 1: 104, 5: 89, 4: 74, 3: 118, 0: 7}","[365, 353, 2801, 2313, 4363, 3055, 466, 5179, 4620, 922, 1488, 3354, 1490, 872, 280, 265, 3837, 2759, 5068, 1765, 2589, 1272, 2677, 4079, 926, 4931, 1511, 989, 3357, 999, 2993, 4192, 5431, 5121, 5175, 2470, 2867, 1374, 5434, 4983, 5381, 4304, 3235, 2126, 1748, 3628, 3439, 1615, 5008, 4767, 3479, 862, 3772, 522, 5242, 980, 4258, 3229, 787, 4436, 3886, 4934, 1882, 5154, 3111, 1353, 1329, 299, 1286, 1212, 1588, 4679, 4669, 3495, 1902, 1362, 2606, 5310, 2142, 3632, 1053, 2593, 2740, 2107, 1110, 4029, 5045, 3603, 3962, 2979, 3204, 4830, 774, 3892, 3218, 893, 666, 932, 5118, 1568, 3523, 887, 4114, 3364, 3066, 3312, 2615, 2153, 4142, 5235, 3163, 4793, 1416, 4203, 2523, 238, 1892, 167, 1434, 1240, 3542, 3856, 4008, 390, 1993, 5366, 1494, 5309, 4876, 3467, 4351, 3729, 4213, 1627, 2350, 4418, 1099, 2207, 4350, 4122, 126, 1226, 3346, 485, 461, 4316, 2763, 4212, 538, 2524, 5137, 551, 2803, 2834, 1028, 3465, 4812, 3092, 4874, 3293, 4364, 1540, 4875, 2089, 1533, 3099, 3864, 314, 3853, 5025, 936, 3013, 547, 3527, 1135, 3179, 3708, 1959, 2915, 1442, 3343, 1715, 1172, 621, 5324, 1199, 2218, 5217, 2046, 385, 4953, 4311, 5305, 4496, 4448, 3631, 5176, 528, 806, 832, 4523, 4368, 2061, 3852, 3872, 878, 2944, 3826, 1467, 3920, 2032, 2785, 5312, 850, 4325, 4817, 4528, 4631, 2673, 1419, 4022, 4047, 3515, 1333, 345, 4140, 1753, 2596, 2459, 3492, 4064, 4012, 5284, 1581, 3747, 488, 4902, 3240, 3231, 4660, 2604, 5345, 4926, 2791, 3896, 1491, 62, 5174, 1469, 478, 839, 3052, 5062, 2006, 892, 5043, 3783, 340, 2905, 2423, 3993, 145, 1939, 472, 2728, 1229, 76, 1774, 4168, 646, 3755, 2302, 3833, 2309, 3784, 1300, 4491, 5167, 993, 1136, 4597, 452, 2637, 1828, 1575, 4987, 4857, 33, 5204, 2994, 3956, 3356, 1932, 2, 4439, 3004, 4692, 5417, 2931, 3118, 4801, 2631, 2453, 2649, 4176, 1000, 1371, 959, 4302, 330, 3585, 3258, 4332, 4564, 4725, 4301, 2469, 2933, 955, 3367, 4466, 744, 15, 1582, 2199, 2281, 3882, 4530, 3131, 1808, 3728, 5433, 1145, 2174, 4890, 5229, 1468, 101, 1355, 549, 1262, 1227, 3913, 2762, 5379, 222, 988, 3088, 3480, 1783, 532, 355, 4393, 2369, 5251, 1675, 2025, 2483, 2135, 2924, 665, 1760, 2705, 4338, 2951, 1507, 939, 1243, 1285, 632, 1360, 2827, 624, 3203, 2029, 3607, 3002, 4818, 130, 3381, 3846, 4011, 2056, 1458, 1350, 3758, 4947, 5322, 1059, 1556, 864, 3345, 2939, 3659, 1466, 2067, 4380, 2797, 1076, 431, 1740, 2293, 3737, 1952, 3664, 2632, 1656, 3790, 5410, 4058, 1211, 3445, 4428, 1109, 45, 2456, 2489, 4512, 3275, 3214, 4757, 239, 5109, 2555, 3958, 3740, 1644, 4596, 2331, 3316, 5007, 3371, 3656, 4028, 635, 1926, 995, 5012, 128, 3876, 2063, 758, 3815, 2641, 2374, 3138, 4190, 1850, 954, 4179, 5049, 2669, 3355, 1960, 2016, 2620, 4538, 4407, 5126, 3167, 5169, 403, 811, 65, 121, 968, 1332, 1816, 4324, 4062, 4576, 590, 4201, 3424, 159, 2950, 281, 4615, 2812, 1686, 3514, 2890, 2509, 411, 2992, 149, 3407, 1074, 2071, 1193, 237, 3770, 1809, 4245, 979, 3469, 5231, 4183, 4837, 4502]",325,500,5,False,500
78,numeric,numeric,5,True,True,True,"{2: 108, 1: 104, 5: 89, 4: 74, 3: 118, 0: 7}","[365, 353, 2801, 2313, 4363, 3055, 466, 5179, 4620, 922, 1488, 3354, 1490, 872, 280, 265, 3837, 2759, 5068, 1765, 2589, 1272, 2677, 4079, 926, 4931, 1511, 989, 3357, 999, 2993, 4192, 5431, 5121, 5175, 2470, 2867, 1374, 5434, 4983, 5381, 4304, 3235, 2126, 1748, 3628, 3439, 1615, 5008, 4767, 3479, 862, 3772, 522, 5242, 980, 4258, 3229, 787, 4436, 3886, 4934, 1882, 5154, 3111, 1353, 1329, 299, 1286, 1212, 1588, 4679, 4669, 3495, 1902, 1362, 2606, 5310, 2142, 3632, 1053, 2593, 2740, 2107, 1110, 4029, 5045, 3603, 3962, 2979, 3204, 4830, 774, 3892, 3218, 893, 666, 932, 5118, 1568, 3523, 887, 4114, 3364, 3066, 3312, 2615, 2153, 4142, 5235, 3163, 4793, 1416, 4203, 2523, 238, 1892, 167, 1434, 1240, 3542, 3856, 4008, 390, 1993, 5366, 1494, 5309, 4876, 3467, 4351, 3729, 4213, 1627, 2350, 4418, 1099, 2207, 4350, 4122, 126, 1226, 3346, 485, 461, 4316, 2763, 4212, 538, 2524, 5137, 551, 2803, 2834, 1028, 3465, 4812, 3092, 4874, 3293, 4364, 1540, 4875, 2089, 1533, 3099, 3864, 314, 3853, 5025, 936, 3013, 547, 3527, 1135, 3179, 3708, 1959, 2915, 1442, 3343, 1715, 1172, 621, 5324, 1199, 2218, 5217, 2046, 385, 4953, 4311, 5305, 4496, 4448, 3631, 5176, 528, 806, 832, 4523, 4368, 2061, 3852, 3872, 878, 2944, 3826, 1467, 3920, 2032, 2785, 5312, 850, 4325, 4817, 4528, 4631, 2673, 1419, 4022, 4047, 3515, 1333, 345, 4140, 1753, 2596, 2459, 3492, 4064, 4012, 5284, 1581, 3747, 488, 4902, 3240, 3231, 4660, 2604, 5345, 4926, 2791, 3896, 1491, 62, 5174, 1469, 478, 839, 3052, 5062, 2006, 892, 5043, 3783, 340, 2905, 2423, 3993, 145, 1939, 472, 2728, 1229, 76, 1774, 4168, 646, 3755, 2302, 3833, 2309, 3784, 1300, 4491, 5167, 993, 1136, 4597, 452, 2637, 1828, 1575, 4987, 4857, 33, 5204, 2994, 3956, 3356, 1932, 2, 4439, 3004, 4692, 5417, 2931, 3118, 4801, 2631, 2453, 2649, 4176, 1000, 1371, 959, 4302, 330, 3585, 3258, 4332, 4564, 4725, 4301, 2469, 2933, 955, 3367, 4466, 744, 15, 1582, 2199, 2281, 3882, 4530, 3131, 1808, 3728, 5433, 1145, 2174, 4890, 5229, 1468, 101, 1355, 549, 1262, 1227, 3913, 2762, 5379, 222, 988, 3088, 3480, 1783, 532, 355, 4393, 2369, 5251, 1675, 2025, 2483, 2135, 2924, 665, 1760, 2705, 4338, 2951, 1507, 939, 1243, 1285, 632, 1360, 2827, 624, 3203, 2029, 3607, 3002, 4818, 130, 3381, 3846, 4011, 2056, 1458, 1350, 3758, 4947, 5322, 1059, 1556, 864, 3345, 2939, 3659, 1466, 2067, 4380, 2797, 1076, 431, 1740, 2293, 3737, 1952, 3664, 2632, 1656, 3790, 5410, 4058, 1211, 3445, 4428, 1109, 45, 2456, 2489, 4512, 3275, 3214, 4757, 239, 5109, 2555, 3958, 3740, 1644, 4596, 2331, 3316, 5007, 3371, 3656, 4028, 635, 1926, 995, 5012, 128, 3876, 2063, 758, 3815, 2641, 2374, 3138, 4190, 1850, 954, 4179, 5049, 2669, 3355, 1960, 2016, 2620, 4538, 4407, 5126, 3167, 5169, 403, 811, 65, 121, 968, 1332, 1816, 4324, 4062, 4576, 590, 4201, 3424, 159, 2950, 281, 4615, 2812, 1686, 3514, 2890, 2509, 411, 2992, 149, 3407, 1074, 2071, 1193, 237, 3770, 1809, 4245, 979, 3469, 5231, 4183, 4837, 4502]",78,500,5,False,500
382,numeric,entity,1,True,False,True,"{2: 108, 1: 104, 5: 89, 4: 74, 3: 118, 0: 7}","[365, 353, 2801, 2313, 4363, 3055, 466, 5179, 4620, 922, 1488, 3354, 1490, 872, 280, 265, 3837, 2759, 5068, 1765, 2589, 1272, 2677, 4079, 926, 4931, 1511, 989, 3357, 999, 2993, 4192, 5431, 5121, 5175, 2470, 2867, 1374, 5434, 4983, 5381, 4304, 3235, 2126, 1748, 3628, 3439, 1615, 5008, 4767, 3479, 862, 3772, 522, 5242, 980, 4258, 3229, 787, 4436, 3886, 4934, 1882, 5154, 3111, 1353, 1329, 299, 1286, 1212, 1588, 4679, 4669, 3495, 1902, 1362, 2606, 5310, 2142, 3632, 1053, 2593, 2740, 2107, 1110, 4029, 5045, 3603, 3962, 2979, 3204, 4830, 774, 3892, 3218, 893, 666, 932, 5118, 1568, 3523, 887, 4114, 3364, 3066, 3312, 2615, 2153, 4142, 5235, 3163, 4793, 1416, 4203, 2523, 238, 1892, 167, 1434, 1240, 3542, 3856, 4008, 390, 1993, 5366, 1494, 5309, 4876, 3467, 4351, 3729, 4213, 1627, 2350, 4418, 1099, 2207, 4350, 4122, 126, 1226, 3346, 485, 461, 4316, 2763, 4212, 538, 2524, 5137, 551, 2803, 2834, 1028, 3465, 4812, 3092, 4874, 3293, 4364, 1540, 4875, 2089, 1533, 3099, 3864, 314, 3853, 5025, 936, 3013, 547, 3527, 1135, 3179, 3708, 1959, 2915, 1442, 3343, 1715, 1172, 621, 5324, 1199, 2218, 5217, 2046, 385, 4953, 4311, 5305, 4496, 4448, 3631, 5176, 528, 806, 832, 4523, 4368, 2061, 3852, 3872, 878, 2944, 3826, 1467, 3920, 2032, 2785, 5312, 850, 4325, 4817, 4528, 4631, 2673, 1419, 4022, 4047, 3515, 1333, 345, 4140, 1753, 2596, 2459, 3492, 4064, 4012, 5284, 1581, 3747, 488, 4902, 3240, 3231, 4660, 2604, 5345, 4926, 2791, 3896, 1491, 62, 5174, 1469, 478, 839, 3052, 5062, 2006, 892, 5043, 3783, 340, 2905, 2423, 3993, 145, 1939, 472, 2728, 1229, 76, 1774, 4168, 646, 3755, 2302, 3833, 2309, 3784, 1300, 4491, 5167, 993, 1136, 4597, 452, 2637, 1828, 1575, 4987, 4857, 33, 5204, 2994, 3956, 3356, 1932, 2, 4439, 3004, 4692, 5417, 2931, 3118, 4801, 2631, 2453, 2649, 4176, 1000, 1371, 959, 4302, 330, 3585, 3258, 4332, 4564, 4725, 4301, 2469, 2933, 955, 3367, 4466, 744, 15, 1582, 2199, 2281, 3882, 4530, 3131, 1808, 3728, 5433, 1145, 2174, 4890, 5229, 1468, 101, 1355, 549, 1262, 1227, 3913, 2762, 5379, 222, 988, 3088, 3480, 1783, 532, 355, 4393, 2369, 5251, 1675, 2025, 2483, 2135, 2924, 665, 1760, 2705, 4338, 2951, 1507, 939, 1243, 1285, 632, 1360, 2827, 624, 3203, 2029, 3607, 3002, 4818, 130, 3381, 3846, 4011, 2056, 1458, 1350, 3758, 4947, 5322, 1059, 1556, 864, 3345, 2939, 3659, 1466, 2067, 4380, 2797, 1076, 431, 1740, 2293, 3737, 1952, 3664, 2632, 1656, 3790, 5410, 4058, 1211, 3445, 4428, 1109, 45, 2456, 2489, 4512, 3275, 3214, 4757, 239, 5109, 2555, 3958, 3740, 1644, 4596, 2331, 3316, 5007, 3371, 3656, 4028, 635, 1926, 995, 5012, 128, 3876, 2063, 758, 3815, 2641, 2374, 3138, 4190, 1850, 954, 4179, 5049, 2669, 3355, 1960, 2016, 2620, 4538, 4407, 5126, 3167, 5169, 403, 811, 65, 121, 968, 1332, 1816, 4324, 4062, 4576, 590, 4201, 3424, 159, 2950, 281, 4615, 2812, 1686, 3514, 2890, 2509, 411, 2992, 149, 3407, 1074, 2071, 1193, 237, 3770, 1809, 4245, 979, 3469, 5231, 4183, 4837, 4502]",382,500,5,False,500
140,description,description,2,True,True,True,"{2: 108, 1: 104, 5: 89, 4: 74, 3: 118, 0: 7}","[365, 353, 2801, 2313, 4363, 3055, 466, 5179, 4620, 922, 1488, 3354, 1490, 872, 280, 265, 3837, 2759, 5068, 1765, 2589, 1272, 2677, 4079, 926, 4931, 1511, 989, 3357, 999, 2993, 4192, 5431, 5121, 5175, 2470, 2867, 1374, 5434, 4983, 5381, 4304, 3235, 2126, 1748, 3628, 3439, 1615, 5008, 4767, 3479, 862, 3772, 522, 5242, 980, 4258, 3229, 787, 4436, 3886, 4934, 1882, 5154, 3111, 1353, 1329, 299, 1286, 1212, 1588, 4679, 4669, 3495, 1902, 1362, 2606, 5310, 2142, 3632, 1053, 2593, 2740, 2107, 1110, 4029, 5045, 3603, 3962, 2979, 3204, 4830, 774, 3892, 3218, 893, 666, 932, 5118, 1568, 3523, 887, 4114, 3364, 3066, 3312, 2615, 2153, 4142, 5235, 3163, 4793, 1416, 4203, 2523, 238, 1892, 167, 1434, 1240, 3542, 3856, 4008, 390, 1993, 5366, 1494, 5309, 4876, 3467, 4351, 3729, 4213, 1627, 2350, 4418, 1099, 2207, 4350, 4122, 126, 1226, 3346, 485, 461, 4316, 2763, 4212, 538, 2524, 5137, 551, 2803, 2834, 1028, 3465, 4812, 3092, 4874, 3293, 4364, 1540, 4875, 2089, 1533, 3099, 3864, 314, 3853, 5025, 936, 3013, 547, 3527, 1135, 3179, 3708, 1959, 2915, 1442, 3343, 1715, 1172, 621, 5324, 1199, 2218, 5217, 2046, 385, 4953, 4311, 5305, 4496, 4448, 3631, 5176, 528, 806, 832, 4523, 4368, 2061, 3852, 3872, 878, 2944, 3826, 1467, 3920, 2032, 2785, 5312, 850, 4325, 4817, 4528, 4631, 2673, 1419, 4022, 4047, 3515, 1333, 345, 4140, 1753, 2596, 2459, 3492, 4064, 4012, 5284, 1581, 3747, 488, 4902, 3240, 3231, 4660, 2604, 5345, 4926, 2791, 3896, 1491, 62, 5174, 1469, 478, 839, 3052, 5062, 2006, 892, 5043, 3783, 340, 2905, 2423, 3993, 145, 1939, 472, 2728, 1229, 76, 1774, 4168, 646, 3755, 2302, 3833, 2309, 3784, 1300, 4491, 5167, 993, 1136, 4597, 452, 2637, 1828, 1575, 4987, 4857, 33, 5204, 2994, 3956, 3356, 1932, 2, 4439, 3004, 4692, 5417, 2931, 3118, 4801, 2631, 2453, 2649, 4176, 1000, 1371, 959, 4302, 330, 3585, 3258, 4332, 4564, 4725, 4301, 2469, 2933, 955, 3367, 4466, 744, 15, 1582, 2199, 2281, 3882, 4530, 3131, 1808, 3728, 5433, 1145, 2174, 4890, 5229, 1468, 101, 1355, 549, 1262, 1227, 3913, 2762, 5379, 222, 988, 3088, 3480, 1783, 532, 355, 4393, 2369, 5251, 1675, 2025, 2483, 2135, 2924, 665, 1760, 2705, 4338, 2951, 1507, 939, 1243, 1285, 632, 1360, 2827, 624, 3203, 2029, 3607, 3002, 4818, 130, 3381, 3846, 4011, 2056, 1458, 1350, 3758, 4947, 5322, 1059, 1556, 864, 3345, 2939, 3659, 1466, 2067, 4380, 2797, 1076, 431, 1740, 2293, 3737, 1952, 3664, 2632, 1656, 3790, 5410, 4058, 1211, 3445, 4428, 1109, 45, 2456, 2489, 4512, 3275, 3214, 4757, 239, 5109, 2555, 3958, 3740, 1644, 4596, 2331, 3316, 5007, 3371, 3656, 4028, 635, 1926, 995, 5012, 128, 3876, 2063, 758, 3815, 2641, 2374, 3138, 4190, 1850, 954, 4179, 5049, 2669, 3355, 1960, 2016, 2620, 4538, 4407, 5126, 3167, 5169, 403, 811, 65, 121, 968, 1332, 1816, 4324, 4062, 4576, 590, 4201, 3424, 159, 2950, 281, 4615, 2812, 1686, 3514, 2890, 2509, 411, 2992, 149, 3407, 1074, 2071, 1193, 237, 3770, 1809, 4245, 979, 3469, 5231, 4183, 4837, 4502]",140,500,5,False,500
444,human,human,3,True,True,True,"{2: 108, 1: 104, 5: 89, 4: 74, 3: 118, 0: 7}","[365, 353, 2801, 2313, 4363, 3055, 466, 5179, 4620, 922, 1488, 3354, 1490, 872, 280, 265, 3837, 2759, 5068, 1765, 2589, 1272, 2677, 4079, 926, 4931, 1511, 989, 3357, 999, 2993, 4192, 5431, 5121, 5175, 2470, 2867, 1374, 5434, 4983, 5381, 4304, 3235, 2126, 1748, 3628, 3439, 1615, 5008, 4767, 3479, 862, 3772, 522, 5242, 980, 4258, 3229, 787, 4436, 3886, 4934, 1882, 5154, 3111, 1353, 1329, 299, 1286, 1212, 1588, 4679, 4669, 3495, 1902, 1362, 2606, 5310, 2142, 3632, 1053, 2593, 2740, 2107, 1110, 4029, 5045, 3603, 3962, 2979, 3204, 4830, 774, 3892, 3218, 893, 666, 932, 5118, 1568, 3523, 887, 4114, 3364, 3066, 3312, 2615, 2153, 4142, 5235, 3163, 4793, 1416, 4203, 2523, 238, 1892, 167, 1434, 1240, 3542, 3856, 4008, 390, 1993, 5366, 1494, 5309, 4876, 3467, 4351, 3729, 4213, 1627, 2350, 4418, 1099, 2207, 4350, 4122, 126, 1226, 3346, 485, 461, 4316, 2763, 4212, 538, 2524, 5137, 551, 2803, 2834, 1028, 3465, 4812, 3092, 4874, 3293, 4364, 1540, 4875, 2089, 1533, 3099, 3864, 314, 3853, 5025, 936, 3013, 547, 3527, 1135, 3179, 3708, 1959, 2915, 1442, 3343, 1715, 1172, 621, 5324, 1199, 2218, 5217, 2046, 385, 4953, 4311, 5305, 4496, 4448, 3631, 5176, 528, 806, 832, 4523, 4368, 2061, 3852, 3872, 878, 2944, 3826, 1467, 3920, 2032, 2785, 5312, 850, 4325, 4817, 4528, 4631, 2673, 1419, 4022, 4047, 3515, 1333, 345, 4140, 1753, 2596, 2459, 3492, 4064, 4012, 5284, 1581, 3747, 488, 4902, 3240, 3231, 4660, 2604, 5345, 4926, 2791, 3896, 1491, 62, 5174, 1469, 478, 839, 3052, 5062, 2006, 892, 5043, 3783, 340, 2905, 2423, 3993, 145, 1939, 472, 2728, 1229, 76, 1774, 4168, 646, 3755, 2302, 3833, 2309, 3784, 1300, 4491, 5167, 993, 1136, 4597, 452, 2637, 1828, 1575, 4987, 4857, 33, 5204, 2994, 3956, 3356, 1932, 2, 4439, 3004, 4692, 5417, 2931, 3118, 4801, 2631, 2453, 2649, 4176, 1000, 1371, 959, 4302, 330, 3585, 3258, 4332, 4564, 4725, 4301, 2469, 2933, 955, 3367, 4466, 744, 15, 1582, 2199, 2281, 3882, 4530, 3131, 1808, 3728, 5433, 1145, 2174, 4890, 5229, 1468, 101, 1355, 549, 1262, 1227, 3913, 2762, 5379, 222, 988, 3088, 3480, 1783, 532, 355, 4393, 2369, 5251, 1675, 2025, 2483, 2135, 2924, 665, 1760, 2705, 4338, 2951, 1507, 939, 1243, 1285, 632, 1360, 2827, 624, 3203, 2029, 3607, 3002, 4818, 130, 3381, 3846, 4011, 2056, 1458, 1350, 3758, 4947, 5322, 1059, 1556, 864, 3345, 2939, 3659, 1466, 2067, 4380, 2797, 1076, 431, 1740, 2293, 3737, 1952, 3664, 2632, 1656, 3790, 5410, 4058, 1211, 3445, 4428, 1109, 45, 2456, 2489, 4512, 3275, 3214, 4757, 239, 5109, 2555, 3958, 3740, 1644, 4596, 2331, 3316, 5007, 3371, 3656, 4028, 635, 1926, 995, 5012, 128, 3876, 2063, 758, 3815, 2641, 2374, 3138, 4190, 1850, 954, 4179, 5049, 2669, 3355, 1960, 2016, 2620, 4538, 4407, 5126, 3167, 5169, 403, 811, 65, 121, 968, 1332, 1816, 4324, 4062, 4576, 590, 4201, 3424, 159, 2950, 281, 4615, 2812, 1686, 3514, 2890, 2509, 411, 2992, 149, 3407, 1074, 2071, 1193, 237, 3770, 1809, 4245, 979, 3469, 5231, 4183, 4837, 4502]",444,500,5,False,500
45,numeric,entity,1,True,False,True,"{2: 108, 1: 104, 5: 89, 4: 74, 3: 118, 0: 7}","[365, 353, 2801, 2313, 4363, 3055, 466, 5179, 4620, 922, 1488, 3354, 1490, 872, 280, 265, 3837, 2759, 5068, 1765, 2589, 1272, 2677, 4079, 926, 4931, 1511, 989, 3357, 999, 2993, 4192, 5431, 5121, 5175, 2470, 2867, 1374, 5434, 4983, 5381, 4304, 3235, 2126, 1748, 3628, 3439, 1615, 5008, 4767, 3479, 862, 3772, 522, 5242, 980, 4258, 3229, 787, 4436, 3886, 4934, 1882, 5154, 3111, 1353, 1329, 299, 1286, 1212, 1588, 4679, 4669, 3495, 1902, 1362, 2606, 5310, 2142, 3632, 1053, 2593, 2740, 2107, 1110, 4029, 5045, 3603, 3962, 2979, 3204, 4830, 774, 3892, 3218, 893, 666, 932, 5118, 1568, 3523, 887, 4114, 3364, 3066, 3312, 2615, 2153, 4142, 5235, 3163, 4793, 1416, 4203, 2523, 238, 1892, 167, 1434, 1240, 3542, 3856, 4008, 390, 1993, 5366, 1494, 5309, 4876, 3467, 4351, 3729, 4213, 1627, 2350, 4418, 1099, 2207, 4350, 4122, 126, 1226, 3346, 485, 461, 4316, 2763, 4212, 538, 2524, 5137, 551, 2803, 2834, 1028, 3465, 4812, 3092, 4874, 3293, 4364, 1540, 4875, 2089, 1533, 3099, 3864, 314, 3853, 5025, 936, 3013, 547, 3527, 1135, 3179, 3708, 1959, 2915, 1442, 3343, 1715, 1172, 621, 5324, 1199, 2218, 5217, 2046, 385, 4953, 4311, 5305, 4496, 4448, 3631, 5176, 528, 806, 832, 4523, 4368, 2061, 3852, 3872, 878, 2944, 3826, 1467, 3920, 2032, 2785, 5312, 850, 4325, 4817, 4528, 4631, 2673, 1419, 4022, 4047, 3515, 1333, 345, 4140, 1753, 2596, 2459, 3492, 4064, 4012, 5284, 1581, 3747, 488, 4902, 3240, 3231, 4660, 2604, 5345, 4926, 2791, 3896, 1491, 62, 5174, 1469, 478, 839, 3052, 5062, 2006, 892, 5043, 3783, 340, 2905, 2423, 3993, 145, 1939, 472, 2728, 1229, 76, 1774, 4168, 646, 3755, 2302, 3833, 2309, 3784, 1300, 4491, 5167, 993, 1136, 4597, 452, 2637, 1828, 1575, 4987, 4857, 33, 5204, 2994, 3956, 3356, 1932, 2, 4439, 3004, 4692, 5417, 2931, 3118, 4801, 2631, 2453, 2649, 4176, 1000, 1371, 959, 4302, 330, 3585, 3258, 4332, 4564, 4725, 4301, 2469, 2933, 955, 3367, 4466, 744, 15, 1582, 2199, 2281, 3882, 4530, 3131, 1808, 3728, 5433, 1145, 2174, 4890, 5229, 1468, 101, 1355, 549, 1262, 1227, 3913, 2762, 5379, 222, 988, 3088, 3480, 1783, 532, 355, 4393, 2369, 5251, 1675, 2025, 2483, 2135, 2924, 665, 1760, 2705, 4338, 2951, 1507, 939, 1243, 1285, 632, 1360, 2827, 624, 3203, 2029, 3607, 3002, 4818, 130, 3381, 3846, 4011, 2056, 1458, 1350, 3758, 4947, 5322, 1059, 1556, 864, 3345, 2939, 3659, 1466, 2067, 4380, 2797, 1076, 431, 1740, 2293, 3737, 1952, 3664, 2632, 1656, 3790, 5410, 4058, 1211, 3445, 4428, 1109, 45, 2456, 2489, 4512, 3275, 3214, 4757, 239, 5109, 2555, 3958, 3740, 1644, 4596, 2331, 3316, 5007, 3371, 3656, 4028, 635, 1926, 995, 5012, 128, 3876, 2063, 758, 3815, 2641, 2374, 3138, 4190, 1850, 954, 4179, 5049, 2669, 3355, 1960, 2016, 2620, 4538, 4407, 5126, 3167, 5169, 403, 811, 65, 121, 968, 1332, 1816, 4324, 4062, 4576, 590, 4201, 3424, 159, 2950, 281, 4615, 2812, 1686, 3514, 2890, 2509, 411, 2992, 149, 3407, 1074, 2071, 1193, 237, 3770, 1809, 4245, 979, 3469, 5231, 4183, 4837, 4502]",45,500,5,False,500
94,numeric,human,3,True,False,True,"{2: 108, 1: 104, 5: 89, 4: 74, 3: 118, 0: 7}","[365, 353, 2801, 2313, 4363, 3055, 466, 5179, 4620, 922, 1488, 3354, 1490, 872, 280, 265, 3837, 2759, 5068, 1765, 2589, 1272, 2677, 4079, 926, 4931, 1511, 989, 3357, 999, 2993, 4192, 5431, 5121, 5175, 2470, 2867, 1374, 5434, 4983, 5381, 4304, 3235, 2126, 1748, 3628, 3439, 1615, 5008, 4767, 3479, 862, 3772, 522, 5242, 980, 4258, 3229, 787, 4436, 3886, 4934, 1882, 5154, 3111, 1353, 1329, 299, 1286, 1212, 1588, 4679, 4669, 3495, 1902, 1362, 2606, 5310, 2142, 3632, 1053, 2593, 2740, 2107, 1110, 4029, 5045, 3603, 3962, 2979, 3204, 4830, 774, 3892, 3218, 893, 666, 932, 5118, 1568, 3523, 887, 4114, 3364, 3066, 3312, 2615, 2153, 4142, 5235, 3163, 4793, 1416, 4203, 2523, 238, 1892, 167, 1434, 1240, 3542, 3856, 4008, 390, 1993, 5366, 1494, 5309, 4876, 3467, 4351, 3729, 4213, 1627, 2350, 4418, 1099, 2207, 4350, 4122, 126, 1226, 3346, 485, 461, 4316, 2763, 4212, 538, 2524, 5137, 551, 2803, 2834, 1028, 3465, 4812, 3092, 4874, 3293, 4364, 1540, 4875, 2089, 1533, 3099, 3864, 314, 3853, 5025, 936, 3013, 547, 3527, 1135, 3179, 3708, 1959, 2915, 1442, 3343, 1715, 1172, 621, 5324, 1199, 2218, 5217, 2046, 385, 4953, 4311, 5305, 4496, 4448, 3631, 5176, 528, 806, 832, 4523, 4368, 2061, 3852, 3872, 878, 2944, 3826, 1467, 3920, 2032, 2785, 5312, 850, 4325, 4817, 4528, 4631, 2673, 1419, 4022, 4047, 3515, 1333, 345, 4140, 1753, 2596, 2459, 3492, 4064, 4012, 5284, 1581, 3747, 488, 4902, 3240, 3231, 4660, 2604, 5345, 4926, 2791, 3896, 1491, 62, 5174, 1469, 478, 839, 3052, 5062, 2006, 892, 5043, 3783, 340, 2905, 2423, 3993, 145, 1939, 472, 2728, 1229, 76, 1774, 4168, 646, 3755, 2302, 3833, 2309, 3784, 1300, 4491, 5167, 993, 1136, 4597, 452, 2637, 1828, 1575, 4987, 4857, 33, 5204, 2994, 3956, 3356, 1932, 2, 4439, 3004, 4692, 5417, 2931, 3118, 4801, 2631, 2453, 2649, 4176, 1000, 1371, 959, 4302, 330, 3585, 3258, 4332, 4564, 4725, 4301, 2469, 2933, 955, 3367, 4466, 744, 15, 1582, 2199, 2281, 3882, 4530, 3131, 1808, 3728, 5433, 1145, 2174, 4890, 5229, 1468, 101, 1355, 549, 1262, 1227, 3913, 2762, 5379, 222, 988, 3088, 3480, 1783, 532, 355, 4393, 2369, 5251, 1675, 2025, 2483, 2135, 2924, 665, 1760, 2705, 4338, 2951, 1507, 939, 1243, 1285, 632, 1360, 2827, 624, 3203, 2029, 3607, 3002, 4818, 130, 3381, 3846, 4011, 2056, 1458, 1350, 3758, 4947, 5322, 1059, 1556, 864, 3345, 2939, 3659, 1466, 2067, 4380, 2797, 1076, 431, 1740, 2293, 3737, 1952, 3664, 2632, 1656, 3790, 5410, 4058, 1211, 3445, 4428, 1109, 45, 2456, 2489, 4512, 3275, 3214, 4757, 239, 5109, 2555, 3958, 3740, 1644, 4596, 2331, 3316, 5007, 3371, 3656, 4028, 635, 1926, 995, 5012, 128, 3876, 2063, 758, 3815, 2641, 2374, 3138, 4190, 1850, 954, 4179, 5049, 2669, 3355, 1960, 2016, 2620, 4538, 4407, 5126, 3167, 5169, 403, 811, 65, 121, 968, 1332, 1816, 4324, 4062, 4576, 590, 4201, 3424, 159, 2950, 281, 4615, 2812, 1686, 3514, 2890, 2509, 411, 2992, 149, 3407, 1074, 2071, 1193, 237, 3770, 1809, 4245, 979, 3469, 5231, 4183, 4837, 4502]",94,500,5,False,500
300,abbreviation,abbre,0,True,True,False,"{2: 108, 1: 104, 5: 89, 4: 74, 3: 118, 0: 7}","[365, 353, 2801, 2313, 4363, 3055, 466, 5179, 4620, 922, 1488, 3354, 1490, 872, 280, 265, 3837, 2759, 5068, 1765, 2589, 1272, 2677, 4079, 926, 4931, 1511, 989, 3357, 999, 2993, 4192, 5431, 5121, 5175, 2470, 2867, 1374, 5434, 4983, 5381, 4304, 3235, 2126, 1748, 3628, 3439, 1615, 5008, 4767, 3479, 862, 3772, 522, 5242, 980, 4258, 3229, 787, 4436, 3886, 4934, 1882, 5154, 3111, 1353, 1329, 299, 1286, 1212, 1588, 4679, 4669, 3495, 1902, 1362, 2606, 5310, 2142, 3632, 1053, 2593, 2740, 2107, 1110, 4029, 5045, 3603, 3962, 2979, 3204, 4830, 774, 3892, 3218, 893, 666, 932, 5118, 1568, 3523, 887, 4114, 3364, 3066, 3312, 2615, 2153, 4142, 5235, 3163, 4793, 1416, 4203, 2523, 238, 1892, 167, 1434, 1240, 3542, 3856, 4008, 390, 1993, 5366, 1494, 5309, 4876, 3467, 4351, 3729, 4213, 1627, 2350, 4418, 1099, 2207, 4350, 4122, 126, 1226, 3346, 485, 461, 4316, 2763, 4212, 538, 2524, 5137, 551, 2803, 2834, 1028, 3465, 4812, 3092, 4874, 3293, 4364, 1540, 4875, 2089, 1533, 3099, 3864, 314, 3853, 5025, 936, 3013, 547, 3527, 1135, 3179, 3708, 1959, 2915, 1442, 3343, 1715, 1172, 621, 5324, 1199, 2218, 5217, 2046, 385, 4953, 4311, 5305, 4496, 4448, 3631, 5176, 528, 806, 832, 4523, 4368, 2061, 3852, 3872, 878, 2944, 3826, 1467, 3920, 2032, 2785, 5312, 850, 4325, 4817, 4528, 4631, 2673, 1419, 4022, 4047, 3515, 1333, 345, 4140, 1753, 2596, 2459, 3492, 4064, 4012, 5284, 1581, 3747, 488, 4902, 3240, 3231, 4660, 2604, 5345, 4926, 2791, 3896, 1491, 62, 5174, 1469, 478, 839, 3052, 5062, 2006, 892, 5043, 3783, 340, 2905, 2423, 3993, 145, 1939, 472, 2728, 1229, 76, 1774, 4168, 646, 3755, 2302, 3833, 2309, 3784, 1300, 4491, 5167, 993, 1136, 4597, 452, 2637, 1828, 1575, 4987, 4857, 33, 5204, 2994, 3956, 3356, 1932, 2, 4439, 3004, 4692, 5417, 2931, 3118, 4801, 2631, 2453, 2649, 4176, 1000, 1371, 959, 4302, 330, 3585, 3258, 4332, 4564, 4725, 4301, 2469, 2933, 955, 3367, 4466, 744, 15, 1582, 2199, 2281, 3882, 4530, 3131, 1808, 3728, 5433, 1145, 2174, 4890, 5229, 1468, 101, 1355, 549, 1262, 1227, 3913, 2762, 5379, 222, 988, 3088, 3480, 1783, 532, 355, 4393, 2369, 5251, 1675, 2025, 2483, 2135, 2924, 665, 1760, 2705, 4338, 2951, 1507, 939, 1243, 1285, 632, 1360, 2827, 624, 3203, 2029, 3607, 3002, 4818, 130, 3381, 3846, 4011, 2056, 1458, 1350, 3758, 4947, 5322, 1059, 1556, 864, 3345, 2939, 3659, 1466, 2067, 4380, 2797, 1076, 431, 1740, 2293, 3737, 1952, 3664, 2632, 1656, 3790, 5410, 4058, 1211, 3445, 4428, 1109, 45, 2456, 2489, 4512, 3275, 3214, 4757, 239, 5109, 2555, 3958, 3740, 1644, 4596, 2331, 3316, 5007, 3371, 3656, 4028, 635, 1926, 995, 5012, 128, 3876, 2063, 758, 3815, 2641, 2374, 3138, 4190, 1850, 954, 4179, 5049, 2669, 3355, 1960, 2016, 2620, 4538, 4407, 5126, 3167, 5169, 403, 811, 65, 121, 968, 1332, 1816, 4324, 4062, 4576, 590, 4201, 3424, 159, 2950, 281, 4615, 2812, 1686, 3514, 2890, 2509, 411, 2992, 149, 3407, 1074, 2071, 1193, 237, 3770, 1809, 4245, 979, 3469, 5231, 4183, 4837, 4502]",300,500,5,False,500
344,numeric,numeric,5,True,True,True,"{2: 108, 1: 104, 5: 89, 4: 74, 3: 118, 0: 7}","[365, 353, 2801, 2313, 4363, 3055, 466, 5179, 4620, 922, 1488, 3354, 1490, 872, 280, 265, 3837, 2759, 5068, 1765, 2589, 1272, 2677, 4079, 926, 4931, 1511, 989, 3357, 999, 2993, 4192, 5431, 5121, 5175, 2470, 2867, 1374, 5434, 4983, 5381, 4304, 3235, 2126, 1748, 3628, 3439, 1615, 5008, 4767, 3479, 862, 3772, 522, 5242, 980, 4258, 3229, 787, 4436, 3886, 4934, 1882, 5154, 3111, 1353, 1329, 299, 1286, 1212, 1588, 4679, 4669, 3495, 1902, 1362, 2606, 5310, 2142, 3632, 1053, 2593, 2740, 2107, 1110, 4029, 5045, 3603, 3962, 2979, 3204, 4830, 774, 3892, 3218, 893, 666, 932, 5118, 1568, 3523, 887, 4114, 3364, 3066, 3312, 2615, 2153, 4142, 5235, 3163, 4793, 1416, 4203, 2523, 238, 1892, 167, 1434, 1240, 3542, 3856, 4008, 390, 1993, 5366, 1494, 5309, 4876, 3467, 4351, 3729, 4213, 1627, 2350, 4418, 1099, 2207, 4350, 4122, 126, 1226, 3346, 485, 461, 4316, 2763, 4212, 538, 2524, 5137, 551, 2803, 2834, 1028, 3465, 4812, 3092, 4874, 3293, 4364, 1540, 4875, 2089, 1533, 3099, 3864, 314, 3853, 5025, 936, 3013, 547, 3527, 1135, 3179, 3708, 1959, 2915, 1442, 3343, 1715, 1172, 621, 5324, 1199, 2218, 5217, 2046, 385, 4953, 4311, 5305, 4496, 4448, 3631, 5176, 528, 806, 832, 4523, 4368, 2061, 3852, 3872, 878, 2944, 3826, 1467, 3920, 2032, 2785, 5312, 850, 4325, 4817, 4528, 4631, 2673, 1419, 4022, 4047, 3515, 1333, 345, 4140, 1753, 2596, 2459, 3492, 4064, 4012, 5284, 1581, 3747, 488, 4902, 3240, 3231, 4660, 2604, 5345, 4926, 2791, 3896, 1491, 62, 5174, 1469, 478, 839, 3052, 5062, 2006, 892, 5043, 3783, 340, 2905, 2423, 3993, 145, 1939, 472, 2728, 1229, 76, 1774, 4168, 646, 3755, 2302, 3833, 2309, 3784, 1300, 4491, 5167, 993, 1136, 4597, 452, 2637, 1828, 1575, 4987, 4857, 33, 5204, 2994, 3956, 3356, 1932, 2, 4439, 3004, 4692, 5417, 2931, 3118, 4801, 2631, 2453, 2649, 4176, 1000, 1371, 959, 4302, 330, 3585, 3258, 4332, 4564, 4725, 4301, 2469, 2933, 955, 3367, 4466, 744, 15, 1582, 2199, 2281, 3882, 4530, 3131, 1808, 3728, 5433, 1145, 2174, 4890, 5229, 1468, 101, 1355, 549, 1262, 1227, 3913, 2762, 5379, 222, 988, 3088, 3480, 1783, 532, 355, 4393, 2369, 5251, 1675, 2025, 2483, 2135, 2924, 665, 1760, 2705, 4338, 2951, 1507, 939, 1243, 1285, 632, 1360, 2827, 624, 3203, 2029, 3607, 3002, 4818, 130, 3381, 3846, 4011, 2056, 1458, 1350, 3758, 4947, 5322, 1059, 1556, 864, 3345, 2939, 3659, 1466, 2067, 4380, 2797, 1076, 431, 1740, 2293, 3737, 1952, 3664, 2632, 1656, 3790, 5410, 4058, 1211, 3445, 4428, 1109, 45, 2456, 2489, 4512, 3275, 3214, 4757, 239, 5109, 2555, 3958, 3740, 1644, 4596, 2331, 3316, 5007, 3371, 3656, 4028, 635, 1926, 995, 5012, 128, 3876, 2063, 758, 3815, 2641, 2374, 3138, 4190, 1850, 954, 4179, 5049, 2669, 3355, 1960, 2016, 2620, 4538, 4407, 5126, 3167, 5169, 403, 811, 65, 121, 968, 1332, 1816, 4324, 4062, 4576, 590, 4201, 3424, 159, 2950, 281, 4615, 2812, 1686, 3514, 2890, 2509, 411, 2992, 149, 3407, 1074, 2071, 1193, 237, 3770, 1809, 4245, 979, 3469, 5231, 4183, 4837, 4502]",344,500,5,False,500
68,numeric,numeric,5,True,True,True,"{2: 108, 1: 104, 5: 89, 4: 74, 3: 118, 0: 7}","[365, 353, 2801, 2313, 4363, 3055, 466, 5179, 4620, 922, 1488, 3354, 1490, 872, 280, 265, 3837, 2759, 5068, 1765, 2589, 1272, 2677, 4079, 926, 4931, 1511, 989, 3357, 999, 2993, 4192, 5431, 5121, 5175, 2470, 2867, 1374, 5434, 4983, 5381, 4304, 3235, 2126, 1748, 3628, 3439, 1615, 5008, 4767, 3479, 862, 3772, 522, 5242, 980, 4258, 3229, 787, 4436, 3886, 4934, 1882, 5154, 3111, 1353, 1329, 299, 1286, 1212, 1588, 4679, 4669, 3495, 1902, 1362, 2606, 5310, 2142, 3632, 1053, 2593, 2740, 2107, 1110, 4029, 5045, 3603, 3962, 2979, 3204, 4830, 774, 3892, 3218, 893, 666, 932, 5118, 1568, 3523, 887, 4114, 3364, 3066, 3312, 2615, 2153, 4142, 5235, 3163, 4793, 1416, 4203, 2523, 238, 1892, 167, 1434, 1240, 3542, 3856, 4008, 390, 1993, 5366, 1494, 5309, 4876, 3467, 4351, 3729, 4213, 1627, 2350, 4418, 1099, 2207, 4350, 4122, 126, 1226, 3346, 485, 461, 4316, 2763, 4212, 538, 2524, 5137, 551, 2803, 2834, 1028, 3465, 4812, 3092, 4874, 3293, 4364, 1540, 4875, 2089, 1533, 3099, 3864, 314, 3853, 5025, 936, 3013, 547, 3527, 1135, 3179, 3708, 1959, 2915, 1442, 3343, 1715, 1172, 621, 5324, 1199, 2218, 5217, 2046, 385, 4953, 4311, 5305, 4496, 4448, 3631, 5176, 528, 806, 832, 4523, 4368, 2061, 3852, 3872, 878, 2944, 3826, 1467, 3920, 2032, 2785, 5312, 850, 4325, 4817, 4528, 4631, 2673, 1419, 4022, 4047, 3515, 1333, 345, 4140, 1753, 2596, 2459, 3492, 4064, 4012, 5284, 1581, 3747, 488, 4902, 3240, 3231, 4660, 2604, 5345, 4926, 2791, 3896, 1491, 62, 5174, 1469, 478, 839, 3052, 5062, 2006, 892, 5043, 3783, 340, 2905, 2423, 3993, 145, 1939, 472, 2728, 1229, 76, 1774, 4168, 646, 3755, 2302, 3833, 2309, 3784, 1300, 4491, 5167, 993, 1136, 4597, 452, 2637, 1828, 1575, 4987, 4857, 33, 5204, 2994, 3956, 3356, 1932, 2, 4439, 3004, 4692, 5417, 2931, 3118, 4801, 2631, 2453, 2649, 4176, 1000, 1371, 959, 4302, 330, 3585, 3258, 4332, 4564, 4725, 4301, 2469, 2933, 955, 3367, 4466, 744, 15, 1582, 2199, 2281, 3882, 4530, 3131, 1808, 3728, 5433, 1145, 2174, 4890, 5229, 1468, 101, 1355, 549, 1262, 1227, 3913, 2762, 5379, 222, 988, 3088, 3480, 1783, 532, 355, 4393, 2369, 5251, 1675, 2025, 2483, 2135, 2924, 665, 1760, 2705, 4338, 2951, 1507, 939, 1243, 1285, 632, 1360, 2827, 624, 3203, 2029, 3607, 3002, 4818, 130, 3381, 3846, 4011, 2056, 1458, 1350, 3758, 4947, 5322, 1059, 1556, 864, 3345, 2939, 3659, 1466, 2067, 4380, 2797, 1076, 431, 1740, 2293, 3737, 1952, 3664, 2632, 1656, 3790, 5410, 4058, 1211, 3445, 4428, 1109, 45, 2456, 2489, 4512, 3275, 3214, 4757, 239, 5109, 2555, 3958, 3740, 1644, 4596, 2331, 3316, 5007, 3371, 3656, 4028, 635, 1926, 995, 5012, 128, 3876, 2063, 758, 3815, 2641, 2374, 3138, 4190, 1850, 954, 4179, 5049, 2669, 3355, 1960, 2016, 2620, 4538, 4407, 5126, 3167, 5169, 403, 811, 65, 121, 968, 1332, 1816, 4324, 4062, 4576, 590, 4201, 3424, 159, 2950, 281, 4615, 2812, 1686, 3514, 2890, 2509, 411, 2992, 149, 3407, 1074, 2071, 1193, 237, 3770, 1809, 4245, 979, 3469, 5231, 4183, 4837, 4502]",68,500,5,False,500
472,numeric,entity,1,True,False,True,"{2: 108, 1: 104, 5: 89, 4: 74, 3: 118, 0: 7}","[365, 353, 2801, 2313, 4363, 3055, 466, 5179, 4620, 922, 1488, 3354, 1490, 872, 280, 265, 3837, 2759, 5068, 1765, 2589, 1272, 2677, 4079, 926, 4931, 1511, 989, 3357, 999, 2993, 4192, 5431, 5121, 5175, 2470, 2867, 1374, 5434, 4983, 5381, 4304, 3235, 2126, 1748, 3628, 3439, 1615, 5008, 4767, 3479, 862, 3772, 522, 5242, 980, 4258, 3229, 787, 4436, 3886, 4934, 1882, 5154, 3111, 1353, 1329, 299, 1286, 1212, 1588, 4679, 4669, 3495, 1902, 1362, 2606, 5310, 2142, 3632, 1053, 2593, 2740, 2107, 1110, 4029, 5045, 3603, 3962, 2979, 3204, 4830, 774, 3892, 3218, 893, 666, 932, 5118, 1568, 3523, 887, 4114, 3364, 3066, 3312, 2615, 2153, 4142, 5235, 3163, 4793, 1416, 4203, 2523, 238, 1892, 167, 1434, 1240, 3542, 3856, 4008, 390, 1993, 5366, 1494, 5309, 4876, 3467, 4351, 3729, 4213, 1627, 2350, 4418, 1099, 2207, 4350, 4122, 126, 1226, 3346, 485, 461, 4316, 2763, 4212, 538, 2524, 5137, 551, 2803, 2834, 1028, 3465, 4812, 3092, 4874, 3293, 4364, 1540, 4875, 2089, 1533, 3099, 3864, 314, 3853, 5025, 936, 3013, 547, 3527, 1135, 3179, 3708, 1959, 2915, 1442, 3343, 1715, 1172, 621, 5324, 1199, 2218, 5217, 2046, 385, 4953, 4311, 5305, 4496, 4448, 3631, 5176, 528, 806, 832, 4523, 4368, 2061, 3852, 3872, 878, 2944, 3826, 1467, 3920, 2032, 2785, 5312, 850, 4325, 4817, 4528, 4631, 2673, 1419, 4022, 4047, 3515, 1333, 345, 4140, 1753, 2596, 2459, 3492, 4064, 4012, 5284, 1581, 3747, 488, 4902, 3240, 3231, 4660, 2604, 5345, 4926, 2791, 3896, 1491, 62, 5174, 1469, 478, 839, 3052, 5062, 2006, 892, 5043, 3783, 340, 2905, 2423, 3993, 145, 1939, 472, 2728, 1229, 76, 1774, 4168, 646, 3755, 2302, 3833, 2309, 3784, 1300, 4491, 5167, 993, 1136, 4597, 452, 2637, 1828, 1575, 4987, 4857, 33, 5204, 2994, 3956, 3356, 1932, 2, 4439, 3004, 4692, 5417, 2931, 3118, 4801, 2631, 2453, 2649, 4176, 1000, 1371, 959, 4302, 330, 3585, 3258, 4332, 4564, 4725, 4301, 2469, 2933, 955, 3367, 4466, 744, 15, 1582, 2199, 2281, 3882, 4530, 3131, 1808, 3728, 5433, 1145, 2174, 4890, 5229, 1468, 101, 1355, 549, 1262, 1227, 3913, 2762, 5379, 222, 988, 3088, 3480, 1783, 532, 355, 4393, 2369, 5251, 1675, 2025, 2483, 2135, 2924, 665, 1760, 2705, 4338, 2951, 1507, 939, 1243, 1285, 632, 1360, 2827, 624, 3203, 2029, 3607, 3002, 4818, 130, 3381, 3846, 4011, 2056, 1458, 1350, 3758, 4947, 5322, 1059, 1556, 864, 3345, 2939, 3659, 1466, 2067, 4380, 2797, 1076, 431, 1740, 2293, 3737, 1952, 3664, 2632, 1656, 3790, 5410, 4058, 1211, 3445, 4428, 1109, 45, 2456, 2489, 4512, 3275, 3214, 4757, 239, 5109, 2555, 3958, 3740, 1644, 4596, 2331, 3316, 5007, 3371, 3656, 4028, 635, 1926, 995, 5012, 128, 3876, 2063, 758, 3815, 2641, 2374, 3138, 4190, 1850, 954, 4179, 5049, 2669, 3355, 1960, 2016, 2620, 4538, 4407, 5126, 3167, 5169, 403, 811, 65, 121, 968, 1332, 1816, 4324, 4062, 4576, 590, 4201, 3424, 159, 2950, 281, 4615, 2812, 1686, 3514, 2890, 2509, 411, 2992, 149, 3407, 1074, 2071, 1193, 237, 3770, 1809, 4245, 979, 3469, 5231, 4183, 4837, 4502]",472,500,5,False,500
24,description,description,2,True,True,True,"{2: 108, 1: 104, 5: 89, 4: 74, 3: 118, 0: 7}","[365, 353, 2801, 2313, 4363, 3055, 466, 5179, 4620, 922, 1488, 3354, 1490, 872, 280, 265, 3837, 2759, 5068, 1765, 2589, 1272, 2677, 4079, 926, 4931, 1511, 989, 3357, 999, 2993, 4192, 5431, 5121, 5175, 2470, 2867, 1374, 5434, 4983, 5381, 4304, 3235, 2126, 1748, 3628, 3439, 1615, 5008, 4767, 3479, 862, 3772, 522, 5242, 980, 4258, 3229, 787, 4436, 3886, 4934, 1882, 5154, 3111, 1353, 1329, 299, 1286, 1212, 1588, 4679, 4669, 3495, 1902, 1362, 2606, 5310, 2142, 3632, 1053, 2593, 2740, 2107, 1110, 4029, 5045, 3603, 3962, 2979, 3204, 4830, 774, 3892, 3218, 893, 666, 932, 5118, 1568, 3523, 887, 4114, 3364, 3066, 3312, 2615, 2153, 4142, 5235, 3163, 4793, 1416, 4203, 2523, 238, 1892, 167, 1434, 1240, 3542, 3856, 4008, 390, 1993, 5366, 1494, 5309, 4876, 3467, 4351, 3729, 4213, 1627, 2350, 4418, 1099, 2207, 4350, 4122, 126, 1226, 3346, 485, 461, 4316, 2763, 4212, 538, 2524, 5137, 551, 2803, 2834, 1028, 3465, 4812, 3092, 4874, 3293, 4364, 1540, 4875, 2089, 1533, 3099, 3864, 314, 3853, 5025, 936, 3013, 547, 3527, 1135, 3179, 3708, 1959, 2915, 1442, 3343, 1715, 1172, 621, 5324, 1199, 2218, 5217, 2046, 385, 4953, 4311, 5305, 4496, 4448, 3631, 5176, 528, 806, 832, 4523, 4368, 2061, 3852, 3872, 878, 2944, 3826, 1467, 3920, 2032, 2785, 5312, 850, 4325, 4817, 4528, 4631, 2673, 1419, 4022, 4047, 3515, 1333, 345, 4140, 1753, 2596, 2459, 3492, 4064, 4012, 5284, 1581, 3747, 488, 4902, 3240, 3231, 4660, 2604, 5345, 4926, 2791, 3896, 1491, 62, 5174, 1469, 478, 839, 3052, 5062, 2006, 892, 5043, 3783, 340, 2905, 2423, 3993, 145, 1939, 472, 2728, 1229, 76, 1774, 4168, 646, 3755, 2302, 3833, 2309, 3784, 1300, 4491, 5167, 993, 1136, 4597, 452, 2637, 1828, 1575, 4987, 4857, 33, 5204, 2994, 3956, 3356, 1932, 2, 4439, 3004, 4692, 5417, 2931, 3118, 4801, 2631, 2453, 2649, 4176, 1000, 1371, 959, 4302, 330, 3585, 3258, 4332, 4564, 4725, 4301, 2469, 2933, 955, 3367, 4466, 744, 15, 1582, 2199, 2281, 3882, 4530, 3131, 1808, 3728, 5433, 1145, 2174, 4890, 5229, 1468, 101, 1355, 549, 1262, 1227, 3913, 2762, 5379, 222, 988, 3088, 3480, 1783, 532, 355, 4393, 2369, 5251, 1675, 2025, 2483, 2135, 2924, 665, 1760, 2705, 4338, 2951, 1507, 939, 1243, 1285, 632, 1360, 2827, 624, 3203, 2029, 3607, 3002, 4818, 130, 3381, 3846, 4011, 2056, 1458, 1350, 3758, 4947, 5322, 1059, 1556, 864, 3345, 2939, 3659, 1466, 2067, 4380, 2797, 1076, 431, 1740, 2293, 3737, 1952, 3664, 2632, 1656, 3790, 5410, 4058, 1211, 3445, 4428, 1109, 45, 2456, 2489, 4512, 3275, 3214, 4757, 239, 5109, 2555, 3958, 3740, 1644, 4596, 2331, 3316, 5007, 3371, 3656, 4028, 635, 1926, 995, 5012, 128, 3876, 2063, 758, 3815, 2641, 2374, 3138, 4190, 1850, 954, 4179, 5049, 2669, 3355, 1960, 2016, 2620, 4538, 4407, 5126, 3167, 5169, 403, 811, 65, 121, 968, 1332, 1816, 4324, 4062, 4576, 590, 4201, 3424, 159, 2950, 281, 4615, 2812, 1686, 3514, 2890, 2509, 411, 2992, 149, 3407, 1074, 2071, 1193, 237, 3770, 1809, 4245, 979, 3469, 5231, 4183, 4837, 4502]",24,500,5,False,500
427,location,location,4,True,True,True,"{2: 108, 1: 104, 5: 89, 4: 74, 3: 118, 0: 7}","[365, 353, 2801, 2313, 4363, 3055, 466, 5179, 4620, 922, 1488, 3354, 1490, 872, 280, 265, 3837, 2759, 5068, 1765, 2589, 1272, 2677, 4079, 926, 4931, 1511, 989, 3357, 999, 2993, 4192, 5431, 5121, 5175, 2470, 2867, 1374, 5434, 4983, 5381, 4304, 3235, 2126, 1748, 3628, 3439, 1615, 5008, 4767, 3479, 862, 3772, 522, 5242, 980, 4258, 3229, 787, 4436, 3886, 4934, 1882, 5154, 3111, 1353, 1329, 299, 1286, 1212, 1588, 4679, 4669, 3495, 1902, 1362, 2606, 5310, 2142, 3632, 1053, 2593, 2740, 2107, 1110, 4029, 5045, 3603, 3962, 2979, 3204, 4830, 774, 3892, 3218, 893, 666, 932, 5118, 1568, 3523, 887, 4114, 3364, 3066, 3312, 2615, 2153, 4142, 5235, 3163, 4793, 1416, 4203, 2523, 238, 1892, 167, 1434, 1240, 3542, 3856, 4008, 390, 1993, 5366, 1494, 5309, 4876, 3467, 4351, 3729, 4213, 1627, 2350, 4418, 1099, 2207, 4350, 4122, 126, 1226, 3346, 485, 461, 4316, 2763, 4212, 538, 2524, 5137, 551, 2803, 2834, 1028, 3465, 4812, 3092, 4874, 3293, 4364, 1540, 4875, 2089, 1533, 3099, 3864, 314, 3853, 5025, 936, 3013, 547, 3527, 1135, 3179, 3708, 1959, 2915, 1442, 3343, 1715, 1172, 621, 5324, 1199, 2218, 5217, 2046, 385, 4953, 4311, 5305, 4496, 4448, 3631, 5176, 528, 806, 832, 4523, 4368, 2061, 3852, 3872, 878, 2944, 3826, 1467, 3920, 2032, 2785, 5312, 850, 4325, 4817, 4528, 4631, 2673, 1419, 4022, 4047, 3515, 1333, 345, 4140, 1753, 2596, 2459, 3492, 4064, 4012, 5284, 1581, 3747, 488, 4902, 3240, 3231, 4660, 2604, 5345, 4926, 2791, 3896, 1491, 62, 5174, 1469, 478, 839, 3052, 5062, 2006, 892, 5043, 3783, 340, 2905, 2423, 3993, 145, 1939, 472, 2728, 1229, 76, 1774, 4168, 646, 3755, 2302, 3833, 2309, 3784, 1300, 4491, 5167, 993, 1136, 4597, 452, 2637, 1828, 1575, 4987, 4857, 33, 5204, 2994, 3956, 3356, 1932, 2, 4439, 3004, 4692, 5417, 2931, 3118, 4801, 2631, 2453, 2649, 4176, 1000, 1371, 959, 4302, 330, 3585, 3258, 4332, 4564, 4725, 4301, 2469, 2933, 955, 3367, 4466, 744, 15, 1582, 2199, 2281, 3882, 4530, 3131, 1808, 3728, 5433, 1145, 2174, 4890, 5229, 1468, 101, 1355, 549, 1262, 1227, 3913, 2762, 5379, 222, 988, 3088, 3480, 1783, 532, 355, 4393, 2369, 5251, 1675, 2025, 2483, 2135, 2924, 665, 1760, 2705, 4338, 2951, 1507, 939, 1243, 1285, 632, 1360, 2827, 624, 3203, 2029, 3607, 3002, 4818, 130, 3381, 3846, 4011, 2056, 1458, 1350, 3758, 4947, 5322, 1059, 1556, 864, 3345, 2939, 3659, 1466, 2067, 4380, 2797, 1076, 431, 1740, 2293, 3737, 1952, 3664, 2632, 1656, 3790, 5410, 4058, 1211, 3445, 4428, 1109, 45, 2456, 2489, 4512, 3275, 3214, 4757, 239, 5109, 2555, 3958, 3740, 1644, 4596, 2331, 3316, 5007, 3371, 3656, 4028, 635, 1926, 995, 5012, 128, 3876, 2063, 758, 3815, 2641, 2374, 3138, 4190, 1850, 954, 4179, 5049, 2669, 3355, 1960, 2016, 2620, 4538, 4407, 5126, 3167, 5169, 403, 811, 65, 121, 968, 1332, 1816, 4324, 4062, 4576, 590, 4201, 3424, 159, 2950, 281, 4615, 2812, 1686, 3514, 2890, 2509, 411, 2992, 149, 3407, 1074, 2071, 1193, 237, 3770, 1809, 4245, 979, 3469, 5231, 4183, 4837, 4502]",427,500,5,False,500
474,numeric,entity,1,True,False,True,"{2: 108, 1: 104, 5: 89, 4: 74, 3: 118, 0: 7}","[365, 353, 2801, 2313, 4363, 3055, 466, 5179, 4620, 922, 1488, 3354, 1490, 872, 280, 265, 3837, 2759, 5068, 1765, 2589, 1272, 2677, 4079, 926, 4931, 1511, 989, 3357, 999, 2993, 4192, 5431, 5121, 5175, 2470, 2867, 1374, 5434, 4983, 5381, 4304, 3235, 2126, 1748, 3628, 3439, 1615, 5008, 4767, 3479, 862, 3772, 522, 5242, 980, 4258, 3229, 787, 4436, 3886, 4934, 1882, 5154, 3111, 1353, 1329, 299, 1286, 1212, 1588, 4679, 4669, 3495, 1902, 1362, 2606, 5310, 2142, 3632, 1053, 2593, 2740, 2107, 1110, 4029, 5045, 3603, 3962, 2979, 3204, 4830, 774, 3892, 3218, 893, 666, 932, 5118, 1568, 3523, 887, 4114, 3364, 3066, 3312, 2615, 2153, 4142, 5235, 3163, 4793, 1416, 4203, 2523, 238, 1892, 167, 1434, 1240, 3542, 3856, 4008, 390, 1993, 5366, 1494, 5309, 4876, 3467, 4351, 3729, 4213, 1627, 2350, 4418, 1099, 2207, 4350, 4122, 126, 1226, 3346, 485, 461, 4316, 2763, 4212, 538, 2524, 5137, 551, 2803, 2834, 1028, 3465, 4812, 3092, 4874, 3293, 4364, 1540, 4875, 2089, 1533, 3099, 3864, 314, 3853, 5025, 936, 3013, 547, 3527, 1135, 3179, 3708, 1959, 2915, 1442, 3343, 1715, 1172, 621, 5324, 1199, 2218, 5217, 2046, 385, 4953, 4311, 5305, 4496, 4448, 3631, 5176, 528, 806, 832, 4523, 4368, 2061, 3852, 3872, 878, 2944, 3826, 1467, 3920, 2032, 2785, 5312, 850, 4325, 4817, 4528, 4631, 2673, 1419, 4022, 4047, 3515, 1333, 345, 4140, 1753, 2596, 2459, 3492, 4064, 4012, 5284, 1581, 3747, 488, 4902, 3240, 3231, 4660, 2604, 5345, 4926, 2791, 3896, 1491, 62, 5174, 1469, 478, 839, 3052, 5062, 2006, 892, 5043, 3783, 340, 2905, 2423, 3993, 145, 1939, 472, 2728, 1229, 76, 1774, 4168, 646, 3755, 2302, 3833, 2309, 3784, 1300, 4491, 5167, 993, 1136, 4597, 452, 2637, 1828, 1575, 4987, 4857, 33, 5204, 2994, 3956, 3356, 1932, 2, 4439, 3004, 4692, 5417, 2931, 3118, 4801, 2631, 2453, 2649, 4176, 1000, 1371, 959, 4302, 330, 3585, 3258, 4332, 4564, 4725, 4301, 2469, 2933, 955, 3367, 4466, 744, 15, 1582, 2199, 2281, 3882, 4530, 3131, 1808, 3728, 5433, 1145, 2174, 4890, 5229, 1468, 101, 1355, 549, 1262, 1227, 3913, 2762, 5379, 222, 988, 3088, 3480, 1783, 532, 355, 4393, 2369, 5251, 1675, 2025, 2483, 2135, 2924, 665, 1760, 2705, 4338, 2951, 1507, 939, 1243, 1285, 632, 1360, 2827, 624, 3203, 2029, 3607, 3002, 4818, 130, 3381, 3846, 4011, 2056, 1458, 1350, 3758, 4947, 5322, 1059, 1556, 864, 3345, 2939, 3659, 1466, 2067, 4380, 2797, 1076, 431, 1740, 2293, 3737, 1952, 3664, 2632, 1656, 3790, 5410, 4058, 1211, 3445, 4428, 1109, 45, 2456, 2489, 4512, 3275, 3214, 4757, 239, 5109, 2555, 3958, 3740, 1644, 4596, 2331, 3316, 5007, 3371, 3656, 4028, 635, 1926, 995, 5012, 128, 3876, 2063, 758, 3815, 2641, 2374, 3138, 4190, 1850, 954, 4179, 5049, 2669, 3355, 1960, 2016, 2620, 4538, 4407, 5126, 3167, 5169, 403, 811, 65, 121, 968, 1332, 1816, 4324, 4062, 4576, 590, 4201, 3424, 159, 2950, 281, 4615, 2812, 1686, 3514, 2890, 2509, 411, 2992, 149, 3407, 1074, 2071, 1193, 237, 3770, 1809, 4245, 979, 3469, 5231, 4183, 4837, 4502]",474,500,5,False,500
312,numeric,numeric,5,True,True,True,"{2: 108, 1: 104, 5: 89, 4: 74, 3: 118, 0: 7}","[365, 353, 2801, 2313, 4363, 3055, 466, 5179, 4620, 922, 1488, 3354, 1490, 872, 280, 265, 3837, 2759, 5068, 1765, 2589, 1272, 2677, 4079, 926, 4931, 1511, 989, 3357, 999, 2993, 4192, 5431, 5121, 5175, 2470, 2867, 1374, 5434, 4983, 5381, 4304, 3235, 2126, 1748, 3628, 3439, 1615, 5008, 4767, 3479, 862, 3772, 522, 5242, 980, 4258, 3229, 787, 4436, 3886, 4934, 1882, 5154, 3111, 1353, 1329, 299, 1286, 1212, 1588, 4679, 4669, 3495, 1902, 1362, 2606, 5310, 2142, 3632, 1053, 2593, 2740, 2107, 1110, 4029, 5045, 3603, 3962, 2979, 3204, 4830, 774, 3892, 3218, 893, 666, 932, 5118, 1568, 3523, 887, 4114, 3364, 3066, 3312, 2615, 2153, 4142, 5235, 3163, 4793, 1416, 4203, 2523, 238, 1892, 167, 1434, 1240, 3542, 3856, 4008, 390, 1993, 5366, 1494, 5309, 4876, 3467, 4351, 3729, 4213, 1627, 2350, 4418, 1099, 2207, 4350, 4122, 126, 1226, 3346, 485, 461, 4316, 2763, 4212, 538, 2524, 5137, 551, 2803, 2834, 1028, 3465, 4812, 3092, 4874, 3293, 4364, 1540, 4875, 2089, 1533, 3099, 3864, 314, 3853, 5025, 936, 3013, 547, 3527, 1135, 3179, 3708, 1959, 2915, 1442, 3343, 1715, 1172, 621, 5324, 1199, 2218, 5217, 2046, 385, 4953, 4311, 5305, 4496, 4448, 3631, 5176, 528, 806, 832, 4523, 4368, 2061, 3852, 3872, 878, 2944, 3826, 1467, 3920, 2032, 2785, 5312, 850, 4325, 4817, 4528, 4631, 2673, 1419, 4022, 4047, 3515, 1333, 345, 4140, 1753, 2596, 2459, 3492, 4064, 4012, 5284, 1581, 3747, 488, 4902, 3240, 3231, 4660, 2604, 5345, 4926, 2791, 3896, 1491, 62, 5174, 1469, 478, 839, 3052, 5062, 2006, 892, 5043, 3783, 340, 2905, 2423, 3993, 145, 1939, 472, 2728, 1229, 76, 1774, 4168, 646, 3755, 2302, 3833, 2309, 3784, 1300, 4491, 5167, 993, 1136, 4597, 452, 2637, 1828, 1575, 4987, 4857, 33, 5204, 2994, 3956, 3356, 1932, 2, 4439, 3004, 4692, 5417, 2931, 3118, 4801, 2631, 2453, 2649, 4176, 1000, 1371, 959, 4302, 330, 3585, 3258, 4332, 4564, 4725, 4301, 2469, 2933, 955, 3367, 4466, 744, 15, 1582, 2199, 2281, 3882, 4530, 3131, 1808, 3728, 5433, 1145, 2174, 4890, 5229, 1468, 101, 1355, 549, 1262, 1227, 3913, 2762, 5379, 222, 988, 3088, 3480, 1783, 532, 355, 4393, 2369, 5251, 1675, 2025, 2483, 2135, 2924, 665, 1760, 2705, 4338, 2951, 1507, 939, 1243, 1285, 632, 1360, 2827, 624, 3203, 2029, 3607, 3002, 4818, 130, 3381, 3846, 4011, 2056, 1458, 1350, 3758, 4947, 5322, 1059, 1556, 864, 3345, 2939, 3659, 1466, 2067, 4380, 2797, 1076, 431, 1740, 2293, 3737, 1952, 3664, 2632, 1656, 3790, 5410, 4058, 1211, 3445, 4428, 1109, 45, 2456, 2489, 4512, 3275, 3214, 4757, 239, 5109, 2555, 3958, 3740, 1644, 4596, 2331, 3316, 5007, 3371, 3656, 4028, 635, 1926, 995, 5012, 128, 3876, 2063, 758, 3815, 2641, 2374, 3138, 4190, 1850, 954, 4179, 5049, 2669, 3355, 1960, 2016, 2620, 4538, 4407, 5126, 3167, 5169, 403, 811, 65, 121, 968, 1332, 1816, 4324, 4062, 4576, 590, 4201, 3424, 159, 2950, 281, 4615, 2812, 1686, 3514, 2890, 2509, 411, 2992, 149, 3407, 1074, 2071, 1193, 237, 3770, 1809, 4245, 979, 3469, 5231, 4183, 4837, 4502]",312,500,5,False,500
315,description,description,2,True,True,True,"{2: 108, 1: 104, 5: 89, 4: 74, 3: 118, 0: 7}","[365, 353, 2801, 2313, 4363, 3055, 466, 5179, 4620, 922, 1488, 3354, 1490, 872, 280, 265, 3837, 2759, 5068, 1765, 2589, 1272, 2677, 4079, 926, 4931, 1511, 989, 3357, 999, 2993, 4192, 5431, 5121, 5175, 2470, 2867, 1374, 5434, 4983, 5381, 4304, 3235, 2126, 1748, 3628, 3439, 1615, 5008, 4767, 3479, 862, 3772, 522, 5242, 980, 4258, 3229, 787, 4436, 3886, 4934, 1882, 5154, 3111, 1353, 1329, 299, 1286, 1212, 1588, 4679, 4669, 3495, 1902, 1362, 2606, 5310, 2142, 3632, 1053, 2593, 2740, 2107, 1110, 4029, 5045, 3603, 3962, 2979, 3204, 4830, 774, 3892, 3218, 893, 666, 932, 5118, 1568, 3523, 887, 4114, 3364, 3066, 3312, 2615, 2153, 4142, 5235, 3163, 4793, 1416, 4203, 2523, 238, 1892, 167, 1434, 1240, 3542, 3856, 4008, 390, 1993, 5366, 1494, 5309, 4876, 3467, 4351, 3729, 4213, 1627, 2350, 4418, 1099, 2207, 4350, 4122, 126, 1226, 3346, 485, 461, 4316, 2763, 4212, 538, 2524, 5137, 551, 2803, 2834, 1028, 3465, 4812, 3092, 4874, 3293, 4364, 1540, 4875, 2089, 1533, 3099, 3864, 314, 3853, 5025, 936, 3013, 547, 3527, 1135, 3179, 3708, 1959, 2915, 1442, 3343, 1715, 1172, 621, 5324, 1199, 2218, 5217, 2046, 385, 4953, 4311, 5305, 4496, 4448, 3631, 5176, 528, 806, 832, 4523, 4368, 2061, 3852, 3872, 878, 2944, 3826, 1467, 3920, 2032, 2785, 5312, 850, 4325, 4817, 4528, 4631, 2673, 1419, 4022, 4047, 3515, 1333, 345, 4140, 1753, 2596, 2459, 3492, 4064, 4012, 5284, 1581, 3747, 488, 4902, 3240, 3231, 4660, 2604, 5345, 4926, 2791, 3896, 1491, 62, 5174, 1469, 478, 839, 3052, 5062, 2006, 892, 5043, 3783, 340, 2905, 2423, 3993, 145, 1939, 472, 2728, 1229, 76, 1774, 4168, 646, 3755, 2302, 3833, 2309, 3784, 1300, 4491, 5167, 993, 1136, 4597, 452, 2637, 1828, 1575, 4987, 4857, 33, 5204, 2994, 3956, 3356, 1932, 2, 4439, 3004, 4692, 5417, 2931, 3118, 4801, 2631, 2453, 2649, 4176, 1000, 1371, 959, 4302, 330, 3585, 3258, 4332, 4564, 4725, 4301, 2469, 2933, 955, 3367, 4466, 744, 15, 1582, 2199, 2281, 3882, 4530, 3131, 1808, 3728, 5433, 1145, 2174, 4890, 5229, 1468, 101, 1355, 549, 1262, 1227, 3913, 2762, 5379, 222, 988, 3088, 3480, 1783, 532, 355, 4393, 2369, 5251, 1675, 2025, 2483, 2135, 2924, 665, 1760, 2705, 4338, 2951, 1507, 939, 1243, 1285, 632, 1360, 2827, 624, 3203, 2029, 3607, 3002, 4818, 130, 3381, 3846, 4011, 2056, 1458, 1350, 3758, 4947, 5322, 1059, 1556, 864, 3345, 2939, 3659, 1466, 2067, 4380, 2797, 1076, 431, 1740, 2293, 3737, 1952, 3664, 2632, 1656, 3790, 5410, 4058, 1211, 3445, 4428, 1109, 45, 2456, 2489, 4512, 3275, 3214, 4757, 239, 5109, 2555, 3958, 3740, 1644, 4596, 2331, 3316, 5007, 3371, 3656, 4028, 635, 1926, 995, 5012, 128, 3876, 2063, 758, 3815, 2641, 2374, 3138, 4190, 1850, 954, 4179, 5049, 2669, 3355, 1960, 2016, 2620, 4538, 4407, 5126, 3167, 5169, 403, 811, 65, 121, 968, 1332, 1816, 4324, 4062, 4576, 590, 4201, 3424, 159, 2950, 281, 4615, 2812, 1686, 3514, 2890, 2509, 411, 2992, 149, 3407, 1074, 2071, 1193, 237, 3770, 1809, 4245, 979, 3469, 5231, 4183, 4837, 4502]",315,500,5,False,500
138,numeric,human,3,True,False,True,"{2: 108, 1: 104, 5: 89, 4: 74, 3: 118, 0: 7}","[365, 353, 2801, 2313, 4363, 3055, 466, 5179, 4620, 922, 1488, 3354, 1490, 872, 280, 265, 3837, 2759, 5068, 1765, 2589, 1272, 2677, 4079, 926, 4931, 1511, 989, 3357, 999, 2993, 4192, 5431, 5121, 5175, 2470, 2867, 1374, 5434, 4983, 5381, 4304, 3235, 2126, 1748, 3628, 3439, 1615, 5008, 4767, 3479, 862, 3772, 522, 5242, 980, 4258, 3229, 787, 4436, 3886, 4934, 1882, 5154, 3111, 1353, 1329, 299, 1286, 1212, 1588, 4679, 4669, 3495, 1902, 1362, 2606, 5310, 2142, 3632, 1053, 2593, 2740, 2107, 1110, 4029, 5045, 3603, 3962, 2979, 3204, 4830, 774, 3892, 3218, 893, 666, 932, 5118, 1568, 3523, 887, 4114, 3364, 3066, 3312, 2615, 2153, 4142, 5235, 3163, 4793, 1416, 4203, 2523, 238, 1892, 167, 1434, 1240, 3542, 3856, 4008, 390, 1993, 5366, 1494, 5309, 4876, 3467, 4351, 3729, 4213, 1627, 2350, 4418, 1099, 2207, 4350, 4122, 126, 1226, 3346, 485, 461, 4316, 2763, 4212, 538, 2524, 5137, 551, 2803, 2834, 1028, 3465, 4812, 3092, 4874, 3293, 4364, 1540, 4875, 2089, 1533, 3099, 3864, 314, 3853, 5025, 936, 3013, 547, 3527, 1135, 3179, 3708, 1959, 2915, 1442, 3343, 1715, 1172, 621, 5324, 1199, 2218, 5217, 2046, 385, 4953, 4311, 5305, 4496, 4448, 3631, 5176, 528, 806, 832, 4523, 4368, 2061, 3852, 3872, 878, 2944, 3826, 1467, 3920, 2032, 2785, 5312, 850, 4325, 4817, 4528, 4631, 2673, 1419, 4022, 4047, 3515, 1333, 345, 4140, 1753, 2596, 2459, 3492, 4064, 4012, 5284, 1581, 3747, 488, 4902, 3240, 3231, 4660, 2604, 5345, 4926, 2791, 3896, 1491, 62, 5174, 1469, 478, 839, 3052, 5062, 2006, 892, 5043, 3783, 340, 2905, 2423, 3993, 145, 1939, 472, 2728, 1229, 76, 1774, 4168, 646, 3755, 2302, 3833, 2309, 3784, 1300, 4491, 5167, 993, 1136, 4597, 452, 2637, 1828, 1575, 4987, 4857, 33, 5204, 2994, 3956, 3356, 1932, 2, 4439, 3004, 4692, 5417, 2931, 3118, 4801, 2631, 2453, 2649, 4176, 1000, 1371, 959, 4302, 330, 3585, 3258, 4332, 4564, 4725, 4301, 2469, 2933, 955, 3367, 4466, 744, 15, 1582, 2199, 2281, 3882, 4530, 3131, 1808, 3728, 5433, 1145, 2174, 4890, 5229, 1468, 101, 1355, 549, 1262, 1227, 3913, 2762, 5379, 222, 988, 3088, 3480, 1783, 532, 355, 4393, 2369, 5251, 1675, 2025, 2483, 2135, 2924, 665, 1760, 2705, 4338, 2951, 1507, 939, 1243, 1285, 632, 1360, 2827, 624, 3203, 2029, 3607, 3002, 4818, 130, 3381, 3846, 4011, 2056, 1458, 1350, 3758, 4947, 5322, 1059, 1556, 864, 3345, 2939, 3659, 1466, 2067, 4380, 2797, 1076, 431, 1740, 2293, 3737, 1952, 3664, 2632, 1656, 3790, 5410, 4058, 1211, 3445, 4428, 1109, 45, 2456, 2489, 4512, 3275, 3214, 4757, 239, 5109, 2555, 3958, 3740, 1644, 4596, 2331, 3316, 5007, 3371, 3656, 4028, 635, 1926, 995, 5012, 128, 3876, 2063, 758, 3815, 2641, 2374, 3138, 4190, 1850, 954, 4179, 5049, 2669, 3355, 1960, 2016, 2620, 4538, 4407, 5126, 3167, 5169, 403, 811, 65, 121, 968, 1332, 1816, 4324, 4062, 4576, 590, 4201, 3424, 159, 2950, 281, 4615, 2812, 1686, 3514, 2890, 2509, 411, 2992, 149, 3407, 1074, 2071, 1193, 237, 3770, 1809, 4245, 979, 3469, 5231, 4183, 4837, 4502]",138,500,5,False,500
297,numeric,numeric,5,True,True,True,"{2: 108, 1: 104, 5: 89, 4: 74, 3: 118, 0: 7}","[365, 353, 2801, 2313, 4363, 3055, 466, 5179, 4620, 922, 1488, 3354, 1490, 872, 280, 265, 3837, 2759, 5068, 1765, 2589, 1272, 2677, 4079, 926, 4931, 1511, 989, 3357, 999, 2993, 4192, 5431, 5121, 5175, 2470, 2867, 1374, 5434, 4983, 5381, 4304, 3235, 2126, 1748, 3628, 3439, 1615, 5008, 4767, 3479, 862, 3772, 522, 5242, 980, 4258, 3229, 787, 4436, 3886, 4934, 1882, 5154, 3111, 1353, 1329, 299, 1286, 1212, 1588, 4679, 4669, 3495, 1902, 1362, 2606, 5310, 2142, 3632, 1053, 2593, 2740, 2107, 1110, 4029, 5045, 3603, 3962, 2979, 3204, 4830, 774, 3892, 3218, 893, 666, 932, 5118, 1568, 3523, 887, 4114, 3364, 3066, 3312, 2615, 2153, 4142, 5235, 3163, 4793, 1416, 4203, 2523, 238, 1892, 167, 1434, 1240, 3542, 3856, 4008, 390, 1993, 5366, 1494, 5309, 4876, 3467, 4351, 3729, 4213, 1627, 2350, 4418, 1099, 2207, 4350, 4122, 126, 1226, 3346, 485, 461, 4316, 2763, 4212, 538, 2524, 5137, 551, 2803, 2834, 1028, 3465, 4812, 3092, 4874, 3293, 4364, 1540, 4875, 2089, 1533, 3099, 3864, 314, 3853, 5025, 936, 3013, 547, 3527, 1135, 3179, 3708, 1959, 2915, 1442, 3343, 1715, 1172, 621, 5324, 1199, 2218, 5217, 2046, 385, 4953, 4311, 5305, 4496, 4448, 3631, 5176, 528, 806, 832, 4523, 4368, 2061, 3852, 3872, 878, 2944, 3826, 1467, 3920, 2032, 2785, 5312, 850, 4325, 4817, 4528, 4631, 2673, 1419, 4022, 4047, 3515, 1333, 345, 4140, 1753, 2596, 2459, 3492, 4064, 4012, 5284, 1581, 3747, 488, 4902, 3240, 3231, 4660, 2604, 5345, 4926, 2791, 3896, 1491, 62, 5174, 1469, 478, 839, 3052, 5062, 2006, 892, 5043, 3783, 340, 2905, 2423, 3993, 145, 1939, 472, 2728, 1229, 76, 1774, 4168, 646, 3755, 2302, 3833, 2309, 3784, 1300, 4491, 5167, 993, 1136, 4597, 452, 2637, 1828, 1575, 4987, 4857, 33, 5204, 2994, 3956, 3356, 1932, 2, 4439, 3004, 4692, 5417, 2931, 3118, 4801, 2631, 2453, 2649, 4176, 1000, 1371, 959, 4302, 330, 3585, 3258, 4332, 4564, 4725, 4301, 2469, 2933, 955, 3367, 4466, 744, 15, 1582, 2199, 2281, 3882, 4530, 3131, 1808, 3728, 5433, 1145, 2174, 4890, 5229, 1468, 101, 1355, 549, 1262, 1227, 3913, 2762, 5379, 222, 988, 3088, 3480, 1783, 532, 355, 4393, 2369, 5251, 1675, 2025, 2483, 2135, 2924, 665, 1760, 2705, 4338, 2951, 1507, 939, 1243, 1285, 632, 1360, 2827, 624, 3203, 2029, 3607, 3002, 4818, 130, 3381, 3846, 4011, 2056, 1458, 1350, 3758, 4947, 5322, 1059, 1556, 864, 3345, 2939, 3659, 1466, 2067, 4380, 2797, 1076, 431, 1740, 2293, 3737, 1952, 3664, 2632, 1656, 3790, 5410, 4058, 1211, 3445, 4428, 1109, 45, 2456, 2489, 4512, 3275, 3214, 4757, 239, 5109, 2555, 3958, 3740, 1644, 4596, 2331, 3316, 5007, 3371, 3656, 4028, 635, 1926, 995, 5012, 128, 3876, 2063, 758, 3815, 2641, 2374, 3138, 4190, 1850, 954, 4179, 5049, 2669, 3355, 1960, 2016, 2620, 4538, 4407, 5126, 3167, 5169, 403, 811, 65, 121, 968, 1332, 1816, 4324, 4062, 4576, 590, 4201, 3424, 159, 2950, 281, 4615, 2812, 1686, 3514, 2890, 2509, 411, 2992, 149, 3407, 1074, 2071, 1193, 237, 3770, 1809, 4245, 979, 3469, 5231, 4183, 4837, 4502]",297,500,5,False,500
255,numeric,location,4,True,False,True,"{2: 108, 1: 104, 5: 89, 4: 74, 3: 118, 0: 7}","[365, 353, 2801, 2313, 4363, 3055, 466, 5179, 4620, 922, 1488, 3354, 1490, 872, 280, 265, 3837, 2759, 5068, 1765, 2589, 1272, 2677, 4079, 926, 4931, 1511, 989, 3357, 999, 2993, 4192, 5431, 5121, 5175, 2470, 2867, 1374, 5434, 4983, 5381, 4304, 3235, 2126, 1748, 3628, 3439, 1615, 5008, 4767, 3479, 862, 3772, 522, 5242, 980, 4258, 3229, 787, 4436, 3886, 4934, 1882, 5154, 3111, 1353, 1329, 299, 1286, 1212, 1588, 4679, 4669, 3495, 1902, 1362, 2606, 5310, 2142, 3632, 1053, 2593, 2740, 2107, 1110, 4029, 5045, 3603, 3962, 2979, 3204, 4830, 774, 3892, 3218, 893, 666, 932, 5118, 1568, 3523, 887, 4114, 3364, 3066, 3312, 2615, 2153, 4142, 5235, 3163, 4793, 1416, 4203, 2523, 238, 1892, 167, 1434, 1240, 3542, 3856, 4008, 390, 1993, 5366, 1494, 5309, 4876, 3467, 4351, 3729, 4213, 1627, 2350, 4418, 1099, 2207, 4350, 4122, 126, 1226, 3346, 485, 461, 4316, 2763, 4212, 538, 2524, 5137, 551, 2803, 2834, 1028, 3465, 4812, 3092, 4874, 3293, 4364, 1540, 4875, 2089, 1533, 3099, 3864, 314, 3853, 5025, 936, 3013, 547, 3527, 1135, 3179, 3708, 1959, 2915, 1442, 3343, 1715, 1172, 621, 5324, 1199, 2218, 5217, 2046, 385, 4953, 4311, 5305, 4496, 4448, 3631, 5176, 528, 806, 832, 4523, 4368, 2061, 3852, 3872, 878, 2944, 3826, 1467, 3920, 2032, 2785, 5312, 850, 4325, 4817, 4528, 4631, 2673, 1419, 4022, 4047, 3515, 1333, 345, 4140, 1753, 2596, 2459, 3492, 4064, 4012, 5284, 1581, 3747, 488, 4902, 3240, 3231, 4660, 2604, 5345, 4926, 2791, 3896, 1491, 62, 5174, 1469, 478, 839, 3052, 5062, 2006, 892, 5043, 3783, 340, 2905, 2423, 3993, 145, 1939, 472, 2728, 1229, 76, 1774, 4168, 646, 3755, 2302, 3833, 2309, 3784, 1300, 4491, 5167, 993, 1136, 4597, 452, 2637, 1828, 1575, 4987, 4857, 33, 5204, 2994, 3956, 3356, 1932, 2, 4439, 3004, 4692, 5417, 2931, 3118, 4801, 2631, 2453, 2649, 4176, 1000, 1371, 959, 4302, 330, 3585, 3258, 4332, 4564, 4725, 4301, 2469, 2933, 955, 3367, 4466, 744, 15, 1582, 2199, 2281, 3882, 4530, 3131, 1808, 3728, 5433, 1145, 2174, 4890, 5229, 1468, 101, 1355, 549, 1262, 1227, 3913, 2762, 5379, 222, 988, 3088, 3480, 1783, 532, 355, 4393, 2369, 5251, 1675, 2025, 2483, 2135, 2924, 665, 1760, 2705, 4338, 2951, 1507, 939, 1243, 1285, 632, 1360, 2827, 624, 3203, 2029, 3607, 3002, 4818, 130, 3381, 3846, 4011, 2056, 1458, 1350, 3758, 4947, 5322, 1059, 1556, 864, 3345, 2939, 3659, 1466, 2067, 4380, 2797, 1076, 431, 1740, 2293, 3737, 1952, 3664, 2632, 1656, 3790, 5410, 4058, 1211, 3445, 4428, 1109, 45, 2456, 2489, 4512, 3275, 3214, 4757, 239, 5109, 2555, 3958, 3740, 1644, 4596, 2331, 3316, 5007, 3371, 3656, 4028, 635, 1926, 995, 5012, 128, 3876, 2063, 758, 3815, 2641, 2374, 3138, 4190, 1850, 954, 4179, 5049, 2669, 3355, 1960, 2016, 2620, 4538, 4407, 5126, 3167, 5169, 403, 811, 65, 121, 968, 1332, 1816, 4324, 4062, 4576, 590, 4201, 3424, 159, 2950, 281, 4615, 2812, 1686, 3514, 2890, 2509, 411, 2992, 149, 3407, 1074, 2071, 1193, 237, 3770, 1809, 4245, 979, 3469, 5231, 4183, 4837, 4502]",255,500,5,False,500
166,numeric,numeric,5,True,True,True,"{2: 108, 1: 104, 5: 89, 4: 74, 3: 118, 0: 7}","[365, 353, 2801, 2313, 4363, 3055, 466, 5179, 4620, 922, 1488, 3354, 1490, 872, 280, 265, 3837, 2759, 5068, 1765, 2589, 1272, 2677, 4079, 926, 4931, 1511, 989, 3357, 999, 2993, 4192, 5431, 5121, 5175, 2470, 2867, 1374, 5434, 4983, 5381, 4304, 3235, 2126, 1748, 3628, 3439, 1615, 5008, 4767, 3479, 862, 3772, 522, 5242, 980, 4258, 3229, 787, 4436, 3886, 4934, 1882, 5154, 3111, 1353, 1329, 299, 1286, 1212, 1588, 4679, 4669, 3495, 1902, 1362, 2606, 5310, 2142, 3632, 1053, 2593, 2740, 2107, 1110, 4029, 5045, 3603, 3962, 2979, 3204, 4830, 774, 3892, 3218, 893, 666, 932, 5118, 1568, 3523, 887, 4114, 3364, 3066, 3312, 2615, 2153, 4142, 5235, 3163, 4793, 1416, 4203, 2523, 238, 1892, 167, 1434, 1240, 3542, 3856, 4008, 390, 1993, 5366, 1494, 5309, 4876, 3467, 4351, 3729, 4213, 1627, 2350, 4418, 1099, 2207, 4350, 4122, 126, 1226, 3346, 485, 461, 4316, 2763, 4212, 538, 2524, 5137, 551, 2803, 2834, 1028, 3465, 4812, 3092, 4874, 3293, 4364, 1540, 4875, 2089, 1533, 3099, 3864, 314, 3853, 5025, 936, 3013, 547, 3527, 1135, 3179, 3708, 1959, 2915, 1442, 3343, 1715, 1172, 621, 5324, 1199, 2218, 5217, 2046, 385, 4953, 4311, 5305, 4496, 4448, 3631, 5176, 528, 806, 832, 4523, 4368, 2061, 3852, 3872, 878, 2944, 3826, 1467, 3920, 2032, 2785, 5312, 850, 4325, 4817, 4528, 4631, 2673, 1419, 4022, 4047, 3515, 1333, 345, 4140, 1753, 2596, 2459, 3492, 4064, 4012, 5284, 1581, 3747, 488, 4902, 3240, 3231, 4660, 2604, 5345, 4926, 2791, 3896, 1491, 62, 5174, 1469, 478, 839, 3052, 5062, 2006, 892, 5043, 3783, 340, 2905, 2423, 3993, 145, 1939, 472, 2728, 1229, 76, 1774, 4168, 646, 3755, 2302, 3833, 2309, 3784, 1300, 4491, 5167, 993, 1136, 4597, 452, 2637, 1828, 1575, 4987, 4857, 33, 5204, 2994, 3956, 3356, 1932, 2, 4439, 3004, 4692, 5417, 2931, 3118, 4801, 2631, 2453, 2649, 4176, 1000, 1371, 959, 4302, 330, 3585, 3258, 4332, 4564, 4725, 4301, 2469, 2933, 955, 3367, 4466, 744, 15, 1582, 2199, 2281, 3882, 4530, 3131, 1808, 3728, 5433, 1145, 2174, 4890, 5229, 1468, 101, 1355, 549, 1262, 1227, 3913, 2762, 5379, 222, 988, 3088, 3480, 1783, 532, 355, 4393, 2369, 5251, 1675, 2025, 2483, 2135, 2924, 665, 1760, 2705, 4338, 2951, 1507, 939, 1243, 1285, 632, 1360, 2827, 624, 3203, 2029, 3607, 3002, 4818, 130, 3381, 3846, 4011, 2056, 1458, 1350, 3758, 4947, 5322, 1059, 1556, 864, 3345, 2939, 3659, 1466, 2067, 4380, 2797, 1076, 431, 1740, 2293, 3737, 1952, 3664, 2632, 1656, 3790, 5410, 4058, 1211, 3445, 4428, 1109, 45, 2456, 2489, 4512, 3275, 3214, 4757, 239, 5109, 2555, 3958, 3740, 1644, 4596, 2331, 3316, 5007, 3371, 3656, 4028, 635, 1926, 995, 5012, 128, 3876, 2063, 758, 3815, 2641, 2374, 3138, 4190, 1850, 954, 4179, 5049, 2669, 3355, 1960, 2016, 2620, 4538, 4407, 5126, 3167, 5169, 403, 811, 65, 121, 968, 1332, 1816, 4324, 4062, 4576, 590, 4201, 3424, 159, 2950, 281, 4615, 2812, 1686, 3514, 2890, 2509, 411, 2992, 149, 3407, 1074, 2071, 1193, 237, 3770, 1809, 4245, 979, 3469, 5231, 4183, 4837, 4502]",166,500,5,False,500
6,human,human,3,True,True,True,"{2: 108, 1: 104, 5: 89, 4: 74, 3: 118, 0: 7}","[365, 353, 2801, 2313, 4363, 3055, 466, 5179, 4620, 922, 1488, 3354, 1490, 872, 280, 265, 3837, 2759, 5068, 1765, 2589, 1272, 2677, 4079, 926, 4931, 1511, 989, 3357, 999, 2993, 4192, 5431, 5121, 5175, 2470, 2867, 1374, 5434, 4983, 5381, 4304, 3235, 2126, 1748, 3628, 3439, 1615, 5008, 4767, 3479, 862, 3772, 522, 5242, 980, 4258, 3229, 787, 4436, 3886, 4934, 1882, 5154, 3111, 1353, 1329, 299, 1286, 1212, 1588, 4679, 4669, 3495, 1902, 1362, 2606, 5310, 2142, 3632, 1053, 2593, 2740, 2107, 1110, 4029, 5045, 3603, 3962, 2979, 3204, 4830, 774, 3892, 3218, 893, 666, 932, 5118, 1568, 3523, 887, 4114, 3364, 3066, 3312, 2615, 2153, 4142, 5235, 3163, 4793, 1416, 4203, 2523, 238, 1892, 167, 1434, 1240, 3542, 3856, 4008, 390, 1993, 5366, 1494, 5309, 4876, 3467, 4351, 3729, 4213, 1627, 2350, 4418, 1099, 2207, 4350, 4122, 126, 1226, 3346, 485, 461, 4316, 2763, 4212, 538, 2524, 5137, 551, 2803, 2834, 1028, 3465, 4812, 3092, 4874, 3293, 4364, 1540, 4875, 2089, 1533, 3099, 3864, 314, 3853, 5025, 936, 3013, 547, 3527, 1135, 3179, 3708, 1959, 2915, 1442, 3343, 1715, 1172, 621, 5324, 1199, 2218, 5217, 2046, 385, 4953, 4311, 5305, 4496, 4448, 3631, 5176, 528, 806, 832, 4523, 4368, 2061, 3852, 3872, 878, 2944, 3826, 1467, 3920, 2032, 2785, 5312, 850, 4325, 4817, 4528, 4631, 2673, 1419, 4022, 4047, 3515, 1333, 345, 4140, 1753, 2596, 2459, 3492, 4064, 4012, 5284, 1581, 3747, 488, 4902, 3240, 3231, 4660, 2604, 5345, 4926, 2791, 3896, 1491, 62, 5174, 1469, 478, 839, 3052, 5062, 2006, 892, 5043, 3783, 340, 2905, 2423, 3993, 145, 1939, 472, 2728, 1229, 76, 1774, 4168, 646, 3755, 2302, 3833, 2309, 3784, 1300, 4491, 5167, 993, 1136, 4597, 452, 2637, 1828, 1575, 4987, 4857, 33, 5204, 2994, 3956, 3356, 1932, 2, 4439, 3004, 4692, 5417, 2931, 3118, 4801, 2631, 2453, 2649, 4176, 1000, 1371, 959, 4302, 330, 3585, 3258, 4332, 4564, 4725, 4301, 2469, 2933, 955, 3367, 4466, 744, 15, 1582, 2199, 2281, 3882, 4530, 3131, 1808, 3728, 5433, 1145, 2174, 4890, 5229, 1468, 101, 1355, 549, 1262, 1227, 3913, 2762, 5379, 222, 988, 3088, 3480, 1783, 532, 355, 4393, 2369, 5251, 1675, 2025, 2483, 2135, 2924, 665, 1760, 2705, 4338, 2951, 1507, 939, 1243, 1285, 632, 1360, 2827, 624, 3203, 2029, 3607, 3002, 4818, 130, 3381, 3846, 4011, 2056, 1458, 1350, 3758, 4947, 5322, 1059, 1556, 864, 3345, 2939, 3659, 1466, 2067, 4380, 2797, 1076, 431, 1740, 2293, 3737, 1952, 3664, 2632, 1656, 3790, 5410, 4058, 1211, 3445, 4428, 1109, 45, 2456, 2489, 4512, 3275, 3214, 4757, 239, 5109, 2555, 3958, 3740, 1644, 4596, 2331, 3316, 5007, 3371, 3656, 4028, 635, 1926, 995, 5012, 128, 3876, 2063, 758, 3815, 2641, 2374, 3138, 4190, 1850, 954, 4179, 5049, 2669, 3355, 1960, 2016, 2620, 4538, 4407, 5126, 3167, 5169, 403, 811, 65, 121, 968, 1332, 1816, 4324, 4062, 4576, 590, 4201, 3424, 159, 2950, 281, 4615, 2812, 1686, 3514, 2890, 2509, 411, 2992, 149, 3407, 1074, 2071, 1193, 237, 3770, 1809, 4245, 979, 3469, 5231, 4183, 4837, 4502]",6,500,5,False,500
248,description,description,2,True,True,True,"{2: 108, 1: 104, 5: 89, 4: 74, 3: 118, 0: 7}","[365, 353, 2801, 2313, 4363, 3055, 466, 5179, 4620, 922, 1488, 3354, 1490, 872, 280, 265, 3837, 2759, 5068, 1765, 2589, 1272, 2677, 4079, 926, 4931, 1511, 989, 3357, 999, 2993, 4192, 5431, 5121, 5175, 2470, 2867, 1374, 5434, 4983, 5381, 4304, 3235, 2126, 1748, 3628, 3439, 1615, 5008, 4767, 3479, 862, 3772, 522, 5242, 980, 4258, 3229, 787, 4436, 3886, 4934, 1882, 5154, 3111, 1353, 1329, 299, 1286, 1212, 1588, 4679, 4669, 3495, 1902, 1362, 2606, 5310, 2142, 3632, 1053, 2593, 2740, 2107, 1110, 4029, 5045, 3603, 3962, 2979, 3204, 4830, 774, 3892, 3218, 893, 666, 932, 5118, 1568, 3523, 887, 4114, 3364, 3066, 3312, 2615, 2153, 4142, 5235, 3163, 4793, 1416, 4203, 2523, 238, 1892, 167, 1434, 1240, 3542, 3856, 4008, 390, 1993, 5366, 1494, 5309, 4876, 3467, 4351, 3729, 4213, 1627, 2350, 4418, 1099, 2207, 4350, 4122, 126, 1226, 3346, 485, 461, 4316, 2763, 4212, 538, 2524, 5137, 551, 2803, 2834, 1028, 3465, 4812, 3092, 4874, 3293, 4364, 1540, 4875, 2089, 1533, 3099, 3864, 314, 3853, 5025, 936, 3013, 547, 3527, 1135, 3179, 3708, 1959, 2915, 1442, 3343, 1715, 1172, 621, 5324, 1199, 2218, 5217, 2046, 385, 4953, 4311, 5305, 4496, 4448, 3631, 5176, 528, 806, 832, 4523, 4368, 2061, 3852, 3872, 878, 2944, 3826, 1467, 3920, 2032, 2785, 5312, 850, 4325, 4817, 4528, 4631, 2673, 1419, 4022, 4047, 3515, 1333, 345, 4140, 1753, 2596, 2459, 3492, 4064, 4012, 5284, 1581, 3747, 488, 4902, 3240, 3231, 4660, 2604, 5345, 4926, 2791, 3896, 1491, 62, 5174, 1469, 478, 839, 3052, 5062, 2006, 892, 5043, 3783, 340, 2905, 2423, 3993, 145, 1939, 472, 2728, 1229, 76, 1774, 4168, 646, 3755, 2302, 3833, 2309, 3784, 1300, 4491, 5167, 993, 1136, 4597, 452, 2637, 1828, 1575, 4987, 4857, 33, 5204, 2994, 3956, 3356, 1932, 2, 4439, 3004, 4692, 5417, 2931, 3118, 4801, 2631, 2453, 2649, 4176, 1000, 1371, 959, 4302, 330, 3585, 3258, 4332, 4564, 4725, 4301, 2469, 2933, 955, 3367, 4466, 744, 15, 1582, 2199, 2281, 3882, 4530, 3131, 1808, 3728, 5433, 1145, 2174, 4890, 5229, 1468, 101, 1355, 549, 1262, 1227, 3913, 2762, 5379, 222, 988, 3088, 3480, 1783, 532, 355, 4393, 2369, 5251, 1675, 2025, 2483, 2135, 2924, 665, 1760, 2705, 4338, 2951, 1507, 939, 1243, 1285, 632, 1360, 2827, 624, 3203, 2029, 3607, 3002, 4818, 130, 3381, 3846, 4011, 2056, 1458, 1350, 3758, 4947, 5322, 1059, 1556, 864, 3345, 2939, 3659, 1466, 2067, 4380, 2797, 1076, 431, 1740, 2293, 3737, 1952, 3664, 2632, 1656, 3790, 5410, 4058, 1211, 3445, 4428, 1109, 45, 2456, 2489, 4512, 3275, 3214, 4757, 239, 5109, 2555, 3958, 3740, 1644, 4596, 2331, 3316, 5007, 3371, 3656, 4028, 635, 1926, 995, 5012, 128, 3876, 2063, 758, 3815, 2641, 2374, 3138, 4190, 1850, 954, 4179, 5049, 2669, 3355, 1960, 2016, 2620, 4538, 4407, 5126, 3167, 5169, 403, 811, 65, 121, 968, 1332, 1816, 4324, 4062, 4576, 590, 4201, 3424, 159, 2950, 281, 4615, 2812, 1686, 3514, 2890, 2509, 411, 2992, 149, 3407, 1074, 2071, 1193, 237, 3770, 1809, 4245, 979, 3469, 5231, 4183, 4837, 4502]",248,500,5,False,500
240,numeric,location,4,True,False,True,"{2: 108, 1: 104, 5: 89, 4: 74, 3: 118, 0: 7}","[365, 353, 2801, 2313, 4363, 3055, 466, 5179, 4620, 922, 1488, 3354, 1490, 872, 280, 265, 3837, 2759, 5068, 1765, 2589, 1272, 2677, 4079, 926, 4931, 1511, 989, 3357, 999, 2993, 4192, 5431, 5121, 5175, 2470, 2867, 1374, 5434, 4983, 5381, 4304, 3235, 2126, 1748, 3628, 3439, 1615, 5008, 4767, 3479, 862, 3772, 522, 5242, 980, 4258, 3229, 787, 4436, 3886, 4934, 1882, 5154, 3111, 1353, 1329, 299, 1286, 1212, 1588, 4679, 4669, 3495, 1902, 1362, 2606, 5310, 2142, 3632, 1053, 2593, 2740, 2107, 1110, 4029, 5045, 3603, 3962, 2979, 3204, 4830, 774, 3892, 3218, 893, 666, 932, 5118, 1568, 3523, 887, 4114, 3364, 3066, 3312, 2615, 2153, 4142, 5235, 3163, 4793, 1416, 4203, 2523, 238, 1892, 167, 1434, 1240, 3542, 3856, 4008, 390, 1993, 5366, 1494, 5309, 4876, 3467, 4351, 3729, 4213, 1627, 2350, 4418, 1099, 2207, 4350, 4122, 126, 1226, 3346, 485, 461, 4316, 2763, 4212, 538, 2524, 5137, 551, 2803, 2834, 1028, 3465, 4812, 3092, 4874, 3293, 4364, 1540, 4875, 2089, 1533, 3099, 3864, 314, 3853, 5025, 936, 3013, 547, 3527, 1135, 3179, 3708, 1959, 2915, 1442, 3343, 1715, 1172, 621, 5324, 1199, 2218, 5217, 2046, 385, 4953, 4311, 5305, 4496, 4448, 3631, 5176, 528, 806, 832, 4523, 4368, 2061, 3852, 3872, 878, 2944, 3826, 1467, 3920, 2032, 2785, 5312, 850, 4325, 4817, 4528, 4631, 2673, 1419, 4022, 4047, 3515, 1333, 345, 4140, 1753, 2596, 2459, 3492, 4064, 4012, 5284, 1581, 3747, 488, 4902, 3240, 3231, 4660, 2604, 5345, 4926, 2791, 3896, 1491, 62, 5174, 1469, 478, 839, 3052, 5062, 2006, 892, 5043, 3783, 340, 2905, 2423, 3993, 145, 1939, 472, 2728, 1229, 76, 1774, 4168, 646, 3755, 2302, 3833, 2309, 3784, 1300, 4491, 5167, 993, 1136, 4597, 452, 2637, 1828, 1575, 4987, 4857, 33, 5204, 2994, 3956, 3356, 1932, 2, 4439, 3004, 4692, 5417, 2931, 3118, 4801, 2631, 2453, 2649, 4176, 1000, 1371, 959, 4302, 330, 3585, 3258, 4332, 4564, 4725, 4301, 2469, 2933, 955, 3367, 4466, 744, 15, 1582, 2199, 2281, 3882, 4530, 3131, 1808, 3728, 5433, 1145, 2174, 4890, 5229, 1468, 101, 1355, 549, 1262, 1227, 3913, 2762, 5379, 222, 988, 3088, 3480, 1783, 532, 355, 4393, 2369, 5251, 1675, 2025, 2483, 2135, 2924, 665, 1760, 2705, 4338, 2951, 1507, 939, 1243, 1285, 632, 1360, 2827, 624, 3203, 2029, 3607, 3002, 4818, 130, 3381, 3846, 4011, 2056, 1458, 1350, 3758, 4947, 5322, 1059, 1556, 864, 3345, 2939, 3659, 1466, 2067, 4380, 2797, 1076, 431, 1740, 2293, 3737, 1952, 3664, 2632, 1656, 3790, 5410, 4058, 1211, 3445, 4428, 1109, 45, 2456, 2489, 4512, 3275, 3214, 4757, 239, 5109, 2555, 3958, 3740, 1644, 4596, 2331, 3316, 5007, 3371, 3656, 4028, 635, 1926, 995, 5012, 128, 3876, 2063, 758, 3815, 2641, 2374, 3138, 4190, 1850, 954, 4179, 5049, 2669, 3355, 1960, 2016, 2620, 4538, 4407, 5126, 3167, 5169, 403, 811, 65, 121, 968, 1332, 1816, 4324, 4062, 4576, 590, 4201, 3424, 159, 2950, 281, 4615, 2812, 1686, 3514, 2890, 2509, 411, 2992, 149, 3407, 1074, 2071, 1193, 237, 3770, 1809, 4245, 979, 3469, 5231, 4183, 4837, 4502]",240,500,5,False,500
299,numeric,entity,1,True,False,True,"{2: 108, 1: 104, 5: 89, 4: 74, 3: 118, 0: 7}","[365, 353, 2801, 2313, 4363, 3055, 466, 5179, 4620, 922, 1488, 3354, 1490, 872, 280, 265, 3837, 2759, 5068, 1765, 2589, 1272, 2677, 4079, 926, 4931, 1511, 989, 3357, 999, 2993, 4192, 5431, 5121, 5175, 2470, 2867, 1374, 5434, 4983, 5381, 4304, 3235, 2126, 1748, 3628, 3439, 1615, 5008, 4767, 3479, 862, 3772, 522, 5242, 980, 4258, 3229, 787, 4436, 3886, 4934, 1882, 5154, 3111, 1353, 1329, 299, 1286, 1212, 1588, 4679, 4669, 3495, 1902, 1362, 2606, 5310, 2142, 3632, 1053, 2593, 2740, 2107, 1110, 4029, 5045, 3603, 3962, 2979, 3204, 4830, 774, 3892, 3218, 893, 666, 932, 5118, 1568, 3523, 887, 4114, 3364, 3066, 3312, 2615, 2153, 4142, 5235, 3163, 4793, 1416, 4203, 2523, 238, 1892, 167, 1434, 1240, 3542, 3856, 4008, 390, 1993, 5366, 1494, 5309, 4876, 3467, 4351, 3729, 4213, 1627, 2350, 4418, 1099, 2207, 4350, 4122, 126, 1226, 3346, 485, 461, 4316, 2763, 4212, 538, 2524, 5137, 551, 2803, 2834, 1028, 3465, 4812, 3092, 4874, 3293, 4364, 1540, 4875, 2089, 1533, 3099, 3864, 314, 3853, 5025, 936, 3013, 547, 3527, 1135, 3179, 3708, 1959, 2915, 1442, 3343, 1715, 1172, 621, 5324, 1199, 2218, 5217, 2046, 385, 4953, 4311, 5305, 4496, 4448, 3631, 5176, 528, 806, 832, 4523, 4368, 2061, 3852, 3872, 878, 2944, 3826, 1467, 3920, 2032, 2785, 5312, 850, 4325, 4817, 4528, 4631, 2673, 1419, 4022, 4047, 3515, 1333, 345, 4140, 1753, 2596, 2459, 3492, 4064, 4012, 5284, 1581, 3747, 488, 4902, 3240, 3231, 4660, 2604, 5345, 4926, 2791, 3896, 1491, 62, 5174, 1469, 478, 839, 3052, 5062, 2006, 892, 5043, 3783, 340, 2905, 2423, 3993, 145, 1939, 472, 2728, 1229, 76, 1774, 4168, 646, 3755, 2302, 3833, 2309, 3784, 1300, 4491, 5167, 993, 1136, 4597, 452, 2637, 1828, 1575, 4987, 4857, 33, 5204, 2994, 3956, 3356, 1932, 2, 4439, 3004, 4692, 5417, 2931, 3118, 4801, 2631, 2453, 2649, 4176, 1000, 1371, 959, 4302, 330, 3585, 3258, 4332, 4564, 4725, 4301, 2469, 2933, 955, 3367, 4466, 744, 15, 1582, 2199, 2281, 3882, 4530, 3131, 1808, 3728, 5433, 1145, 2174, 4890, 5229, 1468, 101, 1355, 549, 1262, 1227, 3913, 2762, 5379, 222, 988, 3088, 3480, 1783, 532, 355, 4393, 2369, 5251, 1675, 2025, 2483, 2135, 2924, 665, 1760, 2705, 4338, 2951, 1507, 939, 1243, 1285, 632, 1360, 2827, 624, 3203, 2029, 3607, 3002, 4818, 130, 3381, 3846, 4011, 2056, 1458, 1350, 3758, 4947, 5322, 1059, 1556, 864, 3345, 2939, 3659, 1466, 2067, 4380, 2797, 1076, 431, 1740, 2293, 3737, 1952, 3664, 2632, 1656, 3790, 5410, 4058, 1211, 3445, 4428, 1109, 45, 2456, 2489, 4512, 3275, 3214, 4757, 239, 5109, 2555, 3958, 3740, 1644, 4596, 2331, 3316, 5007, 3371, 3656, 4028, 635, 1926, 995, 5012, 128, 3876, 2063, 758, 3815, 2641, 2374, 3138, 4190, 1850, 954, 4179, 5049, 2669, 3355, 1960, 2016, 2620, 4538, 4407, 5126, 3167, 5169, 403, 811, 65, 121, 968, 1332, 1816, 4324, 4062, 4576, 590, 4201, 3424, 159, 2950, 281, 4615, 2812, 1686, 3514, 2890, 2509, 411, 2992, 149, 3407, 1074, 2071, 1193, 237, 3770, 1809, 4245, 979, 3469, 5231, 4183, 4837, 4502]",299,500,5,False,500
1,numeric,location,4,True,False,True,"{2: 108, 1: 104, 5: 89, 4: 74, 3: 118, 0: 7}","[365, 353, 2801, 2313, 4363, 3055, 466, 5179, 4620, 922, 1488, 3354, 1490, 872, 280, 265, 3837, 2759, 5068, 1765, 2589, 1272, 2677, 4079, 926, 4931, 1511, 989, 3357, 999, 2993, 4192, 5431, 5121, 5175, 2470, 2867, 1374, 5434, 4983, 5381, 4304, 3235, 2126, 1748, 3628, 3439, 1615, 5008, 4767, 3479, 862, 3772, 522, 5242, 980, 4258, 3229, 787, 4436, 3886, 4934, 1882, 5154, 3111, 1353, 1329, 299, 1286, 1212, 1588, 4679, 4669, 3495, 1902, 1362, 2606, 5310, 2142, 3632, 1053, 2593, 2740, 2107, 1110, 4029, 5045, 3603, 3962, 2979, 3204, 4830, 774, 3892, 3218, 893, 666, 932, 5118, 1568, 3523, 887, 4114, 3364, 3066, 3312, 2615, 2153, 4142, 5235, 3163, 4793, 1416, 4203, 2523, 238, 1892, 167, 1434, 1240, 3542, 3856, 4008, 390, 1993, 5366, 1494, 5309, 4876, 3467, 4351, 3729, 4213, 1627, 2350, 4418, 1099, 2207, 4350, 4122, 126, 1226, 3346, 485, 461, 4316, 2763, 4212, 538, 2524, 5137, 551, 2803, 2834, 1028, 3465, 4812, 3092, 4874, 3293, 4364, 1540, 4875, 2089, 1533, 3099, 3864, 314, 3853, 5025, 936, 3013, 547, 3527, 1135, 3179, 3708, 1959, 2915, 1442, 3343, 1715, 1172, 621, 5324, 1199, 2218, 5217, 2046, 385, 4953, 4311, 5305, 4496, 4448, 3631, 5176, 528, 806, 832, 4523, 4368, 2061, 3852, 3872, 878, 2944, 3826, 1467, 3920, 2032, 2785, 5312, 850, 4325, 4817, 4528, 4631, 2673, 1419, 4022, 4047, 3515, 1333, 345, 4140, 1753, 2596, 2459, 3492, 4064, 4012, 5284, 1581, 3747, 488, 4902, 3240, 3231, 4660, 2604, 5345, 4926, 2791, 3896, 1491, 62, 5174, 1469, 478, 839, 3052, 5062, 2006, 892, 5043, 3783, 340, 2905, 2423, 3993, 145, 1939, 472, 2728, 1229, 76, 1774, 4168, 646, 3755, 2302, 3833, 2309, 3784, 1300, 4491, 5167, 993, 1136, 4597, 452, 2637, 1828, 1575, 4987, 4857, 33, 5204, 2994, 3956, 3356, 1932, 2, 4439, 3004, 4692, 5417, 2931, 3118, 4801, 2631, 2453, 2649, 4176, 1000, 1371, 959, 4302, 330, 3585, 3258, 4332, 4564, 4725, 4301, 2469, 2933, 955, 3367, 4466, 744, 15, 1582, 2199, 2281, 3882, 4530, 3131, 1808, 3728, 5433, 1145, 2174, 4890, 5229, 1468, 101, 1355, 549, 1262, 1227, 3913, 2762, 5379, 222, 988, 3088, 3480, 1783, 532, 355, 4393, 2369, 5251, 1675, 2025, 2483, 2135, 2924, 665, 1760, 2705, 4338, 2951, 1507, 939, 1243, 1285, 632, 1360, 2827, 624, 3203, 2029, 3607, 3002, 4818, 130, 3381, 3846, 4011, 2056, 1458, 1350, 3758, 4947, 5322, 1059, 1556, 864, 3345, 2939, 3659, 1466, 2067, 4380, 2797, 1076, 431, 1740, 2293, 3737, 1952, 3664, 2632, 1656, 3790, 5410, 4058, 1211, 3445, 4428, 1109, 45, 2456, 2489, 4512, 3275, 3214, 4757, 239, 5109, 2555, 3958, 3740, 1644, 4596, 2331, 3316, 5007, 3371, 3656, 4028, 635, 1926, 995, 5012, 128, 3876, 2063, 758, 3815, 2641, 2374, 3138, 4190, 1850, 954, 4179, 5049, 2669, 3355, 1960, 2016, 2620, 4538, 4407, 5126, 3167, 5169, 403, 811, 65, 121, 968, 1332, 1816, 4324, 4062, 4576, 590, 4201, 3424, 159, 2950, 281, 4615, 2812, 1686, 3514, 2890, 2509, 411, 2992, 149, 3407, 1074, 2071, 1193, 237, 3770, 1809, 4245, 979, 3469, 5231, 4183, 4837, 4502]",1,500,5,False,500
403,abbreviation,abbre,0,True,True,False,"{2: 108, 1: 104, 5: 89, 4: 74, 3: 118, 0: 7}","[365, 353, 2801, 2313, 4363, 3055, 466, 5179, 4620, 922, 1488, 3354, 1490, 872, 280, 265, 3837, 2759, 5068, 1765, 2589, 1272, 2677, 4079, 926, 4931, 1511, 989, 3357, 999, 2993, 4192, 5431, 5121, 5175, 2470, 2867, 1374, 5434, 4983, 5381, 4304, 3235, 2126, 1748, 3628, 3439, 1615, 5008, 4767, 3479, 862, 3772, 522, 5242, 980, 4258, 3229, 787, 4436, 3886, 4934, 1882, 5154, 3111, 1353, 1329, 299, 1286, 1212, 1588, 4679, 4669, 3495, 1902, 1362, 2606, 5310, 2142, 3632, 1053, 2593, 2740, 2107, 1110, 4029, 5045, 3603, 3962, 2979, 3204, 4830, 774, 3892, 3218, 893, 666, 932, 5118, 1568, 3523, 887, 4114, 3364, 3066, 3312, 2615, 2153, 4142, 5235, 3163, 4793, 1416, 4203, 2523, 238, 1892, 167, 1434, 1240, 3542, 3856, 4008, 390, 1993, 5366, 1494, 5309, 4876, 3467, 4351, 3729, 4213, 1627, 2350, 4418, 1099, 2207, 4350, 4122, 126, 1226, 3346, 485, 461, 4316, 2763, 4212, 538, 2524, 5137, 551, 2803, 2834, 1028, 3465, 4812, 3092, 4874, 3293, 4364, 1540, 4875, 2089, 1533, 3099, 3864, 314, 3853, 5025, 936, 3013, 547, 3527, 1135, 3179, 3708, 1959, 2915, 1442, 3343, 1715, 1172, 621, 5324, 1199, 2218, 5217, 2046, 385, 4953, 4311, 5305, 4496, 4448, 3631, 5176, 528, 806, 832, 4523, 4368, 2061, 3852, 3872, 878, 2944, 3826, 1467, 3920, 2032, 2785, 5312, 850, 4325, 4817, 4528, 4631, 2673, 1419, 4022, 4047, 3515, 1333, 345, 4140, 1753, 2596, 2459, 3492, 4064, 4012, 5284, 1581, 3747, 488, 4902, 3240, 3231, 4660, 2604, 5345, 4926, 2791, 3896, 1491, 62, 5174, 1469, 478, 839, 3052, 5062, 2006, 892, 5043, 3783, 340, 2905, 2423, 3993, 145, 1939, 472, 2728, 1229, 76, 1774, 4168, 646, 3755, 2302, 3833, 2309, 3784, 1300, 4491, 5167, 993, 1136, 4597, 452, 2637, 1828, 1575, 4987, 4857, 33, 5204, 2994, 3956, 3356, 1932, 2, 4439, 3004, 4692, 5417, 2931, 3118, 4801, 2631, 2453, 2649, 4176, 1000, 1371, 959, 4302, 330, 3585, 3258, 4332, 4564, 4725, 4301, 2469, 2933, 955, 3367, 4466, 744, 15, 1582, 2199, 2281, 3882, 4530, 3131, 1808, 3728, 5433, 1145, 2174, 4890, 5229, 1468, 101, 1355, 549, 1262, 1227, 3913, 2762, 5379, 222, 988, 3088, 3480, 1783, 532, 355, 4393, 2369, 5251, 1675, 2025, 2483, 2135, 2924, 665, 1760, 2705, 4338, 2951, 1507, 939, 1243, 1285, 632, 1360, 2827, 624, 3203, 2029, 3607, 3002, 4818, 130, 3381, 3846, 4011, 2056, 1458, 1350, 3758, 4947, 5322, 1059, 1556, 864, 3345, 2939, 3659, 1466, 2067, 4380, 2797, 1076, 431, 1740, 2293, 3737, 1952, 3664, 2632, 1656, 3790, 5410, 4058, 1211, 3445, 4428, 1109, 45, 2456, 2489, 4512, 3275, 3214, 4757, 239, 5109, 2555, 3958, 3740, 1644, 4596, 2331, 3316, 5007, 3371, 3656, 4028, 635, 1926, 995, 5012, 128, 3876, 2063, 758, 3815, 2641, 2374, 3138, 4190, 1850, 954, 4179, 5049, 2669, 3355, 1960, 2016, 2620, 4538, 4407, 5126, 3167, 5169, 403, 811, 65, 121, 968, 1332, 1816, 4324, 4062, 4576, 590, 4201, 3424, 159, 2950, 281, 4615, 2812, 1686, 3514, 2890, 2509, 411, 2992, 149, 3407, 1074, 2071, 1193, 237, 3770, 1809, 4245, 979, 3469, 5231, 4183, 4837, 4502]",403,500,5,False,500
316,human,human,3,True,True,True,"{2: 108, 1: 104, 5: 89, 4: 74, 3: 118, 0: 7}","[365, 353, 2801, 2313, 4363, 3055, 466, 5179, 4620, 922, 1488, 3354, 1490, 872, 280, 265, 3837, 2759, 5068, 1765, 2589, 1272, 2677, 4079, 926, 4931, 1511, 989, 3357, 999, 2993, 4192, 5431, 5121, 5175, 2470, 2867, 1374, 5434, 4983, 5381, 4304, 3235, 2126, 1748, 3628, 3439, 1615, 5008, 4767, 3479, 862, 3772, 522, 5242, 980, 4258, 3229, 787, 4436, 3886, 4934, 1882, 5154, 3111, 1353, 1329, 299, 1286, 1212, 1588, 4679, 4669, 3495, 1902, 1362, 2606, 5310, 2142, 3632, 1053, 2593, 2740, 2107, 1110, 4029, 5045, 3603, 3962, 2979, 3204, 4830, 774, 3892, 3218, 893, 666, 932, 5118, 1568, 3523, 887, 4114, 3364, 3066, 3312, 2615, 2153, 4142, 5235, 3163, 4793, 1416, 4203, 2523, 238, 1892, 167, 1434, 1240, 3542, 3856, 4008, 390, 1993, 5366, 1494, 5309, 4876, 3467, 4351, 3729, 4213, 1627, 2350, 4418, 1099, 2207, 4350, 4122, 126, 1226, 3346, 485, 461, 4316, 2763, 4212, 538, 2524, 5137, 551, 2803, 2834, 1028, 3465, 4812, 3092, 4874, 3293, 4364, 1540, 4875, 2089, 1533, 3099, 3864, 314, 3853, 5025, 936, 3013, 547, 3527, 1135, 3179, 3708, 1959, 2915, 1442, 3343, 1715, 1172, 621, 5324, 1199, 2218, 5217, 2046, 385, 4953, 4311, 5305, 4496, 4448, 3631, 5176, 528, 806, 832, 4523, 4368, 2061, 3852, 3872, 878, 2944, 3826, 1467, 3920, 2032, 2785, 5312, 850, 4325, 4817, 4528, 4631, 2673, 1419, 4022, 4047, 3515, 1333, 345, 4140, 1753, 2596, 2459, 3492, 4064, 4012, 5284, 1581, 3747, 488, 4902, 3240, 3231, 4660, 2604, 5345, 4926, 2791, 3896, 1491, 62, 5174, 1469, 478, 839, 3052, 5062, 2006, 892, 5043, 3783, 340, 2905, 2423, 3993, 145, 1939, 472, 2728, 1229, 76, 1774, 4168, 646, 3755, 2302, 3833, 2309, 3784, 1300, 4491, 5167, 993, 1136, 4597, 452, 2637, 1828, 1575, 4987, 4857, 33, 5204, 2994, 3956, 3356, 1932, 2, 4439, 3004, 4692, 5417, 2931, 3118, 4801, 2631, 2453, 2649, 4176, 1000, 1371, 959, 4302, 330, 3585, 3258, 4332, 4564, 4725, 4301, 2469, 2933, 955, 3367, 4466, 744, 15, 1582, 2199, 2281, 3882, 4530, 3131, 1808, 3728, 5433, 1145, 2174, 4890, 5229, 1468, 101, 1355, 549, 1262, 1227, 3913, 2762, 5379, 222, 988, 3088, 3480, 1783, 532, 355, 4393, 2369, 5251, 1675, 2025, 2483, 2135, 2924, 665, 1760, 2705, 4338, 2951, 1507, 939, 1243, 1285, 632, 1360, 2827, 624, 3203, 2029, 3607, 3002, 4818, 130, 3381, 3846, 4011, 2056, 1458, 1350, 3758, 4947, 5322, 1059, 1556, 864, 3345, 2939, 3659, 1466, 2067, 4380, 2797, 1076, 431, 1740, 2293, 3737, 1952, 3664, 2632, 1656, 3790, 5410, 4058, 1211, 3445, 4428, 1109, 45, 2456, 2489, 4512, 3275, 3214, 4757, 239, 5109, 2555, 3958, 3740, 1644, 4596, 2331, 3316, 5007, 3371, 3656, 4028, 635, 1926, 995, 5012, 128, 3876, 2063, 758, 3815, 2641, 2374, 3138, 4190, 1850, 954, 4179, 5049, 2669, 3355, 1960, 2016, 2620, 4538, 4407, 5126, 3167, 5169, 403, 811, 65, 121, 968, 1332, 1816, 4324, 4062, 4576, 590, 4201, 3424, 159, 2950, 281, 4615, 2812, 1686, 3514, 2890, 2509, 411, 2992, 149, 3407, 1074, 2071, 1193, 237, 3770, 1809, 4245, 979, 3469, 5231, 4183, 4837, 4502]",316,500,5,False,500
115,human,human,3,True,True,True,"{2: 108, 1: 104, 5: 89, 4: 74, 3: 118, 0: 7}","[365, 353, 2801, 2313, 4363, 3055, 466, 5179, 4620, 922, 1488, 3354, 1490, 872, 280, 265, 3837, 2759, 5068, 1765, 2589, 1272, 2677, 4079, 926, 4931, 1511, 989, 3357, 999, 2993, 4192, 5431, 5121, 5175, 2470, 2867, 1374, 5434, 4983, 5381, 4304, 3235, 2126, 1748, 3628, 3439, 1615, 5008, 4767, 3479, 862, 3772, 522, 5242, 980, 4258, 3229, 787, 4436, 3886, 4934, 1882, 5154, 3111, 1353, 1329, 299, 1286, 1212, 1588, 4679, 4669, 3495, 1902, 1362, 2606, 5310, 2142, 3632, 1053, 2593, 2740, 2107, 1110, 4029, 5045, 3603, 3962, 2979, 3204, 4830, 774, 3892, 3218, 893, 666, 932, 5118, 1568, 3523, 887, 4114, 3364, 3066, 3312, 2615, 2153, 4142, 5235, 3163, 4793, 1416, 4203, 2523, 238, 1892, 167, 1434, 1240, 3542, 3856, 4008, 390, 1993, 5366, 1494, 5309, 4876, 3467, 4351, 3729, 4213, 1627, 2350, 4418, 1099, 2207, 4350, 4122, 126, 1226, 3346, 485, 461, 4316, 2763, 4212, 538, 2524, 5137, 551, 2803, 2834, 1028, 3465, 4812, 3092, 4874, 3293, 4364, 1540, 4875, 2089, 1533, 3099, 3864, 314, 3853, 5025, 936, 3013, 547, 3527, 1135, 3179, 3708, 1959, 2915, 1442, 3343, 1715, 1172, 621, 5324, 1199, 2218, 5217, 2046, 385, 4953, 4311, 5305, 4496, 4448, 3631, 5176, 528, 806, 832, 4523, 4368, 2061, 3852, 3872, 878, 2944, 3826, 1467, 3920, 2032, 2785, 5312, 850, 4325, 4817, 4528, 4631, 2673, 1419, 4022, 4047, 3515, 1333, 345, 4140, 1753, 2596, 2459, 3492, 4064, 4012, 5284, 1581, 3747, 488, 4902, 3240, 3231, 4660, 2604, 5345, 4926, 2791, 3896, 1491, 62, 5174, 1469, 478, 839, 3052, 5062, 2006, 892, 5043, 3783, 340, 2905, 2423, 3993, 145, 1939, 472, 2728, 1229, 76, 1774, 4168, 646, 3755, 2302, 3833, 2309, 3784, 1300, 4491, 5167, 993, 1136, 4597, 452, 2637, 1828, 1575, 4987, 4857, 33, 5204, 2994, 3956, 3356, 1932, 2, 4439, 3004, 4692, 5417, 2931, 3118, 4801, 2631, 2453, 2649, 4176, 1000, 1371, 959, 4302, 330, 3585, 3258, 4332, 4564, 4725, 4301, 2469, 2933, 955, 3367, 4466, 744, 15, 1582, 2199, 2281, 3882, 4530, 3131, 1808, 3728, 5433, 1145, 2174, 4890, 5229, 1468, 101, 1355, 549, 1262, 1227, 3913, 2762, 5379, 222, 988, 3088, 3480, 1783, 532, 355, 4393, 2369, 5251, 1675, 2025, 2483, 2135, 2924, 665, 1760, 2705, 4338, 2951, 1507, 939, 1243, 1285, 632, 1360, 2827, 624, 3203, 2029, 3607, 3002, 4818, 130, 3381, 3846, 4011, 2056, 1458, 1350, 3758, 4947, 5322, 1059, 1556, 864, 3345, 2939, 3659, 1466, 2067, 4380, 2797, 1076, 431, 1740, 2293, 3737, 1952, 3664, 2632, 1656, 3790, 5410, 4058, 1211, 3445, 4428, 1109, 45, 2456, 2489, 4512, 3275, 3214, 4757, 239, 5109, 2555, 3958, 3740, 1644, 4596, 2331, 3316, 5007, 3371, 3656, 4028, 635, 1926, 995, 5012, 128, 3876, 2063, 758, 3815, 2641, 2374, 3138, 4190, 1850, 954, 4179, 5049, 2669, 3355, 1960, 2016, 2620, 4538, 4407, 5126, 3167, 5169, 403, 811, 65, 121, 968, 1332, 1816, 4324, 4062, 4576, 590, 4201, 3424, 159, 2950, 281, 4615, 2812, 1686, 3514, 2890, 2509, 411, 2992, 149, 3407, 1074, 2071, 1193, 237, 3770, 1809, 4245, 979, 3469, 5231, 4183, 4837, 4502]",115,500,5,False,500
356,numeric,numeric,5,True,True,True,"{2: 108, 1: 104, 5: 89, 4: 74, 3: 118, 0: 7}","[365, 353, 2801, 2313, 4363, 3055, 466, 5179, 4620, 922, 1488, 3354, 1490, 872, 280, 265, 3837, 2759, 5068, 1765, 2589, 1272, 2677, 4079, 926, 4931, 1511, 989, 3357, 999, 2993, 4192, 5431, 5121, 5175, 2470, 2867, 1374, 5434, 4983, 5381, 4304, 3235, 2126, 1748, 3628, 3439, 1615, 5008, 4767, 3479, 862, 3772, 522, 5242, 980, 4258, 3229, 787, 4436, 3886, 4934, 1882, 5154, 3111, 1353, 1329, 299, 1286, 1212, 1588, 4679, 4669, 3495, 1902, 1362, 2606, 5310, 2142, 3632, 1053, 2593, 2740, 2107, 1110, 4029, 5045, 3603, 3962, 2979, 3204, 4830, 774, 3892, 3218, 893, 666, 932, 5118, 1568, 3523, 887, 4114, 3364, 3066, 3312, 2615, 2153, 4142, 5235, 3163, 4793, 1416, 4203, 2523, 238, 1892, 167, 1434, 1240, 3542, 3856, 4008, 390, 1993, 5366, 1494, 5309, 4876, 3467, 4351, 3729, 4213, 1627, 2350, 4418, 1099, 2207, 4350, 4122, 126, 1226, 3346, 485, 461, 4316, 2763, 4212, 538, 2524, 5137, 551, 2803, 2834, 1028, 3465, 4812, 3092, 4874, 3293, 4364, 1540, 4875, 2089, 1533, 3099, 3864, 314, 3853, 5025, 936, 3013, 547, 3527, 1135, 3179, 3708, 1959, 2915, 1442, 3343, 1715, 1172, 621, 5324, 1199, 2218, 5217, 2046, 385, 4953, 4311, 5305, 4496, 4448, 3631, 5176, 528, 806, 832, 4523, 4368, 2061, 3852, 3872, 878, 2944, 3826, 1467, 3920, 2032, 2785, 5312, 850, 4325, 4817, 4528, 4631, 2673, 1419, 4022, 4047, 3515, 1333, 345, 4140, 1753, 2596, 2459, 3492, 4064, 4012, 5284, 1581, 3747, 488, 4902, 3240, 3231, 4660, 2604, 5345, 4926, 2791, 3896, 1491, 62, 5174, 1469, 478, 839, 3052, 5062, 2006, 892, 5043, 3783, 340, 2905, 2423, 3993, 145, 1939, 472, 2728, 1229, 76, 1774, 4168, 646, 3755, 2302, 3833, 2309, 3784, 1300, 4491, 5167, 993, 1136, 4597, 452, 2637, 1828, 1575, 4987, 4857, 33, 5204, 2994, 3956, 3356, 1932, 2, 4439, 3004, 4692, 5417, 2931, 3118, 4801, 2631, 2453, 2649, 4176, 1000, 1371, 959, 4302, 330, 3585, 3258, 4332, 4564, 4725, 4301, 2469, 2933, 955, 3367, 4466, 744, 15, 1582, 2199, 2281, 3882, 4530, 3131, 1808, 3728, 5433, 1145, 2174, 4890, 5229, 1468, 101, 1355, 549, 1262, 1227, 3913, 2762, 5379, 222, 988, 3088, 3480, 1783, 532, 355, 4393, 2369, 5251, 1675, 2025, 2483, 2135, 2924, 665, 1760, 2705, 4338, 2951, 1507, 939, 1243, 1285, 632, 1360, 2827, 624, 3203, 2029, 3607, 3002, 4818, 130, 3381, 3846, 4011, 2056, 1458, 1350, 3758, 4947, 5322, 1059, 1556, 864, 3345, 2939, 3659, 1466, 2067, 4380, 2797, 1076, 431, 1740, 2293, 3737, 1952, 3664, 2632, 1656, 3790, 5410, 4058, 1211, 3445, 4428, 1109, 45, 2456, 2489, 4512, 3275, 3214, 4757, 239, 5109, 2555, 3958, 3740, 1644, 4596, 2331, 3316, 5007, 3371, 3656, 4028, 635, 1926, 995, 5012, 128, 3876, 2063, 758, 3815, 2641, 2374, 3138, 4190, 1850, 954, 4179, 5049, 2669, 3355, 1960, 2016, 2620, 4538, 4407, 5126, 3167, 5169, 403, 811, 65, 121, 968, 1332, 1816, 4324, 4062, 4576, 590, 4201, 3424, 159, 2950, 281, 4615, 2812, 1686, 3514, 2890, 2509, 411, 2992, 149, 3407, 1074, 2071, 1193, 237, 3770, 1809, 4245, 979, 3469, 5231, 4183, 4837, 4502]",356,500,5,False,500
341,numeric,entity,1,True,False,True,"{2: 108, 1: 104, 5: 89, 4: 74, 3: 118, 0: 7}","[365, 353, 2801, 2313, 4363, 3055, 466, 5179, 4620, 922, 1488, 3354, 1490, 872, 280, 265, 3837, 2759, 5068, 1765, 2589, 1272, 2677, 4079, 926, 4931, 1511, 989, 3357, 999, 2993, 4192, 5431, 5121, 5175, 2470, 2867, 1374, 5434, 4983, 5381, 4304, 3235, 2126, 1748, 3628, 3439, 1615, 5008, 4767, 3479, 862, 3772, 522, 5242, 980, 4258, 3229, 787, 4436, 3886, 4934, 1882, 5154, 3111, 1353, 1329, 299, 1286, 1212, 1588, 4679, 4669, 3495, 1902, 1362, 2606, 5310, 2142, 3632, 1053, 2593, 2740, 2107, 1110, 4029, 5045, 3603, 3962, 2979, 3204, 4830, 774, 3892, 3218, 893, 666, 932, 5118, 1568, 3523, 887, 4114, 3364, 3066, 3312, 2615, 2153, 4142, 5235, 3163, 4793, 1416, 4203, 2523, 238, 1892, 167, 1434, 1240, 3542, 3856, 4008, 390, 1993, 5366, 1494, 5309, 4876, 3467, 4351, 3729, 4213, 1627, 2350, 4418, 1099, 2207, 4350, 4122, 126, 1226, 3346, 485, 461, 4316, 2763, 4212, 538, 2524, 5137, 551, 2803, 2834, 1028, 3465, 4812, 3092, 4874, 3293, 4364, 1540, 4875, 2089, 1533, 3099, 3864, 314, 3853, 5025, 936, 3013, 547, 3527, 1135, 3179, 3708, 1959, 2915, 1442, 3343, 1715, 1172, 621, 5324, 1199, 2218, 5217, 2046, 385, 4953, 4311, 5305, 4496, 4448, 3631, 5176, 528, 806, 832, 4523, 4368, 2061, 3852, 3872, 878, 2944, 3826, 1467, 3920, 2032, 2785, 5312, 850, 4325, 4817, 4528, 4631, 2673, 1419, 4022, 4047, 3515, 1333, 345, 4140, 1753, 2596, 2459, 3492, 4064, 4012, 5284, 1581, 3747, 488, 4902, 3240, 3231, 4660, 2604, 5345, 4926, 2791, 3896, 1491, 62, 5174, 1469, 478, 839, 3052, 5062, 2006, 892, 5043, 3783, 340, 2905, 2423, 3993, 145, 1939, 472, 2728, 1229, 76, 1774, 4168, 646, 3755, 2302, 3833, 2309, 3784, 1300, 4491, 5167, 993, 1136, 4597, 452, 2637, 1828, 1575, 4987, 4857, 33, 5204, 2994, 3956, 3356, 1932, 2, 4439, 3004, 4692, 5417, 2931, 3118, 4801, 2631, 2453, 2649, 4176, 1000, 1371, 959, 4302, 330, 3585, 3258, 4332, 4564, 4725, 4301, 2469, 2933, 955, 3367, 4466, 744, 15, 1582, 2199, 2281, 3882, 4530, 3131, 1808, 3728, 5433, 1145, 2174, 4890, 5229, 1468, 101, 1355, 549, 1262, 1227, 3913, 2762, 5379, 222, 988, 3088, 3480, 1783, 532, 355, 4393, 2369, 5251, 1675, 2025, 2483, 2135, 2924, 665, 1760, 2705, 4338, 2951, 1507, 939, 1243, 1285, 632, 1360, 2827, 624, 3203, 2029, 3607, 3002, 4818, 130, 3381, 3846, 4011, 2056, 1458, 1350, 3758, 4947, 5322, 1059, 1556, 864, 3345, 2939, 3659, 1466, 2067, 4380, 2797, 1076, 431, 1740, 2293, 3737, 1952, 3664, 2632, 1656, 3790, 5410, 4058, 1211, 3445, 4428, 1109, 45, 2456, 2489, 4512, 3275, 3214, 4757, 239, 5109, 2555, 3958, 3740, 1644, 4596, 2331, 3316, 5007, 3371, 3656, 4028, 635, 1926, 995, 5012, 128, 3876, 2063, 758, 3815, 2641, 2374, 3138, 4190, 1850, 954, 4179, 5049, 2669, 3355, 1960, 2016, 2620, 4538, 4407, 5126, 3167, 5169, 403, 811, 65, 121, 968, 1332, 1816, 4324, 4062, 4576, 590, 4201, 3424, 159, 2950, 281, 4615, 2812, 1686, 3514, 2890, 2509, 411, 2992, 149, 3407, 1074, 2071, 1193, 237, 3770, 1809, 4245, 979, 3469, 5231, 4183, 4837, 4502]",341,500,5,False,500
13,human,human,3,True,True,True,"{2: 108, 1: 104, 5: 89, 4: 74, 3: 118, 0: 7}","[365, 353, 2801, 2313, 4363, 3055, 466, 5179, 4620, 922, 1488, 3354, 1490, 872, 280, 265, 3837, 2759, 5068, 1765, 2589, 1272, 2677, 4079, 926, 4931, 1511, 989, 3357, 999, 2993, 4192, 5431, 5121, 5175, 2470, 2867, 1374, 5434, 4983, 5381, 4304, 3235, 2126, 1748, 3628, 3439, 1615, 5008, 4767, 3479, 862, 3772, 522, 5242, 980, 4258, 3229, 787, 4436, 3886, 4934, 1882, 5154, 3111, 1353, 1329, 299, 1286, 1212, 1588, 4679, 4669, 3495, 1902, 1362, 2606, 5310, 2142, 3632, 1053, 2593, 2740, 2107, 1110, 4029, 5045, 3603, 3962, 2979, 3204, 4830, 774, 3892, 3218, 893, 666, 932, 5118, 1568, 3523, 887, 4114, 3364, 3066, 3312, 2615, 2153, 4142, 5235, 3163, 4793, 1416, 4203, 2523, 238, 1892, 167, 1434, 1240, 3542, 3856, 4008, 390, 1993, 5366, 1494, 5309, 4876, 3467, 4351, 3729, 4213, 1627, 2350, 4418, 1099, 2207, 4350, 4122, 126, 1226, 3346, 485, 461, 4316, 2763, 4212, 538, 2524, 5137, 551, 2803, 2834, 1028, 3465, 4812, 3092, 4874, 3293, 4364, 1540, 4875, 2089, 1533, 3099, 3864, 314, 3853, 5025, 936, 3013, 547, 3527, 1135, 3179, 3708, 1959, 2915, 1442, 3343, 1715, 1172, 621, 5324, 1199, 2218, 5217, 2046, 385, 4953, 4311, 5305, 4496, 4448, 3631, 5176, 528, 806, 832, 4523, 4368, 2061, 3852, 3872, 878, 2944, 3826, 1467, 3920, 2032, 2785, 5312, 850, 4325, 4817, 4528, 4631, 2673, 1419, 4022, 4047, 3515, 1333, 345, 4140, 1753, 2596, 2459, 3492, 4064, 4012, 5284, 1581, 3747, 488, 4902, 3240, 3231, 4660, 2604, 5345, 4926, 2791, 3896, 1491, 62, 5174, 1469, 478, 839, 3052, 5062, 2006, 892, 5043, 3783, 340, 2905, 2423, 3993, 145, 1939, 472, 2728, 1229, 76, 1774, 4168, 646, 3755, 2302, 3833, 2309, 3784, 1300, 4491, 5167, 993, 1136, 4597, 452, 2637, 1828, 1575, 4987, 4857, 33, 5204, 2994, 3956, 3356, 1932, 2, 4439, 3004, 4692, 5417, 2931, 3118, 4801, 2631, 2453, 2649, 4176, 1000, 1371, 959, 4302, 330, 3585, 3258, 4332, 4564, 4725, 4301, 2469, 2933, 955, 3367, 4466, 744, 15, 1582, 2199, 2281, 3882, 4530, 3131, 1808, 3728, 5433, 1145, 2174, 4890, 5229, 1468, 101, 1355, 549, 1262, 1227, 3913, 2762, 5379, 222, 988, 3088, 3480, 1783, 532, 355, 4393, 2369, 5251, 1675, 2025, 2483, 2135, 2924, 665, 1760, 2705, 4338, 2951, 1507, 939, 1243, 1285, 632, 1360, 2827, 624, 3203, 2029, 3607, 3002, 4818, 130, 3381, 3846, 4011, 2056, 1458, 1350, 3758, 4947, 5322, 1059, 1556, 864, 3345, 2939, 3659, 1466, 2067, 4380, 2797, 1076, 431, 1740, 2293, 3737, 1952, 3664, 2632, 1656, 3790, 5410, 4058, 1211, 3445, 4428, 1109, 45, 2456, 2489, 4512, 3275, 3214, 4757, 239, 5109, 2555, 3958, 3740, 1644, 4596, 2331, 3316, 5007, 3371, 3656, 4028, 635, 1926, 995, 5012, 128, 3876, 2063, 758, 3815, 2641, 2374, 3138, 4190, 1850, 954, 4179, 5049, 2669, 3355, 1960, 2016, 2620, 4538, 4407, 5126, 3167, 5169, 403, 811, 65, 121, 968, 1332, 1816, 4324, 4062, 4576, 590, 4201, 3424, 159, 2950, 281, 4615, 2812, 1686, 3514, 2890, 2509, 411, 2992, 149, 3407, 1074, 2071, 1193, 237, 3770, 1809, 4245, 979, 3469, 5231, 4183, 4837, 4502]",13,500,5,False,500
465,numeric,entity,1,True,False,True,"{2: 108, 1: 104, 5: 89, 4: 74, 3: 118, 0: 7}","[365, 353, 2801, 2313, 4363, 3055, 466, 5179, 4620, 922, 1488, 3354, 1490, 872, 280, 265, 3837, 2759, 5068, 1765, 2589, 1272, 2677, 4079, 926, 4931, 1511, 989, 3357, 999, 2993, 4192, 5431, 5121, 5175, 2470, 2867, 1374, 5434, 4983, 5381, 4304, 3235, 2126, 1748, 3628, 3439, 1615, 5008, 4767, 3479, 862, 3772, 522, 5242, 980, 4258, 3229, 787, 4436, 3886, 4934, 1882, 5154, 3111, 1353, 1329, 299, 1286, 1212, 1588, 4679, 4669, 3495, 1902, 1362, 2606, 5310, 2142, 3632, 1053, 2593, 2740, 2107, 1110, 4029, 5045, 3603, 3962, 2979, 3204, 4830, 774, 3892, 3218, 893, 666, 932, 5118, 1568, 3523, 887, 4114, 3364, 3066, 3312, 2615, 2153, 4142, 5235, 3163, 4793, 1416, 4203, 2523, 238, 1892, 167, 1434, 1240, 3542, 3856, 4008, 390, 1993, 5366, 1494, 5309, 4876, 3467, 4351, 3729, 4213, 1627, 2350, 4418, 1099, 2207, 4350, 4122, 126, 1226, 3346, 485, 461, 4316, 2763, 4212, 538, 2524, 5137, 551, 2803, 2834, 1028, 3465, 4812, 3092, 4874, 3293, 4364, 1540, 4875, 2089, 1533, 3099, 3864, 314, 3853, 5025, 936, 3013, 547, 3527, 1135, 3179, 3708, 1959, 2915, 1442, 3343, 1715, 1172, 621, 5324, 1199, 2218, 5217, 2046, 385, 4953, 4311, 5305, 4496, 4448, 3631, 5176, 528, 806, 832, 4523, 4368, 2061, 3852, 3872, 878, 2944, 3826, 1467, 3920, 2032, 2785, 5312, 850, 4325, 4817, 4528, 4631, 2673, 1419, 4022, 4047, 3515, 1333, 345, 4140, 1753, 2596, 2459, 3492, 4064, 4012, 5284, 1581, 3747, 488, 4902, 3240, 3231, 4660, 2604, 5345, 4926, 2791, 3896, 1491, 62, 5174, 1469, 478, 839, 3052, 5062, 2006, 892, 5043, 3783, 340, 2905, 2423, 3993, 145, 1939, 472, 2728, 1229, 76, 1774, 4168, 646, 3755, 2302, 3833, 2309, 3784, 1300, 4491, 5167, 993, 1136, 4597, 452, 2637, 1828, 1575, 4987, 4857, 33, 5204, 2994, 3956, 3356, 1932, 2, 4439, 3004, 4692, 5417, 2931, 3118, 4801, 2631, 2453, 2649, 4176, 1000, 1371, 959, 4302, 330, 3585, 3258, 4332, 4564, 4725, 4301, 2469, 2933, 955, 3367, 4466, 744, 15, 1582, 2199, 2281, 3882, 4530, 3131, 1808, 3728, 5433, 1145, 2174, 4890, 5229, 1468, 101, 1355, 549, 1262, 1227, 3913, 2762, 5379, 222, 988, 3088, 3480, 1783, 532, 355, 4393, 2369, 5251, 1675, 2025, 2483, 2135, 2924, 665, 1760, 2705, 4338, 2951, 1507, 939, 1243, 1285, 632, 1360, 2827, 624, 3203, 2029, 3607, 3002, 4818, 130, 3381, 3846, 4011, 2056, 1458, 1350, 3758, 4947, 5322, 1059, 1556, 864, 3345, 2939, 3659, 1466, 2067, 4380, 2797, 1076, 431, 1740, 2293, 3737, 1952, 3664, 2632, 1656, 3790, 5410, 4058, 1211, 3445, 4428, 1109, 45, 2456, 2489, 4512, 3275, 3214, 4757, 239, 5109, 2555, 3958, 3740, 1644, 4596, 2331, 3316, 5007, 3371, 3656, 4028, 635, 1926, 995, 5012, 128, 3876, 2063, 758, 3815, 2641, 2374, 3138, 4190, 1850, 954, 4179, 5049, 2669, 3355, 1960, 2016, 2620, 4538, 4407, 5126, 3167, 5169, 403, 811, 65, 121, 968, 1332, 1816, 4324, 4062, 4576, 590, 4201, 3424, 159, 2950, 281, 4615, 2812, 1686, 3514, 2890, 2509, 411, 2992, 149, 3407, 1074, 2071, 1193, 237, 3770, 1809, 4245, 979, 3469, 5231, 4183, 4837, 4502]",465,500,5,False,500
133,numeric,entity,1,True,False,True,"{2: 108, 1: 104, 5: 89, 4: 74, 3: 118, 0: 7}","[365, 353, 2801, 2313, 4363, 3055, 466, 5179, 4620, 922, 1488, 3354, 1490, 872, 280, 265, 3837, 2759, 5068, 1765, 2589, 1272, 2677, 4079, 926, 4931, 1511, 989, 3357, 999, 2993, 4192, 5431, 5121, 5175, 2470, 2867, 1374, 5434, 4983, 5381, 4304, 3235, 2126, 1748, 3628, 3439, 1615, 5008, 4767, 3479, 862, 3772, 522, 5242, 980, 4258, 3229, 787, 4436, 3886, 4934, 1882, 5154, 3111, 1353, 1329, 299, 1286, 1212, 1588, 4679, 4669, 3495, 1902, 1362, 2606, 5310, 2142, 3632, 1053, 2593, 2740, 2107, 1110, 4029, 5045, 3603, 3962, 2979, 3204, 4830, 774, 3892, 3218, 893, 666, 932, 5118, 1568, 3523, 887, 4114, 3364, 3066, 3312, 2615, 2153, 4142, 5235, 3163, 4793, 1416, 4203, 2523, 238, 1892, 167, 1434, 1240, 3542, 3856, 4008, 390, 1993, 5366, 1494, 5309, 4876, 3467, 4351, 3729, 4213, 1627, 2350, 4418, 1099, 2207, 4350, 4122, 126, 1226, 3346, 485, 461, 4316, 2763, 4212, 538, 2524, 5137, 551, 2803, 2834, 1028, 3465, 4812, 3092, 4874, 3293, 4364, 1540, 4875, 2089, 1533, 3099, 3864, 314, 3853, 5025, 936, 3013, 547, 3527, 1135, 3179, 3708, 1959, 2915, 1442, 3343, 1715, 1172, 621, 5324, 1199, 2218, 5217, 2046, 385, 4953, 4311, 5305, 4496, 4448, 3631, 5176, 528, 806, 832, 4523, 4368, 2061, 3852, 3872, 878, 2944, 3826, 1467, 3920, 2032, 2785, 5312, 850, 4325, 4817, 4528, 4631, 2673, 1419, 4022, 4047, 3515, 1333, 345, 4140, 1753, 2596, 2459, 3492, 4064, 4012, 5284, 1581, 3747, 488, 4902, 3240, 3231, 4660, 2604, 5345, 4926, 2791, 3896, 1491, 62, 5174, 1469, 478, 839, 3052, 5062, 2006, 892, 5043, 3783, 340, 2905, 2423, 3993, 145, 1939, 472, 2728, 1229, 76, 1774, 4168, 646, 3755, 2302, 3833, 2309, 3784, 1300, 4491, 5167, 993, 1136, 4597, 452, 2637, 1828, 1575, 4987, 4857, 33, 5204, 2994, 3956, 3356, 1932, 2, 4439, 3004, 4692, 5417, 2931, 3118, 4801, 2631, 2453, 2649, 4176, 1000, 1371, 959, 4302, 330, 3585, 3258, 4332, 4564, 4725, 4301, 2469, 2933, 955, 3367, 4466, 744, 15, 1582, 2199, 2281, 3882, 4530, 3131, 1808, 3728, 5433, 1145, 2174, 4890, 5229, 1468, 101, 1355, 549, 1262, 1227, 3913, 2762, 5379, 222, 988, 3088, 3480, 1783, 532, 355, 4393, 2369, 5251, 1675, 2025, 2483, 2135, 2924, 665, 1760, 2705, 4338, 2951, 1507, 939, 1243, 1285, 632, 1360, 2827, 624, 3203, 2029, 3607, 3002, 4818, 130, 3381, 3846, 4011, 2056, 1458, 1350, 3758, 4947, 5322, 1059, 1556, 864, 3345, 2939, 3659, 1466, 2067, 4380, 2797, 1076, 431, 1740, 2293, 3737, 1952, 3664, 2632, 1656, 3790, 5410, 4058, 1211, 3445, 4428, 1109, 45, 2456, 2489, 4512, 3275, 3214, 4757, 239, 5109, 2555, 3958, 3740, 1644, 4596, 2331, 3316, 5007, 3371, 3656, 4028, 635, 1926, 995, 5012, 128, 3876, 2063, 758, 3815, 2641, 2374, 3138, 4190, 1850, 954, 4179, 5049, 2669, 3355, 1960, 2016, 2620, 4538, 4407, 5126, 3167, 5169, 403, 811, 65, 121, 968, 1332, 1816, 4324, 4062, 4576, 590, 4201, 3424, 159, 2950, 281, 4615, 2812, 1686, 3514, 2890, 2509, 411, 2992, 149, 3407, 1074, 2071, 1193, 237, 3770, 1809, 4245, 979, 3469, 5231, 4183, 4837, 4502]",133,500,5,False,500
392,entity,entity,1,True,True,True,"{2: 108, 1: 104, 5: 89, 4: 74, 3: 118, 0: 7}","[365, 353, 2801, 2313, 4363, 3055, 466, 5179, 4620, 922, 1488, 3354, 1490, 872, 280, 265, 3837, 2759, 5068, 1765, 2589, 1272, 2677, 4079, 926, 4931, 1511, 989, 3357, 999, 2993, 4192, 5431, 5121, 5175, 2470, 2867, 1374, 5434, 4983, 5381, 4304, 3235, 2126, 1748, 3628, 3439, 1615, 5008, 4767, 3479, 862, 3772, 522, 5242, 980, 4258, 3229, 787, 4436, 3886, 4934, 1882, 5154, 3111, 1353, 1329, 299, 1286, 1212, 1588, 4679, 4669, 3495, 1902, 1362, 2606, 5310, 2142, 3632, 1053, 2593, 2740, 2107, 1110, 4029, 5045, 3603, 3962, 2979, 3204, 4830, 774, 3892, 3218, 893, 666, 932, 5118, 1568, 3523, 887, 4114, 3364, 3066, 3312, 2615, 2153, 4142, 5235, 3163, 4793, 1416, 4203, 2523, 238, 1892, 167, 1434, 1240, 3542, 3856, 4008, 390, 1993, 5366, 1494, 5309, 4876, 3467, 4351, 3729, 4213, 1627, 2350, 4418, 1099, 2207, 4350, 4122, 126, 1226, 3346, 485, 461, 4316, 2763, 4212, 538, 2524, 5137, 551, 2803, 2834, 1028, 3465, 4812, 3092, 4874, 3293, 4364, 1540, 4875, 2089, 1533, 3099, 3864, 314, 3853, 5025, 936, 3013, 547, 3527, 1135, 3179, 3708, 1959, 2915, 1442, 3343, 1715, 1172, 621, 5324, 1199, 2218, 5217, 2046, 385, 4953, 4311, 5305, 4496, 4448, 3631, 5176, 528, 806, 832, 4523, 4368, 2061, 3852, 3872, 878, 2944, 3826, 1467, 3920, 2032, 2785, 5312, 850, 4325, 4817, 4528, 4631, 2673, 1419, 4022, 4047, 3515, 1333, 345, 4140, 1753, 2596, 2459, 3492, 4064, 4012, 5284, 1581, 3747, 488, 4902, 3240, 3231, 4660, 2604, 5345, 4926, 2791, 3896, 1491, 62, 5174, 1469, 478, 839, 3052, 5062, 2006, 892, 5043, 3783, 340, 2905, 2423, 3993, 145, 1939, 472, 2728, 1229, 76, 1774, 4168, 646, 3755, 2302, 3833, 2309, 3784, 1300, 4491, 5167, 993, 1136, 4597, 452, 2637, 1828, 1575, 4987, 4857, 33, 5204, 2994, 3956, 3356, 1932, 2, 4439, 3004, 4692, 5417, 2931, 3118, 4801, 2631, 2453, 2649, 4176, 1000, 1371, 959, 4302, 330, 3585, 3258, 4332, 4564, 4725, 4301, 2469, 2933, 955, 3367, 4466, 744, 15, 1582, 2199, 2281, 3882, 4530, 3131, 1808, 3728, 5433, 1145, 2174, 4890, 5229, 1468, 101, 1355, 549, 1262, 1227, 3913, 2762, 5379, 222, 988, 3088, 3480, 1783, 532, 355, 4393, 2369, 5251, 1675, 2025, 2483, 2135, 2924, 665, 1760, 2705, 4338, 2951, 1507, 939, 1243, 1285, 632, 1360, 2827, 624, 3203, 2029, 3607, 3002, 4818, 130, 3381, 3846, 4011, 2056, 1458, 1350, 3758, 4947, 5322, 1059, 1556, 864, 3345, 2939, 3659, 1466, 2067, 4380, 2797, 1076, 431, 1740, 2293, 3737, 1952, 3664, 2632, 1656, 3790, 5410, 4058, 1211, 3445, 4428, 1109, 45, 2456, 2489, 4512, 3275, 3214, 4757, 239, 5109, 2555, 3958, 3740, 1644, 4596, 2331, 3316, 5007, 3371, 3656, 4028, 635, 1926, 995, 5012, 128, 3876, 2063, 758, 3815, 2641, 2374, 3138, 4190, 1850, 954, 4179, 5049, 2669, 3355, 1960, 2016, 2620, 4538, 4407, 5126, 3167, 5169, 403, 811, 65, 121, 968, 1332, 1816, 4324, 4062, 4576, 590, 4201, 3424, 159, 2950, 281, 4615, 2812, 1686, 3514, 2890, 2509, 411, 2992, 149, 3407, 1074, 2071, 1193, 237, 3770, 1809, 4245, 979, 3469, 5231, 4183, 4837, 4502]",392,500,5,False,500
56,numeric,numeric,5,True,True,True,"{2: 108, 1: 104, 5: 89, 4: 74, 3: 118, 0: 7}","[365, 353, 2801, 2313, 4363, 3055, 466, 5179, 4620, 922, 1488, 3354, 1490, 872, 280, 265, 3837, 2759, 5068, 1765, 2589, 1272, 2677, 4079, 926, 4931, 1511, 989, 3357, 999, 2993, 4192, 5431, 5121, 5175, 2470, 2867, 1374, 5434, 4983, 5381, 4304, 3235, 2126, 1748, 3628, 3439, 1615, 5008, 4767, 3479, 862, 3772, 522, 5242, 980, 4258, 3229, 787, 4436, 3886, 4934, 1882, 5154, 3111, 1353, 1329, 299, 1286, 1212, 1588, 4679, 4669, 3495, 1902, 1362, 2606, 5310, 2142, 3632, 1053, 2593, 2740, 2107, 1110, 4029, 5045, 3603, 3962, 2979, 3204, 4830, 774, 3892, 3218, 893, 666, 932, 5118, 1568, 3523, 887, 4114, 3364, 3066, 3312, 2615, 2153, 4142, 5235, 3163, 4793, 1416, 4203, 2523, 238, 1892, 167, 1434, 1240, 3542, 3856, 4008, 390, 1993, 5366, 1494, 5309, 4876, 3467, 4351, 3729, 4213, 1627, 2350, 4418, 1099, 2207, 4350, 4122, 126, 1226, 3346, 485, 461, 4316, 2763, 4212, 538, 2524, 5137, 551, 2803, 2834, 1028, 3465, 4812, 3092, 4874, 3293, 4364, 1540, 4875, 2089, 1533, 3099, 3864, 314, 3853, 5025, 936, 3013, 547, 3527, 1135, 3179, 3708, 1959, 2915, 1442, 3343, 1715, 1172, 621, 5324, 1199, 2218, 5217, 2046, 385, 4953, 4311, 5305, 4496, 4448, 3631, 5176, 528, 806, 832, 4523, 4368, 2061, 3852, 3872, 878, 2944, 3826, 1467, 3920, 2032, 2785, 5312, 850, 4325, 4817, 4528, 4631, 2673, 1419, 4022, 4047, 3515, 1333, 345, 4140, 1753, 2596, 2459, 3492, 4064, 4012, 5284, 1581, 3747, 488, 4902, 3240, 3231, 4660, 2604, 5345, 4926, 2791, 3896, 1491, 62, 5174, 1469, 478, 839, 3052, 5062, 2006, 892, 5043, 3783, 340, 2905, 2423, 3993, 145, 1939, 472, 2728, 1229, 76, 1774, 4168, 646, 3755, 2302, 3833, 2309, 3784, 1300, 4491, 5167, 993, 1136, 4597, 452, 2637, 1828, 1575, 4987, 4857, 33, 5204, 2994, 3956, 3356, 1932, 2, 4439, 3004, 4692, 5417, 2931, 3118, 4801, 2631, 2453, 2649, 4176, 1000, 1371, 959, 4302, 330, 3585, 3258, 4332, 4564, 4725, 4301, 2469, 2933, 955, 3367, 4466, 744, 15, 1582, 2199, 2281, 3882, 4530, 3131, 1808, 3728, 5433, 1145, 2174, 4890, 5229, 1468, 101, 1355, 549, 1262, 1227, 3913, 2762, 5379, 222, 988, 3088, 3480, 1783, 532, 355, 4393, 2369, 5251, 1675, 2025, 2483, 2135, 2924, 665, 1760, 2705, 4338, 2951, 1507, 939, 1243, 1285, 632, 1360, 2827, 624, 3203, 2029, 3607, 3002, 4818, 130, 3381, 3846, 4011, 2056, 1458, 1350, 3758, 4947, 5322, 1059, 1556, 864, 3345, 2939, 3659, 1466, 2067, 4380, 2797, 1076, 431, 1740, 2293, 3737, 1952, 3664, 2632, 1656, 3790, 5410, 4058, 1211, 3445, 4428, 1109, 45, 2456, 2489, 4512, 3275, 3214, 4757, 239, 5109, 2555, 3958, 3740, 1644, 4596, 2331, 3316, 5007, 3371, 3656, 4028, 635, 1926, 995, 5012, 128, 3876, 2063, 758, 3815, 2641, 2374, 3138, 4190, 1850, 954, 4179, 5049, 2669, 3355, 1960, 2016, 2620, 4538, 4407, 5126, 3167, 5169, 403, 811, 65, 121, 968, 1332, 1816, 4324, 4062, 4576, 590, 4201, 3424, 159, 2950, 281, 4615, 2812, 1686, 3514, 2890, 2509, 411, 2992, 149, 3407, 1074, 2071, 1193, 237, 3770, 1809, 4245, 979, 3469, 5231, 4183, 4837, 4502]",56,500,5,False,500
91,description,description,2,True,True,True,"{2: 108, 1: 104, 5: 89, 4: 74, 3: 118, 0: 7}","[365, 353, 2801, 2313, 4363, 3055, 466, 5179, 4620, 922, 1488, 3354, 1490, 872, 280, 265, 3837, 2759, 5068, 1765, 2589, 1272, 2677, 4079, 926, 4931, 1511, 989, 3357, 999, 2993, 4192, 5431, 5121, 5175, 2470, 2867, 1374, 5434, 4983, 5381, 4304, 3235, 2126, 1748, 3628, 3439, 1615, 5008, 4767, 3479, 862, 3772, 522, 5242, 980, 4258, 3229, 787, 4436, 3886, 4934, 1882, 5154, 3111, 1353, 1329, 299, 1286, 1212, 1588, 4679, 4669, 3495, 1902, 1362, 2606, 5310, 2142, 3632, 1053, 2593, 2740, 2107, 1110, 4029, 5045, 3603, 3962, 2979, 3204, 4830, 774, 3892, 3218, 893, 666, 932, 5118, 1568, 3523, 887, 4114, 3364, 3066, 3312, 2615, 2153, 4142, 5235, 3163, 4793, 1416, 4203, 2523, 238, 1892, 167, 1434, 1240, 3542, 3856, 4008, 390, 1993, 5366, 1494, 5309, 4876, 3467, 4351, 3729, 4213, 1627, 2350, 4418, 1099, 2207, 4350, 4122, 126, 1226, 3346, 485, 461, 4316, 2763, 4212, 538, 2524, 5137, 551, 2803, 2834, 1028, 3465, 4812, 3092, 4874, 3293, 4364, 1540, 4875, 2089, 1533, 3099, 3864, 314, 3853, 5025, 936, 3013, 547, 3527, 1135, 3179, 3708, 1959, 2915, 1442, 3343, 1715, 1172, 621, 5324, 1199, 2218, 5217, 2046, 385, 4953, 4311, 5305, 4496, 4448, 3631, 5176, 528, 806, 832, 4523, 4368, 2061, 3852, 3872, 878, 2944, 3826, 1467, 3920, 2032, 2785, 5312, 850, 4325, 4817, 4528, 4631, 2673, 1419, 4022, 4047, 3515, 1333, 345, 4140, 1753, 2596, 2459, 3492, 4064, 4012, 5284, 1581, 3747, 488, 4902, 3240, 3231, 4660, 2604, 5345, 4926, 2791, 3896, 1491, 62, 5174, 1469, 478, 839, 3052, 5062, 2006, 892, 5043, 3783, 340, 2905, 2423, 3993, 145, 1939, 472, 2728, 1229, 76, 1774, 4168, 646, 3755, 2302, 3833, 2309, 3784, 1300, 4491, 5167, 993, 1136, 4597, 452, 2637, 1828, 1575, 4987, 4857, 33, 5204, 2994, 3956, 3356, 1932, 2, 4439, 3004, 4692, 5417, 2931, 3118, 4801, 2631, 2453, 2649, 4176, 1000, 1371, 959, 4302, 330, 3585, 3258, 4332, 4564, 4725, 4301, 2469, 2933, 955, 3367, 4466, 744, 15, 1582, 2199, 2281, 3882, 4530, 3131, 1808, 3728, 5433, 1145, 2174, 4890, 5229, 1468, 101, 1355, 549, 1262, 1227, 3913, 2762, 5379, 222, 988, 3088, 3480, 1783, 532, 355, 4393, 2369, 5251, 1675, 2025, 2483, 2135, 2924, 665, 1760, 2705, 4338, 2951, 1507, 939, 1243, 1285, 632, 1360, 2827, 624, 3203, 2029, 3607, 3002, 4818, 130, 3381, 3846, 4011, 2056, 1458, 1350, 3758, 4947, 5322, 1059, 1556, 864, 3345, 2939, 3659, 1466, 2067, 4380, 2797, 1076, 431, 1740, 2293, 3737, 1952, 3664, 2632, 1656, 3790, 5410, 4058, 1211, 3445, 4428, 1109, 45, 2456, 2489, 4512, 3275, 3214, 4757, 239, 5109, 2555, 3958, 3740, 1644, 4596, 2331, 3316, 5007, 3371, 3656, 4028, 635, 1926, 995, 5012, 128, 3876, 2063, 758, 3815, 2641, 2374, 3138, 4190, 1850, 954, 4179, 5049, 2669, 3355, 1960, 2016, 2620, 4538, 4407, 5126, 3167, 5169, 403, 811, 65, 121, 968, 1332, 1816, 4324, 4062, 4576, 590, 4201, 3424, 159, 2950, 281, 4615, 2812, 1686, 3514, 2890, 2509, 411, 2992, 149, 3407, 1074, 2071, 1193, 237, 3770, 1809, 4245, 979, 3469, 5231, 4183, 4837, 4502]",91,500,5,False,500
314,numeric,location,4,True,False,True,"{2: 108, 1: 104, 5: 89, 4: 74, 3: 118, 0: 7}","[365, 353, 2801, 2313, 4363, 3055, 466, 5179, 4620, 922, 1488, 3354, 1490, 872, 280, 265, 3837, 2759, 5068, 1765, 2589, 1272, 2677, 4079, 926, 4931, 1511, 989, 3357, 999, 2993, 4192, 5431, 5121, 5175, 2470, 2867, 1374, 5434, 4983, 5381, 4304, 3235, 2126, 1748, 3628, 3439, 1615, 5008, 4767, 3479, 862, 3772, 522, 5242, 980, 4258, 3229, 787, 4436, 3886, 4934, 1882, 5154, 3111, 1353, 1329, 299, 1286, 1212, 1588, 4679, 4669, 3495, 1902, 1362, 2606, 5310, 2142, 3632, 1053, 2593, 2740, 2107, 1110, 4029, 5045, 3603, 3962, 2979, 3204, 4830, 774, 3892, 3218, 893, 666, 932, 5118, 1568, 3523, 887, 4114, 3364, 3066, 3312, 2615, 2153, 4142, 5235, 3163, 4793, 1416, 4203, 2523, 238, 1892, 167, 1434, 1240, 3542, 3856, 4008, 390, 1993, 5366, 1494, 5309, 4876, 3467, 4351, 3729, 4213, 1627, 2350, 4418, 1099, 2207, 4350, 4122, 126, 1226, 3346, 485, 461, 4316, 2763, 4212, 538, 2524, 5137, 551, 2803, 2834, 1028, 3465, 4812, 3092, 4874, 3293, 4364, 1540, 4875, 2089, 1533, 3099, 3864, 314, 3853, 5025, 936, 3013, 547, 3527, 1135, 3179, 3708, 1959, 2915, 1442, 3343, 1715, 1172, 621, 5324, 1199, 2218, 5217, 2046, 385, 4953, 4311, 5305, 4496, 4448, 3631, 5176, 528, 806, 832, 4523, 4368, 2061, 3852, 3872, 878, 2944, 3826, 1467, 3920, 2032, 2785, 5312, 850, 4325, 4817, 4528, 4631, 2673, 1419, 4022, 4047, 3515, 1333, 345, 4140, 1753, 2596, 2459, 3492, 4064, 4012, 5284, 1581, 3747, 488, 4902, 3240, 3231, 4660, 2604, 5345, 4926, 2791, 3896, 1491, 62, 5174, 1469, 478, 839, 3052, 5062, 2006, 892, 5043, 3783, 340, 2905, 2423, 3993, 145, 1939, 472, 2728, 1229, 76, 1774, 4168, 646, 3755, 2302, 3833, 2309, 3784, 1300, 4491, 5167, 993, 1136, 4597, 452, 2637, 1828, 1575, 4987, 4857, 33, 5204, 2994, 3956, 3356, 1932, 2, 4439, 3004, 4692, 5417, 2931, 3118, 4801, 2631, 2453, 2649, 4176, 1000, 1371, 959, 4302, 330, 3585, 3258, 4332, 4564, 4725, 4301, 2469, 2933, 955, 3367, 4466, 744, 15, 1582, 2199, 2281, 3882, 4530, 3131, 1808, 3728, 5433, 1145, 2174, 4890, 5229, 1468, 101, 1355, 549, 1262, 1227, 3913, 2762, 5379, 222, 988, 3088, 3480, 1783, 532, 355, 4393, 2369, 5251, 1675, 2025, 2483, 2135, 2924, 665, 1760, 2705, 4338, 2951, 1507, 939, 1243, 1285, 632, 1360, 2827, 624, 3203, 2029, 3607, 3002, 4818, 130, 3381, 3846, 4011, 2056, 1458, 1350, 3758, 4947, 5322, 1059, 1556, 864, 3345, 2939, 3659, 1466, 2067, 4380, 2797, 1076, 431, 1740, 2293, 3737, 1952, 3664, 2632, 1656, 3790, 5410, 4058, 1211, 3445, 4428, 1109, 45, 2456, 2489, 4512, 3275, 3214, 4757, 239, 5109, 2555, 3958, 3740, 1644, 4596, 2331, 3316, 5007, 3371, 3656, 4028, 635, 1926, 995, 5012, 128, 3876, 2063, 758, 3815, 2641, 2374, 3138, 4190, 1850, 954, 4179, 5049, 2669, 3355, 1960, 2016, 2620, 4538, 4407, 5126, 3167, 5169, 403, 811, 65, 121, 968, 1332, 1816, 4324, 4062, 4576, 590, 4201, 3424, 159, 2950, 281, 4615, 2812, 1686, 3514, 2890, 2509, 411, 2992, 149, 3407, 1074, 2071, 1193, 237, 3770, 1809, 4245, 979, 3469, 5231, 4183, 4837, 4502]",314,500,5,False,500
488,location,entity,1,True,False,True,"{2: 108, 1: 104, 5: 89, 4: 74, 3: 118, 0: 7}","[365, 353, 2801, 2313, 4363, 3055, 466, 5179, 4620, 922, 1488, 3354, 1490, 872, 280, 265, 3837, 2759, 5068, 1765, 2589, 1272, 2677, 4079, 926, 4931, 1511, 989, 3357, 999, 2993, 4192, 5431, 5121, 5175, 2470, 2867, 1374, 5434, 4983, 5381, 4304, 3235, 2126, 1748, 3628, 3439, 1615, 5008, 4767, 3479, 862, 3772, 522, 5242, 980, 4258, 3229, 787, 4436, 3886, 4934, 1882, 5154, 3111, 1353, 1329, 299, 1286, 1212, 1588, 4679, 4669, 3495, 1902, 1362, 2606, 5310, 2142, 3632, 1053, 2593, 2740, 2107, 1110, 4029, 5045, 3603, 3962, 2979, 3204, 4830, 774, 3892, 3218, 893, 666, 932, 5118, 1568, 3523, 887, 4114, 3364, 3066, 3312, 2615, 2153, 4142, 5235, 3163, 4793, 1416, 4203, 2523, 238, 1892, 167, 1434, 1240, 3542, 3856, 4008, 390, 1993, 5366, 1494, 5309, 4876, 3467, 4351, 3729, 4213, 1627, 2350, 4418, 1099, 2207, 4350, 4122, 126, 1226, 3346, 485, 461, 4316, 2763, 4212, 538, 2524, 5137, 551, 2803, 2834, 1028, 3465, 4812, 3092, 4874, 3293, 4364, 1540, 4875, 2089, 1533, 3099, 3864, 314, 3853, 5025, 936, 3013, 547, 3527, 1135, 3179, 3708, 1959, 2915, 1442, 3343, 1715, 1172, 621, 5324, 1199, 2218, 5217, 2046, 385, 4953, 4311, 5305, 4496, 4448, 3631, 5176, 528, 806, 832, 4523, 4368, 2061, 3852, 3872, 878, 2944, 3826, 1467, 3920, 2032, 2785, 5312, 850, 4325, 4817, 4528, 4631, 2673, 1419, 4022, 4047, 3515, 1333, 345, 4140, 1753, 2596, 2459, 3492, 4064, 4012, 5284, 1581, 3747, 488, 4902, 3240, 3231, 4660, 2604, 5345, 4926, 2791, 3896, 1491, 62, 5174, 1469, 478, 839, 3052, 5062, 2006, 892, 5043, 3783, 340, 2905, 2423, 3993, 145, 1939, 472, 2728, 1229, 76, 1774, 4168, 646, 3755, 2302, 3833, 2309, 3784, 1300, 4491, 5167, 993, 1136, 4597, 452, 2637, 1828, 1575, 4987, 4857, 33, 5204, 2994, 3956, 3356, 1932, 2, 4439, 3004, 4692, 5417, 2931, 3118, 4801, 2631, 2453, 2649, 4176, 1000, 1371, 959, 4302, 330, 3585, 3258, 4332, 4564, 4725, 4301, 2469, 2933, 955, 3367, 4466, 744, 15, 1582, 2199, 2281, 3882, 4530, 3131, 1808, 3728, 5433, 1145, 2174, 4890, 5229, 1468, 101, 1355, 549, 1262, 1227, 3913, 2762, 5379, 222, 988, 3088, 3480, 1783, 532, 355, 4393, 2369, 5251, 1675, 2025, 2483, 2135, 2924, 665, 1760, 2705, 4338, 2951, 1507, 939, 1243, 1285, 632, 1360, 2827, 624, 3203, 2029, 3607, 3002, 4818, 130, 3381, 3846, 4011, 2056, 1458, 1350, 3758, 4947, 5322, 1059, 1556, 864, 3345, 2939, 3659, 1466, 2067, 4380, 2797, 1076, 431, 1740, 2293, 3737, 1952, 3664, 2632, 1656, 3790, 5410, 4058, 1211, 3445, 4428, 1109, 45, 2456, 2489, 4512, 3275, 3214, 4757, 239, 5109, 2555, 3958, 3740, 1644, 4596, 2331, 3316, 5007, 3371, 3656, 4028, 635, 1926, 995, 5012, 128, 3876, 2063, 758, 3815, 2641, 2374, 3138, 4190, 1850, 954, 4179, 5049, 2669, 3355, 1960, 2016, 2620, 4538, 4407, 5126, 3167, 5169, 403, 811, 65, 121, 968, 1332, 1816, 4324, 4062, 4576, 590, 4201, 3424, 159, 2950, 281, 4615, 2812, 1686, 3514, 2890, 2509, 411, 2992, 149, 3407, 1074, 2071, 1193, 237, 3770, 1809, 4245, 979, 3469, 5231, 4183, 4837, 4502]",488,500,5,False,500
65,human,human,3,True,True,True,"{2: 108, 1: 104, 5: 89, 4: 74, 3: 118, 0: 7}","[365, 353, 2801, 2313, 4363, 3055, 466, 5179, 4620, 922, 1488, 3354, 1490, 872, 280, 265, 3837, 2759, 5068, 1765, 2589, 1272, 2677, 4079, 926, 4931, 1511, 989, 3357, 999, 2993, 4192, 5431, 5121, 5175, 2470, 2867, 1374, 5434, 4983, 5381, 4304, 3235, 2126, 1748, 3628, 3439, 1615, 5008, 4767, 3479, 862, 3772, 522, 5242, 980, 4258, 3229, 787, 4436, 3886, 4934, 1882, 5154, 3111, 1353, 1329, 299, 1286, 1212, 1588, 4679, 4669, 3495, 1902, 1362, 2606, 5310, 2142, 3632, 1053, 2593, 2740, 2107, 1110, 4029, 5045, 3603, 3962, 2979, 3204, 4830, 774, 3892, 3218, 893, 666, 932, 5118, 1568, 3523, 887, 4114, 3364, 3066, 3312, 2615, 2153, 4142, 5235, 3163, 4793, 1416, 4203, 2523, 238, 1892, 167, 1434, 1240, 3542, 3856, 4008, 390, 1993, 5366, 1494, 5309, 4876, 3467, 4351, 3729, 4213, 1627, 2350, 4418, 1099, 2207, 4350, 4122, 126, 1226, 3346, 485, 461, 4316, 2763, 4212, 538, 2524, 5137, 551, 2803, 2834, 1028, 3465, 4812, 3092, 4874, 3293, 4364, 1540, 4875, 2089, 1533, 3099, 3864, 314, 3853, 5025, 936, 3013, 547, 3527, 1135, 3179, 3708, 1959, 2915, 1442, 3343, 1715, 1172, 621, 5324, 1199, 2218, 5217, 2046, 385, 4953, 4311, 5305, 4496, 4448, 3631, 5176, 528, 806, 832, 4523, 4368, 2061, 3852, 3872, 878, 2944, 3826, 1467, 3920, 2032, 2785, 5312, 850, 4325, 4817, 4528, 4631, 2673, 1419, 4022, 4047, 3515, 1333, 345, 4140, 1753, 2596, 2459, 3492, 4064, 4012, 5284, 1581, 3747, 488, 4902, 3240, 3231, 4660, 2604, 5345, 4926, 2791, 3896, 1491, 62, 5174, 1469, 478, 839, 3052, 5062, 2006, 892, 5043, 3783, 340, 2905, 2423, 3993, 145, 1939, 472, 2728, 1229, 76, 1774, 4168, 646, 3755, 2302, 3833, 2309, 3784, 1300, 4491, 5167, 993, 1136, 4597, 452, 2637, 1828, 1575, 4987, 4857, 33, 5204, 2994, 3956, 3356, 1932, 2, 4439, 3004, 4692, 5417, 2931, 3118, 4801, 2631, 2453, 2649, 4176, 1000, 1371, 959, 4302, 330, 3585, 3258, 4332, 4564, 4725, 4301, 2469, 2933, 955, 3367, 4466, 744, 15, 1582, 2199, 2281, 3882, 4530, 3131, 1808, 3728, 5433, 1145, 2174, 4890, 5229, 1468, 101, 1355, 549, 1262, 1227, 3913, 2762, 5379, 222, 988, 3088, 3480, 1783, 532, 355, 4393, 2369, 5251, 1675, 2025, 2483, 2135, 2924, 665, 1760, 2705, 4338, 2951, 1507, 939, 1243, 1285, 632, 1360, 2827, 624, 3203, 2029, 3607, 3002, 4818, 130, 3381, 3846, 4011, 2056, 1458, 1350, 3758, 4947, 5322, 1059, 1556, 864, 3345, 2939, 3659, 1466, 2067, 4380, 2797, 1076, 431, 1740, 2293, 3737, 1952, 3664, 2632, 1656, 3790, 5410, 4058, 1211, 3445, 4428, 1109, 45, 2456, 2489, 4512, 3275, 3214, 4757, 239, 5109, 2555, 3958, 3740, 1644, 4596, 2331, 3316, 5007, 3371, 3656, 4028, 635, 1926, 995, 5012, 128, 3876, 2063, 758, 3815, 2641, 2374, 3138, 4190, 1850, 954, 4179, 5049, 2669, 3355, 1960, 2016, 2620, 4538, 4407, 5126, 3167, 5169, 403, 811, 65, 121, 968, 1332, 1816, 4324, 4062, 4576, 590, 4201, 3424, 159, 2950, 281, 4615, 2812, 1686, 3514, 2890, 2509, 411, 2992, 149, 3407, 1074, 2071, 1193, 237, 3770, 1809, 4245, 979, 3469, 5231, 4183, 4837, 4502]",65,500,5,False,500
179,numeric,numeric,5,True,True,True,"{2: 108, 1: 104, 5: 89, 4: 74, 3: 118, 0: 7}","[365, 353, 2801, 2313, 4363, 3055, 466, 5179, 4620, 922, 1488, 3354, 1490, 872, 280, 265, 3837, 2759, 5068, 1765, 2589, 1272, 2677, 4079, 926, 4931, 1511, 989, 3357, 999, 2993, 4192, 5431, 5121, 5175, 2470, 2867, 1374, 5434, 4983, 5381, 4304, 3235, 2126, 1748, 3628, 3439, 1615, 5008, 4767, 3479, 862, 3772, 522, 5242, 980, 4258, 3229, 787, 4436, 3886, 4934, 1882, 5154, 3111, 1353, 1329, 299, 1286, 1212, 1588, 4679, 4669, 3495, 1902, 1362, 2606, 5310, 2142, 3632, 1053, 2593, 2740, 2107, 1110, 4029, 5045, 3603, 3962, 2979, 3204, 4830, 774, 3892, 3218, 893, 666, 932, 5118, 1568, 3523, 887, 4114, 3364, 3066, 3312, 2615, 2153, 4142, 5235, 3163, 4793, 1416, 4203, 2523, 238, 1892, 167, 1434, 1240, 3542, 3856, 4008, 390, 1993, 5366, 1494, 5309, 4876, 3467, 4351, 3729, 4213, 1627, 2350, 4418, 1099, 2207, 4350, 4122, 126, 1226, 3346, 485, 461, 4316, 2763, 4212, 538, 2524, 5137, 551, 2803, 2834, 1028, 3465, 4812, 3092, 4874, 3293, 4364, 1540, 4875, 2089, 1533, 3099, 3864, 314, 3853, 5025, 936, 3013, 547, 3527, 1135, 3179, 3708, 1959, 2915, 1442, 3343, 1715, 1172, 621, 5324, 1199, 2218, 5217, 2046, 385, 4953, 4311, 5305, 4496, 4448, 3631, 5176, 528, 806, 832, 4523, 4368, 2061, 3852, 3872, 878, 2944, 3826, 1467, 3920, 2032, 2785, 5312, 850, 4325, 4817, 4528, 4631, 2673, 1419, 4022, 4047, 3515, 1333, 345, 4140, 1753, 2596, 2459, 3492, 4064, 4012, 5284, 1581, 3747, 488, 4902, 3240, 3231, 4660, 2604, 5345, 4926, 2791, 3896, 1491, 62, 5174, 1469, 478, 839, 3052, 5062, 2006, 892, 5043, 3783, 340, 2905, 2423, 3993, 145, 1939, 472, 2728, 1229, 76, 1774, 4168, 646, 3755, 2302, 3833, 2309, 3784, 1300, 4491, 5167, 993, 1136, 4597, 452, 2637, 1828, 1575, 4987, 4857, 33, 5204, 2994, 3956, 3356, 1932, 2, 4439, 3004, 4692, 5417, 2931, 3118, 4801, 2631, 2453, 2649, 4176, 1000, 1371, 959, 4302, 330, 3585, 3258, 4332, 4564, 4725, 4301, 2469, 2933, 955, 3367, 4466, 744, 15, 1582, 2199, 2281, 3882, 4530, 3131, 1808, 3728, 5433, 1145, 2174, 4890, 5229, 1468, 101, 1355, 549, 1262, 1227, 3913, 2762, 5379, 222, 988, 3088, 3480, 1783, 532, 355, 4393, 2369, 5251, 1675, 2025, 2483, 2135, 2924, 665, 1760, 2705, 4338, 2951, 1507, 939, 1243, 1285, 632, 1360, 2827, 624, 3203, 2029, 3607, 3002, 4818, 130, 3381, 3846, 4011, 2056, 1458, 1350, 3758, 4947, 5322, 1059, 1556, 864, 3345, 2939, 3659, 1466, 2067, 4380, 2797, 1076, 431, 1740, 2293, 3737, 1952, 3664, 2632, 1656, 3790, 5410, 4058, 1211, 3445, 4428, 1109, 45, 2456, 2489, 4512, 3275, 3214, 4757, 239, 5109, 2555, 3958, 3740, 1644, 4596, 2331, 3316, 5007, 3371, 3656, 4028, 635, 1926, 995, 5012, 128, 3876, 2063, 758, 3815, 2641, 2374, 3138, 4190, 1850, 954, 4179, 5049, 2669, 3355, 1960, 2016, 2620, 4538, 4407, 5126, 3167, 5169, 403, 811, 65, 121, 968, 1332, 1816, 4324, 4062, 4576, 590, 4201, 3424, 159, 2950, 281, 4615, 2812, 1686, 3514, 2890, 2509, 411, 2992, 149, 3407, 1074, 2071, 1193, 237, 3770, 1809, 4245, 979, 3469, 5231, 4183, 4837, 4502]",179,500,5,False,500
317,location,location,4,True,True,True,"{2: 108, 1: 104, 5: 89, 4: 74, 3: 118, 0: 7}","[365, 353, 2801, 2313, 4363, 3055, 466, 5179, 4620, 922, 1488, 3354, 1490, 872, 280, 265, 3837, 2759, 5068, 1765, 2589, 1272, 2677, 4079, 926, 4931, 1511, 989, 3357, 999, 2993, 4192, 5431, 5121, 5175, 2470, 2867, 1374, 5434, 4983, 5381, 4304, 3235, 2126, 1748, 3628, 3439, 1615, 5008, 4767, 3479, 862, 3772, 522, 5242, 980, 4258, 3229, 787, 4436, 3886, 4934, 1882, 5154, 3111, 1353, 1329, 299, 1286, 1212, 1588, 4679, 4669, 3495, 1902, 1362, 2606, 5310, 2142, 3632, 1053, 2593, 2740, 2107, 1110, 4029, 5045, 3603, 3962, 2979, 3204, 4830, 774, 3892, 3218, 893, 666, 932, 5118, 1568, 3523, 887, 4114, 3364, 3066, 3312, 2615, 2153, 4142, 5235, 3163, 4793, 1416, 4203, 2523, 238, 1892, 167, 1434, 1240, 3542, 3856, 4008, 390, 1993, 5366, 1494, 5309, 4876, 3467, 4351, 3729, 4213, 1627, 2350, 4418, 1099, 2207, 4350, 4122, 126, 1226, 3346, 485, 461, 4316, 2763, 4212, 538, 2524, 5137, 551, 2803, 2834, 1028, 3465, 4812, 3092, 4874, 3293, 4364, 1540, 4875, 2089, 1533, 3099, 3864, 314, 3853, 5025, 936, 3013, 547, 3527, 1135, 3179, 3708, 1959, 2915, 1442, 3343, 1715, 1172, 621, 5324, 1199, 2218, 5217, 2046, 385, 4953, 4311, 5305, 4496, 4448, 3631, 5176, 528, 806, 832, 4523, 4368, 2061, 3852, 3872, 878, 2944, 3826, 1467, 3920, 2032, 2785, 5312, 850, 4325, 4817, 4528, 4631, 2673, 1419, 4022, 4047, 3515, 1333, 345, 4140, 1753, 2596, 2459, 3492, 4064, 4012, 5284, 1581, 3747, 488, 4902, 3240, 3231, 4660, 2604, 5345, 4926, 2791, 3896, 1491, 62, 5174, 1469, 478, 839, 3052, 5062, 2006, 892, 5043, 3783, 340, 2905, 2423, 3993, 145, 1939, 472, 2728, 1229, 76, 1774, 4168, 646, 3755, 2302, 3833, 2309, 3784, 1300, 4491, 5167, 993, 1136, 4597, 452, 2637, 1828, 1575, 4987, 4857, 33, 5204, 2994, 3956, 3356, 1932, 2, 4439, 3004, 4692, 5417, 2931, 3118, 4801, 2631, 2453, 2649, 4176, 1000, 1371, 959, 4302, 330, 3585, 3258, 4332, 4564, 4725, 4301, 2469, 2933, 955, 3367, 4466, 744, 15, 1582, 2199, 2281, 3882, 4530, 3131, 1808, 3728, 5433, 1145, 2174, 4890, 5229, 1468, 101, 1355, 549, 1262, 1227, 3913, 2762, 5379, 222, 988, 3088, 3480, 1783, 532, 355, 4393, 2369, 5251, 1675, 2025, 2483, 2135, 2924, 665, 1760, 2705, 4338, 2951, 1507, 939, 1243, 1285, 632, 1360, 2827, 624, 3203, 2029, 3607, 3002, 4818, 130, 3381, 3846, 4011, 2056, 1458, 1350, 3758, 4947, 5322, 1059, 1556, 864, 3345, 2939, 3659, 1466, 2067, 4380, 2797, 1076, 431, 1740, 2293, 3737, 1952, 3664, 2632, 1656, 3790, 5410, 4058, 1211, 3445, 4428, 1109, 45, 2456, 2489, 4512, 3275, 3214, 4757, 239, 5109, 2555, 3958, 3740, 1644, 4596, 2331, 3316, 5007, 3371, 3656, 4028, 635, 1926, 995, 5012, 128, 3876, 2063, 758, 3815, 2641, 2374, 3138, 4190, 1850, 954, 4179, 5049, 2669, 3355, 1960, 2016, 2620, 4538, 4407, 5126, 3167, 5169, 403, 811, 65, 121, 968, 1332, 1816, 4324, 4062, 4576, 590, 4201, 3424, 159, 2950, 281, 4615, 2812, 1686, 3514, 2890, 2509, 411, 2992, 149, 3407, 1074, 2071, 1193, 237, 3770, 1809, 4245, 979, 3469, 5231, 4183, 4837, 4502]",317,500,5,False,500
404,numeric,numeric,5,True,True,True,"{2: 108, 1: 104, 5: 89, 4: 74, 3: 118, 0: 7}","[365, 353, 2801, 2313, 4363, 3055, 466, 5179, 4620, 922, 1488, 3354, 1490, 872, 280, 265, 3837, 2759, 5068, 1765, 2589, 1272, 2677, 4079, 926, 4931, 1511, 989, 3357, 999, 2993, 4192, 5431, 5121, 5175, 2470, 2867, 1374, 5434, 4983, 5381, 4304, 3235, 2126, 1748, 3628, 3439, 1615, 5008, 4767, 3479, 862, 3772, 522, 5242, 980, 4258, 3229, 787, 4436, 3886, 4934, 1882, 5154, 3111, 1353, 1329, 299, 1286, 1212, 1588, 4679, 4669, 3495, 1902, 1362, 2606, 5310, 2142, 3632, 1053, 2593, 2740, 2107, 1110, 4029, 5045, 3603, 3962, 2979, 3204, 4830, 774, 3892, 3218, 893, 666, 932, 5118, 1568, 3523, 887, 4114, 3364, 3066, 3312, 2615, 2153, 4142, 5235, 3163, 4793, 1416, 4203, 2523, 238, 1892, 167, 1434, 1240, 3542, 3856, 4008, 390, 1993, 5366, 1494, 5309, 4876, 3467, 4351, 3729, 4213, 1627, 2350, 4418, 1099, 2207, 4350, 4122, 126, 1226, 3346, 485, 461, 4316, 2763, 4212, 538, 2524, 5137, 551, 2803, 2834, 1028, 3465, 4812, 3092, 4874, 3293, 4364, 1540, 4875, 2089, 1533, 3099, 3864, 314, 3853, 5025, 936, 3013, 547, 3527, 1135, 3179, 3708, 1959, 2915, 1442, 3343, 1715, 1172, 621, 5324, 1199, 2218, 5217, 2046, 385, 4953, 4311, 5305, 4496, 4448, 3631, 5176, 528, 806, 832, 4523, 4368, 2061, 3852, 3872, 878, 2944, 3826, 1467, 3920, 2032, 2785, 5312, 850, 4325, 4817, 4528, 4631, 2673, 1419, 4022, 4047, 3515, 1333, 345, 4140, 1753, 2596, 2459, 3492, 4064, 4012, 5284, 1581, 3747, 488, 4902, 3240, 3231, 4660, 2604, 5345, 4926, 2791, 3896, 1491, 62, 5174, 1469, 478, 839, 3052, 5062, 2006, 892, 5043, 3783, 340, 2905, 2423, 3993, 145, 1939, 472, 2728, 1229, 76, 1774, 4168, 646, 3755, 2302, 3833, 2309, 3784, 1300, 4491, 5167, 993, 1136, 4597, 452, 2637, 1828, 1575, 4987, 4857, 33, 5204, 2994, 3956, 3356, 1932, 2, 4439, 3004, 4692, 5417, 2931, 3118, 4801, 2631, 2453, 2649, 4176, 1000, 1371, 959, 4302, 330, 3585, 3258, 4332, 4564, 4725, 4301, 2469, 2933, 955, 3367, 4466, 744, 15, 1582, 2199, 2281, 3882, 4530, 3131, 1808, 3728, 5433, 1145, 2174, 4890, 5229, 1468, 101, 1355, 549, 1262, 1227, 3913, 2762, 5379, 222, 988, 3088, 3480, 1783, 532, 355, 4393, 2369, 5251, 1675, 2025, 2483, 2135, 2924, 665, 1760, 2705, 4338, 2951, 1507, 939, 1243, 1285, 632, 1360, 2827, 624, 3203, 2029, 3607, 3002, 4818, 130, 3381, 3846, 4011, 2056, 1458, 1350, 3758, 4947, 5322, 1059, 1556, 864, 3345, 2939, 3659, 1466, 2067, 4380, 2797, 1076, 431, 1740, 2293, 3737, 1952, 3664, 2632, 1656, 3790, 5410, 4058, 1211, 3445, 4428, 1109, 45, 2456, 2489, 4512, 3275, 3214, 4757, 239, 5109, 2555, 3958, 3740, 1644, 4596, 2331, 3316, 5007, 3371, 3656, 4028, 635, 1926, 995, 5012, 128, 3876, 2063, 758, 3815, 2641, 2374, 3138, 4190, 1850, 954, 4179, 5049, 2669, 3355, 1960, 2016, 2620, 4538, 4407, 5126, 3167, 5169, 403, 811, 65, 121, 968, 1332, 1816, 4324, 4062, 4576, 590, 4201, 3424, 159, 2950, 281, 4615, 2812, 1686, 3514, 2890, 2509, 411, 2992, 149, 3407, 1074, 2071, 1193, 237, 3770, 1809, 4245, 979, 3469, 5231, 4183, 4837, 4502]",404,500,5,False,500
11,human,human,3,True,True,True,"{2: 108, 1: 104, 5: 89, 4: 74, 3: 118, 0: 7}","[365, 353, 2801, 2313, 4363, 3055, 466, 5179, 4620, 922, 1488, 3354, 1490, 872, 280, 265, 3837, 2759, 5068, 1765, 2589, 1272, 2677, 4079, 926, 4931, 1511, 989, 3357, 999, 2993, 4192, 5431, 5121, 5175, 2470, 2867, 1374, 5434, 4983, 5381, 4304, 3235, 2126, 1748, 3628, 3439, 1615, 5008, 4767, 3479, 862, 3772, 522, 5242, 980, 4258, 3229, 787, 4436, 3886, 4934, 1882, 5154, 3111, 1353, 1329, 299, 1286, 1212, 1588, 4679, 4669, 3495, 1902, 1362, 2606, 5310, 2142, 3632, 1053, 2593, 2740, 2107, 1110, 4029, 5045, 3603, 3962, 2979, 3204, 4830, 774, 3892, 3218, 893, 666, 932, 5118, 1568, 3523, 887, 4114, 3364, 3066, 3312, 2615, 2153, 4142, 5235, 3163, 4793, 1416, 4203, 2523, 238, 1892, 167, 1434, 1240, 3542, 3856, 4008, 390, 1993, 5366, 1494, 5309, 4876, 3467, 4351, 3729, 4213, 1627, 2350, 4418, 1099, 2207, 4350, 4122, 126, 1226, 3346, 485, 461, 4316, 2763, 4212, 538, 2524, 5137, 551, 2803, 2834, 1028, 3465, 4812, 3092, 4874, 3293, 4364, 1540, 4875, 2089, 1533, 3099, 3864, 314, 3853, 5025, 936, 3013, 547, 3527, 1135, 3179, 3708, 1959, 2915, 1442, 3343, 1715, 1172, 621, 5324, 1199, 2218, 5217, 2046, 385, 4953, 4311, 5305, 4496, 4448, 3631, 5176, 528, 806, 832, 4523, 4368, 2061, 3852, 3872, 878, 2944, 3826, 1467, 3920, 2032, 2785, 5312, 850, 4325, 4817, 4528, 4631, 2673, 1419, 4022, 4047, 3515, 1333, 345, 4140, 1753, 2596, 2459, 3492, 4064, 4012, 5284, 1581, 3747, 488, 4902, 3240, 3231, 4660, 2604, 5345, 4926, 2791, 3896, 1491, 62, 5174, 1469, 478, 839, 3052, 5062, 2006, 892, 5043, 3783, 340, 2905, 2423, 3993, 145, 1939, 472, 2728, 1229, 76, 1774, 4168, 646, 3755, 2302, 3833, 2309, 3784, 1300, 4491, 5167, 993, 1136, 4597, 452, 2637, 1828, 1575, 4987, 4857, 33, 5204, 2994, 3956, 3356, 1932, 2, 4439, 3004, 4692, 5417, 2931, 3118, 4801, 2631, 2453, 2649, 4176, 1000, 1371, 959, 4302, 330, 3585, 3258, 4332, 4564, 4725, 4301, 2469, 2933, 955, 3367, 4466, 744, 15, 1582, 2199, 2281, 3882, 4530, 3131, 1808, 3728, 5433, 1145, 2174, 4890, 5229, 1468, 101, 1355, 549, 1262, 1227, 3913, 2762, 5379, 222, 988, 3088, 3480, 1783, 532, 355, 4393, 2369, 5251, 1675, 2025, 2483, 2135, 2924, 665, 1760, 2705, 4338, 2951, 1507, 939, 1243, 1285, 632, 1360, 2827, 624, 3203, 2029, 3607, 3002, 4818, 130, 3381, 3846, 4011, 2056, 1458, 1350, 3758, 4947, 5322, 1059, 1556, 864, 3345, 2939, 3659, 1466, 2067, 4380, 2797, 1076, 431, 1740, 2293, 3737, 1952, 3664, 2632, 1656, 3790, 5410, 4058, 1211, 3445, 4428, 1109, 45, 2456, 2489, 4512, 3275, 3214, 4757, 239, 5109, 2555, 3958, 3740, 1644, 4596, 2331, 3316, 5007, 3371, 3656, 4028, 635, 1926, 995, 5012, 128, 3876, 2063, 758, 3815, 2641, 2374, 3138, 4190, 1850, 954, 4179, 5049, 2669, 3355, 1960, 2016, 2620, 4538, 4407, 5126, 3167, 5169, 403, 811, 65, 121, 968, 1332, 1816, 4324, 4062, 4576, 590, 4201, 3424, 159, 2950, 281, 4615, 2812, 1686, 3514, 2890, 2509, 411, 2992, 149, 3407, 1074, 2071, 1193, 237, 3770, 1809, 4245, 979, 3469, 5231, 4183, 4837, 4502]",11,500,5,False,500
358,numeric,description,2,True,False,True,"{2: 108, 1: 104, 5: 89, 4: 74, 3: 118, 0: 7}","[365, 353, 2801, 2313, 4363, 3055, 466, 5179, 4620, 922, 1488, 3354, 1490, 872, 280, 265, 3837, 2759, 5068, 1765, 2589, 1272, 2677, 4079, 926, 4931, 1511, 989, 3357, 999, 2993, 4192, 5431, 5121, 5175, 2470, 2867, 1374, 5434, 4983, 5381, 4304, 3235, 2126, 1748, 3628, 3439, 1615, 5008, 4767, 3479, 862, 3772, 522, 5242, 980, 4258, 3229, 787, 4436, 3886, 4934, 1882, 5154, 3111, 1353, 1329, 299, 1286, 1212, 1588, 4679, 4669, 3495, 1902, 1362, 2606, 5310, 2142, 3632, 1053, 2593, 2740, 2107, 1110, 4029, 5045, 3603, 3962, 2979, 3204, 4830, 774, 3892, 3218, 893, 666, 932, 5118, 1568, 3523, 887, 4114, 3364, 3066, 3312, 2615, 2153, 4142, 5235, 3163, 4793, 1416, 4203, 2523, 238, 1892, 167, 1434, 1240, 3542, 3856, 4008, 390, 1993, 5366, 1494, 5309, 4876, 3467, 4351, 3729, 4213, 1627, 2350, 4418, 1099, 2207, 4350, 4122, 126, 1226, 3346, 485, 461, 4316, 2763, 4212, 538, 2524, 5137, 551, 2803, 2834, 1028, 3465, 4812, 3092, 4874, 3293, 4364, 1540, 4875, 2089, 1533, 3099, 3864, 314, 3853, 5025, 936, 3013, 547, 3527, 1135, 3179, 3708, 1959, 2915, 1442, 3343, 1715, 1172, 621, 5324, 1199, 2218, 5217, 2046, 385, 4953, 4311, 5305, 4496, 4448, 3631, 5176, 528, 806, 832, 4523, 4368, 2061, 3852, 3872, 878, 2944, 3826, 1467, 3920, 2032, 2785, 5312, 850, 4325, 4817, 4528, 4631, 2673, 1419, 4022, 4047, 3515, 1333, 345, 4140, 1753, 2596, 2459, 3492, 4064, 4012, 5284, 1581, 3747, 488, 4902, 3240, 3231, 4660, 2604, 5345, 4926, 2791, 3896, 1491, 62, 5174, 1469, 478, 839, 3052, 5062, 2006, 892, 5043, 3783, 340, 2905, 2423, 3993, 145, 1939, 472, 2728, 1229, 76, 1774, 4168, 646, 3755, 2302, 3833, 2309, 3784, 1300, 4491, 5167, 993, 1136, 4597, 452, 2637, 1828, 1575, 4987, 4857, 33, 5204, 2994, 3956, 3356, 1932, 2, 4439, 3004, 4692, 5417, 2931, 3118, 4801, 2631, 2453, 2649, 4176, 1000, 1371, 959, 4302, 330, 3585, 3258, 4332, 4564, 4725, 4301, 2469, 2933, 955, 3367, 4466, 744, 15, 1582, 2199, 2281, 3882, 4530, 3131, 1808, 3728, 5433, 1145, 2174, 4890, 5229, 1468, 101, 1355, 549, 1262, 1227, 3913, 2762, 5379, 222, 988, 3088, 3480, 1783, 532, 355, 4393, 2369, 5251, 1675, 2025, 2483, 2135, 2924, 665, 1760, 2705, 4338, 2951, 1507, 939, 1243, 1285, 632, 1360, 2827, 624, 3203, 2029, 3607, 3002, 4818, 130, 3381, 3846, 4011, 2056, 1458, 1350, 3758, 4947, 5322, 1059, 1556, 864, 3345, 2939, 3659, 1466, 2067, 4380, 2797, 1076, 431, 1740, 2293, 3737, 1952, 3664, 2632, 1656, 3790, 5410, 4058, 1211, 3445, 4428, 1109, 45, 2456, 2489, 4512, 3275, 3214, 4757, 239, 5109, 2555, 3958, 3740, 1644, 4596, 2331, 3316, 5007, 3371, 3656, 4028, 635, 1926, 995, 5012, 128, 3876, 2063, 758, 3815, 2641, 2374, 3138, 4190, 1850, 954, 4179, 5049, 2669, 3355, 1960, 2016, 2620, 4538, 4407, 5126, 3167, 5169, 403, 811, 65, 121, 968, 1332, 1816, 4324, 4062, 4576, 590, 4201, 3424, 159, 2950, 281, 4615, 2812, 1686, 3514, 2890, 2509, 411, 2992, 149, 3407, 1074, 2071, 1193, 237, 3770, 1809, 4245, 979, 3469, 5231, 4183, 4837, 4502]",358,500,5,False,500
98,entity,description,2,True,False,True,"{2: 108, 1: 104, 5: 89, 4: 74, 3: 118, 0: 7}","[365, 353, 2801, 2313, 4363, 3055, 466, 5179, 4620, 922, 1488, 3354, 1490, 872, 280, 265, 3837, 2759, 5068, 1765, 2589, 1272, 2677, 4079, 926, 4931, 1511, 989, 3357, 999, 2993, 4192, 5431, 5121, 5175, 2470, 2867, 1374, 5434, 4983, 5381, 4304, 3235, 2126, 1748, 3628, 3439, 1615, 5008, 4767, 3479, 862, 3772, 522, 5242, 980, 4258, 3229, 787, 4436, 3886, 4934, 1882, 5154, 3111, 1353, 1329, 299, 1286, 1212, 1588, 4679, 4669, 3495, 1902, 1362, 2606, 5310, 2142, 3632, 1053, 2593, 2740, 2107, 1110, 4029, 5045, 3603, 3962, 2979, 3204, 4830, 774, 3892, 3218, 893, 666, 932, 5118, 1568, 3523, 887, 4114, 3364, 3066, 3312, 2615, 2153, 4142, 5235, 3163, 4793, 1416, 4203, 2523, 238, 1892, 167, 1434, 1240, 3542, 3856, 4008, 390, 1993, 5366, 1494, 5309, 4876, 3467, 4351, 3729, 4213, 1627, 2350, 4418, 1099, 2207, 4350, 4122, 126, 1226, 3346, 485, 461, 4316, 2763, 4212, 538, 2524, 5137, 551, 2803, 2834, 1028, 3465, 4812, 3092, 4874, 3293, 4364, 1540, 4875, 2089, 1533, 3099, 3864, 314, 3853, 5025, 936, 3013, 547, 3527, 1135, 3179, 3708, 1959, 2915, 1442, 3343, 1715, 1172, 621, 5324, 1199, 2218, 5217, 2046, 385, 4953, 4311, 5305, 4496, 4448, 3631, 5176, 528, 806, 832, 4523, 4368, 2061, 3852, 3872, 878, 2944, 3826, 1467, 3920, 2032, 2785, 5312, 850, 4325, 4817, 4528, 4631, 2673, 1419, 4022, 4047, 3515, 1333, 345, 4140, 1753, 2596, 2459, 3492, 4064, 4012, 5284, 1581, 3747, 488, 4902, 3240, 3231, 4660, 2604, 5345, 4926, 2791, 3896, 1491, 62, 5174, 1469, 478, 839, 3052, 5062, 2006, 892, 5043, 3783, 340, 2905, 2423, 3993, 145, 1939, 472, 2728, 1229, 76, 1774, 4168, 646, 3755, 2302, 3833, 2309, 3784, 1300, 4491, 5167, 993, 1136, 4597, 452, 2637, 1828, 1575, 4987, 4857, 33, 5204, 2994, 3956, 3356, 1932, 2, 4439, 3004, 4692, 5417, 2931, 3118, 4801, 2631, 2453, 2649, 4176, 1000, 1371, 959, 4302, 330, 3585, 3258, 4332, 4564, 4725, 4301, 2469, 2933, 955, 3367, 4466, 744, 15, 1582, 2199, 2281, 3882, 4530, 3131, 1808, 3728, 5433, 1145, 2174, 4890, 5229, 1468, 101, 1355, 549, 1262, 1227, 3913, 2762, 5379, 222, 988, 3088, 3480, 1783, 532, 355, 4393, 2369, 5251, 1675, 2025, 2483, 2135, 2924, 665, 1760, 2705, 4338, 2951, 1507, 939, 1243, 1285, 632, 1360, 2827, 624, 3203, 2029, 3607, 3002, 4818, 130, 3381, 3846, 4011, 2056, 1458, 1350, 3758, 4947, 5322, 1059, 1556, 864, 3345, 2939, 3659, 1466, 2067, 4380, 2797, 1076, 431, 1740, 2293, 3737, 1952, 3664, 2632, 1656, 3790, 5410, 4058, 1211, 3445, 4428, 1109, 45, 2456, 2489, 4512, 3275, 3214, 4757, 239, 5109, 2555, 3958, 3740, 1644, 4596, 2331, 3316, 5007, 3371, 3656, 4028, 635, 1926, 995, 5012, 128, 3876, 2063, 758, 3815, 2641, 2374, 3138, 4190, 1850, 954, 4179, 5049, 2669, 3355, 1960, 2016, 2620, 4538, 4407, 5126, 3167, 5169, 403, 811, 65, 121, 968, 1332, 1816, 4324, 4062, 4576, 590, 4201, 3424, 159, 2950, 281, 4615, 2812, 1686, 3514, 2890, 2509, 411, 2992, 149, 3407, 1074, 2071, 1193, 237, 3770, 1809, 4245, 979, 3469, 5231, 4183, 4837, 4502]",98,500,5,False,500
292,numeric,numeric,5,True,True,True,"{2: 108, 1: 104, 5: 89, 4: 74, 3: 118, 0: 7}","[365, 353, 2801, 2313, 4363, 3055, 466, 5179, 4620, 922, 1488, 3354, 1490, 872, 280, 265, 3837, 2759, 5068, 1765, 2589, 1272, 2677, 4079, 926, 4931, 1511, 989, 3357, 999, 2993, 4192, 5431, 5121, 5175, 2470, 2867, 1374, 5434, 4983, 5381, 4304, 3235, 2126, 1748, 3628, 3439, 1615, 5008, 4767, 3479, 862, 3772, 522, 5242, 980, 4258, 3229, 787, 4436, 3886, 4934, 1882, 5154, 3111, 1353, 1329, 299, 1286, 1212, 1588, 4679, 4669, 3495, 1902, 1362, 2606, 5310, 2142, 3632, 1053, 2593, 2740, 2107, 1110, 4029, 5045, 3603, 3962, 2979, 3204, 4830, 774, 3892, 3218, 893, 666, 932, 5118, 1568, 3523, 887, 4114, 3364, 3066, 3312, 2615, 2153, 4142, 5235, 3163, 4793, 1416, 4203, 2523, 238, 1892, 167, 1434, 1240, 3542, 3856, 4008, 390, 1993, 5366, 1494, 5309, 4876, 3467, 4351, 3729, 4213, 1627, 2350, 4418, 1099, 2207, 4350, 4122, 126, 1226, 3346, 485, 461, 4316, 2763, 4212, 538, 2524, 5137, 551, 2803, 2834, 1028, 3465, 4812, 3092, 4874, 3293, 4364, 1540, 4875, 2089, 1533, 3099, 3864, 314, 3853, 5025, 936, 3013, 547, 3527, 1135, 3179, 3708, 1959, 2915, 1442, 3343, 1715, 1172, 621, 5324, 1199, 2218, 5217, 2046, 385, 4953, 4311, 5305, 4496, 4448, 3631, 5176, 528, 806, 832, 4523, 4368, 2061, 3852, 3872, 878, 2944, 3826, 1467, 3920, 2032, 2785, 5312, 850, 4325, 4817, 4528, 4631, 2673, 1419, 4022, 4047, 3515, 1333, 345, 4140, 1753, 2596, 2459, 3492, 4064, 4012, 5284, 1581, 3747, 488, 4902, 3240, 3231, 4660, 2604, 5345, 4926, 2791, 3896, 1491, 62, 5174, 1469, 478, 839, 3052, 5062, 2006, 892, 5043, 3783, 340, 2905, 2423, 3993, 145, 1939, 472, 2728, 1229, 76, 1774, 4168, 646, 3755, 2302, 3833, 2309, 3784, 1300, 4491, 5167, 993, 1136, 4597, 452, 2637, 1828, 1575, 4987, 4857, 33, 5204, 2994, 3956, 3356, 1932, 2, 4439, 3004, 4692, 5417, 2931, 3118, 4801, 2631, 2453, 2649, 4176, 1000, 1371, 959, 4302, 330, 3585, 3258, 4332, 4564, 4725, 4301, 2469, 2933, 955, 3367, 4466, 744, 15, 1582, 2199, 2281, 3882, 4530, 3131, 1808, 3728, 5433, 1145, 2174, 4890, 5229, 1468, 101, 1355, 549, 1262, 1227, 3913, 2762, 5379, 222, 988, 3088, 3480, 1783, 532, 355, 4393, 2369, 5251, 1675, 2025, 2483, 2135, 2924, 665, 1760, 2705, 4338, 2951, 1507, 939, 1243, 1285, 632, 1360, 2827, 624, 3203, 2029, 3607, 3002, 4818, 130, 3381, 3846, 4011, 2056, 1458, 1350, 3758, 4947, 5322, 1059, 1556, 864, 3345, 2939, 3659, 1466, 2067, 4380, 2797, 1076, 431, 1740, 2293, 3737, 1952, 3664, 2632, 1656, 3790, 5410, 4058, 1211, 3445, 4428, 1109, 45, 2456, 2489, 4512, 3275, 3214, 4757, 239, 5109, 2555, 3958, 3740, 1644, 4596, 2331, 3316, 5007, 3371, 3656, 4028, 635, 1926, 995, 5012, 128, 3876, 2063, 758, 3815, 2641, 2374, 3138, 4190, 1850, 954, 4179, 5049, 2669, 3355, 1960, 2016, 2620, 4538, 4407, 5126, 3167, 5169, 403, 811, 65, 121, 968, 1332, 1816, 4324, 4062, 4576, 590, 4201, 3424, 159, 2950, 281, 4615, 2812, 1686, 3514, 2890, 2509, 411, 2992, 149, 3407, 1074, 2071, 1193, 237, 3770, 1809, 4245, 979, 3469, 5231, 4183, 4837, 4502]",292,500,5,False,500
114,numeric,entity,1,True,False,True,"{2: 108, 1: 104, 5: 89, 4: 74, 3: 118, 0: 7}","[365, 353, 2801, 2313, 4363, 3055, 466, 5179, 4620, 922, 1488, 3354, 1490, 872, 280, 265, 3837, 2759, 5068, 1765, 2589, 1272, 2677, 4079, 926, 4931, 1511, 989, 3357, 999, 2993, 4192, 5431, 5121, 5175, 2470, 2867, 1374, 5434, 4983, 5381, 4304, 3235, 2126, 1748, 3628, 3439, 1615, 5008, 4767, 3479, 862, 3772, 522, 5242, 980, 4258, 3229, 787, 4436, 3886, 4934, 1882, 5154, 3111, 1353, 1329, 299, 1286, 1212, 1588, 4679, 4669, 3495, 1902, 1362, 2606, 5310, 2142, 3632, 1053, 2593, 2740, 2107, 1110, 4029, 5045, 3603, 3962, 2979, 3204, 4830, 774, 3892, 3218, 893, 666, 932, 5118, 1568, 3523, 887, 4114, 3364, 3066, 3312, 2615, 2153, 4142, 5235, 3163, 4793, 1416, 4203, 2523, 238, 1892, 167, 1434, 1240, 3542, 3856, 4008, 390, 1993, 5366, 1494, 5309, 4876, 3467, 4351, 3729, 4213, 1627, 2350, 4418, 1099, 2207, 4350, 4122, 126, 1226, 3346, 485, 461, 4316, 2763, 4212, 538, 2524, 5137, 551, 2803, 2834, 1028, 3465, 4812, 3092, 4874, 3293, 4364, 1540, 4875, 2089, 1533, 3099, 3864, 314, 3853, 5025, 936, 3013, 547, 3527, 1135, 3179, 3708, 1959, 2915, 1442, 3343, 1715, 1172, 621, 5324, 1199, 2218, 5217, 2046, 385, 4953, 4311, 5305, 4496, 4448, 3631, 5176, 528, 806, 832, 4523, 4368, 2061, 3852, 3872, 878, 2944, 3826, 1467, 3920, 2032, 2785, 5312, 850, 4325, 4817, 4528, 4631, 2673, 1419, 4022, 4047, 3515, 1333, 345, 4140, 1753, 2596, 2459, 3492, 4064, 4012, 5284, 1581, 3747, 488, 4902, 3240, 3231, 4660, 2604, 5345, 4926, 2791, 3896, 1491, 62, 5174, 1469, 478, 839, 3052, 5062, 2006, 892, 5043, 3783, 340, 2905, 2423, 3993, 145, 1939, 472, 2728, 1229, 76, 1774, 4168, 646, 3755, 2302, 3833, 2309, 3784, 1300, 4491, 5167, 993, 1136, 4597, 452, 2637, 1828, 1575, 4987, 4857, 33, 5204, 2994, 3956, 3356, 1932, 2, 4439, 3004, 4692, 5417, 2931, 3118, 4801, 2631, 2453, 2649, 4176, 1000, 1371, 959, 4302, 330, 3585, 3258, 4332, 4564, 4725, 4301, 2469, 2933, 955, 3367, 4466, 744, 15, 1582, 2199, 2281, 3882, 4530, 3131, 1808, 3728, 5433, 1145, 2174, 4890, 5229, 1468, 101, 1355, 549, 1262, 1227, 3913, 2762, 5379, 222, 988, 3088, 3480, 1783, 532, 355, 4393, 2369, 5251, 1675, 2025, 2483, 2135, 2924, 665, 1760, 2705, 4338, 2951, 1507, 939, 1243, 1285, 632, 1360, 2827, 624, 3203, 2029, 3607, 3002, 4818, 130, 3381, 3846, 4011, 2056, 1458, 1350, 3758, 4947, 5322, 1059, 1556, 864, 3345, 2939, 3659, 1466, 2067, 4380, 2797, 1076, 431, 1740, 2293, 3737, 1952, 3664, 2632, 1656, 3790, 5410, 4058, 1211, 3445, 4428, 1109, 45, 2456, 2489, 4512, 3275, 3214, 4757, 239, 5109, 2555, 3958, 3740, 1644, 4596, 2331, 3316, 5007, 3371, 3656, 4028, 635, 1926, 995, 5012, 128, 3876, 2063, 758, 3815, 2641, 2374, 3138, 4190, 1850, 954, 4179, 5049, 2669, 3355, 1960, 2016, 2620, 4538, 4407, 5126, 3167, 5169, 403, 811, 65, 121, 968, 1332, 1816, 4324, 4062, 4576, 590, 4201, 3424, 159, 2950, 281, 4615, 2812, 1686, 3514, 2890, 2509, 411, 2992, 149, 3407, 1074, 2071, 1193, 237, 3770, 1809, 4245, 979, 3469, 5231, 4183, 4837, 4502]",114,500,5,False,500
432,location,location,4,True,True,True,"{2: 108, 1: 104, 5: 89, 4: 74, 3: 118, 0: 7}","[365, 353, 2801, 2313, 4363, 3055, 466, 5179, 4620, 922, 1488, 3354, 1490, 872, 280, 265, 3837, 2759, 5068, 1765, 2589, 1272, 2677, 4079, 926, 4931, 1511, 989, 3357, 999, 2993, 4192, 5431, 5121, 5175, 2470, 2867, 1374, 5434, 4983, 5381, 4304, 3235, 2126, 1748, 3628, 3439, 1615, 5008, 4767, 3479, 862, 3772, 522, 5242, 980, 4258, 3229, 787, 4436, 3886, 4934, 1882, 5154, 3111, 1353, 1329, 299, 1286, 1212, 1588, 4679, 4669, 3495, 1902, 1362, 2606, 5310, 2142, 3632, 1053, 2593, 2740, 2107, 1110, 4029, 5045, 3603, 3962, 2979, 3204, 4830, 774, 3892, 3218, 893, 666, 932, 5118, 1568, 3523, 887, 4114, 3364, 3066, 3312, 2615, 2153, 4142, 5235, 3163, 4793, 1416, 4203, 2523, 238, 1892, 167, 1434, 1240, 3542, 3856, 4008, 390, 1993, 5366, 1494, 5309, 4876, 3467, 4351, 3729, 4213, 1627, 2350, 4418, 1099, 2207, 4350, 4122, 126, 1226, 3346, 485, 461, 4316, 2763, 4212, 538, 2524, 5137, 551, 2803, 2834, 1028, 3465, 4812, 3092, 4874, 3293, 4364, 1540, 4875, 2089, 1533, 3099, 3864, 314, 3853, 5025, 936, 3013, 547, 3527, 1135, 3179, 3708, 1959, 2915, 1442, 3343, 1715, 1172, 621, 5324, 1199, 2218, 5217, 2046, 385, 4953, 4311, 5305, 4496, 4448, 3631, 5176, 528, 806, 832, 4523, 4368, 2061, 3852, 3872, 878, 2944, 3826, 1467, 3920, 2032, 2785, 5312, 850, 4325, 4817, 4528, 4631, 2673, 1419, 4022, 4047, 3515, 1333, 345, 4140, 1753, 2596, 2459, 3492, 4064, 4012, 5284, 1581, 3747, 488, 4902, 3240, 3231, 4660, 2604, 5345, 4926, 2791, 3896, 1491, 62, 5174, 1469, 478, 839, 3052, 5062, 2006, 892, 5043, 3783, 340, 2905, 2423, 3993, 145, 1939, 472, 2728, 1229, 76, 1774, 4168, 646, 3755, 2302, 3833, 2309, 3784, 1300, 4491, 5167, 993, 1136, 4597, 452, 2637, 1828, 1575, 4987, 4857, 33, 5204, 2994, 3956, 3356, 1932, 2, 4439, 3004, 4692, 5417, 2931, 3118, 4801, 2631, 2453, 2649, 4176, 1000, 1371, 959, 4302, 330, 3585, 3258, 4332, 4564, 4725, 4301, 2469, 2933, 955, 3367, 4466, 744, 15, 1582, 2199, 2281, 3882, 4530, 3131, 1808, 3728, 5433, 1145, 2174, 4890, 5229, 1468, 101, 1355, 549, 1262, 1227, 3913, 2762, 5379, 222, 988, 3088, 3480, 1783, 532, 355, 4393, 2369, 5251, 1675, 2025, 2483, 2135, 2924, 665, 1760, 2705, 4338, 2951, 1507, 939, 1243, 1285, 632, 1360, 2827, 624, 3203, 2029, 3607, 3002, 4818, 130, 3381, 3846, 4011, 2056, 1458, 1350, 3758, 4947, 5322, 1059, 1556, 864, 3345, 2939, 3659, 1466, 2067, 4380, 2797, 1076, 431, 1740, 2293, 3737, 1952, 3664, 2632, 1656, 3790, 5410, 4058, 1211, 3445, 4428, 1109, 45, 2456, 2489, 4512, 3275, 3214, 4757, 239, 5109, 2555, 3958, 3740, 1644, 4596, 2331, 3316, 5007, 3371, 3656, 4028, 635, 1926, 995, 5012, 128, 3876, 2063, 758, 3815, 2641, 2374, 3138, 4190, 1850, 954, 4179, 5049, 2669, 3355, 1960, 2016, 2620, 4538, 4407, 5126, 3167, 5169, 403, 811, 65, 121, 968, 1332, 1816, 4324, 4062, 4576, 590, 4201, 3424, 159, 2950, 281, 4615, 2812, 1686, 3514, 2890, 2509, 411, 2992, 149, 3407, 1074, 2071, 1193, 237, 3770, 1809, 4245, 979, 3469, 5231, 4183, 4837, 4502]",432,500,5,False,500
261,human,human,3,True,True,True,"{2: 108, 1: 104, 5: 89, 4: 74, 3: 118, 0: 7}","[365, 353, 2801, 2313, 4363, 3055, 466, 5179, 4620, 922, 1488, 3354, 1490, 872, 280, 265, 3837, 2759, 5068, 1765, 2589, 1272, 2677, 4079, 926, 4931, 1511, 989, 3357, 999, 2993, 4192, 5431, 5121, 5175, 2470, 2867, 1374, 5434, 4983, 5381, 4304, 3235, 2126, 1748, 3628, 3439, 1615, 5008, 4767, 3479, 862, 3772, 522, 5242, 980, 4258, 3229, 787, 4436, 3886, 4934, 1882, 5154, 3111, 1353, 1329, 299, 1286, 1212, 1588, 4679, 4669, 3495, 1902, 1362, 2606, 5310, 2142, 3632, 1053, 2593, 2740, 2107, 1110, 4029, 5045, 3603, 3962, 2979, 3204, 4830, 774, 3892, 3218, 893, 666, 932, 5118, 1568, 3523, 887, 4114, 3364, 3066, 3312, 2615, 2153, 4142, 5235, 3163, 4793, 1416, 4203, 2523, 238, 1892, 167, 1434, 1240, 3542, 3856, 4008, 390, 1993, 5366, 1494, 5309, 4876, 3467, 4351, 3729, 4213, 1627, 2350, 4418, 1099, 2207, 4350, 4122, 126, 1226, 3346, 485, 461, 4316, 2763, 4212, 538, 2524, 5137, 551, 2803, 2834, 1028, 3465, 4812, 3092, 4874, 3293, 4364, 1540, 4875, 2089, 1533, 3099, 3864, 314, 3853, 5025, 936, 3013, 547, 3527, 1135, 3179, 3708, 1959, 2915, 1442, 3343, 1715, 1172, 621, 5324, 1199, 2218, 5217, 2046, 385, 4953, 4311, 5305, 4496, 4448, 3631, 5176, 528, 806, 832, 4523, 4368, 2061, 3852, 3872, 878, 2944, 3826, 1467, 3920, 2032, 2785, 5312, 850, 4325, 4817, 4528, 4631, 2673, 1419, 4022, 4047, 3515, 1333, 345, 4140, 1753, 2596, 2459, 3492, 4064, 4012, 5284, 1581, 3747, 488, 4902, 3240, 3231, 4660, 2604, 5345, 4926, 2791, 3896, 1491, 62, 5174, 1469, 478, 839, 3052, 5062, 2006, 892, 5043, 3783, 340, 2905, 2423, 3993, 145, 1939, 472, 2728, 1229, 76, 1774, 4168, 646, 3755, 2302, 3833, 2309, 3784, 1300, 4491, 5167, 993, 1136, 4597, 452, 2637, 1828, 1575, 4987, 4857, 33, 5204, 2994, 3956, 3356, 1932, 2, 4439, 3004, 4692, 5417, 2931, 3118, 4801, 2631, 2453, 2649, 4176, 1000, 1371, 959, 4302, 330, 3585, 3258, 4332, 4564, 4725, 4301, 2469, 2933, 955, 3367, 4466, 744, 15, 1582, 2199, 2281, 3882, 4530, 3131, 1808, 3728, 5433, 1145, 2174, 4890, 5229, 1468, 101, 1355, 549, 1262, 1227, 3913, 2762, 5379, 222, 988, 3088, 3480, 1783, 532, 355, 4393, 2369, 5251, 1675, 2025, 2483, 2135, 2924, 665, 1760, 2705, 4338, 2951, 1507, 939, 1243, 1285, 632, 1360, 2827, 624, 3203, 2029, 3607, 3002, 4818, 130, 3381, 3846, 4011, 2056, 1458, 1350, 3758, 4947, 5322, 1059, 1556, 864, 3345, 2939, 3659, 1466, 2067, 4380, 2797, 1076, 431, 1740, 2293, 3737, 1952, 3664, 2632, 1656, 3790, 5410, 4058, 1211, 3445, 4428, 1109, 45, 2456, 2489, 4512, 3275, 3214, 4757, 239, 5109, 2555, 3958, 3740, 1644, 4596, 2331, 3316, 5007, 3371, 3656, 4028, 635, 1926, 995, 5012, 128, 3876, 2063, 758, 3815, 2641, 2374, 3138, 4190, 1850, 954, 4179, 5049, 2669, 3355, 1960, 2016, 2620, 4538, 4407, 5126, 3167, 5169, 403, 811, 65, 121, 968, 1332, 1816, 4324, 4062, 4576, 590, 4201, 3424, 159, 2950, 281, 4615, 2812, 1686, 3514, 2890, 2509, 411, 2992, 149, 3407, 1074, 2071, 1193, 237, 3770, 1809, 4245, 979, 3469, 5231, 4183, 4837, 4502]",261,500,5,False,500
234,location,entity,1,True,False,True,"{2: 108, 1: 104, 5: 89, 4: 74, 3: 118, 0: 7}","[365, 353, 2801, 2313, 4363, 3055, 466, 5179, 4620, 922, 1488, 3354, 1490, 872, 280, 265, 3837, 2759, 5068, 1765, 2589, 1272, 2677, 4079, 926, 4931, 1511, 989, 3357, 999, 2993, 4192, 5431, 5121, 5175, 2470, 2867, 1374, 5434, 4983, 5381, 4304, 3235, 2126, 1748, 3628, 3439, 1615, 5008, 4767, 3479, 862, 3772, 522, 5242, 980, 4258, 3229, 787, 4436, 3886, 4934, 1882, 5154, 3111, 1353, 1329, 299, 1286, 1212, 1588, 4679, 4669, 3495, 1902, 1362, 2606, 5310, 2142, 3632, 1053, 2593, 2740, 2107, 1110, 4029, 5045, 3603, 3962, 2979, 3204, 4830, 774, 3892, 3218, 893, 666, 932, 5118, 1568, 3523, 887, 4114, 3364, 3066, 3312, 2615, 2153, 4142, 5235, 3163, 4793, 1416, 4203, 2523, 238, 1892, 167, 1434, 1240, 3542, 3856, 4008, 390, 1993, 5366, 1494, 5309, 4876, 3467, 4351, 3729, 4213, 1627, 2350, 4418, 1099, 2207, 4350, 4122, 126, 1226, 3346, 485, 461, 4316, 2763, 4212, 538, 2524, 5137, 551, 2803, 2834, 1028, 3465, 4812, 3092, 4874, 3293, 4364, 1540, 4875, 2089, 1533, 3099, 3864, 314, 3853, 5025, 936, 3013, 547, 3527, 1135, 3179, 3708, 1959, 2915, 1442, 3343, 1715, 1172, 621, 5324, 1199, 2218, 5217, 2046, 385, 4953, 4311, 5305, 4496, 4448, 3631, 5176, 528, 806, 832, 4523, 4368, 2061, 3852, 3872, 878, 2944, 3826, 1467, 3920, 2032, 2785, 5312, 850, 4325, 4817, 4528, 4631, 2673, 1419, 4022, 4047, 3515, 1333, 345, 4140, 1753, 2596, 2459, 3492, 4064, 4012, 5284, 1581, 3747, 488, 4902, 3240, 3231, 4660, 2604, 5345, 4926, 2791, 3896, 1491, 62, 5174, 1469, 478, 839, 3052, 5062, 2006, 892, 5043, 3783, 340, 2905, 2423, 3993, 145, 1939, 472, 2728, 1229, 76, 1774, 4168, 646, 3755, 2302, 3833, 2309, 3784, 1300, 4491, 5167, 993, 1136, 4597, 452, 2637, 1828, 1575, 4987, 4857, 33, 5204, 2994, 3956, 3356, 1932, 2, 4439, 3004, 4692, 5417, 2931, 3118, 4801, 2631, 2453, 2649, 4176, 1000, 1371, 959, 4302, 330, 3585, 3258, 4332, 4564, 4725, 4301, 2469, 2933, 955, 3367, 4466, 744, 15, 1582, 2199, 2281, 3882, 4530, 3131, 1808, 3728, 5433, 1145, 2174, 4890, 5229, 1468, 101, 1355, 549, 1262, 1227, 3913, 2762, 5379, 222, 988, 3088, 3480, 1783, 532, 355, 4393, 2369, 5251, 1675, 2025, 2483, 2135, 2924, 665, 1760, 2705, 4338, 2951, 1507, 939, 1243, 1285, 632, 1360, 2827, 624, 3203, 2029, 3607, 3002, 4818, 130, 3381, 3846, 4011, 2056, 1458, 1350, 3758, 4947, 5322, 1059, 1556, 864, 3345, 2939, 3659, 1466, 2067, 4380, 2797, 1076, 431, 1740, 2293, 3737, 1952, 3664, 2632, 1656, 3790, 5410, 4058, 1211, 3445, 4428, 1109, 45, 2456, 2489, 4512, 3275, 3214, 4757, 239, 5109, 2555, 3958, 3740, 1644, 4596, 2331, 3316, 5007, 3371, 3656, 4028, 635, 1926, 995, 5012, 128, 3876, 2063, 758, 3815, 2641, 2374, 3138, 4190, 1850, 954, 4179, 5049, 2669, 3355, 1960, 2016, 2620, 4538, 4407, 5126, 3167, 5169, 403, 811, 65, 121, 968, 1332, 1816, 4324, 4062, 4576, 590, 4201, 3424, 159, 2950, 281, 4615, 2812, 1686, 3514, 2890, 2509, 411, 2992, 149, 3407, 1074, 2071, 1193, 237, 3770, 1809, 4245, 979, 3469, 5231, 4183, 4837, 4502]",234,500,5,False,500
264,numeric,numeric,5,True,True,True,"{2: 108, 1: 104, 5: 89, 4: 74, 3: 118, 0: 7}","[365, 353, 2801, 2313, 4363, 3055, 466, 5179, 4620, 922, 1488, 3354, 1490, 872, 280, 265, 3837, 2759, 5068, 1765, 2589, 1272, 2677, 4079, 926, 4931, 1511, 989, 3357, 999, 2993, 4192, 5431, 5121, 5175, 2470, 2867, 1374, 5434, 4983, 5381, 4304, 3235, 2126, 1748, 3628, 3439, 1615, 5008, 4767, 3479, 862, 3772, 522, 5242, 980, 4258, 3229, 787, 4436, 3886, 4934, 1882, 5154, 3111, 1353, 1329, 299, 1286, 1212, 1588, 4679, 4669, 3495, 1902, 1362, 2606, 5310, 2142, 3632, 1053, 2593, 2740, 2107, 1110, 4029, 5045, 3603, 3962, 2979, 3204, 4830, 774, 3892, 3218, 893, 666, 932, 5118, 1568, 3523, 887, 4114, 3364, 3066, 3312, 2615, 2153, 4142, 5235, 3163, 4793, 1416, 4203, 2523, 238, 1892, 167, 1434, 1240, 3542, 3856, 4008, 390, 1993, 5366, 1494, 5309, 4876, 3467, 4351, 3729, 4213, 1627, 2350, 4418, 1099, 2207, 4350, 4122, 126, 1226, 3346, 485, 461, 4316, 2763, 4212, 538, 2524, 5137, 551, 2803, 2834, 1028, 3465, 4812, 3092, 4874, 3293, 4364, 1540, 4875, 2089, 1533, 3099, 3864, 314, 3853, 5025, 936, 3013, 547, 3527, 1135, 3179, 3708, 1959, 2915, 1442, 3343, 1715, 1172, 621, 5324, 1199, 2218, 5217, 2046, 385, 4953, 4311, 5305, 4496, 4448, 3631, 5176, 528, 806, 832, 4523, 4368, 2061, 3852, 3872, 878, 2944, 3826, 1467, 3920, 2032, 2785, 5312, 850, 4325, 4817, 4528, 4631, 2673, 1419, 4022, 4047, 3515, 1333, 345, 4140, 1753, 2596, 2459, 3492, 4064, 4012, 5284, 1581, 3747, 488, 4902, 3240, 3231, 4660, 2604, 5345, 4926, 2791, 3896, 1491, 62, 5174, 1469, 478, 839, 3052, 5062, 2006, 892, 5043, 3783, 340, 2905, 2423, 3993, 145, 1939, 472, 2728, 1229, 76, 1774, 4168, 646, 3755, 2302, 3833, 2309, 3784, 1300, 4491, 5167, 993, 1136, 4597, 452, 2637, 1828, 1575, 4987, 4857, 33, 5204, 2994, 3956, 3356, 1932, 2, 4439, 3004, 4692, 5417, 2931, 3118, 4801, 2631, 2453, 2649, 4176, 1000, 1371, 959, 4302, 330, 3585, 3258, 4332, 4564, 4725, 4301, 2469, 2933, 955, 3367, 4466, 744, 15, 1582, 2199, 2281, 3882, 4530, 3131, 1808, 3728, 5433, 1145, 2174, 4890, 5229, 1468, 101, 1355, 549, 1262, 1227, 3913, 2762, 5379, 222, 988, 3088, 3480, 1783, 532, 355, 4393, 2369, 5251, 1675, 2025, 2483, 2135, 2924, 665, 1760, 2705, 4338, 2951, 1507, 939, 1243, 1285, 632, 1360, 2827, 624, 3203, 2029, 3607, 3002, 4818, 130, 3381, 3846, 4011, 2056, 1458, 1350, 3758, 4947, 5322, 1059, 1556, 864, 3345, 2939, 3659, 1466, 2067, 4380, 2797, 1076, 431, 1740, 2293, 3737, 1952, 3664, 2632, 1656, 3790, 5410, 4058, 1211, 3445, 4428, 1109, 45, 2456, 2489, 4512, 3275, 3214, 4757, 239, 5109, 2555, 3958, 3740, 1644, 4596, 2331, 3316, 5007, 3371, 3656, 4028, 635, 1926, 995, 5012, 128, 3876, 2063, 758, 3815, 2641, 2374, 3138, 4190, 1850, 954, 4179, 5049, 2669, 3355, 1960, 2016, 2620, 4538, 4407, 5126, 3167, 5169, 403, 811, 65, 121, 968, 1332, 1816, 4324, 4062, 4576, 590, 4201, 3424, 159, 2950, 281, 4615, 2812, 1686, 3514, 2890, 2509, 411, 2992, 149, 3407, 1074, 2071, 1193, 237, 3770, 1809, 4245, 979, 3469, 5231, 4183, 4837, 4502]",264,500,5,False,500
473,numeric,numeric,5,True,True,True,"{2: 108, 1: 104, 5: 89, 4: 74, 3: 118, 0: 7}","[365, 353, 2801, 2313, 4363, 3055, 466, 5179, 4620, 922, 1488, 3354, 1490, 872, 280, 265, 3837, 2759, 5068, 1765, 2589, 1272, 2677, 4079, 926, 4931, 1511, 989, 3357, 999, 2993, 4192, 5431, 5121, 5175, 2470, 2867, 1374, 5434, 4983, 5381, 4304, 3235, 2126, 1748, 3628, 3439, 1615, 5008, 4767, 3479, 862, 3772, 522, 5242, 980, 4258, 3229, 787, 4436, 3886, 4934, 1882, 5154, 3111, 1353, 1329, 299, 1286, 1212, 1588, 4679, 4669, 3495, 1902, 1362, 2606, 5310, 2142, 3632, 1053, 2593, 2740, 2107, 1110, 4029, 5045, 3603, 3962, 2979, 3204, 4830, 774, 3892, 3218, 893, 666, 932, 5118, 1568, 3523, 887, 4114, 3364, 3066, 3312, 2615, 2153, 4142, 5235, 3163, 4793, 1416, 4203, 2523, 238, 1892, 167, 1434, 1240, 3542, 3856, 4008, 390, 1993, 5366, 1494, 5309, 4876, 3467, 4351, 3729, 4213, 1627, 2350, 4418, 1099, 2207, 4350, 4122, 126, 1226, 3346, 485, 461, 4316, 2763, 4212, 538, 2524, 5137, 551, 2803, 2834, 1028, 3465, 4812, 3092, 4874, 3293, 4364, 1540, 4875, 2089, 1533, 3099, 3864, 314, 3853, 5025, 936, 3013, 547, 3527, 1135, 3179, 3708, 1959, 2915, 1442, 3343, 1715, 1172, 621, 5324, 1199, 2218, 5217, 2046, 385, 4953, 4311, 5305, 4496, 4448, 3631, 5176, 528, 806, 832, 4523, 4368, 2061, 3852, 3872, 878, 2944, 3826, 1467, 3920, 2032, 2785, 5312, 850, 4325, 4817, 4528, 4631, 2673, 1419, 4022, 4047, 3515, 1333, 345, 4140, 1753, 2596, 2459, 3492, 4064, 4012, 5284, 1581, 3747, 488, 4902, 3240, 3231, 4660, 2604, 5345, 4926, 2791, 3896, 1491, 62, 5174, 1469, 478, 839, 3052, 5062, 2006, 892, 5043, 3783, 340, 2905, 2423, 3993, 145, 1939, 472, 2728, 1229, 76, 1774, 4168, 646, 3755, 2302, 3833, 2309, 3784, 1300, 4491, 5167, 993, 1136, 4597, 452, 2637, 1828, 1575, 4987, 4857, 33, 5204, 2994, 3956, 3356, 1932, 2, 4439, 3004, 4692, 5417, 2931, 3118, 4801, 2631, 2453, 2649, 4176, 1000, 1371, 959, 4302, 330, 3585, 3258, 4332, 4564, 4725, 4301, 2469, 2933, 955, 3367, 4466, 744, 15, 1582, 2199, 2281, 3882, 4530, 3131, 1808, 3728, 5433, 1145, 2174, 4890, 5229, 1468, 101, 1355, 549, 1262, 1227, 3913, 2762, 5379, 222, 988, 3088, 3480, 1783, 532, 355, 4393, 2369, 5251, 1675, 2025, 2483, 2135, 2924, 665, 1760, 2705, 4338, 2951, 1507, 939, 1243, 1285, 632, 1360, 2827, 624, 3203, 2029, 3607, 3002, 4818, 130, 3381, 3846, 4011, 2056, 1458, 1350, 3758, 4947, 5322, 1059, 1556, 864, 3345, 2939, 3659, 1466, 2067, 4380, 2797, 1076, 431, 1740, 2293, 3737, 1952, 3664, 2632, 1656, 3790, 5410, 4058, 1211, 3445, 4428, 1109, 45, 2456, 2489, 4512, 3275, 3214, 4757, 239, 5109, 2555, 3958, 3740, 1644, 4596, 2331, 3316, 5007, 3371, 3656, 4028, 635, 1926, 995, 5012, 128, 3876, 2063, 758, 3815, 2641, 2374, 3138, 4190, 1850, 954, 4179, 5049, 2669, 3355, 1960, 2016, 2620, 4538, 4407, 5126, 3167, 5169, 403, 811, 65, 121, 968, 1332, 1816, 4324, 4062, 4576, 590, 4201, 3424, 159, 2950, 281, 4615, 2812, 1686, 3514, 2890, 2509, 411, 2992, 149, 3407, 1074, 2071, 1193, 237, 3770, 1809, 4245, 979, 3469, 5231, 4183, 4837, 4502]",473,500,5,False,500
267,numeric,location,4,True,False,True,"{2: 108, 1: 104, 5: 89, 4: 74, 3: 118, 0: 7}","[365, 353, 2801, 2313, 4363, 3055, 466, 5179, 4620, 922, 1488, 3354, 1490, 872, 280, 265, 3837, 2759, 5068, 1765, 2589, 1272, 2677, 4079, 926, 4931, 1511, 989, 3357, 999, 2993, 4192, 5431, 5121, 5175, 2470, 2867, 1374, 5434, 4983, 5381, 4304, 3235, 2126, 1748, 3628, 3439, 1615, 5008, 4767, 3479, 862, 3772, 522, 5242, 980, 4258, 3229, 787, 4436, 3886, 4934, 1882, 5154, 3111, 1353, 1329, 299, 1286, 1212, 1588, 4679, 4669, 3495, 1902, 1362, 2606, 5310, 2142, 3632, 1053, 2593, 2740, 2107, 1110, 4029, 5045, 3603, 3962, 2979, 3204, 4830, 774, 3892, 3218, 893, 666, 932, 5118, 1568, 3523, 887, 4114, 3364, 3066, 3312, 2615, 2153, 4142, 5235, 3163, 4793, 1416, 4203, 2523, 238, 1892, 167, 1434, 1240, 3542, 3856, 4008, 390, 1993, 5366, 1494, 5309, 4876, 3467, 4351, 3729, 4213, 1627, 2350, 4418, 1099, 2207, 4350, 4122, 126, 1226, 3346, 485, 461, 4316, 2763, 4212, 538, 2524, 5137, 551, 2803, 2834, 1028, 3465, 4812, 3092, 4874, 3293, 4364, 1540, 4875, 2089, 1533, 3099, 3864, 314, 3853, 5025, 936, 3013, 547, 3527, 1135, 3179, 3708, 1959, 2915, 1442, 3343, 1715, 1172, 621, 5324, 1199, 2218, 5217, 2046, 385, 4953, 4311, 5305, 4496, 4448, 3631, 5176, 528, 806, 832, 4523, 4368, 2061, 3852, 3872, 878, 2944, 3826, 1467, 3920, 2032, 2785, 5312, 850, 4325, 4817, 4528, 4631, 2673, 1419, 4022, 4047, 3515, 1333, 345, 4140, 1753, 2596, 2459, 3492, 4064, 4012, 5284, 1581, 3747, 488, 4902, 3240, 3231, 4660, 2604, 5345, 4926, 2791, 3896, 1491, 62, 5174, 1469, 478, 839, 3052, 5062, 2006, 892, 5043, 3783, 340, 2905, 2423, 3993, 145, 1939, 472, 2728, 1229, 76, 1774, 4168, 646, 3755, 2302, 3833, 2309, 3784, 1300, 4491, 5167, 993, 1136, 4597, 452, 2637, 1828, 1575, 4987, 4857, 33, 5204, 2994, 3956, 3356, 1932, 2, 4439, 3004, 4692, 5417, 2931, 3118, 4801, 2631, 2453, 2649, 4176, 1000, 1371, 959, 4302, 330, 3585, 3258, 4332, 4564, 4725, 4301, 2469, 2933, 955, 3367, 4466, 744, 15, 1582, 2199, 2281, 3882, 4530, 3131, 1808, 3728, 5433, 1145, 2174, 4890, 5229, 1468, 101, 1355, 549, 1262, 1227, 3913, 2762, 5379, 222, 988, 3088, 3480, 1783, 532, 355, 4393, 2369, 5251, 1675, 2025, 2483, 2135, 2924, 665, 1760, 2705, 4338, 2951, 1507, 939, 1243, 1285, 632, 1360, 2827, 624, 3203, 2029, 3607, 3002, 4818, 130, 3381, 3846, 4011, 2056, 1458, 1350, 3758, 4947, 5322, 1059, 1556, 864, 3345, 2939, 3659, 1466, 2067, 4380, 2797, 1076, 431, 1740, 2293, 3737, 1952, 3664, 2632, 1656, 3790, 5410, 4058, 1211, 3445, 4428, 1109, 45, 2456, 2489, 4512, 3275, 3214, 4757, 239, 5109, 2555, 3958, 3740, 1644, 4596, 2331, 3316, 5007, 3371, 3656, 4028, 635, 1926, 995, 5012, 128, 3876, 2063, 758, 3815, 2641, 2374, 3138, 4190, 1850, 954, 4179, 5049, 2669, 3355, 1960, 2016, 2620, 4538, 4407, 5126, 3167, 5169, 403, 811, 65, 121, 968, 1332, 1816, 4324, 4062, 4576, 590, 4201, 3424, 159, 2950, 281, 4615, 2812, 1686, 3514, 2890, 2509, 411, 2992, 149, 3407, 1074, 2071, 1193, 237, 3770, 1809, 4245, 979, 3469, 5231, 4183, 4837, 4502]",267,500,5,False,500
428,description,description,2,True,True,True,"{2: 108, 1: 104, 5: 89, 4: 74, 3: 118, 0: 7}","[365, 353, 2801, 2313, 4363, 3055, 466, 5179, 4620, 922, 1488, 3354, 1490, 872, 280, 265, 3837, 2759, 5068, 1765, 2589, 1272, 2677, 4079, 926, 4931, 1511, 989, 3357, 999, 2993, 4192, 5431, 5121, 5175, 2470, 2867, 1374, 5434, 4983, 5381, 4304, 3235, 2126, 1748, 3628, 3439, 1615, 5008, 4767, 3479, 862, 3772, 522, 5242, 980, 4258, 3229, 787, 4436, 3886, 4934, 1882, 5154, 3111, 1353, 1329, 299, 1286, 1212, 1588, 4679, 4669, 3495, 1902, 1362, 2606, 5310, 2142, 3632, 1053, 2593, 2740, 2107, 1110, 4029, 5045, 3603, 3962, 2979, 3204, 4830, 774, 3892, 3218, 893, 666, 932, 5118, 1568, 3523, 887, 4114, 3364, 3066, 3312, 2615, 2153, 4142, 5235, 3163, 4793, 1416, 4203, 2523, 238, 1892, 167, 1434, 1240, 3542, 3856, 4008, 390, 1993, 5366, 1494, 5309, 4876, 3467, 4351, 3729, 4213, 1627, 2350, 4418, 1099, 2207, 4350, 4122, 126, 1226, 3346, 485, 461, 4316, 2763, 4212, 538, 2524, 5137, 551, 2803, 2834, 1028, 3465, 4812, 3092, 4874, 3293, 4364, 1540, 4875, 2089, 1533, 3099, 3864, 314, 3853, 5025, 936, 3013, 547, 3527, 1135, 3179, 3708, 1959, 2915, 1442, 3343, 1715, 1172, 621, 5324, 1199, 2218, 5217, 2046, 385, 4953, 4311, 5305, 4496, 4448, 3631, 5176, 528, 806, 832, 4523, 4368, 2061, 3852, 3872, 878, 2944, 3826, 1467, 3920, 2032, 2785, 5312, 850, 4325, 4817, 4528, 4631, 2673, 1419, 4022, 4047, 3515, 1333, 345, 4140, 1753, 2596, 2459, 3492, 4064, 4012, 5284, 1581, 3747, 488, 4902, 3240, 3231, 4660, 2604, 5345, 4926, 2791, 3896, 1491, 62, 5174, 1469, 478, 839, 3052, 5062, 2006, 892, 5043, 3783, 340, 2905, 2423, 3993, 145, 1939, 472, 2728, 1229, 76, 1774, 4168, 646, 3755, 2302, 3833, 2309, 3784, 1300, 4491, 5167, 993, 1136, 4597, 452, 2637, 1828, 1575, 4987, 4857, 33, 5204, 2994, 3956, 3356, 1932, 2, 4439, 3004, 4692, 5417, 2931, 3118, 4801, 2631, 2453, 2649, 4176, 1000, 1371, 959, 4302, 330, 3585, 3258, 4332, 4564, 4725, 4301, 2469, 2933, 955, 3367, 4466, 744, 15, 1582, 2199, 2281, 3882, 4530, 3131, 1808, 3728, 5433, 1145, 2174, 4890, 5229, 1468, 101, 1355, 549, 1262, 1227, 3913, 2762, 5379, 222, 988, 3088, 3480, 1783, 532, 355, 4393, 2369, 5251, 1675, 2025, 2483, 2135, 2924, 665, 1760, 2705, 4338, 2951, 1507, 939, 1243, 1285, 632, 1360, 2827, 624, 3203, 2029, 3607, 3002, 4818, 130, 3381, 3846, 4011, 2056, 1458, 1350, 3758, 4947, 5322, 1059, 1556, 864, 3345, 2939, 3659, 1466, 2067, 4380, 2797, 1076, 431, 1740, 2293, 3737, 1952, 3664, 2632, 1656, 3790, 5410, 4058, 1211, 3445, 4428, 1109, 45, 2456, 2489, 4512, 3275, 3214, 4757, 239, 5109, 2555, 3958, 3740, 1644, 4596, 2331, 3316, 5007, 3371, 3656, 4028, 635, 1926, 995, 5012, 128, 3876, 2063, 758, 3815, 2641, 2374, 3138, 4190, 1850, 954, 4179, 5049, 2669, 3355, 1960, 2016, 2620, 4538, 4407, 5126, 3167, 5169, 403, 811, 65, 121, 968, 1332, 1816, 4324, 4062, 4576, 590, 4201, 3424, 159, 2950, 281, 4615, 2812, 1686, 3514, 2890, 2509, 411, 2992, 149, 3407, 1074, 2071, 1193, 237, 3770, 1809, 4245, 979, 3469, 5231, 4183, 4837, 4502]",428,500,5,False,500
47,entity,description,2,True,False,True,"{2: 108, 1: 104, 5: 89, 4: 74, 3: 118, 0: 7}","[365, 353, 2801, 2313, 4363, 3055, 466, 5179, 4620, 922, 1488, 3354, 1490, 872, 280, 265, 3837, 2759, 5068, 1765, 2589, 1272, 2677, 4079, 926, 4931, 1511, 989, 3357, 999, 2993, 4192, 5431, 5121, 5175, 2470, 2867, 1374, 5434, 4983, 5381, 4304, 3235, 2126, 1748, 3628, 3439, 1615, 5008, 4767, 3479, 862, 3772, 522, 5242, 980, 4258, 3229, 787, 4436, 3886, 4934, 1882, 5154, 3111, 1353, 1329, 299, 1286, 1212, 1588, 4679, 4669, 3495, 1902, 1362, 2606, 5310, 2142, 3632, 1053, 2593, 2740, 2107, 1110, 4029, 5045, 3603, 3962, 2979, 3204, 4830, 774, 3892, 3218, 893, 666, 932, 5118, 1568, 3523, 887, 4114, 3364, 3066, 3312, 2615, 2153, 4142, 5235, 3163, 4793, 1416, 4203, 2523, 238, 1892, 167, 1434, 1240, 3542, 3856, 4008, 390, 1993, 5366, 1494, 5309, 4876, 3467, 4351, 3729, 4213, 1627, 2350, 4418, 1099, 2207, 4350, 4122, 126, 1226, 3346, 485, 461, 4316, 2763, 4212, 538, 2524, 5137, 551, 2803, 2834, 1028, 3465, 4812, 3092, 4874, 3293, 4364, 1540, 4875, 2089, 1533, 3099, 3864, 314, 3853, 5025, 936, 3013, 547, 3527, 1135, 3179, 3708, 1959, 2915, 1442, 3343, 1715, 1172, 621, 5324, 1199, 2218, 5217, 2046, 385, 4953, 4311, 5305, 4496, 4448, 3631, 5176, 528, 806, 832, 4523, 4368, 2061, 3852, 3872, 878, 2944, 3826, 1467, 3920, 2032, 2785, 5312, 850, 4325, 4817, 4528, 4631, 2673, 1419, 4022, 4047, 3515, 1333, 345, 4140, 1753, 2596, 2459, 3492, 4064, 4012, 5284, 1581, 3747, 488, 4902, 3240, 3231, 4660, 2604, 5345, 4926, 2791, 3896, 1491, 62, 5174, 1469, 478, 839, 3052, 5062, 2006, 892, 5043, 3783, 340, 2905, 2423, 3993, 145, 1939, 472, 2728, 1229, 76, 1774, 4168, 646, 3755, 2302, 3833, 2309, 3784, 1300, 4491, 5167, 993, 1136, 4597, 452, 2637, 1828, 1575, 4987, 4857, 33, 5204, 2994, 3956, 3356, 1932, 2, 4439, 3004, 4692, 5417, 2931, 3118, 4801, 2631, 2453, 2649, 4176, 1000, 1371, 959, 4302, 330, 3585, 3258, 4332, 4564, 4725, 4301, 2469, 2933, 955, 3367, 4466, 744, 15, 1582, 2199, 2281, 3882, 4530, 3131, 1808, 3728, 5433, 1145, 2174, 4890, 5229, 1468, 101, 1355, 549, 1262, 1227, 3913, 2762, 5379, 222, 988, 3088, 3480, 1783, 532, 355, 4393, 2369, 5251, 1675, 2025, 2483, 2135, 2924, 665, 1760, 2705, 4338, 2951, 1507, 939, 1243, 1285, 632, 1360, 2827, 624, 3203, 2029, 3607, 3002, 4818, 130, 3381, 3846, 4011, 2056, 1458, 1350, 3758, 4947, 5322, 1059, 1556, 864, 3345, 2939, 3659, 1466, 2067, 4380, 2797, 1076, 431, 1740, 2293, 3737, 1952, 3664, 2632, 1656, 3790, 5410, 4058, 1211, 3445, 4428, 1109, 45, 2456, 2489, 4512, 3275, 3214, 4757, 239, 5109, 2555, 3958, 3740, 1644, 4596, 2331, 3316, 5007, 3371, 3656, 4028, 635, 1926, 995, 5012, 128, 3876, 2063, 758, 3815, 2641, 2374, 3138, 4190, 1850, 954, 4179, 5049, 2669, 3355, 1960, 2016, 2620, 4538, 4407, 5126, 3167, 5169, 403, 811, 65, 121, 968, 1332, 1816, 4324, 4062, 4576, 590, 4201, 3424, 159, 2950, 281, 4615, 2812, 1686, 3514, 2890, 2509, 411, 2992, 149, 3407, 1074, 2071, 1193, 237, 3770, 1809, 4245, 979, 3469, 5231, 4183, 4837, 4502]",47,500,5,False,500
10,numeric,location,4,True,False,True,"{2: 108, 1: 104, 5: 89, 4: 74, 3: 118, 0: 7}","[365, 353, 2801, 2313, 4363, 3055, 466, 5179, 4620, 922, 1488, 3354, 1490, 872, 280, 265, 3837, 2759, 5068, 1765, 2589, 1272, 2677, 4079, 926, 4931, 1511, 989, 3357, 999, 2993, 4192, 5431, 5121, 5175, 2470, 2867, 1374, 5434, 4983, 5381, 4304, 3235, 2126, 1748, 3628, 3439, 1615, 5008, 4767, 3479, 862, 3772, 522, 5242, 980, 4258, 3229, 787, 4436, 3886, 4934, 1882, 5154, 3111, 1353, 1329, 299, 1286, 1212, 1588, 4679, 4669, 3495, 1902, 1362, 2606, 5310, 2142, 3632, 1053, 2593, 2740, 2107, 1110, 4029, 5045, 3603, 3962, 2979, 3204, 4830, 774, 3892, 3218, 893, 666, 932, 5118, 1568, 3523, 887, 4114, 3364, 3066, 3312, 2615, 2153, 4142, 5235, 3163, 4793, 1416, 4203, 2523, 238, 1892, 167, 1434, 1240, 3542, 3856, 4008, 390, 1993, 5366, 1494, 5309, 4876, 3467, 4351, 3729, 4213, 1627, 2350, 4418, 1099, 2207, 4350, 4122, 126, 1226, 3346, 485, 461, 4316, 2763, 4212, 538, 2524, 5137, 551, 2803, 2834, 1028, 3465, 4812, 3092, 4874, 3293, 4364, 1540, 4875, 2089, 1533, 3099, 3864, 314, 3853, 5025, 936, 3013, 547, 3527, 1135, 3179, 3708, 1959, 2915, 1442, 3343, 1715, 1172, 621, 5324, 1199, 2218, 5217, 2046, 385, 4953, 4311, 5305, 4496, 4448, 3631, 5176, 528, 806, 832, 4523, 4368, 2061, 3852, 3872, 878, 2944, 3826, 1467, 3920, 2032, 2785, 5312, 850, 4325, 4817, 4528, 4631, 2673, 1419, 4022, 4047, 3515, 1333, 345, 4140, 1753, 2596, 2459, 3492, 4064, 4012, 5284, 1581, 3747, 488, 4902, 3240, 3231, 4660, 2604, 5345, 4926, 2791, 3896, 1491, 62, 5174, 1469, 478, 839, 3052, 5062, 2006, 892, 5043, 3783, 340, 2905, 2423, 3993, 145, 1939, 472, 2728, 1229, 76, 1774, 4168, 646, 3755, 2302, 3833, 2309, 3784, 1300, 4491, 5167, 993, 1136, 4597, 452, 2637, 1828, 1575, 4987, 4857, 33, 5204, 2994, 3956, 3356, 1932, 2, 4439, 3004, 4692, 5417, 2931, 3118, 4801, 2631, 2453, 2649, 4176, 1000, 1371, 959, 4302, 330, 3585, 3258, 4332, 4564, 4725, 4301, 2469, 2933, 955, 3367, 4466, 744, 15, 1582, 2199, 2281, 3882, 4530, 3131, 1808, 3728, 5433, 1145, 2174, 4890, 5229, 1468, 101, 1355, 549, 1262, 1227, 3913, 2762, 5379, 222, 988, 3088, 3480, 1783, 532, 355, 4393, 2369, 5251, 1675, 2025, 2483, 2135, 2924, 665, 1760, 2705, 4338, 2951, 1507, 939, 1243, 1285, 632, 1360, 2827, 624, 3203, 2029, 3607, 3002, 4818, 130, 3381, 3846, 4011, 2056, 1458, 1350, 3758, 4947, 5322, 1059, 1556, 864, 3345, 2939, 3659, 1466, 2067, 4380, 2797, 1076, 431, 1740, 2293, 3737, 1952, 3664, 2632, 1656, 3790, 5410, 4058, 1211, 3445, 4428, 1109, 45, 2456, 2489, 4512, 3275, 3214, 4757, 239, 5109, 2555, 3958, 3740, 1644, 4596, 2331, 3316, 5007, 3371, 3656, 4028, 635, 1926, 995, 5012, 128, 3876, 2063, 758, 3815, 2641, 2374, 3138, 4190, 1850, 954, 4179, 5049, 2669, 3355, 1960, 2016, 2620, 4538, 4407, 5126, 3167, 5169, 403, 811, 65, 121, 968, 1332, 1816, 4324, 4062, 4576, 590, 4201, 3424, 159, 2950, 281, 4615, 2812, 1686, 3514, 2890, 2509, 411, 2992, 149, 3407, 1074, 2071, 1193, 237, 3770, 1809, 4245, 979, 3469, 5231, 4183, 4837, 4502]",10,500,5,False,500
352,numeric,entity,1,True,False,True,"{2: 108, 1: 104, 5: 89, 4: 74, 3: 118, 0: 7}","[365, 353, 2801, 2313, 4363, 3055, 466, 5179, 4620, 922, 1488, 3354, 1490, 872, 280, 265, 3837, 2759, 5068, 1765, 2589, 1272, 2677, 4079, 926, 4931, 1511, 989, 3357, 999, 2993, 4192, 5431, 5121, 5175, 2470, 2867, 1374, 5434, 4983, 5381, 4304, 3235, 2126, 1748, 3628, 3439, 1615, 5008, 4767, 3479, 862, 3772, 522, 5242, 980, 4258, 3229, 787, 4436, 3886, 4934, 1882, 5154, 3111, 1353, 1329, 299, 1286, 1212, 1588, 4679, 4669, 3495, 1902, 1362, 2606, 5310, 2142, 3632, 1053, 2593, 2740, 2107, 1110, 4029, 5045, 3603, 3962, 2979, 3204, 4830, 774, 3892, 3218, 893, 666, 932, 5118, 1568, 3523, 887, 4114, 3364, 3066, 3312, 2615, 2153, 4142, 5235, 3163, 4793, 1416, 4203, 2523, 238, 1892, 167, 1434, 1240, 3542, 3856, 4008, 390, 1993, 5366, 1494, 5309, 4876, 3467, 4351, 3729, 4213, 1627, 2350, 4418, 1099, 2207, 4350, 4122, 126, 1226, 3346, 485, 461, 4316, 2763, 4212, 538, 2524, 5137, 551, 2803, 2834, 1028, 3465, 4812, 3092, 4874, 3293, 4364, 1540, 4875, 2089, 1533, 3099, 3864, 314, 3853, 5025, 936, 3013, 547, 3527, 1135, 3179, 3708, 1959, 2915, 1442, 3343, 1715, 1172, 621, 5324, 1199, 2218, 5217, 2046, 385, 4953, 4311, 5305, 4496, 4448, 3631, 5176, 528, 806, 832, 4523, 4368, 2061, 3852, 3872, 878, 2944, 3826, 1467, 3920, 2032, 2785, 5312, 850, 4325, 4817, 4528, 4631, 2673, 1419, 4022, 4047, 3515, 1333, 345, 4140, 1753, 2596, 2459, 3492, 4064, 4012, 5284, 1581, 3747, 488, 4902, 3240, 3231, 4660, 2604, 5345, 4926, 2791, 3896, 1491, 62, 5174, 1469, 478, 839, 3052, 5062, 2006, 892, 5043, 3783, 340, 2905, 2423, 3993, 145, 1939, 472, 2728, 1229, 76, 1774, 4168, 646, 3755, 2302, 3833, 2309, 3784, 1300, 4491, 5167, 993, 1136, 4597, 452, 2637, 1828, 1575, 4987, 4857, 33, 5204, 2994, 3956, 3356, 1932, 2, 4439, 3004, 4692, 5417, 2931, 3118, 4801, 2631, 2453, 2649, 4176, 1000, 1371, 959, 4302, 330, 3585, 3258, 4332, 4564, 4725, 4301, 2469, 2933, 955, 3367, 4466, 744, 15, 1582, 2199, 2281, 3882, 4530, 3131, 1808, 3728, 5433, 1145, 2174, 4890, 5229, 1468, 101, 1355, 549, 1262, 1227, 3913, 2762, 5379, 222, 988, 3088, 3480, 1783, 532, 355, 4393, 2369, 5251, 1675, 2025, 2483, 2135, 2924, 665, 1760, 2705, 4338, 2951, 1507, 939, 1243, 1285, 632, 1360, 2827, 624, 3203, 2029, 3607, 3002, 4818, 130, 3381, 3846, 4011, 2056, 1458, 1350, 3758, 4947, 5322, 1059, 1556, 864, 3345, 2939, 3659, 1466, 2067, 4380, 2797, 1076, 431, 1740, 2293, 3737, 1952, 3664, 2632, 1656, 3790, 5410, 4058, 1211, 3445, 4428, 1109, 45, 2456, 2489, 4512, 3275, 3214, 4757, 239, 5109, 2555, 3958, 3740, 1644, 4596, 2331, 3316, 5007, 3371, 3656, 4028, 635, 1926, 995, 5012, 128, 3876, 2063, 758, 3815, 2641, 2374, 3138, 4190, 1850, 954, 4179, 5049, 2669, 3355, 1960, 2016, 2620, 4538, 4407, 5126, 3167, 5169, 403, 811, 65, 121, 968, 1332, 1816, 4324, 4062, 4576, 590, 4201, 3424, 159, 2950, 281, 4615, 2812, 1686, 3514, 2890, 2509, 411, 2992, 149, 3407, 1074, 2071, 1193, 237, 3770, 1809, 4245, 979, 3469, 5231, 4183, 4837, 4502]",352,500,5,False,500
275,entity,description,2,True,False,True,"{2: 108, 1: 104, 5: 89, 4: 74, 3: 118, 0: 7}","[365, 353, 2801, 2313, 4363, 3055, 466, 5179, 4620, 922, 1488, 3354, 1490, 872, 280, 265, 3837, 2759, 5068, 1765, 2589, 1272, 2677, 4079, 926, 4931, 1511, 989, 3357, 999, 2993, 4192, 5431, 5121, 5175, 2470, 2867, 1374, 5434, 4983, 5381, 4304, 3235, 2126, 1748, 3628, 3439, 1615, 5008, 4767, 3479, 862, 3772, 522, 5242, 980, 4258, 3229, 787, 4436, 3886, 4934, 1882, 5154, 3111, 1353, 1329, 299, 1286, 1212, 1588, 4679, 4669, 3495, 1902, 1362, 2606, 5310, 2142, 3632, 1053, 2593, 2740, 2107, 1110, 4029, 5045, 3603, 3962, 2979, 3204, 4830, 774, 3892, 3218, 893, 666, 932, 5118, 1568, 3523, 887, 4114, 3364, 3066, 3312, 2615, 2153, 4142, 5235, 3163, 4793, 1416, 4203, 2523, 238, 1892, 167, 1434, 1240, 3542, 3856, 4008, 390, 1993, 5366, 1494, 5309, 4876, 3467, 4351, 3729, 4213, 1627, 2350, 4418, 1099, 2207, 4350, 4122, 126, 1226, 3346, 485, 461, 4316, 2763, 4212, 538, 2524, 5137, 551, 2803, 2834, 1028, 3465, 4812, 3092, 4874, 3293, 4364, 1540, 4875, 2089, 1533, 3099, 3864, 314, 3853, 5025, 936, 3013, 547, 3527, 1135, 3179, 3708, 1959, 2915, 1442, 3343, 1715, 1172, 621, 5324, 1199, 2218, 5217, 2046, 385, 4953, 4311, 5305, 4496, 4448, 3631, 5176, 528, 806, 832, 4523, 4368, 2061, 3852, 3872, 878, 2944, 3826, 1467, 3920, 2032, 2785, 5312, 850, 4325, 4817, 4528, 4631, 2673, 1419, 4022, 4047, 3515, 1333, 345, 4140, 1753, 2596, 2459, 3492, 4064, 4012, 5284, 1581, 3747, 488, 4902, 3240, 3231, 4660, 2604, 5345, 4926, 2791, 3896, 1491, 62, 5174, 1469, 478, 839, 3052, 5062, 2006, 892, 5043, 3783, 340, 2905, 2423, 3993, 145, 1939, 472, 2728, 1229, 76, 1774, 4168, 646, 3755, 2302, 3833, 2309, 3784, 1300, 4491, 5167, 993, 1136, 4597, 452, 2637, 1828, 1575, 4987, 4857, 33, 5204, 2994, 3956, 3356, 1932, 2, 4439, 3004, 4692, 5417, 2931, 3118, 4801, 2631, 2453, 2649, 4176, 1000, 1371, 959, 4302, 330, 3585, 3258, 4332, 4564, 4725, 4301, 2469, 2933, 955, 3367, 4466, 744, 15, 1582, 2199, 2281, 3882, 4530, 3131, 1808, 3728, 5433, 1145, 2174, 4890, 5229, 1468, 101, 1355, 549, 1262, 1227, 3913, 2762, 5379, 222, 988, 3088, 3480, 1783, 532, 355, 4393, 2369, 5251, 1675, 2025, 2483, 2135, 2924, 665, 1760, 2705, 4338, 2951, 1507, 939, 1243, 1285, 632, 1360, 2827, 624, 3203, 2029, 3607, 3002, 4818, 130, 3381, 3846, 4011, 2056, 1458, 1350, 3758, 4947, 5322, 1059, 1556, 864, 3345, 2939, 3659, 1466, 2067, 4380, 2797, 1076, 431, 1740, 2293, 3737, 1952, 3664, 2632, 1656, 3790, 5410, 4058, 1211, 3445, 4428, 1109, 45, 2456, 2489, 4512, 3275, 3214, 4757, 239, 5109, 2555, 3958, 3740, 1644, 4596, 2331, 3316, 5007, 3371, 3656, 4028, 635, 1926, 995, 5012, 128, 3876, 2063, 758, 3815, 2641, 2374, 3138, 4190, 1850, 954, 4179, 5049, 2669, 3355, 1960, 2016, 2620, 4538, 4407, 5126, 3167, 5169, 403, 811, 65, 121, 968, 1332, 1816, 4324, 4062, 4576, 590, 4201, 3424, 159, 2950, 281, 4615, 2812, 1686, 3514, 2890, 2509, 411, 2992, 149, 3407, 1074, 2071, 1193, 237, 3770, 1809, 4245, 979, 3469, 5231, 4183, 4837, 4502]",275,500,5,False,500
277,numeric,numeric,5,True,True,True,"{2: 108, 1: 104, 5: 89, 4: 74, 3: 118, 0: 7}","[365, 353, 2801, 2313, 4363, 3055, 466, 5179, 4620, 922, 1488, 3354, 1490, 872, 280, 265, 3837, 2759, 5068, 1765, 2589, 1272, 2677, 4079, 926, 4931, 1511, 989, 3357, 999, 2993, 4192, 5431, 5121, 5175, 2470, 2867, 1374, 5434, 4983, 5381, 4304, 3235, 2126, 1748, 3628, 3439, 1615, 5008, 4767, 3479, 862, 3772, 522, 5242, 980, 4258, 3229, 787, 4436, 3886, 4934, 1882, 5154, 3111, 1353, 1329, 299, 1286, 1212, 1588, 4679, 4669, 3495, 1902, 1362, 2606, 5310, 2142, 3632, 1053, 2593, 2740, 2107, 1110, 4029, 5045, 3603, 3962, 2979, 3204, 4830, 774, 3892, 3218, 893, 666, 932, 5118, 1568, 3523, 887, 4114, 3364, 3066, 3312, 2615, 2153, 4142, 5235, 3163, 4793, 1416, 4203, 2523, 238, 1892, 167, 1434, 1240, 3542, 3856, 4008, 390, 1993, 5366, 1494, 5309, 4876, 3467, 4351, 3729, 4213, 1627, 2350, 4418, 1099, 2207, 4350, 4122, 126, 1226, 3346, 485, 461, 4316, 2763, 4212, 538, 2524, 5137, 551, 2803, 2834, 1028, 3465, 4812, 3092, 4874, 3293, 4364, 1540, 4875, 2089, 1533, 3099, 3864, 314, 3853, 5025, 936, 3013, 547, 3527, 1135, 3179, 3708, 1959, 2915, 1442, 3343, 1715, 1172, 621, 5324, 1199, 2218, 5217, 2046, 385, 4953, 4311, 5305, 4496, 4448, 3631, 5176, 528, 806, 832, 4523, 4368, 2061, 3852, 3872, 878, 2944, 3826, 1467, 3920, 2032, 2785, 5312, 850, 4325, 4817, 4528, 4631, 2673, 1419, 4022, 4047, 3515, 1333, 345, 4140, 1753, 2596, 2459, 3492, 4064, 4012, 5284, 1581, 3747, 488, 4902, 3240, 3231, 4660, 2604, 5345, 4926, 2791, 3896, 1491, 62, 5174, 1469, 478, 839, 3052, 5062, 2006, 892, 5043, 3783, 340, 2905, 2423, 3993, 145, 1939, 472, 2728, 1229, 76, 1774, 4168, 646, 3755, 2302, 3833, 2309, 3784, 1300, 4491, 5167, 993, 1136, 4597, 452, 2637, 1828, 1575, 4987, 4857, 33, 5204, 2994, 3956, 3356, 1932, 2, 4439, 3004, 4692, 5417, 2931, 3118, 4801, 2631, 2453, 2649, 4176, 1000, 1371, 959, 4302, 330, 3585, 3258, 4332, 4564, 4725, 4301, 2469, 2933, 955, 3367, 4466, 744, 15, 1582, 2199, 2281, 3882, 4530, 3131, 1808, 3728, 5433, 1145, 2174, 4890, 5229, 1468, 101, 1355, 549, 1262, 1227, 3913, 2762, 5379, 222, 988, 3088, 3480, 1783, 532, 355, 4393, 2369, 5251, 1675, 2025, 2483, 2135, 2924, 665, 1760, 2705, 4338, 2951, 1507, 939, 1243, 1285, 632, 1360, 2827, 624, 3203, 2029, 3607, 3002, 4818, 130, 3381, 3846, 4011, 2056, 1458, 1350, 3758, 4947, 5322, 1059, 1556, 864, 3345, 2939, 3659, 1466, 2067, 4380, 2797, 1076, 431, 1740, 2293, 3737, 1952, 3664, 2632, 1656, 3790, 5410, 4058, 1211, 3445, 4428, 1109, 45, 2456, 2489, 4512, 3275, 3214, 4757, 239, 5109, 2555, 3958, 3740, 1644, 4596, 2331, 3316, 5007, 3371, 3656, 4028, 635, 1926, 995, 5012, 128, 3876, 2063, 758, 3815, 2641, 2374, 3138, 4190, 1850, 954, 4179, 5049, 2669, 3355, 1960, 2016, 2620, 4538, 4407, 5126, 3167, 5169, 403, 811, 65, 121, 968, 1332, 1816, 4324, 4062, 4576, 590, 4201, 3424, 159, 2950, 281, 4615, 2812, 1686, 3514, 2890, 2509, 411, 2992, 149, 3407, 1074, 2071, 1193, 237, 3770, 1809, 4245, 979, 3469, 5231, 4183, 4837, 4502]",277,500,5,False,500
327,numeric,numeric,5,True,True,True,"{2: 108, 1: 104, 5: 89, 4: 74, 3: 118, 0: 7}","[365, 353, 2801, 2313, 4363, 3055, 466, 5179, 4620, 922, 1488, 3354, 1490, 872, 280, 265, 3837, 2759, 5068, 1765, 2589, 1272, 2677, 4079, 926, 4931, 1511, 989, 3357, 999, 2993, 4192, 5431, 5121, 5175, 2470, 2867, 1374, 5434, 4983, 5381, 4304, 3235, 2126, 1748, 3628, 3439, 1615, 5008, 4767, 3479, 862, 3772, 522, 5242, 980, 4258, 3229, 787, 4436, 3886, 4934, 1882, 5154, 3111, 1353, 1329, 299, 1286, 1212, 1588, 4679, 4669, 3495, 1902, 1362, 2606, 5310, 2142, 3632, 1053, 2593, 2740, 2107, 1110, 4029, 5045, 3603, 3962, 2979, 3204, 4830, 774, 3892, 3218, 893, 666, 932, 5118, 1568, 3523, 887, 4114, 3364, 3066, 3312, 2615, 2153, 4142, 5235, 3163, 4793, 1416, 4203, 2523, 238, 1892, 167, 1434, 1240, 3542, 3856, 4008, 390, 1993, 5366, 1494, 5309, 4876, 3467, 4351, 3729, 4213, 1627, 2350, 4418, 1099, 2207, 4350, 4122, 126, 1226, 3346, 485, 461, 4316, 2763, 4212, 538, 2524, 5137, 551, 2803, 2834, 1028, 3465, 4812, 3092, 4874, 3293, 4364, 1540, 4875, 2089, 1533, 3099, 3864, 314, 3853, 5025, 936, 3013, 547, 3527, 1135, 3179, 3708, 1959, 2915, 1442, 3343, 1715, 1172, 621, 5324, 1199, 2218, 5217, 2046, 385, 4953, 4311, 5305, 4496, 4448, 3631, 5176, 528, 806, 832, 4523, 4368, 2061, 3852, 3872, 878, 2944, 3826, 1467, 3920, 2032, 2785, 5312, 850, 4325, 4817, 4528, 4631, 2673, 1419, 4022, 4047, 3515, 1333, 345, 4140, 1753, 2596, 2459, 3492, 4064, 4012, 5284, 1581, 3747, 488, 4902, 3240, 3231, 4660, 2604, 5345, 4926, 2791, 3896, 1491, 62, 5174, 1469, 478, 839, 3052, 5062, 2006, 892, 5043, 3783, 340, 2905, 2423, 3993, 145, 1939, 472, 2728, 1229, 76, 1774, 4168, 646, 3755, 2302, 3833, 2309, 3784, 1300, 4491, 5167, 993, 1136, 4597, 452, 2637, 1828, 1575, 4987, 4857, 33, 5204, 2994, 3956, 3356, 1932, 2, 4439, 3004, 4692, 5417, 2931, 3118, 4801, 2631, 2453, 2649, 4176, 1000, 1371, 959, 4302, 330, 3585, 3258, 4332, 4564, 4725, 4301, 2469, 2933, 955, 3367, 4466, 744, 15, 1582, 2199, 2281, 3882, 4530, 3131, 1808, 3728, 5433, 1145, 2174, 4890, 5229, 1468, 101, 1355, 549, 1262, 1227, 3913, 2762, 5379, 222, 988, 3088, 3480, 1783, 532, 355, 4393, 2369, 5251, 1675, 2025, 2483, 2135, 2924, 665, 1760, 2705, 4338, 2951, 1507, 939, 1243, 1285, 632, 1360, 2827, 624, 3203, 2029, 3607, 3002, 4818, 130, 3381, 3846, 4011, 2056, 1458, 1350, 3758, 4947, 5322, 1059, 1556, 864, 3345, 2939, 3659, 1466, 2067, 4380, 2797, 1076, 431, 1740, 2293, 3737, 1952, 3664, 2632, 1656, 3790, 5410, 4058, 1211, 3445, 4428, 1109, 45, 2456, 2489, 4512, 3275, 3214, 4757, 239, 5109, 2555, 3958, 3740, 1644, 4596, 2331, 3316, 5007, 3371, 3656, 4028, 635, 1926, 995, 5012, 128, 3876, 2063, 758, 3815, 2641, 2374, 3138, 4190, 1850, 954, 4179, 5049, 2669, 3355, 1960, 2016, 2620, 4538, 4407, 5126, 3167, 5169, 403, 811, 65, 121, 968, 1332, 1816, 4324, 4062, 4576, 590, 4201, 3424, 159, 2950, 281, 4615, 2812, 1686, 3514, 2890, 2509, 411, 2992, 149, 3407, 1074, 2071, 1193, 237, 3770, 1809, 4245, 979, 3469, 5231, 4183, 4837, 4502]",327,500,5,False,500
151,human,human,3,True,True,True,"{2: 108, 1: 104, 5: 89, 4: 74, 3: 118, 0: 7}","[365, 353, 2801, 2313, 4363, 3055, 466, 5179, 4620, 922, 1488, 3354, 1490, 872, 280, 265, 3837, 2759, 5068, 1765, 2589, 1272, 2677, 4079, 926, 4931, 1511, 989, 3357, 999, 2993, 4192, 5431, 5121, 5175, 2470, 2867, 1374, 5434, 4983, 5381, 4304, 3235, 2126, 1748, 3628, 3439, 1615, 5008, 4767, 3479, 862, 3772, 522, 5242, 980, 4258, 3229, 787, 4436, 3886, 4934, 1882, 5154, 3111, 1353, 1329, 299, 1286, 1212, 1588, 4679, 4669, 3495, 1902, 1362, 2606, 5310, 2142, 3632, 1053, 2593, 2740, 2107, 1110, 4029, 5045, 3603, 3962, 2979, 3204, 4830, 774, 3892, 3218, 893, 666, 932, 5118, 1568, 3523, 887, 4114, 3364, 3066, 3312, 2615, 2153, 4142, 5235, 3163, 4793, 1416, 4203, 2523, 238, 1892, 167, 1434, 1240, 3542, 3856, 4008, 390, 1993, 5366, 1494, 5309, 4876, 3467, 4351, 3729, 4213, 1627, 2350, 4418, 1099, 2207, 4350, 4122, 126, 1226, 3346, 485, 461, 4316, 2763, 4212, 538, 2524, 5137, 551, 2803, 2834, 1028, 3465, 4812, 3092, 4874, 3293, 4364, 1540, 4875, 2089, 1533, 3099, 3864, 314, 3853, 5025, 936, 3013, 547, 3527, 1135, 3179, 3708, 1959, 2915, 1442, 3343, 1715, 1172, 621, 5324, 1199, 2218, 5217, 2046, 385, 4953, 4311, 5305, 4496, 4448, 3631, 5176, 528, 806, 832, 4523, 4368, 2061, 3852, 3872, 878, 2944, 3826, 1467, 3920, 2032, 2785, 5312, 850, 4325, 4817, 4528, 4631, 2673, 1419, 4022, 4047, 3515, 1333, 345, 4140, 1753, 2596, 2459, 3492, 4064, 4012, 5284, 1581, 3747, 488, 4902, 3240, 3231, 4660, 2604, 5345, 4926, 2791, 3896, 1491, 62, 5174, 1469, 478, 839, 3052, 5062, 2006, 892, 5043, 3783, 340, 2905, 2423, 3993, 145, 1939, 472, 2728, 1229, 76, 1774, 4168, 646, 3755, 2302, 3833, 2309, 3784, 1300, 4491, 5167, 993, 1136, 4597, 452, 2637, 1828, 1575, 4987, 4857, 33, 5204, 2994, 3956, 3356, 1932, 2, 4439, 3004, 4692, 5417, 2931, 3118, 4801, 2631, 2453, 2649, 4176, 1000, 1371, 959, 4302, 330, 3585, 3258, 4332, 4564, 4725, 4301, 2469, 2933, 955, 3367, 4466, 744, 15, 1582, 2199, 2281, 3882, 4530, 3131, 1808, 3728, 5433, 1145, 2174, 4890, 5229, 1468, 101, 1355, 549, 1262, 1227, 3913, 2762, 5379, 222, 988, 3088, 3480, 1783, 532, 355, 4393, 2369, 5251, 1675, 2025, 2483, 2135, 2924, 665, 1760, 2705, 4338, 2951, 1507, 939, 1243, 1285, 632, 1360, 2827, 624, 3203, 2029, 3607, 3002, 4818, 130, 3381, 3846, 4011, 2056, 1458, 1350, 3758, 4947, 5322, 1059, 1556, 864, 3345, 2939, 3659, 1466, 2067, 4380, 2797, 1076, 431, 1740, 2293, 3737, 1952, 3664, 2632, 1656, 3790, 5410, 4058, 1211, 3445, 4428, 1109, 45, 2456, 2489, 4512, 3275, 3214, 4757, 239, 5109, 2555, 3958, 3740, 1644, 4596, 2331, 3316, 5007, 3371, 3656, 4028, 635, 1926, 995, 5012, 128, 3876, 2063, 758, 3815, 2641, 2374, 3138, 4190, 1850, 954, 4179, 5049, 2669, 3355, 1960, 2016, 2620, 4538, 4407, 5126, 3167, 5169, 403, 811, 65, 121, 968, 1332, 1816, 4324, 4062, 4576, 590, 4201, 3424, 159, 2950, 281, 4615, 2812, 1686, 3514, 2890, 2509, 411, 2992, 149, 3407, 1074, 2071, 1193, 237, 3770, 1809, 4245, 979, 3469, 5231, 4183, 4837, 4502]",151,500,5,False,500
222,numeric,description,2,True,False,True,"{2: 108, 1: 104, 5: 89, 4: 74, 3: 118, 0: 7}","[365, 353, 2801, 2313, 4363, 3055, 466, 5179, 4620, 922, 1488, 3354, 1490, 872, 280, 265, 3837, 2759, 5068, 1765, 2589, 1272, 2677, 4079, 926, 4931, 1511, 989, 3357, 999, 2993, 4192, 5431, 5121, 5175, 2470, 2867, 1374, 5434, 4983, 5381, 4304, 3235, 2126, 1748, 3628, 3439, 1615, 5008, 4767, 3479, 862, 3772, 522, 5242, 980, 4258, 3229, 787, 4436, 3886, 4934, 1882, 5154, 3111, 1353, 1329, 299, 1286, 1212, 1588, 4679, 4669, 3495, 1902, 1362, 2606, 5310, 2142, 3632, 1053, 2593, 2740, 2107, 1110, 4029, 5045, 3603, 3962, 2979, 3204, 4830, 774, 3892, 3218, 893, 666, 932, 5118, 1568, 3523, 887, 4114, 3364, 3066, 3312, 2615, 2153, 4142, 5235, 3163, 4793, 1416, 4203, 2523, 238, 1892, 167, 1434, 1240, 3542, 3856, 4008, 390, 1993, 5366, 1494, 5309, 4876, 3467, 4351, 3729, 4213, 1627, 2350, 4418, 1099, 2207, 4350, 4122, 126, 1226, 3346, 485, 461, 4316, 2763, 4212, 538, 2524, 5137, 551, 2803, 2834, 1028, 3465, 4812, 3092, 4874, 3293, 4364, 1540, 4875, 2089, 1533, 3099, 3864, 314, 3853, 5025, 936, 3013, 547, 3527, 1135, 3179, 3708, 1959, 2915, 1442, 3343, 1715, 1172, 621, 5324, 1199, 2218, 5217, 2046, 385, 4953, 4311, 5305, 4496, 4448, 3631, 5176, 528, 806, 832, 4523, 4368, 2061, 3852, 3872, 878, 2944, 3826, 1467, 3920, 2032, 2785, 5312, 850, 4325, 4817, 4528, 4631, 2673, 1419, 4022, 4047, 3515, 1333, 345, 4140, 1753, 2596, 2459, 3492, 4064, 4012, 5284, 1581, 3747, 488, 4902, 3240, 3231, 4660, 2604, 5345, 4926, 2791, 3896, 1491, 62, 5174, 1469, 478, 839, 3052, 5062, 2006, 892, 5043, 3783, 340, 2905, 2423, 3993, 145, 1939, 472, 2728, 1229, 76, 1774, 4168, 646, 3755, 2302, 3833, 2309, 3784, 1300, 4491, 5167, 993, 1136, 4597, 452, 2637, 1828, 1575, 4987, 4857, 33, 5204, 2994, 3956, 3356, 1932, 2, 4439, 3004, 4692, 5417, 2931, 3118, 4801, 2631, 2453, 2649, 4176, 1000, 1371, 959, 4302, 330, 3585, 3258, 4332, 4564, 4725, 4301, 2469, 2933, 955, 3367, 4466, 744, 15, 1582, 2199, 2281, 3882, 4530, 3131, 1808, 3728, 5433, 1145, 2174, 4890, 5229, 1468, 101, 1355, 549, 1262, 1227, 3913, 2762, 5379, 222, 988, 3088, 3480, 1783, 532, 355, 4393, 2369, 5251, 1675, 2025, 2483, 2135, 2924, 665, 1760, 2705, 4338, 2951, 1507, 939, 1243, 1285, 632, 1360, 2827, 624, 3203, 2029, 3607, 3002, 4818, 130, 3381, 3846, 4011, 2056, 1458, 1350, 3758, 4947, 5322, 1059, 1556, 864, 3345, 2939, 3659, 1466, 2067, 4380, 2797, 1076, 431, 1740, 2293, 3737, 1952, 3664, 2632, 1656, 3790, 5410, 4058, 1211, 3445, 4428, 1109, 45, 2456, 2489, 4512, 3275, 3214, 4757, 239, 5109, 2555, 3958, 3740, 1644, 4596, 2331, 3316, 5007, 3371, 3656, 4028, 635, 1926, 995, 5012, 128, 3876, 2063, 758, 3815, 2641, 2374, 3138, 4190, 1850, 954, 4179, 5049, 2669, 3355, 1960, 2016, 2620, 4538, 4407, 5126, 3167, 5169, 403, 811, 65, 121, 968, 1332, 1816, 4324, 4062, 4576, 590, 4201, 3424, 159, 2950, 281, 4615, 2812, 1686, 3514, 2890, 2509, 411, 2992, 149, 3407, 1074, 2071, 1193, 237, 3770, 1809, 4245, 979, 3469, 5231, 4183, 4837, 4502]",222,500,5,False,500
75,numeric,description,2,True,False,True,"{2: 108, 1: 104, 5: 89, 4: 74, 3: 118, 0: 7}","[365, 353, 2801, 2313, 4363, 3055, 466, 5179, 4620, 922, 1488, 3354, 1490, 872, 280, 265, 3837, 2759, 5068, 1765, 2589, 1272, 2677, 4079, 926, 4931, 1511, 989, 3357, 999, 2993, 4192, 5431, 5121, 5175, 2470, 2867, 1374, 5434, 4983, 5381, 4304, 3235, 2126, 1748, 3628, 3439, 1615, 5008, 4767, 3479, 862, 3772, 522, 5242, 980, 4258, 3229, 787, 4436, 3886, 4934, 1882, 5154, 3111, 1353, 1329, 299, 1286, 1212, 1588, 4679, 4669, 3495, 1902, 1362, 2606, 5310, 2142, 3632, 1053, 2593, 2740, 2107, 1110, 4029, 5045, 3603, 3962, 2979, 3204, 4830, 774, 3892, 3218, 893, 666, 932, 5118, 1568, 3523, 887, 4114, 3364, 3066, 3312, 2615, 2153, 4142, 5235, 3163, 4793, 1416, 4203, 2523, 238, 1892, 167, 1434, 1240, 3542, 3856, 4008, 390, 1993, 5366, 1494, 5309, 4876, 3467, 4351, 3729, 4213, 1627, 2350, 4418, 1099, 2207, 4350, 4122, 126, 1226, 3346, 485, 461, 4316, 2763, 4212, 538, 2524, 5137, 551, 2803, 2834, 1028, 3465, 4812, 3092, 4874, 3293, 4364, 1540, 4875, 2089, 1533, 3099, 3864, 314, 3853, 5025, 936, 3013, 547, 3527, 1135, 3179, 3708, 1959, 2915, 1442, 3343, 1715, 1172, 621, 5324, 1199, 2218, 5217, 2046, 385, 4953, 4311, 5305, 4496, 4448, 3631, 5176, 528, 806, 832, 4523, 4368, 2061, 3852, 3872, 878, 2944, 3826, 1467, 3920, 2032, 2785, 5312, 850, 4325, 4817, 4528, 4631, 2673, 1419, 4022, 4047, 3515, 1333, 345, 4140, 1753, 2596, 2459, 3492, 4064, 4012, 5284, 1581, 3747, 488, 4902, 3240, 3231, 4660, 2604, 5345, 4926, 2791, 3896, 1491, 62, 5174, 1469, 478, 839, 3052, 5062, 2006, 892, 5043, 3783, 340, 2905, 2423, 3993, 145, 1939, 472, 2728, 1229, 76, 1774, 4168, 646, 3755, 2302, 3833, 2309, 3784, 1300, 4491, 5167, 993, 1136, 4597, 452, 2637, 1828, 1575, 4987, 4857, 33, 5204, 2994, 3956, 3356, 1932, 2, 4439, 3004, 4692, 5417, 2931, 3118, 4801, 2631, 2453, 2649, 4176, 1000, 1371, 959, 4302, 330, 3585, 3258, 4332, 4564, 4725, 4301, 2469, 2933, 955, 3367, 4466, 744, 15, 1582, 2199, 2281, 3882, 4530, 3131, 1808, 3728, 5433, 1145, 2174, 4890, 5229, 1468, 101, 1355, 549, 1262, 1227, 3913, 2762, 5379, 222, 988, 3088, 3480, 1783, 532, 355, 4393, 2369, 5251, 1675, 2025, 2483, 2135, 2924, 665, 1760, 2705, 4338, 2951, 1507, 939, 1243, 1285, 632, 1360, 2827, 624, 3203, 2029, 3607, 3002, 4818, 130, 3381, 3846, 4011, 2056, 1458, 1350, 3758, 4947, 5322, 1059, 1556, 864, 3345, 2939, 3659, 1466, 2067, 4380, 2797, 1076, 431, 1740, 2293, 3737, 1952, 3664, 2632, 1656, 3790, 5410, 4058, 1211, 3445, 4428, 1109, 45, 2456, 2489, 4512, 3275, 3214, 4757, 239, 5109, 2555, 3958, 3740, 1644, 4596, 2331, 3316, 5007, 3371, 3656, 4028, 635, 1926, 995, 5012, 128, 3876, 2063, 758, 3815, 2641, 2374, 3138, 4190, 1850, 954, 4179, 5049, 2669, 3355, 1960, 2016, 2620, 4538, 4407, 5126, 3167, 5169, 403, 811, 65, 121, 968, 1332, 1816, 4324, 4062, 4576, 590, 4201, 3424, 159, 2950, 281, 4615, 2812, 1686, 3514, 2890, 2509, 411, 2992, 149, 3407, 1074, 2071, 1193, 237, 3770, 1809, 4245, 979, 3469, 5231, 4183, 4837, 4502]",75,500,5,False,500
76,numeric,entity,1,True,False,True,"{2: 108, 1: 104, 5: 89, 4: 74, 3: 118, 0: 7}","[365, 353, 2801, 2313, 4363, 3055, 466, 5179, 4620, 922, 1488, 3354, 1490, 872, 280, 265, 3837, 2759, 5068, 1765, 2589, 1272, 2677, 4079, 926, 4931, 1511, 989, 3357, 999, 2993, 4192, 5431, 5121, 5175, 2470, 2867, 1374, 5434, 4983, 5381, 4304, 3235, 2126, 1748, 3628, 3439, 1615, 5008, 4767, 3479, 862, 3772, 522, 5242, 980, 4258, 3229, 787, 4436, 3886, 4934, 1882, 5154, 3111, 1353, 1329, 299, 1286, 1212, 1588, 4679, 4669, 3495, 1902, 1362, 2606, 5310, 2142, 3632, 1053, 2593, 2740, 2107, 1110, 4029, 5045, 3603, 3962, 2979, 3204, 4830, 774, 3892, 3218, 893, 666, 932, 5118, 1568, 3523, 887, 4114, 3364, 3066, 3312, 2615, 2153, 4142, 5235, 3163, 4793, 1416, 4203, 2523, 238, 1892, 167, 1434, 1240, 3542, 3856, 4008, 390, 1993, 5366, 1494, 5309, 4876, 3467, 4351, 3729, 4213, 1627, 2350, 4418, 1099, 2207, 4350, 4122, 126, 1226, 3346, 485, 461, 4316, 2763, 4212, 538, 2524, 5137, 551, 2803, 2834, 1028, 3465, 4812, 3092, 4874, 3293, 4364, 1540, 4875, 2089, 1533, 3099, 3864, 314, 3853, 5025, 936, 3013, 547, 3527, 1135, 3179, 3708, 1959, 2915, 1442, 3343, 1715, 1172, 621, 5324, 1199, 2218, 5217, 2046, 385, 4953, 4311, 5305, 4496, 4448, 3631, 5176, 528, 806, 832, 4523, 4368, 2061, 3852, 3872, 878, 2944, 3826, 1467, 3920, 2032, 2785, 5312, 850, 4325, 4817, 4528, 4631, 2673, 1419, 4022, 4047, 3515, 1333, 345, 4140, 1753, 2596, 2459, 3492, 4064, 4012, 5284, 1581, 3747, 488, 4902, 3240, 3231, 4660, 2604, 5345, 4926, 2791, 3896, 1491, 62, 5174, 1469, 478, 839, 3052, 5062, 2006, 892, 5043, 3783, 340, 2905, 2423, 3993, 145, 1939, 472, 2728, 1229, 76, 1774, 4168, 646, 3755, 2302, 3833, 2309, 3784, 1300, 4491, 5167, 993, 1136, 4597, 452, 2637, 1828, 1575, 4987, 4857, 33, 5204, 2994, 3956, 3356, 1932, 2, 4439, 3004, 4692, 5417, 2931, 3118, 4801, 2631, 2453, 2649, 4176, 1000, 1371, 959, 4302, 330, 3585, 3258, 4332, 4564, 4725, 4301, 2469, 2933, 955, 3367, 4466, 744, 15, 1582, 2199, 2281, 3882, 4530, 3131, 1808, 3728, 5433, 1145, 2174, 4890, 5229, 1468, 101, 1355, 549, 1262, 1227, 3913, 2762, 5379, 222, 988, 3088, 3480, 1783, 532, 355, 4393, 2369, 5251, 1675, 2025, 2483, 2135, 2924, 665, 1760, 2705, 4338, 2951, 1507, 939, 1243, 1285, 632, 1360, 2827, 624, 3203, 2029, 3607, 3002, 4818, 130, 3381, 3846, 4011, 2056, 1458, 1350, 3758, 4947, 5322, 1059, 1556, 864, 3345, 2939, 3659, 1466, 2067, 4380, 2797, 1076, 431, 1740, 2293, 3737, 1952, 3664, 2632, 1656, 3790, 5410, 4058, 1211, 3445, 4428, 1109, 45, 2456, 2489, 4512, 3275, 3214, 4757, 239, 5109, 2555, 3958, 3740, 1644, 4596, 2331, 3316, 5007, 3371, 3656, 4028, 635, 1926, 995, 5012, 128, 3876, 2063, 758, 3815, 2641, 2374, 3138, 4190, 1850, 954, 4179, 5049, 2669, 3355, 1960, 2016, 2620, 4538, 4407, 5126, 3167, 5169, 403, 811, 65, 121, 968, 1332, 1816, 4324, 4062, 4576, 590, 4201, 3424, 159, 2950, 281, 4615, 2812, 1686, 3514, 2890, 2509, 411, 2992, 149, 3407, 1074, 2071, 1193, 237, 3770, 1809, 4245, 979, 3469, 5231, 4183, 4837, 4502]",76,500,5,False,500
123,human,human,3,True,True,True,"{2: 108, 1: 104, 5: 89, 4: 74, 3: 118, 0: 7}","[365, 353, 2801, 2313, 4363, 3055, 466, 5179, 4620, 922, 1488, 3354, 1490, 872, 280, 265, 3837, 2759, 5068, 1765, 2589, 1272, 2677, 4079, 926, 4931, 1511, 989, 3357, 999, 2993, 4192, 5431, 5121, 5175, 2470, 2867, 1374, 5434, 4983, 5381, 4304, 3235, 2126, 1748, 3628, 3439, 1615, 5008, 4767, 3479, 862, 3772, 522, 5242, 980, 4258, 3229, 787, 4436, 3886, 4934, 1882, 5154, 3111, 1353, 1329, 299, 1286, 1212, 1588, 4679, 4669, 3495, 1902, 1362, 2606, 5310, 2142, 3632, 1053, 2593, 2740, 2107, 1110, 4029, 5045, 3603, 3962, 2979, 3204, 4830, 774, 3892, 3218, 893, 666, 932, 5118, 1568, 3523, 887, 4114, 3364, 3066, 3312, 2615, 2153, 4142, 5235, 3163, 4793, 1416, 4203, 2523, 238, 1892, 167, 1434, 1240, 3542, 3856, 4008, 390, 1993, 5366, 1494, 5309, 4876, 3467, 4351, 3729, 4213, 1627, 2350, 4418, 1099, 2207, 4350, 4122, 126, 1226, 3346, 485, 461, 4316, 2763, 4212, 538, 2524, 5137, 551, 2803, 2834, 1028, 3465, 4812, 3092, 4874, 3293, 4364, 1540, 4875, 2089, 1533, 3099, 3864, 314, 3853, 5025, 936, 3013, 547, 3527, 1135, 3179, 3708, 1959, 2915, 1442, 3343, 1715, 1172, 621, 5324, 1199, 2218, 5217, 2046, 385, 4953, 4311, 5305, 4496, 4448, 3631, 5176, 528, 806, 832, 4523, 4368, 2061, 3852, 3872, 878, 2944, 3826, 1467, 3920, 2032, 2785, 5312, 850, 4325, 4817, 4528, 4631, 2673, 1419, 4022, 4047, 3515, 1333, 345, 4140, 1753, 2596, 2459, 3492, 4064, 4012, 5284, 1581, 3747, 488, 4902, 3240, 3231, 4660, 2604, 5345, 4926, 2791, 3896, 1491, 62, 5174, 1469, 478, 839, 3052, 5062, 2006, 892, 5043, 3783, 340, 2905, 2423, 3993, 145, 1939, 472, 2728, 1229, 76, 1774, 4168, 646, 3755, 2302, 3833, 2309, 3784, 1300, 4491, 5167, 993, 1136, 4597, 452, 2637, 1828, 1575, 4987, 4857, 33, 5204, 2994, 3956, 3356, 1932, 2, 4439, 3004, 4692, 5417, 2931, 3118, 4801, 2631, 2453, 2649, 4176, 1000, 1371, 959, 4302, 330, 3585, 3258, 4332, 4564, 4725, 4301, 2469, 2933, 955, 3367, 4466, 744, 15, 1582, 2199, 2281, 3882, 4530, 3131, 1808, 3728, 5433, 1145, 2174, 4890, 5229, 1468, 101, 1355, 549, 1262, 1227, 3913, 2762, 5379, 222, 988, 3088, 3480, 1783, 532, 355, 4393, 2369, 5251, 1675, 2025, 2483, 2135, 2924, 665, 1760, 2705, 4338, 2951, 1507, 939, 1243, 1285, 632, 1360, 2827, 624, 3203, 2029, 3607, 3002, 4818, 130, 3381, 3846, 4011, 2056, 1458, 1350, 3758, 4947, 5322, 1059, 1556, 864, 3345, 2939, 3659, 1466, 2067, 4380, 2797, 1076, 431, 1740, 2293, 3737, 1952, 3664, 2632, 1656, 3790, 5410, 4058, 1211, 3445, 4428, 1109, 45, 2456, 2489, 4512, 3275, 3214, 4757, 239, 5109, 2555, 3958, 3740, 1644, 4596, 2331, 3316, 5007, 3371, 3656, 4028, 635, 1926, 995, 5012, 128, 3876, 2063, 758, 3815, 2641, 2374, 3138, 4190, 1850, 954, 4179, 5049, 2669, 3355, 1960, 2016, 2620, 4538, 4407, 5126, 3167, 5169, 403, 811, 65, 121, 968, 1332, 1816, 4324, 4062, 4576, 590, 4201, 3424, 159, 2950, 281, 4615, 2812, 1686, 3514, 2890, 2509, 411, 2992, 149, 3407, 1074, 2071, 1193, 237, 3770, 1809, 4245, 979, 3469, 5231, 4183, 4837, 4502]",123,500,5,False,500
102,numeric,description,2,True,False,True,"{2: 108, 1: 104, 5: 89, 4: 74, 3: 118, 0: 7}","[365, 353, 2801, 2313, 4363, 3055, 466, 5179, 4620, 922, 1488, 3354, 1490, 872, 280, 265, 3837, 2759, 5068, 1765, 2589, 1272, 2677, 4079, 926, 4931, 1511, 989, 3357, 999, 2993, 4192, 5431, 5121, 5175, 2470, 2867, 1374, 5434, 4983, 5381, 4304, 3235, 2126, 1748, 3628, 3439, 1615, 5008, 4767, 3479, 862, 3772, 522, 5242, 980, 4258, 3229, 787, 4436, 3886, 4934, 1882, 5154, 3111, 1353, 1329, 299, 1286, 1212, 1588, 4679, 4669, 3495, 1902, 1362, 2606, 5310, 2142, 3632, 1053, 2593, 2740, 2107, 1110, 4029, 5045, 3603, 3962, 2979, 3204, 4830, 774, 3892, 3218, 893, 666, 932, 5118, 1568, 3523, 887, 4114, 3364, 3066, 3312, 2615, 2153, 4142, 5235, 3163, 4793, 1416, 4203, 2523, 238, 1892, 167, 1434, 1240, 3542, 3856, 4008, 390, 1993, 5366, 1494, 5309, 4876, 3467, 4351, 3729, 4213, 1627, 2350, 4418, 1099, 2207, 4350, 4122, 126, 1226, 3346, 485, 461, 4316, 2763, 4212, 538, 2524, 5137, 551, 2803, 2834, 1028, 3465, 4812, 3092, 4874, 3293, 4364, 1540, 4875, 2089, 1533, 3099, 3864, 314, 3853, 5025, 936, 3013, 547, 3527, 1135, 3179, 3708, 1959, 2915, 1442, 3343, 1715, 1172, 621, 5324, 1199, 2218, 5217, 2046, 385, 4953, 4311, 5305, 4496, 4448, 3631, 5176, 528, 806, 832, 4523, 4368, 2061, 3852, 3872, 878, 2944, 3826, 1467, 3920, 2032, 2785, 5312, 850, 4325, 4817, 4528, 4631, 2673, 1419, 4022, 4047, 3515, 1333, 345, 4140, 1753, 2596, 2459, 3492, 4064, 4012, 5284, 1581, 3747, 488, 4902, 3240, 3231, 4660, 2604, 5345, 4926, 2791, 3896, 1491, 62, 5174, 1469, 478, 839, 3052, 5062, 2006, 892, 5043, 3783, 340, 2905, 2423, 3993, 145, 1939, 472, 2728, 1229, 76, 1774, 4168, 646, 3755, 2302, 3833, 2309, 3784, 1300, 4491, 5167, 993, 1136, 4597, 452, 2637, 1828, 1575, 4987, 4857, 33, 5204, 2994, 3956, 3356, 1932, 2, 4439, 3004, 4692, 5417, 2931, 3118, 4801, 2631, 2453, 2649, 4176, 1000, 1371, 959, 4302, 330, 3585, 3258, 4332, 4564, 4725, 4301, 2469, 2933, 955, 3367, 4466, 744, 15, 1582, 2199, 2281, 3882, 4530, 3131, 1808, 3728, 5433, 1145, 2174, 4890, 5229, 1468, 101, 1355, 549, 1262, 1227, 3913, 2762, 5379, 222, 988, 3088, 3480, 1783, 532, 355, 4393, 2369, 5251, 1675, 2025, 2483, 2135, 2924, 665, 1760, 2705, 4338, 2951, 1507, 939, 1243, 1285, 632, 1360, 2827, 624, 3203, 2029, 3607, 3002, 4818, 130, 3381, 3846, 4011, 2056, 1458, 1350, 3758, 4947, 5322, 1059, 1556, 864, 3345, 2939, 3659, 1466, 2067, 4380, 2797, 1076, 431, 1740, 2293, 3737, 1952, 3664, 2632, 1656, 3790, 5410, 4058, 1211, 3445, 4428, 1109, 45, 2456, 2489, 4512, 3275, 3214, 4757, 239, 5109, 2555, 3958, 3740, 1644, 4596, 2331, 3316, 5007, 3371, 3656, 4028, 635, 1926, 995, 5012, 128, 3876, 2063, 758, 3815, 2641, 2374, 3138, 4190, 1850, 954, 4179, 5049, 2669, 3355, 1960, 2016, 2620, 4538, 4407, 5126, 3167, 5169, 403, 811, 65, 121, 968, 1332, 1816, 4324, 4062, 4576, 590, 4201, 3424, 159, 2950, 281, 4615, 2812, 1686, 3514, 2890, 2509, 411, 2992, 149, 3407, 1074, 2071, 1193, 237, 3770, 1809, 4245, 979, 3469, 5231, 4183, 4837, 4502]",102,500,5,False,500
426,description,description,2,True,True,True,"{2: 108, 1: 104, 5: 89, 4: 74, 3: 118, 0: 7}","[365, 353, 2801, 2313, 4363, 3055, 466, 5179, 4620, 922, 1488, 3354, 1490, 872, 280, 265, 3837, 2759, 5068, 1765, 2589, 1272, 2677, 4079, 926, 4931, 1511, 989, 3357, 999, 2993, 4192, 5431, 5121, 5175, 2470, 2867, 1374, 5434, 4983, 5381, 4304, 3235, 2126, 1748, 3628, 3439, 1615, 5008, 4767, 3479, 862, 3772, 522, 5242, 980, 4258, 3229, 787, 4436, 3886, 4934, 1882, 5154, 3111, 1353, 1329, 299, 1286, 1212, 1588, 4679, 4669, 3495, 1902, 1362, 2606, 5310, 2142, 3632, 1053, 2593, 2740, 2107, 1110, 4029, 5045, 3603, 3962, 2979, 3204, 4830, 774, 3892, 3218, 893, 666, 932, 5118, 1568, 3523, 887, 4114, 3364, 3066, 3312, 2615, 2153, 4142, 5235, 3163, 4793, 1416, 4203, 2523, 238, 1892, 167, 1434, 1240, 3542, 3856, 4008, 390, 1993, 5366, 1494, 5309, 4876, 3467, 4351, 3729, 4213, 1627, 2350, 4418, 1099, 2207, 4350, 4122, 126, 1226, 3346, 485, 461, 4316, 2763, 4212, 538, 2524, 5137, 551, 2803, 2834, 1028, 3465, 4812, 3092, 4874, 3293, 4364, 1540, 4875, 2089, 1533, 3099, 3864, 314, 3853, 5025, 936, 3013, 547, 3527, 1135, 3179, 3708, 1959, 2915, 1442, 3343, 1715, 1172, 621, 5324, 1199, 2218, 5217, 2046, 385, 4953, 4311, 5305, 4496, 4448, 3631, 5176, 528, 806, 832, 4523, 4368, 2061, 3852, 3872, 878, 2944, 3826, 1467, 3920, 2032, 2785, 5312, 850, 4325, 4817, 4528, 4631, 2673, 1419, 4022, 4047, 3515, 1333, 345, 4140, 1753, 2596, 2459, 3492, 4064, 4012, 5284, 1581, 3747, 488, 4902, 3240, 3231, 4660, 2604, 5345, 4926, 2791, 3896, 1491, 62, 5174, 1469, 478, 839, 3052, 5062, 2006, 892, 5043, 3783, 340, 2905, 2423, 3993, 145, 1939, 472, 2728, 1229, 76, 1774, 4168, 646, 3755, 2302, 3833, 2309, 3784, 1300, 4491, 5167, 993, 1136, 4597, 452, 2637, 1828, 1575, 4987, 4857, 33, 5204, 2994, 3956, 3356, 1932, 2, 4439, 3004, 4692, 5417, 2931, 3118, 4801, 2631, 2453, 2649, 4176, 1000, 1371, 959, 4302, 330, 3585, 3258, 4332, 4564, 4725, 4301, 2469, 2933, 955, 3367, 4466, 744, 15, 1582, 2199, 2281, 3882, 4530, 3131, 1808, 3728, 5433, 1145, 2174, 4890, 5229, 1468, 101, 1355, 549, 1262, 1227, 3913, 2762, 5379, 222, 988, 3088, 3480, 1783, 532, 355, 4393, 2369, 5251, 1675, 2025, 2483, 2135, 2924, 665, 1760, 2705, 4338, 2951, 1507, 939, 1243, 1285, 632, 1360, 2827, 624, 3203, 2029, 3607, 3002, 4818, 130, 3381, 3846, 4011, 2056, 1458, 1350, 3758, 4947, 5322, 1059, 1556, 864, 3345, 2939, 3659, 1466, 2067, 4380, 2797, 1076, 431, 1740, 2293, 3737, 1952, 3664, 2632, 1656, 3790, 5410, 4058, 1211, 3445, 4428, 1109, 45, 2456, 2489, 4512, 3275, 3214, 4757, 239, 5109, 2555, 3958, 3740, 1644, 4596, 2331, 3316, 5007, 3371, 3656, 4028, 635, 1926, 995, 5012, 128, 3876, 2063, 758, 3815, 2641, 2374, 3138, 4190, 1850, 954, 4179, 5049, 2669, 3355, 1960, 2016, 2620, 4538, 4407, 5126, 3167, 5169, 403, 811, 65, 121, 968, 1332, 1816, 4324, 4062, 4576, 590, 4201, 3424, 159, 2950, 281, 4615, 2812, 1686, 3514, 2890, 2509, 411, 2992, 149, 3407, 1074, 2071, 1193, 237, 3770, 1809, 4245, 979, 3469, 5231, 4183, 4837, 4502]",426,500,5,False,500
390,human,human,3,True,True,True,"{2: 108, 1: 104, 5: 89, 4: 74, 3: 118, 0: 7}","[365, 353, 2801, 2313, 4363, 3055, 466, 5179, 4620, 922, 1488, 3354, 1490, 872, 280, 265, 3837, 2759, 5068, 1765, 2589, 1272, 2677, 4079, 926, 4931, 1511, 989, 3357, 999, 2993, 4192, 5431, 5121, 5175, 2470, 2867, 1374, 5434, 4983, 5381, 4304, 3235, 2126, 1748, 3628, 3439, 1615, 5008, 4767, 3479, 862, 3772, 522, 5242, 980, 4258, 3229, 787, 4436, 3886, 4934, 1882, 5154, 3111, 1353, 1329, 299, 1286, 1212, 1588, 4679, 4669, 3495, 1902, 1362, 2606, 5310, 2142, 3632, 1053, 2593, 2740, 2107, 1110, 4029, 5045, 3603, 3962, 2979, 3204, 4830, 774, 3892, 3218, 893, 666, 932, 5118, 1568, 3523, 887, 4114, 3364, 3066, 3312, 2615, 2153, 4142, 5235, 3163, 4793, 1416, 4203, 2523, 238, 1892, 167, 1434, 1240, 3542, 3856, 4008, 390, 1993, 5366, 1494, 5309, 4876, 3467, 4351, 3729, 4213, 1627, 2350, 4418, 1099, 2207, 4350, 4122, 126, 1226, 3346, 485, 461, 4316, 2763, 4212, 538, 2524, 5137, 551, 2803, 2834, 1028, 3465, 4812, 3092, 4874, 3293, 4364, 1540, 4875, 2089, 1533, 3099, 3864, 314, 3853, 5025, 936, 3013, 547, 3527, 1135, 3179, 3708, 1959, 2915, 1442, 3343, 1715, 1172, 621, 5324, 1199, 2218, 5217, 2046, 385, 4953, 4311, 5305, 4496, 4448, 3631, 5176, 528, 806, 832, 4523, 4368, 2061, 3852, 3872, 878, 2944, 3826, 1467, 3920, 2032, 2785, 5312, 850, 4325, 4817, 4528, 4631, 2673, 1419, 4022, 4047, 3515, 1333, 345, 4140, 1753, 2596, 2459, 3492, 4064, 4012, 5284, 1581, 3747, 488, 4902, 3240, 3231, 4660, 2604, 5345, 4926, 2791, 3896, 1491, 62, 5174, 1469, 478, 839, 3052, 5062, 2006, 892, 5043, 3783, 340, 2905, 2423, 3993, 145, 1939, 472, 2728, 1229, 76, 1774, 4168, 646, 3755, 2302, 3833, 2309, 3784, 1300, 4491, 5167, 993, 1136, 4597, 452, 2637, 1828, 1575, 4987, 4857, 33, 5204, 2994, 3956, 3356, 1932, 2, 4439, 3004, 4692, 5417, 2931, 3118, 4801, 2631, 2453, 2649, 4176, 1000, 1371, 959, 4302, 330, 3585, 3258, 4332, 4564, 4725, 4301, 2469, 2933, 955, 3367, 4466, 744, 15, 1582, 2199, 2281, 3882, 4530, 3131, 1808, 3728, 5433, 1145, 2174, 4890, 5229, 1468, 101, 1355, 549, 1262, 1227, 3913, 2762, 5379, 222, 988, 3088, 3480, 1783, 532, 355, 4393, 2369, 5251, 1675, 2025, 2483, 2135, 2924, 665, 1760, 2705, 4338, 2951, 1507, 939, 1243, 1285, 632, 1360, 2827, 624, 3203, 2029, 3607, 3002, 4818, 130, 3381, 3846, 4011, 2056, 1458, 1350, 3758, 4947, 5322, 1059, 1556, 864, 3345, 2939, 3659, 1466, 2067, 4380, 2797, 1076, 431, 1740, 2293, 3737, 1952, 3664, 2632, 1656, 3790, 5410, 4058, 1211, 3445, 4428, 1109, 45, 2456, 2489, 4512, 3275, 3214, 4757, 239, 5109, 2555, 3958, 3740, 1644, 4596, 2331, 3316, 5007, 3371, 3656, 4028, 635, 1926, 995, 5012, 128, 3876, 2063, 758, 3815, 2641, 2374, 3138, 4190, 1850, 954, 4179, 5049, 2669, 3355, 1960, 2016, 2620, 4538, 4407, 5126, 3167, 5169, 403, 811, 65, 121, 968, 1332, 1816, 4324, 4062, 4576, 590, 4201, 3424, 159, 2950, 281, 4615, 2812, 1686, 3514, 2890, 2509, 411, 2992, 149, 3407, 1074, 2071, 1193, 237, 3770, 1809, 4245, 979, 3469, 5231, 4183, 4837, 4502]",390,500,5,False,500
265,numeric,description,2,True,False,True,"{2: 108, 1: 104, 5: 89, 4: 74, 3: 118, 0: 7}","[365, 353, 2801, 2313, 4363, 3055, 466, 5179, 4620, 922, 1488, 3354, 1490, 872, 280, 265, 3837, 2759, 5068, 1765, 2589, 1272, 2677, 4079, 926, 4931, 1511, 989, 3357, 999, 2993, 4192, 5431, 5121, 5175, 2470, 2867, 1374, 5434, 4983, 5381, 4304, 3235, 2126, 1748, 3628, 3439, 1615, 5008, 4767, 3479, 862, 3772, 522, 5242, 980, 4258, 3229, 787, 4436, 3886, 4934, 1882, 5154, 3111, 1353, 1329, 299, 1286, 1212, 1588, 4679, 4669, 3495, 1902, 1362, 2606, 5310, 2142, 3632, 1053, 2593, 2740, 2107, 1110, 4029, 5045, 3603, 3962, 2979, 3204, 4830, 774, 3892, 3218, 893, 666, 932, 5118, 1568, 3523, 887, 4114, 3364, 3066, 3312, 2615, 2153, 4142, 5235, 3163, 4793, 1416, 4203, 2523, 238, 1892, 167, 1434, 1240, 3542, 3856, 4008, 390, 1993, 5366, 1494, 5309, 4876, 3467, 4351, 3729, 4213, 1627, 2350, 4418, 1099, 2207, 4350, 4122, 126, 1226, 3346, 485, 461, 4316, 2763, 4212, 538, 2524, 5137, 551, 2803, 2834, 1028, 3465, 4812, 3092, 4874, 3293, 4364, 1540, 4875, 2089, 1533, 3099, 3864, 314, 3853, 5025, 936, 3013, 547, 3527, 1135, 3179, 3708, 1959, 2915, 1442, 3343, 1715, 1172, 621, 5324, 1199, 2218, 5217, 2046, 385, 4953, 4311, 5305, 4496, 4448, 3631, 5176, 528, 806, 832, 4523, 4368, 2061, 3852, 3872, 878, 2944, 3826, 1467, 3920, 2032, 2785, 5312, 850, 4325, 4817, 4528, 4631, 2673, 1419, 4022, 4047, 3515, 1333, 345, 4140, 1753, 2596, 2459, 3492, 4064, 4012, 5284, 1581, 3747, 488, 4902, 3240, 3231, 4660, 2604, 5345, 4926, 2791, 3896, 1491, 62, 5174, 1469, 478, 839, 3052, 5062, 2006, 892, 5043, 3783, 340, 2905, 2423, 3993, 145, 1939, 472, 2728, 1229, 76, 1774, 4168, 646, 3755, 2302, 3833, 2309, 3784, 1300, 4491, 5167, 993, 1136, 4597, 452, 2637, 1828, 1575, 4987, 4857, 33, 5204, 2994, 3956, 3356, 1932, 2, 4439, 3004, 4692, 5417, 2931, 3118, 4801, 2631, 2453, 2649, 4176, 1000, 1371, 959, 4302, 330, 3585, 3258, 4332, 4564, 4725, 4301, 2469, 2933, 955, 3367, 4466, 744, 15, 1582, 2199, 2281, 3882, 4530, 3131, 1808, 3728, 5433, 1145, 2174, 4890, 5229, 1468, 101, 1355, 549, 1262, 1227, 3913, 2762, 5379, 222, 988, 3088, 3480, 1783, 532, 355, 4393, 2369, 5251, 1675, 2025, 2483, 2135, 2924, 665, 1760, 2705, 4338, 2951, 1507, 939, 1243, 1285, 632, 1360, 2827, 624, 3203, 2029, 3607, 3002, 4818, 130, 3381, 3846, 4011, 2056, 1458, 1350, 3758, 4947, 5322, 1059, 1556, 864, 3345, 2939, 3659, 1466, 2067, 4380, 2797, 1076, 431, 1740, 2293, 3737, 1952, 3664, 2632, 1656, 3790, 5410, 4058, 1211, 3445, 4428, 1109, 45, 2456, 2489, 4512, 3275, 3214, 4757, 239, 5109, 2555, 3958, 3740, 1644, 4596, 2331, 3316, 5007, 3371, 3656, 4028, 635, 1926, 995, 5012, 128, 3876, 2063, 758, 3815, 2641, 2374, 3138, 4190, 1850, 954, 4179, 5049, 2669, 3355, 1960, 2016, 2620, 4538, 4407, 5126, 3167, 5169, 403, 811, 65, 121, 968, 1332, 1816, 4324, 4062, 4576, 590, 4201, 3424, 159, 2950, 281, 4615, 2812, 1686, 3514, 2890, 2509, 411, 2992, 149, 3407, 1074, 2071, 1193, 237, 3770, 1809, 4245, 979, 3469, 5231, 4183, 4837, 4502]",265,500,5,False,500
135,numeric,entity,1,True,False,True,"{2: 108, 1: 104, 5: 89, 4: 74, 3: 118, 0: 7}","[365, 353, 2801, 2313, 4363, 3055, 466, 5179, 4620, 922, 1488, 3354, 1490, 872, 280, 265, 3837, 2759, 5068, 1765, 2589, 1272, 2677, 4079, 926, 4931, 1511, 989, 3357, 999, 2993, 4192, 5431, 5121, 5175, 2470, 2867, 1374, 5434, 4983, 5381, 4304, 3235, 2126, 1748, 3628, 3439, 1615, 5008, 4767, 3479, 862, 3772, 522, 5242, 980, 4258, 3229, 787, 4436, 3886, 4934, 1882, 5154, 3111, 1353, 1329, 299, 1286, 1212, 1588, 4679, 4669, 3495, 1902, 1362, 2606, 5310, 2142, 3632, 1053, 2593, 2740, 2107, 1110, 4029, 5045, 3603, 3962, 2979, 3204, 4830, 774, 3892, 3218, 893, 666, 932, 5118, 1568, 3523, 887, 4114, 3364, 3066, 3312, 2615, 2153, 4142, 5235, 3163, 4793, 1416, 4203, 2523, 238, 1892, 167, 1434, 1240, 3542, 3856, 4008, 390, 1993, 5366, 1494, 5309, 4876, 3467, 4351, 3729, 4213, 1627, 2350, 4418, 1099, 2207, 4350, 4122, 126, 1226, 3346, 485, 461, 4316, 2763, 4212, 538, 2524, 5137, 551, 2803, 2834, 1028, 3465, 4812, 3092, 4874, 3293, 4364, 1540, 4875, 2089, 1533, 3099, 3864, 314, 3853, 5025, 936, 3013, 547, 3527, 1135, 3179, 3708, 1959, 2915, 1442, 3343, 1715, 1172, 621, 5324, 1199, 2218, 5217, 2046, 385, 4953, 4311, 5305, 4496, 4448, 3631, 5176, 528, 806, 832, 4523, 4368, 2061, 3852, 3872, 878, 2944, 3826, 1467, 3920, 2032, 2785, 5312, 850, 4325, 4817, 4528, 4631, 2673, 1419, 4022, 4047, 3515, 1333, 345, 4140, 1753, 2596, 2459, 3492, 4064, 4012, 5284, 1581, 3747, 488, 4902, 3240, 3231, 4660, 2604, 5345, 4926, 2791, 3896, 1491, 62, 5174, 1469, 478, 839, 3052, 5062, 2006, 892, 5043, 3783, 340, 2905, 2423, 3993, 145, 1939, 472, 2728, 1229, 76, 1774, 4168, 646, 3755, 2302, 3833, 2309, 3784, 1300, 4491, 5167, 993, 1136, 4597, 452, 2637, 1828, 1575, 4987, 4857, 33, 5204, 2994, 3956, 3356, 1932, 2, 4439, 3004, 4692, 5417, 2931, 3118, 4801, 2631, 2453, 2649, 4176, 1000, 1371, 959, 4302, 330, 3585, 3258, 4332, 4564, 4725, 4301, 2469, 2933, 955, 3367, 4466, 744, 15, 1582, 2199, 2281, 3882, 4530, 3131, 1808, 3728, 5433, 1145, 2174, 4890, 5229, 1468, 101, 1355, 549, 1262, 1227, 3913, 2762, 5379, 222, 988, 3088, 3480, 1783, 532, 355, 4393, 2369, 5251, 1675, 2025, 2483, 2135, 2924, 665, 1760, 2705, 4338, 2951, 1507, 939, 1243, 1285, 632, 1360, 2827, 624, 3203, 2029, 3607, 3002, 4818, 130, 3381, 3846, 4011, 2056, 1458, 1350, 3758, 4947, 5322, 1059, 1556, 864, 3345, 2939, 3659, 1466, 2067, 4380, 2797, 1076, 431, 1740, 2293, 3737, 1952, 3664, 2632, 1656, 3790, 5410, 4058, 1211, 3445, 4428, 1109, 45, 2456, 2489, 4512, 3275, 3214, 4757, 239, 5109, 2555, 3958, 3740, 1644, 4596, 2331, 3316, 5007, 3371, 3656, 4028, 635, 1926, 995, 5012, 128, 3876, 2063, 758, 3815, 2641, 2374, 3138, 4190, 1850, 954, 4179, 5049, 2669, 3355, 1960, 2016, 2620, 4538, 4407, 5126, 3167, 5169, 403, 811, 65, 121, 968, 1332, 1816, 4324, 4062, 4576, 590, 4201, 3424, 159, 2950, 281, 4615, 2812, 1686, 3514, 2890, 2509, 411, 2992, 149, 3407, 1074, 2071, 1193, 237, 3770, 1809, 4245, 979, 3469, 5231, 4183, 4837, 4502]",135,500,5,False,500
37,numeric,numeric,5,True,True,True,"{2: 108, 1: 104, 5: 89, 4: 74, 3: 118, 0: 7}","[365, 353, 2801, 2313, 4363, 3055, 466, 5179, 4620, 922, 1488, 3354, 1490, 872, 280, 265, 3837, 2759, 5068, 1765, 2589, 1272, 2677, 4079, 926, 4931, 1511, 989, 3357, 999, 2993, 4192, 5431, 5121, 5175, 2470, 2867, 1374, 5434, 4983, 5381, 4304, 3235, 2126, 1748, 3628, 3439, 1615, 5008, 4767, 3479, 862, 3772, 522, 5242, 980, 4258, 3229, 787, 4436, 3886, 4934, 1882, 5154, 3111, 1353, 1329, 299, 1286, 1212, 1588, 4679, 4669, 3495, 1902, 1362, 2606, 5310, 2142, 3632, 1053, 2593, 2740, 2107, 1110, 4029, 5045, 3603, 3962, 2979, 3204, 4830, 774, 3892, 3218, 893, 666, 932, 5118, 1568, 3523, 887, 4114, 3364, 3066, 3312, 2615, 2153, 4142, 5235, 3163, 4793, 1416, 4203, 2523, 238, 1892, 167, 1434, 1240, 3542, 3856, 4008, 390, 1993, 5366, 1494, 5309, 4876, 3467, 4351, 3729, 4213, 1627, 2350, 4418, 1099, 2207, 4350, 4122, 126, 1226, 3346, 485, 461, 4316, 2763, 4212, 538, 2524, 5137, 551, 2803, 2834, 1028, 3465, 4812, 3092, 4874, 3293, 4364, 1540, 4875, 2089, 1533, 3099, 3864, 314, 3853, 5025, 936, 3013, 547, 3527, 1135, 3179, 3708, 1959, 2915, 1442, 3343, 1715, 1172, 621, 5324, 1199, 2218, 5217, 2046, 385, 4953, 4311, 5305, 4496, 4448, 3631, 5176, 528, 806, 832, 4523, 4368, 2061, 3852, 3872, 878, 2944, 3826, 1467, 3920, 2032, 2785, 5312, 850, 4325, 4817, 4528, 4631, 2673, 1419, 4022, 4047, 3515, 1333, 345, 4140, 1753, 2596, 2459, 3492, 4064, 4012, 5284, 1581, 3747, 488, 4902, 3240, 3231, 4660, 2604, 5345, 4926, 2791, 3896, 1491, 62, 5174, 1469, 478, 839, 3052, 5062, 2006, 892, 5043, 3783, 340, 2905, 2423, 3993, 145, 1939, 472, 2728, 1229, 76, 1774, 4168, 646, 3755, 2302, 3833, 2309, 3784, 1300, 4491, 5167, 993, 1136, 4597, 452, 2637, 1828, 1575, 4987, 4857, 33, 5204, 2994, 3956, 3356, 1932, 2, 4439, 3004, 4692, 5417, 2931, 3118, 4801, 2631, 2453, 2649, 4176, 1000, 1371, 959, 4302, 330, 3585, 3258, 4332, 4564, 4725, 4301, 2469, 2933, 955, 3367, 4466, 744, 15, 1582, 2199, 2281, 3882, 4530, 3131, 1808, 3728, 5433, 1145, 2174, 4890, 5229, 1468, 101, 1355, 549, 1262, 1227, 3913, 2762, 5379, 222, 988, 3088, 3480, 1783, 532, 355, 4393, 2369, 5251, 1675, 2025, 2483, 2135, 2924, 665, 1760, 2705, 4338, 2951, 1507, 939, 1243, 1285, 632, 1360, 2827, 624, 3203, 2029, 3607, 3002, 4818, 130, 3381, 3846, 4011, 2056, 1458, 1350, 3758, 4947, 5322, 1059, 1556, 864, 3345, 2939, 3659, 1466, 2067, 4380, 2797, 1076, 431, 1740, 2293, 3737, 1952, 3664, 2632, 1656, 3790, 5410, 4058, 1211, 3445, 4428, 1109, 45, 2456, 2489, 4512, 3275, 3214, 4757, 239, 5109, 2555, 3958, 3740, 1644, 4596, 2331, 3316, 5007, 3371, 3656, 4028, 635, 1926, 995, 5012, 128, 3876, 2063, 758, 3815, 2641, 2374, 3138, 4190, 1850, 954, 4179, 5049, 2669, 3355, 1960, 2016, 2620, 4538, 4407, 5126, 3167, 5169, 403, 811, 65, 121, 968, 1332, 1816, 4324, 4062, 4576, 590, 4201, 3424, 159, 2950, 281, 4615, 2812, 1686, 3514, 2890, 2509, 411, 2992, 149, 3407, 1074, 2071, 1193, 237, 3770, 1809, 4245, 979, 3469, 5231, 4183, 4837, 4502]",37,500,5,False,500
209,numeric,description,2,True,False,True,"{2: 108, 1: 104, 5: 89, 4: 74, 3: 118, 0: 7}","[365, 353, 2801, 2313, 4363, 3055, 466, 5179, 4620, 922, 1488, 3354, 1490, 872, 280, 265, 3837, 2759, 5068, 1765, 2589, 1272, 2677, 4079, 926, 4931, 1511, 989, 3357, 999, 2993, 4192, 5431, 5121, 5175, 2470, 2867, 1374, 5434, 4983, 5381, 4304, 3235, 2126, 1748, 3628, 3439, 1615, 5008, 4767, 3479, 862, 3772, 522, 5242, 980, 4258, 3229, 787, 4436, 3886, 4934, 1882, 5154, 3111, 1353, 1329, 299, 1286, 1212, 1588, 4679, 4669, 3495, 1902, 1362, 2606, 5310, 2142, 3632, 1053, 2593, 2740, 2107, 1110, 4029, 5045, 3603, 3962, 2979, 3204, 4830, 774, 3892, 3218, 893, 666, 932, 5118, 1568, 3523, 887, 4114, 3364, 3066, 3312, 2615, 2153, 4142, 5235, 3163, 4793, 1416, 4203, 2523, 238, 1892, 167, 1434, 1240, 3542, 3856, 4008, 390, 1993, 5366, 1494, 5309, 4876, 3467, 4351, 3729, 4213, 1627, 2350, 4418, 1099, 2207, 4350, 4122, 126, 1226, 3346, 485, 461, 4316, 2763, 4212, 538, 2524, 5137, 551, 2803, 2834, 1028, 3465, 4812, 3092, 4874, 3293, 4364, 1540, 4875, 2089, 1533, 3099, 3864, 314, 3853, 5025, 936, 3013, 547, 3527, 1135, 3179, 3708, 1959, 2915, 1442, 3343, 1715, 1172, 621, 5324, 1199, 2218, 5217, 2046, 385, 4953, 4311, 5305, 4496, 4448, 3631, 5176, 528, 806, 832, 4523, 4368, 2061, 3852, 3872, 878, 2944, 3826, 1467, 3920, 2032, 2785, 5312, 850, 4325, 4817, 4528, 4631, 2673, 1419, 4022, 4047, 3515, 1333, 345, 4140, 1753, 2596, 2459, 3492, 4064, 4012, 5284, 1581, 3747, 488, 4902, 3240, 3231, 4660, 2604, 5345, 4926, 2791, 3896, 1491, 62, 5174, 1469, 478, 839, 3052, 5062, 2006, 892, 5043, 3783, 340, 2905, 2423, 3993, 145, 1939, 472, 2728, 1229, 76, 1774, 4168, 646, 3755, 2302, 3833, 2309, 3784, 1300, 4491, 5167, 993, 1136, 4597, 452, 2637, 1828, 1575, 4987, 4857, 33, 5204, 2994, 3956, 3356, 1932, 2, 4439, 3004, 4692, 5417, 2931, 3118, 4801, 2631, 2453, 2649, 4176, 1000, 1371, 959, 4302, 330, 3585, 3258, 4332, 4564, 4725, 4301, 2469, 2933, 955, 3367, 4466, 744, 15, 1582, 2199, 2281, 3882, 4530, 3131, 1808, 3728, 5433, 1145, 2174, 4890, 5229, 1468, 101, 1355, 549, 1262, 1227, 3913, 2762, 5379, 222, 988, 3088, 3480, 1783, 532, 355, 4393, 2369, 5251, 1675, 2025, 2483, 2135, 2924, 665, 1760, 2705, 4338, 2951, 1507, 939, 1243, 1285, 632, 1360, 2827, 624, 3203, 2029, 3607, 3002, 4818, 130, 3381, 3846, 4011, 2056, 1458, 1350, 3758, 4947, 5322, 1059, 1556, 864, 3345, 2939, 3659, 1466, 2067, 4380, 2797, 1076, 431, 1740, 2293, 3737, 1952, 3664, 2632, 1656, 3790, 5410, 4058, 1211, 3445, 4428, 1109, 45, 2456, 2489, 4512, 3275, 3214, 4757, 239, 5109, 2555, 3958, 3740, 1644, 4596, 2331, 3316, 5007, 3371, 3656, 4028, 635, 1926, 995, 5012, 128, 3876, 2063, 758, 3815, 2641, 2374, 3138, 4190, 1850, 954, 4179, 5049, 2669, 3355, 1960, 2016, 2620, 4538, 4407, 5126, 3167, 5169, 403, 811, 65, 121, 968, 1332, 1816, 4324, 4062, 4576, 590, 4201, 3424, 159, 2950, 281, 4615, 2812, 1686, 3514, 2890, 2509, 411, 2992, 149, 3407, 1074, 2071, 1193, 237, 3770, 1809, 4245, 979, 3469, 5231, 4183, 4837, 4502]",209,500,5,False,500
482,numeric,entity,1,True,False,True,"{2: 108, 1: 104, 5: 89, 4: 74, 3: 118, 0: 7}","[365, 353, 2801, 2313, 4363, 3055, 466, 5179, 4620, 922, 1488, 3354, 1490, 872, 280, 265, 3837, 2759, 5068, 1765, 2589, 1272, 2677, 4079, 926, 4931, 1511, 989, 3357, 999, 2993, 4192, 5431, 5121, 5175, 2470, 2867, 1374, 5434, 4983, 5381, 4304, 3235, 2126, 1748, 3628, 3439, 1615, 5008, 4767, 3479, 862, 3772, 522, 5242, 980, 4258, 3229, 787, 4436, 3886, 4934, 1882, 5154, 3111, 1353, 1329, 299, 1286, 1212, 1588, 4679, 4669, 3495, 1902, 1362, 2606, 5310, 2142, 3632, 1053, 2593, 2740, 2107, 1110, 4029, 5045, 3603, 3962, 2979, 3204, 4830, 774, 3892, 3218, 893, 666, 932, 5118, 1568, 3523, 887, 4114, 3364, 3066, 3312, 2615, 2153, 4142, 5235, 3163, 4793, 1416, 4203, 2523, 238, 1892, 167, 1434, 1240, 3542, 3856, 4008, 390, 1993, 5366, 1494, 5309, 4876, 3467, 4351, 3729, 4213, 1627, 2350, 4418, 1099, 2207, 4350, 4122, 126, 1226, 3346, 485, 461, 4316, 2763, 4212, 538, 2524, 5137, 551, 2803, 2834, 1028, 3465, 4812, 3092, 4874, 3293, 4364, 1540, 4875, 2089, 1533, 3099, 3864, 314, 3853, 5025, 936, 3013, 547, 3527, 1135, 3179, 3708, 1959, 2915, 1442, 3343, 1715, 1172, 621, 5324, 1199, 2218, 5217, 2046, 385, 4953, 4311, 5305, 4496, 4448, 3631, 5176, 528, 806, 832, 4523, 4368, 2061, 3852, 3872, 878, 2944, 3826, 1467, 3920, 2032, 2785, 5312, 850, 4325, 4817, 4528, 4631, 2673, 1419, 4022, 4047, 3515, 1333, 345, 4140, 1753, 2596, 2459, 3492, 4064, 4012, 5284, 1581, 3747, 488, 4902, 3240, 3231, 4660, 2604, 5345, 4926, 2791, 3896, 1491, 62, 5174, 1469, 478, 839, 3052, 5062, 2006, 892, 5043, 3783, 340, 2905, 2423, 3993, 145, 1939, 472, 2728, 1229, 76, 1774, 4168, 646, 3755, 2302, 3833, 2309, 3784, 1300, 4491, 5167, 993, 1136, 4597, 452, 2637, 1828, 1575, 4987, 4857, 33, 5204, 2994, 3956, 3356, 1932, 2, 4439, 3004, 4692, 5417, 2931, 3118, 4801, 2631, 2453, 2649, 4176, 1000, 1371, 959, 4302, 330, 3585, 3258, 4332, 4564, 4725, 4301, 2469, 2933, 955, 3367, 4466, 744, 15, 1582, 2199, 2281, 3882, 4530, 3131, 1808, 3728, 5433, 1145, 2174, 4890, 5229, 1468, 101, 1355, 549, 1262, 1227, 3913, 2762, 5379, 222, 988, 3088, 3480, 1783, 532, 355, 4393, 2369, 5251, 1675, 2025, 2483, 2135, 2924, 665, 1760, 2705, 4338, 2951, 1507, 939, 1243, 1285, 632, 1360, 2827, 624, 3203, 2029, 3607, 3002, 4818, 130, 3381, 3846, 4011, 2056, 1458, 1350, 3758, 4947, 5322, 1059, 1556, 864, 3345, 2939, 3659, 1466, 2067, 4380, 2797, 1076, 431, 1740, 2293, 3737, 1952, 3664, 2632, 1656, 3790, 5410, 4058, 1211, 3445, 4428, 1109, 45, 2456, 2489, 4512, 3275, 3214, 4757, 239, 5109, 2555, 3958, 3740, 1644, 4596, 2331, 3316, 5007, 3371, 3656, 4028, 635, 1926, 995, 5012, 128, 3876, 2063, 758, 3815, 2641, 2374, 3138, 4190, 1850, 954, 4179, 5049, 2669, 3355, 1960, 2016, 2620, 4538, 4407, 5126, 3167, 5169, 403, 811, 65, 121, 968, 1332, 1816, 4324, 4062, 4576, 590, 4201, 3424, 159, 2950, 281, 4615, 2812, 1686, 3514, 2890, 2509, 411, 2992, 149, 3407, 1074, 2071, 1193, 237, 3770, 1809, 4245, 979, 3469, 5231, 4183, 4837, 4502]",482,500,5,False,500
48,numeric,numeric,5,True,True,True,"{2: 108, 1: 104, 5: 89, 4: 74, 3: 118, 0: 7}","[365, 353, 2801, 2313, 4363, 3055, 466, 5179, 4620, 922, 1488, 3354, 1490, 872, 280, 265, 3837, 2759, 5068, 1765, 2589, 1272, 2677, 4079, 926, 4931, 1511, 989, 3357, 999, 2993, 4192, 5431, 5121, 5175, 2470, 2867, 1374, 5434, 4983, 5381, 4304, 3235, 2126, 1748, 3628, 3439, 1615, 5008, 4767, 3479, 862, 3772, 522, 5242, 980, 4258, 3229, 787, 4436, 3886, 4934, 1882, 5154, 3111, 1353, 1329, 299, 1286, 1212, 1588, 4679, 4669, 3495, 1902, 1362, 2606, 5310, 2142, 3632, 1053, 2593, 2740, 2107, 1110, 4029, 5045, 3603, 3962, 2979, 3204, 4830, 774, 3892, 3218, 893, 666, 932, 5118, 1568, 3523, 887, 4114, 3364, 3066, 3312, 2615, 2153, 4142, 5235, 3163, 4793, 1416, 4203, 2523, 238, 1892, 167, 1434, 1240, 3542, 3856, 4008, 390, 1993, 5366, 1494, 5309, 4876, 3467, 4351, 3729, 4213, 1627, 2350, 4418, 1099, 2207, 4350, 4122, 126, 1226, 3346, 485, 461, 4316, 2763, 4212, 538, 2524, 5137, 551, 2803, 2834, 1028, 3465, 4812, 3092, 4874, 3293, 4364, 1540, 4875, 2089, 1533, 3099, 3864, 314, 3853, 5025, 936, 3013, 547, 3527, 1135, 3179, 3708, 1959, 2915, 1442, 3343, 1715, 1172, 621, 5324, 1199, 2218, 5217, 2046, 385, 4953, 4311, 5305, 4496, 4448, 3631, 5176, 528, 806, 832, 4523, 4368, 2061, 3852, 3872, 878, 2944, 3826, 1467, 3920, 2032, 2785, 5312, 850, 4325, 4817, 4528, 4631, 2673, 1419, 4022, 4047, 3515, 1333, 345, 4140, 1753, 2596, 2459, 3492, 4064, 4012, 5284, 1581, 3747, 488, 4902, 3240, 3231, 4660, 2604, 5345, 4926, 2791, 3896, 1491, 62, 5174, 1469, 478, 839, 3052, 5062, 2006, 892, 5043, 3783, 340, 2905, 2423, 3993, 145, 1939, 472, 2728, 1229, 76, 1774, 4168, 646, 3755, 2302, 3833, 2309, 3784, 1300, 4491, 5167, 993, 1136, 4597, 452, 2637, 1828, 1575, 4987, 4857, 33, 5204, 2994, 3956, 3356, 1932, 2, 4439, 3004, 4692, 5417, 2931, 3118, 4801, 2631, 2453, 2649, 4176, 1000, 1371, 959, 4302, 330, 3585, 3258, 4332, 4564, 4725, 4301, 2469, 2933, 955, 3367, 4466, 744, 15, 1582, 2199, 2281, 3882, 4530, 3131, 1808, 3728, 5433, 1145, 2174, 4890, 5229, 1468, 101, 1355, 549, 1262, 1227, 3913, 2762, 5379, 222, 988, 3088, 3480, 1783, 532, 355, 4393, 2369, 5251, 1675, 2025, 2483, 2135, 2924, 665, 1760, 2705, 4338, 2951, 1507, 939, 1243, 1285, 632, 1360, 2827, 624, 3203, 2029, 3607, 3002, 4818, 130, 3381, 3846, 4011, 2056, 1458, 1350, 3758, 4947, 5322, 1059, 1556, 864, 3345, 2939, 3659, 1466, 2067, 4380, 2797, 1076, 431, 1740, 2293, 3737, 1952, 3664, 2632, 1656, 3790, 5410, 4058, 1211, 3445, 4428, 1109, 45, 2456, 2489, 4512, 3275, 3214, 4757, 239, 5109, 2555, 3958, 3740, 1644, 4596, 2331, 3316, 5007, 3371, 3656, 4028, 635, 1926, 995, 5012, 128, 3876, 2063, 758, 3815, 2641, 2374, 3138, 4190, 1850, 954, 4179, 5049, 2669, 3355, 1960, 2016, 2620, 4538, 4407, 5126, 3167, 5169, 403, 811, 65, 121, 968, 1332, 1816, 4324, 4062, 4576, 590, 4201, 3424, 159, 2950, 281, 4615, 2812, 1686, 3514, 2890, 2509, 411, 2992, 149, 3407, 1074, 2071, 1193, 237, 3770, 1809, 4245, 979, 3469, 5231, 4183, 4837, 4502]",48,500,5,False,500
241,description,description,2,True,True,True,"{2: 108, 1: 104, 5: 89, 4: 74, 3: 118, 0: 7}","[365, 353, 2801, 2313, 4363, 3055, 466, 5179, 4620, 922, 1488, 3354, 1490, 872, 280, 265, 3837, 2759, 5068, 1765, 2589, 1272, 2677, 4079, 926, 4931, 1511, 989, 3357, 999, 2993, 4192, 5431, 5121, 5175, 2470, 2867, 1374, 5434, 4983, 5381, 4304, 3235, 2126, 1748, 3628, 3439, 1615, 5008, 4767, 3479, 862, 3772, 522, 5242, 980, 4258, 3229, 787, 4436, 3886, 4934, 1882, 5154, 3111, 1353, 1329, 299, 1286, 1212, 1588, 4679, 4669, 3495, 1902, 1362, 2606, 5310, 2142, 3632, 1053, 2593, 2740, 2107, 1110, 4029, 5045, 3603, 3962, 2979, 3204, 4830, 774, 3892, 3218, 893, 666, 932, 5118, 1568, 3523, 887, 4114, 3364, 3066, 3312, 2615, 2153, 4142, 5235, 3163, 4793, 1416, 4203, 2523, 238, 1892, 167, 1434, 1240, 3542, 3856, 4008, 390, 1993, 5366, 1494, 5309, 4876, 3467, 4351, 3729, 4213, 1627, 2350, 4418, 1099, 2207, 4350, 4122, 126, 1226, 3346, 485, 461, 4316, 2763, 4212, 538, 2524, 5137, 551, 2803, 2834, 1028, 3465, 4812, 3092, 4874, 3293, 4364, 1540, 4875, 2089, 1533, 3099, 3864, 314, 3853, 5025, 936, 3013, 547, 3527, 1135, 3179, 3708, 1959, 2915, 1442, 3343, 1715, 1172, 621, 5324, 1199, 2218, 5217, 2046, 385, 4953, 4311, 5305, 4496, 4448, 3631, 5176, 528, 806, 832, 4523, 4368, 2061, 3852, 3872, 878, 2944, 3826, 1467, 3920, 2032, 2785, 5312, 850, 4325, 4817, 4528, 4631, 2673, 1419, 4022, 4047, 3515, 1333, 345, 4140, 1753, 2596, 2459, 3492, 4064, 4012, 5284, 1581, 3747, 488, 4902, 3240, 3231, 4660, 2604, 5345, 4926, 2791, 3896, 1491, 62, 5174, 1469, 478, 839, 3052, 5062, 2006, 892, 5043, 3783, 340, 2905, 2423, 3993, 145, 1939, 472, 2728, 1229, 76, 1774, 4168, 646, 3755, 2302, 3833, 2309, 3784, 1300, 4491, 5167, 993, 1136, 4597, 452, 2637, 1828, 1575, 4987, 4857, 33, 5204, 2994, 3956, 3356, 1932, 2, 4439, 3004, 4692, 5417, 2931, 3118, 4801, 2631, 2453, 2649, 4176, 1000, 1371, 959, 4302, 330, 3585, 3258, 4332, 4564, 4725, 4301, 2469, 2933, 955, 3367, 4466, 744, 15, 1582, 2199, 2281, 3882, 4530, 3131, 1808, 3728, 5433, 1145, 2174, 4890, 5229, 1468, 101, 1355, 549, 1262, 1227, 3913, 2762, 5379, 222, 988, 3088, 3480, 1783, 532, 355, 4393, 2369, 5251, 1675, 2025, 2483, 2135, 2924, 665, 1760, 2705, 4338, 2951, 1507, 939, 1243, 1285, 632, 1360, 2827, 624, 3203, 2029, 3607, 3002, 4818, 130, 3381, 3846, 4011, 2056, 1458, 1350, 3758, 4947, 5322, 1059, 1556, 864, 3345, 2939, 3659, 1466, 2067, 4380, 2797, 1076, 431, 1740, 2293, 3737, 1952, 3664, 2632, 1656, 3790, 5410, 4058, 1211, 3445, 4428, 1109, 45, 2456, 2489, 4512, 3275, 3214, 4757, 239, 5109, 2555, 3958, 3740, 1644, 4596, 2331, 3316, 5007, 3371, 3656, 4028, 635, 1926, 995, 5012, 128, 3876, 2063, 758, 3815, 2641, 2374, 3138, 4190, 1850, 954, 4179, 5049, 2669, 3355, 1960, 2016, 2620, 4538, 4407, 5126, 3167, 5169, 403, 811, 65, 121, 968, 1332, 1816, 4324, 4062, 4576, 590, 4201, 3424, 159, 2950, 281, 4615, 2812, 1686, 3514, 2890, 2509, 411, 2992, 149, 3407, 1074, 2071, 1193, 237, 3770, 1809, 4245, 979, 3469, 5231, 4183, 4837, 4502]",241,500,5,False,500
2,human,human,3,True,True,True,"{2: 108, 1: 104, 5: 89, 4: 74, 3: 118, 0: 7}","[365, 353, 2801, 2313, 4363, 3055, 466, 5179, 4620, 922, 1488, 3354, 1490, 872, 280, 265, 3837, 2759, 5068, 1765, 2589, 1272, 2677, 4079, 926, 4931, 1511, 989, 3357, 999, 2993, 4192, 5431, 5121, 5175, 2470, 2867, 1374, 5434, 4983, 5381, 4304, 3235, 2126, 1748, 3628, 3439, 1615, 5008, 4767, 3479, 862, 3772, 522, 5242, 980, 4258, 3229, 787, 4436, 3886, 4934, 1882, 5154, 3111, 1353, 1329, 299, 1286, 1212, 1588, 4679, 4669, 3495, 1902, 1362, 2606, 5310, 2142, 3632, 1053, 2593, 2740, 2107, 1110, 4029, 5045, 3603, 3962, 2979, 3204, 4830, 774, 3892, 3218, 893, 666, 932, 5118, 1568, 3523, 887, 4114, 3364, 3066, 3312, 2615, 2153, 4142, 5235, 3163, 4793, 1416, 4203, 2523, 238, 1892, 167, 1434, 1240, 3542, 3856, 4008, 390, 1993, 5366, 1494, 5309, 4876, 3467, 4351, 3729, 4213, 1627, 2350, 4418, 1099, 2207, 4350, 4122, 126, 1226, 3346, 485, 461, 4316, 2763, 4212, 538, 2524, 5137, 551, 2803, 2834, 1028, 3465, 4812, 3092, 4874, 3293, 4364, 1540, 4875, 2089, 1533, 3099, 3864, 314, 3853, 5025, 936, 3013, 547, 3527, 1135, 3179, 3708, 1959, 2915, 1442, 3343, 1715, 1172, 621, 5324, 1199, 2218, 5217, 2046, 385, 4953, 4311, 5305, 4496, 4448, 3631, 5176, 528, 806, 832, 4523, 4368, 2061, 3852, 3872, 878, 2944, 3826, 1467, 3920, 2032, 2785, 5312, 850, 4325, 4817, 4528, 4631, 2673, 1419, 4022, 4047, 3515, 1333, 345, 4140, 1753, 2596, 2459, 3492, 4064, 4012, 5284, 1581, 3747, 488, 4902, 3240, 3231, 4660, 2604, 5345, 4926, 2791, 3896, 1491, 62, 5174, 1469, 478, 839, 3052, 5062, 2006, 892, 5043, 3783, 340, 2905, 2423, 3993, 145, 1939, 472, 2728, 1229, 76, 1774, 4168, 646, 3755, 2302, 3833, 2309, 3784, 1300, 4491, 5167, 993, 1136, 4597, 452, 2637, 1828, 1575, 4987, 4857, 33, 5204, 2994, 3956, 3356, 1932, 2, 4439, 3004, 4692, 5417, 2931, 3118, 4801, 2631, 2453, 2649, 4176, 1000, 1371, 959, 4302, 330, 3585, 3258, 4332, 4564, 4725, 4301, 2469, 2933, 955, 3367, 4466, 744, 15, 1582, 2199, 2281, 3882, 4530, 3131, 1808, 3728, 5433, 1145, 2174, 4890, 5229, 1468, 101, 1355, 549, 1262, 1227, 3913, 2762, 5379, 222, 988, 3088, 3480, 1783, 532, 355, 4393, 2369, 5251, 1675, 2025, 2483, 2135, 2924, 665, 1760, 2705, 4338, 2951, 1507, 939, 1243, 1285, 632, 1360, 2827, 624, 3203, 2029, 3607, 3002, 4818, 130, 3381, 3846, 4011, 2056, 1458, 1350, 3758, 4947, 5322, 1059, 1556, 864, 3345, 2939, 3659, 1466, 2067, 4380, 2797, 1076, 431, 1740, 2293, 3737, 1952, 3664, 2632, 1656, 3790, 5410, 4058, 1211, 3445, 4428, 1109, 45, 2456, 2489, 4512, 3275, 3214, 4757, 239, 5109, 2555, 3958, 3740, 1644, 4596, 2331, 3316, 5007, 3371, 3656, 4028, 635, 1926, 995, 5012, 128, 3876, 2063, 758, 3815, 2641, 2374, 3138, 4190, 1850, 954, 4179, 5049, 2669, 3355, 1960, 2016, 2620, 4538, 4407, 5126, 3167, 5169, 403, 811, 65, 121, 968, 1332, 1816, 4324, 4062, 4576, 590, 4201, 3424, 159, 2950, 281, 4615, 2812, 1686, 3514, 2890, 2509, 411, 2992, 149, 3407, 1074, 2071, 1193, 237, 3770, 1809, 4245, 979, 3469, 5231, 4183, 4837, 4502]",2,500,5,False,500
116,numeric,numeric,5,True,True,True,"{2: 108, 1: 104, 5: 89, 4: 74, 3: 118, 0: 7}","[365, 353, 2801, 2313, 4363, 3055, 466, 5179, 4620, 922, 1488, 3354, 1490, 872, 280, 265, 3837, 2759, 5068, 1765, 2589, 1272, 2677, 4079, 926, 4931, 1511, 989, 3357, 999, 2993, 4192, 5431, 5121, 5175, 2470, 2867, 1374, 5434, 4983, 5381, 4304, 3235, 2126, 1748, 3628, 3439, 1615, 5008, 4767, 3479, 862, 3772, 522, 5242, 980, 4258, 3229, 787, 4436, 3886, 4934, 1882, 5154, 3111, 1353, 1329, 299, 1286, 1212, 1588, 4679, 4669, 3495, 1902, 1362, 2606, 5310, 2142, 3632, 1053, 2593, 2740, 2107, 1110, 4029, 5045, 3603, 3962, 2979, 3204, 4830, 774, 3892, 3218, 893, 666, 932, 5118, 1568, 3523, 887, 4114, 3364, 3066, 3312, 2615, 2153, 4142, 5235, 3163, 4793, 1416, 4203, 2523, 238, 1892, 167, 1434, 1240, 3542, 3856, 4008, 390, 1993, 5366, 1494, 5309, 4876, 3467, 4351, 3729, 4213, 1627, 2350, 4418, 1099, 2207, 4350, 4122, 126, 1226, 3346, 485, 461, 4316, 2763, 4212, 538, 2524, 5137, 551, 2803, 2834, 1028, 3465, 4812, 3092, 4874, 3293, 4364, 1540, 4875, 2089, 1533, 3099, 3864, 314, 3853, 5025, 936, 3013, 547, 3527, 1135, 3179, 3708, 1959, 2915, 1442, 3343, 1715, 1172, 621, 5324, 1199, 2218, 5217, 2046, 385, 4953, 4311, 5305, 4496, 4448, 3631, 5176, 528, 806, 832, 4523, 4368, 2061, 3852, 3872, 878, 2944, 3826, 1467, 3920, 2032, 2785, 5312, 850, 4325, 4817, 4528, 4631, 2673, 1419, 4022, 4047, 3515, 1333, 345, 4140, 1753, 2596, 2459, 3492, 4064, 4012, 5284, 1581, 3747, 488, 4902, 3240, 3231, 4660, 2604, 5345, 4926, 2791, 3896, 1491, 62, 5174, 1469, 478, 839, 3052, 5062, 2006, 892, 5043, 3783, 340, 2905, 2423, 3993, 145, 1939, 472, 2728, 1229, 76, 1774, 4168, 646, 3755, 2302, 3833, 2309, 3784, 1300, 4491, 5167, 993, 1136, 4597, 452, 2637, 1828, 1575, 4987, 4857, 33, 5204, 2994, 3956, 3356, 1932, 2, 4439, 3004, 4692, 5417, 2931, 3118, 4801, 2631, 2453, 2649, 4176, 1000, 1371, 959, 4302, 330, 3585, 3258, 4332, 4564, 4725, 4301, 2469, 2933, 955, 3367, 4466, 744, 15, 1582, 2199, 2281, 3882, 4530, 3131, 1808, 3728, 5433, 1145, 2174, 4890, 5229, 1468, 101, 1355, 549, 1262, 1227, 3913, 2762, 5379, 222, 988, 3088, 3480, 1783, 532, 355, 4393, 2369, 5251, 1675, 2025, 2483, 2135, 2924, 665, 1760, 2705, 4338, 2951, 1507, 939, 1243, 1285, 632, 1360, 2827, 624, 3203, 2029, 3607, 3002, 4818, 130, 3381, 3846, 4011, 2056, 1458, 1350, 3758, 4947, 5322, 1059, 1556, 864, 3345, 2939, 3659, 1466, 2067, 4380, 2797, 1076, 431, 1740, 2293, 3737, 1952, 3664, 2632, 1656, 3790, 5410, 4058, 1211, 3445, 4428, 1109, 45, 2456, 2489, 4512, 3275, 3214, 4757, 239, 5109, 2555, 3958, 3740, 1644, 4596, 2331, 3316, 5007, 3371, 3656, 4028, 635, 1926, 995, 5012, 128, 3876, 2063, 758, 3815, 2641, 2374, 3138, 4190, 1850, 954, 4179, 5049, 2669, 3355, 1960, 2016, 2620, 4538, 4407, 5126, 3167, 5169, 403, 811, 65, 121, 968, 1332, 1816, 4324, 4062, 4576, 590, 4201, 3424, 159, 2950, 281, 4615, 2812, 1686, 3514, 2890, 2509, 411, 2992, 149, 3407, 1074, 2071, 1193, 237, 3770, 1809, 4245, 979, 3469, 5231, 4183, 4837, 4502]",116,500,5,False,500
154,numeric,human,3,True,False,True,"{2: 108, 1: 104, 5: 89, 4: 74, 3: 118, 0: 7}","[365, 353, 2801, 2313, 4363, 3055, 466, 5179, 4620, 922, 1488, 3354, 1490, 872, 280, 265, 3837, 2759, 5068, 1765, 2589, 1272, 2677, 4079, 926, 4931, 1511, 989, 3357, 999, 2993, 4192, 5431, 5121, 5175, 2470, 2867, 1374, 5434, 4983, 5381, 4304, 3235, 2126, 1748, 3628, 3439, 1615, 5008, 4767, 3479, 862, 3772, 522, 5242, 980, 4258, 3229, 787, 4436, 3886, 4934, 1882, 5154, 3111, 1353, 1329, 299, 1286, 1212, 1588, 4679, 4669, 3495, 1902, 1362, 2606, 5310, 2142, 3632, 1053, 2593, 2740, 2107, 1110, 4029, 5045, 3603, 3962, 2979, 3204, 4830, 774, 3892, 3218, 893, 666, 932, 5118, 1568, 3523, 887, 4114, 3364, 3066, 3312, 2615, 2153, 4142, 5235, 3163, 4793, 1416, 4203, 2523, 238, 1892, 167, 1434, 1240, 3542, 3856, 4008, 390, 1993, 5366, 1494, 5309, 4876, 3467, 4351, 3729, 4213, 1627, 2350, 4418, 1099, 2207, 4350, 4122, 126, 1226, 3346, 485, 461, 4316, 2763, 4212, 538, 2524, 5137, 551, 2803, 2834, 1028, 3465, 4812, 3092, 4874, 3293, 4364, 1540, 4875, 2089, 1533, 3099, 3864, 314, 3853, 5025, 936, 3013, 547, 3527, 1135, 3179, 3708, 1959, 2915, 1442, 3343, 1715, 1172, 621, 5324, 1199, 2218, 5217, 2046, 385, 4953, 4311, 5305, 4496, 4448, 3631, 5176, 528, 806, 832, 4523, 4368, 2061, 3852, 3872, 878, 2944, 3826, 1467, 3920, 2032, 2785, 5312, 850, 4325, 4817, 4528, 4631, 2673, 1419, 4022, 4047, 3515, 1333, 345, 4140, 1753, 2596, 2459, 3492, 4064, 4012, 5284, 1581, 3747, 488, 4902, 3240, 3231, 4660, 2604, 5345, 4926, 2791, 3896, 1491, 62, 5174, 1469, 478, 839, 3052, 5062, 2006, 892, 5043, 3783, 340, 2905, 2423, 3993, 145, 1939, 472, 2728, 1229, 76, 1774, 4168, 646, 3755, 2302, 3833, 2309, 3784, 1300, 4491, 5167, 993, 1136, 4597, 452, 2637, 1828, 1575, 4987, 4857, 33, 5204, 2994, 3956, 3356, 1932, 2, 4439, 3004, 4692, 5417, 2931, 3118, 4801, 2631, 2453, 2649, 4176, 1000, 1371, 959, 4302, 330, 3585, 3258, 4332, 4564, 4725, 4301, 2469, 2933, 955, 3367, 4466, 744, 15, 1582, 2199, 2281, 3882, 4530, 3131, 1808, 3728, 5433, 1145, 2174, 4890, 5229, 1468, 101, 1355, 549, 1262, 1227, 3913, 2762, 5379, 222, 988, 3088, 3480, 1783, 532, 355, 4393, 2369, 5251, 1675, 2025, 2483, 2135, 2924, 665, 1760, 2705, 4338, 2951, 1507, 939, 1243, 1285, 632, 1360, 2827, 624, 3203, 2029, 3607, 3002, 4818, 130, 3381, 3846, 4011, 2056, 1458, 1350, 3758, 4947, 5322, 1059, 1556, 864, 3345, 2939, 3659, 1466, 2067, 4380, 2797, 1076, 431, 1740, 2293, 3737, 1952, 3664, 2632, 1656, 3790, 5410, 4058, 1211, 3445, 4428, 1109, 45, 2456, 2489, 4512, 3275, 3214, 4757, 239, 5109, 2555, 3958, 3740, 1644, 4596, 2331, 3316, 5007, 3371, 3656, 4028, 635, 1926, 995, 5012, 128, 3876, 2063, 758, 3815, 2641, 2374, 3138, 4190, 1850, 954, 4179, 5049, 2669, 3355, 1960, 2016, 2620, 4538, 4407, 5126, 3167, 5169, 403, 811, 65, 121, 968, 1332, 1816, 4324, 4062, 4576, 590, 4201, 3424, 159, 2950, 281, 4615, 2812, 1686, 3514, 2890, 2509, 411, 2992, 149, 3407, 1074, 2071, 1193, 237, 3770, 1809, 4245, 979, 3469, 5231, 4183, 4837, 4502]",154,500,5,False,500
233,numeric,numeric,5,True,True,True,"{2: 108, 1: 104, 5: 89, 4: 74, 3: 118, 0: 7}","[365, 353, 2801, 2313, 4363, 3055, 466, 5179, 4620, 922, 1488, 3354, 1490, 872, 280, 265, 3837, 2759, 5068, 1765, 2589, 1272, 2677, 4079, 926, 4931, 1511, 989, 3357, 999, 2993, 4192, 5431, 5121, 5175, 2470, 2867, 1374, 5434, 4983, 5381, 4304, 3235, 2126, 1748, 3628, 3439, 1615, 5008, 4767, 3479, 862, 3772, 522, 5242, 980, 4258, 3229, 787, 4436, 3886, 4934, 1882, 5154, 3111, 1353, 1329, 299, 1286, 1212, 1588, 4679, 4669, 3495, 1902, 1362, 2606, 5310, 2142, 3632, 1053, 2593, 2740, 2107, 1110, 4029, 5045, 3603, 3962, 2979, 3204, 4830, 774, 3892, 3218, 893, 666, 932, 5118, 1568, 3523, 887, 4114, 3364, 3066, 3312, 2615, 2153, 4142, 5235, 3163, 4793, 1416, 4203, 2523, 238, 1892, 167, 1434, 1240, 3542, 3856, 4008, 390, 1993, 5366, 1494, 5309, 4876, 3467, 4351, 3729, 4213, 1627, 2350, 4418, 1099, 2207, 4350, 4122, 126, 1226, 3346, 485, 461, 4316, 2763, 4212, 538, 2524, 5137, 551, 2803, 2834, 1028, 3465, 4812, 3092, 4874, 3293, 4364, 1540, 4875, 2089, 1533, 3099, 3864, 314, 3853, 5025, 936, 3013, 547, 3527, 1135, 3179, 3708, 1959, 2915, 1442, 3343, 1715, 1172, 621, 5324, 1199, 2218, 5217, 2046, 385, 4953, 4311, 5305, 4496, 4448, 3631, 5176, 528, 806, 832, 4523, 4368, 2061, 3852, 3872, 878, 2944, 3826, 1467, 3920, 2032, 2785, 5312, 850, 4325, 4817, 4528, 4631, 2673, 1419, 4022, 4047, 3515, 1333, 345, 4140, 1753, 2596, 2459, 3492, 4064, 4012, 5284, 1581, 3747, 488, 4902, 3240, 3231, 4660, 2604, 5345, 4926, 2791, 3896, 1491, 62, 5174, 1469, 478, 839, 3052, 5062, 2006, 892, 5043, 3783, 340, 2905, 2423, 3993, 145, 1939, 472, 2728, 1229, 76, 1774, 4168, 646, 3755, 2302, 3833, 2309, 3784, 1300, 4491, 5167, 993, 1136, 4597, 452, 2637, 1828, 1575, 4987, 4857, 33, 5204, 2994, 3956, 3356, 1932, 2, 4439, 3004, 4692, 5417, 2931, 3118, 4801, 2631, 2453, 2649, 4176, 1000, 1371, 959, 4302, 330, 3585, 3258, 4332, 4564, 4725, 4301, 2469, 2933, 955, 3367, 4466, 744, 15, 1582, 2199, 2281, 3882, 4530, 3131, 1808, 3728, 5433, 1145, 2174, 4890, 5229, 1468, 101, 1355, 549, 1262, 1227, 3913, 2762, 5379, 222, 988, 3088, 3480, 1783, 532, 355, 4393, 2369, 5251, 1675, 2025, 2483, 2135, 2924, 665, 1760, 2705, 4338, 2951, 1507, 939, 1243, 1285, 632, 1360, 2827, 624, 3203, 2029, 3607, 3002, 4818, 130, 3381, 3846, 4011, 2056, 1458, 1350, 3758, 4947, 5322, 1059, 1556, 864, 3345, 2939, 3659, 1466, 2067, 4380, 2797, 1076, 431, 1740, 2293, 3737, 1952, 3664, 2632, 1656, 3790, 5410, 4058, 1211, 3445, 4428, 1109, 45, 2456, 2489, 4512, 3275, 3214, 4757, 239, 5109, 2555, 3958, 3740, 1644, 4596, 2331, 3316, 5007, 3371, 3656, 4028, 635, 1926, 995, 5012, 128, 3876, 2063, 758, 3815, 2641, 2374, 3138, 4190, 1850, 954, 4179, 5049, 2669, 3355, 1960, 2016, 2620, 4538, 4407, 5126, 3167, 5169, 403, 811, 65, 121, 968, 1332, 1816, 4324, 4062, 4576, 590, 4201, 3424, 159, 2950, 281, 4615, 2812, 1686, 3514, 2890, 2509, 411, 2992, 149, 3407, 1074, 2071, 1193, 237, 3770, 1809, 4245, 979, 3469, 5231, 4183, 4837, 4502]",233,500,5,False,500
409,description,description,2,True,True,True,"{2: 108, 1: 104, 5: 89, 4: 74, 3: 118, 0: 7}","[365, 353, 2801, 2313, 4363, 3055, 466, 5179, 4620, 922, 1488, 3354, 1490, 872, 280, 265, 3837, 2759, 5068, 1765, 2589, 1272, 2677, 4079, 926, 4931, 1511, 989, 3357, 999, 2993, 4192, 5431, 5121, 5175, 2470, 2867, 1374, 5434, 4983, 5381, 4304, 3235, 2126, 1748, 3628, 3439, 1615, 5008, 4767, 3479, 862, 3772, 522, 5242, 980, 4258, 3229, 787, 4436, 3886, 4934, 1882, 5154, 3111, 1353, 1329, 299, 1286, 1212, 1588, 4679, 4669, 3495, 1902, 1362, 2606, 5310, 2142, 3632, 1053, 2593, 2740, 2107, 1110, 4029, 5045, 3603, 3962, 2979, 3204, 4830, 774, 3892, 3218, 893, 666, 932, 5118, 1568, 3523, 887, 4114, 3364, 3066, 3312, 2615, 2153, 4142, 5235, 3163, 4793, 1416, 4203, 2523, 238, 1892, 167, 1434, 1240, 3542, 3856, 4008, 390, 1993, 5366, 1494, 5309, 4876, 3467, 4351, 3729, 4213, 1627, 2350, 4418, 1099, 2207, 4350, 4122, 126, 1226, 3346, 485, 461, 4316, 2763, 4212, 538, 2524, 5137, 551, 2803, 2834, 1028, 3465, 4812, 3092, 4874, 3293, 4364, 1540, 4875, 2089, 1533, 3099, 3864, 314, 3853, 5025, 936, 3013, 547, 3527, 1135, 3179, 3708, 1959, 2915, 1442, 3343, 1715, 1172, 621, 5324, 1199, 2218, 5217, 2046, 385, 4953, 4311, 5305, 4496, 4448, 3631, 5176, 528, 806, 832, 4523, 4368, 2061, 3852, 3872, 878, 2944, 3826, 1467, 3920, 2032, 2785, 5312, 850, 4325, 4817, 4528, 4631, 2673, 1419, 4022, 4047, 3515, 1333, 345, 4140, 1753, 2596, 2459, 3492, 4064, 4012, 5284, 1581, 3747, 488, 4902, 3240, 3231, 4660, 2604, 5345, 4926, 2791, 3896, 1491, 62, 5174, 1469, 478, 839, 3052, 5062, 2006, 892, 5043, 3783, 340, 2905, 2423, 3993, 145, 1939, 472, 2728, 1229, 76, 1774, 4168, 646, 3755, 2302, 3833, 2309, 3784, 1300, 4491, 5167, 993, 1136, 4597, 452, 2637, 1828, 1575, 4987, 4857, 33, 5204, 2994, 3956, 3356, 1932, 2, 4439, 3004, 4692, 5417, 2931, 3118, 4801, 2631, 2453, 2649, 4176, 1000, 1371, 959, 4302, 330, 3585, 3258, 4332, 4564, 4725, 4301, 2469, 2933, 955, 3367, 4466, 744, 15, 1582, 2199, 2281, 3882, 4530, 3131, 1808, 3728, 5433, 1145, 2174, 4890, 5229, 1468, 101, 1355, 549, 1262, 1227, 3913, 2762, 5379, 222, 988, 3088, 3480, 1783, 532, 355, 4393, 2369, 5251, 1675, 2025, 2483, 2135, 2924, 665, 1760, 2705, 4338, 2951, 1507, 939, 1243, 1285, 632, 1360, 2827, 624, 3203, 2029, 3607, 3002, 4818, 130, 3381, 3846, 4011, 2056, 1458, 1350, 3758, 4947, 5322, 1059, 1556, 864, 3345, 2939, 3659, 1466, 2067, 4380, 2797, 1076, 431, 1740, 2293, 3737, 1952, 3664, 2632, 1656, 3790, 5410, 4058, 1211, 3445, 4428, 1109, 45, 2456, 2489, 4512, 3275, 3214, 4757, 239, 5109, 2555, 3958, 3740, 1644, 4596, 2331, 3316, 5007, 3371, 3656, 4028, 635, 1926, 995, 5012, 128, 3876, 2063, 758, 3815, 2641, 2374, 3138, 4190, 1850, 954, 4179, 5049, 2669, 3355, 1960, 2016, 2620, 4538, 4407, 5126, 3167, 5169, 403, 811, 65, 121, 968, 1332, 1816, 4324, 4062, 4576, 590, 4201, 3424, 159, 2950, 281, 4615, 2812, 1686, 3514, 2890, 2509, 411, 2992, 149, 3407, 1074, 2071, 1193, 237, 3770, 1809, 4245, 979, 3469, 5231, 4183, 4837, 4502]",409,500,5,False,500
410,numeric,human,3,True,False,True,"{2: 108, 1: 104, 5: 89, 4: 74, 3: 118, 0: 7}","[365, 353, 2801, 2313, 4363, 3055, 466, 5179, 4620, 922, 1488, 3354, 1490, 872, 280, 265, 3837, 2759, 5068, 1765, 2589, 1272, 2677, 4079, 926, 4931, 1511, 989, 3357, 999, 2993, 4192, 5431, 5121, 5175, 2470, 2867, 1374, 5434, 4983, 5381, 4304, 3235, 2126, 1748, 3628, 3439, 1615, 5008, 4767, 3479, 862, 3772, 522, 5242, 980, 4258, 3229, 787, 4436, 3886, 4934, 1882, 5154, 3111, 1353, 1329, 299, 1286, 1212, 1588, 4679, 4669, 3495, 1902, 1362, 2606, 5310, 2142, 3632, 1053, 2593, 2740, 2107, 1110, 4029, 5045, 3603, 3962, 2979, 3204, 4830, 774, 3892, 3218, 893, 666, 932, 5118, 1568, 3523, 887, 4114, 3364, 3066, 3312, 2615, 2153, 4142, 5235, 3163, 4793, 1416, 4203, 2523, 238, 1892, 167, 1434, 1240, 3542, 3856, 4008, 390, 1993, 5366, 1494, 5309, 4876, 3467, 4351, 3729, 4213, 1627, 2350, 4418, 1099, 2207, 4350, 4122, 126, 1226, 3346, 485, 461, 4316, 2763, 4212, 538, 2524, 5137, 551, 2803, 2834, 1028, 3465, 4812, 3092, 4874, 3293, 4364, 1540, 4875, 2089, 1533, 3099, 3864, 314, 3853, 5025, 936, 3013, 547, 3527, 1135, 3179, 3708, 1959, 2915, 1442, 3343, 1715, 1172, 621, 5324, 1199, 2218, 5217, 2046, 385, 4953, 4311, 5305, 4496, 4448, 3631, 5176, 528, 806, 832, 4523, 4368, 2061, 3852, 3872, 878, 2944, 3826, 1467, 3920, 2032, 2785, 5312, 850, 4325, 4817, 4528, 4631, 2673, 1419, 4022, 4047, 3515, 1333, 345, 4140, 1753, 2596, 2459, 3492, 4064, 4012, 5284, 1581, 3747, 488, 4902, 3240, 3231, 4660, 2604, 5345, 4926, 2791, 3896, 1491, 62, 5174, 1469, 478, 839, 3052, 5062, 2006, 892, 5043, 3783, 340, 2905, 2423, 3993, 145, 1939, 472, 2728, 1229, 76, 1774, 4168, 646, 3755, 2302, 3833, 2309, 3784, 1300, 4491, 5167, 993, 1136, 4597, 452, 2637, 1828, 1575, 4987, 4857, 33, 5204, 2994, 3956, 3356, 1932, 2, 4439, 3004, 4692, 5417, 2931, 3118, 4801, 2631, 2453, 2649, 4176, 1000, 1371, 959, 4302, 330, 3585, 3258, 4332, 4564, 4725, 4301, 2469, 2933, 955, 3367, 4466, 744, 15, 1582, 2199, 2281, 3882, 4530, 3131, 1808, 3728, 5433, 1145, 2174, 4890, 5229, 1468, 101, 1355, 549, 1262, 1227, 3913, 2762, 5379, 222, 988, 3088, 3480, 1783, 532, 355, 4393, 2369, 5251, 1675, 2025, 2483, 2135, 2924, 665, 1760, 2705, 4338, 2951, 1507, 939, 1243, 1285, 632, 1360, 2827, 624, 3203, 2029, 3607, 3002, 4818, 130, 3381, 3846, 4011, 2056, 1458, 1350, 3758, 4947, 5322, 1059, 1556, 864, 3345, 2939, 3659, 1466, 2067, 4380, 2797, 1076, 431, 1740, 2293, 3737, 1952, 3664, 2632, 1656, 3790, 5410, 4058, 1211, 3445, 4428, 1109, 45, 2456, 2489, 4512, 3275, 3214, 4757, 239, 5109, 2555, 3958, 3740, 1644, 4596, 2331, 3316, 5007, 3371, 3656, 4028, 635, 1926, 995, 5012, 128, 3876, 2063, 758, 3815, 2641, 2374, 3138, 4190, 1850, 954, 4179, 5049, 2669, 3355, 1960, 2016, 2620, 4538, 4407, 5126, 3167, 5169, 403, 811, 65, 121, 968, 1332, 1816, 4324, 4062, 4576, 590, 4201, 3424, 159, 2950, 281, 4615, 2812, 1686, 3514, 2890, 2509, 411, 2992, 149, 3407, 1074, 2071, 1193, 237, 3770, 1809, 4245, 979, 3469, 5231, 4183, 4837, 4502]",410,500,5,False,500
193,numeric,numeric,5,True,True,True,"{2: 108, 1: 104, 5: 89, 4: 74, 3: 118, 0: 7}","[365, 353, 2801, 2313, 4363, 3055, 466, 5179, 4620, 922, 1488, 3354, 1490, 872, 280, 265, 3837, 2759, 5068, 1765, 2589, 1272, 2677, 4079, 926, 4931, 1511, 989, 3357, 999, 2993, 4192, 5431, 5121, 5175, 2470, 2867, 1374, 5434, 4983, 5381, 4304, 3235, 2126, 1748, 3628, 3439, 1615, 5008, 4767, 3479, 862, 3772, 522, 5242, 980, 4258, 3229, 787, 4436, 3886, 4934, 1882, 5154, 3111, 1353, 1329, 299, 1286, 1212, 1588, 4679, 4669, 3495, 1902, 1362, 2606, 5310, 2142, 3632, 1053, 2593, 2740, 2107, 1110, 4029, 5045, 3603, 3962, 2979, 3204, 4830, 774, 3892, 3218, 893, 666, 932, 5118, 1568, 3523, 887, 4114, 3364, 3066, 3312, 2615, 2153, 4142, 5235, 3163, 4793, 1416, 4203, 2523, 238, 1892, 167, 1434, 1240, 3542, 3856, 4008, 390, 1993, 5366, 1494, 5309, 4876, 3467, 4351, 3729, 4213, 1627, 2350, 4418, 1099, 2207, 4350, 4122, 126, 1226, 3346, 485, 461, 4316, 2763, 4212, 538, 2524, 5137, 551, 2803, 2834, 1028, 3465, 4812, 3092, 4874, 3293, 4364, 1540, 4875, 2089, 1533, 3099, 3864, 314, 3853, 5025, 936, 3013, 547, 3527, 1135, 3179, 3708, 1959, 2915, 1442, 3343, 1715, 1172, 621, 5324, 1199, 2218, 5217, 2046, 385, 4953, 4311, 5305, 4496, 4448, 3631, 5176, 528, 806, 832, 4523, 4368, 2061, 3852, 3872, 878, 2944, 3826, 1467, 3920, 2032, 2785, 5312, 850, 4325, 4817, 4528, 4631, 2673, 1419, 4022, 4047, 3515, 1333, 345, 4140, 1753, 2596, 2459, 3492, 4064, 4012, 5284, 1581, 3747, 488, 4902, 3240, 3231, 4660, 2604, 5345, 4926, 2791, 3896, 1491, 62, 5174, 1469, 478, 839, 3052, 5062, 2006, 892, 5043, 3783, 340, 2905, 2423, 3993, 145, 1939, 472, 2728, 1229, 76, 1774, 4168, 646, 3755, 2302, 3833, 2309, 3784, 1300, 4491, 5167, 993, 1136, 4597, 452, 2637, 1828, 1575, 4987, 4857, 33, 5204, 2994, 3956, 3356, 1932, 2, 4439, 3004, 4692, 5417, 2931, 3118, 4801, 2631, 2453, 2649, 4176, 1000, 1371, 959, 4302, 330, 3585, 3258, 4332, 4564, 4725, 4301, 2469, 2933, 955, 3367, 4466, 744, 15, 1582, 2199, 2281, 3882, 4530, 3131, 1808, 3728, 5433, 1145, 2174, 4890, 5229, 1468, 101, 1355, 549, 1262, 1227, 3913, 2762, 5379, 222, 988, 3088, 3480, 1783, 532, 355, 4393, 2369, 5251, 1675, 2025, 2483, 2135, 2924, 665, 1760, 2705, 4338, 2951, 1507, 939, 1243, 1285, 632, 1360, 2827, 624, 3203, 2029, 3607, 3002, 4818, 130, 3381, 3846, 4011, 2056, 1458, 1350, 3758, 4947, 5322, 1059, 1556, 864, 3345, 2939, 3659, 1466, 2067, 4380, 2797, 1076, 431, 1740, 2293, 3737, 1952, 3664, 2632, 1656, 3790, 5410, 4058, 1211, 3445, 4428, 1109, 45, 2456, 2489, 4512, 3275, 3214, 4757, 239, 5109, 2555, 3958, 3740, 1644, 4596, 2331, 3316, 5007, 3371, 3656, 4028, 635, 1926, 995, 5012, 128, 3876, 2063, 758, 3815, 2641, 2374, 3138, 4190, 1850, 954, 4179, 5049, 2669, 3355, 1960, 2016, 2620, 4538, 4407, 5126, 3167, 5169, 403, 811, 65, 121, 968, 1332, 1816, 4324, 4062, 4576, 590, 4201, 3424, 159, 2950, 281, 4615, 2812, 1686, 3514, 2890, 2509, 411, 2992, 149, 3407, 1074, 2071, 1193, 237, 3770, 1809, 4245, 979, 3469, 5231, 4183, 4837, 4502]",193,500,5,False,500
329,description,description,2,True,True,True,"{2: 108, 1: 104, 5: 89, 4: 74, 3: 118, 0: 7}","[365, 353, 2801, 2313, 4363, 3055, 466, 5179, 4620, 922, 1488, 3354, 1490, 872, 280, 265, 3837, 2759, 5068, 1765, 2589, 1272, 2677, 4079, 926, 4931, 1511, 989, 3357, 999, 2993, 4192, 5431, 5121, 5175, 2470, 2867, 1374, 5434, 4983, 5381, 4304, 3235, 2126, 1748, 3628, 3439, 1615, 5008, 4767, 3479, 862, 3772, 522, 5242, 980, 4258, 3229, 787, 4436, 3886, 4934, 1882, 5154, 3111, 1353, 1329, 299, 1286, 1212, 1588, 4679, 4669, 3495, 1902, 1362, 2606, 5310, 2142, 3632, 1053, 2593, 2740, 2107, 1110, 4029, 5045, 3603, 3962, 2979, 3204, 4830, 774, 3892, 3218, 893, 666, 932, 5118, 1568, 3523, 887, 4114, 3364, 3066, 3312, 2615, 2153, 4142, 5235, 3163, 4793, 1416, 4203, 2523, 238, 1892, 167, 1434, 1240, 3542, 3856, 4008, 390, 1993, 5366, 1494, 5309, 4876, 3467, 4351, 3729, 4213, 1627, 2350, 4418, 1099, 2207, 4350, 4122, 126, 1226, 3346, 485, 461, 4316, 2763, 4212, 538, 2524, 5137, 551, 2803, 2834, 1028, 3465, 4812, 3092, 4874, 3293, 4364, 1540, 4875, 2089, 1533, 3099, 3864, 314, 3853, 5025, 936, 3013, 547, 3527, 1135, 3179, 3708, 1959, 2915, 1442, 3343, 1715, 1172, 621, 5324, 1199, 2218, 5217, 2046, 385, 4953, 4311, 5305, 4496, 4448, 3631, 5176, 528, 806, 832, 4523, 4368, 2061, 3852, 3872, 878, 2944, 3826, 1467, 3920, 2032, 2785, 5312, 850, 4325, 4817, 4528, 4631, 2673, 1419, 4022, 4047, 3515, 1333, 345, 4140, 1753, 2596, 2459, 3492, 4064, 4012, 5284, 1581, 3747, 488, 4902, 3240, 3231, 4660, 2604, 5345, 4926, 2791, 3896, 1491, 62, 5174, 1469, 478, 839, 3052, 5062, 2006, 892, 5043, 3783, 340, 2905, 2423, 3993, 145, 1939, 472, 2728, 1229, 76, 1774, 4168, 646, 3755, 2302, 3833, 2309, 3784, 1300, 4491, 5167, 993, 1136, 4597, 452, 2637, 1828, 1575, 4987, 4857, 33, 5204, 2994, 3956, 3356, 1932, 2, 4439, 3004, 4692, 5417, 2931, 3118, 4801, 2631, 2453, 2649, 4176, 1000, 1371, 959, 4302, 330, 3585, 3258, 4332, 4564, 4725, 4301, 2469, 2933, 955, 3367, 4466, 744, 15, 1582, 2199, 2281, 3882, 4530, 3131, 1808, 3728, 5433, 1145, 2174, 4890, 5229, 1468, 101, 1355, 549, 1262, 1227, 3913, 2762, 5379, 222, 988, 3088, 3480, 1783, 532, 355, 4393, 2369, 5251, 1675, 2025, 2483, 2135, 2924, 665, 1760, 2705, 4338, 2951, 1507, 939, 1243, 1285, 632, 1360, 2827, 624, 3203, 2029, 3607, 3002, 4818, 130, 3381, 3846, 4011, 2056, 1458, 1350, 3758, 4947, 5322, 1059, 1556, 864, 3345, 2939, 3659, 1466, 2067, 4380, 2797, 1076, 431, 1740, 2293, 3737, 1952, 3664, 2632, 1656, 3790, 5410, 4058, 1211, 3445, 4428, 1109, 45, 2456, 2489, 4512, 3275, 3214, 4757, 239, 5109, 2555, 3958, 3740, 1644, 4596, 2331, 3316, 5007, 3371, 3656, 4028, 635, 1926, 995, 5012, 128, 3876, 2063, 758, 3815, 2641, 2374, 3138, 4190, 1850, 954, 4179, 5049, 2669, 3355, 1960, 2016, 2620, 4538, 4407, 5126, 3167, 5169, 403, 811, 65, 121, 968, 1332, 1816, 4324, 4062, 4576, 590, 4201, 3424, 159, 2950, 281, 4615, 2812, 1686, 3514, 2890, 2509, 411, 2992, 149, 3407, 1074, 2071, 1193, 237, 3770, 1809, 4245, 979, 3469, 5231, 4183, 4837, 4502]",329,500,5,False,500
483,description,description,2,True,True,True,"{2: 108, 1: 104, 5: 89, 4: 74, 3: 118, 0: 7}","[365, 353, 2801, 2313, 4363, 3055, 466, 5179, 4620, 922, 1488, 3354, 1490, 872, 280, 265, 3837, 2759, 5068, 1765, 2589, 1272, 2677, 4079, 926, 4931, 1511, 989, 3357, 999, 2993, 4192, 5431, 5121, 5175, 2470, 2867, 1374, 5434, 4983, 5381, 4304, 3235, 2126, 1748, 3628, 3439, 1615, 5008, 4767, 3479, 862, 3772, 522, 5242, 980, 4258, 3229, 787, 4436, 3886, 4934, 1882, 5154, 3111, 1353, 1329, 299, 1286, 1212, 1588, 4679, 4669, 3495, 1902, 1362, 2606, 5310, 2142, 3632, 1053, 2593, 2740, 2107, 1110, 4029, 5045, 3603, 3962, 2979, 3204, 4830, 774, 3892, 3218, 893, 666, 932, 5118, 1568, 3523, 887, 4114, 3364, 3066, 3312, 2615, 2153, 4142, 5235, 3163, 4793, 1416, 4203, 2523, 238, 1892, 167, 1434, 1240, 3542, 3856, 4008, 390, 1993, 5366, 1494, 5309, 4876, 3467, 4351, 3729, 4213, 1627, 2350, 4418, 1099, 2207, 4350, 4122, 126, 1226, 3346, 485, 461, 4316, 2763, 4212, 538, 2524, 5137, 551, 2803, 2834, 1028, 3465, 4812, 3092, 4874, 3293, 4364, 1540, 4875, 2089, 1533, 3099, 3864, 314, 3853, 5025, 936, 3013, 547, 3527, 1135, 3179, 3708, 1959, 2915, 1442, 3343, 1715, 1172, 621, 5324, 1199, 2218, 5217, 2046, 385, 4953, 4311, 5305, 4496, 4448, 3631, 5176, 528, 806, 832, 4523, 4368, 2061, 3852, 3872, 878, 2944, 3826, 1467, 3920, 2032, 2785, 5312, 850, 4325, 4817, 4528, 4631, 2673, 1419, 4022, 4047, 3515, 1333, 345, 4140, 1753, 2596, 2459, 3492, 4064, 4012, 5284, 1581, 3747, 488, 4902, 3240, 3231, 4660, 2604, 5345, 4926, 2791, 3896, 1491, 62, 5174, 1469, 478, 839, 3052, 5062, 2006, 892, 5043, 3783, 340, 2905, 2423, 3993, 145, 1939, 472, 2728, 1229, 76, 1774, 4168, 646, 3755, 2302, 3833, 2309, 3784, 1300, 4491, 5167, 993, 1136, 4597, 452, 2637, 1828, 1575, 4987, 4857, 33, 5204, 2994, 3956, 3356, 1932, 2, 4439, 3004, 4692, 5417, 2931, 3118, 4801, 2631, 2453, 2649, 4176, 1000, 1371, 959, 4302, 330, 3585, 3258, 4332, 4564, 4725, 4301, 2469, 2933, 955, 3367, 4466, 744, 15, 1582, 2199, 2281, 3882, 4530, 3131, 1808, 3728, 5433, 1145, 2174, 4890, 5229, 1468, 101, 1355, 549, 1262, 1227, 3913, 2762, 5379, 222, 988, 3088, 3480, 1783, 532, 355, 4393, 2369, 5251, 1675, 2025, 2483, 2135, 2924, 665, 1760, 2705, 4338, 2951, 1507, 939, 1243, 1285, 632, 1360, 2827, 624, 3203, 2029, 3607, 3002, 4818, 130, 3381, 3846, 4011, 2056, 1458, 1350, 3758, 4947, 5322, 1059, 1556, 864, 3345, 2939, 3659, 1466, 2067, 4380, 2797, 1076, 431, 1740, 2293, 3737, 1952, 3664, 2632, 1656, 3790, 5410, 4058, 1211, 3445, 4428, 1109, 45, 2456, 2489, 4512, 3275, 3214, 4757, 239, 5109, 2555, 3958, 3740, 1644, 4596, 2331, 3316, 5007, 3371, 3656, 4028, 635, 1926, 995, 5012, 128, 3876, 2063, 758, 3815, 2641, 2374, 3138, 4190, 1850, 954, 4179, 5049, 2669, 3355, 1960, 2016, 2620, 4538, 4407, 5126, 3167, 5169, 403, 811, 65, 121, 968, 1332, 1816, 4324, 4062, 4576, 590, 4201, 3424, 159, 2950, 281, 4615, 2812, 1686, 3514, 2890, 2509, 411, 2992, 149, 3407, 1074, 2071, 1193, 237, 3770, 1809, 4245, 979, 3469, 5231, 4183, 4837, 4502]",483,500,5,False,500
57,numeric,location,4,True,False,True,"{2: 108, 1: 104, 5: 89, 4: 74, 3: 118, 0: 7}","[365, 353, 2801, 2313, 4363, 3055, 466, 5179, 4620, 922, 1488, 3354, 1490, 872, 280, 265, 3837, 2759, 5068, 1765, 2589, 1272, 2677, 4079, 926, 4931, 1511, 989, 3357, 999, 2993, 4192, 5431, 5121, 5175, 2470, 2867, 1374, 5434, 4983, 5381, 4304, 3235, 2126, 1748, 3628, 3439, 1615, 5008, 4767, 3479, 862, 3772, 522, 5242, 980, 4258, 3229, 787, 4436, 3886, 4934, 1882, 5154, 3111, 1353, 1329, 299, 1286, 1212, 1588, 4679, 4669, 3495, 1902, 1362, 2606, 5310, 2142, 3632, 1053, 2593, 2740, 2107, 1110, 4029, 5045, 3603, 3962, 2979, 3204, 4830, 774, 3892, 3218, 893, 666, 932, 5118, 1568, 3523, 887, 4114, 3364, 3066, 3312, 2615, 2153, 4142, 5235, 3163, 4793, 1416, 4203, 2523, 238, 1892, 167, 1434, 1240, 3542, 3856, 4008, 390, 1993, 5366, 1494, 5309, 4876, 3467, 4351, 3729, 4213, 1627, 2350, 4418, 1099, 2207, 4350, 4122, 126, 1226, 3346, 485, 461, 4316, 2763, 4212, 538, 2524, 5137, 551, 2803, 2834, 1028, 3465, 4812, 3092, 4874, 3293, 4364, 1540, 4875, 2089, 1533, 3099, 3864, 314, 3853, 5025, 936, 3013, 547, 3527, 1135, 3179, 3708, 1959, 2915, 1442, 3343, 1715, 1172, 621, 5324, 1199, 2218, 5217, 2046, 385, 4953, 4311, 5305, 4496, 4448, 3631, 5176, 528, 806, 832, 4523, 4368, 2061, 3852, 3872, 878, 2944, 3826, 1467, 3920, 2032, 2785, 5312, 850, 4325, 4817, 4528, 4631, 2673, 1419, 4022, 4047, 3515, 1333, 345, 4140, 1753, 2596, 2459, 3492, 4064, 4012, 5284, 1581, 3747, 488, 4902, 3240, 3231, 4660, 2604, 5345, 4926, 2791, 3896, 1491, 62, 5174, 1469, 478, 839, 3052, 5062, 2006, 892, 5043, 3783, 340, 2905, 2423, 3993, 145, 1939, 472, 2728, 1229, 76, 1774, 4168, 646, 3755, 2302, 3833, 2309, 3784, 1300, 4491, 5167, 993, 1136, 4597, 452, 2637, 1828, 1575, 4987, 4857, 33, 5204, 2994, 3956, 3356, 1932, 2, 4439, 3004, 4692, 5417, 2931, 3118, 4801, 2631, 2453, 2649, 4176, 1000, 1371, 959, 4302, 330, 3585, 3258, 4332, 4564, 4725, 4301, 2469, 2933, 955, 3367, 4466, 744, 15, 1582, 2199, 2281, 3882, 4530, 3131, 1808, 3728, 5433, 1145, 2174, 4890, 5229, 1468, 101, 1355, 549, 1262, 1227, 3913, 2762, 5379, 222, 988, 3088, 3480, 1783, 532, 355, 4393, 2369, 5251, 1675, 2025, 2483, 2135, 2924, 665, 1760, 2705, 4338, 2951, 1507, 939, 1243, 1285, 632, 1360, 2827, 624, 3203, 2029, 3607, 3002, 4818, 130, 3381, 3846, 4011, 2056, 1458, 1350, 3758, 4947, 5322, 1059, 1556, 864, 3345, 2939, 3659, 1466, 2067, 4380, 2797, 1076, 431, 1740, 2293, 3737, 1952, 3664, 2632, 1656, 3790, 5410, 4058, 1211, 3445, 4428, 1109, 45, 2456, 2489, 4512, 3275, 3214, 4757, 239, 5109, 2555, 3958, 3740, 1644, 4596, 2331, 3316, 5007, 3371, 3656, 4028, 635, 1926, 995, 5012, 128, 3876, 2063, 758, 3815, 2641, 2374, 3138, 4190, 1850, 954, 4179, 5049, 2669, 3355, 1960, 2016, 2620, 4538, 4407, 5126, 3167, 5169, 403, 811, 65, 121, 968, 1332, 1816, 4324, 4062, 4576, 590, 4201, 3424, 159, 2950, 281, 4615, 2812, 1686, 3514, 2890, 2509, 411, 2992, 149, 3407, 1074, 2071, 1193, 237, 3770, 1809, 4245, 979, 3469, 5231, 4183, 4837, 4502]",57,500,5,False,500
221,numeric,numeric,5,True,True,True,"{2: 108, 1: 104, 5: 89, 4: 74, 3: 118, 0: 7}","[365, 353, 2801, 2313, 4363, 3055, 466, 5179, 4620, 922, 1488, 3354, 1490, 872, 280, 265, 3837, 2759, 5068, 1765, 2589, 1272, 2677, 4079, 926, 4931, 1511, 989, 3357, 999, 2993, 4192, 5431, 5121, 5175, 2470, 2867, 1374, 5434, 4983, 5381, 4304, 3235, 2126, 1748, 3628, 3439, 1615, 5008, 4767, 3479, 862, 3772, 522, 5242, 980, 4258, 3229, 787, 4436, 3886, 4934, 1882, 5154, 3111, 1353, 1329, 299, 1286, 1212, 1588, 4679, 4669, 3495, 1902, 1362, 2606, 5310, 2142, 3632, 1053, 2593, 2740, 2107, 1110, 4029, 5045, 3603, 3962, 2979, 3204, 4830, 774, 3892, 3218, 893, 666, 932, 5118, 1568, 3523, 887, 4114, 3364, 3066, 3312, 2615, 2153, 4142, 5235, 3163, 4793, 1416, 4203, 2523, 238, 1892, 167, 1434, 1240, 3542, 3856, 4008, 390, 1993, 5366, 1494, 5309, 4876, 3467, 4351, 3729, 4213, 1627, 2350, 4418, 1099, 2207, 4350, 4122, 126, 1226, 3346, 485, 461, 4316, 2763, 4212, 538, 2524, 5137, 551, 2803, 2834, 1028, 3465, 4812, 3092, 4874, 3293, 4364, 1540, 4875, 2089, 1533, 3099, 3864, 314, 3853, 5025, 936, 3013, 547, 3527, 1135, 3179, 3708, 1959, 2915, 1442, 3343, 1715, 1172, 621, 5324, 1199, 2218, 5217, 2046, 385, 4953, 4311, 5305, 4496, 4448, 3631, 5176, 528, 806, 832, 4523, 4368, 2061, 3852, 3872, 878, 2944, 3826, 1467, 3920, 2032, 2785, 5312, 850, 4325, 4817, 4528, 4631, 2673, 1419, 4022, 4047, 3515, 1333, 345, 4140, 1753, 2596, 2459, 3492, 4064, 4012, 5284, 1581, 3747, 488, 4902, 3240, 3231, 4660, 2604, 5345, 4926, 2791, 3896, 1491, 62, 5174, 1469, 478, 839, 3052, 5062, 2006, 892, 5043, 3783, 340, 2905, 2423, 3993, 145, 1939, 472, 2728, 1229, 76, 1774, 4168, 646, 3755, 2302, 3833, 2309, 3784, 1300, 4491, 5167, 993, 1136, 4597, 452, 2637, 1828, 1575, 4987, 4857, 33, 5204, 2994, 3956, 3356, 1932, 2, 4439, 3004, 4692, 5417, 2931, 3118, 4801, 2631, 2453, 2649, 4176, 1000, 1371, 959, 4302, 330, 3585, 3258, 4332, 4564, 4725, 4301, 2469, 2933, 955, 3367, 4466, 744, 15, 1582, 2199, 2281, 3882, 4530, 3131, 1808, 3728, 5433, 1145, 2174, 4890, 5229, 1468, 101, 1355, 549, 1262, 1227, 3913, 2762, 5379, 222, 988, 3088, 3480, 1783, 532, 355, 4393, 2369, 5251, 1675, 2025, 2483, 2135, 2924, 665, 1760, 2705, 4338, 2951, 1507, 939, 1243, 1285, 632, 1360, 2827, 624, 3203, 2029, 3607, 3002, 4818, 130, 3381, 3846, 4011, 2056, 1458, 1350, 3758, 4947, 5322, 1059, 1556, 864, 3345, 2939, 3659, 1466, 2067, 4380, 2797, 1076, 431, 1740, 2293, 3737, 1952, 3664, 2632, 1656, 3790, 5410, 4058, 1211, 3445, 4428, 1109, 45, 2456, 2489, 4512, 3275, 3214, 4757, 239, 5109, 2555, 3958, 3740, 1644, 4596, 2331, 3316, 5007, 3371, 3656, 4028, 635, 1926, 995, 5012, 128, 3876, 2063, 758, 3815, 2641, 2374, 3138, 4190, 1850, 954, 4179, 5049, 2669, 3355, 1960, 2016, 2620, 4538, 4407, 5126, 3167, 5169, 403, 811, 65, 121, 968, 1332, 1816, 4324, 4062, 4576, 590, 4201, 3424, 159, 2950, 281, 4615, 2812, 1686, 3514, 2890, 2509, 411, 2992, 149, 3407, 1074, 2071, 1193, 237, 3770, 1809, 4245, 979, 3469, 5231, 4183, 4837, 4502]",221,500,5,False,500
270,numeric,entity,1,True,False,True,"{2: 108, 1: 104, 5: 89, 4: 74, 3: 118, 0: 7}","[365, 353, 2801, 2313, 4363, 3055, 466, 5179, 4620, 922, 1488, 3354, 1490, 872, 280, 265, 3837, 2759, 5068, 1765, 2589, 1272, 2677, 4079, 926, 4931, 1511, 989, 3357, 999, 2993, 4192, 5431, 5121, 5175, 2470, 2867, 1374, 5434, 4983, 5381, 4304, 3235, 2126, 1748, 3628, 3439, 1615, 5008, 4767, 3479, 862, 3772, 522, 5242, 980, 4258, 3229, 787, 4436, 3886, 4934, 1882, 5154, 3111, 1353, 1329, 299, 1286, 1212, 1588, 4679, 4669, 3495, 1902, 1362, 2606, 5310, 2142, 3632, 1053, 2593, 2740, 2107, 1110, 4029, 5045, 3603, 3962, 2979, 3204, 4830, 774, 3892, 3218, 893, 666, 932, 5118, 1568, 3523, 887, 4114, 3364, 3066, 3312, 2615, 2153, 4142, 5235, 3163, 4793, 1416, 4203, 2523, 238, 1892, 167, 1434, 1240, 3542, 3856, 4008, 390, 1993, 5366, 1494, 5309, 4876, 3467, 4351, 3729, 4213, 1627, 2350, 4418, 1099, 2207, 4350, 4122, 126, 1226, 3346, 485, 461, 4316, 2763, 4212, 538, 2524, 5137, 551, 2803, 2834, 1028, 3465, 4812, 3092, 4874, 3293, 4364, 1540, 4875, 2089, 1533, 3099, 3864, 314, 3853, 5025, 936, 3013, 547, 3527, 1135, 3179, 3708, 1959, 2915, 1442, 3343, 1715, 1172, 621, 5324, 1199, 2218, 5217, 2046, 385, 4953, 4311, 5305, 4496, 4448, 3631, 5176, 528, 806, 832, 4523, 4368, 2061, 3852, 3872, 878, 2944, 3826, 1467, 3920, 2032, 2785, 5312, 850, 4325, 4817, 4528, 4631, 2673, 1419, 4022, 4047, 3515, 1333, 345, 4140, 1753, 2596, 2459, 3492, 4064, 4012, 5284, 1581, 3747, 488, 4902, 3240, 3231, 4660, 2604, 5345, 4926, 2791, 3896, 1491, 62, 5174, 1469, 478, 839, 3052, 5062, 2006, 892, 5043, 3783, 340, 2905, 2423, 3993, 145, 1939, 472, 2728, 1229, 76, 1774, 4168, 646, 3755, 2302, 3833, 2309, 3784, 1300, 4491, 5167, 993, 1136, 4597, 452, 2637, 1828, 1575, 4987, 4857, 33, 5204, 2994, 3956, 3356, 1932, 2, 4439, 3004, 4692, 5417, 2931, 3118, 4801, 2631, 2453, 2649, 4176, 1000, 1371, 959, 4302, 330, 3585, 3258, 4332, 4564, 4725, 4301, 2469, 2933, 955, 3367, 4466, 744, 15, 1582, 2199, 2281, 3882, 4530, 3131, 1808, 3728, 5433, 1145, 2174, 4890, 5229, 1468, 101, 1355, 549, 1262, 1227, 3913, 2762, 5379, 222, 988, 3088, 3480, 1783, 532, 355, 4393, 2369, 5251, 1675, 2025, 2483, 2135, 2924, 665, 1760, 2705, 4338, 2951, 1507, 939, 1243, 1285, 632, 1360, 2827, 624, 3203, 2029, 3607, 3002, 4818, 130, 3381, 3846, 4011, 2056, 1458, 1350, 3758, 4947, 5322, 1059, 1556, 864, 3345, 2939, 3659, 1466, 2067, 4380, 2797, 1076, 431, 1740, 2293, 3737, 1952, 3664, 2632, 1656, 3790, 5410, 4058, 1211, 3445, 4428, 1109, 45, 2456, 2489, 4512, 3275, 3214, 4757, 239, 5109, 2555, 3958, 3740, 1644, 4596, 2331, 3316, 5007, 3371, 3656, 4028, 635, 1926, 995, 5012, 128, 3876, 2063, 758, 3815, 2641, 2374, 3138, 4190, 1850, 954, 4179, 5049, 2669, 3355, 1960, 2016, 2620, 4538, 4407, 5126, 3167, 5169, 403, 811, 65, 121, 968, 1332, 1816, 4324, 4062, 4576, 590, 4201, 3424, 159, 2950, 281, 4615, 2812, 1686, 3514, 2890, 2509, 411, 2992, 149, 3407, 1074, 2071, 1193, 237, 3770, 1809, 4245, 979, 3469, 5231, 4183, 4837, 4502]",270,500,5,False,500
