,outputs,label_tokens,true_numeric_labels,true_label_present_in_prompt,correct,predicted_label_present_in_prompt,prompt_labels,prompt_example_indices,id,n_shots,run_number,unlimiformer,nspw
1104,transfer not received by recipient,benef,7,False,False,False,"{34: 2, 16: 1, 53: 1, 50: 1, 0: 1, 38: 1, 31: 1, 41: 1, 35: 1}","[519, 3690, 4460, 4346, 4151, 1967, 2302, 4265, 1815, 2763]",1104,10,1,False,10
471,top up limits,top up limits,60,False,True,False,"{34: 2, 16: 1, 53: 1, 50: 1, 0: 1, 38: 1, 31: 1, 41: 1, 35: 1}","[519, 3690, 4460, 4346, 4151, 1967, 2302, 4265, 1815, 2763]",471,10,1,False,10
1345,exchange charge,exchange charge,31,True,True,True,"{34: 2, 16: 1, 53: 1, 50: 1, 0: 1, 38: 1, 31: 1, 41: 1, 35: 1}","[519, 3690, 4460, 4346, 4151, 1967, 2302, 4265, 1815, 2763]",1345,10,1,False,10
835,lost or stolen card,lost or stolen phone,42,False,False,True,"{34: 2, 16: 1, 53: 1, 50: 1, 0: 1, 38: 1, 31: 1, 41: 1, 35: 1}","[519, 3690, 4460, 4346, 4151, 1967, 2302, 4265, 1815, 2763]",835,10,1,False,10
940,get physical card,transaction,63,False,False,False,"{34: 2, 16: 1, 53: 1, 50: 1, 0: 1, 38: 1, 31: 1, 41: 1, 35: 1}","[519, 3690, 4460, 4346, 4151, 1967, 2302, 4265, 1815, 2763]",940,10,1,False,10
707,verify my identity,unable,68,False,False,False,"{34: 2, 16: 1, 53: 1, 50: 1, 0: 1, 38: 1, 31: 1, 41: 1, 35: 1}","[519, 3690, 4460, 4346, 4151, 1967, 2302, 4265, 1815, 2763]",707,10,1,False,10
378,contactless not working,contact,23,False,True,False,"{34: 2, 16: 1, 53: 1, 50: 1, 0: 1, 38: 1, 31: 1, 41: 1, 35: 1}","[519, 3690, 4460, 4346, 4151, 1967, 2302, 4265, 1815, 2763]",378,10,1,False,10
1259,failed transfer,top up failed,59,False,False,False,"{34: 2, 16: 1, 53: 1, 50: 1, 0: 1, 38: 1, 31: 1, 41: 1, 35: 1}","[519, 3690, 4460, 4346, 4151, 1967, 2302, 4265, 1815, 2763]",1259,10,1,False,10
450,top up limits,top up limits,60,False,True,False,"{34: 2, 16: 1, 53: 1, 50: 1, 0: 1, 38: 1, 31: 1, 41: 1, 35: 1}","[519, 3690, 4460, 4346, 4151, 1967, 2302, 4265, 1815, 2763]",450,10,1,False,10
1467,card not working,card about,9,False,False,False,"{34: 2, 16: 1, 53: 1, 50: 1, 0: 1, 38: 1, 31: 1, 41: 1, 35: 1}","[519, 3690, 4460, 4346, 4151, 1967, 2302, 4265, 1815, 2763]",1467,10,1,False,10
652,card payment not recognised,card payment not,16,True,True,False,"{34: 2, 16: 1, 53: 1, 50: 1, 0: 1, 38: 1, 31: 1, 41: 1, 35: 1}","[519, 3690, 4460, 4346, 4151, 1967, 2302, 4265, 1815, 2763]",652,10,1,False,10
771,card not working,comprom,22,False,False,False,"{34: 2, 16: 1, 53: 1, 50: 1, 0: 1, 38: 1, 31: 1, 41: 1, 35: 1}","[519, 3690, 4460, 4346, 4151, 1967, 2302, 4265, 1815, 2763]",771,10,1,False,10
1112,failed transfer,benef,7,False,False,False,"{34: 2, 16: 1, 53: 1, 50: 1, 0: 1, 38: 1, 31: 1, 41: 1, 35: 1}","[519, 3690, 4460, 4346, 4151, 1967, 2302, 4265, 1815, 2763]",1112,10,1,False,10
659,failed transfer,card payment not,16,True,False,False,"{34: 2, 16: 1, 53: 1, 50: 1, 0: 1, 38: 1, 31: 1, 41: 1, 35: 1}","[519, 3690, 4460, 4346, 4151, 1967, 2302, 4265, 1815, 2763]",659,10,1,False,10
67,exchange rate,exchange rate,32,False,True,False,"{34: 2, 16: 1, 53: 1, 50: 1, 0: 1, 38: 1, 31: 1, 41: 1, 35: 1}","[519, 3690, 4460, 4346, 4151, 1967, 2302, 4265, 1815, 2763]",67,10,1,False,10
770,card not working,comprom,22,False,False,False,"{34: 2, 16: 1, 53: 1, 50: 1, 0: 1, 38: 1, 31: 1, 41: 1, 35: 1}","[519, 3690, 4460, 4346, 4151, 1967, 2302, 4265, 1815, 2763]",770,10,1,False,10
679,extra charge on statement,card payment not,16,True,False,False,"{34: 2, 16: 1, 53: 1, 50: 1, 0: 1, 38: 1, 31: 1, 41: 1, 35: 1}","[519, 3690, 4460, 4346, 4151, 1967, 2302, 4265, 1815, 2763]",679,10,1,False,10
955,failed transfer,transaction,63,False,False,False,"{34: 2, 16: 1, 53: 1, 50: 1, 0: 1, 38: 1, 31: 1, 41: 1, 35: 1}","[519, 3690, 4460, 4346, 4151, 1967, 2302, 4265, 1815, 2763]",955,10,1,False,10
918,terminate account,terminate,55,False,True,False,"{34: 2, 16: 1, 53: 1, 50: 1, 0: 1, 38: 1, 31: 1, 41: 1, 35: 1}","[519, 3690, 4460, 4346, 4151, 1967, 2302, 4265, 1815, 2763]",918,10,1,False,10
1222,card payment not recognised,get dispos,37,False,False,False,"{34: 2, 16: 1, 53: 1, 50: 1, 0: 1, 38: 1, 31: 1, 41: 1, 35: 1}","[519, 3690, 4460, 4346, 4151, 1967, 2302, 4265, 1815, 2763]",1222,10,1,False,10
604,card acceptance,card accept,10,False,True,False,"{34: 2, 16: 1, 53: 1, 50: 1, 0: 1, 38: 1, 31: 1, 41: 1, 35: 1}","[519, 3690, 4460, 4346, 4151, 1967, 2302, 4265, 1815, 2763]",604,10,1,False,10
240,exchange charge,exchange via,33,False,False,True,"{34: 2, 16: 1, 53: 1, 50: 1, 0: 1, 38: 1, 31: 1, 41: 1, 35: 1}","[519, 3690, 4460, 4346, 4151, 1967, 2302, 4265, 1815, 2763]",240,10,1,False,10
1069,card payment not recognised,revert,53,True,False,False,"{34: 2, 16: 1, 53: 1, 50: 1, 0: 1, 38: 1, 31: 1, 41: 1, 35: 1}","[519, 3690, 4460, 4346, 4151, 1967, 2302, 4265, 1815, 2763]",1069,10,1,False,10
1229,get disposable virtual card,get dispos,37,False,True,False,"{34: 2, 16: 1, 53: 1, 50: 1, 0: 1, 38: 1, 31: 1, 41: 1, 35: 1}","[519, 3690, 4460, 4346, 4151, 1967, 2302, 4265, 1815, 2763]",1229,10,1,False,10
1005,transfer timing,transfer timing,67,False,True,False,"{34: 2, 16: 1, 53: 1, 50: 1, 0: 1, 38: 1, 31: 1, 41: 1, 35: 1}","[519, 3690, 4460, 4346, 4151, 1967, 2302, 4265, 1815, 2763]",1005,10,1,False,10
1308,lost or stolen card,c,20,False,False,True,"{34: 2, 16: 1, 53: 1, 50: 1, 0: 1, 38: 1, 31: 1, 41: 1, 35: 1}","[519, 3690, 4460, 4346, 4151, 1967, 2302, 4265, 1815, 2763]",1308,10,1,False,10
106,exchange rate,card payment wrong,17,False,False,False,"{34: 2, 16: 1, 53: 1, 50: 1, 0: 1, 38: 1, 31: 1, 41: 1, 35: 1}","[519, 3690, 4460, 4346, 4151, 1967, 2302, 4265, 1815, 2763]",106,10,1,False,10
1429,activate my card,activ,0,True,True,False,"{34: 2, 16: 1, 53: 1, 50: 1, 0: 1, 38: 1, 31: 1, 41: 1, 35: 1}","[519, 3690, 4460, 4346, 4151, 1967, 2302, 4265, 1815, 2763]",1429,10,1,False,10
454,top up limits,top up limits,60,False,True,False,"{34: 2, 16: 1, 53: 1, 50: 1, 0: 1, 38: 1, 31: 1, 41: 1, 35: 1}","[519, 3690, 4460, 4346, 4151, 1967, 2302, 4265, 1815, 2763]",454,10,1,False,10
1380,top up by card charge,top up by,57,False,True,False,"{34: 2, 16: 1, 53: 1, 50: 1, 0: 1, 38: 1, 31: 1, 41: 1, 35: 1}","[519, 3690, 4460, 4346, 4151, 1967, 2302, 4265, 1815, 2763]",1380,10,1,False,10
325,card payment not recognised,pin,49,False,False,False,"{34: 2, 16: 1, 53: 1, 50: 1, 0: 1, 38: 1, 31: 1, 41: 1, 35: 1}","[519, 3690, 4460, 4346, 4151, 1967, 2302, 4265, 1815, 2763]",325,10,1,False,10
742,pin blocked,get physical,38,True,False,False,"{34: 2, 16: 1, 53: 1, 50: 1, 0: 1, 38: 1, 31: 1, 41: 1, 35: 1}","[519, 3690, 4460, 4346, 4151, 1967, 2302, 4265, 1815, 2763]",742,10,1,False,10
1439,activate my card,activ,0,True,True,False,"{34: 2, 16: 1, 53: 1, 50: 1, 0: 1, 38: 1, 31: 1, 41: 1, 35: 1}","[519, 3690, 4460, 4346, 4151, 1967, 2302, 4265, 1815, 2763]",1439,10,1,False,10
939,card payment not recognised,transaction,63,False,False,False,"{34: 2, 16: 1, 53: 1, 50: 1, 0: 1, 38: 1, 31: 1, 41: 1, 35: 1}","[519, 3690, 4460, 4346, 4151, 1967, 2302, 4265, 1815, 2763]",939,10,1,False,10
401,failed transfer,pending,47,False,False,False,"{34: 2, 16: 1, 53: 1, 50: 1, 0: 1, 38: 1, 31: 1, 41: 1, 35: 1}","[519, 3690, 4460, 4346, 4151, 1967, 2302, 4265, 1815, 2763]",401,10,1,False,10
1191,failed transfer,failed,35,True,True,False,"{34: 2, 16: 1, 53: 1, 50: 1, 0: 1, 38: 1, 31: 1, 41: 1, 35: 1}","[519, 3690, 4460, 4346, 4151, 1967, 2302, 4265, 1815, 2763]",1191,10,1,False,10
756,pin blocked,get physical,38,True,False,False,"{34: 2, 16: 1, 53: 1, 50: 1, 0: 1, 38: 1, 31: 1, 41: 1, 35: 1}","[519, 3690, 4460, 4346, 4151, 1967, 2302, 4265, 1815, 2763]",756,10,1,False,10
1180,card payment not recognised,failed,35,True,False,False,"{34: 2, 16: 1, 53: 1, 50: 1, 0: 1, 38: 1, 31: 1, 41: 1, 35: 1}","[519, 3690, 4460, 4346, 4151, 1967, 2302, 4265, 1815, 2763]",1180,10,1,False,10
122,extra charge on statement,extra,34,True,True,False,"{34: 2, 16: 1, 53: 1, 50: 1, 0: 1, 38: 1, 31: 1, 41: 1, 35: 1}","[519, 3690, 4460, 4346, 4151, 1967, 2302, 4265, 1815, 2763]",122,10,1,False,10
1517,verify my identity,verify my,69,False,True,False,"{34: 2, 16: 1, 53: 1, 50: 1, 0: 1, 38: 1, 31: 1, 41: 1, 35: 1}","[519, 3690, 4460, 4346, 4151, 1967, 2302, 4265, 1815, 2763]",1517,10,1,False,10
227,card not working,card not,14,False,True,False,"{34: 2, 16: 1, 53: 1, 50: 1, 0: 1, 38: 1, 31: 1, 41: 1, 35: 1}","[519, 3690, 4460, 4346, 4151, 1967, 2302, 4265, 1815, 2763]",227,10,1,False,10
1321,exchange rate,exchange charge,31,True,False,False,"{34: 2, 16: 1, 53: 1, 50: 1, 0: 1, 38: 1, 31: 1, 41: 1, 35: 1}","[519, 3690, 4460, 4346, 4151, 1967, 2302, 4265, 1815, 2763]",1321,10,1,False,10
393,contactless not working,contact,23,False,True,False,"{34: 2, 16: 1, 53: 1, 50: 1, 0: 1, 38: 1, 31: 1, 41: 1, 35: 1}","[519, 3690, 4460, 4346, 4151, 1967, 2302, 4265, 1815, 2763]",393,10,1,False,10
998,card payment not recognised,verify source,70,False,False,False,"{34: 2, 16: 1, 53: 1, 50: 1, 0: 1, 38: 1, 31: 1, 41: 1, 35: 1}","[519, 3690, 4460, 4346, 4151, 1967, 2302, 4265, 1815, 2763]",998,10,1,False,10
925,card payment not recognised,transaction,63,False,False,False,"{34: 2, 16: 1, 53: 1, 50: 1, 0: 1, 38: 1, 31: 1, 41: 1, 35: 1}","[519, 3690, 4460, 4346, 4151, 1967, 2302, 4265, 1815, 2763]",925,10,1,False,10
244,exchange rate,exchange via,33,False,False,False,"{34: 2, 16: 1, 53: 1, 50: 1, 0: 1, 38: 1, 31: 1, 41: 1, 35: 1}","[519, 3690, 4460, 4346, 4151, 1967, 2302, 4265, 1815, 2763]",244,10,1,False,10
181,top up by card charge,automatic,4,False,False,False,"{34: 2, 16: 1, 53: 1, 50: 1, 0: 1, 38: 1, 31: 1, 41: 1, 35: 1}","[519, 3690, 4460, 4346, 4151, 1967, 2302, 4265, 1815, 2763]",181,10,1,False,10
1170,failed transfer,failed,35,True,True,False,"{34: 2, 16: 1, 53: 1, 50: 1, 0: 1, 38: 1, 31: 1, 41: 1, 35: 1}","[519, 3690, 4460, 4346, 4151, 1967, 2302, 4265, 1815, 2763]",1170,10,1,False,10
666,card payment not recognised,card payment not,16,True,True,False,"{34: 2, 16: 1, 53: 1, 50: 1, 0: 1, 38: 1, 31: 1, 41: 1, 35: 1}","[519, 3690, 4460, 4346, 4151, 1967, 2302, 4265, 1815, 2763]",666,10,1,False,10
1027,transfer timing,transfer timing,67,False,True,False,"{34: 2, 16: 1, 53: 1, 50: 1, 0: 1, 38: 1, 31: 1, 41: 1, 35: 1}","[519, 3690, 4460, 4346, 4151, 1967, 2302, 4265, 1815, 2763]",1027,10,1,False,10
769,card not working,comprom,22,False,False,False,"{34: 2, 16: 1, 53: 1, 50: 1, 0: 1, 38: 1, 31: 1, 41: 1, 35: 1}","[519, 3690, 4460, 4346, 4151, 1967, 2302, 4265, 1815, 2763]",769,10,1,False,10
1224,card payment not recognised,get dispos,37,False,False,False,"{34: 2, 16: 1, 53: 1, 50: 1, 0: 1, 38: 1, 31: 1, 41: 1, 35: 1}","[519, 3690, 4460, 4346, 4151, 1967, 2302, 4265, 1815, 2763]",1224,10,1,False,10
420,failed transfer,pending,47,False,False,False,"{34: 2, 16: 1, 53: 1, 50: 1, 0: 1, 38: 1, 31: 1, 41: 1, 35: 1}","[519, 3690, 4460, 4346, 4151, 1967, 2302, 4265, 1815, 2763]",420,10,1,False,10
131,extra charge on statement,extra,34,True,True,False,"{34: 2, 16: 1, 53: 1, 50: 1, 0: 1, 38: 1, 31: 1, 41: 1, 35: 1}","[519, 3690, 4460, 4346, 4151, 1967, 2302, 4265, 1815, 2763]",131,10,1,False,10
155,extra charge on statement,extra,34,True,True,False,"{34: 2, 16: 1, 53: 1, 50: 1, 0: 1, 38: 1, 31: 1, 41: 1, 35: 1}","[519, 3690, 4460, 4346, 4151, 1967, 2302, 4265, 1815, 2763]",155,10,1,False,10
458,top up limits,top up limits,60,False,True,False,"{34: 2, 16: 1, 53: 1, 50: 1, 0: 1, 38: 1, 31: 1, 41: 1, 35: 1}","[519, 3690, 4460, 4346, 4151, 1967, 2302, 4265, 1815, 2763]",458,10,1,False,10
371,contactless not working,contact,23,False,True,False,"{34: 2, 16: 1, 53: 1, 50: 1, 0: 1, 38: 1, 31: 1, 41: 1, 35: 1}","[519, 3690, 4460, 4346, 4151, 1967, 2302, 4265, 1815, 2763]",371,10,1,False,10
15,activate my card,card linking,13,False,False,False,"{34: 2, 16: 1, 53: 1, 50: 1, 0: 1, 38: 1, 31: 1, 41: 1, 35: 1}","[519, 3690, 4460, 4346, 4151, 1967, 2302, 4265, 1815, 2763]",15,10,1,False,10
1254,failed transfer,top up failed,59,False,False,False,"{34: 2, 16: 1, 53: 1, 50: 1, 0: 1, 38: 1, 31: 1, 41: 1, 35: 1}","[519, 3690, 4460, 4346, 4151, 1967, 2302, 4265, 1815, 2763]",1254,10,1,False,10
197,top up by card charge,automatic,4,False,False,False,"{34: 2, 16: 1, 53: 1, 50: 1, 0: 1, 38: 1, 31: 1, 41: 1, 35: 1}","[519, 3690, 4460, 4346, 4151, 1967, 2302, 4265, 1815, 2763]",197,10,1,False,10
523,failed transfer,transfer not,66,False,False,False,"{34: 2, 16: 1, 53: 1, 50: 1, 0: 1, 38: 1, 31: 1, 41: 1, 35: 1}","[519, 3690, 4460, 4346, 4151, 1967, 2302, 4265, 1815, 2763]",523,10,1,False,10
527,transfer not received by recipient,transfer not,66,False,True,False,"{34: 2, 16: 1, 53: 1, 50: 1, 0: 1, 38: 1, 31: 1, 41: 1, 35: 1}","[519, 3690, 4460, 4346, 4151, 1967, 2302, 4265, 1815, 2763]",527,10,1,False,10
382,contactless not working,contact,23,False,True,False,"{34: 2, 16: 1, 53: 1, 50: 1, 0: 1, 38: 1, 31: 1, 41: 1, 35: 1}","[519, 3690, 4460, 4346, 4151, 1967, 2302, 4265, 1815, 2763]",382,10,1,False,10
619,card not working,card accept,10,False,False,False,"{34: 2, 16: 1, 53: 1, 50: 1, 0: 1, 38: 1, 31: 1, 41: 1, 35: 1}","[519, 3690, 4460, 4346, 4151, 1967, 2302, 4265, 1815, 2763]",619,10,1,False,10
869,failed transfer,Ref,51,False,False,False,"{34: 2, 16: 1, 53: 1, 50: 1, 0: 1, 38: 1, 31: 1, 41: 1, 35: 1}","[519, 3690, 4460, 4346, 4151, 1967, 2302, 4265, 1815, 2763]",869,10,1,False,10
1095,transfer not received by recipient,benef,7,False,False,False,"{34: 2, 16: 1, 53: 1, 50: 1, 0: 1, 38: 1, 31: 1, 41: 1, 35: 1}","[519, 3690, 4460, 4346, 4151, 1967, 2302, 4265, 1815, 2763]",1095,10,1,False,10
1501,verify my identity,verify my,69,False,True,False,"{34: 2, 16: 1, 53: 1, 50: 1, 0: 1, 38: 1, 31: 1, 41: 1, 35: 1}","[519, 3690, 4460, 4346, 4151, 1967, 2302, 4265, 1815, 2763]",1501,10,1,False,10
1368,card payment not recognised,top up by,57,False,False,False,"{34: 2, 16: 1, 53: 1, 50: 1, 0: 1, 38: 1, 31: 1, 41: 1, 35: 1}","[519, 3690, 4460, 4346, 4151, 1967, 2302, 4265, 1815, 2763]",1368,10,1,False,10
344,pin blocked,pin,49,False,True,False,"{34: 2, 16: 1, 53: 1, 50: 1, 0: 1, 38: 1, 31: 1, 41: 1, 35: 1}","[519, 3690, 4460, 4346, 4151, 1967, 2302, 4265, 1815, 2763]",344,10,1,False,10
428,top up failed,pending,47,False,False,False,"{34: 2, 16: 1, 53: 1, 50: 1, 0: 1, 38: 1, 31: 1, 41: 1, 35: 1}","[519, 3690, 4460, 4346, 4151, 1967, 2302, 4265, 1815, 2763]",428,10,1,False,10
291,card payment not recognised,lost or stolen card,41,True,False,False,"{34: 2, 16: 1, 53: 1, 50: 1, 0: 1, 38: 1, 31: 1, 41: 1, 35: 1}","[519, 3690, 4460, 4346, 4151, 1967, 2302, 4265, 1815, 2763]",291,10,1,False,10
473,top up limits,top up limits,60,False,True,False,"{34: 2, 16: 1, 53: 1, 50: 1, 0: 1, 38: 1, 31: 1, 41: 1, 35: 1}","[519, 3690, 4460, 4346, 4151, 1967, 2302, 4265, 1815, 2763]",473,10,1,False,10
136,extra charge on statement,extra,34,True,True,False,"{34: 2, 16: 1, 53: 1, 50: 1, 0: 1, 38: 1, 31: 1, 41: 1, 35: 1}","[519, 3690, 4460, 4346, 4151, 1967, 2302, 4265, 1815, 2763]",136,10,1,False,10
781,card not working,comprom,22,False,False,False,"{34: 2, 16: 1, 53: 1, 50: 1, 0: 1, 38: 1, 31: 1, 41: 1, 35: 1}","[519, 3690, 4460, 4346, 4151, 1967, 2302, 4265, 1815, 2763]",781,10,1,False,10
1020,transfer timing,transfer timing,67,False,True,False,"{34: 2, 16: 1, 53: 1, 50: 1, 0: 1, 38: 1, 31: 1, 41: 1, 35: 1}","[519, 3690, 4460, 4346, 4151, 1967, 2302, 4265, 1815, 2763]",1020,10,1,False,10
1414,activate my card,activ,0,True,True,False,"{34: 2, 16: 1, 53: 1, 50: 1, 0: 1, 38: 1, 31: 1, 41: 1, 35: 1}","[519, 3690, 4460, 4346, 4151, 1967, 2302, 4265, 1815, 2763]",1414,10,1,False,10
738,pin blocked,get physical,38,True,False,False,"{34: 2, 16: 1, 53: 1, 50: 1, 0: 1, 38: 1, 31: 1, 41: 1, 35: 1}","[519, 3690, 4460, 4346, 4151, 1967, 2302, 4265, 1815, 2763]",738,10,1,False,10
904,terminate account,terminate,55,False,True,False,"{34: 2, 16: 1, 53: 1, 50: 1, 0: 1, 38: 1, 31: 1, 41: 1, 35: 1}","[519, 3690, 4460, 4346, 4151, 1967, 2302, 4265, 1815, 2763]",904,10,1,False,10
723,pin blocked,get physical,38,True,False,False,"{34: 2, 16: 1, 53: 1, 50: 1, 0: 1, 38: 1, 31: 1, 41: 1, 35: 1}","[519, 3690, 4460, 4346, 4151, 1967, 2302, 4265, 1815, 2763]",723,10,1,False,10
87,exchange rate,card payment wrong,17,False,False,False,"{34: 2, 16: 1, 53: 1, 50: 1, 0: 1, 38: 1, 31: 1, 41: 1, 35: 1}","[519, 3690, 4460, 4346, 4151, 1967, 2302, 4265, 1815, 2763]",87,10,1,False,10
1457,card payment not recognised,card about,9,False,False,False,"{34: 2, 16: 1, 53: 1, 50: 1, 0: 1, 38: 1, 31: 1, 41: 1, 35: 1}","[519, 3690, 4460, 4346, 4151, 1967, 2302, 4265, 1815, 2763]",1457,10,1,False,10
744,card payment not recognised,get physical,38,True,False,False,"{34: 2, 16: 1, 53: 1, 50: 1, 0: 1, 38: 1, 31: 1, 41: 1, 35: 1}","[519, 3690, 4460, 4346, 4151, 1967, 2302, 4265, 1815, 2763]",744,10,1,False,10
727,card payment not recognised,get physical,38,True,False,False,"{34: 2, 16: 1, 53: 1, 50: 1, 0: 1, 38: 1, 31: 1, 41: 1, 35: 1}","[519, 3690, 4460, 4346, 4151, 1967, 2302, 4265, 1815, 2763]",727,10,1,False,10
858,failed transfer,Ref,51,False,False,False,"{34: 2, 16: 1, 53: 1, 50: 1, 0: 1, 38: 1, 31: 1, 41: 1, 35: 1}","[519, 3690, 4460, 4346, 4151, 1967, 2302, 4265, 1815, 2763]",858,10,1,False,10
355,card not working,pin,49,False,False,False,"{34: 2, 16: 1, 53: 1, 50: 1, 0: 1, 38: 1, 31: 1, 41: 1, 35: 1}","[519, 3690, 4460, 4346, 4151, 1967, 2302, 4265, 1815, 2763]",355,10,1,False,10
1294,cash withdrawal not recognised,c,20,False,True,False,"{34: 2, 16: 1, 53: 1, 50: 1, 0: 1, 38: 1, 31: 1, 41: 1, 35: 1}","[519, 3690, 4460, 4346, 4151, 1967, 2302, 4265, 1815, 2763]",1294,10,1,False,10
517,card payment fee charged,card payment fee,15,False,True,False,"{34: 2, 16: 1, 53: 1, 50: 1, 0: 1, 38: 1, 31: 1, 41: 1, 35: 1}","[519, 3690, 4460, 4346, 4151, 1967, 2302, 4265, 1815, 2763]",517,10,1,False,10
299,lost or stolen card,lost or stolen card,41,True,True,True,"{34: 2, 16: 1, 53: 1, 50: 1, 0: 1, 38: 1, 31: 1, 41: 1, 35: 1}","[519, 3690, 4460, 4346, 4151, 1967, 2302, 4265, 1815, 2763]",299,10,1,False,10
804,lost or stolen card,lost or stolen phone,42,False,False,True,"{34: 2, 16: 1, 53: 1, 50: 1, 0: 1, 38: 1, 31: 1, 41: 1, 35: 1}","[519, 3690, 4460, 4346, 4151, 1967, 2302, 4265, 1815, 2763]",804,10,1,False,10
1367,top up failed,top up by,57,False,False,False,"{34: 2, 16: 1, 53: 1, 50: 1, 0: 1, 38: 1, 31: 1, 41: 1, 35: 1}","[519, 3690, 4460, 4346, 4151, 1967, 2302, 4265, 1815, 2763]",1367,10,1,False,10
555,transfer not received by recipient,transfer not,66,False,True,False,"{34: 2, 16: 1, 53: 1, 50: 1, 0: 1, 38: 1, 31: 1, 41: 1, 35: 1}","[519, 3690, 4460, 4346, 4151, 1967, 2302, 4265, 1815, 2763]",555,10,1,False,10
239,card not working,card not,14,False,True,False,"{34: 2, 16: 1, 53: 1, 50: 1, 0: 1, 38: 1, 31: 1, 41: 1, 35: 1}","[519, 3690, 4460, 4346, 4151, 1967, 2302, 4265, 1815, 2763]",239,10,1,False,10
1418,activate my card,activ,0,True,True,False,"{34: 2, 16: 1, 53: 1, 50: 1, 0: 1, 38: 1, 31: 1, 41: 1, 35: 1}","[519, 3690, 4460, 4346, 4151, 1967, 2302, 4265, 1815, 2763]",1418,10,1,False,10
203,card not working,card not,14,False,True,False,"{34: 2, 16: 1, 53: 1, 50: 1, 0: 1, 38: 1, 31: 1, 41: 1, 35: 1}","[519, 3690, 4460, 4346, 4151, 1967, 2302, 4265, 1815, 2763]",203,10,1,False,10
1266,failed transfer,top up failed,59,False,False,False,"{34: 2, 16: 1, 53: 1, 50: 1, 0: 1, 38: 1, 31: 1, 41: 1, 35: 1}","[519, 3690, 4460, 4346, 4151, 1967, 2302, 4265, 1815, 2763]",1266,10,1,False,10
1509,verify my identity,verify my,69,False,True,False,"{34: 2, 16: 1, 53: 1, 50: 1, 0: 1, 38: 1, 31: 1, 41: 1, 35: 1}","[519, 3690, 4460, 4346, 4151, 1967, 2302, 4265, 1815, 2763]",1509,10,1,False,10
284,lost or stolen card,lost or stolen card,41,True,True,True,"{34: 2, 16: 1, 53: 1, 50: 1, 0: 1, 38: 1, 31: 1, 41: 1, 35: 1}","[519, 3690, 4460, 4346, 4151, 1967, 2302, 4265, 1815, 2763]",284,10,1,False,10
1335,exchange charge,exchange charge,31,True,True,True,"{34: 2, 16: 1, 53: 1, 50: 1, 0: 1, 38: 1, 31: 1, 41: 1, 35: 1}","[519, 3690, 4460, 4346, 4151, 1967, 2302, 4265, 1815, 2763]",1335,10,1,False,10
513,card payment not recognised,card payment fee,15,False,False,False,"{34: 2, 16: 1, 53: 1, 50: 1, 0: 1, 38: 1, 31: 1, 41: 1, 35: 1}","[519, 3690, 4460, 4346, 4151, 1967, 2302, 4265, 1815, 2763]",513,10,1,False,10
457,top up limits,top up limits,60,False,True,False,"{34: 2, 16: 1, 53: 1, 50: 1, 0: 1, 38: 1, 31: 1, 41: 1, 35: 1}","[519, 3690, 4460, 4346, 4151, 1967, 2302, 4265, 1815, 2763]",457,10,1,False,10
805,lost or stolen card,lost or stolen phone,42,False,False,True,"{34: 2, 16: 1, 53: 1, 50: 1, 0: 1, 38: 1, 31: 1, 41: 1, 35: 1}","[519, 3690, 4460, 4346, 4151, 1967, 2302, 4265, 1815, 2763]",805,10,1,False,10
290,lost or stolen card,lost or stolen card,41,True,True,True,"{34: 2, 16: 1, 53: 1, 50: 1, 0: 1, 38: 1, 31: 1, 41: 1, 35: 1}","[519, 3690, 4460, 4346, 4151, 1967, 2302, 4265, 1815, 2763]",290,10,1,False,10
583,get physical card,getting,40,False,False,False,"{34: 2, 16: 1, 53: 1, 50: 1, 0: 1, 38: 1, 31: 1, 41: 1, 35: 1}","[519, 3690, 4460, 4346, 4151, 1967, 2302, 4265, 1815, 2763]",583,10,1,False,10
128,extra charge on statement,extra,34,True,True,False,"{34: 2, 16: 1, 53: 1, 50: 1, 0: 1, 38: 1, 31: 1, 41: 1, 35: 1}","[519, 3690, 4460, 4346, 4151, 1967, 2302, 4265, 1815, 2763]",128,10,1,False,10
306,lost or stolen card,lost or stolen card,41,True,True,True,"{34: 2, 16: 1, 53: 1, 50: 1, 0: 1, 38: 1, 31: 1, 41: 1, 35: 1}","[519, 3690, 4460, 4346, 4151, 1967, 2302, 4265, 1815, 2763]",306,10,1,False,10
456,top up limits,top up limits,60,False,True,False,"{34: 2, 16: 1, 53: 1, 50: 1, 0: 1, 38: 1, 31: 1, 41: 1, 35: 1}","[519, 3690, 4460, 4346, 4151, 1967, 2302, 4265, 1815, 2763]",456,10,1,False,10
179,card payment not recognised,automatic,4,False,False,False,"{34: 2, 16: 1, 53: 1, 50: 1, 0: 1, 38: 1, 31: 1, 41: 1, 35: 1}","[519, 3690, 4460, 4346, 4151, 1967, 2302, 4265, 1815, 2763]",179,10,1,False,10
627,card payment not recognised,card accept,10,False,False,False,"{34: 2, 16: 1, 53: 1, 50: 1, 0: 1, 38: 1, 31: 1, 41: 1, 35: 1}","[519, 3690, 4460, 4346, 4151, 1967, 2302, 4265, 1815, 2763]",627,10,1,False,10
26,card not working,card linking,13,False,False,False,"{34: 2, 16: 1, 53: 1, 50: 1, 0: 1, 38: 1, 31: 1, 41: 1, 35: 1}","[519, 3690, 4460, 4346, 4151, 1967, 2302, 4265, 1815, 2763]",26,10,1,False,10
1276,failed transfer,top up failed,59,False,False,False,"{34: 2, 16: 1, 53: 1, 50: 1, 0: 1, 38: 1, 31: 1, 41: 1, 35: 1}","[519, 3690, 4460, 4346, 4151, 1967, 2302, 4265, 1815, 2763]",1276,10,1,False,10
836,lost or stolen card,lost or stolen phone,42,False,False,True,"{34: 2, 16: 1, 53: 1, 50: 1, 0: 1, 38: 1, 31: 1, 41: 1, 35: 1}","[519, 3690, 4460, 4346, 4151, 1967, 2302, 4265, 1815, 2763]",836,10,1,False,10
1174,failed transfer,failed,35,True,True,False,"{34: 2, 16: 1, 53: 1, 50: 1, 0: 1, 38: 1, 31: 1, 41: 1, 35: 1}","[519, 3690, 4460, 4346, 4151, 1967, 2302, 4265, 1815, 2763]",1174,10,1,False,10
556,transfer timing,transfer not,66,False,False,False,"{34: 2, 16: 1, 53: 1, 50: 1, 0: 1, 38: 1, 31: 1, 41: 1, 35: 1}","[519, 3690, 4460, 4346, 4151, 1967, 2302, 4265, 1815, 2763]",556,10,1,False,10
445,top up limits,top up limits,60,False,True,False,"{34: 2, 16: 1, 53: 1, 50: 1, 0: 1, 38: 1, 31: 1, 41: 1, 35: 1}","[519, 3690, 4460, 4346, 4151, 1967, 2302, 4265, 1815, 2763]",445,10,1,False,10
1117,cash withdrawal not recognised,benef,7,False,False,False,"{34: 2, 16: 1, 53: 1, 50: 1, 0: 1, 38: 1, 31: 1, 41: 1, 35: 1}","[519, 3690, 4460, 4346, 4151, 1967, 2302, 4265, 1815, 2763]",1117,10,1,False,10
215,card not working,card not,14,False,True,False,"{34: 2, 16: 1, 53: 1, 50: 1, 0: 1, 38: 1, 31: 1, 41: 1, 35: 1}","[519, 3690, 4460, 4346, 4151, 1967, 2302, 4265, 1815, 2763]",215,10,1,False,10
965,get physical card,verify source,70,False,False,False,"{34: 2, 16: 1, 53: 1, 50: 1, 0: 1, 38: 1, 31: 1, 41: 1, 35: 1}","[519, 3690, 4460, 4346, 4151, 1967, 2302, 4265, 1815, 2763]",965,10,1,False,10
419,pending top up,pending,47,False,True,False,"{34: 2, 16: 1, 53: 1, 50: 1, 0: 1, 38: 1, 31: 1, 41: 1, 35: 1}","[519, 3690, 4460, 4346, 4151, 1967, 2302, 4265, 1815, 2763]",419,10,1,False,10
613,card acceptance,card accept,10,False,True,False,"{34: 2, 16: 1, 53: 1, 50: 1, 0: 1, 38: 1, 31: 1, 41: 1, 35: 1}","[519, 3690, 4460, 4346, 4151, 1967, 2302, 4265, 1815, 2763]",613,10,1,False,10
192,top up by card charge,automatic,4,False,False,False,"{34: 2, 16: 1, 53: 1, 50: 1, 0: 1, 38: 1, 31: 1, 41: 1, 35: 1}","[519, 3690, 4460, 4346, 4151, 1967, 2302, 4265, 1815, 2763]",192,10,1,False,10
667,transaction charged twice,card payment not,16,True,False,False,"{34: 2, 16: 1, 53: 1, 50: 1, 0: 1, 38: 1, 31: 1, 41: 1, 35: 1}","[519, 3690, 4460, 4346, 4151, 1967, 2302, 4265, 1815, 2763]",667,10,1,False,10
850,failed transfer,Ref,51,False,False,False,"{34: 2, 16: 1, 53: 1, 50: 1, 0: 1, 38: 1, 31: 1, 41: 1, 35: 1}","[519, 3690, 4460, 4346, 4151, 1967, 2302, 4265, 1815, 2763]",850,10,1,False,10
1083,failed transfer,benef,7,False,False,False,"{34: 2, 16: 1, 53: 1, 50: 1, 0: 1, 38: 1, 31: 1, 41: 1, 35: 1}","[519, 3690, 4460, 4346, 4151, 1967, 2302, 4265, 1815, 2763]",1083,10,1,False,10
1106,transfer not received by recipient,benef,7,False,False,False,"{34: 2, 16: 1, 53: 1, 50: 1, 0: 1, 38: 1, 31: 1, 41: 1, 35: 1}","[519, 3690, 4460, 4346, 4151, 1967, 2302, 4265, 1815, 2763]",1106,10,1,False,10
916,terminate account,terminate,55,False,True,False,"{34: 2, 16: 1, 53: 1, 50: 1, 0: 1, 38: 1, 31: 1, 41: 1, 35: 1}","[519, 3690, 4460, 4346, 4151, 1967, 2302, 4265, 1815, 2763]",916,10,1,False,10
503,card payment not recognised,card payment fee,15,False,False,False,"{34: 2, 16: 1, 53: 1, 50: 1, 0: 1, 38: 1, 31: 1, 41: 1, 35: 1}","[519, 3690, 4460, 4346, 4151, 1967, 2302, 4265, 1815, 2763]",503,10,1,False,10
145,extra charge on statement,extra,34,True,True,False,"{34: 2, 16: 1, 53: 1, 50: 1, 0: 1, 38: 1, 31: 1, 41: 1, 35: 1}","[519, 3690, 4460, 4346, 4151, 1967, 2302, 4265, 1815, 2763]",145,10,1,False,10
1307,failed transfer,c,20,False,False,False,"{34: 2, 16: 1, 53: 1, 50: 1, 0: 1, 38: 1, 31: 1, 41: 1, 35: 1}","[519, 3690, 4460, 4346, 4151, 1967, 2302, 4265, 1815, 2763]",1307,10,1,False,10
334,pin blocked,pin,49,False,True,False,"{34: 2, 16: 1, 53: 1, 50: 1, 0: 1, 38: 1, 31: 1, 41: 1, 35: 1}","[519, 3690, 4460, 4346, 4151, 1967, 2302, 4265, 1815, 2763]",334,10,1,False,10
961,transfer not received by recipient,verify source,70,False,False,False,"{34: 2, 16: 1, 53: 1, 50: 1, 0: 1, 38: 1, 31: 1, 41: 1, 35: 1}","[519, 3690, 4460, 4346, 4151, 1967, 2302, 4265, 1815, 2763]",961,10,1,False,10
1014,transfer timing,transfer timing,67,False,True,False,"{34: 2, 16: 1, 53: 1, 50: 1, 0: 1, 38: 1, 31: 1, 41: 1, 35: 1}","[519, 3690, 4460, 4346, 4151, 1967, 2302, 4265, 1815, 2763]",1014,10,1,False,10
1486,verify my identity,verify my,69,False,True,False,"{34: 2, 16: 1, 53: 1, 50: 1, 0: 1, 38: 1, 31: 1, 41: 1, 35: 1}","[519, 3690, 4460, 4346, 4151, 1967, 2302, 4265, 1815, 2763]",1486,10,1,False,10
391,contactless not working,contact,23,False,True,False,"{34: 2, 16: 1, 53: 1, 50: 1, 0: 1, 38: 1, 31: 1, 41: 1, 35: 1}","[519, 3690, 4460, 4346, 4151, 1967, 2302, 4265, 1815, 2763]",391,10,1,False,10
1244,failed transfer,top up failed,59,False,False,False,"{34: 2, 16: 1, 53: 1, 50: 1, 0: 1, 38: 1, 31: 1, 41: 1, 35: 1}","[519, 3690, 4460, 4346, 4151, 1967, 2302, 4265, 1815, 2763]",1244,10,1,False,10
69,exchange rate,exchange rate,32,False,True,False,"{34: 2, 16: 1, 53: 1, 50: 1, 0: 1, 38: 1, 31: 1, 41: 1, 35: 1}","[519, 3690, 4460, 4346, 4151, 1967, 2302, 4265, 1815, 2763]",69,10,1,False,10
392,contactless not working,contact,23,False,True,False,"{34: 2, 16: 1, 53: 1, 50: 1, 0: 1, 38: 1, 31: 1, 41: 1, 35: 1}","[519, 3690, 4460, 4346, 4151, 1967, 2302, 4265, 1815, 2763]",392,10,1,False,10
789,card not working,comprom,22,False,False,False,"{34: 2, 16: 1, 53: 1, 50: 1, 0: 1, 38: 1, 31: 1, 41: 1, 35: 1}","[519, 3690, 4460, 4346, 4151, 1967, 2302, 4265, 1815, 2763]",789,10,1,False,10
1448,card about to expire,card about,9,False,True,False,"{34: 2, 16: 1, 53: 1, 50: 1, 0: 1, 38: 1, 31: 1, 41: 1, 35: 1}","[519, 3690, 4460, 4346, 4151, 1967, 2302, 4265, 1815, 2763]",1448,10,1,False,10
489,extra charge on statement,card payment fee,15,False,False,False,"{34: 2, 16: 1, 53: 1, 50: 1, 0: 1, 38: 1, 31: 1, 41: 1, 35: 1}","[519, 3690, 4460, 4346, 4151, 1967, 2302, 4265, 1815, 2763]",489,10,1,False,10
676,card payment not recognised,card payment not,16,True,True,False,"{34: 2, 16: 1, 53: 1, 50: 1, 0: 1, 38: 1, 31: 1, 41: 1, 35: 1}","[519, 3690, 4460, 4346, 4151, 1967, 2302, 4265, 1815, 2763]",676,10,1,False,10
647,card payment not recognised,card payment not,16,True,True,False,"{34: 2, 16: 1, 53: 1, 50: 1, 0: 1, 38: 1, 31: 1, 41: 1, 35: 1}","[519, 3690, 4460, 4346, 4151, 1967, 2302, 4265, 1815, 2763]",647,10,1,False,10
815,lost or stolen card,lost or stolen phone,42,False,False,True,"{34: 2, 16: 1, 53: 1, 50: 1, 0: 1, 38: 1, 31: 1, 41: 1, 35: 1}","[519, 3690, 4460, 4346, 4151, 1967, 2302, 4265, 1815, 2763]",815,10,1,False,10
981,transfer not received by recipient,verify source,70,False,False,False,"{34: 2, 16: 1, 53: 1, 50: 1, 0: 1, 38: 1, 31: 1, 41: 1, 35: 1}","[519, 3690, 4460, 4346, 4151, 1967, 2302, 4265, 1815, 2763]",981,10,1,False,10
972,transfer not received by recipient,verify source,70,False,False,False,"{34: 2, 16: 1, 53: 1, 50: 1, 0: 1, 38: 1, 31: 1, 41: 1, 35: 1}","[519, 3690, 4460, 4346, 4151, 1967, 2302, 4265, 1815, 2763]",972,10,1,False,10
531,transfer not received by recipient,transfer not,66,False,True,False,"{34: 2, 16: 1, 53: 1, 50: 1, 0: 1, 38: 1, 31: 1, 41: 1, 35: 1}","[519, 3690, 4460, 4346, 4151, 1967, 2302, 4265, 1815, 2763]",531,10,1,False,10
790,card not working,comprom,22,False,False,False,"{34: 2, 16: 1, 53: 1, 50: 1, 0: 1, 38: 1, 31: 1, 41: 1, 35: 1}","[519, 3690, 4460, 4346, 4151, 1967, 2302, 4265, 1815, 2763]",790,10,1,False,10
259,exchange rate,exchange via,33,False,False,False,"{34: 2, 16: 1, 53: 1, 50: 1, 0: 1, 38: 1, 31: 1, 41: 1, 35: 1}","[519, 3690, 4460, 4346, 4151, 1967, 2302, 4265, 1815, 2763]",259,10,1,False,10
429,pending top up,pending,47,False,True,False,"{34: 2, 16: 1, 53: 1, 50: 1, 0: 1, 38: 1, 31: 1, 41: 1, 35: 1}","[519, 3690, 4460, 4346, 4151, 1967, 2302, 4265, 1815, 2763]",429,10,1,False,10
480,extra charge on statement,card payment fee,15,False,False,False,"{34: 2, 16: 1, 53: 1, 50: 1, 0: 1, 38: 1, 31: 1, 41: 1, 35: 1}","[519, 3690, 4460, 4346, 4151, 1967, 2302, 4265, 1815, 2763]",480,10,1,False,10
566,card not working,getting,40,False,False,False,"{34: 2, 16: 1, 53: 1, 50: 1, 0: 1, 38: 1, 31: 1, 41: 1, 35: 1}","[519, 3690, 4460, 4346, 4151, 1967, 2302, 4265, 1815, 2763]",566,10,1,False,10
72,exchange rate,exchange rate,32,False,True,False,"{34: 2, 16: 1, 53: 1, 50: 1, 0: 1, 38: 1, 31: 1, 41: 1, 35: 1}","[519, 3690, 4460, 4346, 4151, 1967, 2302, 4265, 1815, 2763]",72,10,1,False,10
112,exchange rate,card payment wrong,17,False,False,False,"{34: 2, 16: 1, 53: 1, 50: 1, 0: 1, 38: 1, 31: 1, 41: 1, 35: 1}","[519, 3690, 4460, 4346, 4151, 1967, 2302, 4265, 1815, 2763]",112,10,1,False,10
384,contactless not working,contact,23,False,True,False,"{34: 2, 16: 1, 53: 1, 50: 1, 0: 1, 38: 1, 31: 1, 41: 1, 35: 1}","[519, 3690, 4460, 4346, 4151, 1967, 2302, 4265, 1815, 2763]",384,10,1,False,10
1053,reverted card payment?,revert,53,True,True,False,"{34: 2, 16: 1, 53: 1, 50: 1, 0: 1, 38: 1, 31: 1, 41: 1, 35: 1}","[519, 3690, 4460, 4346, 4151, 1967, 2302, 4265, 1815, 2763]",1053,10,1,False,10
1401,activate my card,activ,0,True,True,False,"{34: 2, 16: 1, 53: 1, 50: 1, 0: 1, 38: 1, 31: 1, 41: 1, 35: 1}","[519, 3690, 4460, 4346, 4151, 1967, 2302, 4265, 1815, 2763]",1401,10,1,False,10
968,get physical card,verify source,70,False,False,False,"{34: 2, 16: 1, 53: 1, 50: 1, 0: 1, 38: 1, 31: 1, 41: 1, 35: 1}","[519, 3690, 4460, 4346, 4151, 1967, 2302, 4265, 1815, 2763]",968,10,1,False,10
312,card not working,lost or stolen card,41,True,False,False,"{34: 2, 16: 1, 53: 1, 50: 1, 0: 1, 38: 1, 31: 1, 41: 1, 35: 1}","[519, 3690, 4460, 4346, 4151, 1967, 2302, 4265, 1815, 2763]",312,10,1,False,10
892,terminate account,terminate,55,False,True,False,"{34: 2, 16: 1, 53: 1, 50: 1, 0: 1, 38: 1, 31: 1, 41: 1, 35: 1}","[519, 3690, 4460, 4346, 4151, 1967, 2302, 4265, 1815, 2763]",892,10,1,False,10
453,card payment not recognised,top up limits,60,False,False,False,"{34: 2, 16: 1, 53: 1, 50: 1, 0: 1, 38: 1, 31: 1, 41: 1, 35: 1}","[519, 3690, 4460, 4346, 4151, 1967, 2302, 4265, 1815, 2763]",453,10,1,False,10
478,top up limits,top up limits,60,False,True,False,"{34: 2, 16: 1, 53: 1, 50: 1, 0: 1, 38: 1, 31: 1, 41: 1, 35: 1}","[519, 3690, 4460, 4346, 4151, 1967, 2302, 4265, 1815, 2763]",478,10,1,False,10
649,failed transfer,card payment not,16,True,False,False,"{34: 2, 16: 1, 53: 1, 50: 1, 0: 1, 38: 1, 31: 1, 41: 1, 35: 1}","[519, 3690, 4460, 4346, 4151, 1967, 2302, 4265, 1815, 2763]",649,10,1,False,10
23,card linking,card linking,13,False,True,False,"{34: 2, 16: 1, 53: 1, 50: 1, 0: 1, 38: 1, 31: 1, 41: 1, 35: 1}","[519, 3690, 4460, 4346, 4151, 1967, 2302, 4265, 1815, 2763]",23,10,1,False,10
1213,card payment not recognised,get dispos,37,False,False,False,"{34: 2, 16: 1, 53: 1, 50: 1, 0: 1, 38: 1, 31: 1, 41: 1, 35: 1}","[519, 3690, 4460, 4346, 4151, 1967, 2302, 4265, 1815, 2763]",1213,10,1,False,10
1215,get disposable virtual card,get dispos,37,False,True,False,"{34: 2, 16: 1, 53: 1, 50: 1, 0: 1, 38: 1, 31: 1, 41: 1, 35: 1}","[519, 3690, 4460, 4346, 4151, 1967, 2302, 4265, 1815, 2763]",1215,10,1,False,10
1349,exchange charge,exchange charge,31,True,True,True,"{34: 2, 16: 1, 53: 1, 50: 1, 0: 1, 38: 1, 31: 1, 41: 1, 35: 1}","[519, 3690, 4460, 4346, 4151, 1967, 2302, 4265, 1815, 2763]",1349,10,1,False,10
262,exchange charge,exchange via,33,False,False,True,"{34: 2, 16: 1, 53: 1, 50: 1, 0: 1, 38: 1, 31: 1, 41: 1, 35: 1}","[519, 3690, 4460, 4346, 4151, 1967, 2302, 4265, 1815, 2763]",262,10,1,False,10
48,exchange rate,exchange rate,32,False,True,False,"{34: 2, 16: 1, 53: 1, 50: 1, 0: 1, 38: 1, 31: 1, 41: 1, 35: 1}","[519, 3690, 4460, 4346, 4151, 1967, 2302, 4265, 1815, 2763]",48,10,1,False,10
285,lost or stolen card,lost or stolen card,41,True,True,True,"{34: 2, 16: 1, 53: 1, 50: 1, 0: 1, 38: 1, 31: 1, 41: 1, 35: 1}","[519, 3690, 4460, 4346, 4151, 1967, 2302, 4265, 1815, 2763]",285,10,1,False,10
849,failed transfer,Ref,51,False,False,False,"{34: 2, 16: 1, 53: 1, 50: 1, 0: 1, 38: 1, 31: 1, 41: 1, 35: 1}","[519, 3690, 4460, 4346, 4151, 1967, 2302, 4265, 1815, 2763]",849,10,1,False,10
1352,exchange charge,exchange charge,31,True,True,True,"{34: 2, 16: 1, 53: 1, 50: 1, 0: 1, 38: 1, 31: 1, 41: 1, 35: 1}","[519, 3690, 4460, 4346, 4151, 1967, 2302, 4265, 1815, 2763]",1352,10,1,False,10
327,pin blocked,pin,49,False,True,False,"{34: 2, 16: 1, 53: 1, 50: 1, 0: 1, 38: 1, 31: 1, 41: 1, 35: 1}","[519, 3690, 4460, 4346, 4151, 1967, 2302, 4265, 1815, 2763]",327,10,1,False,10
1438,activate my card,activ,0,True,True,False,"{34: 2, 16: 1, 53: 1, 50: 1, 0: 1, 38: 1, 31: 1, 41: 1, 35: 1}","[519, 3690, 4460, 4346, 4151, 1967, 2302, 4265, 1815, 2763]",1438,10,1,False,10
29,card linking,card linking,13,False,True,False,"{34: 2, 16: 1, 53: 1, 50: 1, 0: 1, 38: 1, 31: 1, 41: 1, 35: 1}","[519, 3690, 4460, 4346, 4151, 1967, 2302, 4265, 1815, 2763]",29,10,1,False,10
234,card not working,card not,14,False,True,False,"{34: 2, 16: 1, 53: 1, 50: 1, 0: 1, 38: 1, 31: 1, 41: 1, 35: 1}","[519, 3690, 4460, 4346, 4151, 1967, 2302, 4265, 1815, 2763]",234,10,1,False,10
524,failed transfer,transfer not,66,False,False,False,"{34: 2, 16: 1, 53: 1, 50: 1, 0: 1, 38: 1, 31: 1, 41: 1, 35: 1}","[519, 3690, 4460, 4346, 4151, 1967, 2302, 4265, 1815, 2763]",524,10,1,False,10
369,card not working,contact,23,False,False,False,"{34: 2, 16: 1, 53: 1, 50: 1, 0: 1, 38: 1, 31: 1, 41: 1, 35: 1}","[519, 3690, 4460, 4346, 4151, 1967, 2302, 4265, 1815, 2763]",369,10,1,False,10
127,extra charge on statement,extra,34,True,True,False,"{34: 2, 16: 1, 53: 1, 50: 1, 0: 1, 38: 1, 31: 1, 41: 1, 35: 1}","[519, 3690, 4460, 4346, 4151, 1967, 2302, 4265, 1815, 2763]",127,10,1,False,10
1151,receiving money,receiving,50,True,True,False,"{34: 2, 16: 1, 53: 1, 50: 1, 0: 1, 38: 1, 31: 1, 41: 1, 35: 1}","[519, 3690, 4460, 4346, 4151, 1967, 2302, 4265, 1815, 2763]",1151,10,1,False,10
543,transfer not received by recipient,transfer not,66,False,True,False,"{34: 2, 16: 1, 53: 1, 50: 1, 0: 1, 38: 1, 31: 1, 41: 1, 35: 1}","[519, 3690, 4460, 4346, 4151, 1967, 2302, 4265, 1815, 2763]",543,10,1,False,10
884,terminate account,terminate,55,False,True,False,"{34: 2, 16: 1, 53: 1, 50: 1, 0: 1, 38: 1, 31: 1, 41: 1, 35: 1}","[519, 3690, 4460, 4346, 4151, 1967, 2302, 4265, 1815, 2763]",884,10,1,False,10
592,get physical card,getting,40,False,False,False,"{34: 2, 16: 1, 53: 1, 50: 1, 0: 1, 38: 1, 31: 1, 41: 1, 35: 1}","[519, 3690, 4460, 4346, 4151, 1967, 2302, 4265, 1815, 2763]",592,10,1,False,10
229,card not working,card not,14,False,True,False,"{34: 2, 16: 1, 53: 1, 50: 1, 0: 1, 38: 1, 31: 1, 41: 1, 35: 1}","[519, 3690, 4460, 4346, 4151, 1967, 2302, 4265, 1815, 2763]",229,10,1,False,10
875,failed transfer,Ref,51,False,False,False,"{34: 2, 16: 1, 53: 1, 50: 1, 0: 1, 38: 1, 31: 1, 41: 1, 35: 1}","[519, 3690, 4460, 4346, 4151, 1967, 2302, 4265, 1815, 2763]",875,10,1,False,10
628,card not working,card accept,10,False,False,False,"{34: 2, 16: 1, 53: 1, 50: 1, 0: 1, 38: 1, 31: 1, 41: 1, 35: 1}","[519, 3690, 4460, 4346, 4151, 1967, 2302, 4265, 1815, 2763]",628,10,1,False,10
1419,activate my card,activ,0,True,True,False,"{34: 2, 16: 1, 53: 1, 50: 1, 0: 1, 38: 1, 31: 1, 41: 1, 35: 1}","[519, 3690, 4460, 4346, 4151, 1967, 2302, 4265, 1815, 2763]",1419,10,1,False,10
818,lost or stolen card,lost or stolen phone,42,False,False,True,"{34: 2, 16: 1, 53: 1, 50: 1, 0: 1, 38: 1, 31: 1, 41: 1, 35: 1}","[519, 3690, 4460, 4346, 4151, 1967, 2302, 4265, 1815, 2763]",818,10,1,False,10
1285,transaction charged twice,c,20,False,False,False,"{34: 2, 16: 1, 53: 1, 50: 1, 0: 1, 38: 1, 31: 1, 41: 1, 35: 1}","[519, 3690, 4460, 4346, 4151, 1967, 2302, 4265, 1815, 2763]",1285,10,1,False,10
678,transaction charged twice,card payment not,16,True,False,False,"{34: 2, 16: 1, 53: 1, 50: 1, 0: 1, 38: 1, 31: 1, 41: 1, 35: 1}","[519, 3690, 4460, 4346, 4151, 1967, 2302, 4265, 1815, 2763]",678,10,1,False,10
204,card not working,card not,14,False,True,False,"{34: 2, 16: 1, 53: 1, 50: 1, 0: 1, 38: 1, 31: 1, 41: 1, 35: 1}","[519, 3690, 4460, 4346, 4151, 1967, 2302, 4265, 1815, 2763]",204,10,1,False,10
870,failed transfer,Ref,51,False,False,False,"{34: 2, 16: 1, 53: 1, 50: 1, 0: 1, 38: 1, 31: 1, 41: 1, 35: 1}","[519, 3690, 4460, 4346, 4151, 1967, 2302, 4265, 1815, 2763]",870,10,1,False,10
696,verify my identity,unable,68,False,False,False,"{34: 2, 16: 1, 53: 1, 50: 1, 0: 1, 38: 1, 31: 1, 41: 1, 35: 1}","[519, 3690, 4460, 4346, 4151, 1967, 2302, 4265, 1815, 2763]",696,10,1,False,10
219,card not working,card not,14,False,True,False,"{34: 2, 16: 1, 53: 1, 50: 1, 0: 1, 38: 1, 31: 1, 41: 1, 35: 1}","[519, 3690, 4460, 4346, 4151, 1967, 2302, 4265, 1815, 2763]",219,10,1,False,10
190,automatic top up,automatic,4,False,True,False,"{34: 2, 16: 1, 53: 1, 50: 1, 0: 1, 38: 1, 31: 1, 41: 1, 35: 1}","[519, 3690, 4460, 4346, 4151, 1967, 2302, 4265, 1815, 2763]",190,10,1,False,10
379,contactless not working,contact,23,False,True,False,"{34: 2, 16: 1, 53: 1, 50: 1, 0: 1, 38: 1, 31: 1, 41: 1, 35: 1}","[519, 3690, 4460, 4346, 4151, 1967, 2302, 4265, 1815, 2763]",379,10,1,False,10
1340,exchange charge,exchange charge,31,True,True,True,"{34: 2, 16: 1, 53: 1, 50: 1, 0: 1, 38: 1, 31: 1, 41: 1, 35: 1}","[519, 3690, 4460, 4346, 4151, 1967, 2302, 4265, 1815, 2763]",1340,10,1,False,10
977,transfer not received by recipient,verify source,70,False,False,False,"{34: 2, 16: 1, 53: 1, 50: 1, 0: 1, 38: 1, 31: 1, 41: 1, 35: 1}","[519, 3690, 4460, 4346, 4151, 1967, 2302, 4265, 1815, 2763]",977,10,1,False,10
644,failed transfer,card payment not,16,True,False,False,"{34: 2, 16: 1, 53: 1, 50: 1, 0: 1, 38: 1, 31: 1, 41: 1, 35: 1}","[519, 3690, 4460, 4346, 4151, 1967, 2302, 4265, 1815, 2763]",644,10,1,False,10
733,pin blocked,get physical,38,True,False,False,"{34: 2, 16: 1, 53: 1, 50: 1, 0: 1, 38: 1, 31: 1, 41: 1, 35: 1}","[519, 3690, 4460, 4346, 4151, 1967, 2302, 4265, 1815, 2763]",733,10,1,False,10
847,card payment not recognised,Ref,51,False,False,False,"{34: 2, 16: 1, 53: 1, 50: 1, 0: 1, 38: 1, 31: 1, 41: 1, 35: 1}","[519, 3690, 4460, 4346, 4151, 1967, 2302, 4265, 1815, 2763]",847,10,1,False,10
1353,exchange rate,exchange charge,31,True,False,False,"{34: 2, 16: 1, 53: 1, 50: 1, 0: 1, 38: 1, 31: 1, 41: 1, 35: 1}","[519, 3690, 4460, 4346, 4151, 1967, 2302, 4265, 1815, 2763]",1353,10,1,False,10
797,card not working,comprom,22,False,False,False,"{34: 2, 16: 1, 53: 1, 50: 1, 0: 1, 38: 1, 31: 1, 41: 1, 35: 1}","[519, 3690, 4460, 4346, 4151, 1967, 2302, 4265, 1815, 2763]",797,10,1,False,10
1329,exchange charge,exchange charge,31,True,True,True,"{34: 2, 16: 1, 53: 1, 50: 1, 0: 1, 38: 1, 31: 1, 41: 1, 35: 1}","[519, 3690, 4460, 4346, 4151, 1967, 2302, 4265, 1815, 2763]",1329,10,1,False,10
114,exchange rate,card payment wrong,17,False,False,False,"{34: 2, 16: 1, 53: 1, 50: 1, 0: 1, 38: 1, 31: 1, 41: 1, 35: 1}","[519, 3690, 4460, 4346, 4151, 1967, 2302, 4265, 1815, 2763]",114,10,1,False,10
1396,card payment not recognised,top up by,57,False,False,False,"{34: 2, 16: 1, 53: 1, 50: 1, 0: 1, 38: 1, 31: 1, 41: 1, 35: 1}","[519, 3690, 4460, 4346, 4151, 1967, 2302, 4265, 1815, 2763]",1396,10,1,False,10
34,card payment not recognised,card linking,13,False,False,False,"{34: 2, 16: 1, 53: 1, 50: 1, 0: 1, 38: 1, 31: 1, 41: 1, 35: 1}","[519, 3690, 4460, 4346, 4151, 1967, 2302, 4265, 1815, 2763]",34,10,1,False,10
966,verify source of funds,verify source,70,False,True,False,"{34: 2, 16: 1, 53: 1, 50: 1, 0: 1, 38: 1, 31: 1, 41: 1, 35: 1}","[519, 3690, 4460, 4346, 4151, 1967, 2302, 4265, 1815, 2763]",966,10,1,False,10
1512,verify my identity,verify my,69,False,True,False,"{34: 2, 16: 1, 53: 1, 50: 1, 0: 1, 38: 1, 31: 1, 41: 1, 35: 1}","[519, 3690, 4460, 4346, 4151, 1967, 2302, 4265, 1815, 2763]",1512,10,1,False,10
438,top up failed,pending,47,False,False,False,"{34: 2, 16: 1, 53: 1, 50: 1, 0: 1, 38: 1, 31: 1, 41: 1, 35: 1}","[519, 3690, 4460, 4346, 4151, 1967, 2302, 4265, 1815, 2763]",438,10,1,False,10
1411,activate my card,activ,0,True,True,False,"{34: 2, 16: 1, 53: 1, 50: 1, 0: 1, 38: 1, 31: 1, 41: 1, 35: 1}","[519, 3690, 4460, 4346, 4151, 1967, 2302, 4265, 1815, 2763]",1411,10,1,False,10
1218,get disposable virtual card,get dispos,37,False,True,False,"{34: 2, 16: 1, 53: 1, 50: 1, 0: 1, 38: 1, 31: 1, 41: 1, 35: 1}","[519, 3690, 4460, 4346, 4151, 1967, 2302, 4265, 1815, 2763]",1218,10,1,False,10
865,failed transfer,Ref,51,False,False,False,"{34: 2, 16: 1, 53: 1, 50: 1, 0: 1, 38: 1, 31: 1, 41: 1, 35: 1}","[519, 3690, 4460, 4346, 4151, 1967, 2302, 4265, 1815, 2763]",865,10,1,False,10
704,verify my identity,unable,68,False,False,False,"{34: 2, 16: 1, 53: 1, 50: 1, 0: 1, 38: 1, 31: 1, 41: 1, 35: 1}","[519, 3690, 4460, 4346, 4151, 1967, 2302, 4265, 1815, 2763]",704,10,1,False,10
1212,card payment not recognised,get dispos,37,False,False,False,"{34: 2, 16: 1, 53: 1, 50: 1, 0: 1, 38: 1, 31: 1, 41: 1, 35: 1}","[519, 3690, 4460, 4346, 4151, 1967, 2302, 4265, 1815, 2763]",1212,10,1,False,10
645,card payment not recognised,card payment not,16,True,True,False,"{34: 2, 16: 1, 53: 1, 50: 1, 0: 1, 38: 1, 31: 1, 41: 1, 35: 1}","[519, 3690, 4460, 4346, 4151, 1967, 2302, 4265, 1815, 2763]",645,10,1,False,10
1165,failed transfer,failed,35,True,True,False,"{34: 2, 16: 1, 53: 1, 50: 1, 0: 1, 38: 1, 31: 1, 41: 1, 35: 1}","[519, 3690, 4460, 4346, 4151, 1967, 2302, 4265, 1815, 2763]",1165,10,1,False,10
796,card not working,comprom,22,False,False,False,"{34: 2, 16: 1, 53: 1, 50: 1, 0: 1, 38: 1, 31: 1, 41: 1, 35: 1}","[519, 3690, 4460, 4346, 4151, 1967, 2302, 4265, 1815, 2763]",796,10,1,False,10
898,terminate account,terminate,55,False,True,False,"{34: 2, 16: 1, 53: 1, 50: 1, 0: 1, 38: 1, 31: 1, 41: 1, 35: 1}","[519, 3690, 4460, 4346, 4151, 1967, 2302, 4265, 1815, 2763]",898,10,1,False,10
36,activate my card,card linking,13,False,False,False,"{34: 2, 16: 1, 53: 1, 50: 1, 0: 1, 38: 1, 31: 1, 41: 1, 35: 1}","[519, 3690, 4460, 4346, 4151, 1967, 2302, 4265, 1815, 2763]",36,10,1,False,10
1278,top up failed,top up failed,59,False,True,False,"{34: 2, 16: 1, 53: 1, 50: 1, 0: 1, 38: 1, 31: 1, 41: 1, 35: 1}","[519, 3690, 4460, 4346, 4151, 1967, 2302, 4265, 1815, 2763]",1278,10,1,False,10
324,pin blocked,pin,49,False,True,False,"{34: 2, 16: 1, 53: 1, 50: 1, 0: 1, 38: 1, 31: 1, 41: 1, 35: 1}","[519, 3690, 4460, 4346, 4151, 1967, 2302, 4265, 1815, 2763]",324,10,1,False,10
689,verify my identity,unable,68,False,False,False,"{34: 2, 16: 1, 53: 1, 50: 1, 0: 1, 38: 1, 31: 1, 41: 1, 35: 1}","[519, 3690, 4460, 4346, 4151, 1967, 2302, 4265, 1815, 2763]",689,10,1,False,10
1508,verify my identity,verify my,69,False,True,False,"{34: 2, 16: 1, 53: 1, 50: 1, 0: 1, 38: 1, 31: 1, 41: 1, 35: 1}","[519, 3690, 4460, 4346, 4151, 1967, 2302, 4265, 1815, 2763]",1508,10,1,False,10
991,transfer not received by recipient,verify source,70,False,False,False,"{34: 2, 16: 1, 53: 1, 50: 1, 0: 1, 38: 1, 31: 1, 41: 1, 35: 1}","[519, 3690, 4460, 4346, 4151, 1967, 2302, 4265, 1815, 2763]",991,10,1,False,10
314,card not working,lost or stolen card,41,True,False,False,"{34: 2, 16: 1, 53: 1, 50: 1, 0: 1, 38: 1, 31: 1, 41: 1, 35: 1}","[519, 3690, 4460, 4346, 4151, 1967, 2302, 4265, 1815, 2763]",314,10,1,False,10
1082,transfer not received by recipient,benef,7,False,False,False,"{34: 2, 16: 1, 53: 1, 50: 1, 0: 1, 38: 1, 31: 1, 41: 1, 35: 1}","[519, 3690, 4460, 4346, 4151, 1967, 2302, 4265, 1815, 2763]",1082,10,1,False,10
1096,failed transfer,benef,7,False,False,False,"{34: 2, 16: 1, 53: 1, 50: 1, 0: 1, 38: 1, 31: 1, 41: 1, 35: 1}","[519, 3690, 4460, 4346, 4151, 1967, 2302, 4265, 1815, 2763]",1096,10,1,False,10
784,card not working,comprom,22,False,False,False,"{34: 2, 16: 1, 53: 1, 50: 1, 0: 1, 38: 1, 31: 1, 41: 1, 35: 1}","[519, 3690, 4460, 4346, 4151, 1967, 2302, 4265, 1815, 2763]",784,10,1,False,10
839,lost or stolen card,lost or stolen phone,42,False,False,True,"{34: 2, 16: 1, 53: 1, 50: 1, 0: 1, 38: 1, 31: 1, 41: 1, 35: 1}","[519, 3690, 4460, 4346, 4151, 1967, 2302, 4265, 1815, 2763]",839,10,1,False,10
191,top up limits,automatic,4,False,False,False,"{34: 2, 16: 1, 53: 1, 50: 1, 0: 1, 38: 1, 31: 1, 41: 1, 35: 1}","[519, 3690, 4460, 4346, 4151, 1967, 2302, 4265, 1815, 2763]",191,10,1,False,10
842,failed transfer,Ref,51,False,False,False,"{34: 2, 16: 1, 53: 1, 50: 1, 0: 1, 38: 1, 31: 1, 41: 1, 35: 1}","[519, 3690, 4460, 4346, 4151, 1967, 2302, 4265, 1815, 2763]",842,10,1,False,10
1026,transfer timing,transfer timing,67,False,True,False,"{34: 2, 16: 1, 53: 1, 50: 1, 0: 1, 38: 1, 31: 1, 41: 1, 35: 1}","[519, 3690, 4460, 4346, 4151, 1967, 2302, 4265, 1815, 2763]",1026,10,1,False,10
99,exchange rate,card payment wrong,17,False,False,False,"{34: 2, 16: 1, 53: 1, 50: 1, 0: 1, 38: 1, 31: 1, 41: 1, 35: 1}","[519, 3690, 4460, 4346, 4151, 1967, 2302, 4265, 1815, 2763]",99,10,1,False,10
551,transfer not received by recipient,transfer not,66,False,True,False,"{34: 2, 16: 1, 53: 1, 50: 1, 0: 1, 38: 1, 31: 1, 41: 1, 35: 1}","[519, 3690, 4460, 4346, 4151, 1967, 2302, 4265, 1815, 2763]",551,10,1,False,10
1023,transfer timing,transfer timing,67,False,True,False,"{34: 2, 16: 1, 53: 1, 50: 1, 0: 1, 38: 1, 31: 1, 41: 1, 35: 1}","[519, 3690, 4460, 4346, 4151, 1967, 2302, 4265, 1815, 2763]",1023,10,1,False,10
140,extra charge on statement,extra,34,True,True,False,"{34: 2, 16: 1, 53: 1, 50: 1, 0: 1, 38: 1, 31: 1, 41: 1, 35: 1}","[519, 3690, 4460, 4346, 4151, 1967, 2302, 4265, 1815, 2763]",140,10,1,False,10
624,card acceptance,card accept,10,False,True,False,"{34: 2, 16: 1, 53: 1, 50: 1, 0: 1, 38: 1, 31: 1, 41: 1, 35: 1}","[519, 3690, 4460, 4346, 4151, 1967, 2302, 4265, 1815, 2763]",624,10,1,False,10
920,get physical card,transaction,63,False,False,False,"{34: 2, 16: 1, 53: 1, 50: 1, 0: 1, 38: 1, 31: 1, 41: 1, 35: 1}","[519, 3690, 4460, 4346, 4151, 1967, 2302, 4265, 1815, 2763]",920,10,1,False,10
976,verify my identity,verify source,70,False,False,False,"{34: 2, 16: 1, 53: 1, 50: 1, 0: 1, 38: 1, 31: 1, 41: 1, 35: 1}","[519, 3690, 4460, 4346, 4151, 1967, 2302, 4265, 1815, 2763]",976,10,1,False,10
134,extra charge on statement,extra,34,True,True,False,"{34: 2, 16: 1, 53: 1, 50: 1, 0: 1, 38: 1, 31: 1, 41: 1, 35: 1}","[519, 3690, 4460, 4346, 4151, 1967, 2302, 4265, 1815, 2763]",134,10,1,False,10
1109,exchange charge,benef,7,False,False,True,"{34: 2, 16: 1, 53: 1, 50: 1, 0: 1, 38: 1, 31: 1, 41: 1, 35: 1}","[519, 3690, 4460, 4346, 4151, 1967, 2302, 4265, 1815, 2763]",1109,10,1,False,10
405,pending top up,pending,47,False,True,False,"{34: 2, 16: 1, 53: 1, 50: 1, 0: 1, 38: 1, 31: 1, 41: 1, 35: 1}","[519, 3690, 4460, 4346, 4151, 1967, 2302, 4265, 1815, 2763]",405,10,1,False,10
757,card payment not recognised,get physical,38,True,False,False,"{34: 2, 16: 1, 53: 1, 50: 1, 0: 1, 38: 1, 31: 1, 41: 1, 35: 1}","[519, 3690, 4460, 4346, 4151, 1967, 2302, 4265, 1815, 2763]",757,10,1,False,10
1034,transfer timing,transfer timing,67,False,True,False,"{34: 2, 16: 1, 53: 1, 50: 1, 0: 1, 38: 1, 31: 1, 41: 1, 35: 1}","[519, 3690, 4460, 4346, 4151, 1967, 2302, 4265, 1815, 2763]",1034,10,1,False,10
926,extra charge on statement,transaction,63,False,False,False,"{34: 2, 16: 1, 53: 1, 50: 1, 0: 1, 38: 1, 31: 1, 41: 1, 35: 1}","[519, 3690, 4460, 4346, 4151, 1967, 2302, 4265, 1815, 2763]",926,10,1,False,10
975,verify source of funds,verify source,70,False,True,False,"{34: 2, 16: 1, 53: 1, 50: 1, 0: 1, 38: 1, 31: 1, 41: 1, 35: 1}","[519, 3690, 4460, 4346, 4151, 1967, 2302, 4265, 1815, 2763]",975,10,1,False,10
962,transfer not received by recipient,verify source,70,False,False,False,"{34: 2, 16: 1, 53: 1, 50: 1, 0: 1, 38: 1, 31: 1, 41: 1, 35: 1}","[519, 3690, 4460, 4346, 4151, 1967, 2302, 4265, 1815, 2763]",962,10,1,False,10
759,pin blocked,get physical,38,True,False,False,"{34: 2, 16: 1, 53: 1, 50: 1, 0: 1, 38: 1, 31: 1, 41: 1, 35: 1}","[519, 3690, 4460, 4346, 4151, 1967, 2302, 4265, 1815, 2763]",759,10,1,False,10
510,card payment not recognised,card payment fee,15,False,False,False,"{34: 2, 16: 1, 53: 1, 50: 1, 0: 1, 38: 1, 31: 1, 41: 1, 35: 1}","[519, 3690, 4460, 4346, 4151, 1967, 2302, 4265, 1815, 2763]",510,10,1,False,10
868,failed transfer,Ref,51,False,False,False,"{34: 2, 16: 1, 53: 1, 50: 1, 0: 1, 38: 1, 31: 1, 41: 1, 35: 1}","[519, 3690, 4460, 4346, 4151, 1967, 2302, 4265, 1815, 2763]",868,10,1,False,10
1122,receiving money,receiving,50,True,True,False,"{34: 2, 16: 1, 53: 1, 50: 1, 0: 1, 38: 1, 31: 1, 41: 1, 35: 1}","[519, 3690, 4460, 4346, 4151, 1967, 2302, 4265, 1815, 2763]",1122,10,1,False,10
