,outputs,label_tokens,true_numeric_labels,true_label_present_in_prompt,correct,predicted_label_present_in_prompt,prompt_labels,prompt_example_indices,id,n_shots,run_number,unlimiformer,nspw
2782,mpg,how busy,102,False,False,False,"{65: 1, 137: 1, 36: 1, 95: 1, 16: 1, 93: 1, 109: 1, 94: 1, 112: 1, 124: 1, 45: 1, 99: 1, 61: 1, 140: 1, 141: 1, 108: 1, 149: 1, 55: 1, 125: 1, 33: 1}","[2671, 4367, 7875, 6821, 7664, 6506, 11784, 5941, 4221, 12384, 6740, 1395, 3878, 2090, 7770, 9067, 14815, 10121, 7958, 7970]",2782,20,0,False,20
4050,card declined,exp,44,False,False,False,"{65: 1, 137: 1, 36: 1, 95: 1, 16: 1, 93: 1, 109: 1, 94: 1, 112: 1, 124: 1, 45: 1, 99: 1, 61: 1, 140: 1, 141: 1, 108: 1, 149: 1, 55: 1, 125: 1, 33: 1}","[2671, 4367, 7875, 6821, 7664, 6506, 11784, 5941, 4221, 12384, 6740, 1395, 3878, 2090, 7770, 9067, 14815, 10121, 7958, 7970]",4050,20,0,False,20
3387,cancel,cancel,147,False,True,False,"{65: 1, 137: 1, 36: 1, 95: 1, 16: 1, 93: 1, 109: 1, 94: 1, 112: 1, 124: 1, 45: 1, 99: 1, 61: 1, 140: 1, 141: 1, 108: 1, 149: 1, 55: 1, 125: 1, 33: 1}","[2671, 4367, 7875, 6821, 7664, 6506, 11784, 5941, 4221, 12384, 6740, 1395, 3878, 2090, 7770, 9067, 14815, 10121, 7958, 7970]",3387,20,0,False,20
4122,cancel reservation,cancel res,67,False,True,False,"{65: 1, 137: 1, 36: 1, 95: 1, 16: 1, 93: 1, 109: 1, 94: 1, 112: 1, 124: 1, 45: 1, 99: 1, 61: 1, 140: 1, 141: 1, 108: 1, 149: 1, 55: 1, 125: 1, 33: 1}","[2671, 4367, 7875, 6821, 7664, 6506, 11784, 5941, 4221, 12384, 6740, 1395, 3878, 2090, 7770, 9067, 14815, 10121, 7958, 7970]",4122,20,0,False,20
4317,food last,me,46,False,False,False,"{65: 1, 137: 1, 36: 1, 95: 1, 16: 1, 93: 1, 109: 1, 94: 1, 112: 1, 124: 1, 45: 1, 99: 1, 61: 1, 140: 1, 141: 1, 108: 1, 149: 1, 55: 1, 125: 1, 33: 1}","[2671, 4367, 7875, 6821, 7664, 6506, 11784, 5941, 4221, 12384, 6740, 1395, 3878, 2090, 7770, 9067, 14815, 10121, 7958, 7970]",4317,20,0,False,20
2449,routing,routing,45,True,True,True,"{65: 1, 137: 1, 36: 1, 95: 1, 16: 1, 93: 1, 109: 1, 94: 1, 112: 1, 124: 1, 45: 1, 99: 1, 61: 1, 140: 1, 141: 1, 108: 1, 149: 1, 55: 1, 125: 1, 33: 1}","[2671, 4367, 7875, 6821, 7664, 6506, 11784, 5941, 4221, 12384, 6740, 1395, 3878, 2090, 7770, 9067, 14815, 10121, 7958, 7970]",2449,20,0,False,20
5020,change volume,o,42,False,False,False,"{65: 1, 137: 1, 36: 1, 95: 1, 16: 1, 93: 1, 109: 1, 94: 1, 112: 1, 124: 1, 45: 1, 99: 1, 61: 1, 140: 1, 141: 1, 108: 1, 149: 1, 55: 1, 125: 1, 33: 1}","[2671, 4367, 7875, 6821, 7664, 6506, 11784, 5941, 4221, 12384, 6740, 1395, 3878, 2090, 7770, 9067, 14815, 10121, 7958, 7970]",5020,20,0,False,20
396,credit limit change,replacement,90,False,False,True,"{65: 1, 137: 1, 36: 1, 95: 1, 16: 1, 93: 1, 109: 1, 94: 1, 112: 1, 124: 1, 45: 1, 99: 1, 61: 1, 140: 1, 141: 1, 108: 1, 149: 1, 55: 1, 125: 1, 33: 1}","[2671, 4367, 7875, 6821, 7664, 6506, 11784, 5941, 4221, 12384, 6740, 1395, 3878, 2090, 7770, 9067, 14815, 10121, 7958, 7970]",396,20,0,False,20
1307,what is your name,repeat,13,False,False,False,"{65: 1, 137: 1, 36: 1, 95: 1, 16: 1, 93: 1, 109: 1, 94: 1, 112: 1, 124: 1, 45: 1, 99: 1, 61: 1, 140: 1, 141: 1, 108: 1, 149: 1, 55: 1, 125: 1, 33: 1}","[2671, 4367, 7875, 6821, 7664, 6506, 11784, 5941, 4221, 12384, 6740, 1395, 3878, 2090, 7770, 9067, 14815, 10121, 7958, 7970]",1307,20,0,False,20
3802,shopping list update,shopping list,43,False,False,True,"{65: 1, 137: 1, 36: 1, 95: 1, 16: 1, 93: 1, 109: 1, 94: 1, 112: 1, 124: 1, 45: 1, 99: 1, 61: 1, 140: 1, 141: 1, 108: 1, 149: 1, 55: 1, 125: 1, 33: 1}","[2671, 4367, 7875, 6821, 7664, 6506, 11784, 5941, 4221, 12384, 6740, 1395, 3878, 2090, 7770, 9067, 14815, 10121, 7958, 7970]",3802,20,0,False,20
1860,oil change when,schedule maintenance,131,False,False,False,"{65: 1, 137: 1, 36: 1, 95: 1, 16: 1, 93: 1, 109: 1, 94: 1, 112: 1, 124: 1, 45: 1, 99: 1, 61: 1, 140: 1, 141: 1, 108: 1, 149: 1, 55: 1, 125: 1, 33: 1}","[2671, 4367, 7875, 6821, 7664, 6506, 11784, 5941, 4221, 12384, 6740, 1395, 3878, 2090, 7770, 9067, 14815, 10121, 7958, 7970]",1860,20,0,False,20
2767,where are you from,how busy,102,False,False,False,"{65: 1, 137: 1, 36: 1, 95: 1, 16: 1, 93: 1, 109: 1, 94: 1, 112: 1, 124: 1, 45: 1, 99: 1, 61: 1, 140: 1, 141: 1, 108: 1, 149: 1, 55: 1, 125: 1, 33: 1}","[2671, 4367, 7875, 6821, 7664, 6506, 11784, 5941, 4221, 12384, 6740, 1395, 3878, 2090, 7770, 9067, 14815, 10121, 7958, 7970]",2767,20,0,False,20
2140,recipe,ingredient,134,False,False,False,"{65: 1, 137: 1, 36: 1, 95: 1, 16: 1, 93: 1, 109: 1, 94: 1, 112: 1, 124: 1, 45: 1, 99: 1, 61: 1, 140: 1, 141: 1, 108: 1, 149: 1, 55: 1, 125: 1, 33: 1}","[2671, 4367, 7875, 6821, 7664, 6506, 11784, 5941, 4221, 12384, 6740, 1395, 3878, 2090, 7770, 9067, 14815, 10121, 7958, 7970]",2140,20,0,False,20
427,time,time,4,False,True,False,"{65: 1, 137: 1, 36: 1, 95: 1, 16: 1, 93: 1, 109: 1, 94: 1, 112: 1, 124: 1, 45: 1, 99: 1, 61: 1, 140: 1, 141: 1, 108: 1, 149: 1, 55: 1, 125: 1, 33: 1}","[2671, 4367, 7875, 6821, 7664, 6506, 11784, 5941, 4221, 12384, 6740, 1395, 3878, 2090, 7770, 9067, 14815, 10121, 7958, 7970]",427,20,0,False,20
3982,calendar update,calendar update,105,False,True,False,"{65: 1, 137: 1, 36: 1, 95: 1, 16: 1, 93: 1, 109: 1, 94: 1, 112: 1, 124: 1, 45: 1, 99: 1, 61: 1, 140: 1, 141: 1, 108: 1, 149: 1, 55: 1, 125: 1, 33: 1}","[2671, 4367, 7875, 6821, 7664, 6506, 11784, 5941, 4221, 12384, 6740, 1395, 3878, 2090, 7770, 9067, 14815, 10121, 7958, 7970]",3982,20,0,False,20
509,flight status,flight,80,False,True,False,"{65: 1, 137: 1, 36: 1, 95: 1, 16: 1, 93: 1, 109: 1, 94: 1, 112: 1, 124: 1, 45: 1, 99: 1, 61: 1, 140: 1, 141: 1, 108: 1, 149: 1, 55: 1, 125: 1, 33: 1}","[2671, 4367, 7875, 6821, 7664, 6506, 11784, 5941, 4221, 12384, 6740, 1395, 3878, 2090, 7770, 9067, 14815, 10121, 7958, 7970]",509,20,0,False,20
726,oos,restaurant res,23,False,False,False,"{65: 1, 137: 1, 36: 1, 95: 1, 16: 1, 93: 1, 109: 1, 94: 1, 112: 1, 124: 1, 45: 1, 99: 1, 61: 1, 140: 1, 141: 1, 108: 1, 149: 1, 55: 1, 125: 1, 33: 1}","[2671, 4367, 7875, 6821, 7664, 6506, 11784, 5941, 4221, 12384, 6740, 1395, 3878, 2090, 7770, 9067, 14815, 10121, 7958, 7970]",726,20,0,False,20
1384,confirm reservation,yes,107,False,False,False,"{65: 1, 137: 1, 36: 1, 95: 1, 16: 1, 93: 1, 109: 1, 94: 1, 112: 1, 124: 1, 45: 1, 99: 1, 61: 1, 140: 1, 141: 1, 108: 1, 149: 1, 55: 1, 125: 1, 33: 1}","[2671, 4367, 7875, 6821, 7664, 6506, 11784, 5941, 4221, 12384, 6740, 1395, 3878, 2090, 7770, 9067, 14815, 10121, 7958, 7970]",1384,20,0,False,20
3426,travel suggestion,v,52,False,False,True,"{65: 1, 137: 1, 36: 1, 95: 1, 16: 1, 93: 1, 109: 1, 94: 1, 112: 1, 124: 1, 45: 1, 99: 1, 61: 1, 140: 1, 141: 1, 108: 1, 149: 1, 55: 1, 125: 1, 33: 1}","[2671, 4367, 7875, 6821, 7664, 6506, 11784, 5941, 4221, 12384, 6740, 1395, 3878, 2090, 7770, 9067, 14815, 10121, 7958, 7970]",3426,20,0,False,20
1407,yes,yes,107,False,True,False,"{65: 1, 137: 1, 36: 1, 95: 1, 16: 1, 93: 1, 109: 1, 94: 1, 112: 1, 124: 1, 45: 1, 99: 1, 61: 1, 140: 1, 141: 1, 108: 1, 149: 1, 55: 1, 125: 1, 33: 1}","[2671, 4367, 7875, 6821, 7664, 6506, 11784, 5941, 4221, 12384, 6740, 1395, 3878, 2090, 7770, 9067, 14815, 10121, 7958, 7970]",1407,20,0,False,20
3990,are you a bot,are,117,False,True,False,"{65: 1, 137: 1, 36: 1, 95: 1, 16: 1, 93: 1, 109: 1, 94: 1, 112: 1, 124: 1, 45: 1, 99: 1, 61: 1, 140: 1, 141: 1, 108: 1, 149: 1, 55: 1, 125: 1, 33: 1}","[2671, 4367, 7875, 6821, 7664, 6506, 11784, 5941, 4221, 12384, 6740, 1395, 3878, 2090, 7770, 9067, 14815, 10121, 7958, 7970]",3990,20,0,False,20
1600,no,no,30,False,True,False,"{65: 1, 137: 1, 36: 1, 95: 1, 16: 1, 93: 1, 109: 1, 94: 1, 112: 1, 124: 1, 45: 1, 99: 1, 61: 1, 140: 1, 141: 1, 108: 1, 149: 1, 55: 1, 125: 1, 33: 1}","[2671, 4367, 7875, 6821, 7664, 6506, 11784, 5941, 4221, 12384, 6740, 1395, 3878, 2090, 7770, 9067, 14815, 10121, 7958, 7970]",1600,20,0,False,20
4182,change ai name,change ai,55,True,True,False,"{65: 1, 137: 1, 36: 1, 95: 1, 16: 1, 93: 1, 109: 1, 94: 1, 112: 1, 124: 1, 45: 1, 99: 1, 61: 1, 140: 1, 141: 1, 108: 1, 149: 1, 55: 1, 125: 1, 33: 1}","[2671, 4367, 7875, 6821, 7664, 6506, 11784, 5941, 4221, 12384, 6740, 1395, 3878, 2090, 7770, 9067, 14815, 10121, 7958, 7970]",4182,20,0,False,20
3096,bill balance,report fra,70,False,False,False,"{65: 1, 137: 1, 36: 1, 95: 1, 16: 1, 93: 1, 109: 1, 94: 1, 112: 1, 124: 1, 45: 1, 99: 1, 61: 1, 140: 1, 141: 1, 108: 1, 149: 1, 55: 1, 125: 1, 33: 1}","[2671, 4367, 7875, 6821, 7664, 6506, 11784, 5941, 4221, 12384, 6740, 1395, 3878, 2090, 7770, 9067, 14815, 10121, 7958, 7970]",3096,20,0,False,20
638,what can i ask you,what can,115,False,True,False,"{65: 1, 137: 1, 36: 1, 95: 1, 16: 1, 93: 1, 109: 1, 94: 1, 112: 1, 124: 1, 45: 1, 99: 1, 61: 1, 140: 1, 141: 1, 108: 1, 149: 1, 55: 1, 125: 1, 33: 1}","[2671, 4367, 7875, 6821, 7664, 6506, 11784, 5941, 4221, 12384, 6740, 1395, 3878, 2090, 7770, 9067, 14815, 10121, 7958, 7970]",638,20,0,False,20
4536,how old are you,o,42,False,False,False,"{65: 1, 137: 1, 36: 1, 95: 1, 16: 1, 93: 1, 109: 1, 94: 1, 112: 1, 124: 1, 45: 1, 99: 1, 61: 1, 140: 1, 141: 1, 108: 1, 149: 1, 55: 1, 125: 1, 33: 1}","[2671, 4367, 7875, 6821, 7664, 6506, 11784, 5941, 4221, 12384, 6740, 1395, 3878, 2090, 7770, 9067, 14815, 10121, 7958, 7970]",4536,20,0,False,20
5423,weather,o,42,False,False,False,"{65: 1, 137: 1, 36: 1, 95: 1, 16: 1, 93: 1, 109: 1, 94: 1, 112: 1, 124: 1, 45: 1, 99: 1, 61: 1, 140: 1, 141: 1, 108: 1, 149: 1, 55: 1, 125: 1, 33: 1}","[2671, 4367, 7875, 6821, 7664, 6506, 11784, 5941, 4221, 12384, 6740, 1395, 3878, 2090, 7770, 9067, 14815, 10121, 7958, 7970]",5423,20,0,False,20
3046,meeting schedule,meeting,19,False,True,False,"{65: 1, 137: 1, 36: 1, 95: 1, 16: 1, 93: 1, 109: 1, 94: 1, 112: 1, 124: 1, 45: 1, 99: 1, 61: 1, 140: 1, 141: 1, 108: 1, 149: 1, 55: 1, 125: 1, 33: 1}","[2671, 4367, 7875, 6821, 7664, 6506, 11784, 5941, 4221, 12384, 6740, 1395, 3878, 2090, 7770, 9067, 14815, 10121, 7958, 7970]",3046,20,0,False,20
5045,date,o,42,False,False,True,"{65: 1, 137: 1, 36: 1, 95: 1, 16: 1, 93: 1, 109: 1, 94: 1, 112: 1, 124: 1, 45: 1, 99: 1, 61: 1, 140: 1, 141: 1, 108: 1, 149: 1, 55: 1, 125: 1, 33: 1}","[2671, 4367, 7875, 6821, 7664, 6506, 11784, 5941, 4221, 12384, 6740, 1395, 3878, 2090, 7770, 9067, 14815, 10121, 7958, 7970]",5045,20,0,False,20
4998,travel suggestion,o,42,False,False,True,"{65: 1, 137: 1, 36: 1, 95: 1, 16: 1, 93: 1, 109: 1, 94: 1, 112: 1, 124: 1, 45: 1, 99: 1, 61: 1, 140: 1, 141: 1, 108: 1, 149: 1, 55: 1, 125: 1, 33: 1}","[2671, 4367, 7875, 6821, 7664, 6506, 11784, 5941, 4221, 12384, 6740, 1395, 3878, 2090, 7770, 9067, 14815, 10121, 7958, 7970]",4998,20,0,False,20
2262,change ai name,change acc,51,False,False,False,"{65: 1, 137: 1, 36: 1, 95: 1, 16: 1, 93: 1, 109: 1, 94: 1, 112: 1, 124: 1, 45: 1, 99: 1, 61: 1, 140: 1, 141: 1, 108: 1, 149: 1, 55: 1, 125: 1, 33: 1}","[2671, 4367, 7875, 6821, 7664, 6506, 11784, 5941, 4221, 12384, 6740, 1395, 3878, 2090, 7770, 9067, 14815, 10121, 7958, 7970]",2262,20,0,False,20
211,travel alert,travel alert,128,False,True,False,"{65: 1, 137: 1, 36: 1, 95: 1, 16: 1, 93: 1, 109: 1, 94: 1, 112: 1, 124: 1, 45: 1, 99: 1, 61: 1, 140: 1, 141: 1, 108: 1, 149: 1, 55: 1, 125: 1, 33: 1}","[2671, 4367, 7875, 6821, 7664, 6506, 11784, 5941, 4221, 12384, 6740, 1395, 3878, 2090, 7770, 9067, 14815, 10121, 7958, 7970]",211,20,0,False,20
1011,next song,next song,118,False,True,False,"{65: 1, 137: 1, 36: 1, 95: 1, 16: 1, 93: 1, 109: 1, 94: 1, 112: 1, 124: 1, 45: 1, 99: 1, 61: 1, 140: 1, 141: 1, 108: 1, 149: 1, 55: 1, 125: 1, 33: 1}","[2671, 4367, 7875, 6821, 7664, 6506, 11784, 5941, 4221, 12384, 6740, 1395, 3878, 2090, 7770, 9067, 14815, 10121, 7958, 7970]",1011,20,0,False,20
2025,food last,food,54,False,True,False,"{65: 1, 137: 1, 36: 1, 95: 1, 16: 1, 93: 1, 109: 1, 94: 1, 112: 1, 124: 1, 45: 1, 99: 1, 61: 1, 140: 1, 141: 1, 108: 1, 149: 1, 55: 1, 125: 1, 33: 1}","[2671, 4367, 7875, 6821, 7664, 6506, 11784, 5941, 4221, 12384, 6740, 1395, 3878, 2090, 7770, 9067, 14815, 10121, 7958, 7970]",2025,20,0,False,20
658,what can i ask you,what can,115,False,True,False,"{65: 1, 137: 1, 36: 1, 95: 1, 16: 1, 93: 1, 109: 1, 94: 1, 112: 1, 124: 1, 45: 1, 99: 1, 61: 1, 140: 1, 141: 1, 108: 1, 149: 1, 55: 1, 125: 1, 33: 1}","[2671, 4367, 7875, 6821, 7664, 6506, 11784, 5941, 4221, 12384, 6740, 1395, 3878, 2090, 7770, 9067, 14815, 10121, 7958, 7970]",658,20,0,False,20
1762,do you have pets,calcul,138,False,False,False,"{65: 1, 137: 1, 36: 1, 95: 1, 16: 1, 93: 1, 109: 1, 94: 1, 112: 1, 124: 1, 45: 1, 99: 1, 61: 1, 140: 1, 141: 1, 108: 1, 149: 1, 55: 1, 125: 1, 33: 1}","[2671, 4367, 7875, 6821, 7664, 6506, 11784, 5941, 4221, 12384, 6740, 1395, 3878, 2090, 7770, 9067, 14815, 10121, 7958, 7970]",1762,20,0,False,20
4837,how old are you,o,42,False,False,False,"{65: 1, 137: 1, 36: 1, 95: 1, 16: 1, 93: 1, 109: 1, 94: 1, 112: 1, 124: 1, 45: 1, 99: 1, 61: 1, 140: 1, 141: 1, 108: 1, 149: 1, 55: 1, 125: 1, 33: 1}","[2671, 4367, 7875, 6821, 7664, 6506, 11784, 5941, 4221, 12384, 6740, 1395, 3878, 2090, 7770, 9067, 14815, 10121, 7958, 7970]",4837,20,0,False,20
305,fun fact,fun,129,False,True,False,"{65: 1, 137: 1, 36: 1, 95: 1, 16: 1, 93: 1, 109: 1, 94: 1, 112: 1, 124: 1, 45: 1, 99: 1, 61: 1, 140: 1, 141: 1, 108: 1, 149: 1, 55: 1, 125: 1, 33: 1}","[2671, 4367, 7875, 6821, 7664, 6506, 11784, 5941, 4221, 12384, 6740, 1395, 3878, 2090, 7770, 9067, 14815, 10121, 7958, 7970]",305,20,0,False,20
1366,oil change when,oil change when,123,False,True,False,"{65: 1, 137: 1, 36: 1, 95: 1, 16: 1, 93: 1, 109: 1, 94: 1, 112: 1, 124: 1, 45: 1, 99: 1, 61: 1, 140: 1, 141: 1, 108: 1, 149: 1, 55: 1, 125: 1, 33: 1}","[2671, 4367, 7875, 6821, 7664, 6506, 11784, 5941, 4221, 12384, 6740, 1395, 3878, 2090, 7770, 9067, 14815, 10121, 7958, 7970]",1366,20,0,False,20
1617,no,no,30,False,True,False,"{65: 1, 137: 1, 36: 1, 95: 1, 16: 1, 93: 1, 109: 1, 94: 1, 112: 1, 124: 1, 45: 1, 99: 1, 61: 1, 140: 1, 141: 1, 108: 1, 149: 1, 55: 1, 125: 1, 33: 1}","[2671, 4367, 7875, 6821, 7664, 6506, 11784, 5941, 4221, 12384, 6740, 1395, 3878, 2090, 7770, 9067, 14815, 10121, 7958, 7970]",1617,20,0,False,20
367,payday,payday,79,False,True,False,"{65: 1, 137: 1, 36: 1, 95: 1, 16: 1, 93: 1, 109: 1, 94: 1, 112: 1, 124: 1, 45: 1, 99: 1, 61: 1, 140: 1, 141: 1, 108: 1, 149: 1, 55: 1, 125: 1, 33: 1}","[2671, 4367, 7875, 6821, 7664, 6506, 11784, 5941, 4221, 12384, 6740, 1395, 3878, 2090, 7770, 9067, 14815, 10121, 7958, 7970]",367,20,0,False,20
4221,tell joke,how old,99,True,False,False,"{65: 1, 137: 1, 36: 1, 95: 1, 16: 1, 93: 1, 109: 1, 94: 1, 112: 1, 124: 1, 45: 1, 99: 1, 61: 1, 140: 1, 141: 1, 108: 1, 149: 1, 55: 1, 125: 1, 33: 1}","[2671, 4367, 7875, 6821, 7664, 6506, 11784, 5941, 4221, 12384, 6740, 1395, 3878, 2090, 7770, 9067, 14815, 10121, 7958, 7970]",4221,20,0,False,20
3819,text,text,26,False,True,False,"{65: 1, 137: 1, 36: 1, 95: 1, 16: 1, 93: 1, 109: 1, 94: 1, 112: 1, 124: 1, 45: 1, 99: 1, 61: 1, 140: 1, 141: 1, 108: 1, 149: 1, 55: 1, 125: 1, 33: 1}","[2671, 4367, 7875, 6821, 7664, 6506, 11784, 5941, 4221, 12384, 6740, 1395, 3878, 2090, 7770, 9067, 14815, 10121, 7958, 7970]",3819,20,0,False,20
1148,spending history,spending,71,False,True,False,"{65: 1, 137: 1, 36: 1, 95: 1, 16: 1, 93: 1, 109: 1, 94: 1, 112: 1, 124: 1, 45: 1, 99: 1, 61: 1, 140: 1, 141: 1, 108: 1, 149: 1, 55: 1, 125: 1, 33: 1}","[2671, 4367, 7875, 6821, 7664, 6506, 11784, 5941, 4221, 12384, 6740, 1395, 3878, 2090, 7770, 9067, 14815, 10121, 7958, 7970]",1148,20,0,False,20
449,time,time,4,False,True,False,"{65: 1, 137: 1, 36: 1, 95: 1, 16: 1, 93: 1, 109: 1, 94: 1, 112: 1, 124: 1, 45: 1, 99: 1, 61: 1, 140: 1, 141: 1, 108: 1, 149: 1, 55: 1, 125: 1, 33: 1}","[2671, 4367, 7875, 6821, 7664, 6506, 11784, 5941, 4221, 12384, 6740, 1395, 3878, 2090, 7770, 9067, 14815, 10121, 7958, 7970]",449,20,0,False,20
191,lost luggage,find,81,False,False,False,"{65: 1, 137: 1, 36: 1, 95: 1, 16: 1, 93: 1, 109: 1, 94: 1, 112: 1, 124: 1, 45: 1, 99: 1, 61: 1, 140: 1, 141: 1, 108: 1, 149: 1, 55: 1, 125: 1, 33: 1}","[2671, 4367, 7875, 6821, 7664, 6506, 11784, 5941, 4221, 12384, 6740, 1395, 3878, 2090, 7770, 9067, 14815, 10121, 7958, 7970]",191,20,0,False,20
1431,travel suggestion,travel suggestion,149,True,True,True,"{65: 1, 137: 1, 36: 1, 95: 1, 16: 1, 93: 1, 109: 1, 94: 1, 112: 1, 124: 1, 45: 1, 99: 1, 61: 1, 140: 1, 141: 1, 108: 1, 149: 1, 55: 1, 125: 1, 33: 1}","[2671, 4367, 7875, 6821, 7664, 6506, 11784, 5941, 4221, 12384, 6740, 1395, 3878, 2090, 7770, 9067, 14815, 10121, 7958, 7970]",1431,20,0,False,20
3440,vaccines,v,52,False,True,False,"{65: 1, 137: 1, 36: 1, 95: 1, 16: 1, 93: 1, 109: 1, 94: 1, 112: 1, 124: 1, 45: 1, 99: 1, 61: 1, 140: 1, 141: 1, 108: 1, 149: 1, 55: 1, 125: 1, 33: 1}","[2671, 4367, 7875, 6821, 7664, 6506, 11784, 5941, 4221, 12384, 6740, 1395, 3878, 2090, 7770, 9067, 14815, 10121, 7958, 7970]",3440,20,0,False,20
5098,find phone,o,42,False,False,False,"{65: 1, 137: 1, 36: 1, 95: 1, 16: 1, 93: 1, 109: 1, 94: 1, 112: 1, 124: 1, 45: 1, 99: 1, 61: 1, 140: 1, 141: 1, 108: 1, 149: 1, 55: 1, 125: 1, 33: 1}","[2671, 4367, 7875, 6821, 7664, 6506, 11784, 5941, 4221, 12384, 6740, 1395, 3878, 2090, 7770, 9067, 14815, 10121, 7958, 7970]",5098,20,0,False,20
4072,credit limit change,exp,44,False,False,True,"{65: 1, 137: 1, 36: 1, 95: 1, 16: 1, 93: 1, 109: 1, 94: 1, 112: 1, 124: 1, 45: 1, 99: 1, 61: 1, 140: 1, 141: 1, 108: 1, 149: 1, 55: 1, 125: 1, 33: 1}","[2671, 4367, 7875, 6821, 7664, 6506, 11784, 5941, 4221, 12384, 6740, 1395, 3878, 2090, 7770, 9067, 14815, 10121, 7958, 7970]",4072,20,0,False,20
2483,do you have pets,do,34,False,True,False,"{65: 1, 137: 1, 36: 1, 95: 1, 16: 1, 93: 1, 109: 1, 94: 1, 112: 1, 124: 1, 45: 1, 99: 1, 61: 1, 140: 1, 141: 1, 108: 1, 149: 1, 55: 1, 125: 1, 33: 1}","[2671, 4367, 7875, 6821, 7664, 6506, 11784, 5941, 4221, 12384, 6740, 1395, 3878, 2090, 7770, 9067, 14815, 10121, 7958, 7970]",2483,20,0,False,20
675,no,maybe,121,False,False,False,"{65: 1, 137: 1, 36: 1, 95: 1, 16: 1, 93: 1, 109: 1, 94: 1, 112: 1, 124: 1, 45: 1, 99: 1, 61: 1, 140: 1, 141: 1, 108: 1, 149: 1, 55: 1, 125: 1, 33: 1}","[2671, 4367, 7875, 6821, 7664, 6506, 11784, 5941, 4221, 12384, 6740, 1395, 3878, 2090, 7770, 9067, 14815, 10121, 7958, 7970]",675,20,0,False,20
1773,date,date,95,True,True,True,"{65: 1, 137: 1, 36: 1, 95: 1, 16: 1, 93: 1, 109: 1, 94: 1, 112: 1, 124: 1, 45: 1, 99: 1, 61: 1, 140: 1, 141: 1, 108: 1, 149: 1, 55: 1, 125: 1, 33: 1}","[2671, 4367, 7875, 6821, 7664, 6506, 11784, 5941, 4221, 12384, 6740, 1395, 3878, 2090, 7770, 9067, 14815, 10121, 7958, 7970]",1773,20,0,False,20
1541,change speed,change speed,119,False,True,False,"{65: 1, 137: 1, 36: 1, 95: 1, 16: 1, 93: 1, 109: 1, 94: 1, 112: 1, 124: 1, 45: 1, 99: 1, 61: 1, 140: 1, 141: 1, 108: 1, 149: 1, 55: 1, 125: 1, 33: 1}","[2671, 4367, 7875, 6821, 7664, 6506, 11784, 5941, 4221, 12384, 6740, 1395, 3878, 2090, 7770, 9067, 14815, 10121, 7958, 7970]",1541,20,0,False,20
549,change ai name,change user,144,False,False,False,"{65: 1, 137: 1, 36: 1, 95: 1, 16: 1, 93: 1, 109: 1, 94: 1, 112: 1, 124: 1, 45: 1, 99: 1, 61: 1, 140: 1, 141: 1, 108: 1, 149: 1, 55: 1, 125: 1, 33: 1}","[2671, 4367, 7875, 6821, 7664, 6506, 11784, 5941, 4221, 12384, 6740, 1395, 3878, 2090, 7770, 9067, 14815, 10121, 7958, 7970]",549,20,0,False,20
19,translate,translate,61,True,True,True,"{65: 1, 137: 1, 36: 1, 95: 1, 16: 1, 93: 1, 109: 1, 94: 1, 112: 1, 124: 1, 45: 1, 99: 1, 61: 1, 140: 1, 141: 1, 108: 1, 149: 1, 55: 1, 125: 1, 33: 1}","[2671, 4367, 7875, 6821, 7664, 6506, 11784, 5941, 4221, 12384, 6740, 1395, 3878, 2090, 7770, 9067, 14815, 10121, 7958, 7970]",19,20,0,False,20
2953,find phone,what song,21,False,False,False,"{65: 1, 137: 1, 36: 1, 95: 1, 16: 1, 93: 1, 109: 1, 94: 1, 112: 1, 124: 1, 45: 1, 99: 1, 61: 1, 140: 1, 141: 1, 108: 1, 149: 1, 55: 1, 125: 1, 33: 1}","[2671, 4367, 7875, 6821, 7664, 6506, 11784, 5941, 4221, 12384, 6740, 1395, 3878, 2090, 7770, 9067, 14815, 10121, 7958, 7970]",2953,20,0,False,20
738,make call,restaurant res,23,False,False,False,"{65: 1, 137: 1, 36: 1, 95: 1, 16: 1, 93: 1, 109: 1, 94: 1, 112: 1, 124: 1, 45: 1, 99: 1, 61: 1, 140: 1, 141: 1, 108: 1, 149: 1, 55: 1, 125: 1, 33: 1}","[2671, 4367, 7875, 6821, 7664, 6506, 11784, 5941, 4221, 12384, 6740, 1395, 3878, 2090, 7770, 9067, 14815, 10121, 7958, 7970]",738,20,0,False,20
1909,travel notification,travel notification,146,False,True,False,"{65: 1, 137: 1, 36: 1, 95: 1, 16: 1, 93: 1, 109: 1, 94: 1, 112: 1, 124: 1, 45: 1, 99: 1, 61: 1, 140: 1, 141: 1, 108: 1, 149: 1, 55: 1, 125: 1, 33: 1}","[2671, 4367, 7875, 6821, 7664, 6506, 11784, 5941, 4221, 12384, 6740, 1395, 3878, 2090, 7770, 9067, 14815, 10121, 7958, 7970]",1909,20,0,False,20
2779,mpg,how busy,102,False,False,False,"{65: 1, 137: 1, 36: 1, 95: 1, 16: 1, 93: 1, 109: 1, 94: 1, 112: 1, 124: 1, 45: 1, 99: 1, 61: 1, 140: 1, 141: 1, 108: 1, 149: 1, 55: 1, 125: 1, 33: 1}","[2671, 4367, 7875, 6821, 7664, 6506, 11784, 5941, 4221, 12384, 6740, 1395, 3878, 2090, 7770, 9067, 14815, 10121, 7958, 7970]",2779,20,0,False,20
2177,make call,make,25,False,True,False,"{65: 1, 137: 1, 36: 1, 95: 1, 16: 1, 93: 1, 109: 1, 94: 1, 112: 1, 124: 1, 45: 1, 99: 1, 61: 1, 140: 1, 141: 1, 108: 1, 149: 1, 55: 1, 125: 1, 33: 1}","[2671, 4367, 7875, 6821, 7664, 6506, 11784, 5941, 4221, 12384, 6740, 1395, 3878, 2090, 7770, 9067, 14815, 10121, 7958, 7970]",2177,20,0,False,20
146,meaning of life,meaning,22,False,True,False,"{65: 1, 137: 1, 36: 1, 95: 1, 16: 1, 93: 1, 109: 1, 94: 1, 112: 1, 124: 1, 45: 1, 99: 1, 61: 1, 140: 1, 141: 1, 108: 1, 149: 1, 55: 1, 125: 1, 33: 1}","[2671, 4367, 7875, 6821, 7664, 6506, 11784, 5941, 4221, 12384, 6740, 1395, 3878, 2090, 7770, 9067, 14815, 10121, 7958, 7970]",146,20,0,False,20
4110,cancel reservation,cancel res,67,False,True,False,"{65: 1, 137: 1, 36: 1, 95: 1, 16: 1, 93: 1, 109: 1, 94: 1, 112: 1, 124: 1, 45: 1, 99: 1, 61: 1, 140: 1, 141: 1, 108: 1, 149: 1, 55: 1, 125: 1, 33: 1}","[2671, 4367, 7875, 6821, 7664, 6506, 11784, 5941, 4221, 12384, 6740, 1395, 3878, 2090, 7770, 9067, 14815, 10121, 7958, 7970]",4110,20,0,False,20
5206,find phone,o,42,False,False,False,"{65: 1, 137: 1, 36: 1, 95: 1, 16: 1, 93: 1, 109: 1, 94: 1, 112: 1, 124: 1, 45: 1, 99: 1, 61: 1, 140: 1, 141: 1, 108: 1, 149: 1, 55: 1, 125: 1, 33: 1}","[2671, 4367, 7875, 6821, 7664, 6506, 11784, 5941, 4221, 12384, 6740, 1395, 3878, 2090, 7770, 9067, 14815, 10121, 7958, 7970]",5206,20,0,False,20
4081,update playlist,update,141,True,True,False,"{65: 1, 137: 1, 36: 1, 95: 1, 16: 1, 93: 1, 109: 1, 94: 1, 112: 1, 124: 1, 45: 1, 99: 1, 61: 1, 140: 1, 141: 1, 108: 1, 149: 1, 55: 1, 125: 1, 33: 1}","[2671, 4367, 7875, 6821, 7664, 6506, 11784, 5941, 4221, 12384, 6740, 1395, 3878, 2090, 7770, 9067, 14815, 10121, 7958, 7970]",4081,20,0,False,20
143,what is your name,meaning,22,False,False,False,"{65: 1, 137: 1, 36: 1, 95: 1, 16: 1, 93: 1, 109: 1, 94: 1, 112: 1, 124: 1, 45: 1, 99: 1, 61: 1, 140: 1, 141: 1, 108: 1, 149: 1, 55: 1, 125: 1, 33: 1}","[2671, 4367, 7875, 6821, 7664, 6506, 11784, 5941, 4221, 12384, 6740, 1395, 3878, 2090, 7770, 9067, 14815, 10121, 7958, 7970]",143,20,0,False,20
1661,nutrition info,nut,1,False,True,False,"{65: 1, 137: 1, 36: 1, 95: 1, 16: 1, 93: 1, 109: 1, 94: 1, 112: 1, 124: 1, 45: 1, 99: 1, 61: 1, 140: 1, 141: 1, 108: 1, 149: 1, 55: 1, 125: 1, 33: 1}","[2671, 4367, 7875, 6821, 7664, 6506, 11784, 5941, 4221, 12384, 6740, 1395, 3878, 2090, 7770, 9067, 14815, 10121, 7958, 7970]",1661,20,0,False,20
3363,cancel,cancel,147,False,True,False,"{65: 1, 137: 1, 36: 1, 95: 1, 16: 1, 93: 1, 109: 1, 94: 1, 112: 1, 124: 1, 45: 1, 99: 1, 61: 1, 140: 1, 141: 1, 108: 1, 149: 1, 55: 1, 125: 1, 33: 1}","[2671, 4367, 7875, 6821, 7664, 6506, 11784, 5941, 4221, 12384, 6740, 1395, 3878, 2090, 7770, 9067, 14815, 10121, 7958, 7970]",3363,20,0,False,20
4482,card declined,card,49,False,True,False,"{65: 1, 137: 1, 36: 1, 95: 1, 16: 1, 93: 1, 109: 1, 94: 1, 112: 1, 124: 1, 45: 1, 99: 1, 61: 1, 140: 1, 141: 1, 108: 1, 149: 1, 55: 1, 125: 1, 33: 1}","[2671, 4367, 7875, 6821, 7664, 6506, 11784, 5941, 4221, 12384, 6740, 1395, 3878, 2090, 7770, 9067, 14815, 10121, 7958, 7970]",4482,20,0,False,20
2374,report lost card,dam,87,False,False,False,"{65: 1, 137: 1, 36: 1, 95: 1, 16: 1, 93: 1, 109: 1, 94: 1, 112: 1, 124: 1, 45: 1, 99: 1, 61: 1, 140: 1, 141: 1, 108: 1, 149: 1, 55: 1, 125: 1, 33: 1}","[2671, 4367, 7875, 6821, 7664, 6506, 11784, 5941, 4221, 12384, 6740, 1395, 3878, 2090, 7770, 9067, 14815, 10121, 7958, 7970]",2374,20,0,False,20
4413,traffic,traffic,24,False,True,False,"{65: 1, 137: 1, 36: 1, 95: 1, 16: 1, 93: 1, 109: 1, 94: 1, 112: 1, 124: 1, 45: 1, 99: 1, 61: 1, 140: 1, 141: 1, 108: 1, 149: 1, 55: 1, 125: 1, 33: 1}","[2671, 4367, 7875, 6821, 7664, 6506, 11784, 5941, 4221, 12384, 6740, 1395, 3878, 2090, 7770, 9067, 14815, 10121, 7958, 7970]",4413,20,0,False,20
1430,travel suggestion,travel suggestion,149,True,True,True,"{65: 1, 137: 1, 36: 1, 95: 1, 16: 1, 93: 1, 109: 1, 94: 1, 112: 1, 124: 1, 45: 1, 99: 1, 61: 1, 140: 1, 141: 1, 108: 1, 149: 1, 55: 1, 125: 1, 33: 1}","[2671, 4367, 7875, 6821, 7664, 6506, 11784, 5941, 4221, 12384, 6740, 1395, 3878, 2090, 7770, 9067, 14815, 10121, 7958, 7970]",1430,20,0,False,20
1359,oil change when,oil change when,123,False,True,False,"{65: 1, 137: 1, 36: 1, 95: 1, 16: 1, 93: 1, 109: 1, 94: 1, 112: 1, 124: 1, 45: 1, 99: 1, 61: 1, 140: 1, 141: 1, 108: 1, 149: 1, 55: 1, 125: 1, 33: 1}","[2671, 4367, 7875, 6821, 7664, 6506, 11784, 5941, 4221, 12384, 6740, 1395, 3878, 2090, 7770, 9067, 14815, 10121, 7958, 7970]",1359,20,0,False,20
5196,make call,o,42,False,False,False,"{65: 1, 137: 1, 36: 1, 95: 1, 16: 1, 93: 1, 109: 1, 94: 1, 112: 1, 124: 1, 45: 1, 99: 1, 61: 1, 140: 1, 141: 1, 108: 1, 149: 1, 55: 1, 125: 1, 33: 1}","[2671, 4367, 7875, 6821, 7664, 6506, 11784, 5941, 4221, 12384, 6740, 1395, 3878, 2090, 7770, 9067, 14815, 10121, 7958, 7970]",5196,20,0,False,20
1566,tire pressure,tire pressure,98,False,True,False,"{65: 1, 137: 1, 36: 1, 95: 1, 16: 1, 93: 1, 109: 1, 94: 1, 112: 1, 124: 1, 45: 1, 99: 1, 61: 1, 140: 1, 141: 1, 108: 1, 149: 1, 55: 1, 125: 1, 33: 1}","[2671, 4367, 7875, 6821, 7664, 6506, 11784, 5941, 4221, 12384, 6740, 1395, 3878, 2090, 7770, 9067, 14815, 10121, 7958, 7970]",1566,20,0,False,20
1861,oil change when,schedule maintenance,131,False,False,False,"{65: 1, 137: 1, 36: 1, 95: 1, 16: 1, 93: 1, 109: 1, 94: 1, 112: 1, 124: 1, 45: 1, 99: 1, 61: 1, 140: 1, 141: 1, 108: 1, 149: 1, 55: 1, 125: 1, 33: 1}","[2671, 4367, 7875, 6821, 7664, 6506, 11784, 5941, 4221, 12384, 6740, 1395, 3878, 2090, 7770, 9067, 14815, 10121, 7958, 7970]",1861,20,0,False,20
4431,traffic,traffic,24,False,True,False,"{65: 1, 137: 1, 36: 1, 95: 1, 16: 1, 93: 1, 109: 1, 94: 1, 112: 1, 124: 1, 45: 1, 99: 1, 61: 1, 140: 1, 141: 1, 108: 1, 149: 1, 55: 1, 125: 1, 33: 1}","[2671, 4367, 7875, 6821, 7664, 6506, 11784, 5941, 4221, 12384, 6740, 1395, 3878, 2090, 7770, 9067, 14815, 10121, 7958, 7970]",4431,20,0,False,20
4982,weather,o,42,False,False,False,"{65: 1, 137: 1, 36: 1, 95: 1, 16: 1, 93: 1, 109: 1, 94: 1, 112: 1, 124: 1, 45: 1, 99: 1, 61: 1, 140: 1, 141: 1, 108: 1, 149: 1, 55: 1, 125: 1, 33: 1}","[2671, 4367, 7875, 6821, 7664, 6506, 11784, 5941, 4221, 12384, 6740, 1395, 3878, 2090, 7770, 9067, 14815, 10121, 7958, 7970]",4982,20,0,False,20
1729,uber,u,39,False,True,False,"{65: 1, 137: 1, 36: 1, 95: 1, 16: 1, 93: 1, 109: 1, 94: 1, 112: 1, 124: 1, 45: 1, 99: 1, 61: 1, 140: 1, 141: 1, 108: 1, 149: 1, 55: 1, 125: 1, 33: 1}","[2671, 4367, 7875, 6821, 7664, 6506, 11784, 5941, 4221, 12384, 6740, 1395, 3878, 2090, 7770, 9067, 14815, 10121, 7958, 7970]",1729,20,0,False,20
4025,travel suggestion,gas,110,False,False,True,"{65: 1, 137: 1, 36: 1, 95: 1, 16: 1, 93: 1, 109: 1, 94: 1, 112: 1, 124: 1, 45: 1, 99: 1, 61: 1, 140: 1, 141: 1, 108: 1, 149: 1, 55: 1, 125: 1, 33: 1}","[2671, 4367, 7875, 6821, 7664, 6506, 11784, 5941, 4221, 12384, 6740, 1395, 3878, 2090, 7770, 9067, 14815, 10121, 7958, 7970]",4025,20,0,False,20
4112,cancel reservation,cancel res,67,False,True,False,"{65: 1, 137: 1, 36: 1, 95: 1, 16: 1, 93: 1, 109: 1, 94: 1, 112: 1, 124: 1, 45: 1, 99: 1, 61: 1, 140: 1, 141: 1, 108: 1, 149: 1, 55: 1, 125: 1, 33: 1}","[2671, 4367, 7875, 6821, 7664, 6506, 11784, 5941, 4221, 12384, 6740, 1395, 3878, 2090, 7770, 9067, 14815, 10121, 7958, 7970]",4112,20,0,False,20
1321,gas,m,142,False,False,False,"{65: 1, 137: 1, 36: 1, 95: 1, 16: 1, 93: 1, 109: 1, 94: 1, 112: 1, 124: 1, 45: 1, 99: 1, 61: 1, 140: 1, 141: 1, 108: 1, 149: 1, 55: 1, 125: 1, 33: 1}","[2671, 4367, 7875, 6821, 7664, 6506, 11784, 5941, 4221, 12384, 6740, 1395, 3878, 2090, 7770, 9067, 14815, 10121, 7958, 7970]",1321,20,0,False,20
5364,text,o,42,False,False,False,"{65: 1, 137: 1, 36: 1, 95: 1, 16: 1, 93: 1, 109: 1, 94: 1, 112: 1, 124: 1, 45: 1, 99: 1, 61: 1, 140: 1, 141: 1, 108: 1, 149: 1, 55: 1, 125: 1, 33: 1}","[2671, 4367, 7875, 6821, 7664, 6506, 11784, 5941, 4221, 12384, 6740, 1395, 3878, 2090, 7770, 9067, 14815, 10121, 7958, 7970]",5364,20,0,False,20
4568,spending history,o,42,False,False,False,"{65: 1, 137: 1, 36: 1, 95: 1, 16: 1, 93: 1, 109: 1, 94: 1, 112: 1, 124: 1, 45: 1, 99: 1, 61: 1, 140: 1, 141: 1, 108: 1, 149: 1, 55: 1, 125: 1, 33: 1}","[2671, 4367, 7875, 6821, 7664, 6506, 11784, 5941, 4221, 12384, 6740, 1395, 3878, 2090, 7770, 9067, 14815, 10121, 7958, 7970]",4568,20,0,False,20
4641,how old are you,o,42,False,False,False,"{65: 1, 137: 1, 36: 1, 95: 1, 16: 1, 93: 1, 109: 1, 94: 1, 112: 1, 124: 1, 45: 1, 99: 1, 61: 1, 140: 1, 141: 1, 108: 1, 149: 1, 55: 1, 125: 1, 33: 1}","[2671, 4367, 7875, 6821, 7664, 6506, 11784, 5941, 4221, 12384, 6740, 1395, 3878, 2090, 7770, 9067, 14815, 10121, 7958, 7970]",4641,20,0,False,20
3840,balance,bill balance,27,False,False,False,"{65: 1, 137: 1, 36: 1, 95: 1, 16: 1, 93: 1, 109: 1, 94: 1, 112: 1, 124: 1, 45: 1, 99: 1, 61: 1, 140: 1, 141: 1, 108: 1, 149: 1, 55: 1, 125: 1, 33: 1}","[2671, 4367, 7875, 6821, 7664, 6506, 11784, 5941, 4221, 12384, 6740, 1395, 3878, 2090, 7770, 9067, 14815, 10121, 7958, 7970]",3840,20,0,False,20
851,rollover 401k,rol,100,False,True,False,"{65: 1, 137: 1, 36: 1, 95: 1, 16: 1, 93: 1, 109: 1, 94: 1, 112: 1, 124: 1, 45: 1, 99: 1, 61: 1, 140: 1, 141: 1, 108: 1, 149: 1, 55: 1, 125: 1, 33: 1}","[2671, 4367, 7875, 6821, 7664, 6506, 11784, 5941, 4221, 12384, 6740, 1395, 3878, 2090, 7770, 9067, 14815, 10121, 7958, 7970]",851,20,0,False,20
369,payday,payday,79,False,True,False,"{65: 1, 137: 1, 36: 1, 95: 1, 16: 1, 93: 1, 109: 1, 94: 1, 112: 1, 124: 1, 45: 1, 99: 1, 61: 1, 140: 1, 141: 1, 108: 1, 149: 1, 55: 1, 125: 1, 33: 1}","[2671, 4367, 7875, 6821, 7664, 6506, 11784, 5941, 4221, 12384, 6740, 1395, 3878, 2090, 7770, 9067, 14815, 10121, 7958, 7970]",369,20,0,False,20
930,meal suggestion,user,11,False,False,False,"{65: 1, 137: 1, 36: 1, 95: 1, 16: 1, 93: 1, 109: 1, 94: 1, 112: 1, 124: 1, 45: 1, 99: 1, 61: 1, 140: 1, 141: 1, 108: 1, 149: 1, 55: 1, 125: 1, 33: 1}","[2671, 4367, 7875, 6821, 7664, 6506, 11784, 5941, 4221, 12384, 6740, 1395, 3878, 2090, 7770, 9067, 14815, 10121, 7958, 7970]",930,20,0,False,20
472,credit limit change,application,103,False,False,True,"{65: 1, 137: 1, 36: 1, 95: 1, 16: 1, 93: 1, 109: 1, 94: 1, 112: 1, 124: 1, 45: 1, 99: 1, 61: 1, 140: 1, 141: 1, 108: 1, 149: 1, 55: 1, 125: 1, 33: 1}","[2671, 4367, 7875, 6821, 7664, 6506, 11784, 5941, 4221, 12384, 6740, 1395, 3878, 2090, 7770, 9067, 14815, 10121, 7958, 7970]",472,20,0,False,20
2302,w2,w,122,False,True,False,"{65: 1, 137: 1, 36: 1, 95: 1, 16: 1, 93: 1, 109: 1, 94: 1, 112: 1, 124: 1, 45: 1, 99: 1, 61: 1, 140: 1, 141: 1, 108: 1, 149: 1, 55: 1, 125: 1, 33: 1}","[2671, 4367, 7875, 6821, 7664, 6506, 11784, 5941, 4221, 12384, 6740, 1395, 3878, 2090, 7770, 9067, 14815, 10121, 7958, 7970]",2302,20,0,False,20
308,tell joke,fun,129,False,False,False,"{65: 1, 137: 1, 36: 1, 95: 1, 16: 1, 93: 1, 109: 1, 94: 1, 112: 1, 124: 1, 45: 1, 99: 1, 61: 1, 140: 1, 141: 1, 108: 1, 149: 1, 55: 1, 125: 1, 33: 1}","[2671, 4367, 7875, 6821, 7664, 6506, 11784, 5941, 4221, 12384, 6740, 1395, 3878, 2090, 7770, 9067, 14815, 10121, 7958, 7970]",308,20,0,False,20
2434,routing,routing,45,True,True,True,"{65: 1, 137: 1, 36: 1, 95: 1, 16: 1, 93: 1, 109: 1, 94: 1, 112: 1, 124: 1, 45: 1, 99: 1, 61: 1, 140: 1, 141: 1, 108: 1, 149: 1, 55: 1, 125: 1, 33: 1}","[2671, 4367, 7875, 6821, 7664, 6506, 11784, 5941, 4221, 12384, 6740, 1395, 3878, 2090, 7770, 9067, 14815, 10121, 7958, 7970]",2434,20,0,False,20
2824,find phone,order status,84,False,False,False,"{65: 1, 137: 1, 36: 1, 95: 1, 16: 1, 93: 1, 109: 1, 94: 1, 112: 1, 124: 1, 45: 1, 99: 1, 61: 1, 140: 1, 141: 1, 108: 1, 149: 1, 55: 1, 125: 1, 33: 1}","[2671, 4367, 7875, 6821, 7664, 6506, 11784, 5941, 4221, 12384, 6740, 1395, 3878, 2090, 7770, 9067, 14815, 10121, 7958, 7970]",2824,20,0,False,20
3151,change ai name,smart,10,False,False,False,"{65: 1, 137: 1, 36: 1, 95: 1, 16: 1, 93: 1, 109: 1, 94: 1, 112: 1, 124: 1, 45: 1, 99: 1, 61: 1, 140: 1, 141: 1, 108: 1, 149: 1, 55: 1, 125: 1, 33: 1}","[2671, 4367, 7875, 6821, 7664, 6506, 11784, 5941, 4221, 12384, 6740, 1395, 3878, 2090, 7770, 9067, 14815, 10121, 7958, 7970]",3151,20,0,False,20
4096,update playlist,update,141,True,True,False,"{65: 1, 137: 1, 36: 1, 95: 1, 16: 1, 93: 1, 109: 1, 94: 1, 112: 1, 124: 1, 45: 1, 99: 1, 61: 1, 140: 1, 141: 1, 108: 1, 149: 1, 55: 1, 125: 1, 33: 1}","[2671, 4367, 7875, 6821, 7664, 6506, 11784, 5941, 4221, 12384, 6740, 1395, 3878, 2090, 7770, 9067, 14815, 10121, 7958, 7970]",4096,20,0,False,20
3493,gas,directions,72,False,False,False,"{65: 1, 137: 1, 36: 1, 95: 1, 16: 1, 93: 1, 109: 1, 94: 1, 112: 1, 124: 1, 45: 1, 99: 1, 61: 1, 140: 1, 141: 1, 108: 1, 149: 1, 55: 1, 125: 1, 33: 1}","[2671, 4367, 7875, 6821, 7664, 6506, 11784, 5941, 4221, 12384, 6740, 1395, 3878, 2090, 7770, 9067, 14815, 10121, 7958, 7970]",3493,20,0,False,20
2897,goodbye,good,114,False,True,False,"{65: 1, 137: 1, 36: 1, 95: 1, 16: 1, 93: 1, 109: 1, 94: 1, 112: 1, 124: 1, 45: 1, 99: 1, 61: 1, 140: 1, 141: 1, 108: 1, 149: 1, 55: 1, 125: 1, 33: 1}","[2671, 4367, 7875, 6821, 7664, 6506, 11784, 5941, 4221, 12384, 6740, 1395, 3878, 2090, 7770, 9067, 14815, 10121, 7958, 7970]",2897,20,0,False,20
2794,restaurant reservation,accept,9,False,False,False,"{65: 1, 137: 1, 36: 1, 95: 1, 16: 1, 93: 1, 109: 1, 94: 1, 112: 1, 124: 1, 45: 1, 99: 1, 61: 1, 140: 1, 141: 1, 108: 1, 149: 1, 55: 1, 125: 1, 33: 1}","[2671, 4367, 7875, 6821, 7664, 6506, 11784, 5941, 4221, 12384, 6740, 1395, 3878, 2090, 7770, 9067, 14815, 10121, 7958, 7970]",2794,20,0,False,20
4214,how old are you,how old,99,True,True,False,"{65: 1, 137: 1, 36: 1, 95: 1, 16: 1, 93: 1, 109: 1, 94: 1, 112: 1, 124: 1, 45: 1, 99: 1, 61: 1, 140: 1, 141: 1, 108: 1, 149: 1, 55: 1, 125: 1, 33: 1}","[2671, 4367, 7875, 6821, 7664, 6506, 11784, 5941, 4221, 12384, 6740, 1395, 3878, 2090, 7770, 9067, 14815, 10121, 7958, 7970]",4214,20,0,False,20
3001,car rental,last,37,False,False,False,"{65: 1, 137: 1, 36: 1, 95: 1, 16: 1, 93: 1, 109: 1, 94: 1, 112: 1, 124: 1, 45: 1, 99: 1, 61: 1, 140: 1, 141: 1, 108: 1, 149: 1, 55: 1, 125: 1, 33: 1}","[2671, 4367, 7875, 6821, 7664, 6506, 11784, 5941, 4221, 12384, 6740, 1395, 3878, 2090, 7770, 9067, 14815, 10121, 7958, 7970]",3001,20,0,False,20
4607,smart home,o,42,False,False,False,"{65: 1, 137: 1, 36: 1, 95: 1, 16: 1, 93: 1, 109: 1, 94: 1, 112: 1, 124: 1, 45: 1, 99: 1, 61: 1, 140: 1, 141: 1, 108: 1, 149: 1, 55: 1, 125: 1, 33: 1}","[2671, 4367, 7875, 6821, 7664, 6506, 11784, 5941, 4221, 12384, 6740, 1395, 3878, 2090, 7770, 9067, 14815, 10121, 7958, 7970]",4607,20,0,False,20
466,credit limit,application,103,False,False,False,"{65: 1, 137: 1, 36: 1, 95: 1, 16: 1, 93: 1, 109: 1, 94: 1, 112: 1, 124: 1, 45: 1, 99: 1, 61: 1, 140: 1, 141: 1, 108: 1, 149: 1, 55: 1, 125: 1, 33: 1}","[2671, 4367, 7875, 6821, 7664, 6506, 11784, 5941, 4221, 12384, 6740, 1395, 3878, 2090, 7770, 9067, 14815, 10121, 7958, 7970]",466,20,0,False,20
1152,expiration date,spending,71,False,False,False,"{65: 1, 137: 1, 36: 1, 95: 1, 16: 1, 93: 1, 109: 1, 94: 1, 112: 1, 124: 1, 45: 1, 99: 1, 61: 1, 140: 1, 141: 1, 108: 1, 149: 1, 55: 1, 125: 1, 33: 1}","[2671, 4367, 7875, 6821, 7664, 6506, 11784, 5941, 4221, 12384, 6740, 1395, 3878, 2090, 7770, 9067, 14815, 10121, 7958, 7970]",1152,20,0,False,20
1427,travel suggestion,travel suggestion,149,True,True,True,"{65: 1, 137: 1, 36: 1, 95: 1, 16: 1, 93: 1, 109: 1, 94: 1, 112: 1, 124: 1, 45: 1, 99: 1, 61: 1, 140: 1, 141: 1, 108: 1, 149: 1, 55: 1, 125: 1, 33: 1}","[2671, 4367, 7875, 6821, 7664, 6506, 11784, 5941, 4221, 12384, 6740, 1395, 3878, 2090, 7770, 9067, 14815, 10121, 7958, 7970]",1427,20,0,False,20
3032,schedule meeting,meeting,19,False,False,False,"{65: 1, 137: 1, 36: 1, 95: 1, 16: 1, 93: 1, 109: 1, 94: 1, 112: 1, 124: 1, 45: 1, 99: 1, 61: 1, 140: 1, 141: 1, 108: 1, 149: 1, 55: 1, 125: 1, 33: 1}","[2671, 4367, 7875, 6821, 7664, 6506, 11784, 5941, 4221, 12384, 6740, 1395, 3878, 2090, 7770, 9067, 14815, 10121, 7958, 7970]",3032,20,0,False,20
1082,travel alert,rewards,50,False,False,False,"{65: 1, 137: 1, 36: 1, 95: 1, 16: 1, 93: 1, 109: 1, 94: 1, 112: 1, 124: 1, 45: 1, 99: 1, 61: 1, 140: 1, 141: 1, 108: 1, 149: 1, 55: 1, 125: 1, 33: 1}","[2671, 4367, 7875, 6821, 7664, 6506, 11784, 5941, 4221, 12384, 6740, 1395, 3878, 2090, 7770, 9067, 14815, 10121, 7958, 7970]",1082,20,0,False,20
2399,card declined,dam,87,False,False,False,"{65: 1, 137: 1, 36: 1, 95: 1, 16: 1, 93: 1, 109: 1, 94: 1, 112: 1, 124: 1, 45: 1, 99: 1, 61: 1, 140: 1, 141: 1, 108: 1, 149: 1, 55: 1, 125: 1, 33: 1}","[2671, 4367, 7875, 6821, 7664, 6506, 11784, 5941, 4221, 12384, 6740, 1395, 3878, 2090, 7770, 9067, 14815, 10121, 7958, 7970]",2399,20,0,False,20
3100,cancel,report fra,70,False,False,False,"{65: 1, 137: 1, 36: 1, 95: 1, 16: 1, 93: 1, 109: 1, 94: 1, 112: 1, 124: 1, 45: 1, 99: 1, 61: 1, 140: 1, 141: 1, 108: 1, 149: 1, 55: 1, 125: 1, 33: 1}","[2671, 4367, 7875, 6821, 7664, 6506, 11784, 5941, 4221, 12384, 6740, 1395, 3878, 2090, 7770, 9067, 14815, 10121, 7958, 7970]",3100,20,0,False,20
1392,confirm reservation,yes,107,False,False,False,"{65: 1, 137: 1, 36: 1, 95: 1, 16: 1, 93: 1, 109: 1, 94: 1, 112: 1, 124: 1, 45: 1, 99: 1, 61: 1, 140: 1, 141: 1, 108: 1, 149: 1, 55: 1, 125: 1, 33: 1}","[2671, 4367, 7875, 6821, 7664, 6506, 11784, 5941, 4221, 12384, 6740, 1395, 3878, 2090, 7770, 9067, 14815, 10121, 7958, 7970]",1392,20,0,False,20
4760,pto request,o,42,False,False,False,"{65: 1, 137: 1, 36: 1, 95: 1, 16: 1, 93: 1, 109: 1, 94: 1, 112: 1, 124: 1, 45: 1, 99: 1, 61: 1, 140: 1, 141: 1, 108: 1, 149: 1, 55: 1, 125: 1, 33: 1}","[2671, 4367, 7875, 6821, 7664, 6506, 11784, 5941, 4221, 12384, 6740, 1395, 3878, 2090, 7770, 9067, 14815, 10121, 7958, 7970]",4760,20,0,False,20
1081,rewards balance,rewards,50,False,True,False,"{65: 1, 137: 1, 36: 1, 95: 1, 16: 1, 93: 1, 109: 1, 94: 1, 112: 1, 124: 1, 45: 1, 99: 1, 61: 1, 140: 1, 141: 1, 108: 1, 149: 1, 55: 1, 125: 1, 33: 1}","[2671, 4367, 7875, 6821, 7664, 6506, 11784, 5941, 4221, 12384, 6740, 1395, 3878, 2090, 7770, 9067, 14815, 10121, 7958, 7970]",1081,20,0,False,20
2687,change volume,change volume,150,False,True,False,"{65: 1, 137: 1, 36: 1, 95: 1, 16: 1, 93: 1, 109: 1, 94: 1, 112: 1, 124: 1, 45: 1, 99: 1, 61: 1, 140: 1, 141: 1, 108: 1, 149: 1, 55: 1, 125: 1, 33: 1}","[2671, 4367, 7875, 6821, 7664, 6506, 11784, 5941, 4221, 12384, 6740, 1395, 3878, 2090, 7770, 9067, 14815, 10121, 7958, 7970]",2687,20,0,False,20
3593,reset settings,reset,88,False,True,False,"{65: 1, 137: 1, 36: 1, 95: 1, 16: 1, 93: 1, 109: 1, 94: 1, 112: 1, 124: 1, 45: 1, 99: 1, 61: 1, 140: 1, 141: 1, 108: 1, 149: 1, 55: 1, 125: 1, 33: 1}","[2671, 4367, 7875, 6821, 7664, 6506, 11784, 5941, 4221, 12384, 6740, 1395, 3878, 2090, 7770, 9067, 14815, 10121, 7958, 7970]",3593,20,0,False,20
2948,tell joke,what song,21,False,False,False,"{65: 1, 137: 1, 36: 1, 95: 1, 16: 1, 93: 1, 109: 1, 94: 1, 112: 1, 124: 1, 45: 1, 99: 1, 61: 1, 140: 1, 141: 1, 108: 1, 149: 1, 55: 1, 125: 1, 33: 1}","[2671, 4367, 7875, 6821, 7664, 6506, 11784, 5941, 4221, 12384, 6740, 1395, 3878, 2090, 7770, 9067, 14815, 10121, 7958, 7970]",2948,20,0,False,20
5298,what is your name,o,42,False,False,False,"{65: 1, 137: 1, 36: 1, 95: 1, 16: 1, 93: 1, 109: 1, 94: 1, 112: 1, 124: 1, 45: 1, 99: 1, 61: 1, 140: 1, 141: 1, 108: 1, 149: 1, 55: 1, 125: 1, 33: 1}","[2671, 4367, 7875, 6821, 7664, 6506, 11784, 5941, 4221, 12384, 6740, 1395, 3878, 2090, 7770, 9067, 14815, 10121, 7958, 7970]",5298,20,0,False,20
3924,redeem rewards,rede,6,False,True,False,"{65: 1, 137: 1, 36: 1, 95: 1, 16: 1, 93: 1, 109: 1, 94: 1, 112: 1, 124: 1, 45: 1, 99: 1, 61: 1, 140: 1, 141: 1, 108: 1, 149: 1, 55: 1, 125: 1, 33: 1}","[2671, 4367, 7875, 6821, 7664, 6506, 11784, 5941, 4221, 12384, 6740, 1395, 3878, 2090, 7770, 9067, 14815, 10121, 7958, 7970]",3924,20,0,False,20
3824,text,text,26,False,True,False,"{65: 1, 137: 1, 36: 1, 95: 1, 16: 1, 93: 1, 109: 1, 94: 1, 112: 1, 124: 1, 45: 1, 99: 1, 61: 1, 140: 1, 141: 1, 108: 1, 149: 1, 55: 1, 125: 1, 33: 1}","[2671, 4367, 7875, 6821, 7664, 6506, 11784, 5941, 4221, 12384, 6740, 1395, 3878, 2090, 7770, 9067, 14815, 10121, 7958, 7970]",3824,20,0,False,20
1591,no,no,30,False,True,False,"{65: 1, 137: 1, 36: 1, 95: 1, 16: 1, 93: 1, 109: 1, 94: 1, 112: 1, 124: 1, 45: 1, 99: 1, 61: 1, 140: 1, 141: 1, 108: 1, 149: 1, 55: 1, 125: 1, 33: 1}","[2671, 4367, 7875, 6821, 7664, 6506, 11784, 5941, 4221, 12384, 6740, 1395, 3878, 2090, 7770, 9067, 14815, 10121, 7958, 7970]",1591,20,0,False,20
527,flip coin,f,33,True,True,False,"{65: 1, 137: 1, 36: 1, 95: 1, 16: 1, 93: 1, 109: 1, 94: 1, 112: 1, 124: 1, 45: 1, 99: 1, 61: 1, 140: 1, 141: 1, 108: 1, 149: 1, 55: 1, 125: 1, 33: 1}","[2671, 4367, 7875, 6821, 7664, 6506, 11784, 5941, 4221, 12384, 6740, 1395, 3878, 2090, 7770, 9067, 14815, 10121, 7958, 7970]",527,20,0,False,20
3330,whisper mode,whisper,14,False,True,False,"{65: 1, 137: 1, 36: 1, 95: 1, 16: 1, 93: 1, 109: 1, 94: 1, 112: 1, 124: 1, 45: 1, 99: 1, 61: 1, 140: 1, 141: 1, 108: 1, 149: 1, 55: 1, 125: 1, 33: 1}","[2671, 4367, 7875, 6821, 7664, 6506, 11784, 5941, 4221, 12384, 6740, 1395, 3878, 2090, 7770, 9067, 14815, 10121, 7958, 7970]",3330,20,0,False,20
3110,mpg,report fra,70,False,False,False,"{65: 1, 137: 1, 36: 1, 95: 1, 16: 1, 93: 1, 109: 1, 94: 1, 112: 1, 124: 1, 45: 1, 99: 1, 61: 1, 140: 1, 141: 1, 108: 1, 149: 1, 55: 1, 125: 1, 33: 1}","[2671, 4367, 7875, 6821, 7664, 6506, 11784, 5941, 4221, 12384, 6740, 1395, 3878, 2090, 7770, 9067, 14815, 10121, 7958, 7970]",3110,20,0,False,20
2263,change accent,change acc,51,False,True,False,"{65: 1, 137: 1, 36: 1, 95: 1, 16: 1, 93: 1, 109: 1, 94: 1, 112: 1, 124: 1, 45: 1, 99: 1, 61: 1, 140: 1, 141: 1, 108: 1, 149: 1, 55: 1, 125: 1, 33: 1}","[2671, 4367, 7875, 6821, 7664, 6506, 11784, 5941, 4221, 12384, 6740, 1395, 3878, 2090, 7770, 9067, 14815, 10121, 7958, 7970]",2263,20,0,False,20
2720,who do you work for,who do,57,False,True,False,"{65: 1, 137: 1, 36: 1, 95: 1, 16: 1, 93: 1, 109: 1, 94: 1, 112: 1, 124: 1, 45: 1, 99: 1, 61: 1, 140: 1, 141: 1, 108: 1, 149: 1, 55: 1, 125: 1, 33: 1}","[2671, 4367, 7875, 6821, 7664, 6506, 11784, 5941, 4221, 12384, 6740, 1395, 3878, 2090, 7770, 9067, 14815, 10121, 7958, 7970]",2720,20,0,False,20
4309,travel suggestion,me,46,False,False,True,"{65: 1, 137: 1, 36: 1, 95: 1, 16: 1, 93: 1, 109: 1, 94: 1, 112: 1, 124: 1, 45: 1, 99: 1, 61: 1, 140: 1, 141: 1, 108: 1, 149: 1, 55: 1, 125: 1, 33: 1}","[2671, 4367, 7875, 6821, 7664, 6506, 11784, 5941, 4221, 12384, 6740, 1395, 3878, 2090, 7770, 9067, 14815, 10121, 7958, 7970]",4309,20,0,False,20
4999,time,o,42,False,False,False,"{65: 1, 137: 1, 36: 1, 95: 1, 16: 1, 93: 1, 109: 1, 94: 1, 112: 1, 124: 1, 45: 1, 99: 1, 61: 1, 140: 1, 141: 1, 108: 1, 149: 1, 55: 1, 125: 1, 33: 1}","[2671, 4367, 7875, 6821, 7664, 6506, 11784, 5941, 4221, 12384, 6740, 1395, 3878, 2090, 7770, 9067, 14815, 10121, 7958, 7970]",4999,20,0,False,20
218,travel alert,travel alert,128,False,True,False,"{65: 1, 137: 1, 36: 1, 95: 1, 16: 1, 93: 1, 109: 1, 94: 1, 112: 1, 124: 1, 45: 1, 99: 1, 61: 1, 140: 1, 141: 1, 108: 1, 149: 1, 55: 1, 125: 1, 33: 1}","[2671, 4367, 7875, 6821, 7664, 6506, 11784, 5941, 4221, 12384, 6740, 1395, 3878, 2090, 7770, 9067, 14815, 10121, 7958, 7970]",218,20,0,False,20
3259,weather,weather,5,False,True,False,"{65: 1, 137: 1, 36: 1, 95: 1, 16: 1, 93: 1, 109: 1, 94: 1, 112: 1, 124: 1, 45: 1, 99: 1, 61: 1, 140: 1, 141: 1, 108: 1, 149: 1, 55: 1, 125: 1, 33: 1}","[2671, 4367, 7875, 6821, 7664, 6506, 11784, 5941, 4221, 12384, 6740, 1395, 3878, 2090, 7770, 9067, 14815, 10121, 7958, 7970]",3259,20,0,False,20
5450,how old are you,o,42,False,False,False,"{65: 1, 137: 1, 36: 1, 95: 1, 16: 1, 93: 1, 109: 1, 94: 1, 112: 1, 124: 1, 45: 1, 99: 1, 61: 1, 140: 1, 141: 1, 108: 1, 149: 1, 55: 1, 125: 1, 33: 1}","[2671, 4367, 7875, 6821, 7664, 6506, 11784, 5941, 4221, 12384, 6740, 1395, 3878, 2090, 7770, 9067, 14815, 10121, 7958, 7970]",5450,20,0,False,20
4404,order,order,16,True,True,True,"{65: 1, 137: 1, 36: 1, 95: 1, 16: 1, 93: 1, 109: 1, 94: 1, 112: 1, 124: 1, 45: 1, 99: 1, 61: 1, 140: 1, 141: 1, 108: 1, 149: 1, 55: 1, 125: 1, 33: 1}","[2671, 4367, 7875, 6821, 7664, 6506, 11784, 5941, 4221, 12384, 6740, 1395, 3878, 2090, 7770, 9067, 14815, 10121, 7958, 7970]",4404,20,0,False,20
4139,cancel reservation,cancel res,67,False,True,False,"{65: 1, 137: 1, 36: 1, 95: 1, 16: 1, 93: 1, 109: 1, 94: 1, 112: 1, 124: 1, 45: 1, 99: 1, 61: 1, 140: 1, 141: 1, 108: 1, 149: 1, 55: 1, 125: 1, 33: 1}","[2671, 4367, 7875, 6821, 7664, 6506, 11784, 5941, 4221, 12384, 6740, 1395, 3878, 2090, 7770, 9067, 14815, 10121, 7958, 7970]",4139,20,0,False,20
1766,how old are you,calcul,138,False,False,False,"{65: 1, 137: 1, 36: 1, 95: 1, 16: 1, 93: 1, 109: 1, 94: 1, 112: 1, 124: 1, 45: 1, 99: 1, 61: 1, 140: 1, 141: 1, 108: 1, 149: 1, 55: 1, 125: 1, 33: 1}","[2671, 4367, 7875, 6821, 7664, 6506, 11784, 5941, 4221, 12384, 6740, 1395, 3878, 2090, 7770, 9067, 14815, 10121, 7958, 7970]",1766,20,0,False,20
2543,car rental,gas type,8,False,False,False,"{65: 1, 137: 1, 36: 1, 95: 1, 16: 1, 93: 1, 109: 1, 94: 1, 112: 1, 124: 1, 45: 1, 99: 1, 61: 1, 140: 1, 141: 1, 108: 1, 149: 1, 55: 1, 125: 1, 33: 1}","[2671, 4367, 7875, 6821, 7664, 6506, 11784, 5941, 4221, 12384, 6740, 1395, 3878, 2090, 7770, 9067, 14815, 10121, 7958, 7970]",2543,20,0,False,20
3304,bill due,min,143,False,False,False,"{65: 1, 137: 1, 36: 1, 95: 1, 16: 1, 93: 1, 109: 1, 94: 1, 112: 1, 124: 1, 45: 1, 99: 1, 61: 1, 140: 1, 141: 1, 108: 1, 149: 1, 55: 1, 125: 1, 33: 1}","[2671, 4367, 7875, 6821, 7664, 6506, 11784, 5941, 4221, 12384, 6740, 1395, 3878, 2090, 7770, 9067, 14815, 10121, 7958, 7970]",3304,20,0,False,20
278,credit score,improve,28,False,False,False,"{65: 1, 137: 1, 36: 1, 95: 1, 16: 1, 93: 1, 109: 1, 94: 1, 112: 1, 124: 1, 45: 1, 99: 1, 61: 1, 140: 1, 141: 1, 108: 1, 149: 1, 55: 1, 125: 1, 33: 1}","[2671, 4367, 7875, 6821, 7664, 6506, 11784, 5941, 4221, 12384, 6740, 1395, 3878, 2090, 7770, 9067, 14815, 10121, 7958, 7970]",278,20,0,False,20
1008,next song,next song,118,False,True,False,"{65: 1, 137: 1, 36: 1, 95: 1, 16: 1, 93: 1, 109: 1, 94: 1, 112: 1, 124: 1, 45: 1, 99: 1, 61: 1, 140: 1, 141: 1, 108: 1, 149: 1, 55: 1, 125: 1, 33: 1}","[2671, 4367, 7875, 6821, 7664, 6506, 11784, 5941, 4221, 12384, 6740, 1395, 3878, 2090, 7770, 9067, 14815, 10121, 7958, 7970]",1008,20,0,False,20
978,timezone,timezone,66,False,True,False,"{65: 1, 137: 1, 36: 1, 95: 1, 16: 1, 93: 1, 109: 1, 94: 1, 112: 1, 124: 1, 45: 1, 99: 1, 61: 1, 140: 1, 141: 1, 108: 1, 149: 1, 55: 1, 125: 1, 33: 1}","[2671, 4367, 7875, 6821, 7664, 6506, 11784, 5941, 4221, 12384, 6740, 1395, 3878, 2090, 7770, 9067, 14815, 10121, 7958, 7970]",978,20,0,False,20
3787,shopping list,shopping list,43,False,True,False,"{65: 1, 137: 1, 36: 1, 95: 1, 16: 1, 93: 1, 109: 1, 94: 1, 112: 1, 124: 1, 45: 1, 99: 1, 61: 1, 140: 1, 141: 1, 108: 1, 149: 1, 55: 1, 125: 1, 33: 1}","[2671, 4367, 7875, 6821, 7664, 6506, 11784, 5941, 4221, 12384, 6740, 1395, 3878, 2090, 7770, 9067, 14815, 10121, 7958, 7970]",3787,20,0,False,20
859,rollover 401k,rol,100,False,True,False,"{65: 1, 137: 1, 36: 1, 95: 1, 16: 1, 93: 1, 109: 1, 94: 1, 112: 1, 124: 1, 45: 1, 99: 1, 61: 1, 140: 1, 141: 1, 108: 1, 149: 1, 55: 1, 125: 1, 33: 1}","[2671, 4367, 7875, 6821, 7664, 6506, 11784, 5941, 4221, 12384, 6740, 1395, 3878, 2090, 7770, 9067, 14815, 10121, 7958, 7970]",859,20,0,False,20
5414,find phone,o,42,False,False,False,"{65: 1, 137: 1, 36: 1, 95: 1, 16: 1, 93: 1, 109: 1, 94: 1, 112: 1, 124: 1, 45: 1, 99: 1, 61: 1, 140: 1, 141: 1, 108: 1, 149: 1, 55: 1, 125: 1, 33: 1}","[2671, 4367, 7875, 6821, 7664, 6506, 11784, 5941, 4221, 12384, 6740, 1395, 3878, 2090, 7770, 9067, 14815, 10121, 7958, 7970]",5414,20,0,False,20
3376,cancel,cancel,147,False,True,False,"{65: 1, 137: 1, 36: 1, 95: 1, 16: 1, 93: 1, 109: 1, 94: 1, 112: 1, 124: 1, 45: 1, 99: 1, 61: 1, 140: 1, 141: 1, 108: 1, 149: 1, 55: 1, 125: 1, 33: 1}","[2671, 4367, 7875, 6821, 7664, 6506, 11784, 5941, 4221, 12384, 6740, 1395, 3878, 2090, 7770, 9067, 14815, 10121, 7958, 7970]",3376,20,0,False,20
3175,oos,smart,10,False,False,False,"{65: 1, 137: 1, 36: 1, 95: 1, 16: 1, 93: 1, 109: 1, 94: 1, 112: 1, 124: 1, 45: 1, 99: 1, 61: 1, 140: 1, 141: 1, 108: 1, 149: 1, 55: 1, 125: 1, 33: 1}","[2671, 4367, 7875, 6821, 7664, 6506, 11784, 5941, 4221, 12384, 6740, 1395, 3878, 2090, 7770, 9067, 14815, 10121, 7958, 7970]",3175,20,0,False,20
2200,alarm,alarm,83,False,True,False,"{65: 1, 137: 1, 36: 1, 95: 1, 16: 1, 93: 1, 109: 1, 94: 1, 112: 1, 124: 1, 45: 1, 99: 1, 61: 1, 140: 1, 141: 1, 108: 1, 149: 1, 55: 1, 125: 1, 33: 1}","[2671, 4367, 7875, 6821, 7664, 6506, 11784, 5941, 4221, 12384, 6740, 1395, 3878, 2090, 7770, 9067, 14815, 10121, 7958, 7970]",2200,20,0,False,20
365,payday,payday,79,False,True,False,"{65: 1, 137: 1, 36: 1, 95: 1, 16: 1, 93: 1, 109: 1, 94: 1, 112: 1, 124: 1, 45: 1, 99: 1, 61: 1, 140: 1, 141: 1, 108: 1, 149: 1, 55: 1, 125: 1, 33: 1}","[2671, 4367, 7875, 6821, 7664, 6506, 11784, 5941, 4221, 12384, 6740, 1395, 3878, 2090, 7770, 9067, 14815, 10121, 7958, 7970]",365,20,0,False,20
5495,find phone,o,42,False,False,False,"{65: 1, 137: 1, 36: 1, 95: 1, 16: 1, 93: 1, 109: 1, 94: 1, 112: 1, 124: 1, 45: 1, 99: 1, 61: 1, 140: 1, 141: 1, 108: 1, 149: 1, 55: 1, 125: 1, 33: 1}","[2671, 4367, 7875, 6821, 7664, 6506, 11784, 5941, 4221, 12384, 6740, 1395, 3878, 2090, 7770, 9067, 14815, 10121, 7958, 7970]",5495,20,0,False,20
1757,calculator,calcul,138,False,True,False,"{65: 1, 137: 1, 36: 1, 95: 1, 16: 1, 93: 1, 109: 1, 94: 1, 112: 1, 124: 1, 45: 1, 99: 1, 61: 1, 140: 1, 141: 1, 108: 1, 149: 1, 55: 1, 125: 1, 33: 1}","[2671, 4367, 7875, 6821, 7664, 6506, 11784, 5941, 4221, 12384, 6740, 1395, 3878, 2090, 7770, 9067, 14815, 10121, 7958, 7970]",1757,20,0,False,20
1904,travel notification,travel notification,146,False,True,False,"{65: 1, 137: 1, 36: 1, 95: 1, 16: 1, 93: 1, 109: 1, 94: 1, 112: 1, 124: 1, 45: 1, 99: 1, 61: 1, 140: 1, 141: 1, 108: 1, 149: 1, 55: 1, 125: 1, 33: 1}","[2671, 4367, 7875, 6821, 7664, 6506, 11784, 5941, 4221, 12384, 6740, 1395, 3878, 2090, 7770, 9067, 14815, 10121, 7958, 7970]",1904,20,0,False,20
2450,routing,routing,45,True,True,True,"{65: 1, 137: 1, 36: 1, 95: 1, 16: 1, 93: 1, 109: 1, 94: 1, 112: 1, 124: 1, 45: 1, 99: 1, 61: 1, 140: 1, 141: 1, 108: 1, 149: 1, 55: 1, 125: 1, 33: 1}","[2671, 4367, 7875, 6821, 7664, 6506, 11784, 5941, 4221, 12384, 6740, 1395, 3878, 2090, 7770, 9067, 14815, 10121, 7958, 7970]",2450,20,0,False,20
5082,weather,o,42,False,False,False,"{65: 1, 137: 1, 36: 1, 95: 1, 16: 1, 93: 1, 109: 1, 94: 1, 112: 1, 124: 1, 45: 1, 99: 1, 61: 1, 140: 1, 141: 1, 108: 1, 149: 1, 55: 1, 125: 1, 33: 1}","[2671, 4367, 7875, 6821, 7664, 6506, 11784, 5941, 4221, 12384, 6740, 1395, 3878, 2090, 7770, 9067, 14815, 10121, 7958, 7970]",5082,20,0,False,20
1247,card declined,new,91,False,False,False,"{65: 1, 137: 1, 36: 1, 95: 1, 16: 1, 93: 1, 109: 1, 94: 1, 112: 1, 124: 1, 45: 1, 99: 1, 61: 1, 140: 1, 141: 1, 108: 1, 149: 1, 55: 1, 125: 1, 33: 1}","[2671, 4367, 7875, 6821, 7664, 6506, 11784, 5941, 4221, 12384, 6740, 1395, 3878, 2090, 7770, 9067, 14815, 10121, 7958, 7970]",1247,20,0,False,20
3528,spelling,spelling,73,False,True,False,"{65: 1, 137: 1, 36: 1, 95: 1, 16: 1, 93: 1, 109: 1, 94: 1, 112: 1, 124: 1, 45: 1, 99: 1, 61: 1, 140: 1, 141: 1, 108: 1, 149: 1, 55: 1, 125: 1, 33: 1}","[2671, 4367, 7875, 6821, 7664, 6506, 11784, 5941, 4221, 12384, 6740, 1395, 3878, 2090, 7770, 9067, 14815, 10121, 7958, 7970]",3528,20,0,False,20
648,what are your hobbies,what can,115,False,False,False,"{65: 1, 137: 1, 36: 1, 95: 1, 16: 1, 93: 1, 109: 1, 94: 1, 112: 1, 124: 1, 45: 1, 99: 1, 61: 1, 140: 1, 141: 1, 108: 1, 149: 1, 55: 1, 125: 1, 33: 1}","[2671, 4367, 7875, 6821, 7664, 6506, 11784, 5941, 4221, 12384, 6740, 1395, 3878, 2090, 7770, 9067, 14815, 10121, 7958, 7970]",648,20,0,False,20
3532,spelling,spelling,73,False,True,False,"{65: 1, 137: 1, 36: 1, 95: 1, 16: 1, 93: 1, 109: 1, 94: 1, 112: 1, 124: 1, 45: 1, 99: 1, 61: 1, 140: 1, 141: 1, 108: 1, 149: 1, 55: 1, 125: 1, 33: 1}","[2671, 4367, 7875, 6821, 7664, 6506, 11784, 5941, 4221, 12384, 6740, 1395, 3878, 2090, 7770, 9067, 14815, 10121, 7958, 7970]",3532,20,0,False,20
4295,meal suggestion,me,46,False,True,False,"{65: 1, 137: 1, 36: 1, 95: 1, 16: 1, 93: 1, 109: 1, 94: 1, 112: 1, 124: 1, 45: 1, 99: 1, 61: 1, 140: 1, 141: 1, 108: 1, 149: 1, 55: 1, 125: 1, 33: 1}","[2671, 4367, 7875, 6821, 7664, 6506, 11784, 5941, 4221, 12384, 6740, 1395, 3878, 2090, 7770, 9067, 14815, 10121, 7958, 7970]",4295,20,0,False,20
5384,car rental,o,42,False,False,False,"{65: 1, 137: 1, 36: 1, 95: 1, 16: 1, 93: 1, 109: 1, 94: 1, 112: 1, 124: 1, 45: 1, 99: 1, 61: 1, 140: 1, 141: 1, 108: 1, 149: 1, 55: 1, 125: 1, 33: 1}","[2671, 4367, 7875, 6821, 7664, 6506, 11784, 5941, 4221, 12384, 6740, 1395, 3878, 2090, 7770, 9067, 14815, 10121, 7958, 7970]",5384,20,0,False,20
2915,freeze account,account,2,False,False,False,"{65: 1, 137: 1, 36: 1, 95: 1, 16: 1, 93: 1, 109: 1, 94: 1, 112: 1, 124: 1, 45: 1, 99: 1, 61: 1, 140: 1, 141: 1, 108: 1, 149: 1, 55: 1, 125: 1, 33: 1}","[2671, 4367, 7875, 6821, 7664, 6506, 11784, 5941, 4221, 12384, 6740, 1395, 3878, 2090, 7770, 9067, 14815, 10121, 7958, 7970]",2915,20,0,False,20
3775,flight status,book flight,63,False,False,False,"{65: 1, 137: 1, 36: 1, 95: 1, 16: 1, 93: 1, 109: 1, 94: 1, 112: 1, 124: 1, 45: 1, 99: 1, 61: 1, 140: 1, 141: 1, 108: 1, 149: 1, 55: 1, 125: 1, 33: 1}","[2671, 4367, 7875, 6821, 7664, 6506, 11784, 5941, 4221, 12384, 6740, 1395, 3878, 2090, 7770, 9067, 14815, 10121, 7958, 7970]",3775,20,0,False,20
4731,income,o,42,False,False,True,"{65: 1, 137: 1, 36: 1, 95: 1, 16: 1, 93: 1, 109: 1, 94: 1, 112: 1, 124: 1, 45: 1, 99: 1, 61: 1, 140: 1, 141: 1, 108: 1, 149: 1, 55: 1, 125: 1, 33: 1}","[2671, 4367, 7875, 6821, 7664, 6506, 11784, 5941, 4221, 12384, 6740, 1395, 3878, 2090, 7770, 9067, 14815, 10121, 7958, 7970]",4731,20,0,False,20
5321,car rental,o,42,False,False,False,"{65: 1, 137: 1, 36: 1, 95: 1, 16: 1, 93: 1, 109: 1, 94: 1, 112: 1, 124: 1, 45: 1, 99: 1, 61: 1, 140: 1, 141: 1, 108: 1, 149: 1, 55: 1, 125: 1, 33: 1}","[2671, 4367, 7875, 6821, 7664, 6506, 11784, 5941, 4221, 12384, 6740, 1395, 3878, 2090, 7770, 9067, 14815, 10121, 7958, 7970]",5321,20,0,False,20
3209,travel suggestion,book hotel,116,False,False,True,"{65: 1, 137: 1, 36: 1, 95: 1, 16: 1, 93: 1, 109: 1, 94: 1, 112: 1, 124: 1, 45: 1, 99: 1, 61: 1, 140: 1, 141: 1, 108: 1, 149: 1, 55: 1, 125: 1, 33: 1}","[2671, 4367, 7875, 6821, 7664, 6506, 11784, 5941, 4221, 12384, 6740, 1395, 3878, 2090, 7770, 9067, 14815, 10121, 7958, 7970]",3209,20,0,False,20
5288,how old are you,o,42,False,False,False,"{65: 1, 137: 1, 36: 1, 95: 1, 16: 1, 93: 1, 109: 1, 94: 1, 112: 1, 124: 1, 45: 1, 99: 1, 61: 1, 140: 1, 141: 1, 108: 1, 149: 1, 55: 1, 125: 1, 33: 1}","[2671, 4367, 7875, 6821, 7664, 6506, 11784, 5941, 4221, 12384, 6740, 1395, 3878, 2090, 7770, 9067, 14815, 10121, 7958, 7970]",5288,20,0,False,20
4304,food last,me,46,False,False,False,"{65: 1, 137: 1, 36: 1, 95: 1, 16: 1, 93: 1, 109: 1, 94: 1, 112: 1, 124: 1, 45: 1, 99: 1, 61: 1, 140: 1, 141: 1, 108: 1, 149: 1, 55: 1, 125: 1, 33: 1}","[2671, 4367, 7875, 6821, 7664, 6506, 11784, 5941, 4221, 12384, 6740, 1395, 3878, 2090, 7770, 9067, 14815, 10121, 7958, 7970]",4304,20,0,False,20
3703,credit limit change,credit limit change,109,True,True,True,"{65: 1, 137: 1, 36: 1, 95: 1, 16: 1, 93: 1, 109: 1, 94: 1, 112: 1, 124: 1, 45: 1, 99: 1, 61: 1, 140: 1, 141: 1, 108: 1, 149: 1, 55: 1, 125: 1, 33: 1}","[2671, 4367, 7875, 6821, 7664, 6506, 11784, 5941, 4221, 12384, 6740, 1395, 3878, 2090, 7770, 9067, 14815, 10121, 7958, 7970]",3703,20,0,False,20
551,change ai name,change user,144,False,False,False,"{65: 1, 137: 1, 36: 1, 95: 1, 16: 1, 93: 1, 109: 1, 94: 1, 112: 1, 124: 1, 45: 1, 99: 1, 61: 1, 140: 1, 141: 1, 108: 1, 149: 1, 55: 1, 125: 1, 33: 1}","[2671, 4367, 7875, 6821, 7664, 6506, 11784, 5941, 4221, 12384, 6740, 1395, 3878, 2090, 7770, 9067, 14815, 10121, 7958, 7970]",551,20,0,False,20
3163,oos,smart,10,False,False,False,"{65: 1, 137: 1, 36: 1, 95: 1, 16: 1, 93: 1, 109: 1, 94: 1, 112: 1, 124: 1, 45: 1, 99: 1, 61: 1, 140: 1, 141: 1, 108: 1, 149: 1, 55: 1, 125: 1, 33: 1}","[2671, 4367, 7875, 6821, 7664, 6506, 11784, 5941, 4221, 12384, 6740, 1395, 3878, 2090, 7770, 9067, 14815, 10121, 7958, 7970]",3163,20,0,False,20
131,meaning of life,meaning,22,False,True,False,"{65: 1, 137: 1, 36: 1, 95: 1, 16: 1, 93: 1, 109: 1, 94: 1, 112: 1, 124: 1, 45: 1, 99: 1, 61: 1, 140: 1, 141: 1, 108: 1, 149: 1, 55: 1, 125: 1, 33: 1}","[2671, 4367, 7875, 6821, 7664, 6506, 11784, 5941, 4221, 12384, 6740, 1395, 3878, 2090, 7770, 9067, 14815, 10121, 7958, 7970]",131,20,0,False,20
855,rollover 401k,rol,100,False,True,False,"{65: 1, 137: 1, 36: 1, 95: 1, 16: 1, 93: 1, 109: 1, 94: 1, 112: 1, 124: 1, 45: 1, 99: 1, 61: 1, 140: 1, 141: 1, 108: 1, 149: 1, 55: 1, 125: 1, 33: 1}","[2671, 4367, 7875, 6821, 7664, 6506, 11784, 5941, 4221, 12384, 6740, 1395, 3878, 2090, 7770, 9067, 14815, 10121, 7958, 7970]",855,20,0,False,20
2912,account blocked,account,2,False,True,False,"{65: 1, 137: 1, 36: 1, 95: 1, 16: 1, 93: 1, 109: 1, 94: 1, 112: 1, 124: 1, 45: 1, 99: 1, 61: 1, 140: 1, 141: 1, 108: 1, 149: 1, 55: 1, 125: 1, 33: 1}","[2671, 4367, 7875, 6821, 7664, 6506, 11784, 5941, 4221, 12384, 6740, 1395, 3878, 2090, 7770, 9067, 14815, 10121, 7958, 7970]",2912,20,0,False,20
1333,mpg,m,142,False,True,False,"{65: 1, 137: 1, 36: 1, 95: 1, 16: 1, 93: 1, 109: 1, 94: 1, 112: 1, 124: 1, 45: 1, 99: 1, 61: 1, 140: 1, 141: 1, 108: 1, 149: 1, 55: 1, 125: 1, 33: 1}","[2671, 4367, 7875, 6821, 7664, 6506, 11784, 5941, 4221, 12384, 6740, 1395, 3878, 2090, 7770, 9067, 14815, 10121, 7958, 7970]",1333,20,0,False,20
2362,calories,cal,135,False,True,False,"{65: 1, 137: 1, 36: 1, 95: 1, 16: 1, 93: 1, 109: 1, 94: 1, 112: 1, 124: 1, 45: 1, 99: 1, 61: 1, 140: 1, 141: 1, 108: 1, 149: 1, 55: 1, 125: 1, 33: 1}","[2671, 4367, 7875, 6821, 7664, 6506, 11784, 5941, 4221, 12384, 6740, 1395, 3878, 2090, 7770, 9067, 14815, 10121, 7958, 7970]",2362,20,0,False,20
3577,reset settings,reset,88,False,True,False,"{65: 1, 137: 1, 36: 1, 95: 1, 16: 1, 93: 1, 109: 1, 94: 1, 112: 1, 124: 1, 45: 1, 99: 1, 61: 1, 140: 1, 141: 1, 108: 1, 149: 1, 55: 1, 125: 1, 33: 1}","[2671, 4367, 7875, 6821, 7664, 6506, 11784, 5941, 4221, 12384, 6740, 1395, 3878, 2090, 7770, 9067, 14815, 10121, 7958, 7970]",3577,20,0,False,20
4275,car rental,jump,17,False,False,False,"{65: 1, 137: 1, 36: 1, 95: 1, 16: 1, 93: 1, 109: 1, 94: 1, 112: 1, 124: 1, 45: 1, 99: 1, 61: 1, 140: 1, 141: 1, 108: 1, 149: 1, 55: 1, 125: 1, 33: 1}","[2671, 4367, 7875, 6821, 7664, 6506, 11784, 5941, 4221, 12384, 6740, 1395, 3878, 2090, 7770, 9067, 14815, 10121, 7958, 7970]",4275,20,0,False,20
3552,how old are you,gre,82,False,False,False,"{65: 1, 137: 1, 36: 1, 95: 1, 16: 1, 93: 1, 109: 1, 94: 1, 112: 1, 124: 1, 45: 1, 99: 1, 61: 1, 140: 1, 141: 1, 108: 1, 149: 1, 55: 1, 125: 1, 33: 1}","[2671, 4367, 7875, 6821, 7664, 6506, 11784, 5941, 4221, 12384, 6740, 1395, 3878, 2090, 7770, 9067, 14815, 10121, 7958, 7970]",3552,20,0,False,20
4943,date,o,42,False,False,True,"{65: 1, 137: 1, 36: 1, 95: 1, 16: 1, 93: 1, 109: 1, 94: 1, 112: 1, 124: 1, 45: 1, 99: 1, 61: 1, 140: 1, 141: 1, 108: 1, 149: 1, 55: 1, 125: 1, 33: 1}","[2671, 4367, 7875, 6821, 7664, 6506, 11784, 5941, 4221, 12384, 6740, 1395, 3878, 2090, 7770, 9067, 14815, 10121, 7958, 7970]",4943,20,0,False,20
2147,recipe,ingredient,134,False,False,False,"{65: 1, 137: 1, 36: 1, 95: 1, 16: 1, 93: 1, 109: 1, 94: 1, 112: 1, 124: 1, 45: 1, 99: 1, 61: 1, 140: 1, 141: 1, 108: 1, 149: 1, 55: 1, 125: 1, 33: 1}","[2671, 4367, 7875, 6821, 7664, 6506, 11784, 5941, 4221, 12384, 6740, 1395, 3878, 2090, 7770, 9067, 14815, 10121, 7958, 7970]",2147,20,0,False,20
3994,are you a bot,are,117,False,True,False,"{65: 1, 137: 1, 36: 1, 95: 1, 16: 1, 93: 1, 109: 1, 94: 1, 112: 1, 124: 1, 45: 1, 99: 1, 61: 1, 140: 1, 141: 1, 108: 1, 149: 1, 55: 1, 125: 1, 33: 1}","[2671, 4367, 7875, 6821, 7664, 6506, 11784, 5941, 4221, 12384, 6740, 1395, 3878, 2090, 7770, 9067, 14815, 10121, 7958, 7970]",3994,20,0,False,20
5171,how old are you,o,42,False,False,False,"{65: 1, 137: 1, 36: 1, 95: 1, 16: 1, 93: 1, 109: 1, 94: 1, 112: 1, 124: 1, 45: 1, 99: 1, 61: 1, 140: 1, 141: 1, 108: 1, 149: 1, 55: 1, 125: 1, 33: 1}","[2671, 4367, 7875, 6821, 7664, 6506, 11784, 5941, 4221, 12384, 6740, 1395, 3878, 2090, 7770, 9067, 14815, 10121, 7958, 7970]",5171,20,0,False,20
1482,todo list update,todo list update,65,True,True,True,"{65: 1, 137: 1, 36: 1, 95: 1, 16: 1, 93: 1, 109: 1, 94: 1, 112: 1, 124: 1, 45: 1, 99: 1, 61: 1, 140: 1, 141: 1, 108: 1, 149: 1, 55: 1, 125: 1, 33: 1}","[2671, 4367, 7875, 6821, 7664, 6506, 11784, 5941, 4221, 12384, 6740, 1395, 3878, 2090, 7770, 9067, 14815, 10121, 7958, 7970]",1482,20,0,False,20
4780,how old are you,o,42,False,False,False,"{65: 1, 137: 1, 36: 1, 95: 1, 16: 1, 93: 1, 109: 1, 94: 1, 112: 1, 124: 1, 45: 1, 99: 1, 61: 1, 140: 1, 141: 1, 108: 1, 149: 1, 55: 1, 125: 1, 33: 1}","[2671, 4367, 7875, 6821, 7664, 6506, 11784, 5941, 4221, 12384, 6740, 1395, 3878, 2090, 7770, 9067, 14815, 10121, 7958, 7970]",4780,20,0,False,20
2734,credit limit,credit limit,41,False,True,False,"{65: 1, 137: 1, 36: 1, 95: 1, 16: 1, 93: 1, 109: 1, 94: 1, 112: 1, 124: 1, 45: 1, 99: 1, 61: 1, 140: 1, 141: 1, 108: 1, 149: 1, 55: 1, 125: 1, 33: 1}","[2671, 4367, 7875, 6821, 7664, 6506, 11784, 5941, 4221, 12384, 6740, 1395, 3878, 2090, 7770, 9067, 14815, 10121, 7958, 7970]",2734,20,0,False,20
1320,car rental,m,142,False,False,False,"{65: 1, 137: 1, 36: 1, 95: 1, 16: 1, 93: 1, 109: 1, 94: 1, 112: 1, 124: 1, 45: 1, 99: 1, 61: 1, 140: 1, 141: 1, 108: 1, 149: 1, 55: 1, 125: 1, 33: 1}","[2671, 4367, 7875, 6821, 7664, 6506, 11784, 5941, 4221, 12384, 6740, 1395, 3878, 2090, 7770, 9067, 14815, 10121, 7958, 7970]",1320,20,0,False,20
1357,oil change when,oil change when,123,False,True,False,"{65: 1, 137: 1, 36: 1, 95: 1, 16: 1, 93: 1, 109: 1, 94: 1, 112: 1, 124: 1, 45: 1, 99: 1, 61: 1, 140: 1, 141: 1, 108: 1, 149: 1, 55: 1, 125: 1, 33: 1}","[2671, 4367, 7875, 6821, 7664, 6506, 11784, 5941, 4221, 12384, 6740, 1395, 3878, 2090, 7770, 9067, 14815, 10121, 7958, 7970]",1357,20,0,False,20
2788,restaurant reservation,how busy,102,False,False,False,"{65: 1, 137: 1, 36: 1, 95: 1, 16: 1, 93: 1, 109: 1, 94: 1, 112: 1, 124: 1, 45: 1, 99: 1, 61: 1, 140: 1, 141: 1, 108: 1, 149: 1, 55: 1, 125: 1, 33: 1}","[2671, 4367, 7875, 6821, 7664, 6506, 11784, 5941, 4221, 12384, 6740, 1395, 3878, 2090, 7770, 9067, 14815, 10121, 7958, 7970]",2788,20,0,False,20
951,change ai name,user,11,False,False,False,"{65: 1, 137: 1, 36: 1, 95: 1, 16: 1, 93: 1, 109: 1, 94: 1, 112: 1, 124: 1, 45: 1, 99: 1, 61: 1, 140: 1, 141: 1, 108: 1, 149: 1, 55: 1, 125: 1, 33: 1}","[2671, 4367, 7875, 6821, 7664, 6506, 11784, 5941, 4221, 12384, 6740, 1395, 3878, 2090, 7770, 9067, 14815, 10121, 7958, 7970]",951,20,0,False,20
601,shopping list update,shopping list update,125,True,True,True,"{65: 1, 137: 1, 36: 1, 95: 1, 16: 1, 93: 1, 109: 1, 94: 1, 112: 1, 124: 1, 45: 1, 99: 1, 61: 1, 140: 1, 141: 1, 108: 1, 149: 1, 55: 1, 125: 1, 33: 1}","[2671, 4367, 7875, 6821, 7664, 6506, 11784, 5941, 4221, 12384, 6740, 1395, 3878, 2090, 7770, 9067, 14815, 10121, 7958, 7970]",601,20,0,False,20
4192,change ai name,change ai,55,True,True,False,"{65: 1, 137: 1, 36: 1, 95: 1, 16: 1, 93: 1, 109: 1, 94: 1, 112: 1, 124: 1, 45: 1, 99: 1, 61: 1, 140: 1, 141: 1, 108: 1, 149: 1, 55: 1, 125: 1, 33: 1}","[2671, 4367, 7875, 6821, 7664, 6506, 11784, 5941, 4221, 12384, 6740, 1395, 3878, 2090, 7770, 9067, 14815, 10121, 7958, 7970]",4192,20,0,False,20
2705,who do you work for,who do,57,False,True,False,"{65: 1, 137: 1, 36: 1, 95: 1, 16: 1, 93: 1, 109: 1, 94: 1, 112: 1, 124: 1, 45: 1, 99: 1, 61: 1, 140: 1, 141: 1, 108: 1, 149: 1, 55: 1, 125: 1, 33: 1}","[2671, 4367, 7875, 6821, 7664, 6506, 11784, 5941, 4221, 12384, 6740, 1395, 3878, 2090, 7770, 9067, 14815, 10121, 7958, 7970]",2705,20,0,False,20
1382,yes,yes,107,False,True,False,"{65: 1, 137: 1, 36: 1, 95: 1, 16: 1, 93: 1, 109: 1, 94: 1, 112: 1, 124: 1, 45: 1, 99: 1, 61: 1, 140: 1, 141: 1, 108: 1, 149: 1, 55: 1, 125: 1, 33: 1}","[2671, 4367, 7875, 6821, 7664, 6506, 11784, 5941, 4221, 12384, 6740, 1395, 3878, 2090, 7770, 9067, 14815, 10121, 7958, 7970]",1382,20,0,False,20
1311,repeat,repeat,13,False,True,False,"{65: 1, 137: 1, 36: 1, 95: 1, 16: 1, 93: 1, 109: 1, 94: 1, 112: 1, 124: 1, 45: 1, 99: 1, 61: 1, 140: 1, 141: 1, 108: 1, 149: 1, 55: 1, 125: 1, 33: 1}","[2671, 4367, 7875, 6821, 7664, 6506, 11784, 5941, 4221, 12384, 6740, 1395, 3878, 2090, 7770, 9067, 14815, 10121, 7958, 7970]",1311,20,0,False,20
1784,date,date,95,True,True,True,"{65: 1, 137: 1, 36: 1, 95: 1, 16: 1, 93: 1, 109: 1, 94: 1, 112: 1, 124: 1, 45: 1, 99: 1, 61: 1, 140: 1, 141: 1, 108: 1, 149: 1, 55: 1, 125: 1, 33: 1}","[2671, 4367, 7875, 6821, 7664, 6506, 11784, 5941, 4221, 12384, 6740, 1395, 3878, 2090, 7770, 9067, 14815, 10121, 7958, 7970]",1784,20,0,False,20
3631,direct deposit,direct,108,True,True,False,"{65: 1, 137: 1, 36: 1, 95: 1, 16: 1, 93: 1, 109: 1, 94: 1, 112: 1, 124: 1, 45: 1, 99: 1, 61: 1, 140: 1, 141: 1, 108: 1, 149: 1, 55: 1, 125: 1, 33: 1}","[2671, 4367, 7875, 6821, 7664, 6506, 11784, 5941, 4221, 12384, 6740, 1395, 3878, 2090, 7770, 9067, 14815, 10121, 7958, 7970]",3631,20,0,False,20
1169,spending history,spending,71,False,True,False,"{65: 1, 137: 1, 36: 1, 95: 1, 16: 1, 93: 1, 109: 1, 94: 1, 112: 1, 124: 1, 45: 1, 99: 1, 61: 1, 140: 1, 141: 1, 108: 1, 149: 1, 55: 1, 125: 1, 33: 1}","[2671, 4367, 7875, 6821, 7664, 6506, 11784, 5941, 4221, 12384, 6740, 1395, 3878, 2090, 7770, 9067, 14815, 10121, 7958, 7970]",1169,20,0,False,20
2671,change volume,change volume,150,False,True,False,"{65: 1, 137: 1, 36: 1, 95: 1, 16: 1, 93: 1, 109: 1, 94: 1, 112: 1, 124: 1, 45: 1, 99: 1, 61: 1, 140: 1, 141: 1, 108: 1, 149: 1, 55: 1, 125: 1, 33: 1}","[2671, 4367, 7875, 6821, 7664, 6506, 11784, 5941, 4221, 12384, 6740, 1395, 3878, 2090, 7770, 9067, 14815, 10121, 7958, 7970]",2671,20,0,False,20
1658,nutrition info,nut,1,False,True,False,"{65: 1, 137: 1, 36: 1, 95: 1, 16: 1, 93: 1, 109: 1, 94: 1, 112: 1, 124: 1, 45: 1, 99: 1, 61: 1, 140: 1, 141: 1, 108: 1, 149: 1, 55: 1, 125: 1, 33: 1}","[2671, 4367, 7875, 6821, 7664, 6506, 11784, 5941, 4221, 12384, 6740, 1395, 3878, 2090, 7770, 9067, 14815, 10121, 7958, 7970]",1658,20,0,False,20
4834,what is your name,o,42,False,False,False,"{65: 1, 137: 1, 36: 1, 95: 1, 16: 1, 93: 1, 109: 1, 94: 1, 112: 1, 124: 1, 45: 1, 99: 1, 61: 1, 140: 1, 141: 1, 108: 1, 149: 1, 55: 1, 125: 1, 33: 1}","[2671, 4367, 7875, 6821, 7664, 6506, 11784, 5941, 4221, 12384, 6740, 1395, 3878, 2090, 7770, 9067, 14815, 10121, 7958, 7970]",4834,20,0,False,20
4573,traffic,o,42,False,False,False,"{65: 1, 137: 1, 36: 1, 95: 1, 16: 1, 93: 1, 109: 1, 94: 1, 112: 1, 124: 1, 45: 1, 99: 1, 61: 1, 140: 1, 141: 1, 108: 1, 149: 1, 55: 1, 125: 1, 33: 1}","[2671, 4367, 7875, 6821, 7664, 6506, 11784, 5941, 4221, 12384, 6740, 1395, 3878, 2090, 7770, 9067, 14815, 10121, 7958, 7970]",4573,20,0,False,20
3508,gas,directions,72,False,False,False,"{65: 1, 137: 1, 36: 1, 95: 1, 16: 1, 93: 1, 109: 1, 94: 1, 112: 1, 124: 1, 45: 1, 99: 1, 61: 1, 140: 1, 141: 1, 108: 1, 149: 1, 55: 1, 125: 1, 33: 1}","[2671, 4367, 7875, 6821, 7664, 6506, 11784, 5941, 4221, 12384, 6740, 1395, 3878, 2090, 7770, 9067, 14815, 10121, 7958, 7970]",3508,20,0,False,20
1453,insurance,insurance,74,False,True,False,"{65: 1, 137: 1, 36: 1, 95: 1, 16: 1, 93: 1, 109: 1, 94: 1, 112: 1, 124: 1, 45: 1, 99: 1, 61: 1, 140: 1, 141: 1, 108: 1, 149: 1, 55: 1, 125: 1, 33: 1}","[2671, 4367, 7875, 6821, 7664, 6506, 11784, 5941, 4221, 12384, 6740, 1395, 3878, 2090, 7770, 9067, 14815, 10121, 7958, 7970]",1453,20,0,False,20
2664,next holiday,next hol,140,True,True,False,"{65: 1, 137: 1, 36: 1, 95: 1, 16: 1, 93: 1, 109: 1, 94: 1, 112: 1, 124: 1, 45: 1, 99: 1, 61: 1, 140: 1, 141: 1, 108: 1, 149: 1, 55: 1, 125: 1, 33: 1}","[2671, 4367, 7875, 6821, 7664, 6506, 11784, 5941, 4221, 12384, 6740, 1395, 3878, 2090, 7770, 9067, 14815, 10121, 7958, 7970]",2664,20,0,False,20
5234,how old are you,o,42,False,False,False,"{65: 1, 137: 1, 36: 1, 95: 1, 16: 1, 93: 1, 109: 1, 94: 1, 112: 1, 124: 1, 45: 1, 99: 1, 61: 1, 140: 1, 141: 1, 108: 1, 149: 1, 55: 1, 125: 1, 33: 1}","[2671, 4367, 7875, 6821, 7664, 6506, 11784, 5941, 4221, 12384, 6740, 1395, 3878, 2090, 7770, 9067, 14815, 10121, 7958, 7970]",5234,20,0,False,20
1375,oil change when,oil change when,123,False,True,False,"{65: 1, 137: 1, 36: 1, 95: 1, 16: 1, 93: 1, 109: 1, 94: 1, 112: 1, 124: 1, 45: 1, 99: 1, 61: 1, 140: 1, 141: 1, 108: 1, 149: 1, 55: 1, 125: 1, 33: 1}","[2671, 4367, 7875, 6821, 7664, 6506, 11784, 5941, 4221, 12384, 6740, 1395, 3878, 2090, 7770, 9067, 14815, 10121, 7958, 7970]",1375,20,0,False,20
2372,report lost card,dam,87,False,False,False,"{65: 1, 137: 1, 36: 1, 95: 1, 16: 1, 93: 1, 109: 1, 94: 1, 112: 1, 124: 1, 45: 1, 99: 1, 61: 1, 140: 1, 141: 1, 108: 1, 149: 1, 55: 1, 125: 1, 33: 1}","[2671, 4367, 7875, 6821, 7664, 6506, 11784, 5941, 4221, 12384, 6740, 1395, 3878, 2090, 7770, 9067, 14815, 10121, 7958, 7970]",2372,20,0,False,20
2634,exchange rate,exchange,38,False,True,False,"{65: 1, 137: 1, 36: 1, 95: 1, 16: 1, 93: 1, 109: 1, 94: 1, 112: 1, 124: 1, 45: 1, 99: 1, 61: 1, 140: 1, 141: 1, 108: 1, 149: 1, 55: 1, 125: 1, 33: 1}","[2671, 4367, 7875, 6821, 7664, 6506, 11784, 5941, 4221, 12384, 6740, 1395, 3878, 2090, 7770, 9067, 14815, 10121, 7958, 7970]",2634,20,0,False,20
4012,what are your hobbies,are,117,False,False,False,"{65: 1, 137: 1, 36: 1, 95: 1, 16: 1, 93: 1, 109: 1, 94: 1, 112: 1, 124: 1, 45: 1, 99: 1, 61: 1, 140: 1, 141: 1, 108: 1, 149: 1, 55: 1, 125: 1, 33: 1}","[2671, 4367, 7875, 6821, 7664, 6506, 11784, 5941, 4221, 12384, 6740, 1395, 3878, 2090, 7770, 9067, 14815, 10121, 7958, 7970]",4012,20,0,False,20
1650,nutrition info,nut,1,False,True,False,"{65: 1, 137: 1, 36: 1, 95: 1, 16: 1, 93: 1, 109: 1, 94: 1, 112: 1, 124: 1, 45: 1, 99: 1, 61: 1, 140: 1, 141: 1, 108: 1, 149: 1, 55: 1, 125: 1, 33: 1}","[2671, 4367, 7875, 6821, 7664, 6506, 11784, 5941, 4221, 12384, 6740, 1395, 3878, 2090, 7770, 9067, 14815, 10121, 7958, 7970]",1650,20,0,False,20
4586,redeem rewards,o,42,False,False,False,"{65: 1, 137: 1, 36: 1, 95: 1, 16: 1, 93: 1, 109: 1, 94: 1, 112: 1, 124: 1, 45: 1, 99: 1, 61: 1, 140: 1, 141: 1, 108: 1, 149: 1, 55: 1, 125: 1, 33: 1}","[2671, 4367, 7875, 6821, 7664, 6506, 11784, 5941, 4221, 12384, 6740, 1395, 3878, 2090, 7770, 9067, 14815, 10121, 7958, 7970]",4586,20,0,False,20
4903,tire change,o,42,False,False,False,"{65: 1, 137: 1, 36: 1, 95: 1, 16: 1, 93: 1, 109: 1, 94: 1, 112: 1, 124: 1, 45: 1, 99: 1, 61: 1, 140: 1, 141: 1, 108: 1, 149: 1, 55: 1, 125: 1, 33: 1}","[2671, 4367, 7875, 6821, 7664, 6506, 11784, 5941, 4221, 12384, 6740, 1395, 3878, 2090, 7770, 9067, 14815, 10121, 7958, 7970]",4903,20,0,False,20
2867,pin change,pin,89,False,True,False,"{65: 1, 137: 1, 36: 1, 95: 1, 16: 1, 93: 1, 109: 1, 94: 1, 112: 1, 124: 1, 45: 1, 99: 1, 61: 1, 140: 1, 141: 1, 108: 1, 149: 1, 55: 1, 125: 1, 33: 1}","[2671, 4367, 7875, 6821, 7664, 6506, 11784, 5941, 4221, 12384, 6740, 1395, 3878, 2090, 7770, 9067, 14815, 10121, 7958, 7970]",2867,20,0,False,20
5104,find phone,o,42,False,False,False,"{65: 1, 137: 1, 36: 1, 95: 1, 16: 1, 93: 1, 109: 1, 94: 1, 112: 1, 124: 1, 45: 1, 99: 1, 61: 1, 140: 1, 141: 1, 108: 1, 149: 1, 55: 1, 125: 1, 33: 1}","[2671, 4367, 7875, 6821, 7664, 6506, 11784, 5941, 4221, 12384, 6740, 1395, 3878, 2090, 7770, 9067, 14815, 10121, 7958, 7970]",5104,20,0,False,20
1351,oil change when,oil change when,123,False,True,False,"{65: 1, 137: 1, 36: 1, 95: 1, 16: 1, 93: 1, 109: 1, 94: 1, 112: 1, 124: 1, 45: 1, 99: 1, 61: 1, 140: 1, 141: 1, 108: 1, 149: 1, 55: 1, 125: 1, 33: 1}","[2671, 4367, 7875, 6821, 7664, 6506, 11784, 5941, 4221, 12384, 6740, 1395, 3878, 2090, 7770, 9067, 14815, 10121, 7958, 7970]",1351,20,0,False,20
2834,order status,order status,84,False,True,False,"{65: 1, 137: 1, 36: 1, 95: 1, 16: 1, 93: 1, 109: 1, 94: 1, 112: 1, 124: 1, 45: 1, 99: 1, 61: 1, 140: 1, 141: 1, 108: 1, 149: 1, 55: 1, 125: 1, 33: 1}","[2671, 4367, 7875, 6821, 7664, 6506, 11784, 5941, 4221, 12384, 6740, 1395, 3878, 2090, 7770, 9067, 14815, 10121, 7958, 7970]",2834,20,0,False,20
1964,thank you,thank,124,True,True,False,"{65: 1, 137: 1, 36: 1, 95: 1, 16: 1, 93: 1, 109: 1, 94: 1, 112: 1, 124: 1, 45: 1, 99: 1, 61: 1, 140: 1, 141: 1, 108: 1, 149: 1, 55: 1, 125: 1, 33: 1}","[2671, 4367, 7875, 6821, 7664, 6506, 11784, 5941, 4221, 12384, 6740, 1395, 3878, 2090, 7770, 9067, 14815, 10121, 7958, 7970]",1964,20,0,False,20
1077,restaurant reviews,restaurant suggestion,145,False,False,False,"{65: 1, 137: 1, 36: 1, 95: 1, 16: 1, 93: 1, 109: 1, 94: 1, 112: 1, 124: 1, 45: 1, 99: 1, 61: 1, 140: 1, 141: 1, 108: 1, 149: 1, 55: 1, 125: 1, 33: 1}","[2671, 4367, 7875, 6821, 7664, 6506, 11784, 5941, 4221, 12384, 6740, 1395, 3878, 2090, 7770, 9067, 14815, 10121, 7958, 7970]",1077,20,0,False,20
431,timezone,time,4,False,False,False,"{65: 1, 137: 1, 36: 1, 95: 1, 16: 1, 93: 1, 109: 1, 94: 1, 112: 1, 124: 1, 45: 1, 99: 1, 61: 1, 140: 1, 141: 1, 108: 1, 149: 1, 55: 1, 125: 1, 33: 1}","[2671, 4367, 7875, 6821, 7664, 6506, 11784, 5941, 4221, 12384, 6740, 1395, 3878, 2090, 7770, 9067, 14815, 10121, 7958, 7970]",431,20,0,False,20
1338,mpg,m,142,False,True,False,"{65: 1, 137: 1, 36: 1, 95: 1, 16: 1, 93: 1, 109: 1, 94: 1, 112: 1, 124: 1, 45: 1, 99: 1, 61: 1, 140: 1, 141: 1, 108: 1, 149: 1, 55: 1, 125: 1, 33: 1}","[2671, 4367, 7875, 6821, 7664, 6506, 11784, 5941, 4221, 12384, 6740, 1395, 3878, 2090, 7770, 9067, 14815, 10121, 7958, 7970]",1338,20,0,False,20
250,travel suggestion,pto request,97,False,False,True,"{65: 1, 137: 1, 36: 1, 95: 1, 16: 1, 93: 1, 109: 1, 94: 1, 112: 1, 124: 1, 45: 1, 99: 1, 61: 1, 140: 1, 141: 1, 108: 1, 149: 1, 55: 1, 125: 1, 33: 1}","[2671, 4367, 7875, 6821, 7664, 6506, 11784, 5941, 4221, 12384, 6740, 1395, 3878, 2090, 7770, 9067, 14815, 10121, 7958, 7970]",250,20,0,False,20
4746,travel suggestion,o,42,False,False,True,"{65: 1, 137: 1, 36: 1, 95: 1, 16: 1, 93: 1, 109: 1, 94: 1, 112: 1, 124: 1, 45: 1, 99: 1, 61: 1, 140: 1, 141: 1, 108: 1, 149: 1, 55: 1, 125: 1, 33: 1}","[2671, 4367, 7875, 6821, 7664, 6506, 11784, 5941, 4221, 12384, 6740, 1395, 3878, 2090, 7770, 9067, 14815, 10121, 7958, 7970]",4746,20,0,False,20
4500,how old are you,o,42,False,False,False,"{65: 1, 137: 1, 36: 1, 95: 1, 16: 1, 93: 1, 109: 1, 94: 1, 112: 1, 124: 1, 45: 1, 99: 1, 61: 1, 140: 1, 141: 1, 108: 1, 149: 1, 55: 1, 125: 1, 33: 1}","[2671, 4367, 7875, 6821, 7664, 6506, 11784, 5941, 4221, 12384, 6740, 1395, 3878, 2090, 7770, 9067, 14815, 10121, 7958, 7970]",4500,20,0,False,20
4208,how old are you,how old,99,True,True,False,"{65: 1, 137: 1, 36: 1, 95: 1, 16: 1, 93: 1, 109: 1, 94: 1, 112: 1, 124: 1, 45: 1, 99: 1, 61: 1, 140: 1, 141: 1, 108: 1, 149: 1, 55: 1, 125: 1, 33: 1}","[2671, 4367, 7875, 6821, 7664, 6506, 11784, 5941, 4221, 12384, 6740, 1395, 3878, 2090, 7770, 9067, 14815, 10121, 7958, 7970]",4208,20,0,False,20
4516,what is your name,o,42,False,False,False,"{65: 1, 137: 1, 36: 1, 95: 1, 16: 1, 93: 1, 109: 1, 94: 1, 112: 1, 124: 1, 45: 1, 99: 1, 61: 1, 140: 1, 141: 1, 108: 1, 149: 1, 55: 1, 125: 1, 33: 1}","[2671, 4367, 7875, 6821, 7664, 6506, 11784, 5941, 4221, 12384, 6740, 1395, 3878, 2090, 7770, 9067, 14815, 10121, 7958, 7970]",4516,20,0,False,20
5245,weather,o,42,False,False,False,"{65: 1, 137: 1, 36: 1, 95: 1, 16: 1, 93: 1, 109: 1, 94: 1, 112: 1, 124: 1, 45: 1, 99: 1, 61: 1, 140: 1, 141: 1, 108: 1, 149: 1, 55: 1, 125: 1, 33: 1}","[2671, 4367, 7875, 6821, 7664, 6506, 11784, 5941, 4221, 12384, 6740, 1395, 3878, 2090, 7770, 9067, 14815, 10121, 7958, 7970]",5245,20,0,False,20
4380,order,order,16,True,True,True,"{65: 1, 137: 1, 36: 1, 95: 1, 16: 1, 93: 1, 109: 1, 94: 1, 112: 1, 124: 1, 45: 1, 99: 1, 61: 1, 140: 1, 141: 1, 108: 1, 149: 1, 55: 1, 125: 1, 33: 1}","[2671, 4367, 7875, 6821, 7664, 6506, 11784, 5941, 4221, 12384, 6740, 1395, 3878, 2090, 7770, 9067, 14815, 10121, 7958, 7970]",4380,20,0,False,20
3562,how old are you,gre,82,False,False,False,"{65: 1, 137: 1, 36: 1, 95: 1, 16: 1, 93: 1, 109: 1, 94: 1, 112: 1, 124: 1, 45: 1, 99: 1, 61: 1, 140: 1, 141: 1, 108: 1, 149: 1, 55: 1, 125: 1, 33: 1}","[2671, 4367, 7875, 6821, 7664, 6506, 11784, 5941, 4221, 12384, 6740, 1395, 3878, 2090, 7770, 9067, 14815, 10121, 7958, 7970]",3562,20,0,False,20
569,change ai name,change user,144,False,False,False,"{65: 1, 137: 1, 36: 1, 95: 1, 16: 1, 93: 1, 109: 1, 94: 1, 112: 1, 124: 1, 45: 1, 99: 1, 61: 1, 140: 1, 141: 1, 108: 1, 149: 1, 55: 1, 125: 1, 33: 1}","[2671, 4367, 7875, 6821, 7664, 6506, 11784, 5941, 4221, 12384, 6740, 1395, 3878, 2090, 7770, 9067, 14815, 10121, 7958, 7970]",569,20,0,False,20
1856,pto balance,pto used,148,False,False,False,"{65: 1, 137: 1, 36: 1, 95: 1, 16: 1, 93: 1, 109: 1, 94: 1, 112: 1, 124: 1, 45: 1, 99: 1, 61: 1, 140: 1, 141: 1, 108: 1, 149: 1, 55: 1, 125: 1, 33: 1}","[2671, 4367, 7875, 6821, 7664, 6506, 11784, 5941, 4221, 12384, 6740, 1395, 3878, 2090, 7770, 9067, 14815, 10121, 7958, 7970]",1856,20,0,False,20
2906,goodbye,good,114,False,True,False,"{65: 1, 137: 1, 36: 1, 95: 1, 16: 1, 93: 1, 109: 1, 94: 1, 112: 1, 124: 1, 45: 1, 99: 1, 61: 1, 140: 1, 141: 1, 108: 1, 149: 1, 55: 1, 125: 1, 33: 1}","[2671, 4367, 7875, 6821, 7664, 6506, 11784, 5941, 4221, 12384, 6740, 1395, 3878, 2090, 7770, 9067, 14815, 10121, 7958, 7970]",2906,20,0,False,20
1899,travel notification,travel notification,146,False,True,False,"{65: 1, 137: 1, 36: 1, 95: 1, 16: 1, 93: 1, 109: 1, 94: 1, 112: 1, 124: 1, 45: 1, 99: 1, 61: 1, 140: 1, 141: 1, 108: 1, 149: 1, 55: 1, 125: 1, 33: 1}","[2671, 4367, 7875, 6821, 7664, 6506, 11784, 5941, 4221, 12384, 6740, 1395, 3878, 2090, 7770, 9067, 14815, 10121, 7958, 7970]",1899,20,0,False,20
1753,calculator,calcul,138,False,True,False,"{65: 1, 137: 1, 36: 1, 95: 1, 16: 1, 93: 1, 109: 1, 94: 1, 112: 1, 124: 1, 45: 1, 99: 1, 61: 1, 140: 1, 141: 1, 108: 1, 149: 1, 55: 1, 125: 1, 33: 1}","[2671, 4367, 7875, 6821, 7664, 6506, 11784, 5941, 4221, 12384, 6740, 1395, 3878, 2090, 7770, 9067, 14815, 10121, 7958, 7970]",1753,20,0,False,20
2956,play music,what song,21,False,False,False,"{65: 1, 137: 1, 36: 1, 95: 1, 16: 1, 93: 1, 109: 1, 94: 1, 112: 1, 124: 1, 45: 1, 99: 1, 61: 1, 140: 1, 141: 1, 108: 1, 149: 1, 55: 1, 125: 1, 33: 1}","[2671, 4367, 7875, 6821, 7664, 6506, 11784, 5941, 4221, 12384, 6740, 1395, 3878, 2090, 7770, 9067, 14815, 10121, 7958, 7970]",2956,20,0,False,20
3801,shopping list,shopping list,43,False,True,False,"{65: 1, 137: 1, 36: 1, 95: 1, 16: 1, 93: 1, 109: 1, 94: 1, 112: 1, 124: 1, 45: 1, 99: 1, 61: 1, 140: 1, 141: 1, 108: 1, 149: 1, 55: 1, 125: 1, 33: 1}","[2671, 4367, 7875, 6821, 7664, 6506, 11784, 5941, 4221, 12384, 6740, 1395, 3878, 2090, 7770, 9067, 14815, 10121, 7958, 7970]",3801,20,0,False,20
2949,play music,what song,21,False,False,False,"{65: 1, 137: 1, 36: 1, 95: 1, 16: 1, 93: 1, 109: 1, 94: 1, 112: 1, 124: 1, 45: 1, 99: 1, 61: 1, 140: 1, 141: 1, 108: 1, 149: 1, 55: 1, 125: 1, 33: 1}","[2671, 4367, 7875, 6821, 7664, 6506, 11784, 5941, 4221, 12384, 6740, 1395, 3878, 2090, 7770, 9067, 14815, 10121, 7958, 7970]",2949,20,0,False,20
4303,food last,me,46,False,False,False,"{65: 1, 137: 1, 36: 1, 95: 1, 16: 1, 93: 1, 109: 1, 94: 1, 112: 1, 124: 1, 45: 1, 99: 1, 61: 1, 140: 1, 141: 1, 108: 1, 149: 1, 55: 1, 125: 1, 33: 1}","[2671, 4367, 7875, 6821, 7664, 6506, 11784, 5941, 4221, 12384, 6740, 1395, 3878, 2090, 7770, 9067, 14815, 10121, 7958, 7970]",4303,20,0,False,20
1261,lost luggage,lost,113,False,True,False,"{65: 1, 137: 1, 36: 1, 95: 1, 16: 1, 93: 1, 109: 1, 94: 1, 112: 1, 124: 1, 45: 1, 99: 1, 61: 1, 140: 1, 141: 1, 108: 1, 149: 1, 55: 1, 125: 1, 33: 1}","[2671, 4367, 7875, 6821, 7664, 6506, 11784, 5941, 4221, 12384, 6740, 1395, 3878, 2090, 7770, 9067, 14815, 10121, 7958, 7970]",1261,20,0,False,20
5215,nutrition info,o,42,False,False,False,"{65: 1, 137: 1, 36: 1, 95: 1, 16: 1, 93: 1, 109: 1, 94: 1, 112: 1, 124: 1, 45: 1, 99: 1, 61: 1, 140: 1, 141: 1, 108: 1, 149: 1, 55: 1, 125: 1, 33: 1}","[2671, 4367, 7875, 6821, 7664, 6506, 11784, 5941, 4221, 12384, 6740, 1395, 3878, 2090, 7770, 9067, 14815, 10121, 7958, 7970]",5215,20,0,False,20
5370,new card,o,42,False,False,False,"{65: 1, 137: 1, 36: 1, 95: 1, 16: 1, 93: 1, 109: 1, 94: 1, 112: 1, 124: 1, 45: 1, 99: 1, 61: 1, 140: 1, 141: 1, 108: 1, 149: 1, 55: 1, 125: 1, 33: 1}","[2671, 4367, 7875, 6821, 7664, 6506, 11784, 5941, 4221, 12384, 6740, 1395, 3878, 2090, 7770, 9067, 14815, 10121, 7958, 7970]",5370,20,0,False,20
1139,pay bill,pay bill,111,False,True,False,"{65: 1, 137: 1, 36: 1, 95: 1, 16: 1, 93: 1, 109: 1, 94: 1, 112: 1, 124: 1, 45: 1, 99: 1, 61: 1, 140: 1, 141: 1, 108: 1, 149: 1, 55: 1, 125: 1, 33: 1}","[2671, 4367, 7875, 6821, 7664, 6506, 11784, 5941, 4221, 12384, 6740, 1395, 3878, 2090, 7770, 9067, 14815, 10121, 7958, 7970]",1139,20,0,False,20
2633,exchange rate,exchange,38,False,True,False,"{65: 1, 137: 1, 36: 1, 95: 1, 16: 1, 93: 1, 109: 1, 94: 1, 112: 1, 124: 1, 45: 1, 99: 1, 61: 1, 140: 1, 141: 1, 108: 1, 149: 1, 55: 1, 125: 1, 33: 1}","[2671, 4367, 7875, 6821, 7664, 6506, 11784, 5941, 4221, 12384, 6740, 1395, 3878, 2090, 7770, 9067, 14815, 10121, 7958, 7970]",2633,20,0,False,20
4956,date,o,42,False,False,True,"{65: 1, 137: 1, 36: 1, 95: 1, 16: 1, 93: 1, 109: 1, 94: 1, 112: 1, 124: 1, 45: 1, 99: 1, 61: 1, 140: 1, 141: 1, 108: 1, 149: 1, 55: 1, 125: 1, 33: 1}","[2671, 4367, 7875, 6821, 7664, 6506, 11784, 5941, 4221, 12384, 6740, 1395, 3878, 2090, 7770, 9067, 14815, 10121, 7958, 7970]",4956,20,0,False,20
2932,account blocked,account,2,False,True,False,"{65: 1, 137: 1, 36: 1, 95: 1, 16: 1, 93: 1, 109: 1, 94: 1, 112: 1, 124: 1, 45: 1, 99: 1, 61: 1, 140: 1, 141: 1, 108: 1, 149: 1, 55: 1, 125: 1, 33: 1}","[2671, 4367, 7875, 6821, 7664, 6506, 11784, 5941, 4221, 12384, 6740, 1395, 3878, 2090, 7770, 9067, 14815, 10121, 7958, 7970]",2932,20,0,False,20
1523,rewards balance,reminder,76,False,False,False,"{65: 1, 137: 1, 36: 1, 95: 1, 16: 1, 93: 1, 109: 1, 94: 1, 112: 1, 124: 1, 45: 1, 99: 1, 61: 1, 140: 1, 141: 1, 108: 1, 149: 1, 55: 1, 125: 1, 33: 1}","[2671, 4367, 7875, 6821, 7664, 6506, 11784, 5941, 4221, 12384, 6740, 1395, 3878, 2090, 7770, 9067, 14815, 10121, 7958, 7970]",1523,20,0,False,20
4684,car rental,o,42,False,False,False,"{65: 1, 137: 1, 36: 1, 95: 1, 16: 1, 93: 1, 109: 1, 94: 1, 112: 1, 124: 1, 45: 1, 99: 1, 61: 1, 140: 1, 141: 1, 108: 1, 149: 1, 55: 1, 125: 1, 33: 1}","[2671, 4367, 7875, 6821, 7664, 6506, 11784, 5941, 4221, 12384, 6740, 1395, 3878, 2090, 7770, 9067, 14815, 10121, 7958, 7970]",4684,20,0,False,20
5014,new card,o,42,False,False,False,"{65: 1, 137: 1, 36: 1, 95: 1, 16: 1, 93: 1, 109: 1, 94: 1, 112: 1, 124: 1, 45: 1, 99: 1, 61: 1, 140: 1, 141: 1, 108: 1, 149: 1, 55: 1, 125: 1, 33: 1}","[2671, 4367, 7875, 6821, 7664, 6506, 11784, 5941, 4221, 12384, 6740, 1395, 3878, 2090, 7770, 9067, 14815, 10121, 7958, 7970]",5014,20,0,False,20
3780,shopping list update,shopping list,43,False,False,True,"{65: 1, 137: 1, 36: 1, 95: 1, 16: 1, 93: 1, 109: 1, 94: 1, 112: 1, 124: 1, 45: 1, 99: 1, 61: 1, 140: 1, 141: 1, 108: 1, 149: 1, 55: 1, 125: 1, 33: 1}","[2671, 4367, 7875, 6821, 7664, 6506, 11784, 5941, 4221, 12384, 6740, 1395, 3878, 2090, 7770, 9067, 14815, 10121, 7958, 7970]",3780,20,0,False,20
3219,where are you from,current,136,False,False,False,"{65: 1, 137: 1, 36: 1, 95: 1, 16: 1, 93: 1, 109: 1, 94: 1, 112: 1, 124: 1, 45: 1, 99: 1, 61: 1, 140: 1, 141: 1, 108: 1, 149: 1, 55: 1, 125: 1, 33: 1}","[2671, 4367, 7875, 6821, 7664, 6506, 11784, 5941, 4221, 12384, 6740, 1395, 3878, 2090, 7770, 9067, 14815, 10121, 7958, 7970]",3219,20,0,False,20
1955,thank you,thank,124,True,True,False,"{65: 1, 137: 1, 36: 1, 95: 1, 16: 1, 93: 1, 109: 1, 94: 1, 112: 1, 124: 1, 45: 1, 99: 1, 61: 1, 140: 1, 141: 1, 108: 1, 149: 1, 55: 1, 125: 1, 33: 1}","[2671, 4367, 7875, 6821, 7664, 6506, 11784, 5941, 4221, 12384, 6740, 1395, 3878, 2090, 7770, 9067, 14815, 10121, 7958, 7970]",1955,20,0,False,20
34,transfer,transfer,133,False,True,False,"{65: 1, 137: 1, 36: 1, 95: 1, 16: 1, 93: 1, 109: 1, 94: 1, 112: 1, 124: 1, 45: 1, 99: 1, 61: 1, 140: 1, 141: 1, 108: 1, 149: 1, 55: 1, 125: 1, 33: 1}","[2671, 4367, 7875, 6821, 7664, 6506, 11784, 5941, 4221, 12384, 6740, 1395, 3878, 2090, 7770, 9067, 14815, 10121, 7958, 7970]",34,20,0,False,20
3136,change volume,measurement,31,False,False,False,"{65: 1, 137: 1, 36: 1, 95: 1, 16: 1, 93: 1, 109: 1, 94: 1, 112: 1, 124: 1, 45: 1, 99: 1, 61: 1, 140: 1, 141: 1, 108: 1, 149: 1, 55: 1, 125: 1, 33: 1}","[2671, 4367, 7875, 6821, 7664, 6506, 11784, 5941, 4221, 12384, 6740, 1395, 3878, 2090, 7770, 9067, 14815, 10121, 7958, 7970]",3136,20,0,False,20
1328,mpg,m,142,False,True,False,"{65: 1, 137: 1, 36: 1, 95: 1, 16: 1, 93: 1, 109: 1, 94: 1, 112: 1, 124: 1, 45: 1, 99: 1, 61: 1, 140: 1, 141: 1, 108: 1, 149: 1, 55: 1, 125: 1, 33: 1}","[2671, 4367, 7875, 6821, 7664, 6506, 11784, 5941, 4221, 12384, 6740, 1395, 3878, 2090, 7770, 9067, 14815, 10121, 7958, 7970]",1328,20,0,False,20
3359,whisper mode,whisper,14,False,True,False,"{65: 1, 137: 1, 36: 1, 95: 1, 16: 1, 93: 1, 109: 1, 94: 1, 112: 1, 124: 1, 45: 1, 99: 1, 61: 1, 140: 1, 141: 1, 108: 1, 149: 1, 55: 1, 125: 1, 33: 1}","[2671, 4367, 7875, 6821, 7664, 6506, 11784, 5941, 4221, 12384, 6740, 1395, 3878, 2090, 7770, 9067, 14815, 10121, 7958, 7970]",3359,20,0,False,20
1371,oil change when,oil change when,123,False,True,False,"{65: 1, 137: 1, 36: 1, 95: 1, 16: 1, 93: 1, 109: 1, 94: 1, 112: 1, 124: 1, 45: 1, 99: 1, 61: 1, 140: 1, 141: 1, 108: 1, 149: 1, 55: 1, 125: 1, 33: 1}","[2671, 4367, 7875, 6821, 7664, 6506, 11784, 5941, 4221, 12384, 6740, 1395, 3878, 2090, 7770, 9067, 14815, 10121, 7958, 7970]",1371,20,0,False,20
