,outputs,label_tokens,true_numeric_labels,true_label_present_in_prompt,correct,predicted_label_present_in_prompt,prompt_labels,prompt_example_indices,id,n_shots,run_number,unlimiformer,nspw
4077,play music,music settings,44,True,False,True,"{21: 26, 33: 14, 2: 18, 29: 13, 25: 57, 43: 9, 57: 16, 49: 16, 61: 14, 67: 52, 65: 21, 50: 28, 15: 53, 6: 13, 46: 15, 27: 69, 7: 65, 48: 67, 19: 21, 31: 14, 63: 26, 22: 39, 9: 79, 26: 40, 47: 15, 53: 66, 11: 19, 51: 26, 54: 9, 13: 32, 17: 37, 52: 30, 39: 27, 38: 19, 1: 6, 59: 33, 56: 23, 32: 9, 8: 25, 4: 12, 20: 26, 24: 7, 18: 31, 42: 7, 28: 31, 45: 57, 0: 13, 66: 11, 62: 11, 35: 7, 64: 15, 37: 2, 40: 25, 3: 3, 14: 5, 12: 8, 16: 15, 55: 16, 30: 13, 58: 6, 36: 4, 60: 5, 5: 3, 41: 2, 44: 2, 34: 2}","[12686, 3384, 6034, 14374, 14516, 14680, 18580, 5912, 661, 4433, 14182, 14634, 14672, 13694, 17233, 12320, 12666, 7276, 14925, 15315, 1125, 14820, 3769, 14096, 12401, 14972, 14176, 4685, 4278, 5735, 7514, 16051, 15882, 4696, 17145, 19193, 12994, 9901, 13641, 15193, 6739, 9240, 1608, 14664, 18117, 5676, 15714, 5964, 5329, 16651, 15936, 14441, 15878, 18316, 14255, 18692, 5858, 4640, 10716, 13839, 16635, 2097, 11464, 12427, 2320, 14629, 7617, 16183, 16205, 2170, 4384, 6683, 5285, 18707, 6780, 4231, 2404, 4895, 18091, 2944, 13054, 3904, 3491, 9455, 15985, 10432, 8657, 15304, 9114, 5838, 5197, 17244, 6207, 3970, 17246, 3950, 6168, 8697, 6800, 9942, 11118, 8582, 6355, 15275, 4581, 12724, 11921, 1833, 523, 7619, 15729, 176, 8576, 3101, 1573, 1283, 11796, 11277, 2547, 1738, 6806, 15187, 7129, 5179, 5854, 16373, 9231, 6270, 777, 2062, 13249, 4144, 6325, 3924, 5350, 14414, 3142, 2249, 6444, 13582, 2833, 18030, 6483, 18404, 15057, 7482, 15001, 15872, 14584, 10835, 954, 7257, 1381, 17819, 17518, 6497, 14430, 4901, 16466, 10805, 132, 7506, 755, 14427, 12119, 16613, 19042, 14994, 11257, 8042, 2144, 5966, 1580, 8010, 2550, 10684, 14088, 5037, 8764, 17076, 14185, 15984, 5299, 16601, 19182, 13197, 14561, 12605, 17010, 2703, 6715, 11207, 10188, 212, 2293, 17676, 1720, 5934, 112, 8568, 15870, 3226, 4524, 4431, 5141, 5383, 7609, 12807, 19001, 14368, 6704, 14903, 4172, 117, 18698, 1699, 16558, 7518, 10618, 2110, 10308, 7828, 6623, 17644, 4449, 951, 13858, 15106, 8402, 916, 4771, 8608, 6448, 6656, 13547, 2814, 8336, 8093, 6398, 637, 9909, 10621, 786, 14146, 17292, 9457, 3, 2884, 14785, 10504, 16361, 8181, 17690, 654, 11067, 18741, 386, 18208, 10130, 8079, 7082, 14740, 8076, 18619, 14428, 10992, 12679, 9431, 18328, 13606, 7641, 13542, 1002, 11975, 15646, 19078, 1352, 8683, 16053, 11763, 14823, 7059, 4995, 3754, 6213, 10090, 19084, 1973, 8131, 5353, 836, 13960, 3217, 4885, 9645, 16941, 14750, 13171, 9132, 1355, 4440, 15747, 8233, 6008, 12781, 16749, 13905, 18198, 5033, 2910, 16502, 1233, 965, 16926, 3944, 13518, 18213, 12739, 9972, 14609, 5764, 6128, 9532, 12680, 3672, 5458, 6822, 11547, 3163, 8040, 14081, 8369, 18182, 17541, 11552, 12451, 15074, 1783, 17730, 1690, 16992, 2490, 2459, 18065, 320, 18311, 45, 9495, 4572, 544, 12731, 16811, 15096, 14957, 4594, 16607, 2449, 7791, 13659, 8892, 1713, 17336, 6598, 13832, 10495, 18937, 3067, 3473, 12715, 13492, 14787, 16503, 17899, 16638, 2408, 7141, 10590, 2917, 14650, 12571, 4321, 2855, 1829, 3736, 3381, 11069, 16093, 15201, 14311, 9836, 18289, 16899, 897, 13981, 12223, 8884, 15721, 7778, 13648, 5737, 6550, 19249, 2715, 447, 12941, 8915, 18963, 16291, 760, 5869, 3635, 3439, 6740, 5003, 3174, 2945, 16056, 4860, 11216, 7363, 1147, 12124, 9764, 11245, 4361, 7784, 16285, 17057, 11203, 5114, 17655, 12056, 17890, 7741, 15799, 10258, 16088, 19222, 15303, 1433, 5991, 322, 2322, 3156, 9940, 7814, 17068, 16968, 10018, 1991, 11946, 8705, 10371, 4619, 11074, 2034, 15550, 11743, 18666, 13494, 14175, 13948, 15123, 11154, 10397, 1701, 4770, 839, 12085, 16500, 16241, 1535, 18782, 2221, 539, 18405, 4245, 103, 1571, 16945, 12196, 9441, 1732, 1367, 3596, 4794, 7230, 5245, 17483, 2955, 2003, 11509, 4044, 12934, 3456, 16693, 593, 4582, 14076, 10972, 1965, 7227, 14324, 8658, 3772, 8355, 11889, 1908, 2684, 10026, 1666, 16507, 5589, 9295, 8389, 2099, 18653, 13808, 19147, 6675, 10970, 2788, 19028, 16983, 16166, 9845, 8160, 11381, 10088, 10333, 11716, 14695, 12697, 4365, 3747, 17296, 11904, 74, 7047, 10639, 13094, 940, 10478, 2032, 6642, 14896, 10840, 5430, 5556, 12597, 2183, 18403, 4252, 14613, 18283, 8790, 12140, 13540, 13353, 14114, 13297, 4056, 14038, 11299, 13770, 11433, 14285, 1526, 1955, 15711, 255, 12481, 612, 1635, 4886, 357, 11434, 9524, 13106, 2607, 5391, 9406, 2331, 624, 2749, 17849, 9829, 11436, 18426, 9481, 18550, 15647, 532, 11720, 11824, 15610, 15741, 7902, 13558, 17967, 14539, 17889, 4631, 1238, 16921, 7787, 15293, 3108, 8215, 2851, 4514, 12938, 16730, 17178, 4890, 17960, 4725, 7917, 3191, 8231, 16341, 8195, 10913, 2173, 5557, 2637, 16896, 5806, 1815, 1451, 8864, 2290, 12108, 5328, 6203, 2431, 7508, 17898, 17188, 6897, 1199, 15526, 18437, 6631, 8644, 16917, 14964, 14233, 2454, 584, 4830, 7199, 4180, 14889, 5761, 13756, 6917, 7756, 18880, 15095, 1816, 14070, 16252, 7429, 16589, 1631, 15968, 15221, 12478, 18594, 1477, 5637, 12058, 1205, 13397, 9107, 18654, 1968, 3759, 13147, 14144, 14973, 12452, 18020, 13592, 17920, 13687, 11335, 7207, 418, 7834, 778, 12982, 10688, 9031, 509, 9601, 9780, 17040, 12023, 3916, 91, 6536, 18535, 7547, 15240, 707, 14533, 15064, 17012, 16805, 8637, 5969, 16221, 1940, 13307, 4717, 12615, 18220, 11028, 12170, 1743, 2376, 12415, 14220, 18827, 1294, 18543, 6977, 15309, 11778, 11842, 17103, 3857, 4637, 12162, 19169, 17166, 18237, 17818, 9507, 19022, 5790, 19112, 15611, 1118, 15184, 18703, 1817, 15530, 16579, 8437, 11839, 11378, 3537, 9205, 9217, 16272, 18759, 16828, 12002, 8348, 1723, 3481, 14115, 379, 8544, 264, 6015, 7672, 2253, 7364, 3706, 13796, 17139, 16125, 12059, 9623, 7185, 2418, 18230, 3087, 281, 4379, 1796, 8459, 4400, 17824, 2736, 16446, 13525, 15341, 3275, 7872, 1662, 7557, 4319, 15442, 7181, 10456, 4963, 17048, 16943, 12784, 3441, 5240, 9975, 13216, 17702, 11594, 13554, 6165, 19168, 16070, 3540, 3262, 10661, 4061, 13173, 2875, 17014, 4349, 10818, 8428, 16764, 14232, 8930, 15734, 17680, 7069, 15684, 17050, 18987, 6914, 6863, 19263, 10595, 150, 10039, 2722, 18223, 16444, 6559, 7258, 2661, 7699, 17136, 12773, 4247, 5723, 15194, 1696, 1500, 2807, 9893, 11835, 13240, 18313, 17107, 10265, 10244, 5570, 2862, 14049, 1012, 12861, 723, 9583, 17461, 10056, 1264, 8297, 3716, 14666, 15259, 13531, 543, 13723, 16810, 6700, 3516, 13766, 7186, 10692, 6321, 15484, 14547, 8744, 3703, 10383, 16829, 6366, 6846, 3906, 2021, 18133, 857, 279, 12232, 10212, 10541, 12325, 13475, 1225, 937, 6966, 10881, 16936, 18502, 1440, 11914, 3326, 5633, 14913, 4623, 10743, 12361, 17335, 1072, 5043, 14810, 15077, 3255, 17215, 6553, 17852, 4801, 6962, 3060, 9430, 8799, 13824, 188, 15175, 15163, 4733, 5011, 3536, 17635, 6532, 14071, 6112, 17158, 6597, 11272, 105, 19219, 5013, 12483, 201, 6848, 17033, 6367, 7859, 14702, 18844, 7053, 18694, 15670, 636, 10129, 6378, 5369, 7273, 16247, 9142, 15345, 16817, 14854, 2600, 15783, 889, 11833, 6612, 2068, 2427, 7062, 7918, 16181, 5464, 8339, 8950, 8453, 16423, 6064, 2380, 4268, 13929, 12974, 19141, 1299, 2484, 3883, 3273, 8772, 13256, 11239, 5766, 18098, 12705, 11004, 2695, 10048, 10960, 2766, 15661, 13258, 8015, 6032, 16397, 7749, 19039, 7634, 15076, 4234, 15114, 8475, 8091, 19220, 18004, 9704, 13918, 15569, 16443, 10015, 9943, 7817, 9349, 2588, 8249, 398, 5316, 15538, 18372, 13559, 2937, 2803, 16248, 6155, 630, 9911, 13190, 19157, 15788, 13248, 13148, 1320, 12074, 8471, 8798, 3213, 12418, 814, 2402, 12718, 12397, 10564, 9875, 10128, 6947, 9491, 17707, 3266, 19196, 14309, 18523, 19043, 17975, 18063, 11618, 15016, 14434, 7680, 1739, 18029, 11694, 1745, 9271, 5189, 9561, 11283, 14978, 10753, 16017, 12914, 978, 2828, 17257, 13135, 5061, 121, 6602, 16015, 19271, 12159, 1244, 8260, 13195, 15873, 12815, 14291, 14515, 118, 4892, 14985, 9551, 12654, 4739, 927, 12176, 9523, 11726, 18187, 5880, 2569, 3386, 13942, 3390, 15774, 129, 65, 12922, 8422, 12692, 16213, 11515, 2111, 8347, 10758, 14064, 4401, 17782, 15621, 6709, 14716, 4091, 13964, 8424, 4218, 7249, 11311, 11171, 18564, 14755, 7114, 14009, 14815, 294, 495, 7684, 6833, 4046, 3505, 16995, 17858, 7761, 15803, 9840, 13958, 8226, 10369, 12497, 17142, 1748, 2854, 7159, 11539, 11055, 13337, 17173, 14214, 6803, 11144, 12649, 283, 15489, 13174, 7015, 610, 7030, 18206, 14077, 15468, 14962, 8046, 7809, 17387, 16034, 16678, 1173, 3502, 12942, 15655, 16859, 7099, 1673, 446, 1365, 5881, 3713, 11697, 1897, 16001, 1702, 14149, 11876, 9341, 4325, 6923, 2001, 138, 3276, 18716, 17604, 10501, 115, 12800, 6111, 11148, 4549, 16057, 4707, 6843, 16091, 4295, 7519, 13708, 12409, 11018, 5052, 13566, 14715, 12755, 793, 10837, 1888, 12375, 3935, 5763, 11791, 11258, 13264, 11469, 4683, 8905, 1853, 11600, 4421, 2798, 5074, 18141, 13807, 8595, 8126, 13837, 8060, 6956, 11767, 14560, 9389, 15261, 1232, 12560, 7262, 11504, 3546, 4627, 1177, 517, 4008, 9219, 17696, 4148, 14124, 13243, 11235, 7561, 8331, 16320, 3591, 11341, 4015, 12028, 14929, 18601, 3528, 14065, 1510, 19191, 13833, 17616, 10869, 17689, 831, 16725, 6319, 15465, 10467, 8162, 13563, 7728, 10778, 13545, 12290, 16480, 14401, 12838, 4212, 17529, 4832, 15111, 12690, 10373, 7596, 18614, 17477, 1043, 13100, 4774, 17479, 3774, 9302, 3901, 13071, 6412, 9516, 1261, 3054, 13522, 17602, 14343, 18500, 10957, 2791, 9624, 3634, 17904, 5709, 14670, 11058, 7087, 7435, 13848, 82, 5565, 2562, 14029, 3583, 1676, 12709, 18473, 3158, 12787, 8068, 8263, 16146, 3593, 1802, 1861, 3348, 4487, 17749, 6105, 10471, 17472, 10200, 1182, 14180, 1076, 10156, 4839, 9903, 4879, 9720, 2157, 15344, 16067, 3064, 17182, 5368, 4987, 18484, 18923, 11896, 1052, 15727, 15289, 5885, 1933, 5251, 17072, 6038, 6195, 13524, 6606, 18506, 17536, 6784, 3231, 14121, 8925, 10030, 803, 13764, 146, 19268, 14099, 4130, 16372, 1537, 12248, 13718, 17187, 11728, 1740, 19233, 5600, 4092, 4779, 6028, 3395, 16152, 19150, 2417, 11980, 11237, 8427, 18127, 3538, 9257, 607, 2078, 18457, 5802, 3435, 15019, 4256, 9221, 13465, 11742, 5788, 9528, 17493, 4607, 3131, 6616, 5356, 1550, 4617, 8827, 849, 2601, 4437, 17861, 10261, 15704, 3890, 8149, 12063, 3086, 15925, 12301, 6847, 5603, 7768, 3187, 13372, 9258, 6584, 7594, 2603, 1835, 17380, 17193, 15251, 15937, 18731, 4082, 14911, 16626, 8824, 16208, 10167, 17711, 9678, 15852, 13620, 16479, 14586, 2446, 4866, 1315, 7746, 10615, 7927, 2443, 7157, 13506, 18410, 10494]",4077,1500,3,False,1500
3189,news query,news,45,True,True,False,"{21: 26, 33: 14, 2: 18, 29: 13, 25: 57, 43: 9, 57: 16, 49: 16, 61: 14, 67: 52, 65: 21, 50: 28, 15: 53, 6: 13, 46: 15, 27: 69, 7: 65, 48: 67, 19: 21, 31: 14, 63: 26, 22: 39, 9: 79, 26: 40, 47: 15, 53: 66, 11: 19, 51: 26, 54: 9, 13: 32, 17: 37, 52: 30, 39: 27, 38: 19, 1: 6, 59: 33, 56: 23, 32: 9, 8: 25, 4: 12, 20: 26, 24: 7, 18: 31, 42: 7, 28: 31, 45: 57, 0: 13, 66: 11, 62: 11, 35: 7, 64: 15, 37: 2, 40: 25, 3: 3, 14: 5, 12: 8, 16: 15, 55: 16, 30: 13, 58: 6, 36: 4, 60: 5, 5: 3, 41: 2, 44: 2, 34: 2}","[12686, 3384, 6034, 14374, 14516, 14680, 18580, 5912, 661, 4433, 14182, 14634, 14672, 13694, 17233, 12320, 12666, 7276, 14925, 15315, 1125, 14820, 3769, 14096, 12401, 14972, 14176, 4685, 4278, 5735, 7514, 16051, 15882, 4696, 17145, 19193, 12994, 9901, 13641, 15193, 6739, 9240, 1608, 14664, 18117, 5676, 15714, 5964, 5329, 16651, 15936, 14441, 15878, 18316, 14255, 18692, 5858, 4640, 10716, 13839, 16635, 2097, 11464, 12427, 2320, 14629, 7617, 16183, 16205, 2170, 4384, 6683, 5285, 18707, 6780, 4231, 2404, 4895, 18091, 2944, 13054, 3904, 3491, 9455, 15985, 10432, 8657, 15304, 9114, 5838, 5197, 17244, 6207, 3970, 17246, 3950, 6168, 8697, 6800, 9942, 11118, 8582, 6355, 15275, 4581, 12724, 11921, 1833, 523, 7619, 15729, 176, 8576, 3101, 1573, 1283, 11796, 11277, 2547, 1738, 6806, 15187, 7129, 5179, 5854, 16373, 9231, 6270, 777, 2062, 13249, 4144, 6325, 3924, 5350, 14414, 3142, 2249, 6444, 13582, 2833, 18030, 6483, 18404, 15057, 7482, 15001, 15872, 14584, 10835, 954, 7257, 1381, 17819, 17518, 6497, 14430, 4901, 16466, 10805, 132, 7506, 755, 14427, 12119, 16613, 19042, 14994, 11257, 8042, 2144, 5966, 1580, 8010, 2550, 10684, 14088, 5037, 8764, 17076, 14185, 15984, 5299, 16601, 19182, 13197, 14561, 12605, 17010, 2703, 6715, 11207, 10188, 212, 2293, 17676, 1720, 5934, 112, 8568, 15870, 3226, 4524, 4431, 5141, 5383, 7609, 12807, 19001, 14368, 6704, 14903, 4172, 117, 18698, 1699, 16558, 7518, 10618, 2110, 10308, 7828, 6623, 17644, 4449, 951, 13858, 15106, 8402, 916, 4771, 8608, 6448, 6656, 13547, 2814, 8336, 8093, 6398, 637, 9909, 10621, 786, 14146, 17292, 9457, 3, 2884, 14785, 10504, 16361, 8181, 17690, 654, 11067, 18741, 386, 18208, 10130, 8079, 7082, 14740, 8076, 18619, 14428, 10992, 12679, 9431, 18328, 13606, 7641, 13542, 1002, 11975, 15646, 19078, 1352, 8683, 16053, 11763, 14823, 7059, 4995, 3754, 6213, 10090, 19084, 1973, 8131, 5353, 836, 13960, 3217, 4885, 9645, 16941, 14750, 13171, 9132, 1355, 4440, 15747, 8233, 6008, 12781, 16749, 13905, 18198, 5033, 2910, 16502, 1233, 965, 16926, 3944, 13518, 18213, 12739, 9972, 14609, 5764, 6128, 9532, 12680, 3672, 5458, 6822, 11547, 3163, 8040, 14081, 8369, 18182, 17541, 11552, 12451, 15074, 1783, 17730, 1690, 16992, 2490, 2459, 18065, 320, 18311, 45, 9495, 4572, 544, 12731, 16811, 15096, 14957, 4594, 16607, 2449, 7791, 13659, 8892, 1713, 17336, 6598, 13832, 10495, 18937, 3067, 3473, 12715, 13492, 14787, 16503, 17899, 16638, 2408, 7141, 10590, 2917, 14650, 12571, 4321, 2855, 1829, 3736, 3381, 11069, 16093, 15201, 14311, 9836, 18289, 16899, 897, 13981, 12223, 8884, 15721, 7778, 13648, 5737, 6550, 19249, 2715, 447, 12941, 8915, 18963, 16291, 760, 5869, 3635, 3439, 6740, 5003, 3174, 2945, 16056, 4860, 11216, 7363, 1147, 12124, 9764, 11245, 4361, 7784, 16285, 17057, 11203, 5114, 17655, 12056, 17890, 7741, 15799, 10258, 16088, 19222, 15303, 1433, 5991, 322, 2322, 3156, 9940, 7814, 17068, 16968, 10018, 1991, 11946, 8705, 10371, 4619, 11074, 2034, 15550, 11743, 18666, 13494, 14175, 13948, 15123, 11154, 10397, 1701, 4770, 839, 12085, 16500, 16241, 1535, 18782, 2221, 539, 18405, 4245, 103, 1571, 16945, 12196, 9441, 1732, 1367, 3596, 4794, 7230, 5245, 17483, 2955, 2003, 11509, 4044, 12934, 3456, 16693, 593, 4582, 14076, 10972, 1965, 7227, 14324, 8658, 3772, 8355, 11889, 1908, 2684, 10026, 1666, 16507, 5589, 9295, 8389, 2099, 18653, 13808, 19147, 6675, 10970, 2788, 19028, 16983, 16166, 9845, 8160, 11381, 10088, 10333, 11716, 14695, 12697, 4365, 3747, 17296, 11904, 74, 7047, 10639, 13094, 940, 10478, 2032, 6642, 14896, 10840, 5430, 5556, 12597, 2183, 18403, 4252, 14613, 18283, 8790, 12140, 13540, 13353, 14114, 13297, 4056, 14038, 11299, 13770, 11433, 14285, 1526, 1955, 15711, 255, 12481, 612, 1635, 4886, 357, 11434, 9524, 13106, 2607, 5391, 9406, 2331, 624, 2749, 17849, 9829, 11436, 18426, 9481, 18550, 15647, 532, 11720, 11824, 15610, 15741, 7902, 13558, 17967, 14539, 17889, 4631, 1238, 16921, 7787, 15293, 3108, 8215, 2851, 4514, 12938, 16730, 17178, 4890, 17960, 4725, 7917, 3191, 8231, 16341, 8195, 10913, 2173, 5557, 2637, 16896, 5806, 1815, 1451, 8864, 2290, 12108, 5328, 6203, 2431, 7508, 17898, 17188, 6897, 1199, 15526, 18437, 6631, 8644, 16917, 14964, 14233, 2454, 584, 4830, 7199, 4180, 14889, 5761, 13756, 6917, 7756, 18880, 15095, 1816, 14070, 16252, 7429, 16589, 1631, 15968, 15221, 12478, 18594, 1477, 5637, 12058, 1205, 13397, 9107, 18654, 1968, 3759, 13147, 14144, 14973, 12452, 18020, 13592, 17920, 13687, 11335, 7207, 418, 7834, 778, 12982, 10688, 9031, 509, 9601, 9780, 17040, 12023, 3916, 91, 6536, 18535, 7547, 15240, 707, 14533, 15064, 17012, 16805, 8637, 5969, 16221, 1940, 13307, 4717, 12615, 18220, 11028, 12170, 1743, 2376, 12415, 14220, 18827, 1294, 18543, 6977, 15309, 11778, 11842, 17103, 3857, 4637, 12162, 19169, 17166, 18237, 17818, 9507, 19022, 5790, 19112, 15611, 1118, 15184, 18703, 1817, 15530, 16579, 8437, 11839, 11378, 3537, 9205, 9217, 16272, 18759, 16828, 12002, 8348, 1723, 3481, 14115, 379, 8544, 264, 6015, 7672, 2253, 7364, 3706, 13796, 17139, 16125, 12059, 9623, 7185, 2418, 18230, 3087, 281, 4379, 1796, 8459, 4400, 17824, 2736, 16446, 13525, 15341, 3275, 7872, 1662, 7557, 4319, 15442, 7181, 10456, 4963, 17048, 16943, 12784, 3441, 5240, 9975, 13216, 17702, 11594, 13554, 6165, 19168, 16070, 3540, 3262, 10661, 4061, 13173, 2875, 17014, 4349, 10818, 8428, 16764, 14232, 8930, 15734, 17680, 7069, 15684, 17050, 18987, 6914, 6863, 19263, 10595, 150, 10039, 2722, 18223, 16444, 6559, 7258, 2661, 7699, 17136, 12773, 4247, 5723, 15194, 1696, 1500, 2807, 9893, 11835, 13240, 18313, 17107, 10265, 10244, 5570, 2862, 14049, 1012, 12861, 723, 9583, 17461, 10056, 1264, 8297, 3716, 14666, 15259, 13531, 543, 13723, 16810, 6700, 3516, 13766, 7186, 10692, 6321, 15484, 14547, 8744, 3703, 10383, 16829, 6366, 6846, 3906, 2021, 18133, 857, 279, 12232, 10212, 10541, 12325, 13475, 1225, 937, 6966, 10881, 16936, 18502, 1440, 11914, 3326, 5633, 14913, 4623, 10743, 12361, 17335, 1072, 5043, 14810, 15077, 3255, 17215, 6553, 17852, 4801, 6962, 3060, 9430, 8799, 13824, 188, 15175, 15163, 4733, 5011, 3536, 17635, 6532, 14071, 6112, 17158, 6597, 11272, 105, 19219, 5013, 12483, 201, 6848, 17033, 6367, 7859, 14702, 18844, 7053, 18694, 15670, 636, 10129, 6378, 5369, 7273, 16247, 9142, 15345, 16817, 14854, 2600, 15783, 889, 11833, 6612, 2068, 2427, 7062, 7918, 16181, 5464, 8339, 8950, 8453, 16423, 6064, 2380, 4268, 13929, 12974, 19141, 1299, 2484, 3883, 3273, 8772, 13256, 11239, 5766, 18098, 12705, 11004, 2695, 10048, 10960, 2766, 15661, 13258, 8015, 6032, 16397, 7749, 19039, 7634, 15076, 4234, 15114, 8475, 8091, 19220, 18004, 9704, 13918, 15569, 16443, 10015, 9943, 7817, 9349, 2588, 8249, 398, 5316, 15538, 18372, 13559, 2937, 2803, 16248, 6155, 630, 9911, 13190, 19157, 15788, 13248, 13148, 1320, 12074, 8471, 8798, 3213, 12418, 814, 2402, 12718, 12397, 10564, 9875, 10128, 6947, 9491, 17707, 3266, 19196, 14309, 18523, 19043, 17975, 18063, 11618, 15016, 14434, 7680, 1739, 18029, 11694, 1745, 9271, 5189, 9561, 11283, 14978, 10753, 16017, 12914, 978, 2828, 17257, 13135, 5061, 121, 6602, 16015, 19271, 12159, 1244, 8260, 13195, 15873, 12815, 14291, 14515, 118, 4892, 14985, 9551, 12654, 4739, 927, 12176, 9523, 11726, 18187, 5880, 2569, 3386, 13942, 3390, 15774, 129, 65, 12922, 8422, 12692, 16213, 11515, 2111, 8347, 10758, 14064, 4401, 17782, 15621, 6709, 14716, 4091, 13964, 8424, 4218, 7249, 11311, 11171, 18564, 14755, 7114, 14009, 14815, 294, 495, 7684, 6833, 4046, 3505, 16995, 17858, 7761, 15803, 9840, 13958, 8226, 10369, 12497, 17142, 1748, 2854, 7159, 11539, 11055, 13337, 17173, 14214, 6803, 11144, 12649, 283, 15489, 13174, 7015, 610, 7030, 18206, 14077, 15468, 14962, 8046, 7809, 17387, 16034, 16678, 1173, 3502, 12942, 15655, 16859, 7099, 1673, 446, 1365, 5881, 3713, 11697, 1897, 16001, 1702, 14149, 11876, 9341, 4325, 6923, 2001, 138, 3276, 18716, 17604, 10501, 115, 12800, 6111, 11148, 4549, 16057, 4707, 6843, 16091, 4295, 7519, 13708, 12409, 11018, 5052, 13566, 14715, 12755, 793, 10837, 1888, 12375, 3935, 5763, 11791, 11258, 13264, 11469, 4683, 8905, 1853, 11600, 4421, 2798, 5074, 18141, 13807, 8595, 8126, 13837, 8060, 6956, 11767, 14560, 9389, 15261, 1232, 12560, 7262, 11504, 3546, 4627, 1177, 517, 4008, 9219, 17696, 4148, 14124, 13243, 11235, 7561, 8331, 16320, 3591, 11341, 4015, 12028, 14929, 18601, 3528, 14065, 1510, 19191, 13833, 17616, 10869, 17689, 831, 16725, 6319, 15465, 10467, 8162, 13563, 7728, 10778, 13545, 12290, 16480, 14401, 12838, 4212, 17529, 4832, 15111, 12690, 10373, 7596, 18614, 17477, 1043, 13100, 4774, 17479, 3774, 9302, 3901, 13071, 6412, 9516, 1261, 3054, 13522, 17602, 14343, 18500, 10957, 2791, 9624, 3634, 17904, 5709, 14670, 11058, 7087, 7435, 13848, 82, 5565, 2562, 14029, 3583, 1676, 12709, 18473, 3158, 12787, 8068, 8263, 16146, 3593, 1802, 1861, 3348, 4487, 17749, 6105, 10471, 17472, 10200, 1182, 14180, 1076, 10156, 4839, 9903, 4879, 9720, 2157, 15344, 16067, 3064, 17182, 5368, 4987, 18484, 18923, 11896, 1052, 15727, 15289, 5885, 1933, 5251, 17072, 6038, 6195, 13524, 6606, 18506, 17536, 6784, 3231, 14121, 8925, 10030, 803, 13764, 146, 19268, 14099, 4130, 16372, 1537, 12248, 13718, 17187, 11728, 1740, 19233, 5600, 4092, 4779, 6028, 3395, 16152, 19150, 2417, 11980, 11237, 8427, 18127, 3538, 9257, 607, 2078, 18457, 5802, 3435, 15019, 4256, 9221, 13465, 11742, 5788, 9528, 17493, 4607, 3131, 6616, 5356, 1550, 4617, 8827, 849, 2601, 4437, 17861, 10261, 15704, 3890, 8149, 12063, 3086, 15925, 12301, 6847, 5603, 7768, 3187, 13372, 9258, 6584, 7594, 2603, 1835, 17380, 17193, 15251, 15937, 18731, 4082, 14911, 16626, 8824, 16208, 10167, 17711, 9678, 15852, 13620, 16479, 14586, 2446, 4866, 1315, 7746, 10615, 7927, 2443, 7157, 13506, 18410, 10494]",3189,1500,3,False,1500
1602,general quirky,general qu,27,True,True,False,"{21: 26, 33: 14, 2: 18, 29: 13, 25: 57, 43: 9, 57: 16, 49: 16, 61: 14, 67: 52, 65: 21, 50: 28, 15: 53, 6: 13, 46: 15, 27: 69, 7: 65, 48: 67, 19: 21, 31: 14, 63: 26, 22: 39, 9: 79, 26: 40, 47: 15, 53: 66, 11: 19, 51: 26, 54: 9, 13: 32, 17: 37, 52: 30, 39: 27, 38: 19, 1: 6, 59: 33, 56: 23, 32: 9, 8: 25, 4: 12, 20: 26, 24: 7, 18: 31, 42: 7, 28: 31, 45: 57, 0: 13, 66: 11, 62: 11, 35: 7, 64: 15, 37: 2, 40: 25, 3: 3, 14: 5, 12: 8, 16: 15, 55: 16, 30: 13, 58: 6, 36: 4, 60: 5, 5: 3, 41: 2, 44: 2, 34: 2}","[12686, 3384, 6034, 14374, 14516, 14680, 18580, 5912, 661, 4433, 14182, 14634, 14672, 13694, 17233, 12320, 12666, 7276, 14925, 15315, 1125, 14820, 3769, 14096, 12401, 14972, 14176, 4685, 4278, 5735, 7514, 16051, 15882, 4696, 17145, 19193, 12994, 9901, 13641, 15193, 6739, 9240, 1608, 14664, 18117, 5676, 15714, 5964, 5329, 16651, 15936, 14441, 15878, 18316, 14255, 18692, 5858, 4640, 10716, 13839, 16635, 2097, 11464, 12427, 2320, 14629, 7617, 16183, 16205, 2170, 4384, 6683, 5285, 18707, 6780, 4231, 2404, 4895, 18091, 2944, 13054, 3904, 3491, 9455, 15985, 10432, 8657, 15304, 9114, 5838, 5197, 17244, 6207, 3970, 17246, 3950, 6168, 8697, 6800, 9942, 11118, 8582, 6355, 15275, 4581, 12724, 11921, 1833, 523, 7619, 15729, 176, 8576, 3101, 1573, 1283, 11796, 11277, 2547, 1738, 6806, 15187, 7129, 5179, 5854, 16373, 9231, 6270, 777, 2062, 13249, 4144, 6325, 3924, 5350, 14414, 3142, 2249, 6444, 13582, 2833, 18030, 6483, 18404, 15057, 7482, 15001, 15872, 14584, 10835, 954, 7257, 1381, 17819, 17518, 6497, 14430, 4901, 16466, 10805, 132, 7506, 755, 14427, 12119, 16613, 19042, 14994, 11257, 8042, 2144, 5966, 1580, 8010, 2550, 10684, 14088, 5037, 8764, 17076, 14185, 15984, 5299, 16601, 19182, 13197, 14561, 12605, 17010, 2703, 6715, 11207, 10188, 212, 2293, 17676, 1720, 5934, 112, 8568, 15870, 3226, 4524, 4431, 5141, 5383, 7609, 12807, 19001, 14368, 6704, 14903, 4172, 117, 18698, 1699, 16558, 7518, 10618, 2110, 10308, 7828, 6623, 17644, 4449, 951, 13858, 15106, 8402, 916, 4771, 8608, 6448, 6656, 13547, 2814, 8336, 8093, 6398, 637, 9909, 10621, 786, 14146, 17292, 9457, 3, 2884, 14785, 10504, 16361, 8181, 17690, 654, 11067, 18741, 386, 18208, 10130, 8079, 7082, 14740, 8076, 18619, 14428, 10992, 12679, 9431, 18328, 13606, 7641, 13542, 1002, 11975, 15646, 19078, 1352, 8683, 16053, 11763, 14823, 7059, 4995, 3754, 6213, 10090, 19084, 1973, 8131, 5353, 836, 13960, 3217, 4885, 9645, 16941, 14750, 13171, 9132, 1355, 4440, 15747, 8233, 6008, 12781, 16749, 13905, 18198, 5033, 2910, 16502, 1233, 965, 16926, 3944, 13518, 18213, 12739, 9972, 14609, 5764, 6128, 9532, 12680, 3672, 5458, 6822, 11547, 3163, 8040, 14081, 8369, 18182, 17541, 11552, 12451, 15074, 1783, 17730, 1690, 16992, 2490, 2459, 18065, 320, 18311, 45, 9495, 4572, 544, 12731, 16811, 15096, 14957, 4594, 16607, 2449, 7791, 13659, 8892, 1713, 17336, 6598, 13832, 10495, 18937, 3067, 3473, 12715, 13492, 14787, 16503, 17899, 16638, 2408, 7141, 10590, 2917, 14650, 12571, 4321, 2855, 1829, 3736, 3381, 11069, 16093, 15201, 14311, 9836, 18289, 16899, 897, 13981, 12223, 8884, 15721, 7778, 13648, 5737, 6550, 19249, 2715, 447, 12941, 8915, 18963, 16291, 760, 5869, 3635, 3439, 6740, 5003, 3174, 2945, 16056, 4860, 11216, 7363, 1147, 12124, 9764, 11245, 4361, 7784, 16285, 17057, 11203, 5114, 17655, 12056, 17890, 7741, 15799, 10258, 16088, 19222, 15303, 1433, 5991, 322, 2322, 3156, 9940, 7814, 17068, 16968, 10018, 1991, 11946, 8705, 10371, 4619, 11074, 2034, 15550, 11743, 18666, 13494, 14175, 13948, 15123, 11154, 10397, 1701, 4770, 839, 12085, 16500, 16241, 1535, 18782, 2221, 539, 18405, 4245, 103, 1571, 16945, 12196, 9441, 1732, 1367, 3596, 4794, 7230, 5245, 17483, 2955, 2003, 11509, 4044, 12934, 3456, 16693, 593, 4582, 14076, 10972, 1965, 7227, 14324, 8658, 3772, 8355, 11889, 1908, 2684, 10026, 1666, 16507, 5589, 9295, 8389, 2099, 18653, 13808, 19147, 6675, 10970, 2788, 19028, 16983, 16166, 9845, 8160, 11381, 10088, 10333, 11716, 14695, 12697, 4365, 3747, 17296, 11904, 74, 7047, 10639, 13094, 940, 10478, 2032, 6642, 14896, 10840, 5430, 5556, 12597, 2183, 18403, 4252, 14613, 18283, 8790, 12140, 13540, 13353, 14114, 13297, 4056, 14038, 11299, 13770, 11433, 14285, 1526, 1955, 15711, 255, 12481, 612, 1635, 4886, 357, 11434, 9524, 13106, 2607, 5391, 9406, 2331, 624, 2749, 17849, 9829, 11436, 18426, 9481, 18550, 15647, 532, 11720, 11824, 15610, 15741, 7902, 13558, 17967, 14539, 17889, 4631, 1238, 16921, 7787, 15293, 3108, 8215, 2851, 4514, 12938, 16730, 17178, 4890, 17960, 4725, 7917, 3191, 8231, 16341, 8195, 10913, 2173, 5557, 2637, 16896, 5806, 1815, 1451, 8864, 2290, 12108, 5328, 6203, 2431, 7508, 17898, 17188, 6897, 1199, 15526, 18437, 6631, 8644, 16917, 14964, 14233, 2454, 584, 4830, 7199, 4180, 14889, 5761, 13756, 6917, 7756, 18880, 15095, 1816, 14070, 16252, 7429, 16589, 1631, 15968, 15221, 12478, 18594, 1477, 5637, 12058, 1205, 13397, 9107, 18654, 1968, 3759, 13147, 14144, 14973, 12452, 18020, 13592, 17920, 13687, 11335, 7207, 418, 7834, 778, 12982, 10688, 9031, 509, 9601, 9780, 17040, 12023, 3916, 91, 6536, 18535, 7547, 15240, 707, 14533, 15064, 17012, 16805, 8637, 5969, 16221, 1940, 13307, 4717, 12615, 18220, 11028, 12170, 1743, 2376, 12415, 14220, 18827, 1294, 18543, 6977, 15309, 11778, 11842, 17103, 3857, 4637, 12162, 19169, 17166, 18237, 17818, 9507, 19022, 5790, 19112, 15611, 1118, 15184, 18703, 1817, 15530, 16579, 8437, 11839, 11378, 3537, 9205, 9217, 16272, 18759, 16828, 12002, 8348, 1723, 3481, 14115, 379, 8544, 264, 6015, 7672, 2253, 7364, 3706, 13796, 17139, 16125, 12059, 9623, 7185, 2418, 18230, 3087, 281, 4379, 1796, 8459, 4400, 17824, 2736, 16446, 13525, 15341, 3275, 7872, 1662, 7557, 4319, 15442, 7181, 10456, 4963, 17048, 16943, 12784, 3441, 5240, 9975, 13216, 17702, 11594, 13554, 6165, 19168, 16070, 3540, 3262, 10661, 4061, 13173, 2875, 17014, 4349, 10818, 8428, 16764, 14232, 8930, 15734, 17680, 7069, 15684, 17050, 18987, 6914, 6863, 19263, 10595, 150, 10039, 2722, 18223, 16444, 6559, 7258, 2661, 7699, 17136, 12773, 4247, 5723, 15194, 1696, 1500, 2807, 9893, 11835, 13240, 18313, 17107, 10265, 10244, 5570, 2862, 14049, 1012, 12861, 723, 9583, 17461, 10056, 1264, 8297, 3716, 14666, 15259, 13531, 543, 13723, 16810, 6700, 3516, 13766, 7186, 10692, 6321, 15484, 14547, 8744, 3703, 10383, 16829, 6366, 6846, 3906, 2021, 18133, 857, 279, 12232, 10212, 10541, 12325, 13475, 1225, 937, 6966, 10881, 16936, 18502, 1440, 11914, 3326, 5633, 14913, 4623, 10743, 12361, 17335, 1072, 5043, 14810, 15077, 3255, 17215, 6553, 17852, 4801, 6962, 3060, 9430, 8799, 13824, 188, 15175, 15163, 4733, 5011, 3536, 17635, 6532, 14071, 6112, 17158, 6597, 11272, 105, 19219, 5013, 12483, 201, 6848, 17033, 6367, 7859, 14702, 18844, 7053, 18694, 15670, 636, 10129, 6378, 5369, 7273, 16247, 9142, 15345, 16817, 14854, 2600, 15783, 889, 11833, 6612, 2068, 2427, 7062, 7918, 16181, 5464, 8339, 8950, 8453, 16423, 6064, 2380, 4268, 13929, 12974, 19141, 1299, 2484, 3883, 3273, 8772, 13256, 11239, 5766, 18098, 12705, 11004, 2695, 10048, 10960, 2766, 15661, 13258, 8015, 6032, 16397, 7749, 19039, 7634, 15076, 4234, 15114, 8475, 8091, 19220, 18004, 9704, 13918, 15569, 16443, 10015, 9943, 7817, 9349, 2588, 8249, 398, 5316, 15538, 18372, 13559, 2937, 2803, 16248, 6155, 630, 9911, 13190, 19157, 15788, 13248, 13148, 1320, 12074, 8471, 8798, 3213, 12418, 814, 2402, 12718, 12397, 10564, 9875, 10128, 6947, 9491, 17707, 3266, 19196, 14309, 18523, 19043, 17975, 18063, 11618, 15016, 14434, 7680, 1739, 18029, 11694, 1745, 9271, 5189, 9561, 11283, 14978, 10753, 16017, 12914, 978, 2828, 17257, 13135, 5061, 121, 6602, 16015, 19271, 12159, 1244, 8260, 13195, 15873, 12815, 14291, 14515, 118, 4892, 14985, 9551, 12654, 4739, 927, 12176, 9523, 11726, 18187, 5880, 2569, 3386, 13942, 3390, 15774, 129, 65, 12922, 8422, 12692, 16213, 11515, 2111, 8347, 10758, 14064, 4401, 17782, 15621, 6709, 14716, 4091, 13964, 8424, 4218, 7249, 11311, 11171, 18564, 14755, 7114, 14009, 14815, 294, 495, 7684, 6833, 4046, 3505, 16995, 17858, 7761, 15803, 9840, 13958, 8226, 10369, 12497, 17142, 1748, 2854, 7159, 11539, 11055, 13337, 17173, 14214, 6803, 11144, 12649, 283, 15489, 13174, 7015, 610, 7030, 18206, 14077, 15468, 14962, 8046, 7809, 17387, 16034, 16678, 1173, 3502, 12942, 15655, 16859, 7099, 1673, 446, 1365, 5881, 3713, 11697, 1897, 16001, 1702, 14149, 11876, 9341, 4325, 6923, 2001, 138, 3276, 18716, 17604, 10501, 115, 12800, 6111, 11148, 4549, 16057, 4707, 6843, 16091, 4295, 7519, 13708, 12409, 11018, 5052, 13566, 14715, 12755, 793, 10837, 1888, 12375, 3935, 5763, 11791, 11258, 13264, 11469, 4683, 8905, 1853, 11600, 4421, 2798, 5074, 18141, 13807, 8595, 8126, 13837, 8060, 6956, 11767, 14560, 9389, 15261, 1232, 12560, 7262, 11504, 3546, 4627, 1177, 517, 4008, 9219, 17696, 4148, 14124, 13243, 11235, 7561, 8331, 16320, 3591, 11341, 4015, 12028, 14929, 18601, 3528, 14065, 1510, 19191, 13833, 17616, 10869, 17689, 831, 16725, 6319, 15465, 10467, 8162, 13563, 7728, 10778, 13545, 12290, 16480, 14401, 12838, 4212, 17529, 4832, 15111, 12690, 10373, 7596, 18614, 17477, 1043, 13100, 4774, 17479, 3774, 9302, 3901, 13071, 6412, 9516, 1261, 3054, 13522, 17602, 14343, 18500, 10957, 2791, 9624, 3634, 17904, 5709, 14670, 11058, 7087, 7435, 13848, 82, 5565, 2562, 14029, 3583, 1676, 12709, 18473, 3158, 12787, 8068, 8263, 16146, 3593, 1802, 1861, 3348, 4487, 17749, 6105, 10471, 17472, 10200, 1182, 14180, 1076, 10156, 4839, 9903, 4879, 9720, 2157, 15344, 16067, 3064, 17182, 5368, 4987, 18484, 18923, 11896, 1052, 15727, 15289, 5885, 1933, 5251, 17072, 6038, 6195, 13524, 6606, 18506, 17536, 6784, 3231, 14121, 8925, 10030, 803, 13764, 146, 19268, 14099, 4130, 16372, 1537, 12248, 13718, 17187, 11728, 1740, 19233, 5600, 4092, 4779, 6028, 3395, 16152, 19150, 2417, 11980, 11237, 8427, 18127, 3538, 9257, 607, 2078, 18457, 5802, 3435, 15019, 4256, 9221, 13465, 11742, 5788, 9528, 17493, 4607, 3131, 6616, 5356, 1550, 4617, 8827, 849, 2601, 4437, 17861, 10261, 15704, 3890, 8149, 12063, 3086, 15925, 12301, 6847, 5603, 7768, 3187, 13372, 9258, 6584, 7594, 2603, 1835, 17380, 17193, 15251, 15937, 18731, 4082, 14911, 16626, 8824, 16208, 10167, 17711, 9678, 15852, 13620, 16479, 14586, 2446, 4866, 1315, 7746, 10615, 7927, 2443, 7157, 13506, 18410, 10494]",1602,1500,3,False,1500
3789,calendar query,calendar query,7,True,True,True,"{21: 26, 33: 14, 2: 18, 29: 13, 25: 57, 43: 9, 57: 16, 49: 16, 61: 14, 67: 52, 65: 21, 50: 28, 15: 53, 6: 13, 46: 15, 27: 69, 7: 65, 48: 67, 19: 21, 31: 14, 63: 26, 22: 39, 9: 79, 26: 40, 47: 15, 53: 66, 11: 19, 51: 26, 54: 9, 13: 32, 17: 37, 52: 30, 39: 27, 38: 19, 1: 6, 59: 33, 56: 23, 32: 9, 8: 25, 4: 12, 20: 26, 24: 7, 18: 31, 42: 7, 28: 31, 45: 57, 0: 13, 66: 11, 62: 11, 35: 7, 64: 15, 37: 2, 40: 25, 3: 3, 14: 5, 12: 8, 16: 15, 55: 16, 30: 13, 58: 6, 36: 4, 60: 5, 5: 3, 41: 2, 44: 2, 34: 2}","[12686, 3384, 6034, 14374, 14516, 14680, 18580, 5912, 661, 4433, 14182, 14634, 14672, 13694, 17233, 12320, 12666, 7276, 14925, 15315, 1125, 14820, 3769, 14096, 12401, 14972, 14176, 4685, 4278, 5735, 7514, 16051, 15882, 4696, 17145, 19193, 12994, 9901, 13641, 15193, 6739, 9240, 1608, 14664, 18117, 5676, 15714, 5964, 5329, 16651, 15936, 14441, 15878, 18316, 14255, 18692, 5858, 4640, 10716, 13839, 16635, 2097, 11464, 12427, 2320, 14629, 7617, 16183, 16205, 2170, 4384, 6683, 5285, 18707, 6780, 4231, 2404, 4895, 18091, 2944, 13054, 3904, 3491, 9455, 15985, 10432, 8657, 15304, 9114, 5838, 5197, 17244, 6207, 3970, 17246, 3950, 6168, 8697, 6800, 9942, 11118, 8582, 6355, 15275, 4581, 12724, 11921, 1833, 523, 7619, 15729, 176, 8576, 3101, 1573, 1283, 11796, 11277, 2547, 1738, 6806, 15187, 7129, 5179, 5854, 16373, 9231, 6270, 777, 2062, 13249, 4144, 6325, 3924, 5350, 14414, 3142, 2249, 6444, 13582, 2833, 18030, 6483, 18404, 15057, 7482, 15001, 15872, 14584, 10835, 954, 7257, 1381, 17819, 17518, 6497, 14430, 4901, 16466, 10805, 132, 7506, 755, 14427, 12119, 16613, 19042, 14994, 11257, 8042, 2144, 5966, 1580, 8010, 2550, 10684, 14088, 5037, 8764, 17076, 14185, 15984, 5299, 16601, 19182, 13197, 14561, 12605, 17010, 2703, 6715, 11207, 10188, 212, 2293, 17676, 1720, 5934, 112, 8568, 15870, 3226, 4524, 4431, 5141, 5383, 7609, 12807, 19001, 14368, 6704, 14903, 4172, 117, 18698, 1699, 16558, 7518, 10618, 2110, 10308, 7828, 6623, 17644, 4449, 951, 13858, 15106, 8402, 916, 4771, 8608, 6448, 6656, 13547, 2814, 8336, 8093, 6398, 637, 9909, 10621, 786, 14146, 17292, 9457, 3, 2884, 14785, 10504, 16361, 8181, 17690, 654, 11067, 18741, 386, 18208, 10130, 8079, 7082, 14740, 8076, 18619, 14428, 10992, 12679, 9431, 18328, 13606, 7641, 13542, 1002, 11975, 15646, 19078, 1352, 8683, 16053, 11763, 14823, 7059, 4995, 3754, 6213, 10090, 19084, 1973, 8131, 5353, 836, 13960, 3217, 4885, 9645, 16941, 14750, 13171, 9132, 1355, 4440, 15747, 8233, 6008, 12781, 16749, 13905, 18198, 5033, 2910, 16502, 1233, 965, 16926, 3944, 13518, 18213, 12739, 9972, 14609, 5764, 6128, 9532, 12680, 3672, 5458, 6822, 11547, 3163, 8040, 14081, 8369, 18182, 17541, 11552, 12451, 15074, 1783, 17730, 1690, 16992, 2490, 2459, 18065, 320, 18311, 45, 9495, 4572, 544, 12731, 16811, 15096, 14957, 4594, 16607, 2449, 7791, 13659, 8892, 1713, 17336, 6598, 13832, 10495, 18937, 3067, 3473, 12715, 13492, 14787, 16503, 17899, 16638, 2408, 7141, 10590, 2917, 14650, 12571, 4321, 2855, 1829, 3736, 3381, 11069, 16093, 15201, 14311, 9836, 18289, 16899, 897, 13981, 12223, 8884, 15721, 7778, 13648, 5737, 6550, 19249, 2715, 447, 12941, 8915, 18963, 16291, 760, 5869, 3635, 3439, 6740, 5003, 3174, 2945, 16056, 4860, 11216, 7363, 1147, 12124, 9764, 11245, 4361, 7784, 16285, 17057, 11203, 5114, 17655, 12056, 17890, 7741, 15799, 10258, 16088, 19222, 15303, 1433, 5991, 322, 2322, 3156, 9940, 7814, 17068, 16968, 10018, 1991, 11946, 8705, 10371, 4619, 11074, 2034, 15550, 11743, 18666, 13494, 14175, 13948, 15123, 11154, 10397, 1701, 4770, 839, 12085, 16500, 16241, 1535, 18782, 2221, 539, 18405, 4245, 103, 1571, 16945, 12196, 9441, 1732, 1367, 3596, 4794, 7230, 5245, 17483, 2955, 2003, 11509, 4044, 12934, 3456, 16693, 593, 4582, 14076, 10972, 1965, 7227, 14324, 8658, 3772, 8355, 11889, 1908, 2684, 10026, 1666, 16507, 5589, 9295, 8389, 2099, 18653, 13808, 19147, 6675, 10970, 2788, 19028, 16983, 16166, 9845, 8160, 11381, 10088, 10333, 11716, 14695, 12697, 4365, 3747, 17296, 11904, 74, 7047, 10639, 13094, 940, 10478, 2032, 6642, 14896, 10840, 5430, 5556, 12597, 2183, 18403, 4252, 14613, 18283, 8790, 12140, 13540, 13353, 14114, 13297, 4056, 14038, 11299, 13770, 11433, 14285, 1526, 1955, 15711, 255, 12481, 612, 1635, 4886, 357, 11434, 9524, 13106, 2607, 5391, 9406, 2331, 624, 2749, 17849, 9829, 11436, 18426, 9481, 18550, 15647, 532, 11720, 11824, 15610, 15741, 7902, 13558, 17967, 14539, 17889, 4631, 1238, 16921, 7787, 15293, 3108, 8215, 2851, 4514, 12938, 16730, 17178, 4890, 17960, 4725, 7917, 3191, 8231, 16341, 8195, 10913, 2173, 5557, 2637, 16896, 5806, 1815, 1451, 8864, 2290, 12108, 5328, 6203, 2431, 7508, 17898, 17188, 6897, 1199, 15526, 18437, 6631, 8644, 16917, 14964, 14233, 2454, 584, 4830, 7199, 4180, 14889, 5761, 13756, 6917, 7756, 18880, 15095, 1816, 14070, 16252, 7429, 16589, 1631, 15968, 15221, 12478, 18594, 1477, 5637, 12058, 1205, 13397, 9107, 18654, 1968, 3759, 13147, 14144, 14973, 12452, 18020, 13592, 17920, 13687, 11335, 7207, 418, 7834, 778, 12982, 10688, 9031, 509, 9601, 9780, 17040, 12023, 3916, 91, 6536, 18535, 7547, 15240, 707, 14533, 15064, 17012, 16805, 8637, 5969, 16221, 1940, 13307, 4717, 12615, 18220, 11028, 12170, 1743, 2376, 12415, 14220, 18827, 1294, 18543, 6977, 15309, 11778, 11842, 17103, 3857, 4637, 12162, 19169, 17166, 18237, 17818, 9507, 19022, 5790, 19112, 15611, 1118, 15184, 18703, 1817, 15530, 16579, 8437, 11839, 11378, 3537, 9205, 9217, 16272, 18759, 16828, 12002, 8348, 1723, 3481, 14115, 379, 8544, 264, 6015, 7672, 2253, 7364, 3706, 13796, 17139, 16125, 12059, 9623, 7185, 2418, 18230, 3087, 281, 4379, 1796, 8459, 4400, 17824, 2736, 16446, 13525, 15341, 3275, 7872, 1662, 7557, 4319, 15442, 7181, 10456, 4963, 17048, 16943, 12784, 3441, 5240, 9975, 13216, 17702, 11594, 13554, 6165, 19168, 16070, 3540, 3262, 10661, 4061, 13173, 2875, 17014, 4349, 10818, 8428, 16764, 14232, 8930, 15734, 17680, 7069, 15684, 17050, 18987, 6914, 6863, 19263, 10595, 150, 10039, 2722, 18223, 16444, 6559, 7258, 2661, 7699, 17136, 12773, 4247, 5723, 15194, 1696, 1500, 2807, 9893, 11835, 13240, 18313, 17107, 10265, 10244, 5570, 2862, 14049, 1012, 12861, 723, 9583, 17461, 10056, 1264, 8297, 3716, 14666, 15259, 13531, 543, 13723, 16810, 6700, 3516, 13766, 7186, 10692, 6321, 15484, 14547, 8744, 3703, 10383, 16829, 6366, 6846, 3906, 2021, 18133, 857, 279, 12232, 10212, 10541, 12325, 13475, 1225, 937, 6966, 10881, 16936, 18502, 1440, 11914, 3326, 5633, 14913, 4623, 10743, 12361, 17335, 1072, 5043, 14810, 15077, 3255, 17215, 6553, 17852, 4801, 6962, 3060, 9430, 8799, 13824, 188, 15175, 15163, 4733, 5011, 3536, 17635, 6532, 14071, 6112, 17158, 6597, 11272, 105, 19219, 5013, 12483, 201, 6848, 17033, 6367, 7859, 14702, 18844, 7053, 18694, 15670, 636, 10129, 6378, 5369, 7273, 16247, 9142, 15345, 16817, 14854, 2600, 15783, 889, 11833, 6612, 2068, 2427, 7062, 7918, 16181, 5464, 8339, 8950, 8453, 16423, 6064, 2380, 4268, 13929, 12974, 19141, 1299, 2484, 3883, 3273, 8772, 13256, 11239, 5766, 18098, 12705, 11004, 2695, 10048, 10960, 2766, 15661, 13258, 8015, 6032, 16397, 7749, 19039, 7634, 15076, 4234, 15114, 8475, 8091, 19220, 18004, 9704, 13918, 15569, 16443, 10015, 9943, 7817, 9349, 2588, 8249, 398, 5316, 15538, 18372, 13559, 2937, 2803, 16248, 6155, 630, 9911, 13190, 19157, 15788, 13248, 13148, 1320, 12074, 8471, 8798, 3213, 12418, 814, 2402, 12718, 12397, 10564, 9875, 10128, 6947, 9491, 17707, 3266, 19196, 14309, 18523, 19043, 17975, 18063, 11618, 15016, 14434, 7680, 1739, 18029, 11694, 1745, 9271, 5189, 9561, 11283, 14978, 10753, 16017, 12914, 978, 2828, 17257, 13135, 5061, 121, 6602, 16015, 19271, 12159, 1244, 8260, 13195, 15873, 12815, 14291, 14515, 118, 4892, 14985, 9551, 12654, 4739, 927, 12176, 9523, 11726, 18187, 5880, 2569, 3386, 13942, 3390, 15774, 129, 65, 12922, 8422, 12692, 16213, 11515, 2111, 8347, 10758, 14064, 4401, 17782, 15621, 6709, 14716, 4091, 13964, 8424, 4218, 7249, 11311, 11171, 18564, 14755, 7114, 14009, 14815, 294, 495, 7684, 6833, 4046, 3505, 16995, 17858, 7761, 15803, 9840, 13958, 8226, 10369, 12497, 17142, 1748, 2854, 7159, 11539, 11055, 13337, 17173, 14214, 6803, 11144, 12649, 283, 15489, 13174, 7015, 610, 7030, 18206, 14077, 15468, 14962, 8046, 7809, 17387, 16034, 16678, 1173, 3502, 12942, 15655, 16859, 7099, 1673, 446, 1365, 5881, 3713, 11697, 1897, 16001, 1702, 14149, 11876, 9341, 4325, 6923, 2001, 138, 3276, 18716, 17604, 10501, 115, 12800, 6111, 11148, 4549, 16057, 4707, 6843, 16091, 4295, 7519, 13708, 12409, 11018, 5052, 13566, 14715, 12755, 793, 10837, 1888, 12375, 3935, 5763, 11791, 11258, 13264, 11469, 4683, 8905, 1853, 11600, 4421, 2798, 5074, 18141, 13807, 8595, 8126, 13837, 8060, 6956, 11767, 14560, 9389, 15261, 1232, 12560, 7262, 11504, 3546, 4627, 1177, 517, 4008, 9219, 17696, 4148, 14124, 13243, 11235, 7561, 8331, 16320, 3591, 11341, 4015, 12028, 14929, 18601, 3528, 14065, 1510, 19191, 13833, 17616, 10869, 17689, 831, 16725, 6319, 15465, 10467, 8162, 13563, 7728, 10778, 13545, 12290, 16480, 14401, 12838, 4212, 17529, 4832, 15111, 12690, 10373, 7596, 18614, 17477, 1043, 13100, 4774, 17479, 3774, 9302, 3901, 13071, 6412, 9516, 1261, 3054, 13522, 17602, 14343, 18500, 10957, 2791, 9624, 3634, 17904, 5709, 14670, 11058, 7087, 7435, 13848, 82, 5565, 2562, 14029, 3583, 1676, 12709, 18473, 3158, 12787, 8068, 8263, 16146, 3593, 1802, 1861, 3348, 4487, 17749, 6105, 10471, 17472, 10200, 1182, 14180, 1076, 10156, 4839, 9903, 4879, 9720, 2157, 15344, 16067, 3064, 17182, 5368, 4987, 18484, 18923, 11896, 1052, 15727, 15289, 5885, 1933, 5251, 17072, 6038, 6195, 13524, 6606, 18506, 17536, 6784, 3231, 14121, 8925, 10030, 803, 13764, 146, 19268, 14099, 4130, 16372, 1537, 12248, 13718, 17187, 11728, 1740, 19233, 5600, 4092, 4779, 6028, 3395, 16152, 19150, 2417, 11980, 11237, 8427, 18127, 3538, 9257, 607, 2078, 18457, 5802, 3435, 15019, 4256, 9221, 13465, 11742, 5788, 9528, 17493, 4607, 3131, 6616, 5356, 1550, 4617, 8827, 849, 2601, 4437, 17861, 10261, 15704, 3890, 8149, 12063, 3086, 15925, 12301, 6847, 5603, 7768, 3187, 13372, 9258, 6584, 7594, 2603, 1835, 17380, 17193, 15251, 15937, 18731, 4082, 14911, 16626, 8824, 16208, 10167, 17711, 9678, 15852, 13620, 16479, 14586, 2446, 4866, 1315, 7746, 10615, 7927, 2443, 7157, 13506, 18410, 10494]",3789,1500,3,False,1500
2924,general negate,general neg,25,True,True,False,"{21: 26, 33: 14, 2: 18, 29: 13, 25: 57, 43: 9, 57: 16, 49: 16, 61: 14, 67: 52, 65: 21, 50: 28, 15: 53, 6: 13, 46: 15, 27: 69, 7: 65, 48: 67, 19: 21, 31: 14, 63: 26, 22: 39, 9: 79, 26: 40, 47: 15, 53: 66, 11: 19, 51: 26, 54: 9, 13: 32, 17: 37, 52: 30, 39: 27, 38: 19, 1: 6, 59: 33, 56: 23, 32: 9, 8: 25, 4: 12, 20: 26, 24: 7, 18: 31, 42: 7, 28: 31, 45: 57, 0: 13, 66: 11, 62: 11, 35: 7, 64: 15, 37: 2, 40: 25, 3: 3, 14: 5, 12: 8, 16: 15, 55: 16, 30: 13, 58: 6, 36: 4, 60: 5, 5: 3, 41: 2, 44: 2, 34: 2}","[12686, 3384, 6034, 14374, 14516, 14680, 18580, 5912, 661, 4433, 14182, 14634, 14672, 13694, 17233, 12320, 12666, 7276, 14925, 15315, 1125, 14820, 3769, 14096, 12401, 14972, 14176, 4685, 4278, 5735, 7514, 16051, 15882, 4696, 17145, 19193, 12994, 9901, 13641, 15193, 6739, 9240, 1608, 14664, 18117, 5676, 15714, 5964, 5329, 16651, 15936, 14441, 15878, 18316, 14255, 18692, 5858, 4640, 10716, 13839, 16635, 2097, 11464, 12427, 2320, 14629, 7617, 16183, 16205, 2170, 4384, 6683, 5285, 18707, 6780, 4231, 2404, 4895, 18091, 2944, 13054, 3904, 3491, 9455, 15985, 10432, 8657, 15304, 9114, 5838, 5197, 17244, 6207, 3970, 17246, 3950, 6168, 8697, 6800, 9942, 11118, 8582, 6355, 15275, 4581, 12724, 11921, 1833, 523, 7619, 15729, 176, 8576, 3101, 1573, 1283, 11796, 11277, 2547, 1738, 6806, 15187, 7129, 5179, 5854, 16373, 9231, 6270, 777, 2062, 13249, 4144, 6325, 3924, 5350, 14414, 3142, 2249, 6444, 13582, 2833, 18030, 6483, 18404, 15057, 7482, 15001, 15872, 14584, 10835, 954, 7257, 1381, 17819, 17518, 6497, 14430, 4901, 16466, 10805, 132, 7506, 755, 14427, 12119, 16613, 19042, 14994, 11257, 8042, 2144, 5966, 1580, 8010, 2550, 10684, 14088, 5037, 8764, 17076, 14185, 15984, 5299, 16601, 19182, 13197, 14561, 12605, 17010, 2703, 6715, 11207, 10188, 212, 2293, 17676, 1720, 5934, 112, 8568, 15870, 3226, 4524, 4431, 5141, 5383, 7609, 12807, 19001, 14368, 6704, 14903, 4172, 117, 18698, 1699, 16558, 7518, 10618, 2110, 10308, 7828, 6623, 17644, 4449, 951, 13858, 15106, 8402, 916, 4771, 8608, 6448, 6656, 13547, 2814, 8336, 8093, 6398, 637, 9909, 10621, 786, 14146, 17292, 9457, 3, 2884, 14785, 10504, 16361, 8181, 17690, 654, 11067, 18741, 386, 18208, 10130, 8079, 7082, 14740, 8076, 18619, 14428, 10992, 12679, 9431, 18328, 13606, 7641, 13542, 1002, 11975, 15646, 19078, 1352, 8683, 16053, 11763, 14823, 7059, 4995, 3754, 6213, 10090, 19084, 1973, 8131, 5353, 836, 13960, 3217, 4885, 9645, 16941, 14750, 13171, 9132, 1355, 4440, 15747, 8233, 6008, 12781, 16749, 13905, 18198, 5033, 2910, 16502, 1233, 965, 16926, 3944, 13518, 18213, 12739, 9972, 14609, 5764, 6128, 9532, 12680, 3672, 5458, 6822, 11547, 3163, 8040, 14081, 8369, 18182, 17541, 11552, 12451, 15074, 1783, 17730, 1690, 16992, 2490, 2459, 18065, 320, 18311, 45, 9495, 4572, 544, 12731, 16811, 15096, 14957, 4594, 16607, 2449, 7791, 13659, 8892, 1713, 17336, 6598, 13832, 10495, 18937, 3067, 3473, 12715, 13492, 14787, 16503, 17899, 16638, 2408, 7141, 10590, 2917, 14650, 12571, 4321, 2855, 1829, 3736, 3381, 11069, 16093, 15201, 14311, 9836, 18289, 16899, 897, 13981, 12223, 8884, 15721, 7778, 13648, 5737, 6550, 19249, 2715, 447, 12941, 8915, 18963, 16291, 760, 5869, 3635, 3439, 6740, 5003, 3174, 2945, 16056, 4860, 11216, 7363, 1147, 12124, 9764, 11245, 4361, 7784, 16285, 17057, 11203, 5114, 17655, 12056, 17890, 7741, 15799, 10258, 16088, 19222, 15303, 1433, 5991, 322, 2322, 3156, 9940, 7814, 17068, 16968, 10018, 1991, 11946, 8705, 10371, 4619, 11074, 2034, 15550, 11743, 18666, 13494, 14175, 13948, 15123, 11154, 10397, 1701, 4770, 839, 12085, 16500, 16241, 1535, 18782, 2221, 539, 18405, 4245, 103, 1571, 16945, 12196, 9441, 1732, 1367, 3596, 4794, 7230, 5245, 17483, 2955, 2003, 11509, 4044, 12934, 3456, 16693, 593, 4582, 14076, 10972, 1965, 7227, 14324, 8658, 3772, 8355, 11889, 1908, 2684, 10026, 1666, 16507, 5589, 9295, 8389, 2099, 18653, 13808, 19147, 6675, 10970, 2788, 19028, 16983, 16166, 9845, 8160, 11381, 10088, 10333, 11716, 14695, 12697, 4365, 3747, 17296, 11904, 74, 7047, 10639, 13094, 940, 10478, 2032, 6642, 14896, 10840, 5430, 5556, 12597, 2183, 18403, 4252, 14613, 18283, 8790, 12140, 13540, 13353, 14114, 13297, 4056, 14038, 11299, 13770, 11433, 14285, 1526, 1955, 15711, 255, 12481, 612, 1635, 4886, 357, 11434, 9524, 13106, 2607, 5391, 9406, 2331, 624, 2749, 17849, 9829, 11436, 18426, 9481, 18550, 15647, 532, 11720, 11824, 15610, 15741, 7902, 13558, 17967, 14539, 17889, 4631, 1238, 16921, 7787, 15293, 3108, 8215, 2851, 4514, 12938, 16730, 17178, 4890, 17960, 4725, 7917, 3191, 8231, 16341, 8195, 10913, 2173, 5557, 2637, 16896, 5806, 1815, 1451, 8864, 2290, 12108, 5328, 6203, 2431, 7508, 17898, 17188, 6897, 1199, 15526, 18437, 6631, 8644, 16917, 14964, 14233, 2454, 584, 4830, 7199, 4180, 14889, 5761, 13756, 6917, 7756, 18880, 15095, 1816, 14070, 16252, 7429, 16589, 1631, 15968, 15221, 12478, 18594, 1477, 5637, 12058, 1205, 13397, 9107, 18654, 1968, 3759, 13147, 14144, 14973, 12452, 18020, 13592, 17920, 13687, 11335, 7207, 418, 7834, 778, 12982, 10688, 9031, 509, 9601, 9780, 17040, 12023, 3916, 91, 6536, 18535, 7547, 15240, 707, 14533, 15064, 17012, 16805, 8637, 5969, 16221, 1940, 13307, 4717, 12615, 18220, 11028, 12170, 1743, 2376, 12415, 14220, 18827, 1294, 18543, 6977, 15309, 11778, 11842, 17103, 3857, 4637, 12162, 19169, 17166, 18237, 17818, 9507, 19022, 5790, 19112, 15611, 1118, 15184, 18703, 1817, 15530, 16579, 8437, 11839, 11378, 3537, 9205, 9217, 16272, 18759, 16828, 12002, 8348, 1723, 3481, 14115, 379, 8544, 264, 6015, 7672, 2253, 7364, 3706, 13796, 17139, 16125, 12059, 9623, 7185, 2418, 18230, 3087, 281, 4379, 1796, 8459, 4400, 17824, 2736, 16446, 13525, 15341, 3275, 7872, 1662, 7557, 4319, 15442, 7181, 10456, 4963, 17048, 16943, 12784, 3441, 5240, 9975, 13216, 17702, 11594, 13554, 6165, 19168, 16070, 3540, 3262, 10661, 4061, 13173, 2875, 17014, 4349, 10818, 8428, 16764, 14232, 8930, 15734, 17680, 7069, 15684, 17050, 18987, 6914, 6863, 19263, 10595, 150, 10039, 2722, 18223, 16444, 6559, 7258, 2661, 7699, 17136, 12773, 4247, 5723, 15194, 1696, 1500, 2807, 9893, 11835, 13240, 18313, 17107, 10265, 10244, 5570, 2862, 14049, 1012, 12861, 723, 9583, 17461, 10056, 1264, 8297, 3716, 14666, 15259, 13531, 543, 13723, 16810, 6700, 3516, 13766, 7186, 10692, 6321, 15484, 14547, 8744, 3703, 10383, 16829, 6366, 6846, 3906, 2021, 18133, 857, 279, 12232, 10212, 10541, 12325, 13475, 1225, 937, 6966, 10881, 16936, 18502, 1440, 11914, 3326, 5633, 14913, 4623, 10743, 12361, 17335, 1072, 5043, 14810, 15077, 3255, 17215, 6553, 17852, 4801, 6962, 3060, 9430, 8799, 13824, 188, 15175, 15163, 4733, 5011, 3536, 17635, 6532, 14071, 6112, 17158, 6597, 11272, 105, 19219, 5013, 12483, 201, 6848, 17033, 6367, 7859, 14702, 18844, 7053, 18694, 15670, 636, 10129, 6378, 5369, 7273, 16247, 9142, 15345, 16817, 14854, 2600, 15783, 889, 11833, 6612, 2068, 2427, 7062, 7918, 16181, 5464, 8339, 8950, 8453, 16423, 6064, 2380, 4268, 13929, 12974, 19141, 1299, 2484, 3883, 3273, 8772, 13256, 11239, 5766, 18098, 12705, 11004, 2695, 10048, 10960, 2766, 15661, 13258, 8015, 6032, 16397, 7749, 19039, 7634, 15076, 4234, 15114, 8475, 8091, 19220, 18004, 9704, 13918, 15569, 16443, 10015, 9943, 7817, 9349, 2588, 8249, 398, 5316, 15538, 18372, 13559, 2937, 2803, 16248, 6155, 630, 9911, 13190, 19157, 15788, 13248, 13148, 1320, 12074, 8471, 8798, 3213, 12418, 814, 2402, 12718, 12397, 10564, 9875, 10128, 6947, 9491, 17707, 3266, 19196, 14309, 18523, 19043, 17975, 18063, 11618, 15016, 14434, 7680, 1739, 18029, 11694, 1745, 9271, 5189, 9561, 11283, 14978, 10753, 16017, 12914, 978, 2828, 17257, 13135, 5061, 121, 6602, 16015, 19271, 12159, 1244, 8260, 13195, 15873, 12815, 14291, 14515, 118, 4892, 14985, 9551, 12654, 4739, 927, 12176, 9523, 11726, 18187, 5880, 2569, 3386, 13942, 3390, 15774, 129, 65, 12922, 8422, 12692, 16213, 11515, 2111, 8347, 10758, 14064, 4401, 17782, 15621, 6709, 14716, 4091, 13964, 8424, 4218, 7249, 11311, 11171, 18564, 14755, 7114, 14009, 14815, 294, 495, 7684, 6833, 4046, 3505, 16995, 17858, 7761, 15803, 9840, 13958, 8226, 10369, 12497, 17142, 1748, 2854, 7159, 11539, 11055, 13337, 17173, 14214, 6803, 11144, 12649, 283, 15489, 13174, 7015, 610, 7030, 18206, 14077, 15468, 14962, 8046, 7809, 17387, 16034, 16678, 1173, 3502, 12942, 15655, 16859, 7099, 1673, 446, 1365, 5881, 3713, 11697, 1897, 16001, 1702, 14149, 11876, 9341, 4325, 6923, 2001, 138, 3276, 18716, 17604, 10501, 115, 12800, 6111, 11148, 4549, 16057, 4707, 6843, 16091, 4295, 7519, 13708, 12409, 11018, 5052, 13566, 14715, 12755, 793, 10837, 1888, 12375, 3935, 5763, 11791, 11258, 13264, 11469, 4683, 8905, 1853, 11600, 4421, 2798, 5074, 18141, 13807, 8595, 8126, 13837, 8060, 6956, 11767, 14560, 9389, 15261, 1232, 12560, 7262, 11504, 3546, 4627, 1177, 517, 4008, 9219, 17696, 4148, 14124, 13243, 11235, 7561, 8331, 16320, 3591, 11341, 4015, 12028, 14929, 18601, 3528, 14065, 1510, 19191, 13833, 17616, 10869, 17689, 831, 16725, 6319, 15465, 10467, 8162, 13563, 7728, 10778, 13545, 12290, 16480, 14401, 12838, 4212, 17529, 4832, 15111, 12690, 10373, 7596, 18614, 17477, 1043, 13100, 4774, 17479, 3774, 9302, 3901, 13071, 6412, 9516, 1261, 3054, 13522, 17602, 14343, 18500, 10957, 2791, 9624, 3634, 17904, 5709, 14670, 11058, 7087, 7435, 13848, 82, 5565, 2562, 14029, 3583, 1676, 12709, 18473, 3158, 12787, 8068, 8263, 16146, 3593, 1802, 1861, 3348, 4487, 17749, 6105, 10471, 17472, 10200, 1182, 14180, 1076, 10156, 4839, 9903, 4879, 9720, 2157, 15344, 16067, 3064, 17182, 5368, 4987, 18484, 18923, 11896, 1052, 15727, 15289, 5885, 1933, 5251, 17072, 6038, 6195, 13524, 6606, 18506, 17536, 6784, 3231, 14121, 8925, 10030, 803, 13764, 146, 19268, 14099, 4130, 16372, 1537, 12248, 13718, 17187, 11728, 1740, 19233, 5600, 4092, 4779, 6028, 3395, 16152, 19150, 2417, 11980, 11237, 8427, 18127, 3538, 9257, 607, 2078, 18457, 5802, 3435, 15019, 4256, 9221, 13465, 11742, 5788, 9528, 17493, 4607, 3131, 6616, 5356, 1550, 4617, 8827, 849, 2601, 4437, 17861, 10261, 15704, 3890, 8149, 12063, 3086, 15925, 12301, 6847, 5603, 7768, 3187, 13372, 9258, 6584, 7594, 2603, 1835, 17380, 17193, 15251, 15937, 18731, 4082, 14911, 16626, 8824, 16208, 10167, 17711, 9678, 15852, 13620, 16479, 14586, 2446, 4866, 1315, 7746, 10615, 7927, 2443, 7157, 13506, 18410, 10494]",2924,1500,3,False,1500
5465,lists create or add,music li,42,True,False,False,"{21: 26, 33: 14, 2: 18, 29: 13, 25: 57, 43: 9, 57: 16, 49: 16, 61: 14, 67: 52, 65: 21, 50: 28, 15: 53, 6: 13, 46: 15, 27: 69, 7: 65, 48: 67, 19: 21, 31: 14, 63: 26, 22: 39, 9: 79, 26: 40, 47: 15, 53: 66, 11: 19, 51: 26, 54: 9, 13: 32, 17: 37, 52: 30, 39: 27, 38: 19, 1: 6, 59: 33, 56: 23, 32: 9, 8: 25, 4: 12, 20: 26, 24: 7, 18: 31, 42: 7, 28: 31, 45: 57, 0: 13, 66: 11, 62: 11, 35: 7, 64: 15, 37: 2, 40: 25, 3: 3, 14: 5, 12: 8, 16: 15, 55: 16, 30: 13, 58: 6, 36: 4, 60: 5, 5: 3, 41: 2, 44: 2, 34: 2}","[12686, 3384, 6034, 14374, 14516, 14680, 18580, 5912, 661, 4433, 14182, 14634, 14672, 13694, 17233, 12320, 12666, 7276, 14925, 15315, 1125, 14820, 3769, 14096, 12401, 14972, 14176, 4685, 4278, 5735, 7514, 16051, 15882, 4696, 17145, 19193, 12994, 9901, 13641, 15193, 6739, 9240, 1608, 14664, 18117, 5676, 15714, 5964, 5329, 16651, 15936, 14441, 15878, 18316, 14255, 18692, 5858, 4640, 10716, 13839, 16635, 2097, 11464, 12427, 2320, 14629, 7617, 16183, 16205, 2170, 4384, 6683, 5285, 18707, 6780, 4231, 2404, 4895, 18091, 2944, 13054, 3904, 3491, 9455, 15985, 10432, 8657, 15304, 9114, 5838, 5197, 17244, 6207, 3970, 17246, 3950, 6168, 8697, 6800, 9942, 11118, 8582, 6355, 15275, 4581, 12724, 11921, 1833, 523, 7619, 15729, 176, 8576, 3101, 1573, 1283, 11796, 11277, 2547, 1738, 6806, 15187, 7129, 5179, 5854, 16373, 9231, 6270, 777, 2062, 13249, 4144, 6325, 3924, 5350, 14414, 3142, 2249, 6444, 13582, 2833, 18030, 6483, 18404, 15057, 7482, 15001, 15872, 14584, 10835, 954, 7257, 1381, 17819, 17518, 6497, 14430, 4901, 16466, 10805, 132, 7506, 755, 14427, 12119, 16613, 19042, 14994, 11257, 8042, 2144, 5966, 1580, 8010, 2550, 10684, 14088, 5037, 8764, 17076, 14185, 15984, 5299, 16601, 19182, 13197, 14561, 12605, 17010, 2703, 6715, 11207, 10188, 212, 2293, 17676, 1720, 5934, 112, 8568, 15870, 3226, 4524, 4431, 5141, 5383, 7609, 12807, 19001, 14368, 6704, 14903, 4172, 117, 18698, 1699, 16558, 7518, 10618, 2110, 10308, 7828, 6623, 17644, 4449, 951, 13858, 15106, 8402, 916, 4771, 8608, 6448, 6656, 13547, 2814, 8336, 8093, 6398, 637, 9909, 10621, 786, 14146, 17292, 9457, 3, 2884, 14785, 10504, 16361, 8181, 17690, 654, 11067, 18741, 386, 18208, 10130, 8079, 7082, 14740, 8076, 18619, 14428, 10992, 12679, 9431, 18328, 13606, 7641, 13542, 1002, 11975, 15646, 19078, 1352, 8683, 16053, 11763, 14823, 7059, 4995, 3754, 6213, 10090, 19084, 1973, 8131, 5353, 836, 13960, 3217, 4885, 9645, 16941, 14750, 13171, 9132, 1355, 4440, 15747, 8233, 6008, 12781, 16749, 13905, 18198, 5033, 2910, 16502, 1233, 965, 16926, 3944, 13518, 18213, 12739, 9972, 14609, 5764, 6128, 9532, 12680, 3672, 5458, 6822, 11547, 3163, 8040, 14081, 8369, 18182, 17541, 11552, 12451, 15074, 1783, 17730, 1690, 16992, 2490, 2459, 18065, 320, 18311, 45, 9495, 4572, 544, 12731, 16811, 15096, 14957, 4594, 16607, 2449, 7791, 13659, 8892, 1713, 17336, 6598, 13832, 10495, 18937, 3067, 3473, 12715, 13492, 14787, 16503, 17899, 16638, 2408, 7141, 10590, 2917, 14650, 12571, 4321, 2855, 1829, 3736, 3381, 11069, 16093, 15201, 14311, 9836, 18289, 16899, 897, 13981, 12223, 8884, 15721, 7778, 13648, 5737, 6550, 19249, 2715, 447, 12941, 8915, 18963, 16291, 760, 5869, 3635, 3439, 6740, 5003, 3174, 2945, 16056, 4860, 11216, 7363, 1147, 12124, 9764, 11245, 4361, 7784, 16285, 17057, 11203, 5114, 17655, 12056, 17890, 7741, 15799, 10258, 16088, 19222, 15303, 1433, 5991, 322, 2322, 3156, 9940, 7814, 17068, 16968, 10018, 1991, 11946, 8705, 10371, 4619, 11074, 2034, 15550, 11743, 18666, 13494, 14175, 13948, 15123, 11154, 10397, 1701, 4770, 839, 12085, 16500, 16241, 1535, 18782, 2221, 539, 18405, 4245, 103, 1571, 16945, 12196, 9441, 1732, 1367, 3596, 4794, 7230, 5245, 17483, 2955, 2003, 11509, 4044, 12934, 3456, 16693, 593, 4582, 14076, 10972, 1965, 7227, 14324, 8658, 3772, 8355, 11889, 1908, 2684, 10026, 1666, 16507, 5589, 9295, 8389, 2099, 18653, 13808, 19147, 6675, 10970, 2788, 19028, 16983, 16166, 9845, 8160, 11381, 10088, 10333, 11716, 14695, 12697, 4365, 3747, 17296, 11904, 74, 7047, 10639, 13094, 940, 10478, 2032, 6642, 14896, 10840, 5430, 5556, 12597, 2183, 18403, 4252, 14613, 18283, 8790, 12140, 13540, 13353, 14114, 13297, 4056, 14038, 11299, 13770, 11433, 14285, 1526, 1955, 15711, 255, 12481, 612, 1635, 4886, 357, 11434, 9524, 13106, 2607, 5391, 9406, 2331, 624, 2749, 17849, 9829, 11436, 18426, 9481, 18550, 15647, 532, 11720, 11824, 15610, 15741, 7902, 13558, 17967, 14539, 17889, 4631, 1238, 16921, 7787, 15293, 3108, 8215, 2851, 4514, 12938, 16730, 17178, 4890, 17960, 4725, 7917, 3191, 8231, 16341, 8195, 10913, 2173, 5557, 2637, 16896, 5806, 1815, 1451, 8864, 2290, 12108, 5328, 6203, 2431, 7508, 17898, 17188, 6897, 1199, 15526, 18437, 6631, 8644, 16917, 14964, 14233, 2454, 584, 4830, 7199, 4180, 14889, 5761, 13756, 6917, 7756, 18880, 15095, 1816, 14070, 16252, 7429, 16589, 1631, 15968, 15221, 12478, 18594, 1477, 5637, 12058, 1205, 13397, 9107, 18654, 1968, 3759, 13147, 14144, 14973, 12452, 18020, 13592, 17920, 13687, 11335, 7207, 418, 7834, 778, 12982, 10688, 9031, 509, 9601, 9780, 17040, 12023, 3916, 91, 6536, 18535, 7547, 15240, 707, 14533, 15064, 17012, 16805, 8637, 5969, 16221, 1940, 13307, 4717, 12615, 18220, 11028, 12170, 1743, 2376, 12415, 14220, 18827, 1294, 18543, 6977, 15309, 11778, 11842, 17103, 3857, 4637, 12162, 19169, 17166, 18237, 17818, 9507, 19022, 5790, 19112, 15611, 1118, 15184, 18703, 1817, 15530, 16579, 8437, 11839, 11378, 3537, 9205, 9217, 16272, 18759, 16828, 12002, 8348, 1723, 3481, 14115, 379, 8544, 264, 6015, 7672, 2253, 7364, 3706, 13796, 17139, 16125, 12059, 9623, 7185, 2418, 18230, 3087, 281, 4379, 1796, 8459, 4400, 17824, 2736, 16446, 13525, 15341, 3275, 7872, 1662, 7557, 4319, 15442, 7181, 10456, 4963, 17048, 16943, 12784, 3441, 5240, 9975, 13216, 17702, 11594, 13554, 6165, 19168, 16070, 3540, 3262, 10661, 4061, 13173, 2875, 17014, 4349, 10818, 8428, 16764, 14232, 8930, 15734, 17680, 7069, 15684, 17050, 18987, 6914, 6863, 19263, 10595, 150, 10039, 2722, 18223, 16444, 6559, 7258, 2661, 7699, 17136, 12773, 4247, 5723, 15194, 1696, 1500, 2807, 9893, 11835, 13240, 18313, 17107, 10265, 10244, 5570, 2862, 14049, 1012, 12861, 723, 9583, 17461, 10056, 1264, 8297, 3716, 14666, 15259, 13531, 543, 13723, 16810, 6700, 3516, 13766, 7186, 10692, 6321, 15484, 14547, 8744, 3703, 10383, 16829, 6366, 6846, 3906, 2021, 18133, 857, 279, 12232, 10212, 10541, 12325, 13475, 1225, 937, 6966, 10881, 16936, 18502, 1440, 11914, 3326, 5633, 14913, 4623, 10743, 12361, 17335, 1072, 5043, 14810, 15077, 3255, 17215, 6553, 17852, 4801, 6962, 3060, 9430, 8799, 13824, 188, 15175, 15163, 4733, 5011, 3536, 17635, 6532, 14071, 6112, 17158, 6597, 11272, 105, 19219, 5013, 12483, 201, 6848, 17033, 6367, 7859, 14702, 18844, 7053, 18694, 15670, 636, 10129, 6378, 5369, 7273, 16247, 9142, 15345, 16817, 14854, 2600, 15783, 889, 11833, 6612, 2068, 2427, 7062, 7918, 16181, 5464, 8339, 8950, 8453, 16423, 6064, 2380, 4268, 13929, 12974, 19141, 1299, 2484, 3883, 3273, 8772, 13256, 11239, 5766, 18098, 12705, 11004, 2695, 10048, 10960, 2766, 15661, 13258, 8015, 6032, 16397, 7749, 19039, 7634, 15076, 4234, 15114, 8475, 8091, 19220, 18004, 9704, 13918, 15569, 16443, 10015, 9943, 7817, 9349, 2588, 8249, 398, 5316, 15538, 18372, 13559, 2937, 2803, 16248, 6155, 630, 9911, 13190, 19157, 15788, 13248, 13148, 1320, 12074, 8471, 8798, 3213, 12418, 814, 2402, 12718, 12397, 10564, 9875, 10128, 6947, 9491, 17707, 3266, 19196, 14309, 18523, 19043, 17975, 18063, 11618, 15016, 14434, 7680, 1739, 18029, 11694, 1745, 9271, 5189, 9561, 11283, 14978, 10753, 16017, 12914, 978, 2828, 17257, 13135, 5061, 121, 6602, 16015, 19271, 12159, 1244, 8260, 13195, 15873, 12815, 14291, 14515, 118, 4892, 14985, 9551, 12654, 4739, 927, 12176, 9523, 11726, 18187, 5880, 2569, 3386, 13942, 3390, 15774, 129, 65, 12922, 8422, 12692, 16213, 11515, 2111, 8347, 10758, 14064, 4401, 17782, 15621, 6709, 14716, 4091, 13964, 8424, 4218, 7249, 11311, 11171, 18564, 14755, 7114, 14009, 14815, 294, 495, 7684, 6833, 4046, 3505, 16995, 17858, 7761, 15803, 9840, 13958, 8226, 10369, 12497, 17142, 1748, 2854, 7159, 11539, 11055, 13337, 17173, 14214, 6803, 11144, 12649, 283, 15489, 13174, 7015, 610, 7030, 18206, 14077, 15468, 14962, 8046, 7809, 17387, 16034, 16678, 1173, 3502, 12942, 15655, 16859, 7099, 1673, 446, 1365, 5881, 3713, 11697, 1897, 16001, 1702, 14149, 11876, 9341, 4325, 6923, 2001, 138, 3276, 18716, 17604, 10501, 115, 12800, 6111, 11148, 4549, 16057, 4707, 6843, 16091, 4295, 7519, 13708, 12409, 11018, 5052, 13566, 14715, 12755, 793, 10837, 1888, 12375, 3935, 5763, 11791, 11258, 13264, 11469, 4683, 8905, 1853, 11600, 4421, 2798, 5074, 18141, 13807, 8595, 8126, 13837, 8060, 6956, 11767, 14560, 9389, 15261, 1232, 12560, 7262, 11504, 3546, 4627, 1177, 517, 4008, 9219, 17696, 4148, 14124, 13243, 11235, 7561, 8331, 16320, 3591, 11341, 4015, 12028, 14929, 18601, 3528, 14065, 1510, 19191, 13833, 17616, 10869, 17689, 831, 16725, 6319, 15465, 10467, 8162, 13563, 7728, 10778, 13545, 12290, 16480, 14401, 12838, 4212, 17529, 4832, 15111, 12690, 10373, 7596, 18614, 17477, 1043, 13100, 4774, 17479, 3774, 9302, 3901, 13071, 6412, 9516, 1261, 3054, 13522, 17602, 14343, 18500, 10957, 2791, 9624, 3634, 17904, 5709, 14670, 11058, 7087, 7435, 13848, 82, 5565, 2562, 14029, 3583, 1676, 12709, 18473, 3158, 12787, 8068, 8263, 16146, 3593, 1802, 1861, 3348, 4487, 17749, 6105, 10471, 17472, 10200, 1182, 14180, 1076, 10156, 4839, 9903, 4879, 9720, 2157, 15344, 16067, 3064, 17182, 5368, 4987, 18484, 18923, 11896, 1052, 15727, 15289, 5885, 1933, 5251, 17072, 6038, 6195, 13524, 6606, 18506, 17536, 6784, 3231, 14121, 8925, 10030, 803, 13764, 146, 19268, 14099, 4130, 16372, 1537, 12248, 13718, 17187, 11728, 1740, 19233, 5600, 4092, 4779, 6028, 3395, 16152, 19150, 2417, 11980, 11237, 8427, 18127, 3538, 9257, 607, 2078, 18457, 5802, 3435, 15019, 4256, 9221, 13465, 11742, 5788, 9528, 17493, 4607, 3131, 6616, 5356, 1550, 4617, 8827, 849, 2601, 4437, 17861, 10261, 15704, 3890, 8149, 12063, 3086, 15925, 12301, 6847, 5603, 7768, 3187, 13372, 9258, 6584, 7594, 2603, 1835, 17380, 17193, 15251, 15937, 18731, 4082, 14911, 16626, 8824, 16208, 10167, 17711, 9678, 15852, 13620, 16479, 14586, 2446, 4866, 1315, 7746, 10615, 7927, 2443, 7157, 13506, 18410, 10494]",5465,1500,3,False,1500
2269,social query,social query,60,True,True,True,"{21: 26, 33: 14, 2: 18, 29: 13, 25: 57, 43: 9, 57: 16, 49: 16, 61: 14, 67: 52, 65: 21, 50: 28, 15: 53, 6: 13, 46: 15, 27: 69, 7: 65, 48: 67, 19: 21, 31: 14, 63: 26, 22: 39, 9: 79, 26: 40, 47: 15, 53: 66, 11: 19, 51: 26, 54: 9, 13: 32, 17: 37, 52: 30, 39: 27, 38: 19, 1: 6, 59: 33, 56: 23, 32: 9, 8: 25, 4: 12, 20: 26, 24: 7, 18: 31, 42: 7, 28: 31, 45: 57, 0: 13, 66: 11, 62: 11, 35: 7, 64: 15, 37: 2, 40: 25, 3: 3, 14: 5, 12: 8, 16: 15, 55: 16, 30: 13, 58: 6, 36: 4, 60: 5, 5: 3, 41: 2, 44: 2, 34: 2}","[12686, 3384, 6034, 14374, 14516, 14680, 18580, 5912, 661, 4433, 14182, 14634, 14672, 13694, 17233, 12320, 12666, 7276, 14925, 15315, 1125, 14820, 3769, 14096, 12401, 14972, 14176, 4685, 4278, 5735, 7514, 16051, 15882, 4696, 17145, 19193, 12994, 9901, 13641, 15193, 6739, 9240, 1608, 14664, 18117, 5676, 15714, 5964, 5329, 16651, 15936, 14441, 15878, 18316, 14255, 18692, 5858, 4640, 10716, 13839, 16635, 2097, 11464, 12427, 2320, 14629, 7617, 16183, 16205, 2170, 4384, 6683, 5285, 18707, 6780, 4231, 2404, 4895, 18091, 2944, 13054, 3904, 3491, 9455, 15985, 10432, 8657, 15304, 9114, 5838, 5197, 17244, 6207, 3970, 17246, 3950, 6168, 8697, 6800, 9942, 11118, 8582, 6355, 15275, 4581, 12724, 11921, 1833, 523, 7619, 15729, 176, 8576, 3101, 1573, 1283, 11796, 11277, 2547, 1738, 6806, 15187, 7129, 5179, 5854, 16373, 9231, 6270, 777, 2062, 13249, 4144, 6325, 3924, 5350, 14414, 3142, 2249, 6444, 13582, 2833, 18030, 6483, 18404, 15057, 7482, 15001, 15872, 14584, 10835, 954, 7257, 1381, 17819, 17518, 6497, 14430, 4901, 16466, 10805, 132, 7506, 755, 14427, 12119, 16613, 19042, 14994, 11257, 8042, 2144, 5966, 1580, 8010, 2550, 10684, 14088, 5037, 8764, 17076, 14185, 15984, 5299, 16601, 19182, 13197, 14561, 12605, 17010, 2703, 6715, 11207, 10188, 212, 2293, 17676, 1720, 5934, 112, 8568, 15870, 3226, 4524, 4431, 5141, 5383, 7609, 12807, 19001, 14368, 6704, 14903, 4172, 117, 18698, 1699, 16558, 7518, 10618, 2110, 10308, 7828, 6623, 17644, 4449, 951, 13858, 15106, 8402, 916, 4771, 8608, 6448, 6656, 13547, 2814, 8336, 8093, 6398, 637, 9909, 10621, 786, 14146, 17292, 9457, 3, 2884, 14785, 10504, 16361, 8181, 17690, 654, 11067, 18741, 386, 18208, 10130, 8079, 7082, 14740, 8076, 18619, 14428, 10992, 12679, 9431, 18328, 13606, 7641, 13542, 1002, 11975, 15646, 19078, 1352, 8683, 16053, 11763, 14823, 7059, 4995, 3754, 6213, 10090, 19084, 1973, 8131, 5353, 836, 13960, 3217, 4885, 9645, 16941, 14750, 13171, 9132, 1355, 4440, 15747, 8233, 6008, 12781, 16749, 13905, 18198, 5033, 2910, 16502, 1233, 965, 16926, 3944, 13518, 18213, 12739, 9972, 14609, 5764, 6128, 9532, 12680, 3672, 5458, 6822, 11547, 3163, 8040, 14081, 8369, 18182, 17541, 11552, 12451, 15074, 1783, 17730, 1690, 16992, 2490, 2459, 18065, 320, 18311, 45, 9495, 4572, 544, 12731, 16811, 15096, 14957, 4594, 16607, 2449, 7791, 13659, 8892, 1713, 17336, 6598, 13832, 10495, 18937, 3067, 3473, 12715, 13492, 14787, 16503, 17899, 16638, 2408, 7141, 10590, 2917, 14650, 12571, 4321, 2855, 1829, 3736, 3381, 11069, 16093, 15201, 14311, 9836, 18289, 16899, 897, 13981, 12223, 8884, 15721, 7778, 13648, 5737, 6550, 19249, 2715, 447, 12941, 8915, 18963, 16291, 760, 5869, 3635, 3439, 6740, 5003, 3174, 2945, 16056, 4860, 11216, 7363, 1147, 12124, 9764, 11245, 4361, 7784, 16285, 17057, 11203, 5114, 17655, 12056, 17890, 7741, 15799, 10258, 16088, 19222, 15303, 1433, 5991, 322, 2322, 3156, 9940, 7814, 17068, 16968, 10018, 1991, 11946, 8705, 10371, 4619, 11074, 2034, 15550, 11743, 18666, 13494, 14175, 13948, 15123, 11154, 10397, 1701, 4770, 839, 12085, 16500, 16241, 1535, 18782, 2221, 539, 18405, 4245, 103, 1571, 16945, 12196, 9441, 1732, 1367, 3596, 4794, 7230, 5245, 17483, 2955, 2003, 11509, 4044, 12934, 3456, 16693, 593, 4582, 14076, 10972, 1965, 7227, 14324, 8658, 3772, 8355, 11889, 1908, 2684, 10026, 1666, 16507, 5589, 9295, 8389, 2099, 18653, 13808, 19147, 6675, 10970, 2788, 19028, 16983, 16166, 9845, 8160, 11381, 10088, 10333, 11716, 14695, 12697, 4365, 3747, 17296, 11904, 74, 7047, 10639, 13094, 940, 10478, 2032, 6642, 14896, 10840, 5430, 5556, 12597, 2183, 18403, 4252, 14613, 18283, 8790, 12140, 13540, 13353, 14114, 13297, 4056, 14038, 11299, 13770, 11433, 14285, 1526, 1955, 15711, 255, 12481, 612, 1635, 4886, 357, 11434, 9524, 13106, 2607, 5391, 9406, 2331, 624, 2749, 17849, 9829, 11436, 18426, 9481, 18550, 15647, 532, 11720, 11824, 15610, 15741, 7902, 13558, 17967, 14539, 17889, 4631, 1238, 16921, 7787, 15293, 3108, 8215, 2851, 4514, 12938, 16730, 17178, 4890, 17960, 4725, 7917, 3191, 8231, 16341, 8195, 10913, 2173, 5557, 2637, 16896, 5806, 1815, 1451, 8864, 2290, 12108, 5328, 6203, 2431, 7508, 17898, 17188, 6897, 1199, 15526, 18437, 6631, 8644, 16917, 14964, 14233, 2454, 584, 4830, 7199, 4180, 14889, 5761, 13756, 6917, 7756, 18880, 15095, 1816, 14070, 16252, 7429, 16589, 1631, 15968, 15221, 12478, 18594, 1477, 5637, 12058, 1205, 13397, 9107, 18654, 1968, 3759, 13147, 14144, 14973, 12452, 18020, 13592, 17920, 13687, 11335, 7207, 418, 7834, 778, 12982, 10688, 9031, 509, 9601, 9780, 17040, 12023, 3916, 91, 6536, 18535, 7547, 15240, 707, 14533, 15064, 17012, 16805, 8637, 5969, 16221, 1940, 13307, 4717, 12615, 18220, 11028, 12170, 1743, 2376, 12415, 14220, 18827, 1294, 18543, 6977, 15309, 11778, 11842, 17103, 3857, 4637, 12162, 19169, 17166, 18237, 17818, 9507, 19022, 5790, 19112, 15611, 1118, 15184, 18703, 1817, 15530, 16579, 8437, 11839, 11378, 3537, 9205, 9217, 16272, 18759, 16828, 12002, 8348, 1723, 3481, 14115, 379, 8544, 264, 6015, 7672, 2253, 7364, 3706, 13796, 17139, 16125, 12059, 9623, 7185, 2418, 18230, 3087, 281, 4379, 1796, 8459, 4400, 17824, 2736, 16446, 13525, 15341, 3275, 7872, 1662, 7557, 4319, 15442, 7181, 10456, 4963, 17048, 16943, 12784, 3441, 5240, 9975, 13216, 17702, 11594, 13554, 6165, 19168, 16070, 3540, 3262, 10661, 4061, 13173, 2875, 17014, 4349, 10818, 8428, 16764, 14232, 8930, 15734, 17680, 7069, 15684, 17050, 18987, 6914, 6863, 19263, 10595, 150, 10039, 2722, 18223, 16444, 6559, 7258, 2661, 7699, 17136, 12773, 4247, 5723, 15194, 1696, 1500, 2807, 9893, 11835, 13240, 18313, 17107, 10265, 10244, 5570, 2862, 14049, 1012, 12861, 723, 9583, 17461, 10056, 1264, 8297, 3716, 14666, 15259, 13531, 543, 13723, 16810, 6700, 3516, 13766, 7186, 10692, 6321, 15484, 14547, 8744, 3703, 10383, 16829, 6366, 6846, 3906, 2021, 18133, 857, 279, 12232, 10212, 10541, 12325, 13475, 1225, 937, 6966, 10881, 16936, 18502, 1440, 11914, 3326, 5633, 14913, 4623, 10743, 12361, 17335, 1072, 5043, 14810, 15077, 3255, 17215, 6553, 17852, 4801, 6962, 3060, 9430, 8799, 13824, 188, 15175, 15163, 4733, 5011, 3536, 17635, 6532, 14071, 6112, 17158, 6597, 11272, 105, 19219, 5013, 12483, 201, 6848, 17033, 6367, 7859, 14702, 18844, 7053, 18694, 15670, 636, 10129, 6378, 5369, 7273, 16247, 9142, 15345, 16817, 14854, 2600, 15783, 889, 11833, 6612, 2068, 2427, 7062, 7918, 16181, 5464, 8339, 8950, 8453, 16423, 6064, 2380, 4268, 13929, 12974, 19141, 1299, 2484, 3883, 3273, 8772, 13256, 11239, 5766, 18098, 12705, 11004, 2695, 10048, 10960, 2766, 15661, 13258, 8015, 6032, 16397, 7749, 19039, 7634, 15076, 4234, 15114, 8475, 8091, 19220, 18004, 9704, 13918, 15569, 16443, 10015, 9943, 7817, 9349, 2588, 8249, 398, 5316, 15538, 18372, 13559, 2937, 2803, 16248, 6155, 630, 9911, 13190, 19157, 15788, 13248, 13148, 1320, 12074, 8471, 8798, 3213, 12418, 814, 2402, 12718, 12397, 10564, 9875, 10128, 6947, 9491, 17707, 3266, 19196, 14309, 18523, 19043, 17975, 18063, 11618, 15016, 14434, 7680, 1739, 18029, 11694, 1745, 9271, 5189, 9561, 11283, 14978, 10753, 16017, 12914, 978, 2828, 17257, 13135, 5061, 121, 6602, 16015, 19271, 12159, 1244, 8260, 13195, 15873, 12815, 14291, 14515, 118, 4892, 14985, 9551, 12654, 4739, 927, 12176, 9523, 11726, 18187, 5880, 2569, 3386, 13942, 3390, 15774, 129, 65, 12922, 8422, 12692, 16213, 11515, 2111, 8347, 10758, 14064, 4401, 17782, 15621, 6709, 14716, 4091, 13964, 8424, 4218, 7249, 11311, 11171, 18564, 14755, 7114, 14009, 14815, 294, 495, 7684, 6833, 4046, 3505, 16995, 17858, 7761, 15803, 9840, 13958, 8226, 10369, 12497, 17142, 1748, 2854, 7159, 11539, 11055, 13337, 17173, 14214, 6803, 11144, 12649, 283, 15489, 13174, 7015, 610, 7030, 18206, 14077, 15468, 14962, 8046, 7809, 17387, 16034, 16678, 1173, 3502, 12942, 15655, 16859, 7099, 1673, 446, 1365, 5881, 3713, 11697, 1897, 16001, 1702, 14149, 11876, 9341, 4325, 6923, 2001, 138, 3276, 18716, 17604, 10501, 115, 12800, 6111, 11148, 4549, 16057, 4707, 6843, 16091, 4295, 7519, 13708, 12409, 11018, 5052, 13566, 14715, 12755, 793, 10837, 1888, 12375, 3935, 5763, 11791, 11258, 13264, 11469, 4683, 8905, 1853, 11600, 4421, 2798, 5074, 18141, 13807, 8595, 8126, 13837, 8060, 6956, 11767, 14560, 9389, 15261, 1232, 12560, 7262, 11504, 3546, 4627, 1177, 517, 4008, 9219, 17696, 4148, 14124, 13243, 11235, 7561, 8331, 16320, 3591, 11341, 4015, 12028, 14929, 18601, 3528, 14065, 1510, 19191, 13833, 17616, 10869, 17689, 831, 16725, 6319, 15465, 10467, 8162, 13563, 7728, 10778, 13545, 12290, 16480, 14401, 12838, 4212, 17529, 4832, 15111, 12690, 10373, 7596, 18614, 17477, 1043, 13100, 4774, 17479, 3774, 9302, 3901, 13071, 6412, 9516, 1261, 3054, 13522, 17602, 14343, 18500, 10957, 2791, 9624, 3634, 17904, 5709, 14670, 11058, 7087, 7435, 13848, 82, 5565, 2562, 14029, 3583, 1676, 12709, 18473, 3158, 12787, 8068, 8263, 16146, 3593, 1802, 1861, 3348, 4487, 17749, 6105, 10471, 17472, 10200, 1182, 14180, 1076, 10156, 4839, 9903, 4879, 9720, 2157, 15344, 16067, 3064, 17182, 5368, 4987, 18484, 18923, 11896, 1052, 15727, 15289, 5885, 1933, 5251, 17072, 6038, 6195, 13524, 6606, 18506, 17536, 6784, 3231, 14121, 8925, 10030, 803, 13764, 146, 19268, 14099, 4130, 16372, 1537, 12248, 13718, 17187, 11728, 1740, 19233, 5600, 4092, 4779, 6028, 3395, 16152, 19150, 2417, 11980, 11237, 8427, 18127, 3538, 9257, 607, 2078, 18457, 5802, 3435, 15019, 4256, 9221, 13465, 11742, 5788, 9528, 17493, 4607, 3131, 6616, 5356, 1550, 4617, 8827, 849, 2601, 4437, 17861, 10261, 15704, 3890, 8149, 12063, 3086, 15925, 12301, 6847, 5603, 7768, 3187, 13372, 9258, 6584, 7594, 2603, 1835, 17380, 17193, 15251, 15937, 18731, 4082, 14911, 16626, 8824, 16208, 10167, 17711, 9678, 15852, 13620, 16479, 14586, 2446, 4866, 1315, 7746, 10615, 7927, 2443, 7157, 13506, 18410, 10494]",2269,1500,3,False,1500
3965,general dont care,general dont,21,True,True,False,"{21: 26, 33: 14, 2: 18, 29: 13, 25: 57, 43: 9, 57: 16, 49: 16, 61: 14, 67: 52, 65: 21, 50: 28, 15: 53, 6: 13, 46: 15, 27: 69, 7: 65, 48: 67, 19: 21, 31: 14, 63: 26, 22: 39, 9: 79, 26: 40, 47: 15, 53: 66, 11: 19, 51: 26, 54: 9, 13: 32, 17: 37, 52: 30, 39: 27, 38: 19, 1: 6, 59: 33, 56: 23, 32: 9, 8: 25, 4: 12, 20: 26, 24: 7, 18: 31, 42: 7, 28: 31, 45: 57, 0: 13, 66: 11, 62: 11, 35: 7, 64: 15, 37: 2, 40: 25, 3: 3, 14: 5, 12: 8, 16: 15, 55: 16, 30: 13, 58: 6, 36: 4, 60: 5, 5: 3, 41: 2, 44: 2, 34: 2}","[12686, 3384, 6034, 14374, 14516, 14680, 18580, 5912, 661, 4433, 14182, 14634, 14672, 13694, 17233, 12320, 12666, 7276, 14925, 15315, 1125, 14820, 3769, 14096, 12401, 14972, 14176, 4685, 4278, 5735, 7514, 16051, 15882, 4696, 17145, 19193, 12994, 9901, 13641, 15193, 6739, 9240, 1608, 14664, 18117, 5676, 15714, 5964, 5329, 16651, 15936, 14441, 15878, 18316, 14255, 18692, 5858, 4640, 10716, 13839, 16635, 2097, 11464, 12427, 2320, 14629, 7617, 16183, 16205, 2170, 4384, 6683, 5285, 18707, 6780, 4231, 2404, 4895, 18091, 2944, 13054, 3904, 3491, 9455, 15985, 10432, 8657, 15304, 9114, 5838, 5197, 17244, 6207, 3970, 17246, 3950, 6168, 8697, 6800, 9942, 11118, 8582, 6355, 15275, 4581, 12724, 11921, 1833, 523, 7619, 15729, 176, 8576, 3101, 1573, 1283, 11796, 11277, 2547, 1738, 6806, 15187, 7129, 5179, 5854, 16373, 9231, 6270, 777, 2062, 13249, 4144, 6325, 3924, 5350, 14414, 3142, 2249, 6444, 13582, 2833, 18030, 6483, 18404, 15057, 7482, 15001, 15872, 14584, 10835, 954, 7257, 1381, 17819, 17518, 6497, 14430, 4901, 16466, 10805, 132, 7506, 755, 14427, 12119, 16613, 19042, 14994, 11257, 8042, 2144, 5966, 1580, 8010, 2550, 10684, 14088, 5037, 8764, 17076, 14185, 15984, 5299, 16601, 19182, 13197, 14561, 12605, 17010, 2703, 6715, 11207, 10188, 212, 2293, 17676, 1720, 5934, 112, 8568, 15870, 3226, 4524, 4431, 5141, 5383, 7609, 12807, 19001, 14368, 6704, 14903, 4172, 117, 18698, 1699, 16558, 7518, 10618, 2110, 10308, 7828, 6623, 17644, 4449, 951, 13858, 15106, 8402, 916, 4771, 8608, 6448, 6656, 13547, 2814, 8336, 8093, 6398, 637, 9909, 10621, 786, 14146, 17292, 9457, 3, 2884, 14785, 10504, 16361, 8181, 17690, 654, 11067, 18741, 386, 18208, 10130, 8079, 7082, 14740, 8076, 18619, 14428, 10992, 12679, 9431, 18328, 13606, 7641, 13542, 1002, 11975, 15646, 19078, 1352, 8683, 16053, 11763, 14823, 7059, 4995, 3754, 6213, 10090, 19084, 1973, 8131, 5353, 836, 13960, 3217, 4885, 9645, 16941, 14750, 13171, 9132, 1355, 4440, 15747, 8233, 6008, 12781, 16749, 13905, 18198, 5033, 2910, 16502, 1233, 965, 16926, 3944, 13518, 18213, 12739, 9972, 14609, 5764, 6128, 9532, 12680, 3672, 5458, 6822, 11547, 3163, 8040, 14081, 8369, 18182, 17541, 11552, 12451, 15074, 1783, 17730, 1690, 16992, 2490, 2459, 18065, 320, 18311, 45, 9495, 4572, 544, 12731, 16811, 15096, 14957, 4594, 16607, 2449, 7791, 13659, 8892, 1713, 17336, 6598, 13832, 10495, 18937, 3067, 3473, 12715, 13492, 14787, 16503, 17899, 16638, 2408, 7141, 10590, 2917, 14650, 12571, 4321, 2855, 1829, 3736, 3381, 11069, 16093, 15201, 14311, 9836, 18289, 16899, 897, 13981, 12223, 8884, 15721, 7778, 13648, 5737, 6550, 19249, 2715, 447, 12941, 8915, 18963, 16291, 760, 5869, 3635, 3439, 6740, 5003, 3174, 2945, 16056, 4860, 11216, 7363, 1147, 12124, 9764, 11245, 4361, 7784, 16285, 17057, 11203, 5114, 17655, 12056, 17890, 7741, 15799, 10258, 16088, 19222, 15303, 1433, 5991, 322, 2322, 3156, 9940, 7814, 17068, 16968, 10018, 1991, 11946, 8705, 10371, 4619, 11074, 2034, 15550, 11743, 18666, 13494, 14175, 13948, 15123, 11154, 10397, 1701, 4770, 839, 12085, 16500, 16241, 1535, 18782, 2221, 539, 18405, 4245, 103, 1571, 16945, 12196, 9441, 1732, 1367, 3596, 4794, 7230, 5245, 17483, 2955, 2003, 11509, 4044, 12934, 3456, 16693, 593, 4582, 14076, 10972, 1965, 7227, 14324, 8658, 3772, 8355, 11889, 1908, 2684, 10026, 1666, 16507, 5589, 9295, 8389, 2099, 18653, 13808, 19147, 6675, 10970, 2788, 19028, 16983, 16166, 9845, 8160, 11381, 10088, 10333, 11716, 14695, 12697, 4365, 3747, 17296, 11904, 74, 7047, 10639, 13094, 940, 10478, 2032, 6642, 14896, 10840, 5430, 5556, 12597, 2183, 18403, 4252, 14613, 18283, 8790, 12140, 13540, 13353, 14114, 13297, 4056, 14038, 11299, 13770, 11433, 14285, 1526, 1955, 15711, 255, 12481, 612, 1635, 4886, 357, 11434, 9524, 13106, 2607, 5391, 9406, 2331, 624, 2749, 17849, 9829, 11436, 18426, 9481, 18550, 15647, 532, 11720, 11824, 15610, 15741, 7902, 13558, 17967, 14539, 17889, 4631, 1238, 16921, 7787, 15293, 3108, 8215, 2851, 4514, 12938, 16730, 17178, 4890, 17960, 4725, 7917, 3191, 8231, 16341, 8195, 10913, 2173, 5557, 2637, 16896, 5806, 1815, 1451, 8864, 2290, 12108, 5328, 6203, 2431, 7508, 17898, 17188, 6897, 1199, 15526, 18437, 6631, 8644, 16917, 14964, 14233, 2454, 584, 4830, 7199, 4180, 14889, 5761, 13756, 6917, 7756, 18880, 15095, 1816, 14070, 16252, 7429, 16589, 1631, 15968, 15221, 12478, 18594, 1477, 5637, 12058, 1205, 13397, 9107, 18654, 1968, 3759, 13147, 14144, 14973, 12452, 18020, 13592, 17920, 13687, 11335, 7207, 418, 7834, 778, 12982, 10688, 9031, 509, 9601, 9780, 17040, 12023, 3916, 91, 6536, 18535, 7547, 15240, 707, 14533, 15064, 17012, 16805, 8637, 5969, 16221, 1940, 13307, 4717, 12615, 18220, 11028, 12170, 1743, 2376, 12415, 14220, 18827, 1294, 18543, 6977, 15309, 11778, 11842, 17103, 3857, 4637, 12162, 19169, 17166, 18237, 17818, 9507, 19022, 5790, 19112, 15611, 1118, 15184, 18703, 1817, 15530, 16579, 8437, 11839, 11378, 3537, 9205, 9217, 16272, 18759, 16828, 12002, 8348, 1723, 3481, 14115, 379, 8544, 264, 6015, 7672, 2253, 7364, 3706, 13796, 17139, 16125, 12059, 9623, 7185, 2418, 18230, 3087, 281, 4379, 1796, 8459, 4400, 17824, 2736, 16446, 13525, 15341, 3275, 7872, 1662, 7557, 4319, 15442, 7181, 10456, 4963, 17048, 16943, 12784, 3441, 5240, 9975, 13216, 17702, 11594, 13554, 6165, 19168, 16070, 3540, 3262, 10661, 4061, 13173, 2875, 17014, 4349, 10818, 8428, 16764, 14232, 8930, 15734, 17680, 7069, 15684, 17050, 18987, 6914, 6863, 19263, 10595, 150, 10039, 2722, 18223, 16444, 6559, 7258, 2661, 7699, 17136, 12773, 4247, 5723, 15194, 1696, 1500, 2807, 9893, 11835, 13240, 18313, 17107, 10265, 10244, 5570, 2862, 14049, 1012, 12861, 723, 9583, 17461, 10056, 1264, 8297, 3716, 14666, 15259, 13531, 543, 13723, 16810, 6700, 3516, 13766, 7186, 10692, 6321, 15484, 14547, 8744, 3703, 10383, 16829, 6366, 6846, 3906, 2021, 18133, 857, 279, 12232, 10212, 10541, 12325, 13475, 1225, 937, 6966, 10881, 16936, 18502, 1440, 11914, 3326, 5633, 14913, 4623, 10743, 12361, 17335, 1072, 5043, 14810, 15077, 3255, 17215, 6553, 17852, 4801, 6962, 3060, 9430, 8799, 13824, 188, 15175, 15163, 4733, 5011, 3536, 17635, 6532, 14071, 6112, 17158, 6597, 11272, 105, 19219, 5013, 12483, 201, 6848, 17033, 6367, 7859, 14702, 18844, 7053, 18694, 15670, 636, 10129, 6378, 5369, 7273, 16247, 9142, 15345, 16817, 14854, 2600, 15783, 889, 11833, 6612, 2068, 2427, 7062, 7918, 16181, 5464, 8339, 8950, 8453, 16423, 6064, 2380, 4268, 13929, 12974, 19141, 1299, 2484, 3883, 3273, 8772, 13256, 11239, 5766, 18098, 12705, 11004, 2695, 10048, 10960, 2766, 15661, 13258, 8015, 6032, 16397, 7749, 19039, 7634, 15076, 4234, 15114, 8475, 8091, 19220, 18004, 9704, 13918, 15569, 16443, 10015, 9943, 7817, 9349, 2588, 8249, 398, 5316, 15538, 18372, 13559, 2937, 2803, 16248, 6155, 630, 9911, 13190, 19157, 15788, 13248, 13148, 1320, 12074, 8471, 8798, 3213, 12418, 814, 2402, 12718, 12397, 10564, 9875, 10128, 6947, 9491, 17707, 3266, 19196, 14309, 18523, 19043, 17975, 18063, 11618, 15016, 14434, 7680, 1739, 18029, 11694, 1745, 9271, 5189, 9561, 11283, 14978, 10753, 16017, 12914, 978, 2828, 17257, 13135, 5061, 121, 6602, 16015, 19271, 12159, 1244, 8260, 13195, 15873, 12815, 14291, 14515, 118, 4892, 14985, 9551, 12654, 4739, 927, 12176, 9523, 11726, 18187, 5880, 2569, 3386, 13942, 3390, 15774, 129, 65, 12922, 8422, 12692, 16213, 11515, 2111, 8347, 10758, 14064, 4401, 17782, 15621, 6709, 14716, 4091, 13964, 8424, 4218, 7249, 11311, 11171, 18564, 14755, 7114, 14009, 14815, 294, 495, 7684, 6833, 4046, 3505, 16995, 17858, 7761, 15803, 9840, 13958, 8226, 10369, 12497, 17142, 1748, 2854, 7159, 11539, 11055, 13337, 17173, 14214, 6803, 11144, 12649, 283, 15489, 13174, 7015, 610, 7030, 18206, 14077, 15468, 14962, 8046, 7809, 17387, 16034, 16678, 1173, 3502, 12942, 15655, 16859, 7099, 1673, 446, 1365, 5881, 3713, 11697, 1897, 16001, 1702, 14149, 11876, 9341, 4325, 6923, 2001, 138, 3276, 18716, 17604, 10501, 115, 12800, 6111, 11148, 4549, 16057, 4707, 6843, 16091, 4295, 7519, 13708, 12409, 11018, 5052, 13566, 14715, 12755, 793, 10837, 1888, 12375, 3935, 5763, 11791, 11258, 13264, 11469, 4683, 8905, 1853, 11600, 4421, 2798, 5074, 18141, 13807, 8595, 8126, 13837, 8060, 6956, 11767, 14560, 9389, 15261, 1232, 12560, 7262, 11504, 3546, 4627, 1177, 517, 4008, 9219, 17696, 4148, 14124, 13243, 11235, 7561, 8331, 16320, 3591, 11341, 4015, 12028, 14929, 18601, 3528, 14065, 1510, 19191, 13833, 17616, 10869, 17689, 831, 16725, 6319, 15465, 10467, 8162, 13563, 7728, 10778, 13545, 12290, 16480, 14401, 12838, 4212, 17529, 4832, 15111, 12690, 10373, 7596, 18614, 17477, 1043, 13100, 4774, 17479, 3774, 9302, 3901, 13071, 6412, 9516, 1261, 3054, 13522, 17602, 14343, 18500, 10957, 2791, 9624, 3634, 17904, 5709, 14670, 11058, 7087, 7435, 13848, 82, 5565, 2562, 14029, 3583, 1676, 12709, 18473, 3158, 12787, 8068, 8263, 16146, 3593, 1802, 1861, 3348, 4487, 17749, 6105, 10471, 17472, 10200, 1182, 14180, 1076, 10156, 4839, 9903, 4879, 9720, 2157, 15344, 16067, 3064, 17182, 5368, 4987, 18484, 18923, 11896, 1052, 15727, 15289, 5885, 1933, 5251, 17072, 6038, 6195, 13524, 6606, 18506, 17536, 6784, 3231, 14121, 8925, 10030, 803, 13764, 146, 19268, 14099, 4130, 16372, 1537, 12248, 13718, 17187, 11728, 1740, 19233, 5600, 4092, 4779, 6028, 3395, 16152, 19150, 2417, 11980, 11237, 8427, 18127, 3538, 9257, 607, 2078, 18457, 5802, 3435, 15019, 4256, 9221, 13465, 11742, 5788, 9528, 17493, 4607, 3131, 6616, 5356, 1550, 4617, 8827, 849, 2601, 4437, 17861, 10261, 15704, 3890, 8149, 12063, 3086, 15925, 12301, 6847, 5603, 7768, 3187, 13372, 9258, 6584, 7594, 2603, 1835, 17380, 17193, 15251, 15937, 18731, 4082, 14911, 16626, 8824, 16208, 10167, 17711, 9678, 15852, 13620, 16479, 14586, 2446, 4866, 1315, 7746, 10615, 7927, 2443, 7157, 13506, 18410, 10494]",3965,1500,3,False,1500
431,qa stock,qa stock,55,True,True,True,"{21: 26, 33: 14, 2: 18, 29: 13, 25: 57, 43: 9, 57: 16, 49: 16, 61: 14, 67: 52, 65: 21, 50: 28, 15: 53, 6: 13, 46: 15, 27: 69, 7: 65, 48: 67, 19: 21, 31: 14, 63: 26, 22: 39, 9: 79, 26: 40, 47: 15, 53: 66, 11: 19, 51: 26, 54: 9, 13: 32, 17: 37, 52: 30, 39: 27, 38: 19, 1: 6, 59: 33, 56: 23, 32: 9, 8: 25, 4: 12, 20: 26, 24: 7, 18: 31, 42: 7, 28: 31, 45: 57, 0: 13, 66: 11, 62: 11, 35: 7, 64: 15, 37: 2, 40: 25, 3: 3, 14: 5, 12: 8, 16: 15, 55: 16, 30: 13, 58: 6, 36: 4, 60: 5, 5: 3, 41: 2, 44: 2, 34: 2}","[12686, 3384, 6034, 14374, 14516, 14680, 18580, 5912, 661, 4433, 14182, 14634, 14672, 13694, 17233, 12320, 12666, 7276, 14925, 15315, 1125, 14820, 3769, 14096, 12401, 14972, 14176, 4685, 4278, 5735, 7514, 16051, 15882, 4696, 17145, 19193, 12994, 9901, 13641, 15193, 6739, 9240, 1608, 14664, 18117, 5676, 15714, 5964, 5329, 16651, 15936, 14441, 15878, 18316, 14255, 18692, 5858, 4640, 10716, 13839, 16635, 2097, 11464, 12427, 2320, 14629, 7617, 16183, 16205, 2170, 4384, 6683, 5285, 18707, 6780, 4231, 2404, 4895, 18091, 2944, 13054, 3904, 3491, 9455, 15985, 10432, 8657, 15304, 9114, 5838, 5197, 17244, 6207, 3970, 17246, 3950, 6168, 8697, 6800, 9942, 11118, 8582, 6355, 15275, 4581, 12724, 11921, 1833, 523, 7619, 15729, 176, 8576, 3101, 1573, 1283, 11796, 11277, 2547, 1738, 6806, 15187, 7129, 5179, 5854, 16373, 9231, 6270, 777, 2062, 13249, 4144, 6325, 3924, 5350, 14414, 3142, 2249, 6444, 13582, 2833, 18030, 6483, 18404, 15057, 7482, 15001, 15872, 14584, 10835, 954, 7257, 1381, 17819, 17518, 6497, 14430, 4901, 16466, 10805, 132, 7506, 755, 14427, 12119, 16613, 19042, 14994, 11257, 8042, 2144, 5966, 1580, 8010, 2550, 10684, 14088, 5037, 8764, 17076, 14185, 15984, 5299, 16601, 19182, 13197, 14561, 12605, 17010, 2703, 6715, 11207, 10188, 212, 2293, 17676, 1720, 5934, 112, 8568, 15870, 3226, 4524, 4431, 5141, 5383, 7609, 12807, 19001, 14368, 6704, 14903, 4172, 117, 18698, 1699, 16558, 7518, 10618, 2110, 10308, 7828, 6623, 17644, 4449, 951, 13858, 15106, 8402, 916, 4771, 8608, 6448, 6656, 13547, 2814, 8336, 8093, 6398, 637, 9909, 10621, 786, 14146, 17292, 9457, 3, 2884, 14785, 10504, 16361, 8181, 17690, 654, 11067, 18741, 386, 18208, 10130, 8079, 7082, 14740, 8076, 18619, 14428, 10992, 12679, 9431, 18328, 13606, 7641, 13542, 1002, 11975, 15646, 19078, 1352, 8683, 16053, 11763, 14823, 7059, 4995, 3754, 6213, 10090, 19084, 1973, 8131, 5353, 836, 13960, 3217, 4885, 9645, 16941, 14750, 13171, 9132, 1355, 4440, 15747, 8233, 6008, 12781, 16749, 13905, 18198, 5033, 2910, 16502, 1233, 965, 16926, 3944, 13518, 18213, 12739, 9972, 14609, 5764, 6128, 9532, 12680, 3672, 5458, 6822, 11547, 3163, 8040, 14081, 8369, 18182, 17541, 11552, 12451, 15074, 1783, 17730, 1690, 16992, 2490, 2459, 18065, 320, 18311, 45, 9495, 4572, 544, 12731, 16811, 15096, 14957, 4594, 16607, 2449, 7791, 13659, 8892, 1713, 17336, 6598, 13832, 10495, 18937, 3067, 3473, 12715, 13492, 14787, 16503, 17899, 16638, 2408, 7141, 10590, 2917, 14650, 12571, 4321, 2855, 1829, 3736, 3381, 11069, 16093, 15201, 14311, 9836, 18289, 16899, 897, 13981, 12223, 8884, 15721, 7778, 13648, 5737, 6550, 19249, 2715, 447, 12941, 8915, 18963, 16291, 760, 5869, 3635, 3439, 6740, 5003, 3174, 2945, 16056, 4860, 11216, 7363, 1147, 12124, 9764, 11245, 4361, 7784, 16285, 17057, 11203, 5114, 17655, 12056, 17890, 7741, 15799, 10258, 16088, 19222, 15303, 1433, 5991, 322, 2322, 3156, 9940, 7814, 17068, 16968, 10018, 1991, 11946, 8705, 10371, 4619, 11074, 2034, 15550, 11743, 18666, 13494, 14175, 13948, 15123, 11154, 10397, 1701, 4770, 839, 12085, 16500, 16241, 1535, 18782, 2221, 539, 18405, 4245, 103, 1571, 16945, 12196, 9441, 1732, 1367, 3596, 4794, 7230, 5245, 17483, 2955, 2003, 11509, 4044, 12934, 3456, 16693, 593, 4582, 14076, 10972, 1965, 7227, 14324, 8658, 3772, 8355, 11889, 1908, 2684, 10026, 1666, 16507, 5589, 9295, 8389, 2099, 18653, 13808, 19147, 6675, 10970, 2788, 19028, 16983, 16166, 9845, 8160, 11381, 10088, 10333, 11716, 14695, 12697, 4365, 3747, 17296, 11904, 74, 7047, 10639, 13094, 940, 10478, 2032, 6642, 14896, 10840, 5430, 5556, 12597, 2183, 18403, 4252, 14613, 18283, 8790, 12140, 13540, 13353, 14114, 13297, 4056, 14038, 11299, 13770, 11433, 14285, 1526, 1955, 15711, 255, 12481, 612, 1635, 4886, 357, 11434, 9524, 13106, 2607, 5391, 9406, 2331, 624, 2749, 17849, 9829, 11436, 18426, 9481, 18550, 15647, 532, 11720, 11824, 15610, 15741, 7902, 13558, 17967, 14539, 17889, 4631, 1238, 16921, 7787, 15293, 3108, 8215, 2851, 4514, 12938, 16730, 17178, 4890, 17960, 4725, 7917, 3191, 8231, 16341, 8195, 10913, 2173, 5557, 2637, 16896, 5806, 1815, 1451, 8864, 2290, 12108, 5328, 6203, 2431, 7508, 17898, 17188, 6897, 1199, 15526, 18437, 6631, 8644, 16917, 14964, 14233, 2454, 584, 4830, 7199, 4180, 14889, 5761, 13756, 6917, 7756, 18880, 15095, 1816, 14070, 16252, 7429, 16589, 1631, 15968, 15221, 12478, 18594, 1477, 5637, 12058, 1205, 13397, 9107, 18654, 1968, 3759, 13147, 14144, 14973, 12452, 18020, 13592, 17920, 13687, 11335, 7207, 418, 7834, 778, 12982, 10688, 9031, 509, 9601, 9780, 17040, 12023, 3916, 91, 6536, 18535, 7547, 15240, 707, 14533, 15064, 17012, 16805, 8637, 5969, 16221, 1940, 13307, 4717, 12615, 18220, 11028, 12170, 1743, 2376, 12415, 14220, 18827, 1294, 18543, 6977, 15309, 11778, 11842, 17103, 3857, 4637, 12162, 19169, 17166, 18237, 17818, 9507, 19022, 5790, 19112, 15611, 1118, 15184, 18703, 1817, 15530, 16579, 8437, 11839, 11378, 3537, 9205, 9217, 16272, 18759, 16828, 12002, 8348, 1723, 3481, 14115, 379, 8544, 264, 6015, 7672, 2253, 7364, 3706, 13796, 17139, 16125, 12059, 9623, 7185, 2418, 18230, 3087, 281, 4379, 1796, 8459, 4400, 17824, 2736, 16446, 13525, 15341, 3275, 7872, 1662, 7557, 4319, 15442, 7181, 10456, 4963, 17048, 16943, 12784, 3441, 5240, 9975, 13216, 17702, 11594, 13554, 6165, 19168, 16070, 3540, 3262, 10661, 4061, 13173, 2875, 17014, 4349, 10818, 8428, 16764, 14232, 8930, 15734, 17680, 7069, 15684, 17050, 18987, 6914, 6863, 19263, 10595, 150, 10039, 2722, 18223, 16444, 6559, 7258, 2661, 7699, 17136, 12773, 4247, 5723, 15194, 1696, 1500, 2807, 9893, 11835, 13240, 18313, 17107, 10265, 10244, 5570, 2862, 14049, 1012, 12861, 723, 9583, 17461, 10056, 1264, 8297, 3716, 14666, 15259, 13531, 543, 13723, 16810, 6700, 3516, 13766, 7186, 10692, 6321, 15484, 14547, 8744, 3703, 10383, 16829, 6366, 6846, 3906, 2021, 18133, 857, 279, 12232, 10212, 10541, 12325, 13475, 1225, 937, 6966, 10881, 16936, 18502, 1440, 11914, 3326, 5633, 14913, 4623, 10743, 12361, 17335, 1072, 5043, 14810, 15077, 3255, 17215, 6553, 17852, 4801, 6962, 3060, 9430, 8799, 13824, 188, 15175, 15163, 4733, 5011, 3536, 17635, 6532, 14071, 6112, 17158, 6597, 11272, 105, 19219, 5013, 12483, 201, 6848, 17033, 6367, 7859, 14702, 18844, 7053, 18694, 15670, 636, 10129, 6378, 5369, 7273, 16247, 9142, 15345, 16817, 14854, 2600, 15783, 889, 11833, 6612, 2068, 2427, 7062, 7918, 16181, 5464, 8339, 8950, 8453, 16423, 6064, 2380, 4268, 13929, 12974, 19141, 1299, 2484, 3883, 3273, 8772, 13256, 11239, 5766, 18098, 12705, 11004, 2695, 10048, 10960, 2766, 15661, 13258, 8015, 6032, 16397, 7749, 19039, 7634, 15076, 4234, 15114, 8475, 8091, 19220, 18004, 9704, 13918, 15569, 16443, 10015, 9943, 7817, 9349, 2588, 8249, 398, 5316, 15538, 18372, 13559, 2937, 2803, 16248, 6155, 630, 9911, 13190, 19157, 15788, 13248, 13148, 1320, 12074, 8471, 8798, 3213, 12418, 814, 2402, 12718, 12397, 10564, 9875, 10128, 6947, 9491, 17707, 3266, 19196, 14309, 18523, 19043, 17975, 18063, 11618, 15016, 14434, 7680, 1739, 18029, 11694, 1745, 9271, 5189, 9561, 11283, 14978, 10753, 16017, 12914, 978, 2828, 17257, 13135, 5061, 121, 6602, 16015, 19271, 12159, 1244, 8260, 13195, 15873, 12815, 14291, 14515, 118, 4892, 14985, 9551, 12654, 4739, 927, 12176, 9523, 11726, 18187, 5880, 2569, 3386, 13942, 3390, 15774, 129, 65, 12922, 8422, 12692, 16213, 11515, 2111, 8347, 10758, 14064, 4401, 17782, 15621, 6709, 14716, 4091, 13964, 8424, 4218, 7249, 11311, 11171, 18564, 14755, 7114, 14009, 14815, 294, 495, 7684, 6833, 4046, 3505, 16995, 17858, 7761, 15803, 9840, 13958, 8226, 10369, 12497, 17142, 1748, 2854, 7159, 11539, 11055, 13337, 17173, 14214, 6803, 11144, 12649, 283, 15489, 13174, 7015, 610, 7030, 18206, 14077, 15468, 14962, 8046, 7809, 17387, 16034, 16678, 1173, 3502, 12942, 15655, 16859, 7099, 1673, 446, 1365, 5881, 3713, 11697, 1897, 16001, 1702, 14149, 11876, 9341, 4325, 6923, 2001, 138, 3276, 18716, 17604, 10501, 115, 12800, 6111, 11148, 4549, 16057, 4707, 6843, 16091, 4295, 7519, 13708, 12409, 11018, 5052, 13566, 14715, 12755, 793, 10837, 1888, 12375, 3935, 5763, 11791, 11258, 13264, 11469, 4683, 8905, 1853, 11600, 4421, 2798, 5074, 18141, 13807, 8595, 8126, 13837, 8060, 6956, 11767, 14560, 9389, 15261, 1232, 12560, 7262, 11504, 3546, 4627, 1177, 517, 4008, 9219, 17696, 4148, 14124, 13243, 11235, 7561, 8331, 16320, 3591, 11341, 4015, 12028, 14929, 18601, 3528, 14065, 1510, 19191, 13833, 17616, 10869, 17689, 831, 16725, 6319, 15465, 10467, 8162, 13563, 7728, 10778, 13545, 12290, 16480, 14401, 12838, 4212, 17529, 4832, 15111, 12690, 10373, 7596, 18614, 17477, 1043, 13100, 4774, 17479, 3774, 9302, 3901, 13071, 6412, 9516, 1261, 3054, 13522, 17602, 14343, 18500, 10957, 2791, 9624, 3634, 17904, 5709, 14670, 11058, 7087, 7435, 13848, 82, 5565, 2562, 14029, 3583, 1676, 12709, 18473, 3158, 12787, 8068, 8263, 16146, 3593, 1802, 1861, 3348, 4487, 17749, 6105, 10471, 17472, 10200, 1182, 14180, 1076, 10156, 4839, 9903, 4879, 9720, 2157, 15344, 16067, 3064, 17182, 5368, 4987, 18484, 18923, 11896, 1052, 15727, 15289, 5885, 1933, 5251, 17072, 6038, 6195, 13524, 6606, 18506, 17536, 6784, 3231, 14121, 8925, 10030, 803, 13764, 146, 19268, 14099, 4130, 16372, 1537, 12248, 13718, 17187, 11728, 1740, 19233, 5600, 4092, 4779, 6028, 3395, 16152, 19150, 2417, 11980, 11237, 8427, 18127, 3538, 9257, 607, 2078, 18457, 5802, 3435, 15019, 4256, 9221, 13465, 11742, 5788, 9528, 17493, 4607, 3131, 6616, 5356, 1550, 4617, 8827, 849, 2601, 4437, 17861, 10261, 15704, 3890, 8149, 12063, 3086, 15925, 12301, 6847, 5603, 7768, 3187, 13372, 9258, 6584, 7594, 2603, 1835, 17380, 17193, 15251, 15937, 18731, 4082, 14911, 16626, 8824, 16208, 10167, 17711, 9678, 15852, 13620, 16479, 14586, 2446, 4866, 1315, 7746, 10615, 7927, 2443, 7157, 13506, 18410, 10494]",431,1500,3,False,1500
2221,general negate,general neg,25,True,True,False,"{21: 26, 33: 14, 2: 18, 29: 13, 25: 57, 43: 9, 57: 16, 49: 16, 61: 14, 67: 52, 65: 21, 50: 28, 15: 53, 6: 13, 46: 15, 27: 69, 7: 65, 48: 67, 19: 21, 31: 14, 63: 26, 22: 39, 9: 79, 26: 40, 47: 15, 53: 66, 11: 19, 51: 26, 54: 9, 13: 32, 17: 37, 52: 30, 39: 27, 38: 19, 1: 6, 59: 33, 56: 23, 32: 9, 8: 25, 4: 12, 20: 26, 24: 7, 18: 31, 42: 7, 28: 31, 45: 57, 0: 13, 66: 11, 62: 11, 35: 7, 64: 15, 37: 2, 40: 25, 3: 3, 14: 5, 12: 8, 16: 15, 55: 16, 30: 13, 58: 6, 36: 4, 60: 5, 5: 3, 41: 2, 44: 2, 34: 2}","[12686, 3384, 6034, 14374, 14516, 14680, 18580, 5912, 661, 4433, 14182, 14634, 14672, 13694, 17233, 12320, 12666, 7276, 14925, 15315, 1125, 14820, 3769, 14096, 12401, 14972, 14176, 4685, 4278, 5735, 7514, 16051, 15882, 4696, 17145, 19193, 12994, 9901, 13641, 15193, 6739, 9240, 1608, 14664, 18117, 5676, 15714, 5964, 5329, 16651, 15936, 14441, 15878, 18316, 14255, 18692, 5858, 4640, 10716, 13839, 16635, 2097, 11464, 12427, 2320, 14629, 7617, 16183, 16205, 2170, 4384, 6683, 5285, 18707, 6780, 4231, 2404, 4895, 18091, 2944, 13054, 3904, 3491, 9455, 15985, 10432, 8657, 15304, 9114, 5838, 5197, 17244, 6207, 3970, 17246, 3950, 6168, 8697, 6800, 9942, 11118, 8582, 6355, 15275, 4581, 12724, 11921, 1833, 523, 7619, 15729, 176, 8576, 3101, 1573, 1283, 11796, 11277, 2547, 1738, 6806, 15187, 7129, 5179, 5854, 16373, 9231, 6270, 777, 2062, 13249, 4144, 6325, 3924, 5350, 14414, 3142, 2249, 6444, 13582, 2833, 18030, 6483, 18404, 15057, 7482, 15001, 15872, 14584, 10835, 954, 7257, 1381, 17819, 17518, 6497, 14430, 4901, 16466, 10805, 132, 7506, 755, 14427, 12119, 16613, 19042, 14994, 11257, 8042, 2144, 5966, 1580, 8010, 2550, 10684, 14088, 5037, 8764, 17076, 14185, 15984, 5299, 16601, 19182, 13197, 14561, 12605, 17010, 2703, 6715, 11207, 10188, 212, 2293, 17676, 1720, 5934, 112, 8568, 15870, 3226, 4524, 4431, 5141, 5383, 7609, 12807, 19001, 14368, 6704, 14903, 4172, 117, 18698, 1699, 16558, 7518, 10618, 2110, 10308, 7828, 6623, 17644, 4449, 951, 13858, 15106, 8402, 916, 4771, 8608, 6448, 6656, 13547, 2814, 8336, 8093, 6398, 637, 9909, 10621, 786, 14146, 17292, 9457, 3, 2884, 14785, 10504, 16361, 8181, 17690, 654, 11067, 18741, 386, 18208, 10130, 8079, 7082, 14740, 8076, 18619, 14428, 10992, 12679, 9431, 18328, 13606, 7641, 13542, 1002, 11975, 15646, 19078, 1352, 8683, 16053, 11763, 14823, 7059, 4995, 3754, 6213, 10090, 19084, 1973, 8131, 5353, 836, 13960, 3217, 4885, 9645, 16941, 14750, 13171, 9132, 1355, 4440, 15747, 8233, 6008, 12781, 16749, 13905, 18198, 5033, 2910, 16502, 1233, 965, 16926, 3944, 13518, 18213, 12739, 9972, 14609, 5764, 6128, 9532, 12680, 3672, 5458, 6822, 11547, 3163, 8040, 14081, 8369, 18182, 17541, 11552, 12451, 15074, 1783, 17730, 1690, 16992, 2490, 2459, 18065, 320, 18311, 45, 9495, 4572, 544, 12731, 16811, 15096, 14957, 4594, 16607, 2449, 7791, 13659, 8892, 1713, 17336, 6598, 13832, 10495, 18937, 3067, 3473, 12715, 13492, 14787, 16503, 17899, 16638, 2408, 7141, 10590, 2917, 14650, 12571, 4321, 2855, 1829, 3736, 3381, 11069, 16093, 15201, 14311, 9836, 18289, 16899, 897, 13981, 12223, 8884, 15721, 7778, 13648, 5737, 6550, 19249, 2715, 447, 12941, 8915, 18963, 16291, 760, 5869, 3635, 3439, 6740, 5003, 3174, 2945, 16056, 4860, 11216, 7363, 1147, 12124, 9764, 11245, 4361, 7784, 16285, 17057, 11203, 5114, 17655, 12056, 17890, 7741, 15799, 10258, 16088, 19222, 15303, 1433, 5991, 322, 2322, 3156, 9940, 7814, 17068, 16968, 10018, 1991, 11946, 8705, 10371, 4619, 11074, 2034, 15550, 11743, 18666, 13494, 14175, 13948, 15123, 11154, 10397, 1701, 4770, 839, 12085, 16500, 16241, 1535, 18782, 2221, 539, 18405, 4245, 103, 1571, 16945, 12196, 9441, 1732, 1367, 3596, 4794, 7230, 5245, 17483, 2955, 2003, 11509, 4044, 12934, 3456, 16693, 593, 4582, 14076, 10972, 1965, 7227, 14324, 8658, 3772, 8355, 11889, 1908, 2684, 10026, 1666, 16507, 5589, 9295, 8389, 2099, 18653, 13808, 19147, 6675, 10970, 2788, 19028, 16983, 16166, 9845, 8160, 11381, 10088, 10333, 11716, 14695, 12697, 4365, 3747, 17296, 11904, 74, 7047, 10639, 13094, 940, 10478, 2032, 6642, 14896, 10840, 5430, 5556, 12597, 2183, 18403, 4252, 14613, 18283, 8790, 12140, 13540, 13353, 14114, 13297, 4056, 14038, 11299, 13770, 11433, 14285, 1526, 1955, 15711, 255, 12481, 612, 1635, 4886, 357, 11434, 9524, 13106, 2607, 5391, 9406, 2331, 624, 2749, 17849, 9829, 11436, 18426, 9481, 18550, 15647, 532, 11720, 11824, 15610, 15741, 7902, 13558, 17967, 14539, 17889, 4631, 1238, 16921, 7787, 15293, 3108, 8215, 2851, 4514, 12938, 16730, 17178, 4890, 17960, 4725, 7917, 3191, 8231, 16341, 8195, 10913, 2173, 5557, 2637, 16896, 5806, 1815, 1451, 8864, 2290, 12108, 5328, 6203, 2431, 7508, 17898, 17188, 6897, 1199, 15526, 18437, 6631, 8644, 16917, 14964, 14233, 2454, 584, 4830, 7199, 4180, 14889, 5761, 13756, 6917, 7756, 18880, 15095, 1816, 14070, 16252, 7429, 16589, 1631, 15968, 15221, 12478, 18594, 1477, 5637, 12058, 1205, 13397, 9107, 18654, 1968, 3759, 13147, 14144, 14973, 12452, 18020, 13592, 17920, 13687, 11335, 7207, 418, 7834, 778, 12982, 10688, 9031, 509, 9601, 9780, 17040, 12023, 3916, 91, 6536, 18535, 7547, 15240, 707, 14533, 15064, 17012, 16805, 8637, 5969, 16221, 1940, 13307, 4717, 12615, 18220, 11028, 12170, 1743, 2376, 12415, 14220, 18827, 1294, 18543, 6977, 15309, 11778, 11842, 17103, 3857, 4637, 12162, 19169, 17166, 18237, 17818, 9507, 19022, 5790, 19112, 15611, 1118, 15184, 18703, 1817, 15530, 16579, 8437, 11839, 11378, 3537, 9205, 9217, 16272, 18759, 16828, 12002, 8348, 1723, 3481, 14115, 379, 8544, 264, 6015, 7672, 2253, 7364, 3706, 13796, 17139, 16125, 12059, 9623, 7185, 2418, 18230, 3087, 281, 4379, 1796, 8459, 4400, 17824, 2736, 16446, 13525, 15341, 3275, 7872, 1662, 7557, 4319, 15442, 7181, 10456, 4963, 17048, 16943, 12784, 3441, 5240, 9975, 13216, 17702, 11594, 13554, 6165, 19168, 16070, 3540, 3262, 10661, 4061, 13173, 2875, 17014, 4349, 10818, 8428, 16764, 14232, 8930, 15734, 17680, 7069, 15684, 17050, 18987, 6914, 6863, 19263, 10595, 150, 10039, 2722, 18223, 16444, 6559, 7258, 2661, 7699, 17136, 12773, 4247, 5723, 15194, 1696, 1500, 2807, 9893, 11835, 13240, 18313, 17107, 10265, 10244, 5570, 2862, 14049, 1012, 12861, 723, 9583, 17461, 10056, 1264, 8297, 3716, 14666, 15259, 13531, 543, 13723, 16810, 6700, 3516, 13766, 7186, 10692, 6321, 15484, 14547, 8744, 3703, 10383, 16829, 6366, 6846, 3906, 2021, 18133, 857, 279, 12232, 10212, 10541, 12325, 13475, 1225, 937, 6966, 10881, 16936, 18502, 1440, 11914, 3326, 5633, 14913, 4623, 10743, 12361, 17335, 1072, 5043, 14810, 15077, 3255, 17215, 6553, 17852, 4801, 6962, 3060, 9430, 8799, 13824, 188, 15175, 15163, 4733, 5011, 3536, 17635, 6532, 14071, 6112, 17158, 6597, 11272, 105, 19219, 5013, 12483, 201, 6848, 17033, 6367, 7859, 14702, 18844, 7053, 18694, 15670, 636, 10129, 6378, 5369, 7273, 16247, 9142, 15345, 16817, 14854, 2600, 15783, 889, 11833, 6612, 2068, 2427, 7062, 7918, 16181, 5464, 8339, 8950, 8453, 16423, 6064, 2380, 4268, 13929, 12974, 19141, 1299, 2484, 3883, 3273, 8772, 13256, 11239, 5766, 18098, 12705, 11004, 2695, 10048, 10960, 2766, 15661, 13258, 8015, 6032, 16397, 7749, 19039, 7634, 15076, 4234, 15114, 8475, 8091, 19220, 18004, 9704, 13918, 15569, 16443, 10015, 9943, 7817, 9349, 2588, 8249, 398, 5316, 15538, 18372, 13559, 2937, 2803, 16248, 6155, 630, 9911, 13190, 19157, 15788, 13248, 13148, 1320, 12074, 8471, 8798, 3213, 12418, 814, 2402, 12718, 12397, 10564, 9875, 10128, 6947, 9491, 17707, 3266, 19196, 14309, 18523, 19043, 17975, 18063, 11618, 15016, 14434, 7680, 1739, 18029, 11694, 1745, 9271, 5189, 9561, 11283, 14978, 10753, 16017, 12914, 978, 2828, 17257, 13135, 5061, 121, 6602, 16015, 19271, 12159, 1244, 8260, 13195, 15873, 12815, 14291, 14515, 118, 4892, 14985, 9551, 12654, 4739, 927, 12176, 9523, 11726, 18187, 5880, 2569, 3386, 13942, 3390, 15774, 129, 65, 12922, 8422, 12692, 16213, 11515, 2111, 8347, 10758, 14064, 4401, 17782, 15621, 6709, 14716, 4091, 13964, 8424, 4218, 7249, 11311, 11171, 18564, 14755, 7114, 14009, 14815, 294, 495, 7684, 6833, 4046, 3505, 16995, 17858, 7761, 15803, 9840, 13958, 8226, 10369, 12497, 17142, 1748, 2854, 7159, 11539, 11055, 13337, 17173, 14214, 6803, 11144, 12649, 283, 15489, 13174, 7015, 610, 7030, 18206, 14077, 15468, 14962, 8046, 7809, 17387, 16034, 16678, 1173, 3502, 12942, 15655, 16859, 7099, 1673, 446, 1365, 5881, 3713, 11697, 1897, 16001, 1702, 14149, 11876, 9341, 4325, 6923, 2001, 138, 3276, 18716, 17604, 10501, 115, 12800, 6111, 11148, 4549, 16057, 4707, 6843, 16091, 4295, 7519, 13708, 12409, 11018, 5052, 13566, 14715, 12755, 793, 10837, 1888, 12375, 3935, 5763, 11791, 11258, 13264, 11469, 4683, 8905, 1853, 11600, 4421, 2798, 5074, 18141, 13807, 8595, 8126, 13837, 8060, 6956, 11767, 14560, 9389, 15261, 1232, 12560, 7262, 11504, 3546, 4627, 1177, 517, 4008, 9219, 17696, 4148, 14124, 13243, 11235, 7561, 8331, 16320, 3591, 11341, 4015, 12028, 14929, 18601, 3528, 14065, 1510, 19191, 13833, 17616, 10869, 17689, 831, 16725, 6319, 15465, 10467, 8162, 13563, 7728, 10778, 13545, 12290, 16480, 14401, 12838, 4212, 17529, 4832, 15111, 12690, 10373, 7596, 18614, 17477, 1043, 13100, 4774, 17479, 3774, 9302, 3901, 13071, 6412, 9516, 1261, 3054, 13522, 17602, 14343, 18500, 10957, 2791, 9624, 3634, 17904, 5709, 14670, 11058, 7087, 7435, 13848, 82, 5565, 2562, 14029, 3583, 1676, 12709, 18473, 3158, 12787, 8068, 8263, 16146, 3593, 1802, 1861, 3348, 4487, 17749, 6105, 10471, 17472, 10200, 1182, 14180, 1076, 10156, 4839, 9903, 4879, 9720, 2157, 15344, 16067, 3064, 17182, 5368, 4987, 18484, 18923, 11896, 1052, 15727, 15289, 5885, 1933, 5251, 17072, 6038, 6195, 13524, 6606, 18506, 17536, 6784, 3231, 14121, 8925, 10030, 803, 13764, 146, 19268, 14099, 4130, 16372, 1537, 12248, 13718, 17187, 11728, 1740, 19233, 5600, 4092, 4779, 6028, 3395, 16152, 19150, 2417, 11980, 11237, 8427, 18127, 3538, 9257, 607, 2078, 18457, 5802, 3435, 15019, 4256, 9221, 13465, 11742, 5788, 9528, 17493, 4607, 3131, 6616, 5356, 1550, 4617, 8827, 849, 2601, 4437, 17861, 10261, 15704, 3890, 8149, 12063, 3086, 15925, 12301, 6847, 5603, 7768, 3187, 13372, 9258, 6584, 7594, 2603, 1835, 17380, 17193, 15251, 15937, 18731, 4082, 14911, 16626, 8824, 16208, 10167, 17711, 9678, 15852, 13620, 16479, 14586, 2446, 4866, 1315, 7746, 10615, 7927, 2443, 7157, 13506, 18410, 10494]",2221,1500,3,False,1500
6128,alarm set,alarm set,2,True,True,True,"{21: 26, 33: 14, 2: 18, 29: 13, 25: 57, 43: 9, 57: 16, 49: 16, 61: 14, 67: 52, 65: 21, 50: 28, 15: 53, 6: 13, 46: 15, 27: 69, 7: 65, 48: 67, 19: 21, 31: 14, 63: 26, 22: 39, 9: 79, 26: 40, 47: 15, 53: 66, 11: 19, 51: 26, 54: 9, 13: 32, 17: 37, 52: 30, 39: 27, 38: 19, 1: 6, 59: 33, 56: 23, 32: 9, 8: 25, 4: 12, 20: 26, 24: 7, 18: 31, 42: 7, 28: 31, 45: 57, 0: 13, 66: 11, 62: 11, 35: 7, 64: 15, 37: 2, 40: 25, 3: 3, 14: 5, 12: 8, 16: 15, 55: 16, 30: 13, 58: 6, 36: 4, 60: 5, 5: 3, 41: 2, 44: 2, 34: 2}","[12686, 3384, 6034, 14374, 14516, 14680, 18580, 5912, 661, 4433, 14182, 14634, 14672, 13694, 17233, 12320, 12666, 7276, 14925, 15315, 1125, 14820, 3769, 14096, 12401, 14972, 14176, 4685, 4278, 5735, 7514, 16051, 15882, 4696, 17145, 19193, 12994, 9901, 13641, 15193, 6739, 9240, 1608, 14664, 18117, 5676, 15714, 5964, 5329, 16651, 15936, 14441, 15878, 18316, 14255, 18692, 5858, 4640, 10716, 13839, 16635, 2097, 11464, 12427, 2320, 14629, 7617, 16183, 16205, 2170, 4384, 6683, 5285, 18707, 6780, 4231, 2404, 4895, 18091, 2944, 13054, 3904, 3491, 9455, 15985, 10432, 8657, 15304, 9114, 5838, 5197, 17244, 6207, 3970, 17246, 3950, 6168, 8697, 6800, 9942, 11118, 8582, 6355, 15275, 4581, 12724, 11921, 1833, 523, 7619, 15729, 176, 8576, 3101, 1573, 1283, 11796, 11277, 2547, 1738, 6806, 15187, 7129, 5179, 5854, 16373, 9231, 6270, 777, 2062, 13249, 4144, 6325, 3924, 5350, 14414, 3142, 2249, 6444, 13582, 2833, 18030, 6483, 18404, 15057, 7482, 15001, 15872, 14584, 10835, 954, 7257, 1381, 17819, 17518, 6497, 14430, 4901, 16466, 10805, 132, 7506, 755, 14427, 12119, 16613, 19042, 14994, 11257, 8042, 2144, 5966, 1580, 8010, 2550, 10684, 14088, 5037, 8764, 17076, 14185, 15984, 5299, 16601, 19182, 13197, 14561, 12605, 17010, 2703, 6715, 11207, 10188, 212, 2293, 17676, 1720, 5934, 112, 8568, 15870, 3226, 4524, 4431, 5141, 5383, 7609, 12807, 19001, 14368, 6704, 14903, 4172, 117, 18698, 1699, 16558, 7518, 10618, 2110, 10308, 7828, 6623, 17644, 4449, 951, 13858, 15106, 8402, 916, 4771, 8608, 6448, 6656, 13547, 2814, 8336, 8093, 6398, 637, 9909, 10621, 786, 14146, 17292, 9457, 3, 2884, 14785, 10504, 16361, 8181, 17690, 654, 11067, 18741, 386, 18208, 10130, 8079, 7082, 14740, 8076, 18619, 14428, 10992, 12679, 9431, 18328, 13606, 7641, 13542, 1002, 11975, 15646, 19078, 1352, 8683, 16053, 11763, 14823, 7059, 4995, 3754, 6213, 10090, 19084, 1973, 8131, 5353, 836, 13960, 3217, 4885, 9645, 16941, 14750, 13171, 9132, 1355, 4440, 15747, 8233, 6008, 12781, 16749, 13905, 18198, 5033, 2910, 16502, 1233, 965, 16926, 3944, 13518, 18213, 12739, 9972, 14609, 5764, 6128, 9532, 12680, 3672, 5458, 6822, 11547, 3163, 8040, 14081, 8369, 18182, 17541, 11552, 12451, 15074, 1783, 17730, 1690, 16992, 2490, 2459, 18065, 320, 18311, 45, 9495, 4572, 544, 12731, 16811, 15096, 14957, 4594, 16607, 2449, 7791, 13659, 8892, 1713, 17336, 6598, 13832, 10495, 18937, 3067, 3473, 12715, 13492, 14787, 16503, 17899, 16638, 2408, 7141, 10590, 2917, 14650, 12571, 4321, 2855, 1829, 3736, 3381, 11069, 16093, 15201, 14311, 9836, 18289, 16899, 897, 13981, 12223, 8884, 15721, 7778, 13648, 5737, 6550, 19249, 2715, 447, 12941, 8915, 18963, 16291, 760, 5869, 3635, 3439, 6740, 5003, 3174, 2945, 16056, 4860, 11216, 7363, 1147, 12124, 9764, 11245, 4361, 7784, 16285, 17057, 11203, 5114, 17655, 12056, 17890, 7741, 15799, 10258, 16088, 19222, 15303, 1433, 5991, 322, 2322, 3156, 9940, 7814, 17068, 16968, 10018, 1991, 11946, 8705, 10371, 4619, 11074, 2034, 15550, 11743, 18666, 13494, 14175, 13948, 15123, 11154, 10397, 1701, 4770, 839, 12085, 16500, 16241, 1535, 18782, 2221, 539, 18405, 4245, 103, 1571, 16945, 12196, 9441, 1732, 1367, 3596, 4794, 7230, 5245, 17483, 2955, 2003, 11509, 4044, 12934, 3456, 16693, 593, 4582, 14076, 10972, 1965, 7227, 14324, 8658, 3772, 8355, 11889, 1908, 2684, 10026, 1666, 16507, 5589, 9295, 8389, 2099, 18653, 13808, 19147, 6675, 10970, 2788, 19028, 16983, 16166, 9845, 8160, 11381, 10088, 10333, 11716, 14695, 12697, 4365, 3747, 17296, 11904, 74, 7047, 10639, 13094, 940, 10478, 2032, 6642, 14896, 10840, 5430, 5556, 12597, 2183, 18403, 4252, 14613, 18283, 8790, 12140, 13540, 13353, 14114, 13297, 4056, 14038, 11299, 13770, 11433, 14285, 1526, 1955, 15711, 255, 12481, 612, 1635, 4886, 357, 11434, 9524, 13106, 2607, 5391, 9406, 2331, 624, 2749, 17849, 9829, 11436, 18426, 9481, 18550, 15647, 532, 11720, 11824, 15610, 15741, 7902, 13558, 17967, 14539, 17889, 4631, 1238, 16921, 7787, 15293, 3108, 8215, 2851, 4514, 12938, 16730, 17178, 4890, 17960, 4725, 7917, 3191, 8231, 16341, 8195, 10913, 2173, 5557, 2637, 16896, 5806, 1815, 1451, 8864, 2290, 12108, 5328, 6203, 2431, 7508, 17898, 17188, 6897, 1199, 15526, 18437, 6631, 8644, 16917, 14964, 14233, 2454, 584, 4830, 7199, 4180, 14889, 5761, 13756, 6917, 7756, 18880, 15095, 1816, 14070, 16252, 7429, 16589, 1631, 15968, 15221, 12478, 18594, 1477, 5637, 12058, 1205, 13397, 9107, 18654, 1968, 3759, 13147, 14144, 14973, 12452, 18020, 13592, 17920, 13687, 11335, 7207, 418, 7834, 778, 12982, 10688, 9031, 509, 9601, 9780, 17040, 12023, 3916, 91, 6536, 18535, 7547, 15240, 707, 14533, 15064, 17012, 16805, 8637, 5969, 16221, 1940, 13307, 4717, 12615, 18220, 11028, 12170, 1743, 2376, 12415, 14220, 18827, 1294, 18543, 6977, 15309, 11778, 11842, 17103, 3857, 4637, 12162, 19169, 17166, 18237, 17818, 9507, 19022, 5790, 19112, 15611, 1118, 15184, 18703, 1817, 15530, 16579, 8437, 11839, 11378, 3537, 9205, 9217, 16272, 18759, 16828, 12002, 8348, 1723, 3481, 14115, 379, 8544, 264, 6015, 7672, 2253, 7364, 3706, 13796, 17139, 16125, 12059, 9623, 7185, 2418, 18230, 3087, 281, 4379, 1796, 8459, 4400, 17824, 2736, 16446, 13525, 15341, 3275, 7872, 1662, 7557, 4319, 15442, 7181, 10456, 4963, 17048, 16943, 12784, 3441, 5240, 9975, 13216, 17702, 11594, 13554, 6165, 19168, 16070, 3540, 3262, 10661, 4061, 13173, 2875, 17014, 4349, 10818, 8428, 16764, 14232, 8930, 15734, 17680, 7069, 15684, 17050, 18987, 6914, 6863, 19263, 10595, 150, 10039, 2722, 18223, 16444, 6559, 7258, 2661, 7699, 17136, 12773, 4247, 5723, 15194, 1696, 1500, 2807, 9893, 11835, 13240, 18313, 17107, 10265, 10244, 5570, 2862, 14049, 1012, 12861, 723, 9583, 17461, 10056, 1264, 8297, 3716, 14666, 15259, 13531, 543, 13723, 16810, 6700, 3516, 13766, 7186, 10692, 6321, 15484, 14547, 8744, 3703, 10383, 16829, 6366, 6846, 3906, 2021, 18133, 857, 279, 12232, 10212, 10541, 12325, 13475, 1225, 937, 6966, 10881, 16936, 18502, 1440, 11914, 3326, 5633, 14913, 4623, 10743, 12361, 17335, 1072, 5043, 14810, 15077, 3255, 17215, 6553, 17852, 4801, 6962, 3060, 9430, 8799, 13824, 188, 15175, 15163, 4733, 5011, 3536, 17635, 6532, 14071, 6112, 17158, 6597, 11272, 105, 19219, 5013, 12483, 201, 6848, 17033, 6367, 7859, 14702, 18844, 7053, 18694, 15670, 636, 10129, 6378, 5369, 7273, 16247, 9142, 15345, 16817, 14854, 2600, 15783, 889, 11833, 6612, 2068, 2427, 7062, 7918, 16181, 5464, 8339, 8950, 8453, 16423, 6064, 2380, 4268, 13929, 12974, 19141, 1299, 2484, 3883, 3273, 8772, 13256, 11239, 5766, 18098, 12705, 11004, 2695, 10048, 10960, 2766, 15661, 13258, 8015, 6032, 16397, 7749, 19039, 7634, 15076, 4234, 15114, 8475, 8091, 19220, 18004, 9704, 13918, 15569, 16443, 10015, 9943, 7817, 9349, 2588, 8249, 398, 5316, 15538, 18372, 13559, 2937, 2803, 16248, 6155, 630, 9911, 13190, 19157, 15788, 13248, 13148, 1320, 12074, 8471, 8798, 3213, 12418, 814, 2402, 12718, 12397, 10564, 9875, 10128, 6947, 9491, 17707, 3266, 19196, 14309, 18523, 19043, 17975, 18063, 11618, 15016, 14434, 7680, 1739, 18029, 11694, 1745, 9271, 5189, 9561, 11283, 14978, 10753, 16017, 12914, 978, 2828, 17257, 13135, 5061, 121, 6602, 16015, 19271, 12159, 1244, 8260, 13195, 15873, 12815, 14291, 14515, 118, 4892, 14985, 9551, 12654, 4739, 927, 12176, 9523, 11726, 18187, 5880, 2569, 3386, 13942, 3390, 15774, 129, 65, 12922, 8422, 12692, 16213, 11515, 2111, 8347, 10758, 14064, 4401, 17782, 15621, 6709, 14716, 4091, 13964, 8424, 4218, 7249, 11311, 11171, 18564, 14755, 7114, 14009, 14815, 294, 495, 7684, 6833, 4046, 3505, 16995, 17858, 7761, 15803, 9840, 13958, 8226, 10369, 12497, 17142, 1748, 2854, 7159, 11539, 11055, 13337, 17173, 14214, 6803, 11144, 12649, 283, 15489, 13174, 7015, 610, 7030, 18206, 14077, 15468, 14962, 8046, 7809, 17387, 16034, 16678, 1173, 3502, 12942, 15655, 16859, 7099, 1673, 446, 1365, 5881, 3713, 11697, 1897, 16001, 1702, 14149, 11876, 9341, 4325, 6923, 2001, 138, 3276, 18716, 17604, 10501, 115, 12800, 6111, 11148, 4549, 16057, 4707, 6843, 16091, 4295, 7519, 13708, 12409, 11018, 5052, 13566, 14715, 12755, 793, 10837, 1888, 12375, 3935, 5763, 11791, 11258, 13264, 11469, 4683, 8905, 1853, 11600, 4421, 2798, 5074, 18141, 13807, 8595, 8126, 13837, 8060, 6956, 11767, 14560, 9389, 15261, 1232, 12560, 7262, 11504, 3546, 4627, 1177, 517, 4008, 9219, 17696, 4148, 14124, 13243, 11235, 7561, 8331, 16320, 3591, 11341, 4015, 12028, 14929, 18601, 3528, 14065, 1510, 19191, 13833, 17616, 10869, 17689, 831, 16725, 6319, 15465, 10467, 8162, 13563, 7728, 10778, 13545, 12290, 16480, 14401, 12838, 4212, 17529, 4832, 15111, 12690, 10373, 7596, 18614, 17477, 1043, 13100, 4774, 17479, 3774, 9302, 3901, 13071, 6412, 9516, 1261, 3054, 13522, 17602, 14343, 18500, 10957, 2791, 9624, 3634, 17904, 5709, 14670, 11058, 7087, 7435, 13848, 82, 5565, 2562, 14029, 3583, 1676, 12709, 18473, 3158, 12787, 8068, 8263, 16146, 3593, 1802, 1861, 3348, 4487, 17749, 6105, 10471, 17472, 10200, 1182, 14180, 1076, 10156, 4839, 9903, 4879, 9720, 2157, 15344, 16067, 3064, 17182, 5368, 4987, 18484, 18923, 11896, 1052, 15727, 15289, 5885, 1933, 5251, 17072, 6038, 6195, 13524, 6606, 18506, 17536, 6784, 3231, 14121, 8925, 10030, 803, 13764, 146, 19268, 14099, 4130, 16372, 1537, 12248, 13718, 17187, 11728, 1740, 19233, 5600, 4092, 4779, 6028, 3395, 16152, 19150, 2417, 11980, 11237, 8427, 18127, 3538, 9257, 607, 2078, 18457, 5802, 3435, 15019, 4256, 9221, 13465, 11742, 5788, 9528, 17493, 4607, 3131, 6616, 5356, 1550, 4617, 8827, 849, 2601, 4437, 17861, 10261, 15704, 3890, 8149, 12063, 3086, 15925, 12301, 6847, 5603, 7768, 3187, 13372, 9258, 6584, 7594, 2603, 1835, 17380, 17193, 15251, 15937, 18731, 4082, 14911, 16626, 8824, 16208, 10167, 17711, 9678, 15852, 13620, 16479, 14586, 2446, 4866, 1315, 7746, 10615, 7927, 2443, 7157, 13506, 18410, 10494]",6128,1500,3,False,1500
530,calendar set,calendar remove,8,True,False,True,"{21: 26, 33: 14, 2: 18, 29: 13, 25: 57, 43: 9, 57: 16, 49: 16, 61: 14, 67: 52, 65: 21, 50: 28, 15: 53, 6: 13, 46: 15, 27: 69, 7: 65, 48: 67, 19: 21, 31: 14, 63: 26, 22: 39, 9: 79, 26: 40, 47: 15, 53: 66, 11: 19, 51: 26, 54: 9, 13: 32, 17: 37, 52: 30, 39: 27, 38: 19, 1: 6, 59: 33, 56: 23, 32: 9, 8: 25, 4: 12, 20: 26, 24: 7, 18: 31, 42: 7, 28: 31, 45: 57, 0: 13, 66: 11, 62: 11, 35: 7, 64: 15, 37: 2, 40: 25, 3: 3, 14: 5, 12: 8, 16: 15, 55: 16, 30: 13, 58: 6, 36: 4, 60: 5, 5: 3, 41: 2, 44: 2, 34: 2}","[12686, 3384, 6034, 14374, 14516, 14680, 18580, 5912, 661, 4433, 14182, 14634, 14672, 13694, 17233, 12320, 12666, 7276, 14925, 15315, 1125, 14820, 3769, 14096, 12401, 14972, 14176, 4685, 4278, 5735, 7514, 16051, 15882, 4696, 17145, 19193, 12994, 9901, 13641, 15193, 6739, 9240, 1608, 14664, 18117, 5676, 15714, 5964, 5329, 16651, 15936, 14441, 15878, 18316, 14255, 18692, 5858, 4640, 10716, 13839, 16635, 2097, 11464, 12427, 2320, 14629, 7617, 16183, 16205, 2170, 4384, 6683, 5285, 18707, 6780, 4231, 2404, 4895, 18091, 2944, 13054, 3904, 3491, 9455, 15985, 10432, 8657, 15304, 9114, 5838, 5197, 17244, 6207, 3970, 17246, 3950, 6168, 8697, 6800, 9942, 11118, 8582, 6355, 15275, 4581, 12724, 11921, 1833, 523, 7619, 15729, 176, 8576, 3101, 1573, 1283, 11796, 11277, 2547, 1738, 6806, 15187, 7129, 5179, 5854, 16373, 9231, 6270, 777, 2062, 13249, 4144, 6325, 3924, 5350, 14414, 3142, 2249, 6444, 13582, 2833, 18030, 6483, 18404, 15057, 7482, 15001, 15872, 14584, 10835, 954, 7257, 1381, 17819, 17518, 6497, 14430, 4901, 16466, 10805, 132, 7506, 755, 14427, 12119, 16613, 19042, 14994, 11257, 8042, 2144, 5966, 1580, 8010, 2550, 10684, 14088, 5037, 8764, 17076, 14185, 15984, 5299, 16601, 19182, 13197, 14561, 12605, 17010, 2703, 6715, 11207, 10188, 212, 2293, 17676, 1720, 5934, 112, 8568, 15870, 3226, 4524, 4431, 5141, 5383, 7609, 12807, 19001, 14368, 6704, 14903, 4172, 117, 18698, 1699, 16558, 7518, 10618, 2110, 10308, 7828, 6623, 17644, 4449, 951, 13858, 15106, 8402, 916, 4771, 8608, 6448, 6656, 13547, 2814, 8336, 8093, 6398, 637, 9909, 10621, 786, 14146, 17292, 9457, 3, 2884, 14785, 10504, 16361, 8181, 17690, 654, 11067, 18741, 386, 18208, 10130, 8079, 7082, 14740, 8076, 18619, 14428, 10992, 12679, 9431, 18328, 13606, 7641, 13542, 1002, 11975, 15646, 19078, 1352, 8683, 16053, 11763, 14823, 7059, 4995, 3754, 6213, 10090, 19084, 1973, 8131, 5353, 836, 13960, 3217, 4885, 9645, 16941, 14750, 13171, 9132, 1355, 4440, 15747, 8233, 6008, 12781, 16749, 13905, 18198, 5033, 2910, 16502, 1233, 965, 16926, 3944, 13518, 18213, 12739, 9972, 14609, 5764, 6128, 9532, 12680, 3672, 5458, 6822, 11547, 3163, 8040, 14081, 8369, 18182, 17541, 11552, 12451, 15074, 1783, 17730, 1690, 16992, 2490, 2459, 18065, 320, 18311, 45, 9495, 4572, 544, 12731, 16811, 15096, 14957, 4594, 16607, 2449, 7791, 13659, 8892, 1713, 17336, 6598, 13832, 10495, 18937, 3067, 3473, 12715, 13492, 14787, 16503, 17899, 16638, 2408, 7141, 10590, 2917, 14650, 12571, 4321, 2855, 1829, 3736, 3381, 11069, 16093, 15201, 14311, 9836, 18289, 16899, 897, 13981, 12223, 8884, 15721, 7778, 13648, 5737, 6550, 19249, 2715, 447, 12941, 8915, 18963, 16291, 760, 5869, 3635, 3439, 6740, 5003, 3174, 2945, 16056, 4860, 11216, 7363, 1147, 12124, 9764, 11245, 4361, 7784, 16285, 17057, 11203, 5114, 17655, 12056, 17890, 7741, 15799, 10258, 16088, 19222, 15303, 1433, 5991, 322, 2322, 3156, 9940, 7814, 17068, 16968, 10018, 1991, 11946, 8705, 10371, 4619, 11074, 2034, 15550, 11743, 18666, 13494, 14175, 13948, 15123, 11154, 10397, 1701, 4770, 839, 12085, 16500, 16241, 1535, 18782, 2221, 539, 18405, 4245, 103, 1571, 16945, 12196, 9441, 1732, 1367, 3596, 4794, 7230, 5245, 17483, 2955, 2003, 11509, 4044, 12934, 3456, 16693, 593, 4582, 14076, 10972, 1965, 7227, 14324, 8658, 3772, 8355, 11889, 1908, 2684, 10026, 1666, 16507, 5589, 9295, 8389, 2099, 18653, 13808, 19147, 6675, 10970, 2788, 19028, 16983, 16166, 9845, 8160, 11381, 10088, 10333, 11716, 14695, 12697, 4365, 3747, 17296, 11904, 74, 7047, 10639, 13094, 940, 10478, 2032, 6642, 14896, 10840, 5430, 5556, 12597, 2183, 18403, 4252, 14613, 18283, 8790, 12140, 13540, 13353, 14114, 13297, 4056, 14038, 11299, 13770, 11433, 14285, 1526, 1955, 15711, 255, 12481, 612, 1635, 4886, 357, 11434, 9524, 13106, 2607, 5391, 9406, 2331, 624, 2749, 17849, 9829, 11436, 18426, 9481, 18550, 15647, 532, 11720, 11824, 15610, 15741, 7902, 13558, 17967, 14539, 17889, 4631, 1238, 16921, 7787, 15293, 3108, 8215, 2851, 4514, 12938, 16730, 17178, 4890, 17960, 4725, 7917, 3191, 8231, 16341, 8195, 10913, 2173, 5557, 2637, 16896, 5806, 1815, 1451, 8864, 2290, 12108, 5328, 6203, 2431, 7508, 17898, 17188, 6897, 1199, 15526, 18437, 6631, 8644, 16917, 14964, 14233, 2454, 584, 4830, 7199, 4180, 14889, 5761, 13756, 6917, 7756, 18880, 15095, 1816, 14070, 16252, 7429, 16589, 1631, 15968, 15221, 12478, 18594, 1477, 5637, 12058, 1205, 13397, 9107, 18654, 1968, 3759, 13147, 14144, 14973, 12452, 18020, 13592, 17920, 13687, 11335, 7207, 418, 7834, 778, 12982, 10688, 9031, 509, 9601, 9780, 17040, 12023, 3916, 91, 6536, 18535, 7547, 15240, 707, 14533, 15064, 17012, 16805, 8637, 5969, 16221, 1940, 13307, 4717, 12615, 18220, 11028, 12170, 1743, 2376, 12415, 14220, 18827, 1294, 18543, 6977, 15309, 11778, 11842, 17103, 3857, 4637, 12162, 19169, 17166, 18237, 17818, 9507, 19022, 5790, 19112, 15611, 1118, 15184, 18703, 1817, 15530, 16579, 8437, 11839, 11378, 3537, 9205, 9217, 16272, 18759, 16828, 12002, 8348, 1723, 3481, 14115, 379, 8544, 264, 6015, 7672, 2253, 7364, 3706, 13796, 17139, 16125, 12059, 9623, 7185, 2418, 18230, 3087, 281, 4379, 1796, 8459, 4400, 17824, 2736, 16446, 13525, 15341, 3275, 7872, 1662, 7557, 4319, 15442, 7181, 10456, 4963, 17048, 16943, 12784, 3441, 5240, 9975, 13216, 17702, 11594, 13554, 6165, 19168, 16070, 3540, 3262, 10661, 4061, 13173, 2875, 17014, 4349, 10818, 8428, 16764, 14232, 8930, 15734, 17680, 7069, 15684, 17050, 18987, 6914, 6863, 19263, 10595, 150, 10039, 2722, 18223, 16444, 6559, 7258, 2661, 7699, 17136, 12773, 4247, 5723, 15194, 1696, 1500, 2807, 9893, 11835, 13240, 18313, 17107, 10265, 10244, 5570, 2862, 14049, 1012, 12861, 723, 9583, 17461, 10056, 1264, 8297, 3716, 14666, 15259, 13531, 543, 13723, 16810, 6700, 3516, 13766, 7186, 10692, 6321, 15484, 14547, 8744, 3703, 10383, 16829, 6366, 6846, 3906, 2021, 18133, 857, 279, 12232, 10212, 10541, 12325, 13475, 1225, 937, 6966, 10881, 16936, 18502, 1440, 11914, 3326, 5633, 14913, 4623, 10743, 12361, 17335, 1072, 5043, 14810, 15077, 3255, 17215, 6553, 17852, 4801, 6962, 3060, 9430, 8799, 13824, 188, 15175, 15163, 4733, 5011, 3536, 17635, 6532, 14071, 6112, 17158, 6597, 11272, 105, 19219, 5013, 12483, 201, 6848, 17033, 6367, 7859, 14702, 18844, 7053, 18694, 15670, 636, 10129, 6378, 5369, 7273, 16247, 9142, 15345, 16817, 14854, 2600, 15783, 889, 11833, 6612, 2068, 2427, 7062, 7918, 16181, 5464, 8339, 8950, 8453, 16423, 6064, 2380, 4268, 13929, 12974, 19141, 1299, 2484, 3883, 3273, 8772, 13256, 11239, 5766, 18098, 12705, 11004, 2695, 10048, 10960, 2766, 15661, 13258, 8015, 6032, 16397, 7749, 19039, 7634, 15076, 4234, 15114, 8475, 8091, 19220, 18004, 9704, 13918, 15569, 16443, 10015, 9943, 7817, 9349, 2588, 8249, 398, 5316, 15538, 18372, 13559, 2937, 2803, 16248, 6155, 630, 9911, 13190, 19157, 15788, 13248, 13148, 1320, 12074, 8471, 8798, 3213, 12418, 814, 2402, 12718, 12397, 10564, 9875, 10128, 6947, 9491, 17707, 3266, 19196, 14309, 18523, 19043, 17975, 18063, 11618, 15016, 14434, 7680, 1739, 18029, 11694, 1745, 9271, 5189, 9561, 11283, 14978, 10753, 16017, 12914, 978, 2828, 17257, 13135, 5061, 121, 6602, 16015, 19271, 12159, 1244, 8260, 13195, 15873, 12815, 14291, 14515, 118, 4892, 14985, 9551, 12654, 4739, 927, 12176, 9523, 11726, 18187, 5880, 2569, 3386, 13942, 3390, 15774, 129, 65, 12922, 8422, 12692, 16213, 11515, 2111, 8347, 10758, 14064, 4401, 17782, 15621, 6709, 14716, 4091, 13964, 8424, 4218, 7249, 11311, 11171, 18564, 14755, 7114, 14009, 14815, 294, 495, 7684, 6833, 4046, 3505, 16995, 17858, 7761, 15803, 9840, 13958, 8226, 10369, 12497, 17142, 1748, 2854, 7159, 11539, 11055, 13337, 17173, 14214, 6803, 11144, 12649, 283, 15489, 13174, 7015, 610, 7030, 18206, 14077, 15468, 14962, 8046, 7809, 17387, 16034, 16678, 1173, 3502, 12942, 15655, 16859, 7099, 1673, 446, 1365, 5881, 3713, 11697, 1897, 16001, 1702, 14149, 11876, 9341, 4325, 6923, 2001, 138, 3276, 18716, 17604, 10501, 115, 12800, 6111, 11148, 4549, 16057, 4707, 6843, 16091, 4295, 7519, 13708, 12409, 11018, 5052, 13566, 14715, 12755, 793, 10837, 1888, 12375, 3935, 5763, 11791, 11258, 13264, 11469, 4683, 8905, 1853, 11600, 4421, 2798, 5074, 18141, 13807, 8595, 8126, 13837, 8060, 6956, 11767, 14560, 9389, 15261, 1232, 12560, 7262, 11504, 3546, 4627, 1177, 517, 4008, 9219, 17696, 4148, 14124, 13243, 11235, 7561, 8331, 16320, 3591, 11341, 4015, 12028, 14929, 18601, 3528, 14065, 1510, 19191, 13833, 17616, 10869, 17689, 831, 16725, 6319, 15465, 10467, 8162, 13563, 7728, 10778, 13545, 12290, 16480, 14401, 12838, 4212, 17529, 4832, 15111, 12690, 10373, 7596, 18614, 17477, 1043, 13100, 4774, 17479, 3774, 9302, 3901, 13071, 6412, 9516, 1261, 3054, 13522, 17602, 14343, 18500, 10957, 2791, 9624, 3634, 17904, 5709, 14670, 11058, 7087, 7435, 13848, 82, 5565, 2562, 14029, 3583, 1676, 12709, 18473, 3158, 12787, 8068, 8263, 16146, 3593, 1802, 1861, 3348, 4487, 17749, 6105, 10471, 17472, 10200, 1182, 14180, 1076, 10156, 4839, 9903, 4879, 9720, 2157, 15344, 16067, 3064, 17182, 5368, 4987, 18484, 18923, 11896, 1052, 15727, 15289, 5885, 1933, 5251, 17072, 6038, 6195, 13524, 6606, 18506, 17536, 6784, 3231, 14121, 8925, 10030, 803, 13764, 146, 19268, 14099, 4130, 16372, 1537, 12248, 13718, 17187, 11728, 1740, 19233, 5600, 4092, 4779, 6028, 3395, 16152, 19150, 2417, 11980, 11237, 8427, 18127, 3538, 9257, 607, 2078, 18457, 5802, 3435, 15019, 4256, 9221, 13465, 11742, 5788, 9528, 17493, 4607, 3131, 6616, 5356, 1550, 4617, 8827, 849, 2601, 4437, 17861, 10261, 15704, 3890, 8149, 12063, 3086, 15925, 12301, 6847, 5603, 7768, 3187, 13372, 9258, 6584, 7594, 2603, 1835, 17380, 17193, 15251, 15937, 18731, 4082, 14911, 16626, 8824, 16208, 10167, 17711, 9678, 15852, 13620, 16479, 14586, 2446, 4866, 1315, 7746, 10615, 7927, 2443, 7157, 13506, 18410, 10494]",530,1500,3,False,1500
1199,iot coffee,iot coffee,30,True,True,True,"{21: 26, 33: 14, 2: 18, 29: 13, 25: 57, 43: 9, 57: 16, 49: 16, 61: 14, 67: 52, 65: 21, 50: 28, 15: 53, 6: 13, 46: 15, 27: 69, 7: 65, 48: 67, 19: 21, 31: 14, 63: 26, 22: 39, 9: 79, 26: 40, 47: 15, 53: 66, 11: 19, 51: 26, 54: 9, 13: 32, 17: 37, 52: 30, 39: 27, 38: 19, 1: 6, 59: 33, 56: 23, 32: 9, 8: 25, 4: 12, 20: 26, 24: 7, 18: 31, 42: 7, 28: 31, 45: 57, 0: 13, 66: 11, 62: 11, 35: 7, 64: 15, 37: 2, 40: 25, 3: 3, 14: 5, 12: 8, 16: 15, 55: 16, 30: 13, 58: 6, 36: 4, 60: 5, 5: 3, 41: 2, 44: 2, 34: 2}","[12686, 3384, 6034, 14374, 14516, 14680, 18580, 5912, 661, 4433, 14182, 14634, 14672, 13694, 17233, 12320, 12666, 7276, 14925, 15315, 1125, 14820, 3769, 14096, 12401, 14972, 14176, 4685, 4278, 5735, 7514, 16051, 15882, 4696, 17145, 19193, 12994, 9901, 13641, 15193, 6739, 9240, 1608, 14664, 18117, 5676, 15714, 5964, 5329, 16651, 15936, 14441, 15878, 18316, 14255, 18692, 5858, 4640, 10716, 13839, 16635, 2097, 11464, 12427, 2320, 14629, 7617, 16183, 16205, 2170, 4384, 6683, 5285, 18707, 6780, 4231, 2404, 4895, 18091, 2944, 13054, 3904, 3491, 9455, 15985, 10432, 8657, 15304, 9114, 5838, 5197, 17244, 6207, 3970, 17246, 3950, 6168, 8697, 6800, 9942, 11118, 8582, 6355, 15275, 4581, 12724, 11921, 1833, 523, 7619, 15729, 176, 8576, 3101, 1573, 1283, 11796, 11277, 2547, 1738, 6806, 15187, 7129, 5179, 5854, 16373, 9231, 6270, 777, 2062, 13249, 4144, 6325, 3924, 5350, 14414, 3142, 2249, 6444, 13582, 2833, 18030, 6483, 18404, 15057, 7482, 15001, 15872, 14584, 10835, 954, 7257, 1381, 17819, 17518, 6497, 14430, 4901, 16466, 10805, 132, 7506, 755, 14427, 12119, 16613, 19042, 14994, 11257, 8042, 2144, 5966, 1580, 8010, 2550, 10684, 14088, 5037, 8764, 17076, 14185, 15984, 5299, 16601, 19182, 13197, 14561, 12605, 17010, 2703, 6715, 11207, 10188, 212, 2293, 17676, 1720, 5934, 112, 8568, 15870, 3226, 4524, 4431, 5141, 5383, 7609, 12807, 19001, 14368, 6704, 14903, 4172, 117, 18698, 1699, 16558, 7518, 10618, 2110, 10308, 7828, 6623, 17644, 4449, 951, 13858, 15106, 8402, 916, 4771, 8608, 6448, 6656, 13547, 2814, 8336, 8093, 6398, 637, 9909, 10621, 786, 14146, 17292, 9457, 3, 2884, 14785, 10504, 16361, 8181, 17690, 654, 11067, 18741, 386, 18208, 10130, 8079, 7082, 14740, 8076, 18619, 14428, 10992, 12679, 9431, 18328, 13606, 7641, 13542, 1002, 11975, 15646, 19078, 1352, 8683, 16053, 11763, 14823, 7059, 4995, 3754, 6213, 10090, 19084, 1973, 8131, 5353, 836, 13960, 3217, 4885, 9645, 16941, 14750, 13171, 9132, 1355, 4440, 15747, 8233, 6008, 12781, 16749, 13905, 18198, 5033, 2910, 16502, 1233, 965, 16926, 3944, 13518, 18213, 12739, 9972, 14609, 5764, 6128, 9532, 12680, 3672, 5458, 6822, 11547, 3163, 8040, 14081, 8369, 18182, 17541, 11552, 12451, 15074, 1783, 17730, 1690, 16992, 2490, 2459, 18065, 320, 18311, 45, 9495, 4572, 544, 12731, 16811, 15096, 14957, 4594, 16607, 2449, 7791, 13659, 8892, 1713, 17336, 6598, 13832, 10495, 18937, 3067, 3473, 12715, 13492, 14787, 16503, 17899, 16638, 2408, 7141, 10590, 2917, 14650, 12571, 4321, 2855, 1829, 3736, 3381, 11069, 16093, 15201, 14311, 9836, 18289, 16899, 897, 13981, 12223, 8884, 15721, 7778, 13648, 5737, 6550, 19249, 2715, 447, 12941, 8915, 18963, 16291, 760, 5869, 3635, 3439, 6740, 5003, 3174, 2945, 16056, 4860, 11216, 7363, 1147, 12124, 9764, 11245, 4361, 7784, 16285, 17057, 11203, 5114, 17655, 12056, 17890, 7741, 15799, 10258, 16088, 19222, 15303, 1433, 5991, 322, 2322, 3156, 9940, 7814, 17068, 16968, 10018, 1991, 11946, 8705, 10371, 4619, 11074, 2034, 15550, 11743, 18666, 13494, 14175, 13948, 15123, 11154, 10397, 1701, 4770, 839, 12085, 16500, 16241, 1535, 18782, 2221, 539, 18405, 4245, 103, 1571, 16945, 12196, 9441, 1732, 1367, 3596, 4794, 7230, 5245, 17483, 2955, 2003, 11509, 4044, 12934, 3456, 16693, 593, 4582, 14076, 10972, 1965, 7227, 14324, 8658, 3772, 8355, 11889, 1908, 2684, 10026, 1666, 16507, 5589, 9295, 8389, 2099, 18653, 13808, 19147, 6675, 10970, 2788, 19028, 16983, 16166, 9845, 8160, 11381, 10088, 10333, 11716, 14695, 12697, 4365, 3747, 17296, 11904, 74, 7047, 10639, 13094, 940, 10478, 2032, 6642, 14896, 10840, 5430, 5556, 12597, 2183, 18403, 4252, 14613, 18283, 8790, 12140, 13540, 13353, 14114, 13297, 4056, 14038, 11299, 13770, 11433, 14285, 1526, 1955, 15711, 255, 12481, 612, 1635, 4886, 357, 11434, 9524, 13106, 2607, 5391, 9406, 2331, 624, 2749, 17849, 9829, 11436, 18426, 9481, 18550, 15647, 532, 11720, 11824, 15610, 15741, 7902, 13558, 17967, 14539, 17889, 4631, 1238, 16921, 7787, 15293, 3108, 8215, 2851, 4514, 12938, 16730, 17178, 4890, 17960, 4725, 7917, 3191, 8231, 16341, 8195, 10913, 2173, 5557, 2637, 16896, 5806, 1815, 1451, 8864, 2290, 12108, 5328, 6203, 2431, 7508, 17898, 17188, 6897, 1199, 15526, 18437, 6631, 8644, 16917, 14964, 14233, 2454, 584, 4830, 7199, 4180, 14889, 5761, 13756, 6917, 7756, 18880, 15095, 1816, 14070, 16252, 7429, 16589, 1631, 15968, 15221, 12478, 18594, 1477, 5637, 12058, 1205, 13397, 9107, 18654, 1968, 3759, 13147, 14144, 14973, 12452, 18020, 13592, 17920, 13687, 11335, 7207, 418, 7834, 778, 12982, 10688, 9031, 509, 9601, 9780, 17040, 12023, 3916, 91, 6536, 18535, 7547, 15240, 707, 14533, 15064, 17012, 16805, 8637, 5969, 16221, 1940, 13307, 4717, 12615, 18220, 11028, 12170, 1743, 2376, 12415, 14220, 18827, 1294, 18543, 6977, 15309, 11778, 11842, 17103, 3857, 4637, 12162, 19169, 17166, 18237, 17818, 9507, 19022, 5790, 19112, 15611, 1118, 15184, 18703, 1817, 15530, 16579, 8437, 11839, 11378, 3537, 9205, 9217, 16272, 18759, 16828, 12002, 8348, 1723, 3481, 14115, 379, 8544, 264, 6015, 7672, 2253, 7364, 3706, 13796, 17139, 16125, 12059, 9623, 7185, 2418, 18230, 3087, 281, 4379, 1796, 8459, 4400, 17824, 2736, 16446, 13525, 15341, 3275, 7872, 1662, 7557, 4319, 15442, 7181, 10456, 4963, 17048, 16943, 12784, 3441, 5240, 9975, 13216, 17702, 11594, 13554, 6165, 19168, 16070, 3540, 3262, 10661, 4061, 13173, 2875, 17014, 4349, 10818, 8428, 16764, 14232, 8930, 15734, 17680, 7069, 15684, 17050, 18987, 6914, 6863, 19263, 10595, 150, 10039, 2722, 18223, 16444, 6559, 7258, 2661, 7699, 17136, 12773, 4247, 5723, 15194, 1696, 1500, 2807, 9893, 11835, 13240, 18313, 17107, 10265, 10244, 5570, 2862, 14049, 1012, 12861, 723, 9583, 17461, 10056, 1264, 8297, 3716, 14666, 15259, 13531, 543, 13723, 16810, 6700, 3516, 13766, 7186, 10692, 6321, 15484, 14547, 8744, 3703, 10383, 16829, 6366, 6846, 3906, 2021, 18133, 857, 279, 12232, 10212, 10541, 12325, 13475, 1225, 937, 6966, 10881, 16936, 18502, 1440, 11914, 3326, 5633, 14913, 4623, 10743, 12361, 17335, 1072, 5043, 14810, 15077, 3255, 17215, 6553, 17852, 4801, 6962, 3060, 9430, 8799, 13824, 188, 15175, 15163, 4733, 5011, 3536, 17635, 6532, 14071, 6112, 17158, 6597, 11272, 105, 19219, 5013, 12483, 201, 6848, 17033, 6367, 7859, 14702, 18844, 7053, 18694, 15670, 636, 10129, 6378, 5369, 7273, 16247, 9142, 15345, 16817, 14854, 2600, 15783, 889, 11833, 6612, 2068, 2427, 7062, 7918, 16181, 5464, 8339, 8950, 8453, 16423, 6064, 2380, 4268, 13929, 12974, 19141, 1299, 2484, 3883, 3273, 8772, 13256, 11239, 5766, 18098, 12705, 11004, 2695, 10048, 10960, 2766, 15661, 13258, 8015, 6032, 16397, 7749, 19039, 7634, 15076, 4234, 15114, 8475, 8091, 19220, 18004, 9704, 13918, 15569, 16443, 10015, 9943, 7817, 9349, 2588, 8249, 398, 5316, 15538, 18372, 13559, 2937, 2803, 16248, 6155, 630, 9911, 13190, 19157, 15788, 13248, 13148, 1320, 12074, 8471, 8798, 3213, 12418, 814, 2402, 12718, 12397, 10564, 9875, 10128, 6947, 9491, 17707, 3266, 19196, 14309, 18523, 19043, 17975, 18063, 11618, 15016, 14434, 7680, 1739, 18029, 11694, 1745, 9271, 5189, 9561, 11283, 14978, 10753, 16017, 12914, 978, 2828, 17257, 13135, 5061, 121, 6602, 16015, 19271, 12159, 1244, 8260, 13195, 15873, 12815, 14291, 14515, 118, 4892, 14985, 9551, 12654, 4739, 927, 12176, 9523, 11726, 18187, 5880, 2569, 3386, 13942, 3390, 15774, 129, 65, 12922, 8422, 12692, 16213, 11515, 2111, 8347, 10758, 14064, 4401, 17782, 15621, 6709, 14716, 4091, 13964, 8424, 4218, 7249, 11311, 11171, 18564, 14755, 7114, 14009, 14815, 294, 495, 7684, 6833, 4046, 3505, 16995, 17858, 7761, 15803, 9840, 13958, 8226, 10369, 12497, 17142, 1748, 2854, 7159, 11539, 11055, 13337, 17173, 14214, 6803, 11144, 12649, 283, 15489, 13174, 7015, 610, 7030, 18206, 14077, 15468, 14962, 8046, 7809, 17387, 16034, 16678, 1173, 3502, 12942, 15655, 16859, 7099, 1673, 446, 1365, 5881, 3713, 11697, 1897, 16001, 1702, 14149, 11876, 9341, 4325, 6923, 2001, 138, 3276, 18716, 17604, 10501, 115, 12800, 6111, 11148, 4549, 16057, 4707, 6843, 16091, 4295, 7519, 13708, 12409, 11018, 5052, 13566, 14715, 12755, 793, 10837, 1888, 12375, 3935, 5763, 11791, 11258, 13264, 11469, 4683, 8905, 1853, 11600, 4421, 2798, 5074, 18141, 13807, 8595, 8126, 13837, 8060, 6956, 11767, 14560, 9389, 15261, 1232, 12560, 7262, 11504, 3546, 4627, 1177, 517, 4008, 9219, 17696, 4148, 14124, 13243, 11235, 7561, 8331, 16320, 3591, 11341, 4015, 12028, 14929, 18601, 3528, 14065, 1510, 19191, 13833, 17616, 10869, 17689, 831, 16725, 6319, 15465, 10467, 8162, 13563, 7728, 10778, 13545, 12290, 16480, 14401, 12838, 4212, 17529, 4832, 15111, 12690, 10373, 7596, 18614, 17477, 1043, 13100, 4774, 17479, 3774, 9302, 3901, 13071, 6412, 9516, 1261, 3054, 13522, 17602, 14343, 18500, 10957, 2791, 9624, 3634, 17904, 5709, 14670, 11058, 7087, 7435, 13848, 82, 5565, 2562, 14029, 3583, 1676, 12709, 18473, 3158, 12787, 8068, 8263, 16146, 3593, 1802, 1861, 3348, 4487, 17749, 6105, 10471, 17472, 10200, 1182, 14180, 1076, 10156, 4839, 9903, 4879, 9720, 2157, 15344, 16067, 3064, 17182, 5368, 4987, 18484, 18923, 11896, 1052, 15727, 15289, 5885, 1933, 5251, 17072, 6038, 6195, 13524, 6606, 18506, 17536, 6784, 3231, 14121, 8925, 10030, 803, 13764, 146, 19268, 14099, 4130, 16372, 1537, 12248, 13718, 17187, 11728, 1740, 19233, 5600, 4092, 4779, 6028, 3395, 16152, 19150, 2417, 11980, 11237, 8427, 18127, 3538, 9257, 607, 2078, 18457, 5802, 3435, 15019, 4256, 9221, 13465, 11742, 5788, 9528, 17493, 4607, 3131, 6616, 5356, 1550, 4617, 8827, 849, 2601, 4437, 17861, 10261, 15704, 3890, 8149, 12063, 3086, 15925, 12301, 6847, 5603, 7768, 3187, 13372, 9258, 6584, 7594, 2603, 1835, 17380, 17193, 15251, 15937, 18731, 4082, 14911, 16626, 8824, 16208, 10167, 17711, 9678, 15852, 13620, 16479, 14586, 2446, 4866, 1315, 7746, 10615, 7927, 2443, 7157, 13506, 18410, 10494]",1199,1500,3,False,1500
3488,calendar set,calendar set,9,True,True,True,"{21: 26, 33: 14, 2: 18, 29: 13, 25: 57, 43: 9, 57: 16, 49: 16, 61: 14, 67: 52, 65: 21, 50: 28, 15: 53, 6: 13, 46: 15, 27: 69, 7: 65, 48: 67, 19: 21, 31: 14, 63: 26, 22: 39, 9: 79, 26: 40, 47: 15, 53: 66, 11: 19, 51: 26, 54: 9, 13: 32, 17: 37, 52: 30, 39: 27, 38: 19, 1: 6, 59: 33, 56: 23, 32: 9, 8: 25, 4: 12, 20: 26, 24: 7, 18: 31, 42: 7, 28: 31, 45: 57, 0: 13, 66: 11, 62: 11, 35: 7, 64: 15, 37: 2, 40: 25, 3: 3, 14: 5, 12: 8, 16: 15, 55: 16, 30: 13, 58: 6, 36: 4, 60: 5, 5: 3, 41: 2, 44: 2, 34: 2}","[12686, 3384, 6034, 14374, 14516, 14680, 18580, 5912, 661, 4433, 14182, 14634, 14672, 13694, 17233, 12320, 12666, 7276, 14925, 15315, 1125, 14820, 3769, 14096, 12401, 14972, 14176, 4685, 4278, 5735, 7514, 16051, 15882, 4696, 17145, 19193, 12994, 9901, 13641, 15193, 6739, 9240, 1608, 14664, 18117, 5676, 15714, 5964, 5329, 16651, 15936, 14441, 15878, 18316, 14255, 18692, 5858, 4640, 10716, 13839, 16635, 2097, 11464, 12427, 2320, 14629, 7617, 16183, 16205, 2170, 4384, 6683, 5285, 18707, 6780, 4231, 2404, 4895, 18091, 2944, 13054, 3904, 3491, 9455, 15985, 10432, 8657, 15304, 9114, 5838, 5197, 17244, 6207, 3970, 17246, 3950, 6168, 8697, 6800, 9942, 11118, 8582, 6355, 15275, 4581, 12724, 11921, 1833, 523, 7619, 15729, 176, 8576, 3101, 1573, 1283, 11796, 11277, 2547, 1738, 6806, 15187, 7129, 5179, 5854, 16373, 9231, 6270, 777, 2062, 13249, 4144, 6325, 3924, 5350, 14414, 3142, 2249, 6444, 13582, 2833, 18030, 6483, 18404, 15057, 7482, 15001, 15872, 14584, 10835, 954, 7257, 1381, 17819, 17518, 6497, 14430, 4901, 16466, 10805, 132, 7506, 755, 14427, 12119, 16613, 19042, 14994, 11257, 8042, 2144, 5966, 1580, 8010, 2550, 10684, 14088, 5037, 8764, 17076, 14185, 15984, 5299, 16601, 19182, 13197, 14561, 12605, 17010, 2703, 6715, 11207, 10188, 212, 2293, 17676, 1720, 5934, 112, 8568, 15870, 3226, 4524, 4431, 5141, 5383, 7609, 12807, 19001, 14368, 6704, 14903, 4172, 117, 18698, 1699, 16558, 7518, 10618, 2110, 10308, 7828, 6623, 17644, 4449, 951, 13858, 15106, 8402, 916, 4771, 8608, 6448, 6656, 13547, 2814, 8336, 8093, 6398, 637, 9909, 10621, 786, 14146, 17292, 9457, 3, 2884, 14785, 10504, 16361, 8181, 17690, 654, 11067, 18741, 386, 18208, 10130, 8079, 7082, 14740, 8076, 18619, 14428, 10992, 12679, 9431, 18328, 13606, 7641, 13542, 1002, 11975, 15646, 19078, 1352, 8683, 16053, 11763, 14823, 7059, 4995, 3754, 6213, 10090, 19084, 1973, 8131, 5353, 836, 13960, 3217, 4885, 9645, 16941, 14750, 13171, 9132, 1355, 4440, 15747, 8233, 6008, 12781, 16749, 13905, 18198, 5033, 2910, 16502, 1233, 965, 16926, 3944, 13518, 18213, 12739, 9972, 14609, 5764, 6128, 9532, 12680, 3672, 5458, 6822, 11547, 3163, 8040, 14081, 8369, 18182, 17541, 11552, 12451, 15074, 1783, 17730, 1690, 16992, 2490, 2459, 18065, 320, 18311, 45, 9495, 4572, 544, 12731, 16811, 15096, 14957, 4594, 16607, 2449, 7791, 13659, 8892, 1713, 17336, 6598, 13832, 10495, 18937, 3067, 3473, 12715, 13492, 14787, 16503, 17899, 16638, 2408, 7141, 10590, 2917, 14650, 12571, 4321, 2855, 1829, 3736, 3381, 11069, 16093, 15201, 14311, 9836, 18289, 16899, 897, 13981, 12223, 8884, 15721, 7778, 13648, 5737, 6550, 19249, 2715, 447, 12941, 8915, 18963, 16291, 760, 5869, 3635, 3439, 6740, 5003, 3174, 2945, 16056, 4860, 11216, 7363, 1147, 12124, 9764, 11245, 4361, 7784, 16285, 17057, 11203, 5114, 17655, 12056, 17890, 7741, 15799, 10258, 16088, 19222, 15303, 1433, 5991, 322, 2322, 3156, 9940, 7814, 17068, 16968, 10018, 1991, 11946, 8705, 10371, 4619, 11074, 2034, 15550, 11743, 18666, 13494, 14175, 13948, 15123, 11154, 10397, 1701, 4770, 839, 12085, 16500, 16241, 1535, 18782, 2221, 539, 18405, 4245, 103, 1571, 16945, 12196, 9441, 1732, 1367, 3596, 4794, 7230, 5245, 17483, 2955, 2003, 11509, 4044, 12934, 3456, 16693, 593, 4582, 14076, 10972, 1965, 7227, 14324, 8658, 3772, 8355, 11889, 1908, 2684, 10026, 1666, 16507, 5589, 9295, 8389, 2099, 18653, 13808, 19147, 6675, 10970, 2788, 19028, 16983, 16166, 9845, 8160, 11381, 10088, 10333, 11716, 14695, 12697, 4365, 3747, 17296, 11904, 74, 7047, 10639, 13094, 940, 10478, 2032, 6642, 14896, 10840, 5430, 5556, 12597, 2183, 18403, 4252, 14613, 18283, 8790, 12140, 13540, 13353, 14114, 13297, 4056, 14038, 11299, 13770, 11433, 14285, 1526, 1955, 15711, 255, 12481, 612, 1635, 4886, 357, 11434, 9524, 13106, 2607, 5391, 9406, 2331, 624, 2749, 17849, 9829, 11436, 18426, 9481, 18550, 15647, 532, 11720, 11824, 15610, 15741, 7902, 13558, 17967, 14539, 17889, 4631, 1238, 16921, 7787, 15293, 3108, 8215, 2851, 4514, 12938, 16730, 17178, 4890, 17960, 4725, 7917, 3191, 8231, 16341, 8195, 10913, 2173, 5557, 2637, 16896, 5806, 1815, 1451, 8864, 2290, 12108, 5328, 6203, 2431, 7508, 17898, 17188, 6897, 1199, 15526, 18437, 6631, 8644, 16917, 14964, 14233, 2454, 584, 4830, 7199, 4180, 14889, 5761, 13756, 6917, 7756, 18880, 15095, 1816, 14070, 16252, 7429, 16589, 1631, 15968, 15221, 12478, 18594, 1477, 5637, 12058, 1205, 13397, 9107, 18654, 1968, 3759, 13147, 14144, 14973, 12452, 18020, 13592, 17920, 13687, 11335, 7207, 418, 7834, 778, 12982, 10688, 9031, 509, 9601, 9780, 17040, 12023, 3916, 91, 6536, 18535, 7547, 15240, 707, 14533, 15064, 17012, 16805, 8637, 5969, 16221, 1940, 13307, 4717, 12615, 18220, 11028, 12170, 1743, 2376, 12415, 14220, 18827, 1294, 18543, 6977, 15309, 11778, 11842, 17103, 3857, 4637, 12162, 19169, 17166, 18237, 17818, 9507, 19022, 5790, 19112, 15611, 1118, 15184, 18703, 1817, 15530, 16579, 8437, 11839, 11378, 3537, 9205, 9217, 16272, 18759, 16828, 12002, 8348, 1723, 3481, 14115, 379, 8544, 264, 6015, 7672, 2253, 7364, 3706, 13796, 17139, 16125, 12059, 9623, 7185, 2418, 18230, 3087, 281, 4379, 1796, 8459, 4400, 17824, 2736, 16446, 13525, 15341, 3275, 7872, 1662, 7557, 4319, 15442, 7181, 10456, 4963, 17048, 16943, 12784, 3441, 5240, 9975, 13216, 17702, 11594, 13554, 6165, 19168, 16070, 3540, 3262, 10661, 4061, 13173, 2875, 17014, 4349, 10818, 8428, 16764, 14232, 8930, 15734, 17680, 7069, 15684, 17050, 18987, 6914, 6863, 19263, 10595, 150, 10039, 2722, 18223, 16444, 6559, 7258, 2661, 7699, 17136, 12773, 4247, 5723, 15194, 1696, 1500, 2807, 9893, 11835, 13240, 18313, 17107, 10265, 10244, 5570, 2862, 14049, 1012, 12861, 723, 9583, 17461, 10056, 1264, 8297, 3716, 14666, 15259, 13531, 543, 13723, 16810, 6700, 3516, 13766, 7186, 10692, 6321, 15484, 14547, 8744, 3703, 10383, 16829, 6366, 6846, 3906, 2021, 18133, 857, 279, 12232, 10212, 10541, 12325, 13475, 1225, 937, 6966, 10881, 16936, 18502, 1440, 11914, 3326, 5633, 14913, 4623, 10743, 12361, 17335, 1072, 5043, 14810, 15077, 3255, 17215, 6553, 17852, 4801, 6962, 3060, 9430, 8799, 13824, 188, 15175, 15163, 4733, 5011, 3536, 17635, 6532, 14071, 6112, 17158, 6597, 11272, 105, 19219, 5013, 12483, 201, 6848, 17033, 6367, 7859, 14702, 18844, 7053, 18694, 15670, 636, 10129, 6378, 5369, 7273, 16247, 9142, 15345, 16817, 14854, 2600, 15783, 889, 11833, 6612, 2068, 2427, 7062, 7918, 16181, 5464, 8339, 8950, 8453, 16423, 6064, 2380, 4268, 13929, 12974, 19141, 1299, 2484, 3883, 3273, 8772, 13256, 11239, 5766, 18098, 12705, 11004, 2695, 10048, 10960, 2766, 15661, 13258, 8015, 6032, 16397, 7749, 19039, 7634, 15076, 4234, 15114, 8475, 8091, 19220, 18004, 9704, 13918, 15569, 16443, 10015, 9943, 7817, 9349, 2588, 8249, 398, 5316, 15538, 18372, 13559, 2937, 2803, 16248, 6155, 630, 9911, 13190, 19157, 15788, 13248, 13148, 1320, 12074, 8471, 8798, 3213, 12418, 814, 2402, 12718, 12397, 10564, 9875, 10128, 6947, 9491, 17707, 3266, 19196, 14309, 18523, 19043, 17975, 18063, 11618, 15016, 14434, 7680, 1739, 18029, 11694, 1745, 9271, 5189, 9561, 11283, 14978, 10753, 16017, 12914, 978, 2828, 17257, 13135, 5061, 121, 6602, 16015, 19271, 12159, 1244, 8260, 13195, 15873, 12815, 14291, 14515, 118, 4892, 14985, 9551, 12654, 4739, 927, 12176, 9523, 11726, 18187, 5880, 2569, 3386, 13942, 3390, 15774, 129, 65, 12922, 8422, 12692, 16213, 11515, 2111, 8347, 10758, 14064, 4401, 17782, 15621, 6709, 14716, 4091, 13964, 8424, 4218, 7249, 11311, 11171, 18564, 14755, 7114, 14009, 14815, 294, 495, 7684, 6833, 4046, 3505, 16995, 17858, 7761, 15803, 9840, 13958, 8226, 10369, 12497, 17142, 1748, 2854, 7159, 11539, 11055, 13337, 17173, 14214, 6803, 11144, 12649, 283, 15489, 13174, 7015, 610, 7030, 18206, 14077, 15468, 14962, 8046, 7809, 17387, 16034, 16678, 1173, 3502, 12942, 15655, 16859, 7099, 1673, 446, 1365, 5881, 3713, 11697, 1897, 16001, 1702, 14149, 11876, 9341, 4325, 6923, 2001, 138, 3276, 18716, 17604, 10501, 115, 12800, 6111, 11148, 4549, 16057, 4707, 6843, 16091, 4295, 7519, 13708, 12409, 11018, 5052, 13566, 14715, 12755, 793, 10837, 1888, 12375, 3935, 5763, 11791, 11258, 13264, 11469, 4683, 8905, 1853, 11600, 4421, 2798, 5074, 18141, 13807, 8595, 8126, 13837, 8060, 6956, 11767, 14560, 9389, 15261, 1232, 12560, 7262, 11504, 3546, 4627, 1177, 517, 4008, 9219, 17696, 4148, 14124, 13243, 11235, 7561, 8331, 16320, 3591, 11341, 4015, 12028, 14929, 18601, 3528, 14065, 1510, 19191, 13833, 17616, 10869, 17689, 831, 16725, 6319, 15465, 10467, 8162, 13563, 7728, 10778, 13545, 12290, 16480, 14401, 12838, 4212, 17529, 4832, 15111, 12690, 10373, 7596, 18614, 17477, 1043, 13100, 4774, 17479, 3774, 9302, 3901, 13071, 6412, 9516, 1261, 3054, 13522, 17602, 14343, 18500, 10957, 2791, 9624, 3634, 17904, 5709, 14670, 11058, 7087, 7435, 13848, 82, 5565, 2562, 14029, 3583, 1676, 12709, 18473, 3158, 12787, 8068, 8263, 16146, 3593, 1802, 1861, 3348, 4487, 17749, 6105, 10471, 17472, 10200, 1182, 14180, 1076, 10156, 4839, 9903, 4879, 9720, 2157, 15344, 16067, 3064, 17182, 5368, 4987, 18484, 18923, 11896, 1052, 15727, 15289, 5885, 1933, 5251, 17072, 6038, 6195, 13524, 6606, 18506, 17536, 6784, 3231, 14121, 8925, 10030, 803, 13764, 146, 19268, 14099, 4130, 16372, 1537, 12248, 13718, 17187, 11728, 1740, 19233, 5600, 4092, 4779, 6028, 3395, 16152, 19150, 2417, 11980, 11237, 8427, 18127, 3538, 9257, 607, 2078, 18457, 5802, 3435, 15019, 4256, 9221, 13465, 11742, 5788, 9528, 17493, 4607, 3131, 6616, 5356, 1550, 4617, 8827, 849, 2601, 4437, 17861, 10261, 15704, 3890, 8149, 12063, 3086, 15925, 12301, 6847, 5603, 7768, 3187, 13372, 9258, 6584, 7594, 2603, 1835, 17380, 17193, 15251, 15937, 18731, 4082, 14911, 16626, 8824, 16208, 10167, 17711, 9678, 15852, 13620, 16479, 14586, 2446, 4866, 1315, 7746, 10615, 7927, 2443, 7157, 13506, 18410, 10494]",3488,1500,3,False,1500
4132,transport query,transport tax,64,True,False,True,"{21: 26, 33: 14, 2: 18, 29: 13, 25: 57, 43: 9, 57: 16, 49: 16, 61: 14, 67: 52, 65: 21, 50: 28, 15: 53, 6: 13, 46: 15, 27: 69, 7: 65, 48: 67, 19: 21, 31: 14, 63: 26, 22: 39, 9: 79, 26: 40, 47: 15, 53: 66, 11: 19, 51: 26, 54: 9, 13: 32, 17: 37, 52: 30, 39: 27, 38: 19, 1: 6, 59: 33, 56: 23, 32: 9, 8: 25, 4: 12, 20: 26, 24: 7, 18: 31, 42: 7, 28: 31, 45: 57, 0: 13, 66: 11, 62: 11, 35: 7, 64: 15, 37: 2, 40: 25, 3: 3, 14: 5, 12: 8, 16: 15, 55: 16, 30: 13, 58: 6, 36: 4, 60: 5, 5: 3, 41: 2, 44: 2, 34: 2}","[12686, 3384, 6034, 14374, 14516, 14680, 18580, 5912, 661, 4433, 14182, 14634, 14672, 13694, 17233, 12320, 12666, 7276, 14925, 15315, 1125, 14820, 3769, 14096, 12401, 14972, 14176, 4685, 4278, 5735, 7514, 16051, 15882, 4696, 17145, 19193, 12994, 9901, 13641, 15193, 6739, 9240, 1608, 14664, 18117, 5676, 15714, 5964, 5329, 16651, 15936, 14441, 15878, 18316, 14255, 18692, 5858, 4640, 10716, 13839, 16635, 2097, 11464, 12427, 2320, 14629, 7617, 16183, 16205, 2170, 4384, 6683, 5285, 18707, 6780, 4231, 2404, 4895, 18091, 2944, 13054, 3904, 3491, 9455, 15985, 10432, 8657, 15304, 9114, 5838, 5197, 17244, 6207, 3970, 17246, 3950, 6168, 8697, 6800, 9942, 11118, 8582, 6355, 15275, 4581, 12724, 11921, 1833, 523, 7619, 15729, 176, 8576, 3101, 1573, 1283, 11796, 11277, 2547, 1738, 6806, 15187, 7129, 5179, 5854, 16373, 9231, 6270, 777, 2062, 13249, 4144, 6325, 3924, 5350, 14414, 3142, 2249, 6444, 13582, 2833, 18030, 6483, 18404, 15057, 7482, 15001, 15872, 14584, 10835, 954, 7257, 1381, 17819, 17518, 6497, 14430, 4901, 16466, 10805, 132, 7506, 755, 14427, 12119, 16613, 19042, 14994, 11257, 8042, 2144, 5966, 1580, 8010, 2550, 10684, 14088, 5037, 8764, 17076, 14185, 15984, 5299, 16601, 19182, 13197, 14561, 12605, 17010, 2703, 6715, 11207, 10188, 212, 2293, 17676, 1720, 5934, 112, 8568, 15870, 3226, 4524, 4431, 5141, 5383, 7609, 12807, 19001, 14368, 6704, 14903, 4172, 117, 18698, 1699, 16558, 7518, 10618, 2110, 10308, 7828, 6623, 17644, 4449, 951, 13858, 15106, 8402, 916, 4771, 8608, 6448, 6656, 13547, 2814, 8336, 8093, 6398, 637, 9909, 10621, 786, 14146, 17292, 9457, 3, 2884, 14785, 10504, 16361, 8181, 17690, 654, 11067, 18741, 386, 18208, 10130, 8079, 7082, 14740, 8076, 18619, 14428, 10992, 12679, 9431, 18328, 13606, 7641, 13542, 1002, 11975, 15646, 19078, 1352, 8683, 16053, 11763, 14823, 7059, 4995, 3754, 6213, 10090, 19084, 1973, 8131, 5353, 836, 13960, 3217, 4885, 9645, 16941, 14750, 13171, 9132, 1355, 4440, 15747, 8233, 6008, 12781, 16749, 13905, 18198, 5033, 2910, 16502, 1233, 965, 16926, 3944, 13518, 18213, 12739, 9972, 14609, 5764, 6128, 9532, 12680, 3672, 5458, 6822, 11547, 3163, 8040, 14081, 8369, 18182, 17541, 11552, 12451, 15074, 1783, 17730, 1690, 16992, 2490, 2459, 18065, 320, 18311, 45, 9495, 4572, 544, 12731, 16811, 15096, 14957, 4594, 16607, 2449, 7791, 13659, 8892, 1713, 17336, 6598, 13832, 10495, 18937, 3067, 3473, 12715, 13492, 14787, 16503, 17899, 16638, 2408, 7141, 10590, 2917, 14650, 12571, 4321, 2855, 1829, 3736, 3381, 11069, 16093, 15201, 14311, 9836, 18289, 16899, 897, 13981, 12223, 8884, 15721, 7778, 13648, 5737, 6550, 19249, 2715, 447, 12941, 8915, 18963, 16291, 760, 5869, 3635, 3439, 6740, 5003, 3174, 2945, 16056, 4860, 11216, 7363, 1147, 12124, 9764, 11245, 4361, 7784, 16285, 17057, 11203, 5114, 17655, 12056, 17890, 7741, 15799, 10258, 16088, 19222, 15303, 1433, 5991, 322, 2322, 3156, 9940, 7814, 17068, 16968, 10018, 1991, 11946, 8705, 10371, 4619, 11074, 2034, 15550, 11743, 18666, 13494, 14175, 13948, 15123, 11154, 10397, 1701, 4770, 839, 12085, 16500, 16241, 1535, 18782, 2221, 539, 18405, 4245, 103, 1571, 16945, 12196, 9441, 1732, 1367, 3596, 4794, 7230, 5245, 17483, 2955, 2003, 11509, 4044, 12934, 3456, 16693, 593, 4582, 14076, 10972, 1965, 7227, 14324, 8658, 3772, 8355, 11889, 1908, 2684, 10026, 1666, 16507, 5589, 9295, 8389, 2099, 18653, 13808, 19147, 6675, 10970, 2788, 19028, 16983, 16166, 9845, 8160, 11381, 10088, 10333, 11716, 14695, 12697, 4365, 3747, 17296, 11904, 74, 7047, 10639, 13094, 940, 10478, 2032, 6642, 14896, 10840, 5430, 5556, 12597, 2183, 18403, 4252, 14613, 18283, 8790, 12140, 13540, 13353, 14114, 13297, 4056, 14038, 11299, 13770, 11433, 14285, 1526, 1955, 15711, 255, 12481, 612, 1635, 4886, 357, 11434, 9524, 13106, 2607, 5391, 9406, 2331, 624, 2749, 17849, 9829, 11436, 18426, 9481, 18550, 15647, 532, 11720, 11824, 15610, 15741, 7902, 13558, 17967, 14539, 17889, 4631, 1238, 16921, 7787, 15293, 3108, 8215, 2851, 4514, 12938, 16730, 17178, 4890, 17960, 4725, 7917, 3191, 8231, 16341, 8195, 10913, 2173, 5557, 2637, 16896, 5806, 1815, 1451, 8864, 2290, 12108, 5328, 6203, 2431, 7508, 17898, 17188, 6897, 1199, 15526, 18437, 6631, 8644, 16917, 14964, 14233, 2454, 584, 4830, 7199, 4180, 14889, 5761, 13756, 6917, 7756, 18880, 15095, 1816, 14070, 16252, 7429, 16589, 1631, 15968, 15221, 12478, 18594, 1477, 5637, 12058, 1205, 13397, 9107, 18654, 1968, 3759, 13147, 14144, 14973, 12452, 18020, 13592, 17920, 13687, 11335, 7207, 418, 7834, 778, 12982, 10688, 9031, 509, 9601, 9780, 17040, 12023, 3916, 91, 6536, 18535, 7547, 15240, 707, 14533, 15064, 17012, 16805, 8637, 5969, 16221, 1940, 13307, 4717, 12615, 18220, 11028, 12170, 1743, 2376, 12415, 14220, 18827, 1294, 18543, 6977, 15309, 11778, 11842, 17103, 3857, 4637, 12162, 19169, 17166, 18237, 17818, 9507, 19022, 5790, 19112, 15611, 1118, 15184, 18703, 1817, 15530, 16579, 8437, 11839, 11378, 3537, 9205, 9217, 16272, 18759, 16828, 12002, 8348, 1723, 3481, 14115, 379, 8544, 264, 6015, 7672, 2253, 7364, 3706, 13796, 17139, 16125, 12059, 9623, 7185, 2418, 18230, 3087, 281, 4379, 1796, 8459, 4400, 17824, 2736, 16446, 13525, 15341, 3275, 7872, 1662, 7557, 4319, 15442, 7181, 10456, 4963, 17048, 16943, 12784, 3441, 5240, 9975, 13216, 17702, 11594, 13554, 6165, 19168, 16070, 3540, 3262, 10661, 4061, 13173, 2875, 17014, 4349, 10818, 8428, 16764, 14232, 8930, 15734, 17680, 7069, 15684, 17050, 18987, 6914, 6863, 19263, 10595, 150, 10039, 2722, 18223, 16444, 6559, 7258, 2661, 7699, 17136, 12773, 4247, 5723, 15194, 1696, 1500, 2807, 9893, 11835, 13240, 18313, 17107, 10265, 10244, 5570, 2862, 14049, 1012, 12861, 723, 9583, 17461, 10056, 1264, 8297, 3716, 14666, 15259, 13531, 543, 13723, 16810, 6700, 3516, 13766, 7186, 10692, 6321, 15484, 14547, 8744, 3703, 10383, 16829, 6366, 6846, 3906, 2021, 18133, 857, 279, 12232, 10212, 10541, 12325, 13475, 1225, 937, 6966, 10881, 16936, 18502, 1440, 11914, 3326, 5633, 14913, 4623, 10743, 12361, 17335, 1072, 5043, 14810, 15077, 3255, 17215, 6553, 17852, 4801, 6962, 3060, 9430, 8799, 13824, 188, 15175, 15163, 4733, 5011, 3536, 17635, 6532, 14071, 6112, 17158, 6597, 11272, 105, 19219, 5013, 12483, 201, 6848, 17033, 6367, 7859, 14702, 18844, 7053, 18694, 15670, 636, 10129, 6378, 5369, 7273, 16247, 9142, 15345, 16817, 14854, 2600, 15783, 889, 11833, 6612, 2068, 2427, 7062, 7918, 16181, 5464, 8339, 8950, 8453, 16423, 6064, 2380, 4268, 13929, 12974, 19141, 1299, 2484, 3883, 3273, 8772, 13256, 11239, 5766, 18098, 12705, 11004, 2695, 10048, 10960, 2766, 15661, 13258, 8015, 6032, 16397, 7749, 19039, 7634, 15076, 4234, 15114, 8475, 8091, 19220, 18004, 9704, 13918, 15569, 16443, 10015, 9943, 7817, 9349, 2588, 8249, 398, 5316, 15538, 18372, 13559, 2937, 2803, 16248, 6155, 630, 9911, 13190, 19157, 15788, 13248, 13148, 1320, 12074, 8471, 8798, 3213, 12418, 814, 2402, 12718, 12397, 10564, 9875, 10128, 6947, 9491, 17707, 3266, 19196, 14309, 18523, 19043, 17975, 18063, 11618, 15016, 14434, 7680, 1739, 18029, 11694, 1745, 9271, 5189, 9561, 11283, 14978, 10753, 16017, 12914, 978, 2828, 17257, 13135, 5061, 121, 6602, 16015, 19271, 12159, 1244, 8260, 13195, 15873, 12815, 14291, 14515, 118, 4892, 14985, 9551, 12654, 4739, 927, 12176, 9523, 11726, 18187, 5880, 2569, 3386, 13942, 3390, 15774, 129, 65, 12922, 8422, 12692, 16213, 11515, 2111, 8347, 10758, 14064, 4401, 17782, 15621, 6709, 14716, 4091, 13964, 8424, 4218, 7249, 11311, 11171, 18564, 14755, 7114, 14009, 14815, 294, 495, 7684, 6833, 4046, 3505, 16995, 17858, 7761, 15803, 9840, 13958, 8226, 10369, 12497, 17142, 1748, 2854, 7159, 11539, 11055, 13337, 17173, 14214, 6803, 11144, 12649, 283, 15489, 13174, 7015, 610, 7030, 18206, 14077, 15468, 14962, 8046, 7809, 17387, 16034, 16678, 1173, 3502, 12942, 15655, 16859, 7099, 1673, 446, 1365, 5881, 3713, 11697, 1897, 16001, 1702, 14149, 11876, 9341, 4325, 6923, 2001, 138, 3276, 18716, 17604, 10501, 115, 12800, 6111, 11148, 4549, 16057, 4707, 6843, 16091, 4295, 7519, 13708, 12409, 11018, 5052, 13566, 14715, 12755, 793, 10837, 1888, 12375, 3935, 5763, 11791, 11258, 13264, 11469, 4683, 8905, 1853, 11600, 4421, 2798, 5074, 18141, 13807, 8595, 8126, 13837, 8060, 6956, 11767, 14560, 9389, 15261, 1232, 12560, 7262, 11504, 3546, 4627, 1177, 517, 4008, 9219, 17696, 4148, 14124, 13243, 11235, 7561, 8331, 16320, 3591, 11341, 4015, 12028, 14929, 18601, 3528, 14065, 1510, 19191, 13833, 17616, 10869, 17689, 831, 16725, 6319, 15465, 10467, 8162, 13563, 7728, 10778, 13545, 12290, 16480, 14401, 12838, 4212, 17529, 4832, 15111, 12690, 10373, 7596, 18614, 17477, 1043, 13100, 4774, 17479, 3774, 9302, 3901, 13071, 6412, 9516, 1261, 3054, 13522, 17602, 14343, 18500, 10957, 2791, 9624, 3634, 17904, 5709, 14670, 11058, 7087, 7435, 13848, 82, 5565, 2562, 14029, 3583, 1676, 12709, 18473, 3158, 12787, 8068, 8263, 16146, 3593, 1802, 1861, 3348, 4487, 17749, 6105, 10471, 17472, 10200, 1182, 14180, 1076, 10156, 4839, 9903, 4879, 9720, 2157, 15344, 16067, 3064, 17182, 5368, 4987, 18484, 18923, 11896, 1052, 15727, 15289, 5885, 1933, 5251, 17072, 6038, 6195, 13524, 6606, 18506, 17536, 6784, 3231, 14121, 8925, 10030, 803, 13764, 146, 19268, 14099, 4130, 16372, 1537, 12248, 13718, 17187, 11728, 1740, 19233, 5600, 4092, 4779, 6028, 3395, 16152, 19150, 2417, 11980, 11237, 8427, 18127, 3538, 9257, 607, 2078, 18457, 5802, 3435, 15019, 4256, 9221, 13465, 11742, 5788, 9528, 17493, 4607, 3131, 6616, 5356, 1550, 4617, 8827, 849, 2601, 4437, 17861, 10261, 15704, 3890, 8149, 12063, 3086, 15925, 12301, 6847, 5603, 7768, 3187, 13372, 9258, 6584, 7594, 2603, 1835, 17380, 17193, 15251, 15937, 18731, 4082, 14911, 16626, 8824, 16208, 10167, 17711, 9678, 15852, 13620, 16479, 14586, 2446, 4866, 1315, 7746, 10615, 7927, 2443, 7157, 13506, 18410, 10494]",4132,1500,3,False,1500
468,qa factoid,general qu,27,True,False,False,"{21: 26, 33: 14, 2: 18, 29: 13, 25: 57, 43: 9, 57: 16, 49: 16, 61: 14, 67: 52, 65: 21, 50: 28, 15: 53, 6: 13, 46: 15, 27: 69, 7: 65, 48: 67, 19: 21, 31: 14, 63: 26, 22: 39, 9: 79, 26: 40, 47: 15, 53: 66, 11: 19, 51: 26, 54: 9, 13: 32, 17: 37, 52: 30, 39: 27, 38: 19, 1: 6, 59: 33, 56: 23, 32: 9, 8: 25, 4: 12, 20: 26, 24: 7, 18: 31, 42: 7, 28: 31, 45: 57, 0: 13, 66: 11, 62: 11, 35: 7, 64: 15, 37: 2, 40: 25, 3: 3, 14: 5, 12: 8, 16: 15, 55: 16, 30: 13, 58: 6, 36: 4, 60: 5, 5: 3, 41: 2, 44: 2, 34: 2}","[12686, 3384, 6034, 14374, 14516, 14680, 18580, 5912, 661, 4433, 14182, 14634, 14672, 13694, 17233, 12320, 12666, 7276, 14925, 15315, 1125, 14820, 3769, 14096, 12401, 14972, 14176, 4685, 4278, 5735, 7514, 16051, 15882, 4696, 17145, 19193, 12994, 9901, 13641, 15193, 6739, 9240, 1608, 14664, 18117, 5676, 15714, 5964, 5329, 16651, 15936, 14441, 15878, 18316, 14255, 18692, 5858, 4640, 10716, 13839, 16635, 2097, 11464, 12427, 2320, 14629, 7617, 16183, 16205, 2170, 4384, 6683, 5285, 18707, 6780, 4231, 2404, 4895, 18091, 2944, 13054, 3904, 3491, 9455, 15985, 10432, 8657, 15304, 9114, 5838, 5197, 17244, 6207, 3970, 17246, 3950, 6168, 8697, 6800, 9942, 11118, 8582, 6355, 15275, 4581, 12724, 11921, 1833, 523, 7619, 15729, 176, 8576, 3101, 1573, 1283, 11796, 11277, 2547, 1738, 6806, 15187, 7129, 5179, 5854, 16373, 9231, 6270, 777, 2062, 13249, 4144, 6325, 3924, 5350, 14414, 3142, 2249, 6444, 13582, 2833, 18030, 6483, 18404, 15057, 7482, 15001, 15872, 14584, 10835, 954, 7257, 1381, 17819, 17518, 6497, 14430, 4901, 16466, 10805, 132, 7506, 755, 14427, 12119, 16613, 19042, 14994, 11257, 8042, 2144, 5966, 1580, 8010, 2550, 10684, 14088, 5037, 8764, 17076, 14185, 15984, 5299, 16601, 19182, 13197, 14561, 12605, 17010, 2703, 6715, 11207, 10188, 212, 2293, 17676, 1720, 5934, 112, 8568, 15870, 3226, 4524, 4431, 5141, 5383, 7609, 12807, 19001, 14368, 6704, 14903, 4172, 117, 18698, 1699, 16558, 7518, 10618, 2110, 10308, 7828, 6623, 17644, 4449, 951, 13858, 15106, 8402, 916, 4771, 8608, 6448, 6656, 13547, 2814, 8336, 8093, 6398, 637, 9909, 10621, 786, 14146, 17292, 9457, 3, 2884, 14785, 10504, 16361, 8181, 17690, 654, 11067, 18741, 386, 18208, 10130, 8079, 7082, 14740, 8076, 18619, 14428, 10992, 12679, 9431, 18328, 13606, 7641, 13542, 1002, 11975, 15646, 19078, 1352, 8683, 16053, 11763, 14823, 7059, 4995, 3754, 6213, 10090, 19084, 1973, 8131, 5353, 836, 13960, 3217, 4885, 9645, 16941, 14750, 13171, 9132, 1355, 4440, 15747, 8233, 6008, 12781, 16749, 13905, 18198, 5033, 2910, 16502, 1233, 965, 16926, 3944, 13518, 18213, 12739, 9972, 14609, 5764, 6128, 9532, 12680, 3672, 5458, 6822, 11547, 3163, 8040, 14081, 8369, 18182, 17541, 11552, 12451, 15074, 1783, 17730, 1690, 16992, 2490, 2459, 18065, 320, 18311, 45, 9495, 4572, 544, 12731, 16811, 15096, 14957, 4594, 16607, 2449, 7791, 13659, 8892, 1713, 17336, 6598, 13832, 10495, 18937, 3067, 3473, 12715, 13492, 14787, 16503, 17899, 16638, 2408, 7141, 10590, 2917, 14650, 12571, 4321, 2855, 1829, 3736, 3381, 11069, 16093, 15201, 14311, 9836, 18289, 16899, 897, 13981, 12223, 8884, 15721, 7778, 13648, 5737, 6550, 19249, 2715, 447, 12941, 8915, 18963, 16291, 760, 5869, 3635, 3439, 6740, 5003, 3174, 2945, 16056, 4860, 11216, 7363, 1147, 12124, 9764, 11245, 4361, 7784, 16285, 17057, 11203, 5114, 17655, 12056, 17890, 7741, 15799, 10258, 16088, 19222, 15303, 1433, 5991, 322, 2322, 3156, 9940, 7814, 17068, 16968, 10018, 1991, 11946, 8705, 10371, 4619, 11074, 2034, 15550, 11743, 18666, 13494, 14175, 13948, 15123, 11154, 10397, 1701, 4770, 839, 12085, 16500, 16241, 1535, 18782, 2221, 539, 18405, 4245, 103, 1571, 16945, 12196, 9441, 1732, 1367, 3596, 4794, 7230, 5245, 17483, 2955, 2003, 11509, 4044, 12934, 3456, 16693, 593, 4582, 14076, 10972, 1965, 7227, 14324, 8658, 3772, 8355, 11889, 1908, 2684, 10026, 1666, 16507, 5589, 9295, 8389, 2099, 18653, 13808, 19147, 6675, 10970, 2788, 19028, 16983, 16166, 9845, 8160, 11381, 10088, 10333, 11716, 14695, 12697, 4365, 3747, 17296, 11904, 74, 7047, 10639, 13094, 940, 10478, 2032, 6642, 14896, 10840, 5430, 5556, 12597, 2183, 18403, 4252, 14613, 18283, 8790, 12140, 13540, 13353, 14114, 13297, 4056, 14038, 11299, 13770, 11433, 14285, 1526, 1955, 15711, 255, 12481, 612, 1635, 4886, 357, 11434, 9524, 13106, 2607, 5391, 9406, 2331, 624, 2749, 17849, 9829, 11436, 18426, 9481, 18550, 15647, 532, 11720, 11824, 15610, 15741, 7902, 13558, 17967, 14539, 17889, 4631, 1238, 16921, 7787, 15293, 3108, 8215, 2851, 4514, 12938, 16730, 17178, 4890, 17960, 4725, 7917, 3191, 8231, 16341, 8195, 10913, 2173, 5557, 2637, 16896, 5806, 1815, 1451, 8864, 2290, 12108, 5328, 6203, 2431, 7508, 17898, 17188, 6897, 1199, 15526, 18437, 6631, 8644, 16917, 14964, 14233, 2454, 584, 4830, 7199, 4180, 14889, 5761, 13756, 6917, 7756, 18880, 15095, 1816, 14070, 16252, 7429, 16589, 1631, 15968, 15221, 12478, 18594, 1477, 5637, 12058, 1205, 13397, 9107, 18654, 1968, 3759, 13147, 14144, 14973, 12452, 18020, 13592, 17920, 13687, 11335, 7207, 418, 7834, 778, 12982, 10688, 9031, 509, 9601, 9780, 17040, 12023, 3916, 91, 6536, 18535, 7547, 15240, 707, 14533, 15064, 17012, 16805, 8637, 5969, 16221, 1940, 13307, 4717, 12615, 18220, 11028, 12170, 1743, 2376, 12415, 14220, 18827, 1294, 18543, 6977, 15309, 11778, 11842, 17103, 3857, 4637, 12162, 19169, 17166, 18237, 17818, 9507, 19022, 5790, 19112, 15611, 1118, 15184, 18703, 1817, 15530, 16579, 8437, 11839, 11378, 3537, 9205, 9217, 16272, 18759, 16828, 12002, 8348, 1723, 3481, 14115, 379, 8544, 264, 6015, 7672, 2253, 7364, 3706, 13796, 17139, 16125, 12059, 9623, 7185, 2418, 18230, 3087, 281, 4379, 1796, 8459, 4400, 17824, 2736, 16446, 13525, 15341, 3275, 7872, 1662, 7557, 4319, 15442, 7181, 10456, 4963, 17048, 16943, 12784, 3441, 5240, 9975, 13216, 17702, 11594, 13554, 6165, 19168, 16070, 3540, 3262, 10661, 4061, 13173, 2875, 17014, 4349, 10818, 8428, 16764, 14232, 8930, 15734, 17680, 7069, 15684, 17050, 18987, 6914, 6863, 19263, 10595, 150, 10039, 2722, 18223, 16444, 6559, 7258, 2661, 7699, 17136, 12773, 4247, 5723, 15194, 1696, 1500, 2807, 9893, 11835, 13240, 18313, 17107, 10265, 10244, 5570, 2862, 14049, 1012, 12861, 723, 9583, 17461, 10056, 1264, 8297, 3716, 14666, 15259, 13531, 543, 13723, 16810, 6700, 3516, 13766, 7186, 10692, 6321, 15484, 14547, 8744, 3703, 10383, 16829, 6366, 6846, 3906, 2021, 18133, 857, 279, 12232, 10212, 10541, 12325, 13475, 1225, 937, 6966, 10881, 16936, 18502, 1440, 11914, 3326, 5633, 14913, 4623, 10743, 12361, 17335, 1072, 5043, 14810, 15077, 3255, 17215, 6553, 17852, 4801, 6962, 3060, 9430, 8799, 13824, 188, 15175, 15163, 4733, 5011, 3536, 17635, 6532, 14071, 6112, 17158, 6597, 11272, 105, 19219, 5013, 12483, 201, 6848, 17033, 6367, 7859, 14702, 18844, 7053, 18694, 15670, 636, 10129, 6378, 5369, 7273, 16247, 9142, 15345, 16817, 14854, 2600, 15783, 889, 11833, 6612, 2068, 2427, 7062, 7918, 16181, 5464, 8339, 8950, 8453, 16423, 6064, 2380, 4268, 13929, 12974, 19141, 1299, 2484, 3883, 3273, 8772, 13256, 11239, 5766, 18098, 12705, 11004, 2695, 10048, 10960, 2766, 15661, 13258, 8015, 6032, 16397, 7749, 19039, 7634, 15076, 4234, 15114, 8475, 8091, 19220, 18004, 9704, 13918, 15569, 16443, 10015, 9943, 7817, 9349, 2588, 8249, 398, 5316, 15538, 18372, 13559, 2937, 2803, 16248, 6155, 630, 9911, 13190, 19157, 15788, 13248, 13148, 1320, 12074, 8471, 8798, 3213, 12418, 814, 2402, 12718, 12397, 10564, 9875, 10128, 6947, 9491, 17707, 3266, 19196, 14309, 18523, 19043, 17975, 18063, 11618, 15016, 14434, 7680, 1739, 18029, 11694, 1745, 9271, 5189, 9561, 11283, 14978, 10753, 16017, 12914, 978, 2828, 17257, 13135, 5061, 121, 6602, 16015, 19271, 12159, 1244, 8260, 13195, 15873, 12815, 14291, 14515, 118, 4892, 14985, 9551, 12654, 4739, 927, 12176, 9523, 11726, 18187, 5880, 2569, 3386, 13942, 3390, 15774, 129, 65, 12922, 8422, 12692, 16213, 11515, 2111, 8347, 10758, 14064, 4401, 17782, 15621, 6709, 14716, 4091, 13964, 8424, 4218, 7249, 11311, 11171, 18564, 14755, 7114, 14009, 14815, 294, 495, 7684, 6833, 4046, 3505, 16995, 17858, 7761, 15803, 9840, 13958, 8226, 10369, 12497, 17142, 1748, 2854, 7159, 11539, 11055, 13337, 17173, 14214, 6803, 11144, 12649, 283, 15489, 13174, 7015, 610, 7030, 18206, 14077, 15468, 14962, 8046, 7809, 17387, 16034, 16678, 1173, 3502, 12942, 15655, 16859, 7099, 1673, 446, 1365, 5881, 3713, 11697, 1897, 16001, 1702, 14149, 11876, 9341, 4325, 6923, 2001, 138, 3276, 18716, 17604, 10501, 115, 12800, 6111, 11148, 4549, 16057, 4707, 6843, 16091, 4295, 7519, 13708, 12409, 11018, 5052, 13566, 14715, 12755, 793, 10837, 1888, 12375, 3935, 5763, 11791, 11258, 13264, 11469, 4683, 8905, 1853, 11600, 4421, 2798, 5074, 18141, 13807, 8595, 8126, 13837, 8060, 6956, 11767, 14560, 9389, 15261, 1232, 12560, 7262, 11504, 3546, 4627, 1177, 517, 4008, 9219, 17696, 4148, 14124, 13243, 11235, 7561, 8331, 16320, 3591, 11341, 4015, 12028, 14929, 18601, 3528, 14065, 1510, 19191, 13833, 17616, 10869, 17689, 831, 16725, 6319, 15465, 10467, 8162, 13563, 7728, 10778, 13545, 12290, 16480, 14401, 12838, 4212, 17529, 4832, 15111, 12690, 10373, 7596, 18614, 17477, 1043, 13100, 4774, 17479, 3774, 9302, 3901, 13071, 6412, 9516, 1261, 3054, 13522, 17602, 14343, 18500, 10957, 2791, 9624, 3634, 17904, 5709, 14670, 11058, 7087, 7435, 13848, 82, 5565, 2562, 14029, 3583, 1676, 12709, 18473, 3158, 12787, 8068, 8263, 16146, 3593, 1802, 1861, 3348, 4487, 17749, 6105, 10471, 17472, 10200, 1182, 14180, 1076, 10156, 4839, 9903, 4879, 9720, 2157, 15344, 16067, 3064, 17182, 5368, 4987, 18484, 18923, 11896, 1052, 15727, 15289, 5885, 1933, 5251, 17072, 6038, 6195, 13524, 6606, 18506, 17536, 6784, 3231, 14121, 8925, 10030, 803, 13764, 146, 19268, 14099, 4130, 16372, 1537, 12248, 13718, 17187, 11728, 1740, 19233, 5600, 4092, 4779, 6028, 3395, 16152, 19150, 2417, 11980, 11237, 8427, 18127, 3538, 9257, 607, 2078, 18457, 5802, 3435, 15019, 4256, 9221, 13465, 11742, 5788, 9528, 17493, 4607, 3131, 6616, 5356, 1550, 4617, 8827, 849, 2601, 4437, 17861, 10261, 15704, 3890, 8149, 12063, 3086, 15925, 12301, 6847, 5603, 7768, 3187, 13372, 9258, 6584, 7594, 2603, 1835, 17380, 17193, 15251, 15937, 18731, 4082, 14911, 16626, 8824, 16208, 10167, 17711, 9678, 15852, 13620, 16479, 14586, 2446, 4866, 1315, 7746, 10615, 7927, 2443, 7157, 13506, 18410, 10494]",468,1500,3,False,1500
3065,general quirky,general qu,27,True,True,False,"{21: 26, 33: 14, 2: 18, 29: 13, 25: 57, 43: 9, 57: 16, 49: 16, 61: 14, 67: 52, 65: 21, 50: 28, 15: 53, 6: 13, 46: 15, 27: 69, 7: 65, 48: 67, 19: 21, 31: 14, 63: 26, 22: 39, 9: 79, 26: 40, 47: 15, 53: 66, 11: 19, 51: 26, 54: 9, 13: 32, 17: 37, 52: 30, 39: 27, 38: 19, 1: 6, 59: 33, 56: 23, 32: 9, 8: 25, 4: 12, 20: 26, 24: 7, 18: 31, 42: 7, 28: 31, 45: 57, 0: 13, 66: 11, 62: 11, 35: 7, 64: 15, 37: 2, 40: 25, 3: 3, 14: 5, 12: 8, 16: 15, 55: 16, 30: 13, 58: 6, 36: 4, 60: 5, 5: 3, 41: 2, 44: 2, 34: 2}","[12686, 3384, 6034, 14374, 14516, 14680, 18580, 5912, 661, 4433, 14182, 14634, 14672, 13694, 17233, 12320, 12666, 7276, 14925, 15315, 1125, 14820, 3769, 14096, 12401, 14972, 14176, 4685, 4278, 5735, 7514, 16051, 15882, 4696, 17145, 19193, 12994, 9901, 13641, 15193, 6739, 9240, 1608, 14664, 18117, 5676, 15714, 5964, 5329, 16651, 15936, 14441, 15878, 18316, 14255, 18692, 5858, 4640, 10716, 13839, 16635, 2097, 11464, 12427, 2320, 14629, 7617, 16183, 16205, 2170, 4384, 6683, 5285, 18707, 6780, 4231, 2404, 4895, 18091, 2944, 13054, 3904, 3491, 9455, 15985, 10432, 8657, 15304, 9114, 5838, 5197, 17244, 6207, 3970, 17246, 3950, 6168, 8697, 6800, 9942, 11118, 8582, 6355, 15275, 4581, 12724, 11921, 1833, 523, 7619, 15729, 176, 8576, 3101, 1573, 1283, 11796, 11277, 2547, 1738, 6806, 15187, 7129, 5179, 5854, 16373, 9231, 6270, 777, 2062, 13249, 4144, 6325, 3924, 5350, 14414, 3142, 2249, 6444, 13582, 2833, 18030, 6483, 18404, 15057, 7482, 15001, 15872, 14584, 10835, 954, 7257, 1381, 17819, 17518, 6497, 14430, 4901, 16466, 10805, 132, 7506, 755, 14427, 12119, 16613, 19042, 14994, 11257, 8042, 2144, 5966, 1580, 8010, 2550, 10684, 14088, 5037, 8764, 17076, 14185, 15984, 5299, 16601, 19182, 13197, 14561, 12605, 17010, 2703, 6715, 11207, 10188, 212, 2293, 17676, 1720, 5934, 112, 8568, 15870, 3226, 4524, 4431, 5141, 5383, 7609, 12807, 19001, 14368, 6704, 14903, 4172, 117, 18698, 1699, 16558, 7518, 10618, 2110, 10308, 7828, 6623, 17644, 4449, 951, 13858, 15106, 8402, 916, 4771, 8608, 6448, 6656, 13547, 2814, 8336, 8093, 6398, 637, 9909, 10621, 786, 14146, 17292, 9457, 3, 2884, 14785, 10504, 16361, 8181, 17690, 654, 11067, 18741, 386, 18208, 10130, 8079, 7082, 14740, 8076, 18619, 14428, 10992, 12679, 9431, 18328, 13606, 7641, 13542, 1002, 11975, 15646, 19078, 1352, 8683, 16053, 11763, 14823, 7059, 4995, 3754, 6213, 10090, 19084, 1973, 8131, 5353, 836, 13960, 3217, 4885, 9645, 16941, 14750, 13171, 9132, 1355, 4440, 15747, 8233, 6008, 12781, 16749, 13905, 18198, 5033, 2910, 16502, 1233, 965, 16926, 3944, 13518, 18213, 12739, 9972, 14609, 5764, 6128, 9532, 12680, 3672, 5458, 6822, 11547, 3163, 8040, 14081, 8369, 18182, 17541, 11552, 12451, 15074, 1783, 17730, 1690, 16992, 2490, 2459, 18065, 320, 18311, 45, 9495, 4572, 544, 12731, 16811, 15096, 14957, 4594, 16607, 2449, 7791, 13659, 8892, 1713, 17336, 6598, 13832, 10495, 18937, 3067, 3473, 12715, 13492, 14787, 16503, 17899, 16638, 2408, 7141, 10590, 2917, 14650, 12571, 4321, 2855, 1829, 3736, 3381, 11069, 16093, 15201, 14311, 9836, 18289, 16899, 897, 13981, 12223, 8884, 15721, 7778, 13648, 5737, 6550, 19249, 2715, 447, 12941, 8915, 18963, 16291, 760, 5869, 3635, 3439, 6740, 5003, 3174, 2945, 16056, 4860, 11216, 7363, 1147, 12124, 9764, 11245, 4361, 7784, 16285, 17057, 11203, 5114, 17655, 12056, 17890, 7741, 15799, 10258, 16088, 19222, 15303, 1433, 5991, 322, 2322, 3156, 9940, 7814, 17068, 16968, 10018, 1991, 11946, 8705, 10371, 4619, 11074, 2034, 15550, 11743, 18666, 13494, 14175, 13948, 15123, 11154, 10397, 1701, 4770, 839, 12085, 16500, 16241, 1535, 18782, 2221, 539, 18405, 4245, 103, 1571, 16945, 12196, 9441, 1732, 1367, 3596, 4794, 7230, 5245, 17483, 2955, 2003, 11509, 4044, 12934, 3456, 16693, 593, 4582, 14076, 10972, 1965, 7227, 14324, 8658, 3772, 8355, 11889, 1908, 2684, 10026, 1666, 16507, 5589, 9295, 8389, 2099, 18653, 13808, 19147, 6675, 10970, 2788, 19028, 16983, 16166, 9845, 8160, 11381, 10088, 10333, 11716, 14695, 12697, 4365, 3747, 17296, 11904, 74, 7047, 10639, 13094, 940, 10478, 2032, 6642, 14896, 10840, 5430, 5556, 12597, 2183, 18403, 4252, 14613, 18283, 8790, 12140, 13540, 13353, 14114, 13297, 4056, 14038, 11299, 13770, 11433, 14285, 1526, 1955, 15711, 255, 12481, 612, 1635, 4886, 357, 11434, 9524, 13106, 2607, 5391, 9406, 2331, 624, 2749, 17849, 9829, 11436, 18426, 9481, 18550, 15647, 532, 11720, 11824, 15610, 15741, 7902, 13558, 17967, 14539, 17889, 4631, 1238, 16921, 7787, 15293, 3108, 8215, 2851, 4514, 12938, 16730, 17178, 4890, 17960, 4725, 7917, 3191, 8231, 16341, 8195, 10913, 2173, 5557, 2637, 16896, 5806, 1815, 1451, 8864, 2290, 12108, 5328, 6203, 2431, 7508, 17898, 17188, 6897, 1199, 15526, 18437, 6631, 8644, 16917, 14964, 14233, 2454, 584, 4830, 7199, 4180, 14889, 5761, 13756, 6917, 7756, 18880, 15095, 1816, 14070, 16252, 7429, 16589, 1631, 15968, 15221, 12478, 18594, 1477, 5637, 12058, 1205, 13397, 9107, 18654, 1968, 3759, 13147, 14144, 14973, 12452, 18020, 13592, 17920, 13687, 11335, 7207, 418, 7834, 778, 12982, 10688, 9031, 509, 9601, 9780, 17040, 12023, 3916, 91, 6536, 18535, 7547, 15240, 707, 14533, 15064, 17012, 16805, 8637, 5969, 16221, 1940, 13307, 4717, 12615, 18220, 11028, 12170, 1743, 2376, 12415, 14220, 18827, 1294, 18543, 6977, 15309, 11778, 11842, 17103, 3857, 4637, 12162, 19169, 17166, 18237, 17818, 9507, 19022, 5790, 19112, 15611, 1118, 15184, 18703, 1817, 15530, 16579, 8437, 11839, 11378, 3537, 9205, 9217, 16272, 18759, 16828, 12002, 8348, 1723, 3481, 14115, 379, 8544, 264, 6015, 7672, 2253, 7364, 3706, 13796, 17139, 16125, 12059, 9623, 7185, 2418, 18230, 3087, 281, 4379, 1796, 8459, 4400, 17824, 2736, 16446, 13525, 15341, 3275, 7872, 1662, 7557, 4319, 15442, 7181, 10456, 4963, 17048, 16943, 12784, 3441, 5240, 9975, 13216, 17702, 11594, 13554, 6165, 19168, 16070, 3540, 3262, 10661, 4061, 13173, 2875, 17014, 4349, 10818, 8428, 16764, 14232, 8930, 15734, 17680, 7069, 15684, 17050, 18987, 6914, 6863, 19263, 10595, 150, 10039, 2722, 18223, 16444, 6559, 7258, 2661, 7699, 17136, 12773, 4247, 5723, 15194, 1696, 1500, 2807, 9893, 11835, 13240, 18313, 17107, 10265, 10244, 5570, 2862, 14049, 1012, 12861, 723, 9583, 17461, 10056, 1264, 8297, 3716, 14666, 15259, 13531, 543, 13723, 16810, 6700, 3516, 13766, 7186, 10692, 6321, 15484, 14547, 8744, 3703, 10383, 16829, 6366, 6846, 3906, 2021, 18133, 857, 279, 12232, 10212, 10541, 12325, 13475, 1225, 937, 6966, 10881, 16936, 18502, 1440, 11914, 3326, 5633, 14913, 4623, 10743, 12361, 17335, 1072, 5043, 14810, 15077, 3255, 17215, 6553, 17852, 4801, 6962, 3060, 9430, 8799, 13824, 188, 15175, 15163, 4733, 5011, 3536, 17635, 6532, 14071, 6112, 17158, 6597, 11272, 105, 19219, 5013, 12483, 201, 6848, 17033, 6367, 7859, 14702, 18844, 7053, 18694, 15670, 636, 10129, 6378, 5369, 7273, 16247, 9142, 15345, 16817, 14854, 2600, 15783, 889, 11833, 6612, 2068, 2427, 7062, 7918, 16181, 5464, 8339, 8950, 8453, 16423, 6064, 2380, 4268, 13929, 12974, 19141, 1299, 2484, 3883, 3273, 8772, 13256, 11239, 5766, 18098, 12705, 11004, 2695, 10048, 10960, 2766, 15661, 13258, 8015, 6032, 16397, 7749, 19039, 7634, 15076, 4234, 15114, 8475, 8091, 19220, 18004, 9704, 13918, 15569, 16443, 10015, 9943, 7817, 9349, 2588, 8249, 398, 5316, 15538, 18372, 13559, 2937, 2803, 16248, 6155, 630, 9911, 13190, 19157, 15788, 13248, 13148, 1320, 12074, 8471, 8798, 3213, 12418, 814, 2402, 12718, 12397, 10564, 9875, 10128, 6947, 9491, 17707, 3266, 19196, 14309, 18523, 19043, 17975, 18063, 11618, 15016, 14434, 7680, 1739, 18029, 11694, 1745, 9271, 5189, 9561, 11283, 14978, 10753, 16017, 12914, 978, 2828, 17257, 13135, 5061, 121, 6602, 16015, 19271, 12159, 1244, 8260, 13195, 15873, 12815, 14291, 14515, 118, 4892, 14985, 9551, 12654, 4739, 927, 12176, 9523, 11726, 18187, 5880, 2569, 3386, 13942, 3390, 15774, 129, 65, 12922, 8422, 12692, 16213, 11515, 2111, 8347, 10758, 14064, 4401, 17782, 15621, 6709, 14716, 4091, 13964, 8424, 4218, 7249, 11311, 11171, 18564, 14755, 7114, 14009, 14815, 294, 495, 7684, 6833, 4046, 3505, 16995, 17858, 7761, 15803, 9840, 13958, 8226, 10369, 12497, 17142, 1748, 2854, 7159, 11539, 11055, 13337, 17173, 14214, 6803, 11144, 12649, 283, 15489, 13174, 7015, 610, 7030, 18206, 14077, 15468, 14962, 8046, 7809, 17387, 16034, 16678, 1173, 3502, 12942, 15655, 16859, 7099, 1673, 446, 1365, 5881, 3713, 11697, 1897, 16001, 1702, 14149, 11876, 9341, 4325, 6923, 2001, 138, 3276, 18716, 17604, 10501, 115, 12800, 6111, 11148, 4549, 16057, 4707, 6843, 16091, 4295, 7519, 13708, 12409, 11018, 5052, 13566, 14715, 12755, 793, 10837, 1888, 12375, 3935, 5763, 11791, 11258, 13264, 11469, 4683, 8905, 1853, 11600, 4421, 2798, 5074, 18141, 13807, 8595, 8126, 13837, 8060, 6956, 11767, 14560, 9389, 15261, 1232, 12560, 7262, 11504, 3546, 4627, 1177, 517, 4008, 9219, 17696, 4148, 14124, 13243, 11235, 7561, 8331, 16320, 3591, 11341, 4015, 12028, 14929, 18601, 3528, 14065, 1510, 19191, 13833, 17616, 10869, 17689, 831, 16725, 6319, 15465, 10467, 8162, 13563, 7728, 10778, 13545, 12290, 16480, 14401, 12838, 4212, 17529, 4832, 15111, 12690, 10373, 7596, 18614, 17477, 1043, 13100, 4774, 17479, 3774, 9302, 3901, 13071, 6412, 9516, 1261, 3054, 13522, 17602, 14343, 18500, 10957, 2791, 9624, 3634, 17904, 5709, 14670, 11058, 7087, 7435, 13848, 82, 5565, 2562, 14029, 3583, 1676, 12709, 18473, 3158, 12787, 8068, 8263, 16146, 3593, 1802, 1861, 3348, 4487, 17749, 6105, 10471, 17472, 10200, 1182, 14180, 1076, 10156, 4839, 9903, 4879, 9720, 2157, 15344, 16067, 3064, 17182, 5368, 4987, 18484, 18923, 11896, 1052, 15727, 15289, 5885, 1933, 5251, 17072, 6038, 6195, 13524, 6606, 18506, 17536, 6784, 3231, 14121, 8925, 10030, 803, 13764, 146, 19268, 14099, 4130, 16372, 1537, 12248, 13718, 17187, 11728, 1740, 19233, 5600, 4092, 4779, 6028, 3395, 16152, 19150, 2417, 11980, 11237, 8427, 18127, 3538, 9257, 607, 2078, 18457, 5802, 3435, 15019, 4256, 9221, 13465, 11742, 5788, 9528, 17493, 4607, 3131, 6616, 5356, 1550, 4617, 8827, 849, 2601, 4437, 17861, 10261, 15704, 3890, 8149, 12063, 3086, 15925, 12301, 6847, 5603, 7768, 3187, 13372, 9258, 6584, 7594, 2603, 1835, 17380, 17193, 15251, 15937, 18731, 4082, 14911, 16626, 8824, 16208, 10167, 17711, 9678, 15852, 13620, 16479, 14586, 2446, 4866, 1315, 7746, 10615, 7927, 2443, 7157, 13506, 18410, 10494]",3065,1500,3,False,1500
3611,play music,play music,48,True,True,True,"{21: 26, 33: 14, 2: 18, 29: 13, 25: 57, 43: 9, 57: 16, 49: 16, 61: 14, 67: 52, 65: 21, 50: 28, 15: 53, 6: 13, 46: 15, 27: 69, 7: 65, 48: 67, 19: 21, 31: 14, 63: 26, 22: 39, 9: 79, 26: 40, 47: 15, 53: 66, 11: 19, 51: 26, 54: 9, 13: 32, 17: 37, 52: 30, 39: 27, 38: 19, 1: 6, 59: 33, 56: 23, 32: 9, 8: 25, 4: 12, 20: 26, 24: 7, 18: 31, 42: 7, 28: 31, 45: 57, 0: 13, 66: 11, 62: 11, 35: 7, 64: 15, 37: 2, 40: 25, 3: 3, 14: 5, 12: 8, 16: 15, 55: 16, 30: 13, 58: 6, 36: 4, 60: 5, 5: 3, 41: 2, 44: 2, 34: 2}","[12686, 3384, 6034, 14374, 14516, 14680, 18580, 5912, 661, 4433, 14182, 14634, 14672, 13694, 17233, 12320, 12666, 7276, 14925, 15315, 1125, 14820, 3769, 14096, 12401, 14972, 14176, 4685, 4278, 5735, 7514, 16051, 15882, 4696, 17145, 19193, 12994, 9901, 13641, 15193, 6739, 9240, 1608, 14664, 18117, 5676, 15714, 5964, 5329, 16651, 15936, 14441, 15878, 18316, 14255, 18692, 5858, 4640, 10716, 13839, 16635, 2097, 11464, 12427, 2320, 14629, 7617, 16183, 16205, 2170, 4384, 6683, 5285, 18707, 6780, 4231, 2404, 4895, 18091, 2944, 13054, 3904, 3491, 9455, 15985, 10432, 8657, 15304, 9114, 5838, 5197, 17244, 6207, 3970, 17246, 3950, 6168, 8697, 6800, 9942, 11118, 8582, 6355, 15275, 4581, 12724, 11921, 1833, 523, 7619, 15729, 176, 8576, 3101, 1573, 1283, 11796, 11277, 2547, 1738, 6806, 15187, 7129, 5179, 5854, 16373, 9231, 6270, 777, 2062, 13249, 4144, 6325, 3924, 5350, 14414, 3142, 2249, 6444, 13582, 2833, 18030, 6483, 18404, 15057, 7482, 15001, 15872, 14584, 10835, 954, 7257, 1381, 17819, 17518, 6497, 14430, 4901, 16466, 10805, 132, 7506, 755, 14427, 12119, 16613, 19042, 14994, 11257, 8042, 2144, 5966, 1580, 8010, 2550, 10684, 14088, 5037, 8764, 17076, 14185, 15984, 5299, 16601, 19182, 13197, 14561, 12605, 17010, 2703, 6715, 11207, 10188, 212, 2293, 17676, 1720, 5934, 112, 8568, 15870, 3226, 4524, 4431, 5141, 5383, 7609, 12807, 19001, 14368, 6704, 14903, 4172, 117, 18698, 1699, 16558, 7518, 10618, 2110, 10308, 7828, 6623, 17644, 4449, 951, 13858, 15106, 8402, 916, 4771, 8608, 6448, 6656, 13547, 2814, 8336, 8093, 6398, 637, 9909, 10621, 786, 14146, 17292, 9457, 3, 2884, 14785, 10504, 16361, 8181, 17690, 654, 11067, 18741, 386, 18208, 10130, 8079, 7082, 14740, 8076, 18619, 14428, 10992, 12679, 9431, 18328, 13606, 7641, 13542, 1002, 11975, 15646, 19078, 1352, 8683, 16053, 11763, 14823, 7059, 4995, 3754, 6213, 10090, 19084, 1973, 8131, 5353, 836, 13960, 3217, 4885, 9645, 16941, 14750, 13171, 9132, 1355, 4440, 15747, 8233, 6008, 12781, 16749, 13905, 18198, 5033, 2910, 16502, 1233, 965, 16926, 3944, 13518, 18213, 12739, 9972, 14609, 5764, 6128, 9532, 12680, 3672, 5458, 6822, 11547, 3163, 8040, 14081, 8369, 18182, 17541, 11552, 12451, 15074, 1783, 17730, 1690, 16992, 2490, 2459, 18065, 320, 18311, 45, 9495, 4572, 544, 12731, 16811, 15096, 14957, 4594, 16607, 2449, 7791, 13659, 8892, 1713, 17336, 6598, 13832, 10495, 18937, 3067, 3473, 12715, 13492, 14787, 16503, 17899, 16638, 2408, 7141, 10590, 2917, 14650, 12571, 4321, 2855, 1829, 3736, 3381, 11069, 16093, 15201, 14311, 9836, 18289, 16899, 897, 13981, 12223, 8884, 15721, 7778, 13648, 5737, 6550, 19249, 2715, 447, 12941, 8915, 18963, 16291, 760, 5869, 3635, 3439, 6740, 5003, 3174, 2945, 16056, 4860, 11216, 7363, 1147, 12124, 9764, 11245, 4361, 7784, 16285, 17057, 11203, 5114, 17655, 12056, 17890, 7741, 15799, 10258, 16088, 19222, 15303, 1433, 5991, 322, 2322, 3156, 9940, 7814, 17068, 16968, 10018, 1991, 11946, 8705, 10371, 4619, 11074, 2034, 15550, 11743, 18666, 13494, 14175, 13948, 15123, 11154, 10397, 1701, 4770, 839, 12085, 16500, 16241, 1535, 18782, 2221, 539, 18405, 4245, 103, 1571, 16945, 12196, 9441, 1732, 1367, 3596, 4794, 7230, 5245, 17483, 2955, 2003, 11509, 4044, 12934, 3456, 16693, 593, 4582, 14076, 10972, 1965, 7227, 14324, 8658, 3772, 8355, 11889, 1908, 2684, 10026, 1666, 16507, 5589, 9295, 8389, 2099, 18653, 13808, 19147, 6675, 10970, 2788, 19028, 16983, 16166, 9845, 8160, 11381, 10088, 10333, 11716, 14695, 12697, 4365, 3747, 17296, 11904, 74, 7047, 10639, 13094, 940, 10478, 2032, 6642, 14896, 10840, 5430, 5556, 12597, 2183, 18403, 4252, 14613, 18283, 8790, 12140, 13540, 13353, 14114, 13297, 4056, 14038, 11299, 13770, 11433, 14285, 1526, 1955, 15711, 255, 12481, 612, 1635, 4886, 357, 11434, 9524, 13106, 2607, 5391, 9406, 2331, 624, 2749, 17849, 9829, 11436, 18426, 9481, 18550, 15647, 532, 11720, 11824, 15610, 15741, 7902, 13558, 17967, 14539, 17889, 4631, 1238, 16921, 7787, 15293, 3108, 8215, 2851, 4514, 12938, 16730, 17178, 4890, 17960, 4725, 7917, 3191, 8231, 16341, 8195, 10913, 2173, 5557, 2637, 16896, 5806, 1815, 1451, 8864, 2290, 12108, 5328, 6203, 2431, 7508, 17898, 17188, 6897, 1199, 15526, 18437, 6631, 8644, 16917, 14964, 14233, 2454, 584, 4830, 7199, 4180, 14889, 5761, 13756, 6917, 7756, 18880, 15095, 1816, 14070, 16252, 7429, 16589, 1631, 15968, 15221, 12478, 18594, 1477, 5637, 12058, 1205, 13397, 9107, 18654, 1968, 3759, 13147, 14144, 14973, 12452, 18020, 13592, 17920, 13687, 11335, 7207, 418, 7834, 778, 12982, 10688, 9031, 509, 9601, 9780, 17040, 12023, 3916, 91, 6536, 18535, 7547, 15240, 707, 14533, 15064, 17012, 16805, 8637, 5969, 16221, 1940, 13307, 4717, 12615, 18220, 11028, 12170, 1743, 2376, 12415, 14220, 18827, 1294, 18543, 6977, 15309, 11778, 11842, 17103, 3857, 4637, 12162, 19169, 17166, 18237, 17818, 9507, 19022, 5790, 19112, 15611, 1118, 15184, 18703, 1817, 15530, 16579, 8437, 11839, 11378, 3537, 9205, 9217, 16272, 18759, 16828, 12002, 8348, 1723, 3481, 14115, 379, 8544, 264, 6015, 7672, 2253, 7364, 3706, 13796, 17139, 16125, 12059, 9623, 7185, 2418, 18230, 3087, 281, 4379, 1796, 8459, 4400, 17824, 2736, 16446, 13525, 15341, 3275, 7872, 1662, 7557, 4319, 15442, 7181, 10456, 4963, 17048, 16943, 12784, 3441, 5240, 9975, 13216, 17702, 11594, 13554, 6165, 19168, 16070, 3540, 3262, 10661, 4061, 13173, 2875, 17014, 4349, 10818, 8428, 16764, 14232, 8930, 15734, 17680, 7069, 15684, 17050, 18987, 6914, 6863, 19263, 10595, 150, 10039, 2722, 18223, 16444, 6559, 7258, 2661, 7699, 17136, 12773, 4247, 5723, 15194, 1696, 1500, 2807, 9893, 11835, 13240, 18313, 17107, 10265, 10244, 5570, 2862, 14049, 1012, 12861, 723, 9583, 17461, 10056, 1264, 8297, 3716, 14666, 15259, 13531, 543, 13723, 16810, 6700, 3516, 13766, 7186, 10692, 6321, 15484, 14547, 8744, 3703, 10383, 16829, 6366, 6846, 3906, 2021, 18133, 857, 279, 12232, 10212, 10541, 12325, 13475, 1225, 937, 6966, 10881, 16936, 18502, 1440, 11914, 3326, 5633, 14913, 4623, 10743, 12361, 17335, 1072, 5043, 14810, 15077, 3255, 17215, 6553, 17852, 4801, 6962, 3060, 9430, 8799, 13824, 188, 15175, 15163, 4733, 5011, 3536, 17635, 6532, 14071, 6112, 17158, 6597, 11272, 105, 19219, 5013, 12483, 201, 6848, 17033, 6367, 7859, 14702, 18844, 7053, 18694, 15670, 636, 10129, 6378, 5369, 7273, 16247, 9142, 15345, 16817, 14854, 2600, 15783, 889, 11833, 6612, 2068, 2427, 7062, 7918, 16181, 5464, 8339, 8950, 8453, 16423, 6064, 2380, 4268, 13929, 12974, 19141, 1299, 2484, 3883, 3273, 8772, 13256, 11239, 5766, 18098, 12705, 11004, 2695, 10048, 10960, 2766, 15661, 13258, 8015, 6032, 16397, 7749, 19039, 7634, 15076, 4234, 15114, 8475, 8091, 19220, 18004, 9704, 13918, 15569, 16443, 10015, 9943, 7817, 9349, 2588, 8249, 398, 5316, 15538, 18372, 13559, 2937, 2803, 16248, 6155, 630, 9911, 13190, 19157, 15788, 13248, 13148, 1320, 12074, 8471, 8798, 3213, 12418, 814, 2402, 12718, 12397, 10564, 9875, 10128, 6947, 9491, 17707, 3266, 19196, 14309, 18523, 19043, 17975, 18063, 11618, 15016, 14434, 7680, 1739, 18029, 11694, 1745, 9271, 5189, 9561, 11283, 14978, 10753, 16017, 12914, 978, 2828, 17257, 13135, 5061, 121, 6602, 16015, 19271, 12159, 1244, 8260, 13195, 15873, 12815, 14291, 14515, 118, 4892, 14985, 9551, 12654, 4739, 927, 12176, 9523, 11726, 18187, 5880, 2569, 3386, 13942, 3390, 15774, 129, 65, 12922, 8422, 12692, 16213, 11515, 2111, 8347, 10758, 14064, 4401, 17782, 15621, 6709, 14716, 4091, 13964, 8424, 4218, 7249, 11311, 11171, 18564, 14755, 7114, 14009, 14815, 294, 495, 7684, 6833, 4046, 3505, 16995, 17858, 7761, 15803, 9840, 13958, 8226, 10369, 12497, 17142, 1748, 2854, 7159, 11539, 11055, 13337, 17173, 14214, 6803, 11144, 12649, 283, 15489, 13174, 7015, 610, 7030, 18206, 14077, 15468, 14962, 8046, 7809, 17387, 16034, 16678, 1173, 3502, 12942, 15655, 16859, 7099, 1673, 446, 1365, 5881, 3713, 11697, 1897, 16001, 1702, 14149, 11876, 9341, 4325, 6923, 2001, 138, 3276, 18716, 17604, 10501, 115, 12800, 6111, 11148, 4549, 16057, 4707, 6843, 16091, 4295, 7519, 13708, 12409, 11018, 5052, 13566, 14715, 12755, 793, 10837, 1888, 12375, 3935, 5763, 11791, 11258, 13264, 11469, 4683, 8905, 1853, 11600, 4421, 2798, 5074, 18141, 13807, 8595, 8126, 13837, 8060, 6956, 11767, 14560, 9389, 15261, 1232, 12560, 7262, 11504, 3546, 4627, 1177, 517, 4008, 9219, 17696, 4148, 14124, 13243, 11235, 7561, 8331, 16320, 3591, 11341, 4015, 12028, 14929, 18601, 3528, 14065, 1510, 19191, 13833, 17616, 10869, 17689, 831, 16725, 6319, 15465, 10467, 8162, 13563, 7728, 10778, 13545, 12290, 16480, 14401, 12838, 4212, 17529, 4832, 15111, 12690, 10373, 7596, 18614, 17477, 1043, 13100, 4774, 17479, 3774, 9302, 3901, 13071, 6412, 9516, 1261, 3054, 13522, 17602, 14343, 18500, 10957, 2791, 9624, 3634, 17904, 5709, 14670, 11058, 7087, 7435, 13848, 82, 5565, 2562, 14029, 3583, 1676, 12709, 18473, 3158, 12787, 8068, 8263, 16146, 3593, 1802, 1861, 3348, 4487, 17749, 6105, 10471, 17472, 10200, 1182, 14180, 1076, 10156, 4839, 9903, 4879, 9720, 2157, 15344, 16067, 3064, 17182, 5368, 4987, 18484, 18923, 11896, 1052, 15727, 15289, 5885, 1933, 5251, 17072, 6038, 6195, 13524, 6606, 18506, 17536, 6784, 3231, 14121, 8925, 10030, 803, 13764, 146, 19268, 14099, 4130, 16372, 1537, 12248, 13718, 17187, 11728, 1740, 19233, 5600, 4092, 4779, 6028, 3395, 16152, 19150, 2417, 11980, 11237, 8427, 18127, 3538, 9257, 607, 2078, 18457, 5802, 3435, 15019, 4256, 9221, 13465, 11742, 5788, 9528, 17493, 4607, 3131, 6616, 5356, 1550, 4617, 8827, 849, 2601, 4437, 17861, 10261, 15704, 3890, 8149, 12063, 3086, 15925, 12301, 6847, 5603, 7768, 3187, 13372, 9258, 6584, 7594, 2603, 1835, 17380, 17193, 15251, 15937, 18731, 4082, 14911, 16626, 8824, 16208, 10167, 17711, 9678, 15852, 13620, 16479, 14586, 2446, 4866, 1315, 7746, 10615, 7927, 2443, 7157, 13506, 18410, 10494]",3611,1500,3,False,1500
5162,general repeat,general repeat,28,True,True,True,"{21: 26, 33: 14, 2: 18, 29: 13, 25: 57, 43: 9, 57: 16, 49: 16, 61: 14, 67: 52, 65: 21, 50: 28, 15: 53, 6: 13, 46: 15, 27: 69, 7: 65, 48: 67, 19: 21, 31: 14, 63: 26, 22: 39, 9: 79, 26: 40, 47: 15, 53: 66, 11: 19, 51: 26, 54: 9, 13: 32, 17: 37, 52: 30, 39: 27, 38: 19, 1: 6, 59: 33, 56: 23, 32: 9, 8: 25, 4: 12, 20: 26, 24: 7, 18: 31, 42: 7, 28: 31, 45: 57, 0: 13, 66: 11, 62: 11, 35: 7, 64: 15, 37: 2, 40: 25, 3: 3, 14: 5, 12: 8, 16: 15, 55: 16, 30: 13, 58: 6, 36: 4, 60: 5, 5: 3, 41: 2, 44: 2, 34: 2}","[12686, 3384, 6034, 14374, 14516, 14680, 18580, 5912, 661, 4433, 14182, 14634, 14672, 13694, 17233, 12320, 12666, 7276, 14925, 15315, 1125, 14820, 3769, 14096, 12401, 14972, 14176, 4685, 4278, 5735, 7514, 16051, 15882, 4696, 17145, 19193, 12994, 9901, 13641, 15193, 6739, 9240, 1608, 14664, 18117, 5676, 15714, 5964, 5329, 16651, 15936, 14441, 15878, 18316, 14255, 18692, 5858, 4640, 10716, 13839, 16635, 2097, 11464, 12427, 2320, 14629, 7617, 16183, 16205, 2170, 4384, 6683, 5285, 18707, 6780, 4231, 2404, 4895, 18091, 2944, 13054, 3904, 3491, 9455, 15985, 10432, 8657, 15304, 9114, 5838, 5197, 17244, 6207, 3970, 17246, 3950, 6168, 8697, 6800, 9942, 11118, 8582, 6355, 15275, 4581, 12724, 11921, 1833, 523, 7619, 15729, 176, 8576, 3101, 1573, 1283, 11796, 11277, 2547, 1738, 6806, 15187, 7129, 5179, 5854, 16373, 9231, 6270, 777, 2062, 13249, 4144, 6325, 3924, 5350, 14414, 3142, 2249, 6444, 13582, 2833, 18030, 6483, 18404, 15057, 7482, 15001, 15872, 14584, 10835, 954, 7257, 1381, 17819, 17518, 6497, 14430, 4901, 16466, 10805, 132, 7506, 755, 14427, 12119, 16613, 19042, 14994, 11257, 8042, 2144, 5966, 1580, 8010, 2550, 10684, 14088, 5037, 8764, 17076, 14185, 15984, 5299, 16601, 19182, 13197, 14561, 12605, 17010, 2703, 6715, 11207, 10188, 212, 2293, 17676, 1720, 5934, 112, 8568, 15870, 3226, 4524, 4431, 5141, 5383, 7609, 12807, 19001, 14368, 6704, 14903, 4172, 117, 18698, 1699, 16558, 7518, 10618, 2110, 10308, 7828, 6623, 17644, 4449, 951, 13858, 15106, 8402, 916, 4771, 8608, 6448, 6656, 13547, 2814, 8336, 8093, 6398, 637, 9909, 10621, 786, 14146, 17292, 9457, 3, 2884, 14785, 10504, 16361, 8181, 17690, 654, 11067, 18741, 386, 18208, 10130, 8079, 7082, 14740, 8076, 18619, 14428, 10992, 12679, 9431, 18328, 13606, 7641, 13542, 1002, 11975, 15646, 19078, 1352, 8683, 16053, 11763, 14823, 7059, 4995, 3754, 6213, 10090, 19084, 1973, 8131, 5353, 836, 13960, 3217, 4885, 9645, 16941, 14750, 13171, 9132, 1355, 4440, 15747, 8233, 6008, 12781, 16749, 13905, 18198, 5033, 2910, 16502, 1233, 965, 16926, 3944, 13518, 18213, 12739, 9972, 14609, 5764, 6128, 9532, 12680, 3672, 5458, 6822, 11547, 3163, 8040, 14081, 8369, 18182, 17541, 11552, 12451, 15074, 1783, 17730, 1690, 16992, 2490, 2459, 18065, 320, 18311, 45, 9495, 4572, 544, 12731, 16811, 15096, 14957, 4594, 16607, 2449, 7791, 13659, 8892, 1713, 17336, 6598, 13832, 10495, 18937, 3067, 3473, 12715, 13492, 14787, 16503, 17899, 16638, 2408, 7141, 10590, 2917, 14650, 12571, 4321, 2855, 1829, 3736, 3381, 11069, 16093, 15201, 14311, 9836, 18289, 16899, 897, 13981, 12223, 8884, 15721, 7778, 13648, 5737, 6550, 19249, 2715, 447, 12941, 8915, 18963, 16291, 760, 5869, 3635, 3439, 6740, 5003, 3174, 2945, 16056, 4860, 11216, 7363, 1147, 12124, 9764, 11245, 4361, 7784, 16285, 17057, 11203, 5114, 17655, 12056, 17890, 7741, 15799, 10258, 16088, 19222, 15303, 1433, 5991, 322, 2322, 3156, 9940, 7814, 17068, 16968, 10018, 1991, 11946, 8705, 10371, 4619, 11074, 2034, 15550, 11743, 18666, 13494, 14175, 13948, 15123, 11154, 10397, 1701, 4770, 839, 12085, 16500, 16241, 1535, 18782, 2221, 539, 18405, 4245, 103, 1571, 16945, 12196, 9441, 1732, 1367, 3596, 4794, 7230, 5245, 17483, 2955, 2003, 11509, 4044, 12934, 3456, 16693, 593, 4582, 14076, 10972, 1965, 7227, 14324, 8658, 3772, 8355, 11889, 1908, 2684, 10026, 1666, 16507, 5589, 9295, 8389, 2099, 18653, 13808, 19147, 6675, 10970, 2788, 19028, 16983, 16166, 9845, 8160, 11381, 10088, 10333, 11716, 14695, 12697, 4365, 3747, 17296, 11904, 74, 7047, 10639, 13094, 940, 10478, 2032, 6642, 14896, 10840, 5430, 5556, 12597, 2183, 18403, 4252, 14613, 18283, 8790, 12140, 13540, 13353, 14114, 13297, 4056, 14038, 11299, 13770, 11433, 14285, 1526, 1955, 15711, 255, 12481, 612, 1635, 4886, 357, 11434, 9524, 13106, 2607, 5391, 9406, 2331, 624, 2749, 17849, 9829, 11436, 18426, 9481, 18550, 15647, 532, 11720, 11824, 15610, 15741, 7902, 13558, 17967, 14539, 17889, 4631, 1238, 16921, 7787, 15293, 3108, 8215, 2851, 4514, 12938, 16730, 17178, 4890, 17960, 4725, 7917, 3191, 8231, 16341, 8195, 10913, 2173, 5557, 2637, 16896, 5806, 1815, 1451, 8864, 2290, 12108, 5328, 6203, 2431, 7508, 17898, 17188, 6897, 1199, 15526, 18437, 6631, 8644, 16917, 14964, 14233, 2454, 584, 4830, 7199, 4180, 14889, 5761, 13756, 6917, 7756, 18880, 15095, 1816, 14070, 16252, 7429, 16589, 1631, 15968, 15221, 12478, 18594, 1477, 5637, 12058, 1205, 13397, 9107, 18654, 1968, 3759, 13147, 14144, 14973, 12452, 18020, 13592, 17920, 13687, 11335, 7207, 418, 7834, 778, 12982, 10688, 9031, 509, 9601, 9780, 17040, 12023, 3916, 91, 6536, 18535, 7547, 15240, 707, 14533, 15064, 17012, 16805, 8637, 5969, 16221, 1940, 13307, 4717, 12615, 18220, 11028, 12170, 1743, 2376, 12415, 14220, 18827, 1294, 18543, 6977, 15309, 11778, 11842, 17103, 3857, 4637, 12162, 19169, 17166, 18237, 17818, 9507, 19022, 5790, 19112, 15611, 1118, 15184, 18703, 1817, 15530, 16579, 8437, 11839, 11378, 3537, 9205, 9217, 16272, 18759, 16828, 12002, 8348, 1723, 3481, 14115, 379, 8544, 264, 6015, 7672, 2253, 7364, 3706, 13796, 17139, 16125, 12059, 9623, 7185, 2418, 18230, 3087, 281, 4379, 1796, 8459, 4400, 17824, 2736, 16446, 13525, 15341, 3275, 7872, 1662, 7557, 4319, 15442, 7181, 10456, 4963, 17048, 16943, 12784, 3441, 5240, 9975, 13216, 17702, 11594, 13554, 6165, 19168, 16070, 3540, 3262, 10661, 4061, 13173, 2875, 17014, 4349, 10818, 8428, 16764, 14232, 8930, 15734, 17680, 7069, 15684, 17050, 18987, 6914, 6863, 19263, 10595, 150, 10039, 2722, 18223, 16444, 6559, 7258, 2661, 7699, 17136, 12773, 4247, 5723, 15194, 1696, 1500, 2807, 9893, 11835, 13240, 18313, 17107, 10265, 10244, 5570, 2862, 14049, 1012, 12861, 723, 9583, 17461, 10056, 1264, 8297, 3716, 14666, 15259, 13531, 543, 13723, 16810, 6700, 3516, 13766, 7186, 10692, 6321, 15484, 14547, 8744, 3703, 10383, 16829, 6366, 6846, 3906, 2021, 18133, 857, 279, 12232, 10212, 10541, 12325, 13475, 1225, 937, 6966, 10881, 16936, 18502, 1440, 11914, 3326, 5633, 14913, 4623, 10743, 12361, 17335, 1072, 5043, 14810, 15077, 3255, 17215, 6553, 17852, 4801, 6962, 3060, 9430, 8799, 13824, 188, 15175, 15163, 4733, 5011, 3536, 17635, 6532, 14071, 6112, 17158, 6597, 11272, 105, 19219, 5013, 12483, 201, 6848, 17033, 6367, 7859, 14702, 18844, 7053, 18694, 15670, 636, 10129, 6378, 5369, 7273, 16247, 9142, 15345, 16817, 14854, 2600, 15783, 889, 11833, 6612, 2068, 2427, 7062, 7918, 16181, 5464, 8339, 8950, 8453, 16423, 6064, 2380, 4268, 13929, 12974, 19141, 1299, 2484, 3883, 3273, 8772, 13256, 11239, 5766, 18098, 12705, 11004, 2695, 10048, 10960, 2766, 15661, 13258, 8015, 6032, 16397, 7749, 19039, 7634, 15076, 4234, 15114, 8475, 8091, 19220, 18004, 9704, 13918, 15569, 16443, 10015, 9943, 7817, 9349, 2588, 8249, 398, 5316, 15538, 18372, 13559, 2937, 2803, 16248, 6155, 630, 9911, 13190, 19157, 15788, 13248, 13148, 1320, 12074, 8471, 8798, 3213, 12418, 814, 2402, 12718, 12397, 10564, 9875, 10128, 6947, 9491, 17707, 3266, 19196, 14309, 18523, 19043, 17975, 18063, 11618, 15016, 14434, 7680, 1739, 18029, 11694, 1745, 9271, 5189, 9561, 11283, 14978, 10753, 16017, 12914, 978, 2828, 17257, 13135, 5061, 121, 6602, 16015, 19271, 12159, 1244, 8260, 13195, 15873, 12815, 14291, 14515, 118, 4892, 14985, 9551, 12654, 4739, 927, 12176, 9523, 11726, 18187, 5880, 2569, 3386, 13942, 3390, 15774, 129, 65, 12922, 8422, 12692, 16213, 11515, 2111, 8347, 10758, 14064, 4401, 17782, 15621, 6709, 14716, 4091, 13964, 8424, 4218, 7249, 11311, 11171, 18564, 14755, 7114, 14009, 14815, 294, 495, 7684, 6833, 4046, 3505, 16995, 17858, 7761, 15803, 9840, 13958, 8226, 10369, 12497, 17142, 1748, 2854, 7159, 11539, 11055, 13337, 17173, 14214, 6803, 11144, 12649, 283, 15489, 13174, 7015, 610, 7030, 18206, 14077, 15468, 14962, 8046, 7809, 17387, 16034, 16678, 1173, 3502, 12942, 15655, 16859, 7099, 1673, 446, 1365, 5881, 3713, 11697, 1897, 16001, 1702, 14149, 11876, 9341, 4325, 6923, 2001, 138, 3276, 18716, 17604, 10501, 115, 12800, 6111, 11148, 4549, 16057, 4707, 6843, 16091, 4295, 7519, 13708, 12409, 11018, 5052, 13566, 14715, 12755, 793, 10837, 1888, 12375, 3935, 5763, 11791, 11258, 13264, 11469, 4683, 8905, 1853, 11600, 4421, 2798, 5074, 18141, 13807, 8595, 8126, 13837, 8060, 6956, 11767, 14560, 9389, 15261, 1232, 12560, 7262, 11504, 3546, 4627, 1177, 517, 4008, 9219, 17696, 4148, 14124, 13243, 11235, 7561, 8331, 16320, 3591, 11341, 4015, 12028, 14929, 18601, 3528, 14065, 1510, 19191, 13833, 17616, 10869, 17689, 831, 16725, 6319, 15465, 10467, 8162, 13563, 7728, 10778, 13545, 12290, 16480, 14401, 12838, 4212, 17529, 4832, 15111, 12690, 10373, 7596, 18614, 17477, 1043, 13100, 4774, 17479, 3774, 9302, 3901, 13071, 6412, 9516, 1261, 3054, 13522, 17602, 14343, 18500, 10957, 2791, 9624, 3634, 17904, 5709, 14670, 11058, 7087, 7435, 13848, 82, 5565, 2562, 14029, 3583, 1676, 12709, 18473, 3158, 12787, 8068, 8263, 16146, 3593, 1802, 1861, 3348, 4487, 17749, 6105, 10471, 17472, 10200, 1182, 14180, 1076, 10156, 4839, 9903, 4879, 9720, 2157, 15344, 16067, 3064, 17182, 5368, 4987, 18484, 18923, 11896, 1052, 15727, 15289, 5885, 1933, 5251, 17072, 6038, 6195, 13524, 6606, 18506, 17536, 6784, 3231, 14121, 8925, 10030, 803, 13764, 146, 19268, 14099, 4130, 16372, 1537, 12248, 13718, 17187, 11728, 1740, 19233, 5600, 4092, 4779, 6028, 3395, 16152, 19150, 2417, 11980, 11237, 8427, 18127, 3538, 9257, 607, 2078, 18457, 5802, 3435, 15019, 4256, 9221, 13465, 11742, 5788, 9528, 17493, 4607, 3131, 6616, 5356, 1550, 4617, 8827, 849, 2601, 4437, 17861, 10261, 15704, 3890, 8149, 12063, 3086, 15925, 12301, 6847, 5603, 7768, 3187, 13372, 9258, 6584, 7594, 2603, 1835, 17380, 17193, 15251, 15937, 18731, 4082, 14911, 16626, 8824, 16208, 10167, 17711, 9678, 15852, 13620, 16479, 14586, 2446, 4866, 1315, 7746, 10615, 7927, 2443, 7157, 13506, 18410, 10494]",5162,1500,3,False,1500
5190,iot cleaning,email query contact,16,True,False,False,"{21: 26, 33: 14, 2: 18, 29: 13, 25: 57, 43: 9, 57: 16, 49: 16, 61: 14, 67: 52, 65: 21, 50: 28, 15: 53, 6: 13, 46: 15, 27: 69, 7: 65, 48: 67, 19: 21, 31: 14, 63: 26, 22: 39, 9: 79, 26: 40, 47: 15, 53: 66, 11: 19, 51: 26, 54: 9, 13: 32, 17: 37, 52: 30, 39: 27, 38: 19, 1: 6, 59: 33, 56: 23, 32: 9, 8: 25, 4: 12, 20: 26, 24: 7, 18: 31, 42: 7, 28: 31, 45: 57, 0: 13, 66: 11, 62: 11, 35: 7, 64: 15, 37: 2, 40: 25, 3: 3, 14: 5, 12: 8, 16: 15, 55: 16, 30: 13, 58: 6, 36: 4, 60: 5, 5: 3, 41: 2, 44: 2, 34: 2}","[12686, 3384, 6034, 14374, 14516, 14680, 18580, 5912, 661, 4433, 14182, 14634, 14672, 13694, 17233, 12320, 12666, 7276, 14925, 15315, 1125, 14820, 3769, 14096, 12401, 14972, 14176, 4685, 4278, 5735, 7514, 16051, 15882, 4696, 17145, 19193, 12994, 9901, 13641, 15193, 6739, 9240, 1608, 14664, 18117, 5676, 15714, 5964, 5329, 16651, 15936, 14441, 15878, 18316, 14255, 18692, 5858, 4640, 10716, 13839, 16635, 2097, 11464, 12427, 2320, 14629, 7617, 16183, 16205, 2170, 4384, 6683, 5285, 18707, 6780, 4231, 2404, 4895, 18091, 2944, 13054, 3904, 3491, 9455, 15985, 10432, 8657, 15304, 9114, 5838, 5197, 17244, 6207, 3970, 17246, 3950, 6168, 8697, 6800, 9942, 11118, 8582, 6355, 15275, 4581, 12724, 11921, 1833, 523, 7619, 15729, 176, 8576, 3101, 1573, 1283, 11796, 11277, 2547, 1738, 6806, 15187, 7129, 5179, 5854, 16373, 9231, 6270, 777, 2062, 13249, 4144, 6325, 3924, 5350, 14414, 3142, 2249, 6444, 13582, 2833, 18030, 6483, 18404, 15057, 7482, 15001, 15872, 14584, 10835, 954, 7257, 1381, 17819, 17518, 6497, 14430, 4901, 16466, 10805, 132, 7506, 755, 14427, 12119, 16613, 19042, 14994, 11257, 8042, 2144, 5966, 1580, 8010, 2550, 10684, 14088, 5037, 8764, 17076, 14185, 15984, 5299, 16601, 19182, 13197, 14561, 12605, 17010, 2703, 6715, 11207, 10188, 212, 2293, 17676, 1720, 5934, 112, 8568, 15870, 3226, 4524, 4431, 5141, 5383, 7609, 12807, 19001, 14368, 6704, 14903, 4172, 117, 18698, 1699, 16558, 7518, 10618, 2110, 10308, 7828, 6623, 17644, 4449, 951, 13858, 15106, 8402, 916, 4771, 8608, 6448, 6656, 13547, 2814, 8336, 8093, 6398, 637, 9909, 10621, 786, 14146, 17292, 9457, 3, 2884, 14785, 10504, 16361, 8181, 17690, 654, 11067, 18741, 386, 18208, 10130, 8079, 7082, 14740, 8076, 18619, 14428, 10992, 12679, 9431, 18328, 13606, 7641, 13542, 1002, 11975, 15646, 19078, 1352, 8683, 16053, 11763, 14823, 7059, 4995, 3754, 6213, 10090, 19084, 1973, 8131, 5353, 836, 13960, 3217, 4885, 9645, 16941, 14750, 13171, 9132, 1355, 4440, 15747, 8233, 6008, 12781, 16749, 13905, 18198, 5033, 2910, 16502, 1233, 965, 16926, 3944, 13518, 18213, 12739, 9972, 14609, 5764, 6128, 9532, 12680, 3672, 5458, 6822, 11547, 3163, 8040, 14081, 8369, 18182, 17541, 11552, 12451, 15074, 1783, 17730, 1690, 16992, 2490, 2459, 18065, 320, 18311, 45, 9495, 4572, 544, 12731, 16811, 15096, 14957, 4594, 16607, 2449, 7791, 13659, 8892, 1713, 17336, 6598, 13832, 10495, 18937, 3067, 3473, 12715, 13492, 14787, 16503, 17899, 16638, 2408, 7141, 10590, 2917, 14650, 12571, 4321, 2855, 1829, 3736, 3381, 11069, 16093, 15201, 14311, 9836, 18289, 16899, 897, 13981, 12223, 8884, 15721, 7778, 13648, 5737, 6550, 19249, 2715, 447, 12941, 8915, 18963, 16291, 760, 5869, 3635, 3439, 6740, 5003, 3174, 2945, 16056, 4860, 11216, 7363, 1147, 12124, 9764, 11245, 4361, 7784, 16285, 17057, 11203, 5114, 17655, 12056, 17890, 7741, 15799, 10258, 16088, 19222, 15303, 1433, 5991, 322, 2322, 3156, 9940, 7814, 17068, 16968, 10018, 1991, 11946, 8705, 10371, 4619, 11074, 2034, 15550, 11743, 18666, 13494, 14175, 13948, 15123, 11154, 10397, 1701, 4770, 839, 12085, 16500, 16241, 1535, 18782, 2221, 539, 18405, 4245, 103, 1571, 16945, 12196, 9441, 1732, 1367, 3596, 4794, 7230, 5245, 17483, 2955, 2003, 11509, 4044, 12934, 3456, 16693, 593, 4582, 14076, 10972, 1965, 7227, 14324, 8658, 3772, 8355, 11889, 1908, 2684, 10026, 1666, 16507, 5589, 9295, 8389, 2099, 18653, 13808, 19147, 6675, 10970, 2788, 19028, 16983, 16166, 9845, 8160, 11381, 10088, 10333, 11716, 14695, 12697, 4365, 3747, 17296, 11904, 74, 7047, 10639, 13094, 940, 10478, 2032, 6642, 14896, 10840, 5430, 5556, 12597, 2183, 18403, 4252, 14613, 18283, 8790, 12140, 13540, 13353, 14114, 13297, 4056, 14038, 11299, 13770, 11433, 14285, 1526, 1955, 15711, 255, 12481, 612, 1635, 4886, 357, 11434, 9524, 13106, 2607, 5391, 9406, 2331, 624, 2749, 17849, 9829, 11436, 18426, 9481, 18550, 15647, 532, 11720, 11824, 15610, 15741, 7902, 13558, 17967, 14539, 17889, 4631, 1238, 16921, 7787, 15293, 3108, 8215, 2851, 4514, 12938, 16730, 17178, 4890, 17960, 4725, 7917, 3191, 8231, 16341, 8195, 10913, 2173, 5557, 2637, 16896, 5806, 1815, 1451, 8864, 2290, 12108, 5328, 6203, 2431, 7508, 17898, 17188, 6897, 1199, 15526, 18437, 6631, 8644, 16917, 14964, 14233, 2454, 584, 4830, 7199, 4180, 14889, 5761, 13756, 6917, 7756, 18880, 15095, 1816, 14070, 16252, 7429, 16589, 1631, 15968, 15221, 12478, 18594, 1477, 5637, 12058, 1205, 13397, 9107, 18654, 1968, 3759, 13147, 14144, 14973, 12452, 18020, 13592, 17920, 13687, 11335, 7207, 418, 7834, 778, 12982, 10688, 9031, 509, 9601, 9780, 17040, 12023, 3916, 91, 6536, 18535, 7547, 15240, 707, 14533, 15064, 17012, 16805, 8637, 5969, 16221, 1940, 13307, 4717, 12615, 18220, 11028, 12170, 1743, 2376, 12415, 14220, 18827, 1294, 18543, 6977, 15309, 11778, 11842, 17103, 3857, 4637, 12162, 19169, 17166, 18237, 17818, 9507, 19022, 5790, 19112, 15611, 1118, 15184, 18703, 1817, 15530, 16579, 8437, 11839, 11378, 3537, 9205, 9217, 16272, 18759, 16828, 12002, 8348, 1723, 3481, 14115, 379, 8544, 264, 6015, 7672, 2253, 7364, 3706, 13796, 17139, 16125, 12059, 9623, 7185, 2418, 18230, 3087, 281, 4379, 1796, 8459, 4400, 17824, 2736, 16446, 13525, 15341, 3275, 7872, 1662, 7557, 4319, 15442, 7181, 10456, 4963, 17048, 16943, 12784, 3441, 5240, 9975, 13216, 17702, 11594, 13554, 6165, 19168, 16070, 3540, 3262, 10661, 4061, 13173, 2875, 17014, 4349, 10818, 8428, 16764, 14232, 8930, 15734, 17680, 7069, 15684, 17050, 18987, 6914, 6863, 19263, 10595, 150, 10039, 2722, 18223, 16444, 6559, 7258, 2661, 7699, 17136, 12773, 4247, 5723, 15194, 1696, 1500, 2807, 9893, 11835, 13240, 18313, 17107, 10265, 10244, 5570, 2862, 14049, 1012, 12861, 723, 9583, 17461, 10056, 1264, 8297, 3716, 14666, 15259, 13531, 543, 13723, 16810, 6700, 3516, 13766, 7186, 10692, 6321, 15484, 14547, 8744, 3703, 10383, 16829, 6366, 6846, 3906, 2021, 18133, 857, 279, 12232, 10212, 10541, 12325, 13475, 1225, 937, 6966, 10881, 16936, 18502, 1440, 11914, 3326, 5633, 14913, 4623, 10743, 12361, 17335, 1072, 5043, 14810, 15077, 3255, 17215, 6553, 17852, 4801, 6962, 3060, 9430, 8799, 13824, 188, 15175, 15163, 4733, 5011, 3536, 17635, 6532, 14071, 6112, 17158, 6597, 11272, 105, 19219, 5013, 12483, 201, 6848, 17033, 6367, 7859, 14702, 18844, 7053, 18694, 15670, 636, 10129, 6378, 5369, 7273, 16247, 9142, 15345, 16817, 14854, 2600, 15783, 889, 11833, 6612, 2068, 2427, 7062, 7918, 16181, 5464, 8339, 8950, 8453, 16423, 6064, 2380, 4268, 13929, 12974, 19141, 1299, 2484, 3883, 3273, 8772, 13256, 11239, 5766, 18098, 12705, 11004, 2695, 10048, 10960, 2766, 15661, 13258, 8015, 6032, 16397, 7749, 19039, 7634, 15076, 4234, 15114, 8475, 8091, 19220, 18004, 9704, 13918, 15569, 16443, 10015, 9943, 7817, 9349, 2588, 8249, 398, 5316, 15538, 18372, 13559, 2937, 2803, 16248, 6155, 630, 9911, 13190, 19157, 15788, 13248, 13148, 1320, 12074, 8471, 8798, 3213, 12418, 814, 2402, 12718, 12397, 10564, 9875, 10128, 6947, 9491, 17707, 3266, 19196, 14309, 18523, 19043, 17975, 18063, 11618, 15016, 14434, 7680, 1739, 18029, 11694, 1745, 9271, 5189, 9561, 11283, 14978, 10753, 16017, 12914, 978, 2828, 17257, 13135, 5061, 121, 6602, 16015, 19271, 12159, 1244, 8260, 13195, 15873, 12815, 14291, 14515, 118, 4892, 14985, 9551, 12654, 4739, 927, 12176, 9523, 11726, 18187, 5880, 2569, 3386, 13942, 3390, 15774, 129, 65, 12922, 8422, 12692, 16213, 11515, 2111, 8347, 10758, 14064, 4401, 17782, 15621, 6709, 14716, 4091, 13964, 8424, 4218, 7249, 11311, 11171, 18564, 14755, 7114, 14009, 14815, 294, 495, 7684, 6833, 4046, 3505, 16995, 17858, 7761, 15803, 9840, 13958, 8226, 10369, 12497, 17142, 1748, 2854, 7159, 11539, 11055, 13337, 17173, 14214, 6803, 11144, 12649, 283, 15489, 13174, 7015, 610, 7030, 18206, 14077, 15468, 14962, 8046, 7809, 17387, 16034, 16678, 1173, 3502, 12942, 15655, 16859, 7099, 1673, 446, 1365, 5881, 3713, 11697, 1897, 16001, 1702, 14149, 11876, 9341, 4325, 6923, 2001, 138, 3276, 18716, 17604, 10501, 115, 12800, 6111, 11148, 4549, 16057, 4707, 6843, 16091, 4295, 7519, 13708, 12409, 11018, 5052, 13566, 14715, 12755, 793, 10837, 1888, 12375, 3935, 5763, 11791, 11258, 13264, 11469, 4683, 8905, 1853, 11600, 4421, 2798, 5074, 18141, 13807, 8595, 8126, 13837, 8060, 6956, 11767, 14560, 9389, 15261, 1232, 12560, 7262, 11504, 3546, 4627, 1177, 517, 4008, 9219, 17696, 4148, 14124, 13243, 11235, 7561, 8331, 16320, 3591, 11341, 4015, 12028, 14929, 18601, 3528, 14065, 1510, 19191, 13833, 17616, 10869, 17689, 831, 16725, 6319, 15465, 10467, 8162, 13563, 7728, 10778, 13545, 12290, 16480, 14401, 12838, 4212, 17529, 4832, 15111, 12690, 10373, 7596, 18614, 17477, 1043, 13100, 4774, 17479, 3774, 9302, 3901, 13071, 6412, 9516, 1261, 3054, 13522, 17602, 14343, 18500, 10957, 2791, 9624, 3634, 17904, 5709, 14670, 11058, 7087, 7435, 13848, 82, 5565, 2562, 14029, 3583, 1676, 12709, 18473, 3158, 12787, 8068, 8263, 16146, 3593, 1802, 1861, 3348, 4487, 17749, 6105, 10471, 17472, 10200, 1182, 14180, 1076, 10156, 4839, 9903, 4879, 9720, 2157, 15344, 16067, 3064, 17182, 5368, 4987, 18484, 18923, 11896, 1052, 15727, 15289, 5885, 1933, 5251, 17072, 6038, 6195, 13524, 6606, 18506, 17536, 6784, 3231, 14121, 8925, 10030, 803, 13764, 146, 19268, 14099, 4130, 16372, 1537, 12248, 13718, 17187, 11728, 1740, 19233, 5600, 4092, 4779, 6028, 3395, 16152, 19150, 2417, 11980, 11237, 8427, 18127, 3538, 9257, 607, 2078, 18457, 5802, 3435, 15019, 4256, 9221, 13465, 11742, 5788, 9528, 17493, 4607, 3131, 6616, 5356, 1550, 4617, 8827, 849, 2601, 4437, 17861, 10261, 15704, 3890, 8149, 12063, 3086, 15925, 12301, 6847, 5603, 7768, 3187, 13372, 9258, 6584, 7594, 2603, 1835, 17380, 17193, 15251, 15937, 18731, 4082, 14911, 16626, 8824, 16208, 10167, 17711, 9678, 15852, 13620, 16479, 14586, 2446, 4866, 1315, 7746, 10615, 7927, 2443, 7157, 13506, 18410, 10494]",5190,1500,3,False,1500
3205,play music,play music,48,True,True,True,"{21: 26, 33: 14, 2: 18, 29: 13, 25: 57, 43: 9, 57: 16, 49: 16, 61: 14, 67: 52, 65: 21, 50: 28, 15: 53, 6: 13, 46: 15, 27: 69, 7: 65, 48: 67, 19: 21, 31: 14, 63: 26, 22: 39, 9: 79, 26: 40, 47: 15, 53: 66, 11: 19, 51: 26, 54: 9, 13: 32, 17: 37, 52: 30, 39: 27, 38: 19, 1: 6, 59: 33, 56: 23, 32: 9, 8: 25, 4: 12, 20: 26, 24: 7, 18: 31, 42: 7, 28: 31, 45: 57, 0: 13, 66: 11, 62: 11, 35: 7, 64: 15, 37: 2, 40: 25, 3: 3, 14: 5, 12: 8, 16: 15, 55: 16, 30: 13, 58: 6, 36: 4, 60: 5, 5: 3, 41: 2, 44: 2, 34: 2}","[12686, 3384, 6034, 14374, 14516, 14680, 18580, 5912, 661, 4433, 14182, 14634, 14672, 13694, 17233, 12320, 12666, 7276, 14925, 15315, 1125, 14820, 3769, 14096, 12401, 14972, 14176, 4685, 4278, 5735, 7514, 16051, 15882, 4696, 17145, 19193, 12994, 9901, 13641, 15193, 6739, 9240, 1608, 14664, 18117, 5676, 15714, 5964, 5329, 16651, 15936, 14441, 15878, 18316, 14255, 18692, 5858, 4640, 10716, 13839, 16635, 2097, 11464, 12427, 2320, 14629, 7617, 16183, 16205, 2170, 4384, 6683, 5285, 18707, 6780, 4231, 2404, 4895, 18091, 2944, 13054, 3904, 3491, 9455, 15985, 10432, 8657, 15304, 9114, 5838, 5197, 17244, 6207, 3970, 17246, 3950, 6168, 8697, 6800, 9942, 11118, 8582, 6355, 15275, 4581, 12724, 11921, 1833, 523, 7619, 15729, 176, 8576, 3101, 1573, 1283, 11796, 11277, 2547, 1738, 6806, 15187, 7129, 5179, 5854, 16373, 9231, 6270, 777, 2062, 13249, 4144, 6325, 3924, 5350, 14414, 3142, 2249, 6444, 13582, 2833, 18030, 6483, 18404, 15057, 7482, 15001, 15872, 14584, 10835, 954, 7257, 1381, 17819, 17518, 6497, 14430, 4901, 16466, 10805, 132, 7506, 755, 14427, 12119, 16613, 19042, 14994, 11257, 8042, 2144, 5966, 1580, 8010, 2550, 10684, 14088, 5037, 8764, 17076, 14185, 15984, 5299, 16601, 19182, 13197, 14561, 12605, 17010, 2703, 6715, 11207, 10188, 212, 2293, 17676, 1720, 5934, 112, 8568, 15870, 3226, 4524, 4431, 5141, 5383, 7609, 12807, 19001, 14368, 6704, 14903, 4172, 117, 18698, 1699, 16558, 7518, 10618, 2110, 10308, 7828, 6623, 17644, 4449, 951, 13858, 15106, 8402, 916, 4771, 8608, 6448, 6656, 13547, 2814, 8336, 8093, 6398, 637, 9909, 10621, 786, 14146, 17292, 9457, 3, 2884, 14785, 10504, 16361, 8181, 17690, 654, 11067, 18741, 386, 18208, 10130, 8079, 7082, 14740, 8076, 18619, 14428, 10992, 12679, 9431, 18328, 13606, 7641, 13542, 1002, 11975, 15646, 19078, 1352, 8683, 16053, 11763, 14823, 7059, 4995, 3754, 6213, 10090, 19084, 1973, 8131, 5353, 836, 13960, 3217, 4885, 9645, 16941, 14750, 13171, 9132, 1355, 4440, 15747, 8233, 6008, 12781, 16749, 13905, 18198, 5033, 2910, 16502, 1233, 965, 16926, 3944, 13518, 18213, 12739, 9972, 14609, 5764, 6128, 9532, 12680, 3672, 5458, 6822, 11547, 3163, 8040, 14081, 8369, 18182, 17541, 11552, 12451, 15074, 1783, 17730, 1690, 16992, 2490, 2459, 18065, 320, 18311, 45, 9495, 4572, 544, 12731, 16811, 15096, 14957, 4594, 16607, 2449, 7791, 13659, 8892, 1713, 17336, 6598, 13832, 10495, 18937, 3067, 3473, 12715, 13492, 14787, 16503, 17899, 16638, 2408, 7141, 10590, 2917, 14650, 12571, 4321, 2855, 1829, 3736, 3381, 11069, 16093, 15201, 14311, 9836, 18289, 16899, 897, 13981, 12223, 8884, 15721, 7778, 13648, 5737, 6550, 19249, 2715, 447, 12941, 8915, 18963, 16291, 760, 5869, 3635, 3439, 6740, 5003, 3174, 2945, 16056, 4860, 11216, 7363, 1147, 12124, 9764, 11245, 4361, 7784, 16285, 17057, 11203, 5114, 17655, 12056, 17890, 7741, 15799, 10258, 16088, 19222, 15303, 1433, 5991, 322, 2322, 3156, 9940, 7814, 17068, 16968, 10018, 1991, 11946, 8705, 10371, 4619, 11074, 2034, 15550, 11743, 18666, 13494, 14175, 13948, 15123, 11154, 10397, 1701, 4770, 839, 12085, 16500, 16241, 1535, 18782, 2221, 539, 18405, 4245, 103, 1571, 16945, 12196, 9441, 1732, 1367, 3596, 4794, 7230, 5245, 17483, 2955, 2003, 11509, 4044, 12934, 3456, 16693, 593, 4582, 14076, 10972, 1965, 7227, 14324, 8658, 3772, 8355, 11889, 1908, 2684, 10026, 1666, 16507, 5589, 9295, 8389, 2099, 18653, 13808, 19147, 6675, 10970, 2788, 19028, 16983, 16166, 9845, 8160, 11381, 10088, 10333, 11716, 14695, 12697, 4365, 3747, 17296, 11904, 74, 7047, 10639, 13094, 940, 10478, 2032, 6642, 14896, 10840, 5430, 5556, 12597, 2183, 18403, 4252, 14613, 18283, 8790, 12140, 13540, 13353, 14114, 13297, 4056, 14038, 11299, 13770, 11433, 14285, 1526, 1955, 15711, 255, 12481, 612, 1635, 4886, 357, 11434, 9524, 13106, 2607, 5391, 9406, 2331, 624, 2749, 17849, 9829, 11436, 18426, 9481, 18550, 15647, 532, 11720, 11824, 15610, 15741, 7902, 13558, 17967, 14539, 17889, 4631, 1238, 16921, 7787, 15293, 3108, 8215, 2851, 4514, 12938, 16730, 17178, 4890, 17960, 4725, 7917, 3191, 8231, 16341, 8195, 10913, 2173, 5557, 2637, 16896, 5806, 1815, 1451, 8864, 2290, 12108, 5328, 6203, 2431, 7508, 17898, 17188, 6897, 1199, 15526, 18437, 6631, 8644, 16917, 14964, 14233, 2454, 584, 4830, 7199, 4180, 14889, 5761, 13756, 6917, 7756, 18880, 15095, 1816, 14070, 16252, 7429, 16589, 1631, 15968, 15221, 12478, 18594, 1477, 5637, 12058, 1205, 13397, 9107, 18654, 1968, 3759, 13147, 14144, 14973, 12452, 18020, 13592, 17920, 13687, 11335, 7207, 418, 7834, 778, 12982, 10688, 9031, 509, 9601, 9780, 17040, 12023, 3916, 91, 6536, 18535, 7547, 15240, 707, 14533, 15064, 17012, 16805, 8637, 5969, 16221, 1940, 13307, 4717, 12615, 18220, 11028, 12170, 1743, 2376, 12415, 14220, 18827, 1294, 18543, 6977, 15309, 11778, 11842, 17103, 3857, 4637, 12162, 19169, 17166, 18237, 17818, 9507, 19022, 5790, 19112, 15611, 1118, 15184, 18703, 1817, 15530, 16579, 8437, 11839, 11378, 3537, 9205, 9217, 16272, 18759, 16828, 12002, 8348, 1723, 3481, 14115, 379, 8544, 264, 6015, 7672, 2253, 7364, 3706, 13796, 17139, 16125, 12059, 9623, 7185, 2418, 18230, 3087, 281, 4379, 1796, 8459, 4400, 17824, 2736, 16446, 13525, 15341, 3275, 7872, 1662, 7557, 4319, 15442, 7181, 10456, 4963, 17048, 16943, 12784, 3441, 5240, 9975, 13216, 17702, 11594, 13554, 6165, 19168, 16070, 3540, 3262, 10661, 4061, 13173, 2875, 17014, 4349, 10818, 8428, 16764, 14232, 8930, 15734, 17680, 7069, 15684, 17050, 18987, 6914, 6863, 19263, 10595, 150, 10039, 2722, 18223, 16444, 6559, 7258, 2661, 7699, 17136, 12773, 4247, 5723, 15194, 1696, 1500, 2807, 9893, 11835, 13240, 18313, 17107, 10265, 10244, 5570, 2862, 14049, 1012, 12861, 723, 9583, 17461, 10056, 1264, 8297, 3716, 14666, 15259, 13531, 543, 13723, 16810, 6700, 3516, 13766, 7186, 10692, 6321, 15484, 14547, 8744, 3703, 10383, 16829, 6366, 6846, 3906, 2021, 18133, 857, 279, 12232, 10212, 10541, 12325, 13475, 1225, 937, 6966, 10881, 16936, 18502, 1440, 11914, 3326, 5633, 14913, 4623, 10743, 12361, 17335, 1072, 5043, 14810, 15077, 3255, 17215, 6553, 17852, 4801, 6962, 3060, 9430, 8799, 13824, 188, 15175, 15163, 4733, 5011, 3536, 17635, 6532, 14071, 6112, 17158, 6597, 11272, 105, 19219, 5013, 12483, 201, 6848, 17033, 6367, 7859, 14702, 18844, 7053, 18694, 15670, 636, 10129, 6378, 5369, 7273, 16247, 9142, 15345, 16817, 14854, 2600, 15783, 889, 11833, 6612, 2068, 2427, 7062, 7918, 16181, 5464, 8339, 8950, 8453, 16423, 6064, 2380, 4268, 13929, 12974, 19141, 1299, 2484, 3883, 3273, 8772, 13256, 11239, 5766, 18098, 12705, 11004, 2695, 10048, 10960, 2766, 15661, 13258, 8015, 6032, 16397, 7749, 19039, 7634, 15076, 4234, 15114, 8475, 8091, 19220, 18004, 9704, 13918, 15569, 16443, 10015, 9943, 7817, 9349, 2588, 8249, 398, 5316, 15538, 18372, 13559, 2937, 2803, 16248, 6155, 630, 9911, 13190, 19157, 15788, 13248, 13148, 1320, 12074, 8471, 8798, 3213, 12418, 814, 2402, 12718, 12397, 10564, 9875, 10128, 6947, 9491, 17707, 3266, 19196, 14309, 18523, 19043, 17975, 18063, 11618, 15016, 14434, 7680, 1739, 18029, 11694, 1745, 9271, 5189, 9561, 11283, 14978, 10753, 16017, 12914, 978, 2828, 17257, 13135, 5061, 121, 6602, 16015, 19271, 12159, 1244, 8260, 13195, 15873, 12815, 14291, 14515, 118, 4892, 14985, 9551, 12654, 4739, 927, 12176, 9523, 11726, 18187, 5880, 2569, 3386, 13942, 3390, 15774, 129, 65, 12922, 8422, 12692, 16213, 11515, 2111, 8347, 10758, 14064, 4401, 17782, 15621, 6709, 14716, 4091, 13964, 8424, 4218, 7249, 11311, 11171, 18564, 14755, 7114, 14009, 14815, 294, 495, 7684, 6833, 4046, 3505, 16995, 17858, 7761, 15803, 9840, 13958, 8226, 10369, 12497, 17142, 1748, 2854, 7159, 11539, 11055, 13337, 17173, 14214, 6803, 11144, 12649, 283, 15489, 13174, 7015, 610, 7030, 18206, 14077, 15468, 14962, 8046, 7809, 17387, 16034, 16678, 1173, 3502, 12942, 15655, 16859, 7099, 1673, 446, 1365, 5881, 3713, 11697, 1897, 16001, 1702, 14149, 11876, 9341, 4325, 6923, 2001, 138, 3276, 18716, 17604, 10501, 115, 12800, 6111, 11148, 4549, 16057, 4707, 6843, 16091, 4295, 7519, 13708, 12409, 11018, 5052, 13566, 14715, 12755, 793, 10837, 1888, 12375, 3935, 5763, 11791, 11258, 13264, 11469, 4683, 8905, 1853, 11600, 4421, 2798, 5074, 18141, 13807, 8595, 8126, 13837, 8060, 6956, 11767, 14560, 9389, 15261, 1232, 12560, 7262, 11504, 3546, 4627, 1177, 517, 4008, 9219, 17696, 4148, 14124, 13243, 11235, 7561, 8331, 16320, 3591, 11341, 4015, 12028, 14929, 18601, 3528, 14065, 1510, 19191, 13833, 17616, 10869, 17689, 831, 16725, 6319, 15465, 10467, 8162, 13563, 7728, 10778, 13545, 12290, 16480, 14401, 12838, 4212, 17529, 4832, 15111, 12690, 10373, 7596, 18614, 17477, 1043, 13100, 4774, 17479, 3774, 9302, 3901, 13071, 6412, 9516, 1261, 3054, 13522, 17602, 14343, 18500, 10957, 2791, 9624, 3634, 17904, 5709, 14670, 11058, 7087, 7435, 13848, 82, 5565, 2562, 14029, 3583, 1676, 12709, 18473, 3158, 12787, 8068, 8263, 16146, 3593, 1802, 1861, 3348, 4487, 17749, 6105, 10471, 17472, 10200, 1182, 14180, 1076, 10156, 4839, 9903, 4879, 9720, 2157, 15344, 16067, 3064, 17182, 5368, 4987, 18484, 18923, 11896, 1052, 15727, 15289, 5885, 1933, 5251, 17072, 6038, 6195, 13524, 6606, 18506, 17536, 6784, 3231, 14121, 8925, 10030, 803, 13764, 146, 19268, 14099, 4130, 16372, 1537, 12248, 13718, 17187, 11728, 1740, 19233, 5600, 4092, 4779, 6028, 3395, 16152, 19150, 2417, 11980, 11237, 8427, 18127, 3538, 9257, 607, 2078, 18457, 5802, 3435, 15019, 4256, 9221, 13465, 11742, 5788, 9528, 17493, 4607, 3131, 6616, 5356, 1550, 4617, 8827, 849, 2601, 4437, 17861, 10261, 15704, 3890, 8149, 12063, 3086, 15925, 12301, 6847, 5603, 7768, 3187, 13372, 9258, 6584, 7594, 2603, 1835, 17380, 17193, 15251, 15937, 18731, 4082, 14911, 16626, 8824, 16208, 10167, 17711, 9678, 15852, 13620, 16479, 14586, 2446, 4866, 1315, 7746, 10615, 7927, 2443, 7157, 13506, 18410, 10494]",3205,1500,3,False,1500
6166,play music,play music,48,True,True,True,"{21: 26, 33: 14, 2: 18, 29: 13, 25: 57, 43: 9, 57: 16, 49: 16, 61: 14, 67: 52, 65: 21, 50: 28, 15: 53, 6: 13, 46: 15, 27: 69, 7: 65, 48: 67, 19: 21, 31: 14, 63: 26, 22: 39, 9: 79, 26: 40, 47: 15, 53: 66, 11: 19, 51: 26, 54: 9, 13: 32, 17: 37, 52: 30, 39: 27, 38: 19, 1: 6, 59: 33, 56: 23, 32: 9, 8: 25, 4: 12, 20: 26, 24: 7, 18: 31, 42: 7, 28: 31, 45: 57, 0: 13, 66: 11, 62: 11, 35: 7, 64: 15, 37: 2, 40: 25, 3: 3, 14: 5, 12: 8, 16: 15, 55: 16, 30: 13, 58: 6, 36: 4, 60: 5, 5: 3, 41: 2, 44: 2, 34: 2}","[12686, 3384, 6034, 14374, 14516, 14680, 18580, 5912, 661, 4433, 14182, 14634, 14672, 13694, 17233, 12320, 12666, 7276, 14925, 15315, 1125, 14820, 3769, 14096, 12401, 14972, 14176, 4685, 4278, 5735, 7514, 16051, 15882, 4696, 17145, 19193, 12994, 9901, 13641, 15193, 6739, 9240, 1608, 14664, 18117, 5676, 15714, 5964, 5329, 16651, 15936, 14441, 15878, 18316, 14255, 18692, 5858, 4640, 10716, 13839, 16635, 2097, 11464, 12427, 2320, 14629, 7617, 16183, 16205, 2170, 4384, 6683, 5285, 18707, 6780, 4231, 2404, 4895, 18091, 2944, 13054, 3904, 3491, 9455, 15985, 10432, 8657, 15304, 9114, 5838, 5197, 17244, 6207, 3970, 17246, 3950, 6168, 8697, 6800, 9942, 11118, 8582, 6355, 15275, 4581, 12724, 11921, 1833, 523, 7619, 15729, 176, 8576, 3101, 1573, 1283, 11796, 11277, 2547, 1738, 6806, 15187, 7129, 5179, 5854, 16373, 9231, 6270, 777, 2062, 13249, 4144, 6325, 3924, 5350, 14414, 3142, 2249, 6444, 13582, 2833, 18030, 6483, 18404, 15057, 7482, 15001, 15872, 14584, 10835, 954, 7257, 1381, 17819, 17518, 6497, 14430, 4901, 16466, 10805, 132, 7506, 755, 14427, 12119, 16613, 19042, 14994, 11257, 8042, 2144, 5966, 1580, 8010, 2550, 10684, 14088, 5037, 8764, 17076, 14185, 15984, 5299, 16601, 19182, 13197, 14561, 12605, 17010, 2703, 6715, 11207, 10188, 212, 2293, 17676, 1720, 5934, 112, 8568, 15870, 3226, 4524, 4431, 5141, 5383, 7609, 12807, 19001, 14368, 6704, 14903, 4172, 117, 18698, 1699, 16558, 7518, 10618, 2110, 10308, 7828, 6623, 17644, 4449, 951, 13858, 15106, 8402, 916, 4771, 8608, 6448, 6656, 13547, 2814, 8336, 8093, 6398, 637, 9909, 10621, 786, 14146, 17292, 9457, 3, 2884, 14785, 10504, 16361, 8181, 17690, 654, 11067, 18741, 386, 18208, 10130, 8079, 7082, 14740, 8076, 18619, 14428, 10992, 12679, 9431, 18328, 13606, 7641, 13542, 1002, 11975, 15646, 19078, 1352, 8683, 16053, 11763, 14823, 7059, 4995, 3754, 6213, 10090, 19084, 1973, 8131, 5353, 836, 13960, 3217, 4885, 9645, 16941, 14750, 13171, 9132, 1355, 4440, 15747, 8233, 6008, 12781, 16749, 13905, 18198, 5033, 2910, 16502, 1233, 965, 16926, 3944, 13518, 18213, 12739, 9972, 14609, 5764, 6128, 9532, 12680, 3672, 5458, 6822, 11547, 3163, 8040, 14081, 8369, 18182, 17541, 11552, 12451, 15074, 1783, 17730, 1690, 16992, 2490, 2459, 18065, 320, 18311, 45, 9495, 4572, 544, 12731, 16811, 15096, 14957, 4594, 16607, 2449, 7791, 13659, 8892, 1713, 17336, 6598, 13832, 10495, 18937, 3067, 3473, 12715, 13492, 14787, 16503, 17899, 16638, 2408, 7141, 10590, 2917, 14650, 12571, 4321, 2855, 1829, 3736, 3381, 11069, 16093, 15201, 14311, 9836, 18289, 16899, 897, 13981, 12223, 8884, 15721, 7778, 13648, 5737, 6550, 19249, 2715, 447, 12941, 8915, 18963, 16291, 760, 5869, 3635, 3439, 6740, 5003, 3174, 2945, 16056, 4860, 11216, 7363, 1147, 12124, 9764, 11245, 4361, 7784, 16285, 17057, 11203, 5114, 17655, 12056, 17890, 7741, 15799, 10258, 16088, 19222, 15303, 1433, 5991, 322, 2322, 3156, 9940, 7814, 17068, 16968, 10018, 1991, 11946, 8705, 10371, 4619, 11074, 2034, 15550, 11743, 18666, 13494, 14175, 13948, 15123, 11154, 10397, 1701, 4770, 839, 12085, 16500, 16241, 1535, 18782, 2221, 539, 18405, 4245, 103, 1571, 16945, 12196, 9441, 1732, 1367, 3596, 4794, 7230, 5245, 17483, 2955, 2003, 11509, 4044, 12934, 3456, 16693, 593, 4582, 14076, 10972, 1965, 7227, 14324, 8658, 3772, 8355, 11889, 1908, 2684, 10026, 1666, 16507, 5589, 9295, 8389, 2099, 18653, 13808, 19147, 6675, 10970, 2788, 19028, 16983, 16166, 9845, 8160, 11381, 10088, 10333, 11716, 14695, 12697, 4365, 3747, 17296, 11904, 74, 7047, 10639, 13094, 940, 10478, 2032, 6642, 14896, 10840, 5430, 5556, 12597, 2183, 18403, 4252, 14613, 18283, 8790, 12140, 13540, 13353, 14114, 13297, 4056, 14038, 11299, 13770, 11433, 14285, 1526, 1955, 15711, 255, 12481, 612, 1635, 4886, 357, 11434, 9524, 13106, 2607, 5391, 9406, 2331, 624, 2749, 17849, 9829, 11436, 18426, 9481, 18550, 15647, 532, 11720, 11824, 15610, 15741, 7902, 13558, 17967, 14539, 17889, 4631, 1238, 16921, 7787, 15293, 3108, 8215, 2851, 4514, 12938, 16730, 17178, 4890, 17960, 4725, 7917, 3191, 8231, 16341, 8195, 10913, 2173, 5557, 2637, 16896, 5806, 1815, 1451, 8864, 2290, 12108, 5328, 6203, 2431, 7508, 17898, 17188, 6897, 1199, 15526, 18437, 6631, 8644, 16917, 14964, 14233, 2454, 584, 4830, 7199, 4180, 14889, 5761, 13756, 6917, 7756, 18880, 15095, 1816, 14070, 16252, 7429, 16589, 1631, 15968, 15221, 12478, 18594, 1477, 5637, 12058, 1205, 13397, 9107, 18654, 1968, 3759, 13147, 14144, 14973, 12452, 18020, 13592, 17920, 13687, 11335, 7207, 418, 7834, 778, 12982, 10688, 9031, 509, 9601, 9780, 17040, 12023, 3916, 91, 6536, 18535, 7547, 15240, 707, 14533, 15064, 17012, 16805, 8637, 5969, 16221, 1940, 13307, 4717, 12615, 18220, 11028, 12170, 1743, 2376, 12415, 14220, 18827, 1294, 18543, 6977, 15309, 11778, 11842, 17103, 3857, 4637, 12162, 19169, 17166, 18237, 17818, 9507, 19022, 5790, 19112, 15611, 1118, 15184, 18703, 1817, 15530, 16579, 8437, 11839, 11378, 3537, 9205, 9217, 16272, 18759, 16828, 12002, 8348, 1723, 3481, 14115, 379, 8544, 264, 6015, 7672, 2253, 7364, 3706, 13796, 17139, 16125, 12059, 9623, 7185, 2418, 18230, 3087, 281, 4379, 1796, 8459, 4400, 17824, 2736, 16446, 13525, 15341, 3275, 7872, 1662, 7557, 4319, 15442, 7181, 10456, 4963, 17048, 16943, 12784, 3441, 5240, 9975, 13216, 17702, 11594, 13554, 6165, 19168, 16070, 3540, 3262, 10661, 4061, 13173, 2875, 17014, 4349, 10818, 8428, 16764, 14232, 8930, 15734, 17680, 7069, 15684, 17050, 18987, 6914, 6863, 19263, 10595, 150, 10039, 2722, 18223, 16444, 6559, 7258, 2661, 7699, 17136, 12773, 4247, 5723, 15194, 1696, 1500, 2807, 9893, 11835, 13240, 18313, 17107, 10265, 10244, 5570, 2862, 14049, 1012, 12861, 723, 9583, 17461, 10056, 1264, 8297, 3716, 14666, 15259, 13531, 543, 13723, 16810, 6700, 3516, 13766, 7186, 10692, 6321, 15484, 14547, 8744, 3703, 10383, 16829, 6366, 6846, 3906, 2021, 18133, 857, 279, 12232, 10212, 10541, 12325, 13475, 1225, 937, 6966, 10881, 16936, 18502, 1440, 11914, 3326, 5633, 14913, 4623, 10743, 12361, 17335, 1072, 5043, 14810, 15077, 3255, 17215, 6553, 17852, 4801, 6962, 3060, 9430, 8799, 13824, 188, 15175, 15163, 4733, 5011, 3536, 17635, 6532, 14071, 6112, 17158, 6597, 11272, 105, 19219, 5013, 12483, 201, 6848, 17033, 6367, 7859, 14702, 18844, 7053, 18694, 15670, 636, 10129, 6378, 5369, 7273, 16247, 9142, 15345, 16817, 14854, 2600, 15783, 889, 11833, 6612, 2068, 2427, 7062, 7918, 16181, 5464, 8339, 8950, 8453, 16423, 6064, 2380, 4268, 13929, 12974, 19141, 1299, 2484, 3883, 3273, 8772, 13256, 11239, 5766, 18098, 12705, 11004, 2695, 10048, 10960, 2766, 15661, 13258, 8015, 6032, 16397, 7749, 19039, 7634, 15076, 4234, 15114, 8475, 8091, 19220, 18004, 9704, 13918, 15569, 16443, 10015, 9943, 7817, 9349, 2588, 8249, 398, 5316, 15538, 18372, 13559, 2937, 2803, 16248, 6155, 630, 9911, 13190, 19157, 15788, 13248, 13148, 1320, 12074, 8471, 8798, 3213, 12418, 814, 2402, 12718, 12397, 10564, 9875, 10128, 6947, 9491, 17707, 3266, 19196, 14309, 18523, 19043, 17975, 18063, 11618, 15016, 14434, 7680, 1739, 18029, 11694, 1745, 9271, 5189, 9561, 11283, 14978, 10753, 16017, 12914, 978, 2828, 17257, 13135, 5061, 121, 6602, 16015, 19271, 12159, 1244, 8260, 13195, 15873, 12815, 14291, 14515, 118, 4892, 14985, 9551, 12654, 4739, 927, 12176, 9523, 11726, 18187, 5880, 2569, 3386, 13942, 3390, 15774, 129, 65, 12922, 8422, 12692, 16213, 11515, 2111, 8347, 10758, 14064, 4401, 17782, 15621, 6709, 14716, 4091, 13964, 8424, 4218, 7249, 11311, 11171, 18564, 14755, 7114, 14009, 14815, 294, 495, 7684, 6833, 4046, 3505, 16995, 17858, 7761, 15803, 9840, 13958, 8226, 10369, 12497, 17142, 1748, 2854, 7159, 11539, 11055, 13337, 17173, 14214, 6803, 11144, 12649, 283, 15489, 13174, 7015, 610, 7030, 18206, 14077, 15468, 14962, 8046, 7809, 17387, 16034, 16678, 1173, 3502, 12942, 15655, 16859, 7099, 1673, 446, 1365, 5881, 3713, 11697, 1897, 16001, 1702, 14149, 11876, 9341, 4325, 6923, 2001, 138, 3276, 18716, 17604, 10501, 115, 12800, 6111, 11148, 4549, 16057, 4707, 6843, 16091, 4295, 7519, 13708, 12409, 11018, 5052, 13566, 14715, 12755, 793, 10837, 1888, 12375, 3935, 5763, 11791, 11258, 13264, 11469, 4683, 8905, 1853, 11600, 4421, 2798, 5074, 18141, 13807, 8595, 8126, 13837, 8060, 6956, 11767, 14560, 9389, 15261, 1232, 12560, 7262, 11504, 3546, 4627, 1177, 517, 4008, 9219, 17696, 4148, 14124, 13243, 11235, 7561, 8331, 16320, 3591, 11341, 4015, 12028, 14929, 18601, 3528, 14065, 1510, 19191, 13833, 17616, 10869, 17689, 831, 16725, 6319, 15465, 10467, 8162, 13563, 7728, 10778, 13545, 12290, 16480, 14401, 12838, 4212, 17529, 4832, 15111, 12690, 10373, 7596, 18614, 17477, 1043, 13100, 4774, 17479, 3774, 9302, 3901, 13071, 6412, 9516, 1261, 3054, 13522, 17602, 14343, 18500, 10957, 2791, 9624, 3634, 17904, 5709, 14670, 11058, 7087, 7435, 13848, 82, 5565, 2562, 14029, 3583, 1676, 12709, 18473, 3158, 12787, 8068, 8263, 16146, 3593, 1802, 1861, 3348, 4487, 17749, 6105, 10471, 17472, 10200, 1182, 14180, 1076, 10156, 4839, 9903, 4879, 9720, 2157, 15344, 16067, 3064, 17182, 5368, 4987, 18484, 18923, 11896, 1052, 15727, 15289, 5885, 1933, 5251, 17072, 6038, 6195, 13524, 6606, 18506, 17536, 6784, 3231, 14121, 8925, 10030, 803, 13764, 146, 19268, 14099, 4130, 16372, 1537, 12248, 13718, 17187, 11728, 1740, 19233, 5600, 4092, 4779, 6028, 3395, 16152, 19150, 2417, 11980, 11237, 8427, 18127, 3538, 9257, 607, 2078, 18457, 5802, 3435, 15019, 4256, 9221, 13465, 11742, 5788, 9528, 17493, 4607, 3131, 6616, 5356, 1550, 4617, 8827, 849, 2601, 4437, 17861, 10261, 15704, 3890, 8149, 12063, 3086, 15925, 12301, 6847, 5603, 7768, 3187, 13372, 9258, 6584, 7594, 2603, 1835, 17380, 17193, 15251, 15937, 18731, 4082, 14911, 16626, 8824, 16208, 10167, 17711, 9678, 15852, 13620, 16479, 14586, 2446, 4866, 1315, 7746, 10615, 7927, 2443, 7157, 13506, 18410, 10494]",6166,1500,3,False,1500
3191,news query,news,45,True,True,False,"{21: 26, 33: 14, 2: 18, 29: 13, 25: 57, 43: 9, 57: 16, 49: 16, 61: 14, 67: 52, 65: 21, 50: 28, 15: 53, 6: 13, 46: 15, 27: 69, 7: 65, 48: 67, 19: 21, 31: 14, 63: 26, 22: 39, 9: 79, 26: 40, 47: 15, 53: 66, 11: 19, 51: 26, 54: 9, 13: 32, 17: 37, 52: 30, 39: 27, 38: 19, 1: 6, 59: 33, 56: 23, 32: 9, 8: 25, 4: 12, 20: 26, 24: 7, 18: 31, 42: 7, 28: 31, 45: 57, 0: 13, 66: 11, 62: 11, 35: 7, 64: 15, 37: 2, 40: 25, 3: 3, 14: 5, 12: 8, 16: 15, 55: 16, 30: 13, 58: 6, 36: 4, 60: 5, 5: 3, 41: 2, 44: 2, 34: 2}","[12686, 3384, 6034, 14374, 14516, 14680, 18580, 5912, 661, 4433, 14182, 14634, 14672, 13694, 17233, 12320, 12666, 7276, 14925, 15315, 1125, 14820, 3769, 14096, 12401, 14972, 14176, 4685, 4278, 5735, 7514, 16051, 15882, 4696, 17145, 19193, 12994, 9901, 13641, 15193, 6739, 9240, 1608, 14664, 18117, 5676, 15714, 5964, 5329, 16651, 15936, 14441, 15878, 18316, 14255, 18692, 5858, 4640, 10716, 13839, 16635, 2097, 11464, 12427, 2320, 14629, 7617, 16183, 16205, 2170, 4384, 6683, 5285, 18707, 6780, 4231, 2404, 4895, 18091, 2944, 13054, 3904, 3491, 9455, 15985, 10432, 8657, 15304, 9114, 5838, 5197, 17244, 6207, 3970, 17246, 3950, 6168, 8697, 6800, 9942, 11118, 8582, 6355, 15275, 4581, 12724, 11921, 1833, 523, 7619, 15729, 176, 8576, 3101, 1573, 1283, 11796, 11277, 2547, 1738, 6806, 15187, 7129, 5179, 5854, 16373, 9231, 6270, 777, 2062, 13249, 4144, 6325, 3924, 5350, 14414, 3142, 2249, 6444, 13582, 2833, 18030, 6483, 18404, 15057, 7482, 15001, 15872, 14584, 10835, 954, 7257, 1381, 17819, 17518, 6497, 14430, 4901, 16466, 10805, 132, 7506, 755, 14427, 12119, 16613, 19042, 14994, 11257, 8042, 2144, 5966, 1580, 8010, 2550, 10684, 14088, 5037, 8764, 17076, 14185, 15984, 5299, 16601, 19182, 13197, 14561, 12605, 17010, 2703, 6715, 11207, 10188, 212, 2293, 17676, 1720, 5934, 112, 8568, 15870, 3226, 4524, 4431, 5141, 5383, 7609, 12807, 19001, 14368, 6704, 14903, 4172, 117, 18698, 1699, 16558, 7518, 10618, 2110, 10308, 7828, 6623, 17644, 4449, 951, 13858, 15106, 8402, 916, 4771, 8608, 6448, 6656, 13547, 2814, 8336, 8093, 6398, 637, 9909, 10621, 786, 14146, 17292, 9457, 3, 2884, 14785, 10504, 16361, 8181, 17690, 654, 11067, 18741, 386, 18208, 10130, 8079, 7082, 14740, 8076, 18619, 14428, 10992, 12679, 9431, 18328, 13606, 7641, 13542, 1002, 11975, 15646, 19078, 1352, 8683, 16053, 11763, 14823, 7059, 4995, 3754, 6213, 10090, 19084, 1973, 8131, 5353, 836, 13960, 3217, 4885, 9645, 16941, 14750, 13171, 9132, 1355, 4440, 15747, 8233, 6008, 12781, 16749, 13905, 18198, 5033, 2910, 16502, 1233, 965, 16926, 3944, 13518, 18213, 12739, 9972, 14609, 5764, 6128, 9532, 12680, 3672, 5458, 6822, 11547, 3163, 8040, 14081, 8369, 18182, 17541, 11552, 12451, 15074, 1783, 17730, 1690, 16992, 2490, 2459, 18065, 320, 18311, 45, 9495, 4572, 544, 12731, 16811, 15096, 14957, 4594, 16607, 2449, 7791, 13659, 8892, 1713, 17336, 6598, 13832, 10495, 18937, 3067, 3473, 12715, 13492, 14787, 16503, 17899, 16638, 2408, 7141, 10590, 2917, 14650, 12571, 4321, 2855, 1829, 3736, 3381, 11069, 16093, 15201, 14311, 9836, 18289, 16899, 897, 13981, 12223, 8884, 15721, 7778, 13648, 5737, 6550, 19249, 2715, 447, 12941, 8915, 18963, 16291, 760, 5869, 3635, 3439, 6740, 5003, 3174, 2945, 16056, 4860, 11216, 7363, 1147, 12124, 9764, 11245, 4361, 7784, 16285, 17057, 11203, 5114, 17655, 12056, 17890, 7741, 15799, 10258, 16088, 19222, 15303, 1433, 5991, 322, 2322, 3156, 9940, 7814, 17068, 16968, 10018, 1991, 11946, 8705, 10371, 4619, 11074, 2034, 15550, 11743, 18666, 13494, 14175, 13948, 15123, 11154, 10397, 1701, 4770, 839, 12085, 16500, 16241, 1535, 18782, 2221, 539, 18405, 4245, 103, 1571, 16945, 12196, 9441, 1732, 1367, 3596, 4794, 7230, 5245, 17483, 2955, 2003, 11509, 4044, 12934, 3456, 16693, 593, 4582, 14076, 10972, 1965, 7227, 14324, 8658, 3772, 8355, 11889, 1908, 2684, 10026, 1666, 16507, 5589, 9295, 8389, 2099, 18653, 13808, 19147, 6675, 10970, 2788, 19028, 16983, 16166, 9845, 8160, 11381, 10088, 10333, 11716, 14695, 12697, 4365, 3747, 17296, 11904, 74, 7047, 10639, 13094, 940, 10478, 2032, 6642, 14896, 10840, 5430, 5556, 12597, 2183, 18403, 4252, 14613, 18283, 8790, 12140, 13540, 13353, 14114, 13297, 4056, 14038, 11299, 13770, 11433, 14285, 1526, 1955, 15711, 255, 12481, 612, 1635, 4886, 357, 11434, 9524, 13106, 2607, 5391, 9406, 2331, 624, 2749, 17849, 9829, 11436, 18426, 9481, 18550, 15647, 532, 11720, 11824, 15610, 15741, 7902, 13558, 17967, 14539, 17889, 4631, 1238, 16921, 7787, 15293, 3108, 8215, 2851, 4514, 12938, 16730, 17178, 4890, 17960, 4725, 7917, 3191, 8231, 16341, 8195, 10913, 2173, 5557, 2637, 16896, 5806, 1815, 1451, 8864, 2290, 12108, 5328, 6203, 2431, 7508, 17898, 17188, 6897, 1199, 15526, 18437, 6631, 8644, 16917, 14964, 14233, 2454, 584, 4830, 7199, 4180, 14889, 5761, 13756, 6917, 7756, 18880, 15095, 1816, 14070, 16252, 7429, 16589, 1631, 15968, 15221, 12478, 18594, 1477, 5637, 12058, 1205, 13397, 9107, 18654, 1968, 3759, 13147, 14144, 14973, 12452, 18020, 13592, 17920, 13687, 11335, 7207, 418, 7834, 778, 12982, 10688, 9031, 509, 9601, 9780, 17040, 12023, 3916, 91, 6536, 18535, 7547, 15240, 707, 14533, 15064, 17012, 16805, 8637, 5969, 16221, 1940, 13307, 4717, 12615, 18220, 11028, 12170, 1743, 2376, 12415, 14220, 18827, 1294, 18543, 6977, 15309, 11778, 11842, 17103, 3857, 4637, 12162, 19169, 17166, 18237, 17818, 9507, 19022, 5790, 19112, 15611, 1118, 15184, 18703, 1817, 15530, 16579, 8437, 11839, 11378, 3537, 9205, 9217, 16272, 18759, 16828, 12002, 8348, 1723, 3481, 14115, 379, 8544, 264, 6015, 7672, 2253, 7364, 3706, 13796, 17139, 16125, 12059, 9623, 7185, 2418, 18230, 3087, 281, 4379, 1796, 8459, 4400, 17824, 2736, 16446, 13525, 15341, 3275, 7872, 1662, 7557, 4319, 15442, 7181, 10456, 4963, 17048, 16943, 12784, 3441, 5240, 9975, 13216, 17702, 11594, 13554, 6165, 19168, 16070, 3540, 3262, 10661, 4061, 13173, 2875, 17014, 4349, 10818, 8428, 16764, 14232, 8930, 15734, 17680, 7069, 15684, 17050, 18987, 6914, 6863, 19263, 10595, 150, 10039, 2722, 18223, 16444, 6559, 7258, 2661, 7699, 17136, 12773, 4247, 5723, 15194, 1696, 1500, 2807, 9893, 11835, 13240, 18313, 17107, 10265, 10244, 5570, 2862, 14049, 1012, 12861, 723, 9583, 17461, 10056, 1264, 8297, 3716, 14666, 15259, 13531, 543, 13723, 16810, 6700, 3516, 13766, 7186, 10692, 6321, 15484, 14547, 8744, 3703, 10383, 16829, 6366, 6846, 3906, 2021, 18133, 857, 279, 12232, 10212, 10541, 12325, 13475, 1225, 937, 6966, 10881, 16936, 18502, 1440, 11914, 3326, 5633, 14913, 4623, 10743, 12361, 17335, 1072, 5043, 14810, 15077, 3255, 17215, 6553, 17852, 4801, 6962, 3060, 9430, 8799, 13824, 188, 15175, 15163, 4733, 5011, 3536, 17635, 6532, 14071, 6112, 17158, 6597, 11272, 105, 19219, 5013, 12483, 201, 6848, 17033, 6367, 7859, 14702, 18844, 7053, 18694, 15670, 636, 10129, 6378, 5369, 7273, 16247, 9142, 15345, 16817, 14854, 2600, 15783, 889, 11833, 6612, 2068, 2427, 7062, 7918, 16181, 5464, 8339, 8950, 8453, 16423, 6064, 2380, 4268, 13929, 12974, 19141, 1299, 2484, 3883, 3273, 8772, 13256, 11239, 5766, 18098, 12705, 11004, 2695, 10048, 10960, 2766, 15661, 13258, 8015, 6032, 16397, 7749, 19039, 7634, 15076, 4234, 15114, 8475, 8091, 19220, 18004, 9704, 13918, 15569, 16443, 10015, 9943, 7817, 9349, 2588, 8249, 398, 5316, 15538, 18372, 13559, 2937, 2803, 16248, 6155, 630, 9911, 13190, 19157, 15788, 13248, 13148, 1320, 12074, 8471, 8798, 3213, 12418, 814, 2402, 12718, 12397, 10564, 9875, 10128, 6947, 9491, 17707, 3266, 19196, 14309, 18523, 19043, 17975, 18063, 11618, 15016, 14434, 7680, 1739, 18029, 11694, 1745, 9271, 5189, 9561, 11283, 14978, 10753, 16017, 12914, 978, 2828, 17257, 13135, 5061, 121, 6602, 16015, 19271, 12159, 1244, 8260, 13195, 15873, 12815, 14291, 14515, 118, 4892, 14985, 9551, 12654, 4739, 927, 12176, 9523, 11726, 18187, 5880, 2569, 3386, 13942, 3390, 15774, 129, 65, 12922, 8422, 12692, 16213, 11515, 2111, 8347, 10758, 14064, 4401, 17782, 15621, 6709, 14716, 4091, 13964, 8424, 4218, 7249, 11311, 11171, 18564, 14755, 7114, 14009, 14815, 294, 495, 7684, 6833, 4046, 3505, 16995, 17858, 7761, 15803, 9840, 13958, 8226, 10369, 12497, 17142, 1748, 2854, 7159, 11539, 11055, 13337, 17173, 14214, 6803, 11144, 12649, 283, 15489, 13174, 7015, 610, 7030, 18206, 14077, 15468, 14962, 8046, 7809, 17387, 16034, 16678, 1173, 3502, 12942, 15655, 16859, 7099, 1673, 446, 1365, 5881, 3713, 11697, 1897, 16001, 1702, 14149, 11876, 9341, 4325, 6923, 2001, 138, 3276, 18716, 17604, 10501, 115, 12800, 6111, 11148, 4549, 16057, 4707, 6843, 16091, 4295, 7519, 13708, 12409, 11018, 5052, 13566, 14715, 12755, 793, 10837, 1888, 12375, 3935, 5763, 11791, 11258, 13264, 11469, 4683, 8905, 1853, 11600, 4421, 2798, 5074, 18141, 13807, 8595, 8126, 13837, 8060, 6956, 11767, 14560, 9389, 15261, 1232, 12560, 7262, 11504, 3546, 4627, 1177, 517, 4008, 9219, 17696, 4148, 14124, 13243, 11235, 7561, 8331, 16320, 3591, 11341, 4015, 12028, 14929, 18601, 3528, 14065, 1510, 19191, 13833, 17616, 10869, 17689, 831, 16725, 6319, 15465, 10467, 8162, 13563, 7728, 10778, 13545, 12290, 16480, 14401, 12838, 4212, 17529, 4832, 15111, 12690, 10373, 7596, 18614, 17477, 1043, 13100, 4774, 17479, 3774, 9302, 3901, 13071, 6412, 9516, 1261, 3054, 13522, 17602, 14343, 18500, 10957, 2791, 9624, 3634, 17904, 5709, 14670, 11058, 7087, 7435, 13848, 82, 5565, 2562, 14029, 3583, 1676, 12709, 18473, 3158, 12787, 8068, 8263, 16146, 3593, 1802, 1861, 3348, 4487, 17749, 6105, 10471, 17472, 10200, 1182, 14180, 1076, 10156, 4839, 9903, 4879, 9720, 2157, 15344, 16067, 3064, 17182, 5368, 4987, 18484, 18923, 11896, 1052, 15727, 15289, 5885, 1933, 5251, 17072, 6038, 6195, 13524, 6606, 18506, 17536, 6784, 3231, 14121, 8925, 10030, 803, 13764, 146, 19268, 14099, 4130, 16372, 1537, 12248, 13718, 17187, 11728, 1740, 19233, 5600, 4092, 4779, 6028, 3395, 16152, 19150, 2417, 11980, 11237, 8427, 18127, 3538, 9257, 607, 2078, 18457, 5802, 3435, 15019, 4256, 9221, 13465, 11742, 5788, 9528, 17493, 4607, 3131, 6616, 5356, 1550, 4617, 8827, 849, 2601, 4437, 17861, 10261, 15704, 3890, 8149, 12063, 3086, 15925, 12301, 6847, 5603, 7768, 3187, 13372, 9258, 6584, 7594, 2603, 1835, 17380, 17193, 15251, 15937, 18731, 4082, 14911, 16626, 8824, 16208, 10167, 17711, 9678, 15852, 13620, 16479, 14586, 2446, 4866, 1315, 7746, 10615, 7927, 2443, 7157, 13506, 18410, 10494]",3191,1500,3,False,1500
3190,general praise,general pra,26,True,True,False,"{21: 26, 33: 14, 2: 18, 29: 13, 25: 57, 43: 9, 57: 16, 49: 16, 61: 14, 67: 52, 65: 21, 50: 28, 15: 53, 6: 13, 46: 15, 27: 69, 7: 65, 48: 67, 19: 21, 31: 14, 63: 26, 22: 39, 9: 79, 26: 40, 47: 15, 53: 66, 11: 19, 51: 26, 54: 9, 13: 32, 17: 37, 52: 30, 39: 27, 38: 19, 1: 6, 59: 33, 56: 23, 32: 9, 8: 25, 4: 12, 20: 26, 24: 7, 18: 31, 42: 7, 28: 31, 45: 57, 0: 13, 66: 11, 62: 11, 35: 7, 64: 15, 37: 2, 40: 25, 3: 3, 14: 5, 12: 8, 16: 15, 55: 16, 30: 13, 58: 6, 36: 4, 60: 5, 5: 3, 41: 2, 44: 2, 34: 2}","[12686, 3384, 6034, 14374, 14516, 14680, 18580, 5912, 661, 4433, 14182, 14634, 14672, 13694, 17233, 12320, 12666, 7276, 14925, 15315, 1125, 14820, 3769, 14096, 12401, 14972, 14176, 4685, 4278, 5735, 7514, 16051, 15882, 4696, 17145, 19193, 12994, 9901, 13641, 15193, 6739, 9240, 1608, 14664, 18117, 5676, 15714, 5964, 5329, 16651, 15936, 14441, 15878, 18316, 14255, 18692, 5858, 4640, 10716, 13839, 16635, 2097, 11464, 12427, 2320, 14629, 7617, 16183, 16205, 2170, 4384, 6683, 5285, 18707, 6780, 4231, 2404, 4895, 18091, 2944, 13054, 3904, 3491, 9455, 15985, 10432, 8657, 15304, 9114, 5838, 5197, 17244, 6207, 3970, 17246, 3950, 6168, 8697, 6800, 9942, 11118, 8582, 6355, 15275, 4581, 12724, 11921, 1833, 523, 7619, 15729, 176, 8576, 3101, 1573, 1283, 11796, 11277, 2547, 1738, 6806, 15187, 7129, 5179, 5854, 16373, 9231, 6270, 777, 2062, 13249, 4144, 6325, 3924, 5350, 14414, 3142, 2249, 6444, 13582, 2833, 18030, 6483, 18404, 15057, 7482, 15001, 15872, 14584, 10835, 954, 7257, 1381, 17819, 17518, 6497, 14430, 4901, 16466, 10805, 132, 7506, 755, 14427, 12119, 16613, 19042, 14994, 11257, 8042, 2144, 5966, 1580, 8010, 2550, 10684, 14088, 5037, 8764, 17076, 14185, 15984, 5299, 16601, 19182, 13197, 14561, 12605, 17010, 2703, 6715, 11207, 10188, 212, 2293, 17676, 1720, 5934, 112, 8568, 15870, 3226, 4524, 4431, 5141, 5383, 7609, 12807, 19001, 14368, 6704, 14903, 4172, 117, 18698, 1699, 16558, 7518, 10618, 2110, 10308, 7828, 6623, 17644, 4449, 951, 13858, 15106, 8402, 916, 4771, 8608, 6448, 6656, 13547, 2814, 8336, 8093, 6398, 637, 9909, 10621, 786, 14146, 17292, 9457, 3, 2884, 14785, 10504, 16361, 8181, 17690, 654, 11067, 18741, 386, 18208, 10130, 8079, 7082, 14740, 8076, 18619, 14428, 10992, 12679, 9431, 18328, 13606, 7641, 13542, 1002, 11975, 15646, 19078, 1352, 8683, 16053, 11763, 14823, 7059, 4995, 3754, 6213, 10090, 19084, 1973, 8131, 5353, 836, 13960, 3217, 4885, 9645, 16941, 14750, 13171, 9132, 1355, 4440, 15747, 8233, 6008, 12781, 16749, 13905, 18198, 5033, 2910, 16502, 1233, 965, 16926, 3944, 13518, 18213, 12739, 9972, 14609, 5764, 6128, 9532, 12680, 3672, 5458, 6822, 11547, 3163, 8040, 14081, 8369, 18182, 17541, 11552, 12451, 15074, 1783, 17730, 1690, 16992, 2490, 2459, 18065, 320, 18311, 45, 9495, 4572, 544, 12731, 16811, 15096, 14957, 4594, 16607, 2449, 7791, 13659, 8892, 1713, 17336, 6598, 13832, 10495, 18937, 3067, 3473, 12715, 13492, 14787, 16503, 17899, 16638, 2408, 7141, 10590, 2917, 14650, 12571, 4321, 2855, 1829, 3736, 3381, 11069, 16093, 15201, 14311, 9836, 18289, 16899, 897, 13981, 12223, 8884, 15721, 7778, 13648, 5737, 6550, 19249, 2715, 447, 12941, 8915, 18963, 16291, 760, 5869, 3635, 3439, 6740, 5003, 3174, 2945, 16056, 4860, 11216, 7363, 1147, 12124, 9764, 11245, 4361, 7784, 16285, 17057, 11203, 5114, 17655, 12056, 17890, 7741, 15799, 10258, 16088, 19222, 15303, 1433, 5991, 322, 2322, 3156, 9940, 7814, 17068, 16968, 10018, 1991, 11946, 8705, 10371, 4619, 11074, 2034, 15550, 11743, 18666, 13494, 14175, 13948, 15123, 11154, 10397, 1701, 4770, 839, 12085, 16500, 16241, 1535, 18782, 2221, 539, 18405, 4245, 103, 1571, 16945, 12196, 9441, 1732, 1367, 3596, 4794, 7230, 5245, 17483, 2955, 2003, 11509, 4044, 12934, 3456, 16693, 593, 4582, 14076, 10972, 1965, 7227, 14324, 8658, 3772, 8355, 11889, 1908, 2684, 10026, 1666, 16507, 5589, 9295, 8389, 2099, 18653, 13808, 19147, 6675, 10970, 2788, 19028, 16983, 16166, 9845, 8160, 11381, 10088, 10333, 11716, 14695, 12697, 4365, 3747, 17296, 11904, 74, 7047, 10639, 13094, 940, 10478, 2032, 6642, 14896, 10840, 5430, 5556, 12597, 2183, 18403, 4252, 14613, 18283, 8790, 12140, 13540, 13353, 14114, 13297, 4056, 14038, 11299, 13770, 11433, 14285, 1526, 1955, 15711, 255, 12481, 612, 1635, 4886, 357, 11434, 9524, 13106, 2607, 5391, 9406, 2331, 624, 2749, 17849, 9829, 11436, 18426, 9481, 18550, 15647, 532, 11720, 11824, 15610, 15741, 7902, 13558, 17967, 14539, 17889, 4631, 1238, 16921, 7787, 15293, 3108, 8215, 2851, 4514, 12938, 16730, 17178, 4890, 17960, 4725, 7917, 3191, 8231, 16341, 8195, 10913, 2173, 5557, 2637, 16896, 5806, 1815, 1451, 8864, 2290, 12108, 5328, 6203, 2431, 7508, 17898, 17188, 6897, 1199, 15526, 18437, 6631, 8644, 16917, 14964, 14233, 2454, 584, 4830, 7199, 4180, 14889, 5761, 13756, 6917, 7756, 18880, 15095, 1816, 14070, 16252, 7429, 16589, 1631, 15968, 15221, 12478, 18594, 1477, 5637, 12058, 1205, 13397, 9107, 18654, 1968, 3759, 13147, 14144, 14973, 12452, 18020, 13592, 17920, 13687, 11335, 7207, 418, 7834, 778, 12982, 10688, 9031, 509, 9601, 9780, 17040, 12023, 3916, 91, 6536, 18535, 7547, 15240, 707, 14533, 15064, 17012, 16805, 8637, 5969, 16221, 1940, 13307, 4717, 12615, 18220, 11028, 12170, 1743, 2376, 12415, 14220, 18827, 1294, 18543, 6977, 15309, 11778, 11842, 17103, 3857, 4637, 12162, 19169, 17166, 18237, 17818, 9507, 19022, 5790, 19112, 15611, 1118, 15184, 18703, 1817, 15530, 16579, 8437, 11839, 11378, 3537, 9205, 9217, 16272, 18759, 16828, 12002, 8348, 1723, 3481, 14115, 379, 8544, 264, 6015, 7672, 2253, 7364, 3706, 13796, 17139, 16125, 12059, 9623, 7185, 2418, 18230, 3087, 281, 4379, 1796, 8459, 4400, 17824, 2736, 16446, 13525, 15341, 3275, 7872, 1662, 7557, 4319, 15442, 7181, 10456, 4963, 17048, 16943, 12784, 3441, 5240, 9975, 13216, 17702, 11594, 13554, 6165, 19168, 16070, 3540, 3262, 10661, 4061, 13173, 2875, 17014, 4349, 10818, 8428, 16764, 14232, 8930, 15734, 17680, 7069, 15684, 17050, 18987, 6914, 6863, 19263, 10595, 150, 10039, 2722, 18223, 16444, 6559, 7258, 2661, 7699, 17136, 12773, 4247, 5723, 15194, 1696, 1500, 2807, 9893, 11835, 13240, 18313, 17107, 10265, 10244, 5570, 2862, 14049, 1012, 12861, 723, 9583, 17461, 10056, 1264, 8297, 3716, 14666, 15259, 13531, 543, 13723, 16810, 6700, 3516, 13766, 7186, 10692, 6321, 15484, 14547, 8744, 3703, 10383, 16829, 6366, 6846, 3906, 2021, 18133, 857, 279, 12232, 10212, 10541, 12325, 13475, 1225, 937, 6966, 10881, 16936, 18502, 1440, 11914, 3326, 5633, 14913, 4623, 10743, 12361, 17335, 1072, 5043, 14810, 15077, 3255, 17215, 6553, 17852, 4801, 6962, 3060, 9430, 8799, 13824, 188, 15175, 15163, 4733, 5011, 3536, 17635, 6532, 14071, 6112, 17158, 6597, 11272, 105, 19219, 5013, 12483, 201, 6848, 17033, 6367, 7859, 14702, 18844, 7053, 18694, 15670, 636, 10129, 6378, 5369, 7273, 16247, 9142, 15345, 16817, 14854, 2600, 15783, 889, 11833, 6612, 2068, 2427, 7062, 7918, 16181, 5464, 8339, 8950, 8453, 16423, 6064, 2380, 4268, 13929, 12974, 19141, 1299, 2484, 3883, 3273, 8772, 13256, 11239, 5766, 18098, 12705, 11004, 2695, 10048, 10960, 2766, 15661, 13258, 8015, 6032, 16397, 7749, 19039, 7634, 15076, 4234, 15114, 8475, 8091, 19220, 18004, 9704, 13918, 15569, 16443, 10015, 9943, 7817, 9349, 2588, 8249, 398, 5316, 15538, 18372, 13559, 2937, 2803, 16248, 6155, 630, 9911, 13190, 19157, 15788, 13248, 13148, 1320, 12074, 8471, 8798, 3213, 12418, 814, 2402, 12718, 12397, 10564, 9875, 10128, 6947, 9491, 17707, 3266, 19196, 14309, 18523, 19043, 17975, 18063, 11618, 15016, 14434, 7680, 1739, 18029, 11694, 1745, 9271, 5189, 9561, 11283, 14978, 10753, 16017, 12914, 978, 2828, 17257, 13135, 5061, 121, 6602, 16015, 19271, 12159, 1244, 8260, 13195, 15873, 12815, 14291, 14515, 118, 4892, 14985, 9551, 12654, 4739, 927, 12176, 9523, 11726, 18187, 5880, 2569, 3386, 13942, 3390, 15774, 129, 65, 12922, 8422, 12692, 16213, 11515, 2111, 8347, 10758, 14064, 4401, 17782, 15621, 6709, 14716, 4091, 13964, 8424, 4218, 7249, 11311, 11171, 18564, 14755, 7114, 14009, 14815, 294, 495, 7684, 6833, 4046, 3505, 16995, 17858, 7761, 15803, 9840, 13958, 8226, 10369, 12497, 17142, 1748, 2854, 7159, 11539, 11055, 13337, 17173, 14214, 6803, 11144, 12649, 283, 15489, 13174, 7015, 610, 7030, 18206, 14077, 15468, 14962, 8046, 7809, 17387, 16034, 16678, 1173, 3502, 12942, 15655, 16859, 7099, 1673, 446, 1365, 5881, 3713, 11697, 1897, 16001, 1702, 14149, 11876, 9341, 4325, 6923, 2001, 138, 3276, 18716, 17604, 10501, 115, 12800, 6111, 11148, 4549, 16057, 4707, 6843, 16091, 4295, 7519, 13708, 12409, 11018, 5052, 13566, 14715, 12755, 793, 10837, 1888, 12375, 3935, 5763, 11791, 11258, 13264, 11469, 4683, 8905, 1853, 11600, 4421, 2798, 5074, 18141, 13807, 8595, 8126, 13837, 8060, 6956, 11767, 14560, 9389, 15261, 1232, 12560, 7262, 11504, 3546, 4627, 1177, 517, 4008, 9219, 17696, 4148, 14124, 13243, 11235, 7561, 8331, 16320, 3591, 11341, 4015, 12028, 14929, 18601, 3528, 14065, 1510, 19191, 13833, 17616, 10869, 17689, 831, 16725, 6319, 15465, 10467, 8162, 13563, 7728, 10778, 13545, 12290, 16480, 14401, 12838, 4212, 17529, 4832, 15111, 12690, 10373, 7596, 18614, 17477, 1043, 13100, 4774, 17479, 3774, 9302, 3901, 13071, 6412, 9516, 1261, 3054, 13522, 17602, 14343, 18500, 10957, 2791, 9624, 3634, 17904, 5709, 14670, 11058, 7087, 7435, 13848, 82, 5565, 2562, 14029, 3583, 1676, 12709, 18473, 3158, 12787, 8068, 8263, 16146, 3593, 1802, 1861, 3348, 4487, 17749, 6105, 10471, 17472, 10200, 1182, 14180, 1076, 10156, 4839, 9903, 4879, 9720, 2157, 15344, 16067, 3064, 17182, 5368, 4987, 18484, 18923, 11896, 1052, 15727, 15289, 5885, 1933, 5251, 17072, 6038, 6195, 13524, 6606, 18506, 17536, 6784, 3231, 14121, 8925, 10030, 803, 13764, 146, 19268, 14099, 4130, 16372, 1537, 12248, 13718, 17187, 11728, 1740, 19233, 5600, 4092, 4779, 6028, 3395, 16152, 19150, 2417, 11980, 11237, 8427, 18127, 3538, 9257, 607, 2078, 18457, 5802, 3435, 15019, 4256, 9221, 13465, 11742, 5788, 9528, 17493, 4607, 3131, 6616, 5356, 1550, 4617, 8827, 849, 2601, 4437, 17861, 10261, 15704, 3890, 8149, 12063, 3086, 15925, 12301, 6847, 5603, 7768, 3187, 13372, 9258, 6584, 7594, 2603, 1835, 17380, 17193, 15251, 15937, 18731, 4082, 14911, 16626, 8824, 16208, 10167, 17711, 9678, 15852, 13620, 16479, 14586, 2446, 4866, 1315, 7746, 10615, 7927, 2443, 7157, 13506, 18410, 10494]",3190,1500,3,False,1500
396,calendar query,calendar query,7,True,True,True,"{21: 26, 33: 14, 2: 18, 29: 13, 25: 57, 43: 9, 57: 16, 49: 16, 61: 14, 67: 52, 65: 21, 50: 28, 15: 53, 6: 13, 46: 15, 27: 69, 7: 65, 48: 67, 19: 21, 31: 14, 63: 26, 22: 39, 9: 79, 26: 40, 47: 15, 53: 66, 11: 19, 51: 26, 54: 9, 13: 32, 17: 37, 52: 30, 39: 27, 38: 19, 1: 6, 59: 33, 56: 23, 32: 9, 8: 25, 4: 12, 20: 26, 24: 7, 18: 31, 42: 7, 28: 31, 45: 57, 0: 13, 66: 11, 62: 11, 35: 7, 64: 15, 37: 2, 40: 25, 3: 3, 14: 5, 12: 8, 16: 15, 55: 16, 30: 13, 58: 6, 36: 4, 60: 5, 5: 3, 41: 2, 44: 2, 34: 2}","[12686, 3384, 6034, 14374, 14516, 14680, 18580, 5912, 661, 4433, 14182, 14634, 14672, 13694, 17233, 12320, 12666, 7276, 14925, 15315, 1125, 14820, 3769, 14096, 12401, 14972, 14176, 4685, 4278, 5735, 7514, 16051, 15882, 4696, 17145, 19193, 12994, 9901, 13641, 15193, 6739, 9240, 1608, 14664, 18117, 5676, 15714, 5964, 5329, 16651, 15936, 14441, 15878, 18316, 14255, 18692, 5858, 4640, 10716, 13839, 16635, 2097, 11464, 12427, 2320, 14629, 7617, 16183, 16205, 2170, 4384, 6683, 5285, 18707, 6780, 4231, 2404, 4895, 18091, 2944, 13054, 3904, 3491, 9455, 15985, 10432, 8657, 15304, 9114, 5838, 5197, 17244, 6207, 3970, 17246, 3950, 6168, 8697, 6800, 9942, 11118, 8582, 6355, 15275, 4581, 12724, 11921, 1833, 523, 7619, 15729, 176, 8576, 3101, 1573, 1283, 11796, 11277, 2547, 1738, 6806, 15187, 7129, 5179, 5854, 16373, 9231, 6270, 777, 2062, 13249, 4144, 6325, 3924, 5350, 14414, 3142, 2249, 6444, 13582, 2833, 18030, 6483, 18404, 15057, 7482, 15001, 15872, 14584, 10835, 954, 7257, 1381, 17819, 17518, 6497, 14430, 4901, 16466, 10805, 132, 7506, 755, 14427, 12119, 16613, 19042, 14994, 11257, 8042, 2144, 5966, 1580, 8010, 2550, 10684, 14088, 5037, 8764, 17076, 14185, 15984, 5299, 16601, 19182, 13197, 14561, 12605, 17010, 2703, 6715, 11207, 10188, 212, 2293, 17676, 1720, 5934, 112, 8568, 15870, 3226, 4524, 4431, 5141, 5383, 7609, 12807, 19001, 14368, 6704, 14903, 4172, 117, 18698, 1699, 16558, 7518, 10618, 2110, 10308, 7828, 6623, 17644, 4449, 951, 13858, 15106, 8402, 916, 4771, 8608, 6448, 6656, 13547, 2814, 8336, 8093, 6398, 637, 9909, 10621, 786, 14146, 17292, 9457, 3, 2884, 14785, 10504, 16361, 8181, 17690, 654, 11067, 18741, 386, 18208, 10130, 8079, 7082, 14740, 8076, 18619, 14428, 10992, 12679, 9431, 18328, 13606, 7641, 13542, 1002, 11975, 15646, 19078, 1352, 8683, 16053, 11763, 14823, 7059, 4995, 3754, 6213, 10090, 19084, 1973, 8131, 5353, 836, 13960, 3217, 4885, 9645, 16941, 14750, 13171, 9132, 1355, 4440, 15747, 8233, 6008, 12781, 16749, 13905, 18198, 5033, 2910, 16502, 1233, 965, 16926, 3944, 13518, 18213, 12739, 9972, 14609, 5764, 6128, 9532, 12680, 3672, 5458, 6822, 11547, 3163, 8040, 14081, 8369, 18182, 17541, 11552, 12451, 15074, 1783, 17730, 1690, 16992, 2490, 2459, 18065, 320, 18311, 45, 9495, 4572, 544, 12731, 16811, 15096, 14957, 4594, 16607, 2449, 7791, 13659, 8892, 1713, 17336, 6598, 13832, 10495, 18937, 3067, 3473, 12715, 13492, 14787, 16503, 17899, 16638, 2408, 7141, 10590, 2917, 14650, 12571, 4321, 2855, 1829, 3736, 3381, 11069, 16093, 15201, 14311, 9836, 18289, 16899, 897, 13981, 12223, 8884, 15721, 7778, 13648, 5737, 6550, 19249, 2715, 447, 12941, 8915, 18963, 16291, 760, 5869, 3635, 3439, 6740, 5003, 3174, 2945, 16056, 4860, 11216, 7363, 1147, 12124, 9764, 11245, 4361, 7784, 16285, 17057, 11203, 5114, 17655, 12056, 17890, 7741, 15799, 10258, 16088, 19222, 15303, 1433, 5991, 322, 2322, 3156, 9940, 7814, 17068, 16968, 10018, 1991, 11946, 8705, 10371, 4619, 11074, 2034, 15550, 11743, 18666, 13494, 14175, 13948, 15123, 11154, 10397, 1701, 4770, 839, 12085, 16500, 16241, 1535, 18782, 2221, 539, 18405, 4245, 103, 1571, 16945, 12196, 9441, 1732, 1367, 3596, 4794, 7230, 5245, 17483, 2955, 2003, 11509, 4044, 12934, 3456, 16693, 593, 4582, 14076, 10972, 1965, 7227, 14324, 8658, 3772, 8355, 11889, 1908, 2684, 10026, 1666, 16507, 5589, 9295, 8389, 2099, 18653, 13808, 19147, 6675, 10970, 2788, 19028, 16983, 16166, 9845, 8160, 11381, 10088, 10333, 11716, 14695, 12697, 4365, 3747, 17296, 11904, 74, 7047, 10639, 13094, 940, 10478, 2032, 6642, 14896, 10840, 5430, 5556, 12597, 2183, 18403, 4252, 14613, 18283, 8790, 12140, 13540, 13353, 14114, 13297, 4056, 14038, 11299, 13770, 11433, 14285, 1526, 1955, 15711, 255, 12481, 612, 1635, 4886, 357, 11434, 9524, 13106, 2607, 5391, 9406, 2331, 624, 2749, 17849, 9829, 11436, 18426, 9481, 18550, 15647, 532, 11720, 11824, 15610, 15741, 7902, 13558, 17967, 14539, 17889, 4631, 1238, 16921, 7787, 15293, 3108, 8215, 2851, 4514, 12938, 16730, 17178, 4890, 17960, 4725, 7917, 3191, 8231, 16341, 8195, 10913, 2173, 5557, 2637, 16896, 5806, 1815, 1451, 8864, 2290, 12108, 5328, 6203, 2431, 7508, 17898, 17188, 6897, 1199, 15526, 18437, 6631, 8644, 16917, 14964, 14233, 2454, 584, 4830, 7199, 4180, 14889, 5761, 13756, 6917, 7756, 18880, 15095, 1816, 14070, 16252, 7429, 16589, 1631, 15968, 15221, 12478, 18594, 1477, 5637, 12058, 1205, 13397, 9107, 18654, 1968, 3759, 13147, 14144, 14973, 12452, 18020, 13592, 17920, 13687, 11335, 7207, 418, 7834, 778, 12982, 10688, 9031, 509, 9601, 9780, 17040, 12023, 3916, 91, 6536, 18535, 7547, 15240, 707, 14533, 15064, 17012, 16805, 8637, 5969, 16221, 1940, 13307, 4717, 12615, 18220, 11028, 12170, 1743, 2376, 12415, 14220, 18827, 1294, 18543, 6977, 15309, 11778, 11842, 17103, 3857, 4637, 12162, 19169, 17166, 18237, 17818, 9507, 19022, 5790, 19112, 15611, 1118, 15184, 18703, 1817, 15530, 16579, 8437, 11839, 11378, 3537, 9205, 9217, 16272, 18759, 16828, 12002, 8348, 1723, 3481, 14115, 379, 8544, 264, 6015, 7672, 2253, 7364, 3706, 13796, 17139, 16125, 12059, 9623, 7185, 2418, 18230, 3087, 281, 4379, 1796, 8459, 4400, 17824, 2736, 16446, 13525, 15341, 3275, 7872, 1662, 7557, 4319, 15442, 7181, 10456, 4963, 17048, 16943, 12784, 3441, 5240, 9975, 13216, 17702, 11594, 13554, 6165, 19168, 16070, 3540, 3262, 10661, 4061, 13173, 2875, 17014, 4349, 10818, 8428, 16764, 14232, 8930, 15734, 17680, 7069, 15684, 17050, 18987, 6914, 6863, 19263, 10595, 150, 10039, 2722, 18223, 16444, 6559, 7258, 2661, 7699, 17136, 12773, 4247, 5723, 15194, 1696, 1500, 2807, 9893, 11835, 13240, 18313, 17107, 10265, 10244, 5570, 2862, 14049, 1012, 12861, 723, 9583, 17461, 10056, 1264, 8297, 3716, 14666, 15259, 13531, 543, 13723, 16810, 6700, 3516, 13766, 7186, 10692, 6321, 15484, 14547, 8744, 3703, 10383, 16829, 6366, 6846, 3906, 2021, 18133, 857, 279, 12232, 10212, 10541, 12325, 13475, 1225, 937, 6966, 10881, 16936, 18502, 1440, 11914, 3326, 5633, 14913, 4623, 10743, 12361, 17335, 1072, 5043, 14810, 15077, 3255, 17215, 6553, 17852, 4801, 6962, 3060, 9430, 8799, 13824, 188, 15175, 15163, 4733, 5011, 3536, 17635, 6532, 14071, 6112, 17158, 6597, 11272, 105, 19219, 5013, 12483, 201, 6848, 17033, 6367, 7859, 14702, 18844, 7053, 18694, 15670, 636, 10129, 6378, 5369, 7273, 16247, 9142, 15345, 16817, 14854, 2600, 15783, 889, 11833, 6612, 2068, 2427, 7062, 7918, 16181, 5464, 8339, 8950, 8453, 16423, 6064, 2380, 4268, 13929, 12974, 19141, 1299, 2484, 3883, 3273, 8772, 13256, 11239, 5766, 18098, 12705, 11004, 2695, 10048, 10960, 2766, 15661, 13258, 8015, 6032, 16397, 7749, 19039, 7634, 15076, 4234, 15114, 8475, 8091, 19220, 18004, 9704, 13918, 15569, 16443, 10015, 9943, 7817, 9349, 2588, 8249, 398, 5316, 15538, 18372, 13559, 2937, 2803, 16248, 6155, 630, 9911, 13190, 19157, 15788, 13248, 13148, 1320, 12074, 8471, 8798, 3213, 12418, 814, 2402, 12718, 12397, 10564, 9875, 10128, 6947, 9491, 17707, 3266, 19196, 14309, 18523, 19043, 17975, 18063, 11618, 15016, 14434, 7680, 1739, 18029, 11694, 1745, 9271, 5189, 9561, 11283, 14978, 10753, 16017, 12914, 978, 2828, 17257, 13135, 5061, 121, 6602, 16015, 19271, 12159, 1244, 8260, 13195, 15873, 12815, 14291, 14515, 118, 4892, 14985, 9551, 12654, 4739, 927, 12176, 9523, 11726, 18187, 5880, 2569, 3386, 13942, 3390, 15774, 129, 65, 12922, 8422, 12692, 16213, 11515, 2111, 8347, 10758, 14064, 4401, 17782, 15621, 6709, 14716, 4091, 13964, 8424, 4218, 7249, 11311, 11171, 18564, 14755, 7114, 14009, 14815, 294, 495, 7684, 6833, 4046, 3505, 16995, 17858, 7761, 15803, 9840, 13958, 8226, 10369, 12497, 17142, 1748, 2854, 7159, 11539, 11055, 13337, 17173, 14214, 6803, 11144, 12649, 283, 15489, 13174, 7015, 610, 7030, 18206, 14077, 15468, 14962, 8046, 7809, 17387, 16034, 16678, 1173, 3502, 12942, 15655, 16859, 7099, 1673, 446, 1365, 5881, 3713, 11697, 1897, 16001, 1702, 14149, 11876, 9341, 4325, 6923, 2001, 138, 3276, 18716, 17604, 10501, 115, 12800, 6111, 11148, 4549, 16057, 4707, 6843, 16091, 4295, 7519, 13708, 12409, 11018, 5052, 13566, 14715, 12755, 793, 10837, 1888, 12375, 3935, 5763, 11791, 11258, 13264, 11469, 4683, 8905, 1853, 11600, 4421, 2798, 5074, 18141, 13807, 8595, 8126, 13837, 8060, 6956, 11767, 14560, 9389, 15261, 1232, 12560, 7262, 11504, 3546, 4627, 1177, 517, 4008, 9219, 17696, 4148, 14124, 13243, 11235, 7561, 8331, 16320, 3591, 11341, 4015, 12028, 14929, 18601, 3528, 14065, 1510, 19191, 13833, 17616, 10869, 17689, 831, 16725, 6319, 15465, 10467, 8162, 13563, 7728, 10778, 13545, 12290, 16480, 14401, 12838, 4212, 17529, 4832, 15111, 12690, 10373, 7596, 18614, 17477, 1043, 13100, 4774, 17479, 3774, 9302, 3901, 13071, 6412, 9516, 1261, 3054, 13522, 17602, 14343, 18500, 10957, 2791, 9624, 3634, 17904, 5709, 14670, 11058, 7087, 7435, 13848, 82, 5565, 2562, 14029, 3583, 1676, 12709, 18473, 3158, 12787, 8068, 8263, 16146, 3593, 1802, 1861, 3348, 4487, 17749, 6105, 10471, 17472, 10200, 1182, 14180, 1076, 10156, 4839, 9903, 4879, 9720, 2157, 15344, 16067, 3064, 17182, 5368, 4987, 18484, 18923, 11896, 1052, 15727, 15289, 5885, 1933, 5251, 17072, 6038, 6195, 13524, 6606, 18506, 17536, 6784, 3231, 14121, 8925, 10030, 803, 13764, 146, 19268, 14099, 4130, 16372, 1537, 12248, 13718, 17187, 11728, 1740, 19233, 5600, 4092, 4779, 6028, 3395, 16152, 19150, 2417, 11980, 11237, 8427, 18127, 3538, 9257, 607, 2078, 18457, 5802, 3435, 15019, 4256, 9221, 13465, 11742, 5788, 9528, 17493, 4607, 3131, 6616, 5356, 1550, 4617, 8827, 849, 2601, 4437, 17861, 10261, 15704, 3890, 8149, 12063, 3086, 15925, 12301, 6847, 5603, 7768, 3187, 13372, 9258, 6584, 7594, 2603, 1835, 17380, 17193, 15251, 15937, 18731, 4082, 14911, 16626, 8824, 16208, 10167, 17711, 9678, 15852, 13620, 16479, 14586, 2446, 4866, 1315, 7746, 10615, 7927, 2443, 7157, 13506, 18410, 10494]",396,1500,3,False,1500
1421,news query,news,45,True,True,False,"{21: 26, 33: 14, 2: 18, 29: 13, 25: 57, 43: 9, 57: 16, 49: 16, 61: 14, 67: 52, 65: 21, 50: 28, 15: 53, 6: 13, 46: 15, 27: 69, 7: 65, 48: 67, 19: 21, 31: 14, 63: 26, 22: 39, 9: 79, 26: 40, 47: 15, 53: 66, 11: 19, 51: 26, 54: 9, 13: 32, 17: 37, 52: 30, 39: 27, 38: 19, 1: 6, 59: 33, 56: 23, 32: 9, 8: 25, 4: 12, 20: 26, 24: 7, 18: 31, 42: 7, 28: 31, 45: 57, 0: 13, 66: 11, 62: 11, 35: 7, 64: 15, 37: 2, 40: 25, 3: 3, 14: 5, 12: 8, 16: 15, 55: 16, 30: 13, 58: 6, 36: 4, 60: 5, 5: 3, 41: 2, 44: 2, 34: 2}","[12686, 3384, 6034, 14374, 14516, 14680, 18580, 5912, 661, 4433, 14182, 14634, 14672, 13694, 17233, 12320, 12666, 7276, 14925, 15315, 1125, 14820, 3769, 14096, 12401, 14972, 14176, 4685, 4278, 5735, 7514, 16051, 15882, 4696, 17145, 19193, 12994, 9901, 13641, 15193, 6739, 9240, 1608, 14664, 18117, 5676, 15714, 5964, 5329, 16651, 15936, 14441, 15878, 18316, 14255, 18692, 5858, 4640, 10716, 13839, 16635, 2097, 11464, 12427, 2320, 14629, 7617, 16183, 16205, 2170, 4384, 6683, 5285, 18707, 6780, 4231, 2404, 4895, 18091, 2944, 13054, 3904, 3491, 9455, 15985, 10432, 8657, 15304, 9114, 5838, 5197, 17244, 6207, 3970, 17246, 3950, 6168, 8697, 6800, 9942, 11118, 8582, 6355, 15275, 4581, 12724, 11921, 1833, 523, 7619, 15729, 176, 8576, 3101, 1573, 1283, 11796, 11277, 2547, 1738, 6806, 15187, 7129, 5179, 5854, 16373, 9231, 6270, 777, 2062, 13249, 4144, 6325, 3924, 5350, 14414, 3142, 2249, 6444, 13582, 2833, 18030, 6483, 18404, 15057, 7482, 15001, 15872, 14584, 10835, 954, 7257, 1381, 17819, 17518, 6497, 14430, 4901, 16466, 10805, 132, 7506, 755, 14427, 12119, 16613, 19042, 14994, 11257, 8042, 2144, 5966, 1580, 8010, 2550, 10684, 14088, 5037, 8764, 17076, 14185, 15984, 5299, 16601, 19182, 13197, 14561, 12605, 17010, 2703, 6715, 11207, 10188, 212, 2293, 17676, 1720, 5934, 112, 8568, 15870, 3226, 4524, 4431, 5141, 5383, 7609, 12807, 19001, 14368, 6704, 14903, 4172, 117, 18698, 1699, 16558, 7518, 10618, 2110, 10308, 7828, 6623, 17644, 4449, 951, 13858, 15106, 8402, 916, 4771, 8608, 6448, 6656, 13547, 2814, 8336, 8093, 6398, 637, 9909, 10621, 786, 14146, 17292, 9457, 3, 2884, 14785, 10504, 16361, 8181, 17690, 654, 11067, 18741, 386, 18208, 10130, 8079, 7082, 14740, 8076, 18619, 14428, 10992, 12679, 9431, 18328, 13606, 7641, 13542, 1002, 11975, 15646, 19078, 1352, 8683, 16053, 11763, 14823, 7059, 4995, 3754, 6213, 10090, 19084, 1973, 8131, 5353, 836, 13960, 3217, 4885, 9645, 16941, 14750, 13171, 9132, 1355, 4440, 15747, 8233, 6008, 12781, 16749, 13905, 18198, 5033, 2910, 16502, 1233, 965, 16926, 3944, 13518, 18213, 12739, 9972, 14609, 5764, 6128, 9532, 12680, 3672, 5458, 6822, 11547, 3163, 8040, 14081, 8369, 18182, 17541, 11552, 12451, 15074, 1783, 17730, 1690, 16992, 2490, 2459, 18065, 320, 18311, 45, 9495, 4572, 544, 12731, 16811, 15096, 14957, 4594, 16607, 2449, 7791, 13659, 8892, 1713, 17336, 6598, 13832, 10495, 18937, 3067, 3473, 12715, 13492, 14787, 16503, 17899, 16638, 2408, 7141, 10590, 2917, 14650, 12571, 4321, 2855, 1829, 3736, 3381, 11069, 16093, 15201, 14311, 9836, 18289, 16899, 897, 13981, 12223, 8884, 15721, 7778, 13648, 5737, 6550, 19249, 2715, 447, 12941, 8915, 18963, 16291, 760, 5869, 3635, 3439, 6740, 5003, 3174, 2945, 16056, 4860, 11216, 7363, 1147, 12124, 9764, 11245, 4361, 7784, 16285, 17057, 11203, 5114, 17655, 12056, 17890, 7741, 15799, 10258, 16088, 19222, 15303, 1433, 5991, 322, 2322, 3156, 9940, 7814, 17068, 16968, 10018, 1991, 11946, 8705, 10371, 4619, 11074, 2034, 15550, 11743, 18666, 13494, 14175, 13948, 15123, 11154, 10397, 1701, 4770, 839, 12085, 16500, 16241, 1535, 18782, 2221, 539, 18405, 4245, 103, 1571, 16945, 12196, 9441, 1732, 1367, 3596, 4794, 7230, 5245, 17483, 2955, 2003, 11509, 4044, 12934, 3456, 16693, 593, 4582, 14076, 10972, 1965, 7227, 14324, 8658, 3772, 8355, 11889, 1908, 2684, 10026, 1666, 16507, 5589, 9295, 8389, 2099, 18653, 13808, 19147, 6675, 10970, 2788, 19028, 16983, 16166, 9845, 8160, 11381, 10088, 10333, 11716, 14695, 12697, 4365, 3747, 17296, 11904, 74, 7047, 10639, 13094, 940, 10478, 2032, 6642, 14896, 10840, 5430, 5556, 12597, 2183, 18403, 4252, 14613, 18283, 8790, 12140, 13540, 13353, 14114, 13297, 4056, 14038, 11299, 13770, 11433, 14285, 1526, 1955, 15711, 255, 12481, 612, 1635, 4886, 357, 11434, 9524, 13106, 2607, 5391, 9406, 2331, 624, 2749, 17849, 9829, 11436, 18426, 9481, 18550, 15647, 532, 11720, 11824, 15610, 15741, 7902, 13558, 17967, 14539, 17889, 4631, 1238, 16921, 7787, 15293, 3108, 8215, 2851, 4514, 12938, 16730, 17178, 4890, 17960, 4725, 7917, 3191, 8231, 16341, 8195, 10913, 2173, 5557, 2637, 16896, 5806, 1815, 1451, 8864, 2290, 12108, 5328, 6203, 2431, 7508, 17898, 17188, 6897, 1199, 15526, 18437, 6631, 8644, 16917, 14964, 14233, 2454, 584, 4830, 7199, 4180, 14889, 5761, 13756, 6917, 7756, 18880, 15095, 1816, 14070, 16252, 7429, 16589, 1631, 15968, 15221, 12478, 18594, 1477, 5637, 12058, 1205, 13397, 9107, 18654, 1968, 3759, 13147, 14144, 14973, 12452, 18020, 13592, 17920, 13687, 11335, 7207, 418, 7834, 778, 12982, 10688, 9031, 509, 9601, 9780, 17040, 12023, 3916, 91, 6536, 18535, 7547, 15240, 707, 14533, 15064, 17012, 16805, 8637, 5969, 16221, 1940, 13307, 4717, 12615, 18220, 11028, 12170, 1743, 2376, 12415, 14220, 18827, 1294, 18543, 6977, 15309, 11778, 11842, 17103, 3857, 4637, 12162, 19169, 17166, 18237, 17818, 9507, 19022, 5790, 19112, 15611, 1118, 15184, 18703, 1817, 15530, 16579, 8437, 11839, 11378, 3537, 9205, 9217, 16272, 18759, 16828, 12002, 8348, 1723, 3481, 14115, 379, 8544, 264, 6015, 7672, 2253, 7364, 3706, 13796, 17139, 16125, 12059, 9623, 7185, 2418, 18230, 3087, 281, 4379, 1796, 8459, 4400, 17824, 2736, 16446, 13525, 15341, 3275, 7872, 1662, 7557, 4319, 15442, 7181, 10456, 4963, 17048, 16943, 12784, 3441, 5240, 9975, 13216, 17702, 11594, 13554, 6165, 19168, 16070, 3540, 3262, 10661, 4061, 13173, 2875, 17014, 4349, 10818, 8428, 16764, 14232, 8930, 15734, 17680, 7069, 15684, 17050, 18987, 6914, 6863, 19263, 10595, 150, 10039, 2722, 18223, 16444, 6559, 7258, 2661, 7699, 17136, 12773, 4247, 5723, 15194, 1696, 1500, 2807, 9893, 11835, 13240, 18313, 17107, 10265, 10244, 5570, 2862, 14049, 1012, 12861, 723, 9583, 17461, 10056, 1264, 8297, 3716, 14666, 15259, 13531, 543, 13723, 16810, 6700, 3516, 13766, 7186, 10692, 6321, 15484, 14547, 8744, 3703, 10383, 16829, 6366, 6846, 3906, 2021, 18133, 857, 279, 12232, 10212, 10541, 12325, 13475, 1225, 937, 6966, 10881, 16936, 18502, 1440, 11914, 3326, 5633, 14913, 4623, 10743, 12361, 17335, 1072, 5043, 14810, 15077, 3255, 17215, 6553, 17852, 4801, 6962, 3060, 9430, 8799, 13824, 188, 15175, 15163, 4733, 5011, 3536, 17635, 6532, 14071, 6112, 17158, 6597, 11272, 105, 19219, 5013, 12483, 201, 6848, 17033, 6367, 7859, 14702, 18844, 7053, 18694, 15670, 636, 10129, 6378, 5369, 7273, 16247, 9142, 15345, 16817, 14854, 2600, 15783, 889, 11833, 6612, 2068, 2427, 7062, 7918, 16181, 5464, 8339, 8950, 8453, 16423, 6064, 2380, 4268, 13929, 12974, 19141, 1299, 2484, 3883, 3273, 8772, 13256, 11239, 5766, 18098, 12705, 11004, 2695, 10048, 10960, 2766, 15661, 13258, 8015, 6032, 16397, 7749, 19039, 7634, 15076, 4234, 15114, 8475, 8091, 19220, 18004, 9704, 13918, 15569, 16443, 10015, 9943, 7817, 9349, 2588, 8249, 398, 5316, 15538, 18372, 13559, 2937, 2803, 16248, 6155, 630, 9911, 13190, 19157, 15788, 13248, 13148, 1320, 12074, 8471, 8798, 3213, 12418, 814, 2402, 12718, 12397, 10564, 9875, 10128, 6947, 9491, 17707, 3266, 19196, 14309, 18523, 19043, 17975, 18063, 11618, 15016, 14434, 7680, 1739, 18029, 11694, 1745, 9271, 5189, 9561, 11283, 14978, 10753, 16017, 12914, 978, 2828, 17257, 13135, 5061, 121, 6602, 16015, 19271, 12159, 1244, 8260, 13195, 15873, 12815, 14291, 14515, 118, 4892, 14985, 9551, 12654, 4739, 927, 12176, 9523, 11726, 18187, 5880, 2569, 3386, 13942, 3390, 15774, 129, 65, 12922, 8422, 12692, 16213, 11515, 2111, 8347, 10758, 14064, 4401, 17782, 15621, 6709, 14716, 4091, 13964, 8424, 4218, 7249, 11311, 11171, 18564, 14755, 7114, 14009, 14815, 294, 495, 7684, 6833, 4046, 3505, 16995, 17858, 7761, 15803, 9840, 13958, 8226, 10369, 12497, 17142, 1748, 2854, 7159, 11539, 11055, 13337, 17173, 14214, 6803, 11144, 12649, 283, 15489, 13174, 7015, 610, 7030, 18206, 14077, 15468, 14962, 8046, 7809, 17387, 16034, 16678, 1173, 3502, 12942, 15655, 16859, 7099, 1673, 446, 1365, 5881, 3713, 11697, 1897, 16001, 1702, 14149, 11876, 9341, 4325, 6923, 2001, 138, 3276, 18716, 17604, 10501, 115, 12800, 6111, 11148, 4549, 16057, 4707, 6843, 16091, 4295, 7519, 13708, 12409, 11018, 5052, 13566, 14715, 12755, 793, 10837, 1888, 12375, 3935, 5763, 11791, 11258, 13264, 11469, 4683, 8905, 1853, 11600, 4421, 2798, 5074, 18141, 13807, 8595, 8126, 13837, 8060, 6956, 11767, 14560, 9389, 15261, 1232, 12560, 7262, 11504, 3546, 4627, 1177, 517, 4008, 9219, 17696, 4148, 14124, 13243, 11235, 7561, 8331, 16320, 3591, 11341, 4015, 12028, 14929, 18601, 3528, 14065, 1510, 19191, 13833, 17616, 10869, 17689, 831, 16725, 6319, 15465, 10467, 8162, 13563, 7728, 10778, 13545, 12290, 16480, 14401, 12838, 4212, 17529, 4832, 15111, 12690, 10373, 7596, 18614, 17477, 1043, 13100, 4774, 17479, 3774, 9302, 3901, 13071, 6412, 9516, 1261, 3054, 13522, 17602, 14343, 18500, 10957, 2791, 9624, 3634, 17904, 5709, 14670, 11058, 7087, 7435, 13848, 82, 5565, 2562, 14029, 3583, 1676, 12709, 18473, 3158, 12787, 8068, 8263, 16146, 3593, 1802, 1861, 3348, 4487, 17749, 6105, 10471, 17472, 10200, 1182, 14180, 1076, 10156, 4839, 9903, 4879, 9720, 2157, 15344, 16067, 3064, 17182, 5368, 4987, 18484, 18923, 11896, 1052, 15727, 15289, 5885, 1933, 5251, 17072, 6038, 6195, 13524, 6606, 18506, 17536, 6784, 3231, 14121, 8925, 10030, 803, 13764, 146, 19268, 14099, 4130, 16372, 1537, 12248, 13718, 17187, 11728, 1740, 19233, 5600, 4092, 4779, 6028, 3395, 16152, 19150, 2417, 11980, 11237, 8427, 18127, 3538, 9257, 607, 2078, 18457, 5802, 3435, 15019, 4256, 9221, 13465, 11742, 5788, 9528, 17493, 4607, 3131, 6616, 5356, 1550, 4617, 8827, 849, 2601, 4437, 17861, 10261, 15704, 3890, 8149, 12063, 3086, 15925, 12301, 6847, 5603, 7768, 3187, 13372, 9258, 6584, 7594, 2603, 1835, 17380, 17193, 15251, 15937, 18731, 4082, 14911, 16626, 8824, 16208, 10167, 17711, 9678, 15852, 13620, 16479, 14586, 2446, 4866, 1315, 7746, 10615, 7927, 2443, 7157, 13506, 18410, 10494]",1421,1500,3,False,1500
4890,general repeat,general repeat,28,True,True,True,"{21: 26, 33: 14, 2: 18, 29: 13, 25: 57, 43: 9, 57: 16, 49: 16, 61: 14, 67: 52, 65: 21, 50: 28, 15: 53, 6: 13, 46: 15, 27: 69, 7: 65, 48: 67, 19: 21, 31: 14, 63: 26, 22: 39, 9: 79, 26: 40, 47: 15, 53: 66, 11: 19, 51: 26, 54: 9, 13: 32, 17: 37, 52: 30, 39: 27, 38: 19, 1: 6, 59: 33, 56: 23, 32: 9, 8: 25, 4: 12, 20: 26, 24: 7, 18: 31, 42: 7, 28: 31, 45: 57, 0: 13, 66: 11, 62: 11, 35: 7, 64: 15, 37: 2, 40: 25, 3: 3, 14: 5, 12: 8, 16: 15, 55: 16, 30: 13, 58: 6, 36: 4, 60: 5, 5: 3, 41: 2, 44: 2, 34: 2}","[12686, 3384, 6034, 14374, 14516, 14680, 18580, 5912, 661, 4433, 14182, 14634, 14672, 13694, 17233, 12320, 12666, 7276, 14925, 15315, 1125, 14820, 3769, 14096, 12401, 14972, 14176, 4685, 4278, 5735, 7514, 16051, 15882, 4696, 17145, 19193, 12994, 9901, 13641, 15193, 6739, 9240, 1608, 14664, 18117, 5676, 15714, 5964, 5329, 16651, 15936, 14441, 15878, 18316, 14255, 18692, 5858, 4640, 10716, 13839, 16635, 2097, 11464, 12427, 2320, 14629, 7617, 16183, 16205, 2170, 4384, 6683, 5285, 18707, 6780, 4231, 2404, 4895, 18091, 2944, 13054, 3904, 3491, 9455, 15985, 10432, 8657, 15304, 9114, 5838, 5197, 17244, 6207, 3970, 17246, 3950, 6168, 8697, 6800, 9942, 11118, 8582, 6355, 15275, 4581, 12724, 11921, 1833, 523, 7619, 15729, 176, 8576, 3101, 1573, 1283, 11796, 11277, 2547, 1738, 6806, 15187, 7129, 5179, 5854, 16373, 9231, 6270, 777, 2062, 13249, 4144, 6325, 3924, 5350, 14414, 3142, 2249, 6444, 13582, 2833, 18030, 6483, 18404, 15057, 7482, 15001, 15872, 14584, 10835, 954, 7257, 1381, 17819, 17518, 6497, 14430, 4901, 16466, 10805, 132, 7506, 755, 14427, 12119, 16613, 19042, 14994, 11257, 8042, 2144, 5966, 1580, 8010, 2550, 10684, 14088, 5037, 8764, 17076, 14185, 15984, 5299, 16601, 19182, 13197, 14561, 12605, 17010, 2703, 6715, 11207, 10188, 212, 2293, 17676, 1720, 5934, 112, 8568, 15870, 3226, 4524, 4431, 5141, 5383, 7609, 12807, 19001, 14368, 6704, 14903, 4172, 117, 18698, 1699, 16558, 7518, 10618, 2110, 10308, 7828, 6623, 17644, 4449, 951, 13858, 15106, 8402, 916, 4771, 8608, 6448, 6656, 13547, 2814, 8336, 8093, 6398, 637, 9909, 10621, 786, 14146, 17292, 9457, 3, 2884, 14785, 10504, 16361, 8181, 17690, 654, 11067, 18741, 386, 18208, 10130, 8079, 7082, 14740, 8076, 18619, 14428, 10992, 12679, 9431, 18328, 13606, 7641, 13542, 1002, 11975, 15646, 19078, 1352, 8683, 16053, 11763, 14823, 7059, 4995, 3754, 6213, 10090, 19084, 1973, 8131, 5353, 836, 13960, 3217, 4885, 9645, 16941, 14750, 13171, 9132, 1355, 4440, 15747, 8233, 6008, 12781, 16749, 13905, 18198, 5033, 2910, 16502, 1233, 965, 16926, 3944, 13518, 18213, 12739, 9972, 14609, 5764, 6128, 9532, 12680, 3672, 5458, 6822, 11547, 3163, 8040, 14081, 8369, 18182, 17541, 11552, 12451, 15074, 1783, 17730, 1690, 16992, 2490, 2459, 18065, 320, 18311, 45, 9495, 4572, 544, 12731, 16811, 15096, 14957, 4594, 16607, 2449, 7791, 13659, 8892, 1713, 17336, 6598, 13832, 10495, 18937, 3067, 3473, 12715, 13492, 14787, 16503, 17899, 16638, 2408, 7141, 10590, 2917, 14650, 12571, 4321, 2855, 1829, 3736, 3381, 11069, 16093, 15201, 14311, 9836, 18289, 16899, 897, 13981, 12223, 8884, 15721, 7778, 13648, 5737, 6550, 19249, 2715, 447, 12941, 8915, 18963, 16291, 760, 5869, 3635, 3439, 6740, 5003, 3174, 2945, 16056, 4860, 11216, 7363, 1147, 12124, 9764, 11245, 4361, 7784, 16285, 17057, 11203, 5114, 17655, 12056, 17890, 7741, 15799, 10258, 16088, 19222, 15303, 1433, 5991, 322, 2322, 3156, 9940, 7814, 17068, 16968, 10018, 1991, 11946, 8705, 10371, 4619, 11074, 2034, 15550, 11743, 18666, 13494, 14175, 13948, 15123, 11154, 10397, 1701, 4770, 839, 12085, 16500, 16241, 1535, 18782, 2221, 539, 18405, 4245, 103, 1571, 16945, 12196, 9441, 1732, 1367, 3596, 4794, 7230, 5245, 17483, 2955, 2003, 11509, 4044, 12934, 3456, 16693, 593, 4582, 14076, 10972, 1965, 7227, 14324, 8658, 3772, 8355, 11889, 1908, 2684, 10026, 1666, 16507, 5589, 9295, 8389, 2099, 18653, 13808, 19147, 6675, 10970, 2788, 19028, 16983, 16166, 9845, 8160, 11381, 10088, 10333, 11716, 14695, 12697, 4365, 3747, 17296, 11904, 74, 7047, 10639, 13094, 940, 10478, 2032, 6642, 14896, 10840, 5430, 5556, 12597, 2183, 18403, 4252, 14613, 18283, 8790, 12140, 13540, 13353, 14114, 13297, 4056, 14038, 11299, 13770, 11433, 14285, 1526, 1955, 15711, 255, 12481, 612, 1635, 4886, 357, 11434, 9524, 13106, 2607, 5391, 9406, 2331, 624, 2749, 17849, 9829, 11436, 18426, 9481, 18550, 15647, 532, 11720, 11824, 15610, 15741, 7902, 13558, 17967, 14539, 17889, 4631, 1238, 16921, 7787, 15293, 3108, 8215, 2851, 4514, 12938, 16730, 17178, 4890, 17960, 4725, 7917, 3191, 8231, 16341, 8195, 10913, 2173, 5557, 2637, 16896, 5806, 1815, 1451, 8864, 2290, 12108, 5328, 6203, 2431, 7508, 17898, 17188, 6897, 1199, 15526, 18437, 6631, 8644, 16917, 14964, 14233, 2454, 584, 4830, 7199, 4180, 14889, 5761, 13756, 6917, 7756, 18880, 15095, 1816, 14070, 16252, 7429, 16589, 1631, 15968, 15221, 12478, 18594, 1477, 5637, 12058, 1205, 13397, 9107, 18654, 1968, 3759, 13147, 14144, 14973, 12452, 18020, 13592, 17920, 13687, 11335, 7207, 418, 7834, 778, 12982, 10688, 9031, 509, 9601, 9780, 17040, 12023, 3916, 91, 6536, 18535, 7547, 15240, 707, 14533, 15064, 17012, 16805, 8637, 5969, 16221, 1940, 13307, 4717, 12615, 18220, 11028, 12170, 1743, 2376, 12415, 14220, 18827, 1294, 18543, 6977, 15309, 11778, 11842, 17103, 3857, 4637, 12162, 19169, 17166, 18237, 17818, 9507, 19022, 5790, 19112, 15611, 1118, 15184, 18703, 1817, 15530, 16579, 8437, 11839, 11378, 3537, 9205, 9217, 16272, 18759, 16828, 12002, 8348, 1723, 3481, 14115, 379, 8544, 264, 6015, 7672, 2253, 7364, 3706, 13796, 17139, 16125, 12059, 9623, 7185, 2418, 18230, 3087, 281, 4379, 1796, 8459, 4400, 17824, 2736, 16446, 13525, 15341, 3275, 7872, 1662, 7557, 4319, 15442, 7181, 10456, 4963, 17048, 16943, 12784, 3441, 5240, 9975, 13216, 17702, 11594, 13554, 6165, 19168, 16070, 3540, 3262, 10661, 4061, 13173, 2875, 17014, 4349, 10818, 8428, 16764, 14232, 8930, 15734, 17680, 7069, 15684, 17050, 18987, 6914, 6863, 19263, 10595, 150, 10039, 2722, 18223, 16444, 6559, 7258, 2661, 7699, 17136, 12773, 4247, 5723, 15194, 1696, 1500, 2807, 9893, 11835, 13240, 18313, 17107, 10265, 10244, 5570, 2862, 14049, 1012, 12861, 723, 9583, 17461, 10056, 1264, 8297, 3716, 14666, 15259, 13531, 543, 13723, 16810, 6700, 3516, 13766, 7186, 10692, 6321, 15484, 14547, 8744, 3703, 10383, 16829, 6366, 6846, 3906, 2021, 18133, 857, 279, 12232, 10212, 10541, 12325, 13475, 1225, 937, 6966, 10881, 16936, 18502, 1440, 11914, 3326, 5633, 14913, 4623, 10743, 12361, 17335, 1072, 5043, 14810, 15077, 3255, 17215, 6553, 17852, 4801, 6962, 3060, 9430, 8799, 13824, 188, 15175, 15163, 4733, 5011, 3536, 17635, 6532, 14071, 6112, 17158, 6597, 11272, 105, 19219, 5013, 12483, 201, 6848, 17033, 6367, 7859, 14702, 18844, 7053, 18694, 15670, 636, 10129, 6378, 5369, 7273, 16247, 9142, 15345, 16817, 14854, 2600, 15783, 889, 11833, 6612, 2068, 2427, 7062, 7918, 16181, 5464, 8339, 8950, 8453, 16423, 6064, 2380, 4268, 13929, 12974, 19141, 1299, 2484, 3883, 3273, 8772, 13256, 11239, 5766, 18098, 12705, 11004, 2695, 10048, 10960, 2766, 15661, 13258, 8015, 6032, 16397, 7749, 19039, 7634, 15076, 4234, 15114, 8475, 8091, 19220, 18004, 9704, 13918, 15569, 16443, 10015, 9943, 7817, 9349, 2588, 8249, 398, 5316, 15538, 18372, 13559, 2937, 2803, 16248, 6155, 630, 9911, 13190, 19157, 15788, 13248, 13148, 1320, 12074, 8471, 8798, 3213, 12418, 814, 2402, 12718, 12397, 10564, 9875, 10128, 6947, 9491, 17707, 3266, 19196, 14309, 18523, 19043, 17975, 18063, 11618, 15016, 14434, 7680, 1739, 18029, 11694, 1745, 9271, 5189, 9561, 11283, 14978, 10753, 16017, 12914, 978, 2828, 17257, 13135, 5061, 121, 6602, 16015, 19271, 12159, 1244, 8260, 13195, 15873, 12815, 14291, 14515, 118, 4892, 14985, 9551, 12654, 4739, 927, 12176, 9523, 11726, 18187, 5880, 2569, 3386, 13942, 3390, 15774, 129, 65, 12922, 8422, 12692, 16213, 11515, 2111, 8347, 10758, 14064, 4401, 17782, 15621, 6709, 14716, 4091, 13964, 8424, 4218, 7249, 11311, 11171, 18564, 14755, 7114, 14009, 14815, 294, 495, 7684, 6833, 4046, 3505, 16995, 17858, 7761, 15803, 9840, 13958, 8226, 10369, 12497, 17142, 1748, 2854, 7159, 11539, 11055, 13337, 17173, 14214, 6803, 11144, 12649, 283, 15489, 13174, 7015, 610, 7030, 18206, 14077, 15468, 14962, 8046, 7809, 17387, 16034, 16678, 1173, 3502, 12942, 15655, 16859, 7099, 1673, 446, 1365, 5881, 3713, 11697, 1897, 16001, 1702, 14149, 11876, 9341, 4325, 6923, 2001, 138, 3276, 18716, 17604, 10501, 115, 12800, 6111, 11148, 4549, 16057, 4707, 6843, 16091, 4295, 7519, 13708, 12409, 11018, 5052, 13566, 14715, 12755, 793, 10837, 1888, 12375, 3935, 5763, 11791, 11258, 13264, 11469, 4683, 8905, 1853, 11600, 4421, 2798, 5074, 18141, 13807, 8595, 8126, 13837, 8060, 6956, 11767, 14560, 9389, 15261, 1232, 12560, 7262, 11504, 3546, 4627, 1177, 517, 4008, 9219, 17696, 4148, 14124, 13243, 11235, 7561, 8331, 16320, 3591, 11341, 4015, 12028, 14929, 18601, 3528, 14065, 1510, 19191, 13833, 17616, 10869, 17689, 831, 16725, 6319, 15465, 10467, 8162, 13563, 7728, 10778, 13545, 12290, 16480, 14401, 12838, 4212, 17529, 4832, 15111, 12690, 10373, 7596, 18614, 17477, 1043, 13100, 4774, 17479, 3774, 9302, 3901, 13071, 6412, 9516, 1261, 3054, 13522, 17602, 14343, 18500, 10957, 2791, 9624, 3634, 17904, 5709, 14670, 11058, 7087, 7435, 13848, 82, 5565, 2562, 14029, 3583, 1676, 12709, 18473, 3158, 12787, 8068, 8263, 16146, 3593, 1802, 1861, 3348, 4487, 17749, 6105, 10471, 17472, 10200, 1182, 14180, 1076, 10156, 4839, 9903, 4879, 9720, 2157, 15344, 16067, 3064, 17182, 5368, 4987, 18484, 18923, 11896, 1052, 15727, 15289, 5885, 1933, 5251, 17072, 6038, 6195, 13524, 6606, 18506, 17536, 6784, 3231, 14121, 8925, 10030, 803, 13764, 146, 19268, 14099, 4130, 16372, 1537, 12248, 13718, 17187, 11728, 1740, 19233, 5600, 4092, 4779, 6028, 3395, 16152, 19150, 2417, 11980, 11237, 8427, 18127, 3538, 9257, 607, 2078, 18457, 5802, 3435, 15019, 4256, 9221, 13465, 11742, 5788, 9528, 17493, 4607, 3131, 6616, 5356, 1550, 4617, 8827, 849, 2601, 4437, 17861, 10261, 15704, 3890, 8149, 12063, 3086, 15925, 12301, 6847, 5603, 7768, 3187, 13372, 9258, 6584, 7594, 2603, 1835, 17380, 17193, 15251, 15937, 18731, 4082, 14911, 16626, 8824, 16208, 10167, 17711, 9678, 15852, 13620, 16479, 14586, 2446, 4866, 1315, 7746, 10615, 7927, 2443, 7157, 13506, 18410, 10494]",4890,1500,3,False,1500
6193,email sendemail,email s,17,True,True,False,"{21: 26, 33: 14, 2: 18, 29: 13, 25: 57, 43: 9, 57: 16, 49: 16, 61: 14, 67: 52, 65: 21, 50: 28, 15: 53, 6: 13, 46: 15, 27: 69, 7: 65, 48: 67, 19: 21, 31: 14, 63: 26, 22: 39, 9: 79, 26: 40, 47: 15, 53: 66, 11: 19, 51: 26, 54: 9, 13: 32, 17: 37, 52: 30, 39: 27, 38: 19, 1: 6, 59: 33, 56: 23, 32: 9, 8: 25, 4: 12, 20: 26, 24: 7, 18: 31, 42: 7, 28: 31, 45: 57, 0: 13, 66: 11, 62: 11, 35: 7, 64: 15, 37: 2, 40: 25, 3: 3, 14: 5, 12: 8, 16: 15, 55: 16, 30: 13, 58: 6, 36: 4, 60: 5, 5: 3, 41: 2, 44: 2, 34: 2}","[12686, 3384, 6034, 14374, 14516, 14680, 18580, 5912, 661, 4433, 14182, 14634, 14672, 13694, 17233, 12320, 12666, 7276, 14925, 15315, 1125, 14820, 3769, 14096, 12401, 14972, 14176, 4685, 4278, 5735, 7514, 16051, 15882, 4696, 17145, 19193, 12994, 9901, 13641, 15193, 6739, 9240, 1608, 14664, 18117, 5676, 15714, 5964, 5329, 16651, 15936, 14441, 15878, 18316, 14255, 18692, 5858, 4640, 10716, 13839, 16635, 2097, 11464, 12427, 2320, 14629, 7617, 16183, 16205, 2170, 4384, 6683, 5285, 18707, 6780, 4231, 2404, 4895, 18091, 2944, 13054, 3904, 3491, 9455, 15985, 10432, 8657, 15304, 9114, 5838, 5197, 17244, 6207, 3970, 17246, 3950, 6168, 8697, 6800, 9942, 11118, 8582, 6355, 15275, 4581, 12724, 11921, 1833, 523, 7619, 15729, 176, 8576, 3101, 1573, 1283, 11796, 11277, 2547, 1738, 6806, 15187, 7129, 5179, 5854, 16373, 9231, 6270, 777, 2062, 13249, 4144, 6325, 3924, 5350, 14414, 3142, 2249, 6444, 13582, 2833, 18030, 6483, 18404, 15057, 7482, 15001, 15872, 14584, 10835, 954, 7257, 1381, 17819, 17518, 6497, 14430, 4901, 16466, 10805, 132, 7506, 755, 14427, 12119, 16613, 19042, 14994, 11257, 8042, 2144, 5966, 1580, 8010, 2550, 10684, 14088, 5037, 8764, 17076, 14185, 15984, 5299, 16601, 19182, 13197, 14561, 12605, 17010, 2703, 6715, 11207, 10188, 212, 2293, 17676, 1720, 5934, 112, 8568, 15870, 3226, 4524, 4431, 5141, 5383, 7609, 12807, 19001, 14368, 6704, 14903, 4172, 117, 18698, 1699, 16558, 7518, 10618, 2110, 10308, 7828, 6623, 17644, 4449, 951, 13858, 15106, 8402, 916, 4771, 8608, 6448, 6656, 13547, 2814, 8336, 8093, 6398, 637, 9909, 10621, 786, 14146, 17292, 9457, 3, 2884, 14785, 10504, 16361, 8181, 17690, 654, 11067, 18741, 386, 18208, 10130, 8079, 7082, 14740, 8076, 18619, 14428, 10992, 12679, 9431, 18328, 13606, 7641, 13542, 1002, 11975, 15646, 19078, 1352, 8683, 16053, 11763, 14823, 7059, 4995, 3754, 6213, 10090, 19084, 1973, 8131, 5353, 836, 13960, 3217, 4885, 9645, 16941, 14750, 13171, 9132, 1355, 4440, 15747, 8233, 6008, 12781, 16749, 13905, 18198, 5033, 2910, 16502, 1233, 965, 16926, 3944, 13518, 18213, 12739, 9972, 14609, 5764, 6128, 9532, 12680, 3672, 5458, 6822, 11547, 3163, 8040, 14081, 8369, 18182, 17541, 11552, 12451, 15074, 1783, 17730, 1690, 16992, 2490, 2459, 18065, 320, 18311, 45, 9495, 4572, 544, 12731, 16811, 15096, 14957, 4594, 16607, 2449, 7791, 13659, 8892, 1713, 17336, 6598, 13832, 10495, 18937, 3067, 3473, 12715, 13492, 14787, 16503, 17899, 16638, 2408, 7141, 10590, 2917, 14650, 12571, 4321, 2855, 1829, 3736, 3381, 11069, 16093, 15201, 14311, 9836, 18289, 16899, 897, 13981, 12223, 8884, 15721, 7778, 13648, 5737, 6550, 19249, 2715, 447, 12941, 8915, 18963, 16291, 760, 5869, 3635, 3439, 6740, 5003, 3174, 2945, 16056, 4860, 11216, 7363, 1147, 12124, 9764, 11245, 4361, 7784, 16285, 17057, 11203, 5114, 17655, 12056, 17890, 7741, 15799, 10258, 16088, 19222, 15303, 1433, 5991, 322, 2322, 3156, 9940, 7814, 17068, 16968, 10018, 1991, 11946, 8705, 10371, 4619, 11074, 2034, 15550, 11743, 18666, 13494, 14175, 13948, 15123, 11154, 10397, 1701, 4770, 839, 12085, 16500, 16241, 1535, 18782, 2221, 539, 18405, 4245, 103, 1571, 16945, 12196, 9441, 1732, 1367, 3596, 4794, 7230, 5245, 17483, 2955, 2003, 11509, 4044, 12934, 3456, 16693, 593, 4582, 14076, 10972, 1965, 7227, 14324, 8658, 3772, 8355, 11889, 1908, 2684, 10026, 1666, 16507, 5589, 9295, 8389, 2099, 18653, 13808, 19147, 6675, 10970, 2788, 19028, 16983, 16166, 9845, 8160, 11381, 10088, 10333, 11716, 14695, 12697, 4365, 3747, 17296, 11904, 74, 7047, 10639, 13094, 940, 10478, 2032, 6642, 14896, 10840, 5430, 5556, 12597, 2183, 18403, 4252, 14613, 18283, 8790, 12140, 13540, 13353, 14114, 13297, 4056, 14038, 11299, 13770, 11433, 14285, 1526, 1955, 15711, 255, 12481, 612, 1635, 4886, 357, 11434, 9524, 13106, 2607, 5391, 9406, 2331, 624, 2749, 17849, 9829, 11436, 18426, 9481, 18550, 15647, 532, 11720, 11824, 15610, 15741, 7902, 13558, 17967, 14539, 17889, 4631, 1238, 16921, 7787, 15293, 3108, 8215, 2851, 4514, 12938, 16730, 17178, 4890, 17960, 4725, 7917, 3191, 8231, 16341, 8195, 10913, 2173, 5557, 2637, 16896, 5806, 1815, 1451, 8864, 2290, 12108, 5328, 6203, 2431, 7508, 17898, 17188, 6897, 1199, 15526, 18437, 6631, 8644, 16917, 14964, 14233, 2454, 584, 4830, 7199, 4180, 14889, 5761, 13756, 6917, 7756, 18880, 15095, 1816, 14070, 16252, 7429, 16589, 1631, 15968, 15221, 12478, 18594, 1477, 5637, 12058, 1205, 13397, 9107, 18654, 1968, 3759, 13147, 14144, 14973, 12452, 18020, 13592, 17920, 13687, 11335, 7207, 418, 7834, 778, 12982, 10688, 9031, 509, 9601, 9780, 17040, 12023, 3916, 91, 6536, 18535, 7547, 15240, 707, 14533, 15064, 17012, 16805, 8637, 5969, 16221, 1940, 13307, 4717, 12615, 18220, 11028, 12170, 1743, 2376, 12415, 14220, 18827, 1294, 18543, 6977, 15309, 11778, 11842, 17103, 3857, 4637, 12162, 19169, 17166, 18237, 17818, 9507, 19022, 5790, 19112, 15611, 1118, 15184, 18703, 1817, 15530, 16579, 8437, 11839, 11378, 3537, 9205, 9217, 16272, 18759, 16828, 12002, 8348, 1723, 3481, 14115, 379, 8544, 264, 6015, 7672, 2253, 7364, 3706, 13796, 17139, 16125, 12059, 9623, 7185, 2418, 18230, 3087, 281, 4379, 1796, 8459, 4400, 17824, 2736, 16446, 13525, 15341, 3275, 7872, 1662, 7557, 4319, 15442, 7181, 10456, 4963, 17048, 16943, 12784, 3441, 5240, 9975, 13216, 17702, 11594, 13554, 6165, 19168, 16070, 3540, 3262, 10661, 4061, 13173, 2875, 17014, 4349, 10818, 8428, 16764, 14232, 8930, 15734, 17680, 7069, 15684, 17050, 18987, 6914, 6863, 19263, 10595, 150, 10039, 2722, 18223, 16444, 6559, 7258, 2661, 7699, 17136, 12773, 4247, 5723, 15194, 1696, 1500, 2807, 9893, 11835, 13240, 18313, 17107, 10265, 10244, 5570, 2862, 14049, 1012, 12861, 723, 9583, 17461, 10056, 1264, 8297, 3716, 14666, 15259, 13531, 543, 13723, 16810, 6700, 3516, 13766, 7186, 10692, 6321, 15484, 14547, 8744, 3703, 10383, 16829, 6366, 6846, 3906, 2021, 18133, 857, 279, 12232, 10212, 10541, 12325, 13475, 1225, 937, 6966, 10881, 16936, 18502, 1440, 11914, 3326, 5633, 14913, 4623, 10743, 12361, 17335, 1072, 5043, 14810, 15077, 3255, 17215, 6553, 17852, 4801, 6962, 3060, 9430, 8799, 13824, 188, 15175, 15163, 4733, 5011, 3536, 17635, 6532, 14071, 6112, 17158, 6597, 11272, 105, 19219, 5013, 12483, 201, 6848, 17033, 6367, 7859, 14702, 18844, 7053, 18694, 15670, 636, 10129, 6378, 5369, 7273, 16247, 9142, 15345, 16817, 14854, 2600, 15783, 889, 11833, 6612, 2068, 2427, 7062, 7918, 16181, 5464, 8339, 8950, 8453, 16423, 6064, 2380, 4268, 13929, 12974, 19141, 1299, 2484, 3883, 3273, 8772, 13256, 11239, 5766, 18098, 12705, 11004, 2695, 10048, 10960, 2766, 15661, 13258, 8015, 6032, 16397, 7749, 19039, 7634, 15076, 4234, 15114, 8475, 8091, 19220, 18004, 9704, 13918, 15569, 16443, 10015, 9943, 7817, 9349, 2588, 8249, 398, 5316, 15538, 18372, 13559, 2937, 2803, 16248, 6155, 630, 9911, 13190, 19157, 15788, 13248, 13148, 1320, 12074, 8471, 8798, 3213, 12418, 814, 2402, 12718, 12397, 10564, 9875, 10128, 6947, 9491, 17707, 3266, 19196, 14309, 18523, 19043, 17975, 18063, 11618, 15016, 14434, 7680, 1739, 18029, 11694, 1745, 9271, 5189, 9561, 11283, 14978, 10753, 16017, 12914, 978, 2828, 17257, 13135, 5061, 121, 6602, 16015, 19271, 12159, 1244, 8260, 13195, 15873, 12815, 14291, 14515, 118, 4892, 14985, 9551, 12654, 4739, 927, 12176, 9523, 11726, 18187, 5880, 2569, 3386, 13942, 3390, 15774, 129, 65, 12922, 8422, 12692, 16213, 11515, 2111, 8347, 10758, 14064, 4401, 17782, 15621, 6709, 14716, 4091, 13964, 8424, 4218, 7249, 11311, 11171, 18564, 14755, 7114, 14009, 14815, 294, 495, 7684, 6833, 4046, 3505, 16995, 17858, 7761, 15803, 9840, 13958, 8226, 10369, 12497, 17142, 1748, 2854, 7159, 11539, 11055, 13337, 17173, 14214, 6803, 11144, 12649, 283, 15489, 13174, 7015, 610, 7030, 18206, 14077, 15468, 14962, 8046, 7809, 17387, 16034, 16678, 1173, 3502, 12942, 15655, 16859, 7099, 1673, 446, 1365, 5881, 3713, 11697, 1897, 16001, 1702, 14149, 11876, 9341, 4325, 6923, 2001, 138, 3276, 18716, 17604, 10501, 115, 12800, 6111, 11148, 4549, 16057, 4707, 6843, 16091, 4295, 7519, 13708, 12409, 11018, 5052, 13566, 14715, 12755, 793, 10837, 1888, 12375, 3935, 5763, 11791, 11258, 13264, 11469, 4683, 8905, 1853, 11600, 4421, 2798, 5074, 18141, 13807, 8595, 8126, 13837, 8060, 6956, 11767, 14560, 9389, 15261, 1232, 12560, 7262, 11504, 3546, 4627, 1177, 517, 4008, 9219, 17696, 4148, 14124, 13243, 11235, 7561, 8331, 16320, 3591, 11341, 4015, 12028, 14929, 18601, 3528, 14065, 1510, 19191, 13833, 17616, 10869, 17689, 831, 16725, 6319, 15465, 10467, 8162, 13563, 7728, 10778, 13545, 12290, 16480, 14401, 12838, 4212, 17529, 4832, 15111, 12690, 10373, 7596, 18614, 17477, 1043, 13100, 4774, 17479, 3774, 9302, 3901, 13071, 6412, 9516, 1261, 3054, 13522, 17602, 14343, 18500, 10957, 2791, 9624, 3634, 17904, 5709, 14670, 11058, 7087, 7435, 13848, 82, 5565, 2562, 14029, 3583, 1676, 12709, 18473, 3158, 12787, 8068, 8263, 16146, 3593, 1802, 1861, 3348, 4487, 17749, 6105, 10471, 17472, 10200, 1182, 14180, 1076, 10156, 4839, 9903, 4879, 9720, 2157, 15344, 16067, 3064, 17182, 5368, 4987, 18484, 18923, 11896, 1052, 15727, 15289, 5885, 1933, 5251, 17072, 6038, 6195, 13524, 6606, 18506, 17536, 6784, 3231, 14121, 8925, 10030, 803, 13764, 146, 19268, 14099, 4130, 16372, 1537, 12248, 13718, 17187, 11728, 1740, 19233, 5600, 4092, 4779, 6028, 3395, 16152, 19150, 2417, 11980, 11237, 8427, 18127, 3538, 9257, 607, 2078, 18457, 5802, 3435, 15019, 4256, 9221, 13465, 11742, 5788, 9528, 17493, 4607, 3131, 6616, 5356, 1550, 4617, 8827, 849, 2601, 4437, 17861, 10261, 15704, 3890, 8149, 12063, 3086, 15925, 12301, 6847, 5603, 7768, 3187, 13372, 9258, 6584, 7594, 2603, 1835, 17380, 17193, 15251, 15937, 18731, 4082, 14911, 16626, 8824, 16208, 10167, 17711, 9678, 15852, 13620, 16479, 14586, 2446, 4866, 1315, 7746, 10615, 7927, 2443, 7157, 13506, 18410, 10494]",6193,1500,3,False,1500
132,general confirm,general confirm,20,True,True,True,"{21: 26, 33: 14, 2: 18, 29: 13, 25: 57, 43: 9, 57: 16, 49: 16, 61: 14, 67: 52, 65: 21, 50: 28, 15: 53, 6: 13, 46: 15, 27: 69, 7: 65, 48: 67, 19: 21, 31: 14, 63: 26, 22: 39, 9: 79, 26: 40, 47: 15, 53: 66, 11: 19, 51: 26, 54: 9, 13: 32, 17: 37, 52: 30, 39: 27, 38: 19, 1: 6, 59: 33, 56: 23, 32: 9, 8: 25, 4: 12, 20: 26, 24: 7, 18: 31, 42: 7, 28: 31, 45: 57, 0: 13, 66: 11, 62: 11, 35: 7, 64: 15, 37: 2, 40: 25, 3: 3, 14: 5, 12: 8, 16: 15, 55: 16, 30: 13, 58: 6, 36: 4, 60: 5, 5: 3, 41: 2, 44: 2, 34: 2}","[12686, 3384, 6034, 14374, 14516, 14680, 18580, 5912, 661, 4433, 14182, 14634, 14672, 13694, 17233, 12320, 12666, 7276, 14925, 15315, 1125, 14820, 3769, 14096, 12401, 14972, 14176, 4685, 4278, 5735, 7514, 16051, 15882, 4696, 17145, 19193, 12994, 9901, 13641, 15193, 6739, 9240, 1608, 14664, 18117, 5676, 15714, 5964, 5329, 16651, 15936, 14441, 15878, 18316, 14255, 18692, 5858, 4640, 10716, 13839, 16635, 2097, 11464, 12427, 2320, 14629, 7617, 16183, 16205, 2170, 4384, 6683, 5285, 18707, 6780, 4231, 2404, 4895, 18091, 2944, 13054, 3904, 3491, 9455, 15985, 10432, 8657, 15304, 9114, 5838, 5197, 17244, 6207, 3970, 17246, 3950, 6168, 8697, 6800, 9942, 11118, 8582, 6355, 15275, 4581, 12724, 11921, 1833, 523, 7619, 15729, 176, 8576, 3101, 1573, 1283, 11796, 11277, 2547, 1738, 6806, 15187, 7129, 5179, 5854, 16373, 9231, 6270, 777, 2062, 13249, 4144, 6325, 3924, 5350, 14414, 3142, 2249, 6444, 13582, 2833, 18030, 6483, 18404, 15057, 7482, 15001, 15872, 14584, 10835, 954, 7257, 1381, 17819, 17518, 6497, 14430, 4901, 16466, 10805, 132, 7506, 755, 14427, 12119, 16613, 19042, 14994, 11257, 8042, 2144, 5966, 1580, 8010, 2550, 10684, 14088, 5037, 8764, 17076, 14185, 15984, 5299, 16601, 19182, 13197, 14561, 12605, 17010, 2703, 6715, 11207, 10188, 212, 2293, 17676, 1720, 5934, 112, 8568, 15870, 3226, 4524, 4431, 5141, 5383, 7609, 12807, 19001, 14368, 6704, 14903, 4172, 117, 18698, 1699, 16558, 7518, 10618, 2110, 10308, 7828, 6623, 17644, 4449, 951, 13858, 15106, 8402, 916, 4771, 8608, 6448, 6656, 13547, 2814, 8336, 8093, 6398, 637, 9909, 10621, 786, 14146, 17292, 9457, 3, 2884, 14785, 10504, 16361, 8181, 17690, 654, 11067, 18741, 386, 18208, 10130, 8079, 7082, 14740, 8076, 18619, 14428, 10992, 12679, 9431, 18328, 13606, 7641, 13542, 1002, 11975, 15646, 19078, 1352, 8683, 16053, 11763, 14823, 7059, 4995, 3754, 6213, 10090, 19084, 1973, 8131, 5353, 836, 13960, 3217, 4885, 9645, 16941, 14750, 13171, 9132, 1355, 4440, 15747, 8233, 6008, 12781, 16749, 13905, 18198, 5033, 2910, 16502, 1233, 965, 16926, 3944, 13518, 18213, 12739, 9972, 14609, 5764, 6128, 9532, 12680, 3672, 5458, 6822, 11547, 3163, 8040, 14081, 8369, 18182, 17541, 11552, 12451, 15074, 1783, 17730, 1690, 16992, 2490, 2459, 18065, 320, 18311, 45, 9495, 4572, 544, 12731, 16811, 15096, 14957, 4594, 16607, 2449, 7791, 13659, 8892, 1713, 17336, 6598, 13832, 10495, 18937, 3067, 3473, 12715, 13492, 14787, 16503, 17899, 16638, 2408, 7141, 10590, 2917, 14650, 12571, 4321, 2855, 1829, 3736, 3381, 11069, 16093, 15201, 14311, 9836, 18289, 16899, 897, 13981, 12223, 8884, 15721, 7778, 13648, 5737, 6550, 19249, 2715, 447, 12941, 8915, 18963, 16291, 760, 5869, 3635, 3439, 6740, 5003, 3174, 2945, 16056, 4860, 11216, 7363, 1147, 12124, 9764, 11245, 4361, 7784, 16285, 17057, 11203, 5114, 17655, 12056, 17890, 7741, 15799, 10258, 16088, 19222, 15303, 1433, 5991, 322, 2322, 3156, 9940, 7814, 17068, 16968, 10018, 1991, 11946, 8705, 10371, 4619, 11074, 2034, 15550, 11743, 18666, 13494, 14175, 13948, 15123, 11154, 10397, 1701, 4770, 839, 12085, 16500, 16241, 1535, 18782, 2221, 539, 18405, 4245, 103, 1571, 16945, 12196, 9441, 1732, 1367, 3596, 4794, 7230, 5245, 17483, 2955, 2003, 11509, 4044, 12934, 3456, 16693, 593, 4582, 14076, 10972, 1965, 7227, 14324, 8658, 3772, 8355, 11889, 1908, 2684, 10026, 1666, 16507, 5589, 9295, 8389, 2099, 18653, 13808, 19147, 6675, 10970, 2788, 19028, 16983, 16166, 9845, 8160, 11381, 10088, 10333, 11716, 14695, 12697, 4365, 3747, 17296, 11904, 74, 7047, 10639, 13094, 940, 10478, 2032, 6642, 14896, 10840, 5430, 5556, 12597, 2183, 18403, 4252, 14613, 18283, 8790, 12140, 13540, 13353, 14114, 13297, 4056, 14038, 11299, 13770, 11433, 14285, 1526, 1955, 15711, 255, 12481, 612, 1635, 4886, 357, 11434, 9524, 13106, 2607, 5391, 9406, 2331, 624, 2749, 17849, 9829, 11436, 18426, 9481, 18550, 15647, 532, 11720, 11824, 15610, 15741, 7902, 13558, 17967, 14539, 17889, 4631, 1238, 16921, 7787, 15293, 3108, 8215, 2851, 4514, 12938, 16730, 17178, 4890, 17960, 4725, 7917, 3191, 8231, 16341, 8195, 10913, 2173, 5557, 2637, 16896, 5806, 1815, 1451, 8864, 2290, 12108, 5328, 6203, 2431, 7508, 17898, 17188, 6897, 1199, 15526, 18437, 6631, 8644, 16917, 14964, 14233, 2454, 584, 4830, 7199, 4180, 14889, 5761, 13756, 6917, 7756, 18880, 15095, 1816, 14070, 16252, 7429, 16589, 1631, 15968, 15221, 12478, 18594, 1477, 5637, 12058, 1205, 13397, 9107, 18654, 1968, 3759, 13147, 14144, 14973, 12452, 18020, 13592, 17920, 13687, 11335, 7207, 418, 7834, 778, 12982, 10688, 9031, 509, 9601, 9780, 17040, 12023, 3916, 91, 6536, 18535, 7547, 15240, 707, 14533, 15064, 17012, 16805, 8637, 5969, 16221, 1940, 13307, 4717, 12615, 18220, 11028, 12170, 1743, 2376, 12415, 14220, 18827, 1294, 18543, 6977, 15309, 11778, 11842, 17103, 3857, 4637, 12162, 19169, 17166, 18237, 17818, 9507, 19022, 5790, 19112, 15611, 1118, 15184, 18703, 1817, 15530, 16579, 8437, 11839, 11378, 3537, 9205, 9217, 16272, 18759, 16828, 12002, 8348, 1723, 3481, 14115, 379, 8544, 264, 6015, 7672, 2253, 7364, 3706, 13796, 17139, 16125, 12059, 9623, 7185, 2418, 18230, 3087, 281, 4379, 1796, 8459, 4400, 17824, 2736, 16446, 13525, 15341, 3275, 7872, 1662, 7557, 4319, 15442, 7181, 10456, 4963, 17048, 16943, 12784, 3441, 5240, 9975, 13216, 17702, 11594, 13554, 6165, 19168, 16070, 3540, 3262, 10661, 4061, 13173, 2875, 17014, 4349, 10818, 8428, 16764, 14232, 8930, 15734, 17680, 7069, 15684, 17050, 18987, 6914, 6863, 19263, 10595, 150, 10039, 2722, 18223, 16444, 6559, 7258, 2661, 7699, 17136, 12773, 4247, 5723, 15194, 1696, 1500, 2807, 9893, 11835, 13240, 18313, 17107, 10265, 10244, 5570, 2862, 14049, 1012, 12861, 723, 9583, 17461, 10056, 1264, 8297, 3716, 14666, 15259, 13531, 543, 13723, 16810, 6700, 3516, 13766, 7186, 10692, 6321, 15484, 14547, 8744, 3703, 10383, 16829, 6366, 6846, 3906, 2021, 18133, 857, 279, 12232, 10212, 10541, 12325, 13475, 1225, 937, 6966, 10881, 16936, 18502, 1440, 11914, 3326, 5633, 14913, 4623, 10743, 12361, 17335, 1072, 5043, 14810, 15077, 3255, 17215, 6553, 17852, 4801, 6962, 3060, 9430, 8799, 13824, 188, 15175, 15163, 4733, 5011, 3536, 17635, 6532, 14071, 6112, 17158, 6597, 11272, 105, 19219, 5013, 12483, 201, 6848, 17033, 6367, 7859, 14702, 18844, 7053, 18694, 15670, 636, 10129, 6378, 5369, 7273, 16247, 9142, 15345, 16817, 14854, 2600, 15783, 889, 11833, 6612, 2068, 2427, 7062, 7918, 16181, 5464, 8339, 8950, 8453, 16423, 6064, 2380, 4268, 13929, 12974, 19141, 1299, 2484, 3883, 3273, 8772, 13256, 11239, 5766, 18098, 12705, 11004, 2695, 10048, 10960, 2766, 15661, 13258, 8015, 6032, 16397, 7749, 19039, 7634, 15076, 4234, 15114, 8475, 8091, 19220, 18004, 9704, 13918, 15569, 16443, 10015, 9943, 7817, 9349, 2588, 8249, 398, 5316, 15538, 18372, 13559, 2937, 2803, 16248, 6155, 630, 9911, 13190, 19157, 15788, 13248, 13148, 1320, 12074, 8471, 8798, 3213, 12418, 814, 2402, 12718, 12397, 10564, 9875, 10128, 6947, 9491, 17707, 3266, 19196, 14309, 18523, 19043, 17975, 18063, 11618, 15016, 14434, 7680, 1739, 18029, 11694, 1745, 9271, 5189, 9561, 11283, 14978, 10753, 16017, 12914, 978, 2828, 17257, 13135, 5061, 121, 6602, 16015, 19271, 12159, 1244, 8260, 13195, 15873, 12815, 14291, 14515, 118, 4892, 14985, 9551, 12654, 4739, 927, 12176, 9523, 11726, 18187, 5880, 2569, 3386, 13942, 3390, 15774, 129, 65, 12922, 8422, 12692, 16213, 11515, 2111, 8347, 10758, 14064, 4401, 17782, 15621, 6709, 14716, 4091, 13964, 8424, 4218, 7249, 11311, 11171, 18564, 14755, 7114, 14009, 14815, 294, 495, 7684, 6833, 4046, 3505, 16995, 17858, 7761, 15803, 9840, 13958, 8226, 10369, 12497, 17142, 1748, 2854, 7159, 11539, 11055, 13337, 17173, 14214, 6803, 11144, 12649, 283, 15489, 13174, 7015, 610, 7030, 18206, 14077, 15468, 14962, 8046, 7809, 17387, 16034, 16678, 1173, 3502, 12942, 15655, 16859, 7099, 1673, 446, 1365, 5881, 3713, 11697, 1897, 16001, 1702, 14149, 11876, 9341, 4325, 6923, 2001, 138, 3276, 18716, 17604, 10501, 115, 12800, 6111, 11148, 4549, 16057, 4707, 6843, 16091, 4295, 7519, 13708, 12409, 11018, 5052, 13566, 14715, 12755, 793, 10837, 1888, 12375, 3935, 5763, 11791, 11258, 13264, 11469, 4683, 8905, 1853, 11600, 4421, 2798, 5074, 18141, 13807, 8595, 8126, 13837, 8060, 6956, 11767, 14560, 9389, 15261, 1232, 12560, 7262, 11504, 3546, 4627, 1177, 517, 4008, 9219, 17696, 4148, 14124, 13243, 11235, 7561, 8331, 16320, 3591, 11341, 4015, 12028, 14929, 18601, 3528, 14065, 1510, 19191, 13833, 17616, 10869, 17689, 831, 16725, 6319, 15465, 10467, 8162, 13563, 7728, 10778, 13545, 12290, 16480, 14401, 12838, 4212, 17529, 4832, 15111, 12690, 10373, 7596, 18614, 17477, 1043, 13100, 4774, 17479, 3774, 9302, 3901, 13071, 6412, 9516, 1261, 3054, 13522, 17602, 14343, 18500, 10957, 2791, 9624, 3634, 17904, 5709, 14670, 11058, 7087, 7435, 13848, 82, 5565, 2562, 14029, 3583, 1676, 12709, 18473, 3158, 12787, 8068, 8263, 16146, 3593, 1802, 1861, 3348, 4487, 17749, 6105, 10471, 17472, 10200, 1182, 14180, 1076, 10156, 4839, 9903, 4879, 9720, 2157, 15344, 16067, 3064, 17182, 5368, 4987, 18484, 18923, 11896, 1052, 15727, 15289, 5885, 1933, 5251, 17072, 6038, 6195, 13524, 6606, 18506, 17536, 6784, 3231, 14121, 8925, 10030, 803, 13764, 146, 19268, 14099, 4130, 16372, 1537, 12248, 13718, 17187, 11728, 1740, 19233, 5600, 4092, 4779, 6028, 3395, 16152, 19150, 2417, 11980, 11237, 8427, 18127, 3538, 9257, 607, 2078, 18457, 5802, 3435, 15019, 4256, 9221, 13465, 11742, 5788, 9528, 17493, 4607, 3131, 6616, 5356, 1550, 4617, 8827, 849, 2601, 4437, 17861, 10261, 15704, 3890, 8149, 12063, 3086, 15925, 12301, 6847, 5603, 7768, 3187, 13372, 9258, 6584, 7594, 2603, 1835, 17380, 17193, 15251, 15937, 18731, 4082, 14911, 16626, 8824, 16208, 10167, 17711, 9678, 15852, 13620, 16479, 14586, 2446, 4866, 1315, 7746, 10615, 7927, 2443, 7157, 13506, 18410, 10494]",132,1500,3,False,1500
1219,calendar query,calendar query,7,True,True,True,"{21: 26, 33: 14, 2: 18, 29: 13, 25: 57, 43: 9, 57: 16, 49: 16, 61: 14, 67: 52, 65: 21, 50: 28, 15: 53, 6: 13, 46: 15, 27: 69, 7: 65, 48: 67, 19: 21, 31: 14, 63: 26, 22: 39, 9: 79, 26: 40, 47: 15, 53: 66, 11: 19, 51: 26, 54: 9, 13: 32, 17: 37, 52: 30, 39: 27, 38: 19, 1: 6, 59: 33, 56: 23, 32: 9, 8: 25, 4: 12, 20: 26, 24: 7, 18: 31, 42: 7, 28: 31, 45: 57, 0: 13, 66: 11, 62: 11, 35: 7, 64: 15, 37: 2, 40: 25, 3: 3, 14: 5, 12: 8, 16: 15, 55: 16, 30: 13, 58: 6, 36: 4, 60: 5, 5: 3, 41: 2, 44: 2, 34: 2}","[12686, 3384, 6034, 14374, 14516, 14680, 18580, 5912, 661, 4433, 14182, 14634, 14672, 13694, 17233, 12320, 12666, 7276, 14925, 15315, 1125, 14820, 3769, 14096, 12401, 14972, 14176, 4685, 4278, 5735, 7514, 16051, 15882, 4696, 17145, 19193, 12994, 9901, 13641, 15193, 6739, 9240, 1608, 14664, 18117, 5676, 15714, 5964, 5329, 16651, 15936, 14441, 15878, 18316, 14255, 18692, 5858, 4640, 10716, 13839, 16635, 2097, 11464, 12427, 2320, 14629, 7617, 16183, 16205, 2170, 4384, 6683, 5285, 18707, 6780, 4231, 2404, 4895, 18091, 2944, 13054, 3904, 3491, 9455, 15985, 10432, 8657, 15304, 9114, 5838, 5197, 17244, 6207, 3970, 17246, 3950, 6168, 8697, 6800, 9942, 11118, 8582, 6355, 15275, 4581, 12724, 11921, 1833, 523, 7619, 15729, 176, 8576, 3101, 1573, 1283, 11796, 11277, 2547, 1738, 6806, 15187, 7129, 5179, 5854, 16373, 9231, 6270, 777, 2062, 13249, 4144, 6325, 3924, 5350, 14414, 3142, 2249, 6444, 13582, 2833, 18030, 6483, 18404, 15057, 7482, 15001, 15872, 14584, 10835, 954, 7257, 1381, 17819, 17518, 6497, 14430, 4901, 16466, 10805, 132, 7506, 755, 14427, 12119, 16613, 19042, 14994, 11257, 8042, 2144, 5966, 1580, 8010, 2550, 10684, 14088, 5037, 8764, 17076, 14185, 15984, 5299, 16601, 19182, 13197, 14561, 12605, 17010, 2703, 6715, 11207, 10188, 212, 2293, 17676, 1720, 5934, 112, 8568, 15870, 3226, 4524, 4431, 5141, 5383, 7609, 12807, 19001, 14368, 6704, 14903, 4172, 117, 18698, 1699, 16558, 7518, 10618, 2110, 10308, 7828, 6623, 17644, 4449, 951, 13858, 15106, 8402, 916, 4771, 8608, 6448, 6656, 13547, 2814, 8336, 8093, 6398, 637, 9909, 10621, 786, 14146, 17292, 9457, 3, 2884, 14785, 10504, 16361, 8181, 17690, 654, 11067, 18741, 386, 18208, 10130, 8079, 7082, 14740, 8076, 18619, 14428, 10992, 12679, 9431, 18328, 13606, 7641, 13542, 1002, 11975, 15646, 19078, 1352, 8683, 16053, 11763, 14823, 7059, 4995, 3754, 6213, 10090, 19084, 1973, 8131, 5353, 836, 13960, 3217, 4885, 9645, 16941, 14750, 13171, 9132, 1355, 4440, 15747, 8233, 6008, 12781, 16749, 13905, 18198, 5033, 2910, 16502, 1233, 965, 16926, 3944, 13518, 18213, 12739, 9972, 14609, 5764, 6128, 9532, 12680, 3672, 5458, 6822, 11547, 3163, 8040, 14081, 8369, 18182, 17541, 11552, 12451, 15074, 1783, 17730, 1690, 16992, 2490, 2459, 18065, 320, 18311, 45, 9495, 4572, 544, 12731, 16811, 15096, 14957, 4594, 16607, 2449, 7791, 13659, 8892, 1713, 17336, 6598, 13832, 10495, 18937, 3067, 3473, 12715, 13492, 14787, 16503, 17899, 16638, 2408, 7141, 10590, 2917, 14650, 12571, 4321, 2855, 1829, 3736, 3381, 11069, 16093, 15201, 14311, 9836, 18289, 16899, 897, 13981, 12223, 8884, 15721, 7778, 13648, 5737, 6550, 19249, 2715, 447, 12941, 8915, 18963, 16291, 760, 5869, 3635, 3439, 6740, 5003, 3174, 2945, 16056, 4860, 11216, 7363, 1147, 12124, 9764, 11245, 4361, 7784, 16285, 17057, 11203, 5114, 17655, 12056, 17890, 7741, 15799, 10258, 16088, 19222, 15303, 1433, 5991, 322, 2322, 3156, 9940, 7814, 17068, 16968, 10018, 1991, 11946, 8705, 10371, 4619, 11074, 2034, 15550, 11743, 18666, 13494, 14175, 13948, 15123, 11154, 10397, 1701, 4770, 839, 12085, 16500, 16241, 1535, 18782, 2221, 539, 18405, 4245, 103, 1571, 16945, 12196, 9441, 1732, 1367, 3596, 4794, 7230, 5245, 17483, 2955, 2003, 11509, 4044, 12934, 3456, 16693, 593, 4582, 14076, 10972, 1965, 7227, 14324, 8658, 3772, 8355, 11889, 1908, 2684, 10026, 1666, 16507, 5589, 9295, 8389, 2099, 18653, 13808, 19147, 6675, 10970, 2788, 19028, 16983, 16166, 9845, 8160, 11381, 10088, 10333, 11716, 14695, 12697, 4365, 3747, 17296, 11904, 74, 7047, 10639, 13094, 940, 10478, 2032, 6642, 14896, 10840, 5430, 5556, 12597, 2183, 18403, 4252, 14613, 18283, 8790, 12140, 13540, 13353, 14114, 13297, 4056, 14038, 11299, 13770, 11433, 14285, 1526, 1955, 15711, 255, 12481, 612, 1635, 4886, 357, 11434, 9524, 13106, 2607, 5391, 9406, 2331, 624, 2749, 17849, 9829, 11436, 18426, 9481, 18550, 15647, 532, 11720, 11824, 15610, 15741, 7902, 13558, 17967, 14539, 17889, 4631, 1238, 16921, 7787, 15293, 3108, 8215, 2851, 4514, 12938, 16730, 17178, 4890, 17960, 4725, 7917, 3191, 8231, 16341, 8195, 10913, 2173, 5557, 2637, 16896, 5806, 1815, 1451, 8864, 2290, 12108, 5328, 6203, 2431, 7508, 17898, 17188, 6897, 1199, 15526, 18437, 6631, 8644, 16917, 14964, 14233, 2454, 584, 4830, 7199, 4180, 14889, 5761, 13756, 6917, 7756, 18880, 15095, 1816, 14070, 16252, 7429, 16589, 1631, 15968, 15221, 12478, 18594, 1477, 5637, 12058, 1205, 13397, 9107, 18654, 1968, 3759, 13147, 14144, 14973, 12452, 18020, 13592, 17920, 13687, 11335, 7207, 418, 7834, 778, 12982, 10688, 9031, 509, 9601, 9780, 17040, 12023, 3916, 91, 6536, 18535, 7547, 15240, 707, 14533, 15064, 17012, 16805, 8637, 5969, 16221, 1940, 13307, 4717, 12615, 18220, 11028, 12170, 1743, 2376, 12415, 14220, 18827, 1294, 18543, 6977, 15309, 11778, 11842, 17103, 3857, 4637, 12162, 19169, 17166, 18237, 17818, 9507, 19022, 5790, 19112, 15611, 1118, 15184, 18703, 1817, 15530, 16579, 8437, 11839, 11378, 3537, 9205, 9217, 16272, 18759, 16828, 12002, 8348, 1723, 3481, 14115, 379, 8544, 264, 6015, 7672, 2253, 7364, 3706, 13796, 17139, 16125, 12059, 9623, 7185, 2418, 18230, 3087, 281, 4379, 1796, 8459, 4400, 17824, 2736, 16446, 13525, 15341, 3275, 7872, 1662, 7557, 4319, 15442, 7181, 10456, 4963, 17048, 16943, 12784, 3441, 5240, 9975, 13216, 17702, 11594, 13554, 6165, 19168, 16070, 3540, 3262, 10661, 4061, 13173, 2875, 17014, 4349, 10818, 8428, 16764, 14232, 8930, 15734, 17680, 7069, 15684, 17050, 18987, 6914, 6863, 19263, 10595, 150, 10039, 2722, 18223, 16444, 6559, 7258, 2661, 7699, 17136, 12773, 4247, 5723, 15194, 1696, 1500, 2807, 9893, 11835, 13240, 18313, 17107, 10265, 10244, 5570, 2862, 14049, 1012, 12861, 723, 9583, 17461, 10056, 1264, 8297, 3716, 14666, 15259, 13531, 543, 13723, 16810, 6700, 3516, 13766, 7186, 10692, 6321, 15484, 14547, 8744, 3703, 10383, 16829, 6366, 6846, 3906, 2021, 18133, 857, 279, 12232, 10212, 10541, 12325, 13475, 1225, 937, 6966, 10881, 16936, 18502, 1440, 11914, 3326, 5633, 14913, 4623, 10743, 12361, 17335, 1072, 5043, 14810, 15077, 3255, 17215, 6553, 17852, 4801, 6962, 3060, 9430, 8799, 13824, 188, 15175, 15163, 4733, 5011, 3536, 17635, 6532, 14071, 6112, 17158, 6597, 11272, 105, 19219, 5013, 12483, 201, 6848, 17033, 6367, 7859, 14702, 18844, 7053, 18694, 15670, 636, 10129, 6378, 5369, 7273, 16247, 9142, 15345, 16817, 14854, 2600, 15783, 889, 11833, 6612, 2068, 2427, 7062, 7918, 16181, 5464, 8339, 8950, 8453, 16423, 6064, 2380, 4268, 13929, 12974, 19141, 1299, 2484, 3883, 3273, 8772, 13256, 11239, 5766, 18098, 12705, 11004, 2695, 10048, 10960, 2766, 15661, 13258, 8015, 6032, 16397, 7749, 19039, 7634, 15076, 4234, 15114, 8475, 8091, 19220, 18004, 9704, 13918, 15569, 16443, 10015, 9943, 7817, 9349, 2588, 8249, 398, 5316, 15538, 18372, 13559, 2937, 2803, 16248, 6155, 630, 9911, 13190, 19157, 15788, 13248, 13148, 1320, 12074, 8471, 8798, 3213, 12418, 814, 2402, 12718, 12397, 10564, 9875, 10128, 6947, 9491, 17707, 3266, 19196, 14309, 18523, 19043, 17975, 18063, 11618, 15016, 14434, 7680, 1739, 18029, 11694, 1745, 9271, 5189, 9561, 11283, 14978, 10753, 16017, 12914, 978, 2828, 17257, 13135, 5061, 121, 6602, 16015, 19271, 12159, 1244, 8260, 13195, 15873, 12815, 14291, 14515, 118, 4892, 14985, 9551, 12654, 4739, 927, 12176, 9523, 11726, 18187, 5880, 2569, 3386, 13942, 3390, 15774, 129, 65, 12922, 8422, 12692, 16213, 11515, 2111, 8347, 10758, 14064, 4401, 17782, 15621, 6709, 14716, 4091, 13964, 8424, 4218, 7249, 11311, 11171, 18564, 14755, 7114, 14009, 14815, 294, 495, 7684, 6833, 4046, 3505, 16995, 17858, 7761, 15803, 9840, 13958, 8226, 10369, 12497, 17142, 1748, 2854, 7159, 11539, 11055, 13337, 17173, 14214, 6803, 11144, 12649, 283, 15489, 13174, 7015, 610, 7030, 18206, 14077, 15468, 14962, 8046, 7809, 17387, 16034, 16678, 1173, 3502, 12942, 15655, 16859, 7099, 1673, 446, 1365, 5881, 3713, 11697, 1897, 16001, 1702, 14149, 11876, 9341, 4325, 6923, 2001, 138, 3276, 18716, 17604, 10501, 115, 12800, 6111, 11148, 4549, 16057, 4707, 6843, 16091, 4295, 7519, 13708, 12409, 11018, 5052, 13566, 14715, 12755, 793, 10837, 1888, 12375, 3935, 5763, 11791, 11258, 13264, 11469, 4683, 8905, 1853, 11600, 4421, 2798, 5074, 18141, 13807, 8595, 8126, 13837, 8060, 6956, 11767, 14560, 9389, 15261, 1232, 12560, 7262, 11504, 3546, 4627, 1177, 517, 4008, 9219, 17696, 4148, 14124, 13243, 11235, 7561, 8331, 16320, 3591, 11341, 4015, 12028, 14929, 18601, 3528, 14065, 1510, 19191, 13833, 17616, 10869, 17689, 831, 16725, 6319, 15465, 10467, 8162, 13563, 7728, 10778, 13545, 12290, 16480, 14401, 12838, 4212, 17529, 4832, 15111, 12690, 10373, 7596, 18614, 17477, 1043, 13100, 4774, 17479, 3774, 9302, 3901, 13071, 6412, 9516, 1261, 3054, 13522, 17602, 14343, 18500, 10957, 2791, 9624, 3634, 17904, 5709, 14670, 11058, 7087, 7435, 13848, 82, 5565, 2562, 14029, 3583, 1676, 12709, 18473, 3158, 12787, 8068, 8263, 16146, 3593, 1802, 1861, 3348, 4487, 17749, 6105, 10471, 17472, 10200, 1182, 14180, 1076, 10156, 4839, 9903, 4879, 9720, 2157, 15344, 16067, 3064, 17182, 5368, 4987, 18484, 18923, 11896, 1052, 15727, 15289, 5885, 1933, 5251, 17072, 6038, 6195, 13524, 6606, 18506, 17536, 6784, 3231, 14121, 8925, 10030, 803, 13764, 146, 19268, 14099, 4130, 16372, 1537, 12248, 13718, 17187, 11728, 1740, 19233, 5600, 4092, 4779, 6028, 3395, 16152, 19150, 2417, 11980, 11237, 8427, 18127, 3538, 9257, 607, 2078, 18457, 5802, 3435, 15019, 4256, 9221, 13465, 11742, 5788, 9528, 17493, 4607, 3131, 6616, 5356, 1550, 4617, 8827, 849, 2601, 4437, 17861, 10261, 15704, 3890, 8149, 12063, 3086, 15925, 12301, 6847, 5603, 7768, 3187, 13372, 9258, 6584, 7594, 2603, 1835, 17380, 17193, 15251, 15937, 18731, 4082, 14911, 16626, 8824, 16208, 10167, 17711, 9678, 15852, 13620, 16479, 14586, 2446, 4866, 1315, 7746, 10615, 7927, 2443, 7157, 13506, 18410, 10494]",1219,1500,3,False,1500
817,qa definition,qa definition,52,True,True,True,"{21: 26, 33: 14, 2: 18, 29: 13, 25: 57, 43: 9, 57: 16, 49: 16, 61: 14, 67: 52, 65: 21, 50: 28, 15: 53, 6: 13, 46: 15, 27: 69, 7: 65, 48: 67, 19: 21, 31: 14, 63: 26, 22: 39, 9: 79, 26: 40, 47: 15, 53: 66, 11: 19, 51: 26, 54: 9, 13: 32, 17: 37, 52: 30, 39: 27, 38: 19, 1: 6, 59: 33, 56: 23, 32: 9, 8: 25, 4: 12, 20: 26, 24: 7, 18: 31, 42: 7, 28: 31, 45: 57, 0: 13, 66: 11, 62: 11, 35: 7, 64: 15, 37: 2, 40: 25, 3: 3, 14: 5, 12: 8, 16: 15, 55: 16, 30: 13, 58: 6, 36: 4, 60: 5, 5: 3, 41: 2, 44: 2, 34: 2}","[12686, 3384, 6034, 14374, 14516, 14680, 18580, 5912, 661, 4433, 14182, 14634, 14672, 13694, 17233, 12320, 12666, 7276, 14925, 15315, 1125, 14820, 3769, 14096, 12401, 14972, 14176, 4685, 4278, 5735, 7514, 16051, 15882, 4696, 17145, 19193, 12994, 9901, 13641, 15193, 6739, 9240, 1608, 14664, 18117, 5676, 15714, 5964, 5329, 16651, 15936, 14441, 15878, 18316, 14255, 18692, 5858, 4640, 10716, 13839, 16635, 2097, 11464, 12427, 2320, 14629, 7617, 16183, 16205, 2170, 4384, 6683, 5285, 18707, 6780, 4231, 2404, 4895, 18091, 2944, 13054, 3904, 3491, 9455, 15985, 10432, 8657, 15304, 9114, 5838, 5197, 17244, 6207, 3970, 17246, 3950, 6168, 8697, 6800, 9942, 11118, 8582, 6355, 15275, 4581, 12724, 11921, 1833, 523, 7619, 15729, 176, 8576, 3101, 1573, 1283, 11796, 11277, 2547, 1738, 6806, 15187, 7129, 5179, 5854, 16373, 9231, 6270, 777, 2062, 13249, 4144, 6325, 3924, 5350, 14414, 3142, 2249, 6444, 13582, 2833, 18030, 6483, 18404, 15057, 7482, 15001, 15872, 14584, 10835, 954, 7257, 1381, 17819, 17518, 6497, 14430, 4901, 16466, 10805, 132, 7506, 755, 14427, 12119, 16613, 19042, 14994, 11257, 8042, 2144, 5966, 1580, 8010, 2550, 10684, 14088, 5037, 8764, 17076, 14185, 15984, 5299, 16601, 19182, 13197, 14561, 12605, 17010, 2703, 6715, 11207, 10188, 212, 2293, 17676, 1720, 5934, 112, 8568, 15870, 3226, 4524, 4431, 5141, 5383, 7609, 12807, 19001, 14368, 6704, 14903, 4172, 117, 18698, 1699, 16558, 7518, 10618, 2110, 10308, 7828, 6623, 17644, 4449, 951, 13858, 15106, 8402, 916, 4771, 8608, 6448, 6656, 13547, 2814, 8336, 8093, 6398, 637, 9909, 10621, 786, 14146, 17292, 9457, 3, 2884, 14785, 10504, 16361, 8181, 17690, 654, 11067, 18741, 386, 18208, 10130, 8079, 7082, 14740, 8076, 18619, 14428, 10992, 12679, 9431, 18328, 13606, 7641, 13542, 1002, 11975, 15646, 19078, 1352, 8683, 16053, 11763, 14823, 7059, 4995, 3754, 6213, 10090, 19084, 1973, 8131, 5353, 836, 13960, 3217, 4885, 9645, 16941, 14750, 13171, 9132, 1355, 4440, 15747, 8233, 6008, 12781, 16749, 13905, 18198, 5033, 2910, 16502, 1233, 965, 16926, 3944, 13518, 18213, 12739, 9972, 14609, 5764, 6128, 9532, 12680, 3672, 5458, 6822, 11547, 3163, 8040, 14081, 8369, 18182, 17541, 11552, 12451, 15074, 1783, 17730, 1690, 16992, 2490, 2459, 18065, 320, 18311, 45, 9495, 4572, 544, 12731, 16811, 15096, 14957, 4594, 16607, 2449, 7791, 13659, 8892, 1713, 17336, 6598, 13832, 10495, 18937, 3067, 3473, 12715, 13492, 14787, 16503, 17899, 16638, 2408, 7141, 10590, 2917, 14650, 12571, 4321, 2855, 1829, 3736, 3381, 11069, 16093, 15201, 14311, 9836, 18289, 16899, 897, 13981, 12223, 8884, 15721, 7778, 13648, 5737, 6550, 19249, 2715, 447, 12941, 8915, 18963, 16291, 760, 5869, 3635, 3439, 6740, 5003, 3174, 2945, 16056, 4860, 11216, 7363, 1147, 12124, 9764, 11245, 4361, 7784, 16285, 17057, 11203, 5114, 17655, 12056, 17890, 7741, 15799, 10258, 16088, 19222, 15303, 1433, 5991, 322, 2322, 3156, 9940, 7814, 17068, 16968, 10018, 1991, 11946, 8705, 10371, 4619, 11074, 2034, 15550, 11743, 18666, 13494, 14175, 13948, 15123, 11154, 10397, 1701, 4770, 839, 12085, 16500, 16241, 1535, 18782, 2221, 539, 18405, 4245, 103, 1571, 16945, 12196, 9441, 1732, 1367, 3596, 4794, 7230, 5245, 17483, 2955, 2003, 11509, 4044, 12934, 3456, 16693, 593, 4582, 14076, 10972, 1965, 7227, 14324, 8658, 3772, 8355, 11889, 1908, 2684, 10026, 1666, 16507, 5589, 9295, 8389, 2099, 18653, 13808, 19147, 6675, 10970, 2788, 19028, 16983, 16166, 9845, 8160, 11381, 10088, 10333, 11716, 14695, 12697, 4365, 3747, 17296, 11904, 74, 7047, 10639, 13094, 940, 10478, 2032, 6642, 14896, 10840, 5430, 5556, 12597, 2183, 18403, 4252, 14613, 18283, 8790, 12140, 13540, 13353, 14114, 13297, 4056, 14038, 11299, 13770, 11433, 14285, 1526, 1955, 15711, 255, 12481, 612, 1635, 4886, 357, 11434, 9524, 13106, 2607, 5391, 9406, 2331, 624, 2749, 17849, 9829, 11436, 18426, 9481, 18550, 15647, 532, 11720, 11824, 15610, 15741, 7902, 13558, 17967, 14539, 17889, 4631, 1238, 16921, 7787, 15293, 3108, 8215, 2851, 4514, 12938, 16730, 17178, 4890, 17960, 4725, 7917, 3191, 8231, 16341, 8195, 10913, 2173, 5557, 2637, 16896, 5806, 1815, 1451, 8864, 2290, 12108, 5328, 6203, 2431, 7508, 17898, 17188, 6897, 1199, 15526, 18437, 6631, 8644, 16917, 14964, 14233, 2454, 584, 4830, 7199, 4180, 14889, 5761, 13756, 6917, 7756, 18880, 15095, 1816, 14070, 16252, 7429, 16589, 1631, 15968, 15221, 12478, 18594, 1477, 5637, 12058, 1205, 13397, 9107, 18654, 1968, 3759, 13147, 14144, 14973, 12452, 18020, 13592, 17920, 13687, 11335, 7207, 418, 7834, 778, 12982, 10688, 9031, 509, 9601, 9780, 17040, 12023, 3916, 91, 6536, 18535, 7547, 15240, 707, 14533, 15064, 17012, 16805, 8637, 5969, 16221, 1940, 13307, 4717, 12615, 18220, 11028, 12170, 1743, 2376, 12415, 14220, 18827, 1294, 18543, 6977, 15309, 11778, 11842, 17103, 3857, 4637, 12162, 19169, 17166, 18237, 17818, 9507, 19022, 5790, 19112, 15611, 1118, 15184, 18703, 1817, 15530, 16579, 8437, 11839, 11378, 3537, 9205, 9217, 16272, 18759, 16828, 12002, 8348, 1723, 3481, 14115, 379, 8544, 264, 6015, 7672, 2253, 7364, 3706, 13796, 17139, 16125, 12059, 9623, 7185, 2418, 18230, 3087, 281, 4379, 1796, 8459, 4400, 17824, 2736, 16446, 13525, 15341, 3275, 7872, 1662, 7557, 4319, 15442, 7181, 10456, 4963, 17048, 16943, 12784, 3441, 5240, 9975, 13216, 17702, 11594, 13554, 6165, 19168, 16070, 3540, 3262, 10661, 4061, 13173, 2875, 17014, 4349, 10818, 8428, 16764, 14232, 8930, 15734, 17680, 7069, 15684, 17050, 18987, 6914, 6863, 19263, 10595, 150, 10039, 2722, 18223, 16444, 6559, 7258, 2661, 7699, 17136, 12773, 4247, 5723, 15194, 1696, 1500, 2807, 9893, 11835, 13240, 18313, 17107, 10265, 10244, 5570, 2862, 14049, 1012, 12861, 723, 9583, 17461, 10056, 1264, 8297, 3716, 14666, 15259, 13531, 543, 13723, 16810, 6700, 3516, 13766, 7186, 10692, 6321, 15484, 14547, 8744, 3703, 10383, 16829, 6366, 6846, 3906, 2021, 18133, 857, 279, 12232, 10212, 10541, 12325, 13475, 1225, 937, 6966, 10881, 16936, 18502, 1440, 11914, 3326, 5633, 14913, 4623, 10743, 12361, 17335, 1072, 5043, 14810, 15077, 3255, 17215, 6553, 17852, 4801, 6962, 3060, 9430, 8799, 13824, 188, 15175, 15163, 4733, 5011, 3536, 17635, 6532, 14071, 6112, 17158, 6597, 11272, 105, 19219, 5013, 12483, 201, 6848, 17033, 6367, 7859, 14702, 18844, 7053, 18694, 15670, 636, 10129, 6378, 5369, 7273, 16247, 9142, 15345, 16817, 14854, 2600, 15783, 889, 11833, 6612, 2068, 2427, 7062, 7918, 16181, 5464, 8339, 8950, 8453, 16423, 6064, 2380, 4268, 13929, 12974, 19141, 1299, 2484, 3883, 3273, 8772, 13256, 11239, 5766, 18098, 12705, 11004, 2695, 10048, 10960, 2766, 15661, 13258, 8015, 6032, 16397, 7749, 19039, 7634, 15076, 4234, 15114, 8475, 8091, 19220, 18004, 9704, 13918, 15569, 16443, 10015, 9943, 7817, 9349, 2588, 8249, 398, 5316, 15538, 18372, 13559, 2937, 2803, 16248, 6155, 630, 9911, 13190, 19157, 15788, 13248, 13148, 1320, 12074, 8471, 8798, 3213, 12418, 814, 2402, 12718, 12397, 10564, 9875, 10128, 6947, 9491, 17707, 3266, 19196, 14309, 18523, 19043, 17975, 18063, 11618, 15016, 14434, 7680, 1739, 18029, 11694, 1745, 9271, 5189, 9561, 11283, 14978, 10753, 16017, 12914, 978, 2828, 17257, 13135, 5061, 121, 6602, 16015, 19271, 12159, 1244, 8260, 13195, 15873, 12815, 14291, 14515, 118, 4892, 14985, 9551, 12654, 4739, 927, 12176, 9523, 11726, 18187, 5880, 2569, 3386, 13942, 3390, 15774, 129, 65, 12922, 8422, 12692, 16213, 11515, 2111, 8347, 10758, 14064, 4401, 17782, 15621, 6709, 14716, 4091, 13964, 8424, 4218, 7249, 11311, 11171, 18564, 14755, 7114, 14009, 14815, 294, 495, 7684, 6833, 4046, 3505, 16995, 17858, 7761, 15803, 9840, 13958, 8226, 10369, 12497, 17142, 1748, 2854, 7159, 11539, 11055, 13337, 17173, 14214, 6803, 11144, 12649, 283, 15489, 13174, 7015, 610, 7030, 18206, 14077, 15468, 14962, 8046, 7809, 17387, 16034, 16678, 1173, 3502, 12942, 15655, 16859, 7099, 1673, 446, 1365, 5881, 3713, 11697, 1897, 16001, 1702, 14149, 11876, 9341, 4325, 6923, 2001, 138, 3276, 18716, 17604, 10501, 115, 12800, 6111, 11148, 4549, 16057, 4707, 6843, 16091, 4295, 7519, 13708, 12409, 11018, 5052, 13566, 14715, 12755, 793, 10837, 1888, 12375, 3935, 5763, 11791, 11258, 13264, 11469, 4683, 8905, 1853, 11600, 4421, 2798, 5074, 18141, 13807, 8595, 8126, 13837, 8060, 6956, 11767, 14560, 9389, 15261, 1232, 12560, 7262, 11504, 3546, 4627, 1177, 517, 4008, 9219, 17696, 4148, 14124, 13243, 11235, 7561, 8331, 16320, 3591, 11341, 4015, 12028, 14929, 18601, 3528, 14065, 1510, 19191, 13833, 17616, 10869, 17689, 831, 16725, 6319, 15465, 10467, 8162, 13563, 7728, 10778, 13545, 12290, 16480, 14401, 12838, 4212, 17529, 4832, 15111, 12690, 10373, 7596, 18614, 17477, 1043, 13100, 4774, 17479, 3774, 9302, 3901, 13071, 6412, 9516, 1261, 3054, 13522, 17602, 14343, 18500, 10957, 2791, 9624, 3634, 17904, 5709, 14670, 11058, 7087, 7435, 13848, 82, 5565, 2562, 14029, 3583, 1676, 12709, 18473, 3158, 12787, 8068, 8263, 16146, 3593, 1802, 1861, 3348, 4487, 17749, 6105, 10471, 17472, 10200, 1182, 14180, 1076, 10156, 4839, 9903, 4879, 9720, 2157, 15344, 16067, 3064, 17182, 5368, 4987, 18484, 18923, 11896, 1052, 15727, 15289, 5885, 1933, 5251, 17072, 6038, 6195, 13524, 6606, 18506, 17536, 6784, 3231, 14121, 8925, 10030, 803, 13764, 146, 19268, 14099, 4130, 16372, 1537, 12248, 13718, 17187, 11728, 1740, 19233, 5600, 4092, 4779, 6028, 3395, 16152, 19150, 2417, 11980, 11237, 8427, 18127, 3538, 9257, 607, 2078, 18457, 5802, 3435, 15019, 4256, 9221, 13465, 11742, 5788, 9528, 17493, 4607, 3131, 6616, 5356, 1550, 4617, 8827, 849, 2601, 4437, 17861, 10261, 15704, 3890, 8149, 12063, 3086, 15925, 12301, 6847, 5603, 7768, 3187, 13372, 9258, 6584, 7594, 2603, 1835, 17380, 17193, 15251, 15937, 18731, 4082, 14911, 16626, 8824, 16208, 10167, 17711, 9678, 15852, 13620, 16479, 14586, 2446, 4866, 1315, 7746, 10615, 7927, 2443, 7157, 13506, 18410, 10494]",817,1500,3,False,1500
3747,general confirm,general confirm,20,True,True,True,"{21: 26, 33: 14, 2: 18, 29: 13, 25: 57, 43: 9, 57: 16, 49: 16, 61: 14, 67: 52, 65: 21, 50: 28, 15: 53, 6: 13, 46: 15, 27: 69, 7: 65, 48: 67, 19: 21, 31: 14, 63: 26, 22: 39, 9: 79, 26: 40, 47: 15, 53: 66, 11: 19, 51: 26, 54: 9, 13: 32, 17: 37, 52: 30, 39: 27, 38: 19, 1: 6, 59: 33, 56: 23, 32: 9, 8: 25, 4: 12, 20: 26, 24: 7, 18: 31, 42: 7, 28: 31, 45: 57, 0: 13, 66: 11, 62: 11, 35: 7, 64: 15, 37: 2, 40: 25, 3: 3, 14: 5, 12: 8, 16: 15, 55: 16, 30: 13, 58: 6, 36: 4, 60: 5, 5: 3, 41: 2, 44: 2, 34: 2}","[12686, 3384, 6034, 14374, 14516, 14680, 18580, 5912, 661, 4433, 14182, 14634, 14672, 13694, 17233, 12320, 12666, 7276, 14925, 15315, 1125, 14820, 3769, 14096, 12401, 14972, 14176, 4685, 4278, 5735, 7514, 16051, 15882, 4696, 17145, 19193, 12994, 9901, 13641, 15193, 6739, 9240, 1608, 14664, 18117, 5676, 15714, 5964, 5329, 16651, 15936, 14441, 15878, 18316, 14255, 18692, 5858, 4640, 10716, 13839, 16635, 2097, 11464, 12427, 2320, 14629, 7617, 16183, 16205, 2170, 4384, 6683, 5285, 18707, 6780, 4231, 2404, 4895, 18091, 2944, 13054, 3904, 3491, 9455, 15985, 10432, 8657, 15304, 9114, 5838, 5197, 17244, 6207, 3970, 17246, 3950, 6168, 8697, 6800, 9942, 11118, 8582, 6355, 15275, 4581, 12724, 11921, 1833, 523, 7619, 15729, 176, 8576, 3101, 1573, 1283, 11796, 11277, 2547, 1738, 6806, 15187, 7129, 5179, 5854, 16373, 9231, 6270, 777, 2062, 13249, 4144, 6325, 3924, 5350, 14414, 3142, 2249, 6444, 13582, 2833, 18030, 6483, 18404, 15057, 7482, 15001, 15872, 14584, 10835, 954, 7257, 1381, 17819, 17518, 6497, 14430, 4901, 16466, 10805, 132, 7506, 755, 14427, 12119, 16613, 19042, 14994, 11257, 8042, 2144, 5966, 1580, 8010, 2550, 10684, 14088, 5037, 8764, 17076, 14185, 15984, 5299, 16601, 19182, 13197, 14561, 12605, 17010, 2703, 6715, 11207, 10188, 212, 2293, 17676, 1720, 5934, 112, 8568, 15870, 3226, 4524, 4431, 5141, 5383, 7609, 12807, 19001, 14368, 6704, 14903, 4172, 117, 18698, 1699, 16558, 7518, 10618, 2110, 10308, 7828, 6623, 17644, 4449, 951, 13858, 15106, 8402, 916, 4771, 8608, 6448, 6656, 13547, 2814, 8336, 8093, 6398, 637, 9909, 10621, 786, 14146, 17292, 9457, 3, 2884, 14785, 10504, 16361, 8181, 17690, 654, 11067, 18741, 386, 18208, 10130, 8079, 7082, 14740, 8076, 18619, 14428, 10992, 12679, 9431, 18328, 13606, 7641, 13542, 1002, 11975, 15646, 19078, 1352, 8683, 16053, 11763, 14823, 7059, 4995, 3754, 6213, 10090, 19084, 1973, 8131, 5353, 836, 13960, 3217, 4885, 9645, 16941, 14750, 13171, 9132, 1355, 4440, 15747, 8233, 6008, 12781, 16749, 13905, 18198, 5033, 2910, 16502, 1233, 965, 16926, 3944, 13518, 18213, 12739, 9972, 14609, 5764, 6128, 9532, 12680, 3672, 5458, 6822, 11547, 3163, 8040, 14081, 8369, 18182, 17541, 11552, 12451, 15074, 1783, 17730, 1690, 16992, 2490, 2459, 18065, 320, 18311, 45, 9495, 4572, 544, 12731, 16811, 15096, 14957, 4594, 16607, 2449, 7791, 13659, 8892, 1713, 17336, 6598, 13832, 10495, 18937, 3067, 3473, 12715, 13492, 14787, 16503, 17899, 16638, 2408, 7141, 10590, 2917, 14650, 12571, 4321, 2855, 1829, 3736, 3381, 11069, 16093, 15201, 14311, 9836, 18289, 16899, 897, 13981, 12223, 8884, 15721, 7778, 13648, 5737, 6550, 19249, 2715, 447, 12941, 8915, 18963, 16291, 760, 5869, 3635, 3439, 6740, 5003, 3174, 2945, 16056, 4860, 11216, 7363, 1147, 12124, 9764, 11245, 4361, 7784, 16285, 17057, 11203, 5114, 17655, 12056, 17890, 7741, 15799, 10258, 16088, 19222, 15303, 1433, 5991, 322, 2322, 3156, 9940, 7814, 17068, 16968, 10018, 1991, 11946, 8705, 10371, 4619, 11074, 2034, 15550, 11743, 18666, 13494, 14175, 13948, 15123, 11154, 10397, 1701, 4770, 839, 12085, 16500, 16241, 1535, 18782, 2221, 539, 18405, 4245, 103, 1571, 16945, 12196, 9441, 1732, 1367, 3596, 4794, 7230, 5245, 17483, 2955, 2003, 11509, 4044, 12934, 3456, 16693, 593, 4582, 14076, 10972, 1965, 7227, 14324, 8658, 3772, 8355, 11889, 1908, 2684, 10026, 1666, 16507, 5589, 9295, 8389, 2099, 18653, 13808, 19147, 6675, 10970, 2788, 19028, 16983, 16166, 9845, 8160, 11381, 10088, 10333, 11716, 14695, 12697, 4365, 3747, 17296, 11904, 74, 7047, 10639, 13094, 940, 10478, 2032, 6642, 14896, 10840, 5430, 5556, 12597, 2183, 18403, 4252, 14613, 18283, 8790, 12140, 13540, 13353, 14114, 13297, 4056, 14038, 11299, 13770, 11433, 14285, 1526, 1955, 15711, 255, 12481, 612, 1635, 4886, 357, 11434, 9524, 13106, 2607, 5391, 9406, 2331, 624, 2749, 17849, 9829, 11436, 18426, 9481, 18550, 15647, 532, 11720, 11824, 15610, 15741, 7902, 13558, 17967, 14539, 17889, 4631, 1238, 16921, 7787, 15293, 3108, 8215, 2851, 4514, 12938, 16730, 17178, 4890, 17960, 4725, 7917, 3191, 8231, 16341, 8195, 10913, 2173, 5557, 2637, 16896, 5806, 1815, 1451, 8864, 2290, 12108, 5328, 6203, 2431, 7508, 17898, 17188, 6897, 1199, 15526, 18437, 6631, 8644, 16917, 14964, 14233, 2454, 584, 4830, 7199, 4180, 14889, 5761, 13756, 6917, 7756, 18880, 15095, 1816, 14070, 16252, 7429, 16589, 1631, 15968, 15221, 12478, 18594, 1477, 5637, 12058, 1205, 13397, 9107, 18654, 1968, 3759, 13147, 14144, 14973, 12452, 18020, 13592, 17920, 13687, 11335, 7207, 418, 7834, 778, 12982, 10688, 9031, 509, 9601, 9780, 17040, 12023, 3916, 91, 6536, 18535, 7547, 15240, 707, 14533, 15064, 17012, 16805, 8637, 5969, 16221, 1940, 13307, 4717, 12615, 18220, 11028, 12170, 1743, 2376, 12415, 14220, 18827, 1294, 18543, 6977, 15309, 11778, 11842, 17103, 3857, 4637, 12162, 19169, 17166, 18237, 17818, 9507, 19022, 5790, 19112, 15611, 1118, 15184, 18703, 1817, 15530, 16579, 8437, 11839, 11378, 3537, 9205, 9217, 16272, 18759, 16828, 12002, 8348, 1723, 3481, 14115, 379, 8544, 264, 6015, 7672, 2253, 7364, 3706, 13796, 17139, 16125, 12059, 9623, 7185, 2418, 18230, 3087, 281, 4379, 1796, 8459, 4400, 17824, 2736, 16446, 13525, 15341, 3275, 7872, 1662, 7557, 4319, 15442, 7181, 10456, 4963, 17048, 16943, 12784, 3441, 5240, 9975, 13216, 17702, 11594, 13554, 6165, 19168, 16070, 3540, 3262, 10661, 4061, 13173, 2875, 17014, 4349, 10818, 8428, 16764, 14232, 8930, 15734, 17680, 7069, 15684, 17050, 18987, 6914, 6863, 19263, 10595, 150, 10039, 2722, 18223, 16444, 6559, 7258, 2661, 7699, 17136, 12773, 4247, 5723, 15194, 1696, 1500, 2807, 9893, 11835, 13240, 18313, 17107, 10265, 10244, 5570, 2862, 14049, 1012, 12861, 723, 9583, 17461, 10056, 1264, 8297, 3716, 14666, 15259, 13531, 543, 13723, 16810, 6700, 3516, 13766, 7186, 10692, 6321, 15484, 14547, 8744, 3703, 10383, 16829, 6366, 6846, 3906, 2021, 18133, 857, 279, 12232, 10212, 10541, 12325, 13475, 1225, 937, 6966, 10881, 16936, 18502, 1440, 11914, 3326, 5633, 14913, 4623, 10743, 12361, 17335, 1072, 5043, 14810, 15077, 3255, 17215, 6553, 17852, 4801, 6962, 3060, 9430, 8799, 13824, 188, 15175, 15163, 4733, 5011, 3536, 17635, 6532, 14071, 6112, 17158, 6597, 11272, 105, 19219, 5013, 12483, 201, 6848, 17033, 6367, 7859, 14702, 18844, 7053, 18694, 15670, 636, 10129, 6378, 5369, 7273, 16247, 9142, 15345, 16817, 14854, 2600, 15783, 889, 11833, 6612, 2068, 2427, 7062, 7918, 16181, 5464, 8339, 8950, 8453, 16423, 6064, 2380, 4268, 13929, 12974, 19141, 1299, 2484, 3883, 3273, 8772, 13256, 11239, 5766, 18098, 12705, 11004, 2695, 10048, 10960, 2766, 15661, 13258, 8015, 6032, 16397, 7749, 19039, 7634, 15076, 4234, 15114, 8475, 8091, 19220, 18004, 9704, 13918, 15569, 16443, 10015, 9943, 7817, 9349, 2588, 8249, 398, 5316, 15538, 18372, 13559, 2937, 2803, 16248, 6155, 630, 9911, 13190, 19157, 15788, 13248, 13148, 1320, 12074, 8471, 8798, 3213, 12418, 814, 2402, 12718, 12397, 10564, 9875, 10128, 6947, 9491, 17707, 3266, 19196, 14309, 18523, 19043, 17975, 18063, 11618, 15016, 14434, 7680, 1739, 18029, 11694, 1745, 9271, 5189, 9561, 11283, 14978, 10753, 16017, 12914, 978, 2828, 17257, 13135, 5061, 121, 6602, 16015, 19271, 12159, 1244, 8260, 13195, 15873, 12815, 14291, 14515, 118, 4892, 14985, 9551, 12654, 4739, 927, 12176, 9523, 11726, 18187, 5880, 2569, 3386, 13942, 3390, 15774, 129, 65, 12922, 8422, 12692, 16213, 11515, 2111, 8347, 10758, 14064, 4401, 17782, 15621, 6709, 14716, 4091, 13964, 8424, 4218, 7249, 11311, 11171, 18564, 14755, 7114, 14009, 14815, 294, 495, 7684, 6833, 4046, 3505, 16995, 17858, 7761, 15803, 9840, 13958, 8226, 10369, 12497, 17142, 1748, 2854, 7159, 11539, 11055, 13337, 17173, 14214, 6803, 11144, 12649, 283, 15489, 13174, 7015, 610, 7030, 18206, 14077, 15468, 14962, 8046, 7809, 17387, 16034, 16678, 1173, 3502, 12942, 15655, 16859, 7099, 1673, 446, 1365, 5881, 3713, 11697, 1897, 16001, 1702, 14149, 11876, 9341, 4325, 6923, 2001, 138, 3276, 18716, 17604, 10501, 115, 12800, 6111, 11148, 4549, 16057, 4707, 6843, 16091, 4295, 7519, 13708, 12409, 11018, 5052, 13566, 14715, 12755, 793, 10837, 1888, 12375, 3935, 5763, 11791, 11258, 13264, 11469, 4683, 8905, 1853, 11600, 4421, 2798, 5074, 18141, 13807, 8595, 8126, 13837, 8060, 6956, 11767, 14560, 9389, 15261, 1232, 12560, 7262, 11504, 3546, 4627, 1177, 517, 4008, 9219, 17696, 4148, 14124, 13243, 11235, 7561, 8331, 16320, 3591, 11341, 4015, 12028, 14929, 18601, 3528, 14065, 1510, 19191, 13833, 17616, 10869, 17689, 831, 16725, 6319, 15465, 10467, 8162, 13563, 7728, 10778, 13545, 12290, 16480, 14401, 12838, 4212, 17529, 4832, 15111, 12690, 10373, 7596, 18614, 17477, 1043, 13100, 4774, 17479, 3774, 9302, 3901, 13071, 6412, 9516, 1261, 3054, 13522, 17602, 14343, 18500, 10957, 2791, 9624, 3634, 17904, 5709, 14670, 11058, 7087, 7435, 13848, 82, 5565, 2562, 14029, 3583, 1676, 12709, 18473, 3158, 12787, 8068, 8263, 16146, 3593, 1802, 1861, 3348, 4487, 17749, 6105, 10471, 17472, 10200, 1182, 14180, 1076, 10156, 4839, 9903, 4879, 9720, 2157, 15344, 16067, 3064, 17182, 5368, 4987, 18484, 18923, 11896, 1052, 15727, 15289, 5885, 1933, 5251, 17072, 6038, 6195, 13524, 6606, 18506, 17536, 6784, 3231, 14121, 8925, 10030, 803, 13764, 146, 19268, 14099, 4130, 16372, 1537, 12248, 13718, 17187, 11728, 1740, 19233, 5600, 4092, 4779, 6028, 3395, 16152, 19150, 2417, 11980, 11237, 8427, 18127, 3538, 9257, 607, 2078, 18457, 5802, 3435, 15019, 4256, 9221, 13465, 11742, 5788, 9528, 17493, 4607, 3131, 6616, 5356, 1550, 4617, 8827, 849, 2601, 4437, 17861, 10261, 15704, 3890, 8149, 12063, 3086, 15925, 12301, 6847, 5603, 7768, 3187, 13372, 9258, 6584, 7594, 2603, 1835, 17380, 17193, 15251, 15937, 18731, 4082, 14911, 16626, 8824, 16208, 10167, 17711, 9678, 15852, 13620, 16479, 14586, 2446, 4866, 1315, 7746, 10615, 7927, 2443, 7157, 13506, 18410, 10494]",3747,1500,3,False,1500
4668,weather query,weather,67,True,True,False,"{21: 26, 33: 14, 2: 18, 29: 13, 25: 57, 43: 9, 57: 16, 49: 16, 61: 14, 67: 52, 65: 21, 50: 28, 15: 53, 6: 13, 46: 15, 27: 69, 7: 65, 48: 67, 19: 21, 31: 14, 63: 26, 22: 39, 9: 79, 26: 40, 47: 15, 53: 66, 11: 19, 51: 26, 54: 9, 13: 32, 17: 37, 52: 30, 39: 27, 38: 19, 1: 6, 59: 33, 56: 23, 32: 9, 8: 25, 4: 12, 20: 26, 24: 7, 18: 31, 42: 7, 28: 31, 45: 57, 0: 13, 66: 11, 62: 11, 35: 7, 64: 15, 37: 2, 40: 25, 3: 3, 14: 5, 12: 8, 16: 15, 55: 16, 30: 13, 58: 6, 36: 4, 60: 5, 5: 3, 41: 2, 44: 2, 34: 2}","[12686, 3384, 6034, 14374, 14516, 14680, 18580, 5912, 661, 4433, 14182, 14634, 14672, 13694, 17233, 12320, 12666, 7276, 14925, 15315, 1125, 14820, 3769, 14096, 12401, 14972, 14176, 4685, 4278, 5735, 7514, 16051, 15882, 4696, 17145, 19193, 12994, 9901, 13641, 15193, 6739, 9240, 1608, 14664, 18117, 5676, 15714, 5964, 5329, 16651, 15936, 14441, 15878, 18316, 14255, 18692, 5858, 4640, 10716, 13839, 16635, 2097, 11464, 12427, 2320, 14629, 7617, 16183, 16205, 2170, 4384, 6683, 5285, 18707, 6780, 4231, 2404, 4895, 18091, 2944, 13054, 3904, 3491, 9455, 15985, 10432, 8657, 15304, 9114, 5838, 5197, 17244, 6207, 3970, 17246, 3950, 6168, 8697, 6800, 9942, 11118, 8582, 6355, 15275, 4581, 12724, 11921, 1833, 523, 7619, 15729, 176, 8576, 3101, 1573, 1283, 11796, 11277, 2547, 1738, 6806, 15187, 7129, 5179, 5854, 16373, 9231, 6270, 777, 2062, 13249, 4144, 6325, 3924, 5350, 14414, 3142, 2249, 6444, 13582, 2833, 18030, 6483, 18404, 15057, 7482, 15001, 15872, 14584, 10835, 954, 7257, 1381, 17819, 17518, 6497, 14430, 4901, 16466, 10805, 132, 7506, 755, 14427, 12119, 16613, 19042, 14994, 11257, 8042, 2144, 5966, 1580, 8010, 2550, 10684, 14088, 5037, 8764, 17076, 14185, 15984, 5299, 16601, 19182, 13197, 14561, 12605, 17010, 2703, 6715, 11207, 10188, 212, 2293, 17676, 1720, 5934, 112, 8568, 15870, 3226, 4524, 4431, 5141, 5383, 7609, 12807, 19001, 14368, 6704, 14903, 4172, 117, 18698, 1699, 16558, 7518, 10618, 2110, 10308, 7828, 6623, 17644, 4449, 951, 13858, 15106, 8402, 916, 4771, 8608, 6448, 6656, 13547, 2814, 8336, 8093, 6398, 637, 9909, 10621, 786, 14146, 17292, 9457, 3, 2884, 14785, 10504, 16361, 8181, 17690, 654, 11067, 18741, 386, 18208, 10130, 8079, 7082, 14740, 8076, 18619, 14428, 10992, 12679, 9431, 18328, 13606, 7641, 13542, 1002, 11975, 15646, 19078, 1352, 8683, 16053, 11763, 14823, 7059, 4995, 3754, 6213, 10090, 19084, 1973, 8131, 5353, 836, 13960, 3217, 4885, 9645, 16941, 14750, 13171, 9132, 1355, 4440, 15747, 8233, 6008, 12781, 16749, 13905, 18198, 5033, 2910, 16502, 1233, 965, 16926, 3944, 13518, 18213, 12739, 9972, 14609, 5764, 6128, 9532, 12680, 3672, 5458, 6822, 11547, 3163, 8040, 14081, 8369, 18182, 17541, 11552, 12451, 15074, 1783, 17730, 1690, 16992, 2490, 2459, 18065, 320, 18311, 45, 9495, 4572, 544, 12731, 16811, 15096, 14957, 4594, 16607, 2449, 7791, 13659, 8892, 1713, 17336, 6598, 13832, 10495, 18937, 3067, 3473, 12715, 13492, 14787, 16503, 17899, 16638, 2408, 7141, 10590, 2917, 14650, 12571, 4321, 2855, 1829, 3736, 3381, 11069, 16093, 15201, 14311, 9836, 18289, 16899, 897, 13981, 12223, 8884, 15721, 7778, 13648, 5737, 6550, 19249, 2715, 447, 12941, 8915, 18963, 16291, 760, 5869, 3635, 3439, 6740, 5003, 3174, 2945, 16056, 4860, 11216, 7363, 1147, 12124, 9764, 11245, 4361, 7784, 16285, 17057, 11203, 5114, 17655, 12056, 17890, 7741, 15799, 10258, 16088, 19222, 15303, 1433, 5991, 322, 2322, 3156, 9940, 7814, 17068, 16968, 10018, 1991, 11946, 8705, 10371, 4619, 11074, 2034, 15550, 11743, 18666, 13494, 14175, 13948, 15123, 11154, 10397, 1701, 4770, 839, 12085, 16500, 16241, 1535, 18782, 2221, 539, 18405, 4245, 103, 1571, 16945, 12196, 9441, 1732, 1367, 3596, 4794, 7230, 5245, 17483, 2955, 2003, 11509, 4044, 12934, 3456, 16693, 593, 4582, 14076, 10972, 1965, 7227, 14324, 8658, 3772, 8355, 11889, 1908, 2684, 10026, 1666, 16507, 5589, 9295, 8389, 2099, 18653, 13808, 19147, 6675, 10970, 2788, 19028, 16983, 16166, 9845, 8160, 11381, 10088, 10333, 11716, 14695, 12697, 4365, 3747, 17296, 11904, 74, 7047, 10639, 13094, 940, 10478, 2032, 6642, 14896, 10840, 5430, 5556, 12597, 2183, 18403, 4252, 14613, 18283, 8790, 12140, 13540, 13353, 14114, 13297, 4056, 14038, 11299, 13770, 11433, 14285, 1526, 1955, 15711, 255, 12481, 612, 1635, 4886, 357, 11434, 9524, 13106, 2607, 5391, 9406, 2331, 624, 2749, 17849, 9829, 11436, 18426, 9481, 18550, 15647, 532, 11720, 11824, 15610, 15741, 7902, 13558, 17967, 14539, 17889, 4631, 1238, 16921, 7787, 15293, 3108, 8215, 2851, 4514, 12938, 16730, 17178, 4890, 17960, 4725, 7917, 3191, 8231, 16341, 8195, 10913, 2173, 5557, 2637, 16896, 5806, 1815, 1451, 8864, 2290, 12108, 5328, 6203, 2431, 7508, 17898, 17188, 6897, 1199, 15526, 18437, 6631, 8644, 16917, 14964, 14233, 2454, 584, 4830, 7199, 4180, 14889, 5761, 13756, 6917, 7756, 18880, 15095, 1816, 14070, 16252, 7429, 16589, 1631, 15968, 15221, 12478, 18594, 1477, 5637, 12058, 1205, 13397, 9107, 18654, 1968, 3759, 13147, 14144, 14973, 12452, 18020, 13592, 17920, 13687, 11335, 7207, 418, 7834, 778, 12982, 10688, 9031, 509, 9601, 9780, 17040, 12023, 3916, 91, 6536, 18535, 7547, 15240, 707, 14533, 15064, 17012, 16805, 8637, 5969, 16221, 1940, 13307, 4717, 12615, 18220, 11028, 12170, 1743, 2376, 12415, 14220, 18827, 1294, 18543, 6977, 15309, 11778, 11842, 17103, 3857, 4637, 12162, 19169, 17166, 18237, 17818, 9507, 19022, 5790, 19112, 15611, 1118, 15184, 18703, 1817, 15530, 16579, 8437, 11839, 11378, 3537, 9205, 9217, 16272, 18759, 16828, 12002, 8348, 1723, 3481, 14115, 379, 8544, 264, 6015, 7672, 2253, 7364, 3706, 13796, 17139, 16125, 12059, 9623, 7185, 2418, 18230, 3087, 281, 4379, 1796, 8459, 4400, 17824, 2736, 16446, 13525, 15341, 3275, 7872, 1662, 7557, 4319, 15442, 7181, 10456, 4963, 17048, 16943, 12784, 3441, 5240, 9975, 13216, 17702, 11594, 13554, 6165, 19168, 16070, 3540, 3262, 10661, 4061, 13173, 2875, 17014, 4349, 10818, 8428, 16764, 14232, 8930, 15734, 17680, 7069, 15684, 17050, 18987, 6914, 6863, 19263, 10595, 150, 10039, 2722, 18223, 16444, 6559, 7258, 2661, 7699, 17136, 12773, 4247, 5723, 15194, 1696, 1500, 2807, 9893, 11835, 13240, 18313, 17107, 10265, 10244, 5570, 2862, 14049, 1012, 12861, 723, 9583, 17461, 10056, 1264, 8297, 3716, 14666, 15259, 13531, 543, 13723, 16810, 6700, 3516, 13766, 7186, 10692, 6321, 15484, 14547, 8744, 3703, 10383, 16829, 6366, 6846, 3906, 2021, 18133, 857, 279, 12232, 10212, 10541, 12325, 13475, 1225, 937, 6966, 10881, 16936, 18502, 1440, 11914, 3326, 5633, 14913, 4623, 10743, 12361, 17335, 1072, 5043, 14810, 15077, 3255, 17215, 6553, 17852, 4801, 6962, 3060, 9430, 8799, 13824, 188, 15175, 15163, 4733, 5011, 3536, 17635, 6532, 14071, 6112, 17158, 6597, 11272, 105, 19219, 5013, 12483, 201, 6848, 17033, 6367, 7859, 14702, 18844, 7053, 18694, 15670, 636, 10129, 6378, 5369, 7273, 16247, 9142, 15345, 16817, 14854, 2600, 15783, 889, 11833, 6612, 2068, 2427, 7062, 7918, 16181, 5464, 8339, 8950, 8453, 16423, 6064, 2380, 4268, 13929, 12974, 19141, 1299, 2484, 3883, 3273, 8772, 13256, 11239, 5766, 18098, 12705, 11004, 2695, 10048, 10960, 2766, 15661, 13258, 8015, 6032, 16397, 7749, 19039, 7634, 15076, 4234, 15114, 8475, 8091, 19220, 18004, 9704, 13918, 15569, 16443, 10015, 9943, 7817, 9349, 2588, 8249, 398, 5316, 15538, 18372, 13559, 2937, 2803, 16248, 6155, 630, 9911, 13190, 19157, 15788, 13248, 13148, 1320, 12074, 8471, 8798, 3213, 12418, 814, 2402, 12718, 12397, 10564, 9875, 10128, 6947, 9491, 17707, 3266, 19196, 14309, 18523, 19043, 17975, 18063, 11618, 15016, 14434, 7680, 1739, 18029, 11694, 1745, 9271, 5189, 9561, 11283, 14978, 10753, 16017, 12914, 978, 2828, 17257, 13135, 5061, 121, 6602, 16015, 19271, 12159, 1244, 8260, 13195, 15873, 12815, 14291, 14515, 118, 4892, 14985, 9551, 12654, 4739, 927, 12176, 9523, 11726, 18187, 5880, 2569, 3386, 13942, 3390, 15774, 129, 65, 12922, 8422, 12692, 16213, 11515, 2111, 8347, 10758, 14064, 4401, 17782, 15621, 6709, 14716, 4091, 13964, 8424, 4218, 7249, 11311, 11171, 18564, 14755, 7114, 14009, 14815, 294, 495, 7684, 6833, 4046, 3505, 16995, 17858, 7761, 15803, 9840, 13958, 8226, 10369, 12497, 17142, 1748, 2854, 7159, 11539, 11055, 13337, 17173, 14214, 6803, 11144, 12649, 283, 15489, 13174, 7015, 610, 7030, 18206, 14077, 15468, 14962, 8046, 7809, 17387, 16034, 16678, 1173, 3502, 12942, 15655, 16859, 7099, 1673, 446, 1365, 5881, 3713, 11697, 1897, 16001, 1702, 14149, 11876, 9341, 4325, 6923, 2001, 138, 3276, 18716, 17604, 10501, 115, 12800, 6111, 11148, 4549, 16057, 4707, 6843, 16091, 4295, 7519, 13708, 12409, 11018, 5052, 13566, 14715, 12755, 793, 10837, 1888, 12375, 3935, 5763, 11791, 11258, 13264, 11469, 4683, 8905, 1853, 11600, 4421, 2798, 5074, 18141, 13807, 8595, 8126, 13837, 8060, 6956, 11767, 14560, 9389, 15261, 1232, 12560, 7262, 11504, 3546, 4627, 1177, 517, 4008, 9219, 17696, 4148, 14124, 13243, 11235, 7561, 8331, 16320, 3591, 11341, 4015, 12028, 14929, 18601, 3528, 14065, 1510, 19191, 13833, 17616, 10869, 17689, 831, 16725, 6319, 15465, 10467, 8162, 13563, 7728, 10778, 13545, 12290, 16480, 14401, 12838, 4212, 17529, 4832, 15111, 12690, 10373, 7596, 18614, 17477, 1043, 13100, 4774, 17479, 3774, 9302, 3901, 13071, 6412, 9516, 1261, 3054, 13522, 17602, 14343, 18500, 10957, 2791, 9624, 3634, 17904, 5709, 14670, 11058, 7087, 7435, 13848, 82, 5565, 2562, 14029, 3583, 1676, 12709, 18473, 3158, 12787, 8068, 8263, 16146, 3593, 1802, 1861, 3348, 4487, 17749, 6105, 10471, 17472, 10200, 1182, 14180, 1076, 10156, 4839, 9903, 4879, 9720, 2157, 15344, 16067, 3064, 17182, 5368, 4987, 18484, 18923, 11896, 1052, 15727, 15289, 5885, 1933, 5251, 17072, 6038, 6195, 13524, 6606, 18506, 17536, 6784, 3231, 14121, 8925, 10030, 803, 13764, 146, 19268, 14099, 4130, 16372, 1537, 12248, 13718, 17187, 11728, 1740, 19233, 5600, 4092, 4779, 6028, 3395, 16152, 19150, 2417, 11980, 11237, 8427, 18127, 3538, 9257, 607, 2078, 18457, 5802, 3435, 15019, 4256, 9221, 13465, 11742, 5788, 9528, 17493, 4607, 3131, 6616, 5356, 1550, 4617, 8827, 849, 2601, 4437, 17861, 10261, 15704, 3890, 8149, 12063, 3086, 15925, 12301, 6847, 5603, 7768, 3187, 13372, 9258, 6584, 7594, 2603, 1835, 17380, 17193, 15251, 15937, 18731, 4082, 14911, 16626, 8824, 16208, 10167, 17711, 9678, 15852, 13620, 16479, 14586, 2446, 4866, 1315, 7746, 10615, 7927, 2443, 7157, 13506, 18410, 10494]",4668,1500,3,False,1500
4616,weather query,weather,67,True,True,False,"{21: 26, 33: 14, 2: 18, 29: 13, 25: 57, 43: 9, 57: 16, 49: 16, 61: 14, 67: 52, 65: 21, 50: 28, 15: 53, 6: 13, 46: 15, 27: 69, 7: 65, 48: 67, 19: 21, 31: 14, 63: 26, 22: 39, 9: 79, 26: 40, 47: 15, 53: 66, 11: 19, 51: 26, 54: 9, 13: 32, 17: 37, 52: 30, 39: 27, 38: 19, 1: 6, 59: 33, 56: 23, 32: 9, 8: 25, 4: 12, 20: 26, 24: 7, 18: 31, 42: 7, 28: 31, 45: 57, 0: 13, 66: 11, 62: 11, 35: 7, 64: 15, 37: 2, 40: 25, 3: 3, 14: 5, 12: 8, 16: 15, 55: 16, 30: 13, 58: 6, 36: 4, 60: 5, 5: 3, 41: 2, 44: 2, 34: 2}","[12686, 3384, 6034, 14374, 14516, 14680, 18580, 5912, 661, 4433, 14182, 14634, 14672, 13694, 17233, 12320, 12666, 7276, 14925, 15315, 1125, 14820, 3769, 14096, 12401, 14972, 14176, 4685, 4278, 5735, 7514, 16051, 15882, 4696, 17145, 19193, 12994, 9901, 13641, 15193, 6739, 9240, 1608, 14664, 18117, 5676, 15714, 5964, 5329, 16651, 15936, 14441, 15878, 18316, 14255, 18692, 5858, 4640, 10716, 13839, 16635, 2097, 11464, 12427, 2320, 14629, 7617, 16183, 16205, 2170, 4384, 6683, 5285, 18707, 6780, 4231, 2404, 4895, 18091, 2944, 13054, 3904, 3491, 9455, 15985, 10432, 8657, 15304, 9114, 5838, 5197, 17244, 6207, 3970, 17246, 3950, 6168, 8697, 6800, 9942, 11118, 8582, 6355, 15275, 4581, 12724, 11921, 1833, 523, 7619, 15729, 176, 8576, 3101, 1573, 1283, 11796, 11277, 2547, 1738, 6806, 15187, 7129, 5179, 5854, 16373, 9231, 6270, 777, 2062, 13249, 4144, 6325, 3924, 5350, 14414, 3142, 2249, 6444, 13582, 2833, 18030, 6483, 18404, 15057, 7482, 15001, 15872, 14584, 10835, 954, 7257, 1381, 17819, 17518, 6497, 14430, 4901, 16466, 10805, 132, 7506, 755, 14427, 12119, 16613, 19042, 14994, 11257, 8042, 2144, 5966, 1580, 8010, 2550, 10684, 14088, 5037, 8764, 17076, 14185, 15984, 5299, 16601, 19182, 13197, 14561, 12605, 17010, 2703, 6715, 11207, 10188, 212, 2293, 17676, 1720, 5934, 112, 8568, 15870, 3226, 4524, 4431, 5141, 5383, 7609, 12807, 19001, 14368, 6704, 14903, 4172, 117, 18698, 1699, 16558, 7518, 10618, 2110, 10308, 7828, 6623, 17644, 4449, 951, 13858, 15106, 8402, 916, 4771, 8608, 6448, 6656, 13547, 2814, 8336, 8093, 6398, 637, 9909, 10621, 786, 14146, 17292, 9457, 3, 2884, 14785, 10504, 16361, 8181, 17690, 654, 11067, 18741, 386, 18208, 10130, 8079, 7082, 14740, 8076, 18619, 14428, 10992, 12679, 9431, 18328, 13606, 7641, 13542, 1002, 11975, 15646, 19078, 1352, 8683, 16053, 11763, 14823, 7059, 4995, 3754, 6213, 10090, 19084, 1973, 8131, 5353, 836, 13960, 3217, 4885, 9645, 16941, 14750, 13171, 9132, 1355, 4440, 15747, 8233, 6008, 12781, 16749, 13905, 18198, 5033, 2910, 16502, 1233, 965, 16926, 3944, 13518, 18213, 12739, 9972, 14609, 5764, 6128, 9532, 12680, 3672, 5458, 6822, 11547, 3163, 8040, 14081, 8369, 18182, 17541, 11552, 12451, 15074, 1783, 17730, 1690, 16992, 2490, 2459, 18065, 320, 18311, 45, 9495, 4572, 544, 12731, 16811, 15096, 14957, 4594, 16607, 2449, 7791, 13659, 8892, 1713, 17336, 6598, 13832, 10495, 18937, 3067, 3473, 12715, 13492, 14787, 16503, 17899, 16638, 2408, 7141, 10590, 2917, 14650, 12571, 4321, 2855, 1829, 3736, 3381, 11069, 16093, 15201, 14311, 9836, 18289, 16899, 897, 13981, 12223, 8884, 15721, 7778, 13648, 5737, 6550, 19249, 2715, 447, 12941, 8915, 18963, 16291, 760, 5869, 3635, 3439, 6740, 5003, 3174, 2945, 16056, 4860, 11216, 7363, 1147, 12124, 9764, 11245, 4361, 7784, 16285, 17057, 11203, 5114, 17655, 12056, 17890, 7741, 15799, 10258, 16088, 19222, 15303, 1433, 5991, 322, 2322, 3156, 9940, 7814, 17068, 16968, 10018, 1991, 11946, 8705, 10371, 4619, 11074, 2034, 15550, 11743, 18666, 13494, 14175, 13948, 15123, 11154, 10397, 1701, 4770, 839, 12085, 16500, 16241, 1535, 18782, 2221, 539, 18405, 4245, 103, 1571, 16945, 12196, 9441, 1732, 1367, 3596, 4794, 7230, 5245, 17483, 2955, 2003, 11509, 4044, 12934, 3456, 16693, 593, 4582, 14076, 10972, 1965, 7227, 14324, 8658, 3772, 8355, 11889, 1908, 2684, 10026, 1666, 16507, 5589, 9295, 8389, 2099, 18653, 13808, 19147, 6675, 10970, 2788, 19028, 16983, 16166, 9845, 8160, 11381, 10088, 10333, 11716, 14695, 12697, 4365, 3747, 17296, 11904, 74, 7047, 10639, 13094, 940, 10478, 2032, 6642, 14896, 10840, 5430, 5556, 12597, 2183, 18403, 4252, 14613, 18283, 8790, 12140, 13540, 13353, 14114, 13297, 4056, 14038, 11299, 13770, 11433, 14285, 1526, 1955, 15711, 255, 12481, 612, 1635, 4886, 357, 11434, 9524, 13106, 2607, 5391, 9406, 2331, 624, 2749, 17849, 9829, 11436, 18426, 9481, 18550, 15647, 532, 11720, 11824, 15610, 15741, 7902, 13558, 17967, 14539, 17889, 4631, 1238, 16921, 7787, 15293, 3108, 8215, 2851, 4514, 12938, 16730, 17178, 4890, 17960, 4725, 7917, 3191, 8231, 16341, 8195, 10913, 2173, 5557, 2637, 16896, 5806, 1815, 1451, 8864, 2290, 12108, 5328, 6203, 2431, 7508, 17898, 17188, 6897, 1199, 15526, 18437, 6631, 8644, 16917, 14964, 14233, 2454, 584, 4830, 7199, 4180, 14889, 5761, 13756, 6917, 7756, 18880, 15095, 1816, 14070, 16252, 7429, 16589, 1631, 15968, 15221, 12478, 18594, 1477, 5637, 12058, 1205, 13397, 9107, 18654, 1968, 3759, 13147, 14144, 14973, 12452, 18020, 13592, 17920, 13687, 11335, 7207, 418, 7834, 778, 12982, 10688, 9031, 509, 9601, 9780, 17040, 12023, 3916, 91, 6536, 18535, 7547, 15240, 707, 14533, 15064, 17012, 16805, 8637, 5969, 16221, 1940, 13307, 4717, 12615, 18220, 11028, 12170, 1743, 2376, 12415, 14220, 18827, 1294, 18543, 6977, 15309, 11778, 11842, 17103, 3857, 4637, 12162, 19169, 17166, 18237, 17818, 9507, 19022, 5790, 19112, 15611, 1118, 15184, 18703, 1817, 15530, 16579, 8437, 11839, 11378, 3537, 9205, 9217, 16272, 18759, 16828, 12002, 8348, 1723, 3481, 14115, 379, 8544, 264, 6015, 7672, 2253, 7364, 3706, 13796, 17139, 16125, 12059, 9623, 7185, 2418, 18230, 3087, 281, 4379, 1796, 8459, 4400, 17824, 2736, 16446, 13525, 15341, 3275, 7872, 1662, 7557, 4319, 15442, 7181, 10456, 4963, 17048, 16943, 12784, 3441, 5240, 9975, 13216, 17702, 11594, 13554, 6165, 19168, 16070, 3540, 3262, 10661, 4061, 13173, 2875, 17014, 4349, 10818, 8428, 16764, 14232, 8930, 15734, 17680, 7069, 15684, 17050, 18987, 6914, 6863, 19263, 10595, 150, 10039, 2722, 18223, 16444, 6559, 7258, 2661, 7699, 17136, 12773, 4247, 5723, 15194, 1696, 1500, 2807, 9893, 11835, 13240, 18313, 17107, 10265, 10244, 5570, 2862, 14049, 1012, 12861, 723, 9583, 17461, 10056, 1264, 8297, 3716, 14666, 15259, 13531, 543, 13723, 16810, 6700, 3516, 13766, 7186, 10692, 6321, 15484, 14547, 8744, 3703, 10383, 16829, 6366, 6846, 3906, 2021, 18133, 857, 279, 12232, 10212, 10541, 12325, 13475, 1225, 937, 6966, 10881, 16936, 18502, 1440, 11914, 3326, 5633, 14913, 4623, 10743, 12361, 17335, 1072, 5043, 14810, 15077, 3255, 17215, 6553, 17852, 4801, 6962, 3060, 9430, 8799, 13824, 188, 15175, 15163, 4733, 5011, 3536, 17635, 6532, 14071, 6112, 17158, 6597, 11272, 105, 19219, 5013, 12483, 201, 6848, 17033, 6367, 7859, 14702, 18844, 7053, 18694, 15670, 636, 10129, 6378, 5369, 7273, 16247, 9142, 15345, 16817, 14854, 2600, 15783, 889, 11833, 6612, 2068, 2427, 7062, 7918, 16181, 5464, 8339, 8950, 8453, 16423, 6064, 2380, 4268, 13929, 12974, 19141, 1299, 2484, 3883, 3273, 8772, 13256, 11239, 5766, 18098, 12705, 11004, 2695, 10048, 10960, 2766, 15661, 13258, 8015, 6032, 16397, 7749, 19039, 7634, 15076, 4234, 15114, 8475, 8091, 19220, 18004, 9704, 13918, 15569, 16443, 10015, 9943, 7817, 9349, 2588, 8249, 398, 5316, 15538, 18372, 13559, 2937, 2803, 16248, 6155, 630, 9911, 13190, 19157, 15788, 13248, 13148, 1320, 12074, 8471, 8798, 3213, 12418, 814, 2402, 12718, 12397, 10564, 9875, 10128, 6947, 9491, 17707, 3266, 19196, 14309, 18523, 19043, 17975, 18063, 11618, 15016, 14434, 7680, 1739, 18029, 11694, 1745, 9271, 5189, 9561, 11283, 14978, 10753, 16017, 12914, 978, 2828, 17257, 13135, 5061, 121, 6602, 16015, 19271, 12159, 1244, 8260, 13195, 15873, 12815, 14291, 14515, 118, 4892, 14985, 9551, 12654, 4739, 927, 12176, 9523, 11726, 18187, 5880, 2569, 3386, 13942, 3390, 15774, 129, 65, 12922, 8422, 12692, 16213, 11515, 2111, 8347, 10758, 14064, 4401, 17782, 15621, 6709, 14716, 4091, 13964, 8424, 4218, 7249, 11311, 11171, 18564, 14755, 7114, 14009, 14815, 294, 495, 7684, 6833, 4046, 3505, 16995, 17858, 7761, 15803, 9840, 13958, 8226, 10369, 12497, 17142, 1748, 2854, 7159, 11539, 11055, 13337, 17173, 14214, 6803, 11144, 12649, 283, 15489, 13174, 7015, 610, 7030, 18206, 14077, 15468, 14962, 8046, 7809, 17387, 16034, 16678, 1173, 3502, 12942, 15655, 16859, 7099, 1673, 446, 1365, 5881, 3713, 11697, 1897, 16001, 1702, 14149, 11876, 9341, 4325, 6923, 2001, 138, 3276, 18716, 17604, 10501, 115, 12800, 6111, 11148, 4549, 16057, 4707, 6843, 16091, 4295, 7519, 13708, 12409, 11018, 5052, 13566, 14715, 12755, 793, 10837, 1888, 12375, 3935, 5763, 11791, 11258, 13264, 11469, 4683, 8905, 1853, 11600, 4421, 2798, 5074, 18141, 13807, 8595, 8126, 13837, 8060, 6956, 11767, 14560, 9389, 15261, 1232, 12560, 7262, 11504, 3546, 4627, 1177, 517, 4008, 9219, 17696, 4148, 14124, 13243, 11235, 7561, 8331, 16320, 3591, 11341, 4015, 12028, 14929, 18601, 3528, 14065, 1510, 19191, 13833, 17616, 10869, 17689, 831, 16725, 6319, 15465, 10467, 8162, 13563, 7728, 10778, 13545, 12290, 16480, 14401, 12838, 4212, 17529, 4832, 15111, 12690, 10373, 7596, 18614, 17477, 1043, 13100, 4774, 17479, 3774, 9302, 3901, 13071, 6412, 9516, 1261, 3054, 13522, 17602, 14343, 18500, 10957, 2791, 9624, 3634, 17904, 5709, 14670, 11058, 7087, 7435, 13848, 82, 5565, 2562, 14029, 3583, 1676, 12709, 18473, 3158, 12787, 8068, 8263, 16146, 3593, 1802, 1861, 3348, 4487, 17749, 6105, 10471, 17472, 10200, 1182, 14180, 1076, 10156, 4839, 9903, 4879, 9720, 2157, 15344, 16067, 3064, 17182, 5368, 4987, 18484, 18923, 11896, 1052, 15727, 15289, 5885, 1933, 5251, 17072, 6038, 6195, 13524, 6606, 18506, 17536, 6784, 3231, 14121, 8925, 10030, 803, 13764, 146, 19268, 14099, 4130, 16372, 1537, 12248, 13718, 17187, 11728, 1740, 19233, 5600, 4092, 4779, 6028, 3395, 16152, 19150, 2417, 11980, 11237, 8427, 18127, 3538, 9257, 607, 2078, 18457, 5802, 3435, 15019, 4256, 9221, 13465, 11742, 5788, 9528, 17493, 4607, 3131, 6616, 5356, 1550, 4617, 8827, 849, 2601, 4437, 17861, 10261, 15704, 3890, 8149, 12063, 3086, 15925, 12301, 6847, 5603, 7768, 3187, 13372, 9258, 6584, 7594, 2603, 1835, 17380, 17193, 15251, 15937, 18731, 4082, 14911, 16626, 8824, 16208, 10167, 17711, 9678, 15852, 13620, 16479, 14586, 2446, 4866, 1315, 7746, 10615, 7927, 2443, 7157, 13506, 18410, 10494]",4616,1500,3,False,1500
6006,qa definition,general qu,27,True,False,True,"{21: 26, 33: 14, 2: 18, 29: 13, 25: 57, 43: 9, 57: 16, 49: 16, 61: 14, 67: 52, 65: 21, 50: 28, 15: 53, 6: 13, 46: 15, 27: 69, 7: 65, 48: 67, 19: 21, 31: 14, 63: 26, 22: 39, 9: 79, 26: 40, 47: 15, 53: 66, 11: 19, 51: 26, 54: 9, 13: 32, 17: 37, 52: 30, 39: 27, 38: 19, 1: 6, 59: 33, 56: 23, 32: 9, 8: 25, 4: 12, 20: 26, 24: 7, 18: 31, 42: 7, 28: 31, 45: 57, 0: 13, 66: 11, 62: 11, 35: 7, 64: 15, 37: 2, 40: 25, 3: 3, 14: 5, 12: 8, 16: 15, 55: 16, 30: 13, 58: 6, 36: 4, 60: 5, 5: 3, 41: 2, 44: 2, 34: 2}","[12686, 3384, 6034, 14374, 14516, 14680, 18580, 5912, 661, 4433, 14182, 14634, 14672, 13694, 17233, 12320, 12666, 7276, 14925, 15315, 1125, 14820, 3769, 14096, 12401, 14972, 14176, 4685, 4278, 5735, 7514, 16051, 15882, 4696, 17145, 19193, 12994, 9901, 13641, 15193, 6739, 9240, 1608, 14664, 18117, 5676, 15714, 5964, 5329, 16651, 15936, 14441, 15878, 18316, 14255, 18692, 5858, 4640, 10716, 13839, 16635, 2097, 11464, 12427, 2320, 14629, 7617, 16183, 16205, 2170, 4384, 6683, 5285, 18707, 6780, 4231, 2404, 4895, 18091, 2944, 13054, 3904, 3491, 9455, 15985, 10432, 8657, 15304, 9114, 5838, 5197, 17244, 6207, 3970, 17246, 3950, 6168, 8697, 6800, 9942, 11118, 8582, 6355, 15275, 4581, 12724, 11921, 1833, 523, 7619, 15729, 176, 8576, 3101, 1573, 1283, 11796, 11277, 2547, 1738, 6806, 15187, 7129, 5179, 5854, 16373, 9231, 6270, 777, 2062, 13249, 4144, 6325, 3924, 5350, 14414, 3142, 2249, 6444, 13582, 2833, 18030, 6483, 18404, 15057, 7482, 15001, 15872, 14584, 10835, 954, 7257, 1381, 17819, 17518, 6497, 14430, 4901, 16466, 10805, 132, 7506, 755, 14427, 12119, 16613, 19042, 14994, 11257, 8042, 2144, 5966, 1580, 8010, 2550, 10684, 14088, 5037, 8764, 17076, 14185, 15984, 5299, 16601, 19182, 13197, 14561, 12605, 17010, 2703, 6715, 11207, 10188, 212, 2293, 17676, 1720, 5934, 112, 8568, 15870, 3226, 4524, 4431, 5141, 5383, 7609, 12807, 19001, 14368, 6704, 14903, 4172, 117, 18698, 1699, 16558, 7518, 10618, 2110, 10308, 7828, 6623, 17644, 4449, 951, 13858, 15106, 8402, 916, 4771, 8608, 6448, 6656, 13547, 2814, 8336, 8093, 6398, 637, 9909, 10621, 786, 14146, 17292, 9457, 3, 2884, 14785, 10504, 16361, 8181, 17690, 654, 11067, 18741, 386, 18208, 10130, 8079, 7082, 14740, 8076, 18619, 14428, 10992, 12679, 9431, 18328, 13606, 7641, 13542, 1002, 11975, 15646, 19078, 1352, 8683, 16053, 11763, 14823, 7059, 4995, 3754, 6213, 10090, 19084, 1973, 8131, 5353, 836, 13960, 3217, 4885, 9645, 16941, 14750, 13171, 9132, 1355, 4440, 15747, 8233, 6008, 12781, 16749, 13905, 18198, 5033, 2910, 16502, 1233, 965, 16926, 3944, 13518, 18213, 12739, 9972, 14609, 5764, 6128, 9532, 12680, 3672, 5458, 6822, 11547, 3163, 8040, 14081, 8369, 18182, 17541, 11552, 12451, 15074, 1783, 17730, 1690, 16992, 2490, 2459, 18065, 320, 18311, 45, 9495, 4572, 544, 12731, 16811, 15096, 14957, 4594, 16607, 2449, 7791, 13659, 8892, 1713, 17336, 6598, 13832, 10495, 18937, 3067, 3473, 12715, 13492, 14787, 16503, 17899, 16638, 2408, 7141, 10590, 2917, 14650, 12571, 4321, 2855, 1829, 3736, 3381, 11069, 16093, 15201, 14311, 9836, 18289, 16899, 897, 13981, 12223, 8884, 15721, 7778, 13648, 5737, 6550, 19249, 2715, 447, 12941, 8915, 18963, 16291, 760, 5869, 3635, 3439, 6740, 5003, 3174, 2945, 16056, 4860, 11216, 7363, 1147, 12124, 9764, 11245, 4361, 7784, 16285, 17057, 11203, 5114, 17655, 12056, 17890, 7741, 15799, 10258, 16088, 19222, 15303, 1433, 5991, 322, 2322, 3156, 9940, 7814, 17068, 16968, 10018, 1991, 11946, 8705, 10371, 4619, 11074, 2034, 15550, 11743, 18666, 13494, 14175, 13948, 15123, 11154, 10397, 1701, 4770, 839, 12085, 16500, 16241, 1535, 18782, 2221, 539, 18405, 4245, 103, 1571, 16945, 12196, 9441, 1732, 1367, 3596, 4794, 7230, 5245, 17483, 2955, 2003, 11509, 4044, 12934, 3456, 16693, 593, 4582, 14076, 10972, 1965, 7227, 14324, 8658, 3772, 8355, 11889, 1908, 2684, 10026, 1666, 16507, 5589, 9295, 8389, 2099, 18653, 13808, 19147, 6675, 10970, 2788, 19028, 16983, 16166, 9845, 8160, 11381, 10088, 10333, 11716, 14695, 12697, 4365, 3747, 17296, 11904, 74, 7047, 10639, 13094, 940, 10478, 2032, 6642, 14896, 10840, 5430, 5556, 12597, 2183, 18403, 4252, 14613, 18283, 8790, 12140, 13540, 13353, 14114, 13297, 4056, 14038, 11299, 13770, 11433, 14285, 1526, 1955, 15711, 255, 12481, 612, 1635, 4886, 357, 11434, 9524, 13106, 2607, 5391, 9406, 2331, 624, 2749, 17849, 9829, 11436, 18426, 9481, 18550, 15647, 532, 11720, 11824, 15610, 15741, 7902, 13558, 17967, 14539, 17889, 4631, 1238, 16921, 7787, 15293, 3108, 8215, 2851, 4514, 12938, 16730, 17178, 4890, 17960, 4725, 7917, 3191, 8231, 16341, 8195, 10913, 2173, 5557, 2637, 16896, 5806, 1815, 1451, 8864, 2290, 12108, 5328, 6203, 2431, 7508, 17898, 17188, 6897, 1199, 15526, 18437, 6631, 8644, 16917, 14964, 14233, 2454, 584, 4830, 7199, 4180, 14889, 5761, 13756, 6917, 7756, 18880, 15095, 1816, 14070, 16252, 7429, 16589, 1631, 15968, 15221, 12478, 18594, 1477, 5637, 12058, 1205, 13397, 9107, 18654, 1968, 3759, 13147, 14144, 14973, 12452, 18020, 13592, 17920, 13687, 11335, 7207, 418, 7834, 778, 12982, 10688, 9031, 509, 9601, 9780, 17040, 12023, 3916, 91, 6536, 18535, 7547, 15240, 707, 14533, 15064, 17012, 16805, 8637, 5969, 16221, 1940, 13307, 4717, 12615, 18220, 11028, 12170, 1743, 2376, 12415, 14220, 18827, 1294, 18543, 6977, 15309, 11778, 11842, 17103, 3857, 4637, 12162, 19169, 17166, 18237, 17818, 9507, 19022, 5790, 19112, 15611, 1118, 15184, 18703, 1817, 15530, 16579, 8437, 11839, 11378, 3537, 9205, 9217, 16272, 18759, 16828, 12002, 8348, 1723, 3481, 14115, 379, 8544, 264, 6015, 7672, 2253, 7364, 3706, 13796, 17139, 16125, 12059, 9623, 7185, 2418, 18230, 3087, 281, 4379, 1796, 8459, 4400, 17824, 2736, 16446, 13525, 15341, 3275, 7872, 1662, 7557, 4319, 15442, 7181, 10456, 4963, 17048, 16943, 12784, 3441, 5240, 9975, 13216, 17702, 11594, 13554, 6165, 19168, 16070, 3540, 3262, 10661, 4061, 13173, 2875, 17014, 4349, 10818, 8428, 16764, 14232, 8930, 15734, 17680, 7069, 15684, 17050, 18987, 6914, 6863, 19263, 10595, 150, 10039, 2722, 18223, 16444, 6559, 7258, 2661, 7699, 17136, 12773, 4247, 5723, 15194, 1696, 1500, 2807, 9893, 11835, 13240, 18313, 17107, 10265, 10244, 5570, 2862, 14049, 1012, 12861, 723, 9583, 17461, 10056, 1264, 8297, 3716, 14666, 15259, 13531, 543, 13723, 16810, 6700, 3516, 13766, 7186, 10692, 6321, 15484, 14547, 8744, 3703, 10383, 16829, 6366, 6846, 3906, 2021, 18133, 857, 279, 12232, 10212, 10541, 12325, 13475, 1225, 937, 6966, 10881, 16936, 18502, 1440, 11914, 3326, 5633, 14913, 4623, 10743, 12361, 17335, 1072, 5043, 14810, 15077, 3255, 17215, 6553, 17852, 4801, 6962, 3060, 9430, 8799, 13824, 188, 15175, 15163, 4733, 5011, 3536, 17635, 6532, 14071, 6112, 17158, 6597, 11272, 105, 19219, 5013, 12483, 201, 6848, 17033, 6367, 7859, 14702, 18844, 7053, 18694, 15670, 636, 10129, 6378, 5369, 7273, 16247, 9142, 15345, 16817, 14854, 2600, 15783, 889, 11833, 6612, 2068, 2427, 7062, 7918, 16181, 5464, 8339, 8950, 8453, 16423, 6064, 2380, 4268, 13929, 12974, 19141, 1299, 2484, 3883, 3273, 8772, 13256, 11239, 5766, 18098, 12705, 11004, 2695, 10048, 10960, 2766, 15661, 13258, 8015, 6032, 16397, 7749, 19039, 7634, 15076, 4234, 15114, 8475, 8091, 19220, 18004, 9704, 13918, 15569, 16443, 10015, 9943, 7817, 9349, 2588, 8249, 398, 5316, 15538, 18372, 13559, 2937, 2803, 16248, 6155, 630, 9911, 13190, 19157, 15788, 13248, 13148, 1320, 12074, 8471, 8798, 3213, 12418, 814, 2402, 12718, 12397, 10564, 9875, 10128, 6947, 9491, 17707, 3266, 19196, 14309, 18523, 19043, 17975, 18063, 11618, 15016, 14434, 7680, 1739, 18029, 11694, 1745, 9271, 5189, 9561, 11283, 14978, 10753, 16017, 12914, 978, 2828, 17257, 13135, 5061, 121, 6602, 16015, 19271, 12159, 1244, 8260, 13195, 15873, 12815, 14291, 14515, 118, 4892, 14985, 9551, 12654, 4739, 927, 12176, 9523, 11726, 18187, 5880, 2569, 3386, 13942, 3390, 15774, 129, 65, 12922, 8422, 12692, 16213, 11515, 2111, 8347, 10758, 14064, 4401, 17782, 15621, 6709, 14716, 4091, 13964, 8424, 4218, 7249, 11311, 11171, 18564, 14755, 7114, 14009, 14815, 294, 495, 7684, 6833, 4046, 3505, 16995, 17858, 7761, 15803, 9840, 13958, 8226, 10369, 12497, 17142, 1748, 2854, 7159, 11539, 11055, 13337, 17173, 14214, 6803, 11144, 12649, 283, 15489, 13174, 7015, 610, 7030, 18206, 14077, 15468, 14962, 8046, 7809, 17387, 16034, 16678, 1173, 3502, 12942, 15655, 16859, 7099, 1673, 446, 1365, 5881, 3713, 11697, 1897, 16001, 1702, 14149, 11876, 9341, 4325, 6923, 2001, 138, 3276, 18716, 17604, 10501, 115, 12800, 6111, 11148, 4549, 16057, 4707, 6843, 16091, 4295, 7519, 13708, 12409, 11018, 5052, 13566, 14715, 12755, 793, 10837, 1888, 12375, 3935, 5763, 11791, 11258, 13264, 11469, 4683, 8905, 1853, 11600, 4421, 2798, 5074, 18141, 13807, 8595, 8126, 13837, 8060, 6956, 11767, 14560, 9389, 15261, 1232, 12560, 7262, 11504, 3546, 4627, 1177, 517, 4008, 9219, 17696, 4148, 14124, 13243, 11235, 7561, 8331, 16320, 3591, 11341, 4015, 12028, 14929, 18601, 3528, 14065, 1510, 19191, 13833, 17616, 10869, 17689, 831, 16725, 6319, 15465, 10467, 8162, 13563, 7728, 10778, 13545, 12290, 16480, 14401, 12838, 4212, 17529, 4832, 15111, 12690, 10373, 7596, 18614, 17477, 1043, 13100, 4774, 17479, 3774, 9302, 3901, 13071, 6412, 9516, 1261, 3054, 13522, 17602, 14343, 18500, 10957, 2791, 9624, 3634, 17904, 5709, 14670, 11058, 7087, 7435, 13848, 82, 5565, 2562, 14029, 3583, 1676, 12709, 18473, 3158, 12787, 8068, 8263, 16146, 3593, 1802, 1861, 3348, 4487, 17749, 6105, 10471, 17472, 10200, 1182, 14180, 1076, 10156, 4839, 9903, 4879, 9720, 2157, 15344, 16067, 3064, 17182, 5368, 4987, 18484, 18923, 11896, 1052, 15727, 15289, 5885, 1933, 5251, 17072, 6038, 6195, 13524, 6606, 18506, 17536, 6784, 3231, 14121, 8925, 10030, 803, 13764, 146, 19268, 14099, 4130, 16372, 1537, 12248, 13718, 17187, 11728, 1740, 19233, 5600, 4092, 4779, 6028, 3395, 16152, 19150, 2417, 11980, 11237, 8427, 18127, 3538, 9257, 607, 2078, 18457, 5802, 3435, 15019, 4256, 9221, 13465, 11742, 5788, 9528, 17493, 4607, 3131, 6616, 5356, 1550, 4617, 8827, 849, 2601, 4437, 17861, 10261, 15704, 3890, 8149, 12063, 3086, 15925, 12301, 6847, 5603, 7768, 3187, 13372, 9258, 6584, 7594, 2603, 1835, 17380, 17193, 15251, 15937, 18731, 4082, 14911, 16626, 8824, 16208, 10167, 17711, 9678, 15852, 13620, 16479, 14586, 2446, 4866, 1315, 7746, 10615, 7927, 2443, 7157, 13506, 18410, 10494]",6006,1500,3,False,1500
1934,social post,social post,59,True,True,True,"{21: 26, 33: 14, 2: 18, 29: 13, 25: 57, 43: 9, 57: 16, 49: 16, 61: 14, 67: 52, 65: 21, 50: 28, 15: 53, 6: 13, 46: 15, 27: 69, 7: 65, 48: 67, 19: 21, 31: 14, 63: 26, 22: 39, 9: 79, 26: 40, 47: 15, 53: 66, 11: 19, 51: 26, 54: 9, 13: 32, 17: 37, 52: 30, 39: 27, 38: 19, 1: 6, 59: 33, 56: 23, 32: 9, 8: 25, 4: 12, 20: 26, 24: 7, 18: 31, 42: 7, 28: 31, 45: 57, 0: 13, 66: 11, 62: 11, 35: 7, 64: 15, 37: 2, 40: 25, 3: 3, 14: 5, 12: 8, 16: 15, 55: 16, 30: 13, 58: 6, 36: 4, 60: 5, 5: 3, 41: 2, 44: 2, 34: 2}","[12686, 3384, 6034, 14374, 14516, 14680, 18580, 5912, 661, 4433, 14182, 14634, 14672, 13694, 17233, 12320, 12666, 7276, 14925, 15315, 1125, 14820, 3769, 14096, 12401, 14972, 14176, 4685, 4278, 5735, 7514, 16051, 15882, 4696, 17145, 19193, 12994, 9901, 13641, 15193, 6739, 9240, 1608, 14664, 18117, 5676, 15714, 5964, 5329, 16651, 15936, 14441, 15878, 18316, 14255, 18692, 5858, 4640, 10716, 13839, 16635, 2097, 11464, 12427, 2320, 14629, 7617, 16183, 16205, 2170, 4384, 6683, 5285, 18707, 6780, 4231, 2404, 4895, 18091, 2944, 13054, 3904, 3491, 9455, 15985, 10432, 8657, 15304, 9114, 5838, 5197, 17244, 6207, 3970, 17246, 3950, 6168, 8697, 6800, 9942, 11118, 8582, 6355, 15275, 4581, 12724, 11921, 1833, 523, 7619, 15729, 176, 8576, 3101, 1573, 1283, 11796, 11277, 2547, 1738, 6806, 15187, 7129, 5179, 5854, 16373, 9231, 6270, 777, 2062, 13249, 4144, 6325, 3924, 5350, 14414, 3142, 2249, 6444, 13582, 2833, 18030, 6483, 18404, 15057, 7482, 15001, 15872, 14584, 10835, 954, 7257, 1381, 17819, 17518, 6497, 14430, 4901, 16466, 10805, 132, 7506, 755, 14427, 12119, 16613, 19042, 14994, 11257, 8042, 2144, 5966, 1580, 8010, 2550, 10684, 14088, 5037, 8764, 17076, 14185, 15984, 5299, 16601, 19182, 13197, 14561, 12605, 17010, 2703, 6715, 11207, 10188, 212, 2293, 17676, 1720, 5934, 112, 8568, 15870, 3226, 4524, 4431, 5141, 5383, 7609, 12807, 19001, 14368, 6704, 14903, 4172, 117, 18698, 1699, 16558, 7518, 10618, 2110, 10308, 7828, 6623, 17644, 4449, 951, 13858, 15106, 8402, 916, 4771, 8608, 6448, 6656, 13547, 2814, 8336, 8093, 6398, 637, 9909, 10621, 786, 14146, 17292, 9457, 3, 2884, 14785, 10504, 16361, 8181, 17690, 654, 11067, 18741, 386, 18208, 10130, 8079, 7082, 14740, 8076, 18619, 14428, 10992, 12679, 9431, 18328, 13606, 7641, 13542, 1002, 11975, 15646, 19078, 1352, 8683, 16053, 11763, 14823, 7059, 4995, 3754, 6213, 10090, 19084, 1973, 8131, 5353, 836, 13960, 3217, 4885, 9645, 16941, 14750, 13171, 9132, 1355, 4440, 15747, 8233, 6008, 12781, 16749, 13905, 18198, 5033, 2910, 16502, 1233, 965, 16926, 3944, 13518, 18213, 12739, 9972, 14609, 5764, 6128, 9532, 12680, 3672, 5458, 6822, 11547, 3163, 8040, 14081, 8369, 18182, 17541, 11552, 12451, 15074, 1783, 17730, 1690, 16992, 2490, 2459, 18065, 320, 18311, 45, 9495, 4572, 544, 12731, 16811, 15096, 14957, 4594, 16607, 2449, 7791, 13659, 8892, 1713, 17336, 6598, 13832, 10495, 18937, 3067, 3473, 12715, 13492, 14787, 16503, 17899, 16638, 2408, 7141, 10590, 2917, 14650, 12571, 4321, 2855, 1829, 3736, 3381, 11069, 16093, 15201, 14311, 9836, 18289, 16899, 897, 13981, 12223, 8884, 15721, 7778, 13648, 5737, 6550, 19249, 2715, 447, 12941, 8915, 18963, 16291, 760, 5869, 3635, 3439, 6740, 5003, 3174, 2945, 16056, 4860, 11216, 7363, 1147, 12124, 9764, 11245, 4361, 7784, 16285, 17057, 11203, 5114, 17655, 12056, 17890, 7741, 15799, 10258, 16088, 19222, 15303, 1433, 5991, 322, 2322, 3156, 9940, 7814, 17068, 16968, 10018, 1991, 11946, 8705, 10371, 4619, 11074, 2034, 15550, 11743, 18666, 13494, 14175, 13948, 15123, 11154, 10397, 1701, 4770, 839, 12085, 16500, 16241, 1535, 18782, 2221, 539, 18405, 4245, 103, 1571, 16945, 12196, 9441, 1732, 1367, 3596, 4794, 7230, 5245, 17483, 2955, 2003, 11509, 4044, 12934, 3456, 16693, 593, 4582, 14076, 10972, 1965, 7227, 14324, 8658, 3772, 8355, 11889, 1908, 2684, 10026, 1666, 16507, 5589, 9295, 8389, 2099, 18653, 13808, 19147, 6675, 10970, 2788, 19028, 16983, 16166, 9845, 8160, 11381, 10088, 10333, 11716, 14695, 12697, 4365, 3747, 17296, 11904, 74, 7047, 10639, 13094, 940, 10478, 2032, 6642, 14896, 10840, 5430, 5556, 12597, 2183, 18403, 4252, 14613, 18283, 8790, 12140, 13540, 13353, 14114, 13297, 4056, 14038, 11299, 13770, 11433, 14285, 1526, 1955, 15711, 255, 12481, 612, 1635, 4886, 357, 11434, 9524, 13106, 2607, 5391, 9406, 2331, 624, 2749, 17849, 9829, 11436, 18426, 9481, 18550, 15647, 532, 11720, 11824, 15610, 15741, 7902, 13558, 17967, 14539, 17889, 4631, 1238, 16921, 7787, 15293, 3108, 8215, 2851, 4514, 12938, 16730, 17178, 4890, 17960, 4725, 7917, 3191, 8231, 16341, 8195, 10913, 2173, 5557, 2637, 16896, 5806, 1815, 1451, 8864, 2290, 12108, 5328, 6203, 2431, 7508, 17898, 17188, 6897, 1199, 15526, 18437, 6631, 8644, 16917, 14964, 14233, 2454, 584, 4830, 7199, 4180, 14889, 5761, 13756, 6917, 7756, 18880, 15095, 1816, 14070, 16252, 7429, 16589, 1631, 15968, 15221, 12478, 18594, 1477, 5637, 12058, 1205, 13397, 9107, 18654, 1968, 3759, 13147, 14144, 14973, 12452, 18020, 13592, 17920, 13687, 11335, 7207, 418, 7834, 778, 12982, 10688, 9031, 509, 9601, 9780, 17040, 12023, 3916, 91, 6536, 18535, 7547, 15240, 707, 14533, 15064, 17012, 16805, 8637, 5969, 16221, 1940, 13307, 4717, 12615, 18220, 11028, 12170, 1743, 2376, 12415, 14220, 18827, 1294, 18543, 6977, 15309, 11778, 11842, 17103, 3857, 4637, 12162, 19169, 17166, 18237, 17818, 9507, 19022, 5790, 19112, 15611, 1118, 15184, 18703, 1817, 15530, 16579, 8437, 11839, 11378, 3537, 9205, 9217, 16272, 18759, 16828, 12002, 8348, 1723, 3481, 14115, 379, 8544, 264, 6015, 7672, 2253, 7364, 3706, 13796, 17139, 16125, 12059, 9623, 7185, 2418, 18230, 3087, 281, 4379, 1796, 8459, 4400, 17824, 2736, 16446, 13525, 15341, 3275, 7872, 1662, 7557, 4319, 15442, 7181, 10456, 4963, 17048, 16943, 12784, 3441, 5240, 9975, 13216, 17702, 11594, 13554, 6165, 19168, 16070, 3540, 3262, 10661, 4061, 13173, 2875, 17014, 4349, 10818, 8428, 16764, 14232, 8930, 15734, 17680, 7069, 15684, 17050, 18987, 6914, 6863, 19263, 10595, 150, 10039, 2722, 18223, 16444, 6559, 7258, 2661, 7699, 17136, 12773, 4247, 5723, 15194, 1696, 1500, 2807, 9893, 11835, 13240, 18313, 17107, 10265, 10244, 5570, 2862, 14049, 1012, 12861, 723, 9583, 17461, 10056, 1264, 8297, 3716, 14666, 15259, 13531, 543, 13723, 16810, 6700, 3516, 13766, 7186, 10692, 6321, 15484, 14547, 8744, 3703, 10383, 16829, 6366, 6846, 3906, 2021, 18133, 857, 279, 12232, 10212, 10541, 12325, 13475, 1225, 937, 6966, 10881, 16936, 18502, 1440, 11914, 3326, 5633, 14913, 4623, 10743, 12361, 17335, 1072, 5043, 14810, 15077, 3255, 17215, 6553, 17852, 4801, 6962, 3060, 9430, 8799, 13824, 188, 15175, 15163, 4733, 5011, 3536, 17635, 6532, 14071, 6112, 17158, 6597, 11272, 105, 19219, 5013, 12483, 201, 6848, 17033, 6367, 7859, 14702, 18844, 7053, 18694, 15670, 636, 10129, 6378, 5369, 7273, 16247, 9142, 15345, 16817, 14854, 2600, 15783, 889, 11833, 6612, 2068, 2427, 7062, 7918, 16181, 5464, 8339, 8950, 8453, 16423, 6064, 2380, 4268, 13929, 12974, 19141, 1299, 2484, 3883, 3273, 8772, 13256, 11239, 5766, 18098, 12705, 11004, 2695, 10048, 10960, 2766, 15661, 13258, 8015, 6032, 16397, 7749, 19039, 7634, 15076, 4234, 15114, 8475, 8091, 19220, 18004, 9704, 13918, 15569, 16443, 10015, 9943, 7817, 9349, 2588, 8249, 398, 5316, 15538, 18372, 13559, 2937, 2803, 16248, 6155, 630, 9911, 13190, 19157, 15788, 13248, 13148, 1320, 12074, 8471, 8798, 3213, 12418, 814, 2402, 12718, 12397, 10564, 9875, 10128, 6947, 9491, 17707, 3266, 19196, 14309, 18523, 19043, 17975, 18063, 11618, 15016, 14434, 7680, 1739, 18029, 11694, 1745, 9271, 5189, 9561, 11283, 14978, 10753, 16017, 12914, 978, 2828, 17257, 13135, 5061, 121, 6602, 16015, 19271, 12159, 1244, 8260, 13195, 15873, 12815, 14291, 14515, 118, 4892, 14985, 9551, 12654, 4739, 927, 12176, 9523, 11726, 18187, 5880, 2569, 3386, 13942, 3390, 15774, 129, 65, 12922, 8422, 12692, 16213, 11515, 2111, 8347, 10758, 14064, 4401, 17782, 15621, 6709, 14716, 4091, 13964, 8424, 4218, 7249, 11311, 11171, 18564, 14755, 7114, 14009, 14815, 294, 495, 7684, 6833, 4046, 3505, 16995, 17858, 7761, 15803, 9840, 13958, 8226, 10369, 12497, 17142, 1748, 2854, 7159, 11539, 11055, 13337, 17173, 14214, 6803, 11144, 12649, 283, 15489, 13174, 7015, 610, 7030, 18206, 14077, 15468, 14962, 8046, 7809, 17387, 16034, 16678, 1173, 3502, 12942, 15655, 16859, 7099, 1673, 446, 1365, 5881, 3713, 11697, 1897, 16001, 1702, 14149, 11876, 9341, 4325, 6923, 2001, 138, 3276, 18716, 17604, 10501, 115, 12800, 6111, 11148, 4549, 16057, 4707, 6843, 16091, 4295, 7519, 13708, 12409, 11018, 5052, 13566, 14715, 12755, 793, 10837, 1888, 12375, 3935, 5763, 11791, 11258, 13264, 11469, 4683, 8905, 1853, 11600, 4421, 2798, 5074, 18141, 13807, 8595, 8126, 13837, 8060, 6956, 11767, 14560, 9389, 15261, 1232, 12560, 7262, 11504, 3546, 4627, 1177, 517, 4008, 9219, 17696, 4148, 14124, 13243, 11235, 7561, 8331, 16320, 3591, 11341, 4015, 12028, 14929, 18601, 3528, 14065, 1510, 19191, 13833, 17616, 10869, 17689, 831, 16725, 6319, 15465, 10467, 8162, 13563, 7728, 10778, 13545, 12290, 16480, 14401, 12838, 4212, 17529, 4832, 15111, 12690, 10373, 7596, 18614, 17477, 1043, 13100, 4774, 17479, 3774, 9302, 3901, 13071, 6412, 9516, 1261, 3054, 13522, 17602, 14343, 18500, 10957, 2791, 9624, 3634, 17904, 5709, 14670, 11058, 7087, 7435, 13848, 82, 5565, 2562, 14029, 3583, 1676, 12709, 18473, 3158, 12787, 8068, 8263, 16146, 3593, 1802, 1861, 3348, 4487, 17749, 6105, 10471, 17472, 10200, 1182, 14180, 1076, 10156, 4839, 9903, 4879, 9720, 2157, 15344, 16067, 3064, 17182, 5368, 4987, 18484, 18923, 11896, 1052, 15727, 15289, 5885, 1933, 5251, 17072, 6038, 6195, 13524, 6606, 18506, 17536, 6784, 3231, 14121, 8925, 10030, 803, 13764, 146, 19268, 14099, 4130, 16372, 1537, 12248, 13718, 17187, 11728, 1740, 19233, 5600, 4092, 4779, 6028, 3395, 16152, 19150, 2417, 11980, 11237, 8427, 18127, 3538, 9257, 607, 2078, 18457, 5802, 3435, 15019, 4256, 9221, 13465, 11742, 5788, 9528, 17493, 4607, 3131, 6616, 5356, 1550, 4617, 8827, 849, 2601, 4437, 17861, 10261, 15704, 3890, 8149, 12063, 3086, 15925, 12301, 6847, 5603, 7768, 3187, 13372, 9258, 6584, 7594, 2603, 1835, 17380, 17193, 15251, 15937, 18731, 4082, 14911, 16626, 8824, 16208, 10167, 17711, 9678, 15852, 13620, 16479, 14586, 2446, 4866, 1315, 7746, 10615, 7927, 2443, 7157, 13506, 18410, 10494]",1934,1500,3,False,1500
2118,calendar set,calendar set,9,True,True,True,"{21: 26, 33: 14, 2: 18, 29: 13, 25: 57, 43: 9, 57: 16, 49: 16, 61: 14, 67: 52, 65: 21, 50: 28, 15: 53, 6: 13, 46: 15, 27: 69, 7: 65, 48: 67, 19: 21, 31: 14, 63: 26, 22: 39, 9: 79, 26: 40, 47: 15, 53: 66, 11: 19, 51: 26, 54: 9, 13: 32, 17: 37, 52: 30, 39: 27, 38: 19, 1: 6, 59: 33, 56: 23, 32: 9, 8: 25, 4: 12, 20: 26, 24: 7, 18: 31, 42: 7, 28: 31, 45: 57, 0: 13, 66: 11, 62: 11, 35: 7, 64: 15, 37: 2, 40: 25, 3: 3, 14: 5, 12: 8, 16: 15, 55: 16, 30: 13, 58: 6, 36: 4, 60: 5, 5: 3, 41: 2, 44: 2, 34: 2}","[12686, 3384, 6034, 14374, 14516, 14680, 18580, 5912, 661, 4433, 14182, 14634, 14672, 13694, 17233, 12320, 12666, 7276, 14925, 15315, 1125, 14820, 3769, 14096, 12401, 14972, 14176, 4685, 4278, 5735, 7514, 16051, 15882, 4696, 17145, 19193, 12994, 9901, 13641, 15193, 6739, 9240, 1608, 14664, 18117, 5676, 15714, 5964, 5329, 16651, 15936, 14441, 15878, 18316, 14255, 18692, 5858, 4640, 10716, 13839, 16635, 2097, 11464, 12427, 2320, 14629, 7617, 16183, 16205, 2170, 4384, 6683, 5285, 18707, 6780, 4231, 2404, 4895, 18091, 2944, 13054, 3904, 3491, 9455, 15985, 10432, 8657, 15304, 9114, 5838, 5197, 17244, 6207, 3970, 17246, 3950, 6168, 8697, 6800, 9942, 11118, 8582, 6355, 15275, 4581, 12724, 11921, 1833, 523, 7619, 15729, 176, 8576, 3101, 1573, 1283, 11796, 11277, 2547, 1738, 6806, 15187, 7129, 5179, 5854, 16373, 9231, 6270, 777, 2062, 13249, 4144, 6325, 3924, 5350, 14414, 3142, 2249, 6444, 13582, 2833, 18030, 6483, 18404, 15057, 7482, 15001, 15872, 14584, 10835, 954, 7257, 1381, 17819, 17518, 6497, 14430, 4901, 16466, 10805, 132, 7506, 755, 14427, 12119, 16613, 19042, 14994, 11257, 8042, 2144, 5966, 1580, 8010, 2550, 10684, 14088, 5037, 8764, 17076, 14185, 15984, 5299, 16601, 19182, 13197, 14561, 12605, 17010, 2703, 6715, 11207, 10188, 212, 2293, 17676, 1720, 5934, 112, 8568, 15870, 3226, 4524, 4431, 5141, 5383, 7609, 12807, 19001, 14368, 6704, 14903, 4172, 117, 18698, 1699, 16558, 7518, 10618, 2110, 10308, 7828, 6623, 17644, 4449, 951, 13858, 15106, 8402, 916, 4771, 8608, 6448, 6656, 13547, 2814, 8336, 8093, 6398, 637, 9909, 10621, 786, 14146, 17292, 9457, 3, 2884, 14785, 10504, 16361, 8181, 17690, 654, 11067, 18741, 386, 18208, 10130, 8079, 7082, 14740, 8076, 18619, 14428, 10992, 12679, 9431, 18328, 13606, 7641, 13542, 1002, 11975, 15646, 19078, 1352, 8683, 16053, 11763, 14823, 7059, 4995, 3754, 6213, 10090, 19084, 1973, 8131, 5353, 836, 13960, 3217, 4885, 9645, 16941, 14750, 13171, 9132, 1355, 4440, 15747, 8233, 6008, 12781, 16749, 13905, 18198, 5033, 2910, 16502, 1233, 965, 16926, 3944, 13518, 18213, 12739, 9972, 14609, 5764, 6128, 9532, 12680, 3672, 5458, 6822, 11547, 3163, 8040, 14081, 8369, 18182, 17541, 11552, 12451, 15074, 1783, 17730, 1690, 16992, 2490, 2459, 18065, 320, 18311, 45, 9495, 4572, 544, 12731, 16811, 15096, 14957, 4594, 16607, 2449, 7791, 13659, 8892, 1713, 17336, 6598, 13832, 10495, 18937, 3067, 3473, 12715, 13492, 14787, 16503, 17899, 16638, 2408, 7141, 10590, 2917, 14650, 12571, 4321, 2855, 1829, 3736, 3381, 11069, 16093, 15201, 14311, 9836, 18289, 16899, 897, 13981, 12223, 8884, 15721, 7778, 13648, 5737, 6550, 19249, 2715, 447, 12941, 8915, 18963, 16291, 760, 5869, 3635, 3439, 6740, 5003, 3174, 2945, 16056, 4860, 11216, 7363, 1147, 12124, 9764, 11245, 4361, 7784, 16285, 17057, 11203, 5114, 17655, 12056, 17890, 7741, 15799, 10258, 16088, 19222, 15303, 1433, 5991, 322, 2322, 3156, 9940, 7814, 17068, 16968, 10018, 1991, 11946, 8705, 10371, 4619, 11074, 2034, 15550, 11743, 18666, 13494, 14175, 13948, 15123, 11154, 10397, 1701, 4770, 839, 12085, 16500, 16241, 1535, 18782, 2221, 539, 18405, 4245, 103, 1571, 16945, 12196, 9441, 1732, 1367, 3596, 4794, 7230, 5245, 17483, 2955, 2003, 11509, 4044, 12934, 3456, 16693, 593, 4582, 14076, 10972, 1965, 7227, 14324, 8658, 3772, 8355, 11889, 1908, 2684, 10026, 1666, 16507, 5589, 9295, 8389, 2099, 18653, 13808, 19147, 6675, 10970, 2788, 19028, 16983, 16166, 9845, 8160, 11381, 10088, 10333, 11716, 14695, 12697, 4365, 3747, 17296, 11904, 74, 7047, 10639, 13094, 940, 10478, 2032, 6642, 14896, 10840, 5430, 5556, 12597, 2183, 18403, 4252, 14613, 18283, 8790, 12140, 13540, 13353, 14114, 13297, 4056, 14038, 11299, 13770, 11433, 14285, 1526, 1955, 15711, 255, 12481, 612, 1635, 4886, 357, 11434, 9524, 13106, 2607, 5391, 9406, 2331, 624, 2749, 17849, 9829, 11436, 18426, 9481, 18550, 15647, 532, 11720, 11824, 15610, 15741, 7902, 13558, 17967, 14539, 17889, 4631, 1238, 16921, 7787, 15293, 3108, 8215, 2851, 4514, 12938, 16730, 17178, 4890, 17960, 4725, 7917, 3191, 8231, 16341, 8195, 10913, 2173, 5557, 2637, 16896, 5806, 1815, 1451, 8864, 2290, 12108, 5328, 6203, 2431, 7508, 17898, 17188, 6897, 1199, 15526, 18437, 6631, 8644, 16917, 14964, 14233, 2454, 584, 4830, 7199, 4180, 14889, 5761, 13756, 6917, 7756, 18880, 15095, 1816, 14070, 16252, 7429, 16589, 1631, 15968, 15221, 12478, 18594, 1477, 5637, 12058, 1205, 13397, 9107, 18654, 1968, 3759, 13147, 14144, 14973, 12452, 18020, 13592, 17920, 13687, 11335, 7207, 418, 7834, 778, 12982, 10688, 9031, 509, 9601, 9780, 17040, 12023, 3916, 91, 6536, 18535, 7547, 15240, 707, 14533, 15064, 17012, 16805, 8637, 5969, 16221, 1940, 13307, 4717, 12615, 18220, 11028, 12170, 1743, 2376, 12415, 14220, 18827, 1294, 18543, 6977, 15309, 11778, 11842, 17103, 3857, 4637, 12162, 19169, 17166, 18237, 17818, 9507, 19022, 5790, 19112, 15611, 1118, 15184, 18703, 1817, 15530, 16579, 8437, 11839, 11378, 3537, 9205, 9217, 16272, 18759, 16828, 12002, 8348, 1723, 3481, 14115, 379, 8544, 264, 6015, 7672, 2253, 7364, 3706, 13796, 17139, 16125, 12059, 9623, 7185, 2418, 18230, 3087, 281, 4379, 1796, 8459, 4400, 17824, 2736, 16446, 13525, 15341, 3275, 7872, 1662, 7557, 4319, 15442, 7181, 10456, 4963, 17048, 16943, 12784, 3441, 5240, 9975, 13216, 17702, 11594, 13554, 6165, 19168, 16070, 3540, 3262, 10661, 4061, 13173, 2875, 17014, 4349, 10818, 8428, 16764, 14232, 8930, 15734, 17680, 7069, 15684, 17050, 18987, 6914, 6863, 19263, 10595, 150, 10039, 2722, 18223, 16444, 6559, 7258, 2661, 7699, 17136, 12773, 4247, 5723, 15194, 1696, 1500, 2807, 9893, 11835, 13240, 18313, 17107, 10265, 10244, 5570, 2862, 14049, 1012, 12861, 723, 9583, 17461, 10056, 1264, 8297, 3716, 14666, 15259, 13531, 543, 13723, 16810, 6700, 3516, 13766, 7186, 10692, 6321, 15484, 14547, 8744, 3703, 10383, 16829, 6366, 6846, 3906, 2021, 18133, 857, 279, 12232, 10212, 10541, 12325, 13475, 1225, 937, 6966, 10881, 16936, 18502, 1440, 11914, 3326, 5633, 14913, 4623, 10743, 12361, 17335, 1072, 5043, 14810, 15077, 3255, 17215, 6553, 17852, 4801, 6962, 3060, 9430, 8799, 13824, 188, 15175, 15163, 4733, 5011, 3536, 17635, 6532, 14071, 6112, 17158, 6597, 11272, 105, 19219, 5013, 12483, 201, 6848, 17033, 6367, 7859, 14702, 18844, 7053, 18694, 15670, 636, 10129, 6378, 5369, 7273, 16247, 9142, 15345, 16817, 14854, 2600, 15783, 889, 11833, 6612, 2068, 2427, 7062, 7918, 16181, 5464, 8339, 8950, 8453, 16423, 6064, 2380, 4268, 13929, 12974, 19141, 1299, 2484, 3883, 3273, 8772, 13256, 11239, 5766, 18098, 12705, 11004, 2695, 10048, 10960, 2766, 15661, 13258, 8015, 6032, 16397, 7749, 19039, 7634, 15076, 4234, 15114, 8475, 8091, 19220, 18004, 9704, 13918, 15569, 16443, 10015, 9943, 7817, 9349, 2588, 8249, 398, 5316, 15538, 18372, 13559, 2937, 2803, 16248, 6155, 630, 9911, 13190, 19157, 15788, 13248, 13148, 1320, 12074, 8471, 8798, 3213, 12418, 814, 2402, 12718, 12397, 10564, 9875, 10128, 6947, 9491, 17707, 3266, 19196, 14309, 18523, 19043, 17975, 18063, 11618, 15016, 14434, 7680, 1739, 18029, 11694, 1745, 9271, 5189, 9561, 11283, 14978, 10753, 16017, 12914, 978, 2828, 17257, 13135, 5061, 121, 6602, 16015, 19271, 12159, 1244, 8260, 13195, 15873, 12815, 14291, 14515, 118, 4892, 14985, 9551, 12654, 4739, 927, 12176, 9523, 11726, 18187, 5880, 2569, 3386, 13942, 3390, 15774, 129, 65, 12922, 8422, 12692, 16213, 11515, 2111, 8347, 10758, 14064, 4401, 17782, 15621, 6709, 14716, 4091, 13964, 8424, 4218, 7249, 11311, 11171, 18564, 14755, 7114, 14009, 14815, 294, 495, 7684, 6833, 4046, 3505, 16995, 17858, 7761, 15803, 9840, 13958, 8226, 10369, 12497, 17142, 1748, 2854, 7159, 11539, 11055, 13337, 17173, 14214, 6803, 11144, 12649, 283, 15489, 13174, 7015, 610, 7030, 18206, 14077, 15468, 14962, 8046, 7809, 17387, 16034, 16678, 1173, 3502, 12942, 15655, 16859, 7099, 1673, 446, 1365, 5881, 3713, 11697, 1897, 16001, 1702, 14149, 11876, 9341, 4325, 6923, 2001, 138, 3276, 18716, 17604, 10501, 115, 12800, 6111, 11148, 4549, 16057, 4707, 6843, 16091, 4295, 7519, 13708, 12409, 11018, 5052, 13566, 14715, 12755, 793, 10837, 1888, 12375, 3935, 5763, 11791, 11258, 13264, 11469, 4683, 8905, 1853, 11600, 4421, 2798, 5074, 18141, 13807, 8595, 8126, 13837, 8060, 6956, 11767, 14560, 9389, 15261, 1232, 12560, 7262, 11504, 3546, 4627, 1177, 517, 4008, 9219, 17696, 4148, 14124, 13243, 11235, 7561, 8331, 16320, 3591, 11341, 4015, 12028, 14929, 18601, 3528, 14065, 1510, 19191, 13833, 17616, 10869, 17689, 831, 16725, 6319, 15465, 10467, 8162, 13563, 7728, 10778, 13545, 12290, 16480, 14401, 12838, 4212, 17529, 4832, 15111, 12690, 10373, 7596, 18614, 17477, 1043, 13100, 4774, 17479, 3774, 9302, 3901, 13071, 6412, 9516, 1261, 3054, 13522, 17602, 14343, 18500, 10957, 2791, 9624, 3634, 17904, 5709, 14670, 11058, 7087, 7435, 13848, 82, 5565, 2562, 14029, 3583, 1676, 12709, 18473, 3158, 12787, 8068, 8263, 16146, 3593, 1802, 1861, 3348, 4487, 17749, 6105, 10471, 17472, 10200, 1182, 14180, 1076, 10156, 4839, 9903, 4879, 9720, 2157, 15344, 16067, 3064, 17182, 5368, 4987, 18484, 18923, 11896, 1052, 15727, 15289, 5885, 1933, 5251, 17072, 6038, 6195, 13524, 6606, 18506, 17536, 6784, 3231, 14121, 8925, 10030, 803, 13764, 146, 19268, 14099, 4130, 16372, 1537, 12248, 13718, 17187, 11728, 1740, 19233, 5600, 4092, 4779, 6028, 3395, 16152, 19150, 2417, 11980, 11237, 8427, 18127, 3538, 9257, 607, 2078, 18457, 5802, 3435, 15019, 4256, 9221, 13465, 11742, 5788, 9528, 17493, 4607, 3131, 6616, 5356, 1550, 4617, 8827, 849, 2601, 4437, 17861, 10261, 15704, 3890, 8149, 12063, 3086, 15925, 12301, 6847, 5603, 7768, 3187, 13372, 9258, 6584, 7594, 2603, 1835, 17380, 17193, 15251, 15937, 18731, 4082, 14911, 16626, 8824, 16208, 10167, 17711, 9678, 15852, 13620, 16479, 14586, 2446, 4866, 1315, 7746, 10615, 7927, 2443, 7157, 13506, 18410, 10494]",2118,1500,3,False,1500
1352,takeaway order,weather,67,True,False,True,"{21: 26, 33: 14, 2: 18, 29: 13, 25: 57, 43: 9, 57: 16, 49: 16, 61: 14, 67: 52, 65: 21, 50: 28, 15: 53, 6: 13, 46: 15, 27: 69, 7: 65, 48: 67, 19: 21, 31: 14, 63: 26, 22: 39, 9: 79, 26: 40, 47: 15, 53: 66, 11: 19, 51: 26, 54: 9, 13: 32, 17: 37, 52: 30, 39: 27, 38: 19, 1: 6, 59: 33, 56: 23, 32: 9, 8: 25, 4: 12, 20: 26, 24: 7, 18: 31, 42: 7, 28: 31, 45: 57, 0: 13, 66: 11, 62: 11, 35: 7, 64: 15, 37: 2, 40: 25, 3: 3, 14: 5, 12: 8, 16: 15, 55: 16, 30: 13, 58: 6, 36: 4, 60: 5, 5: 3, 41: 2, 44: 2, 34: 2}","[12686, 3384, 6034, 14374, 14516, 14680, 18580, 5912, 661, 4433, 14182, 14634, 14672, 13694, 17233, 12320, 12666, 7276, 14925, 15315, 1125, 14820, 3769, 14096, 12401, 14972, 14176, 4685, 4278, 5735, 7514, 16051, 15882, 4696, 17145, 19193, 12994, 9901, 13641, 15193, 6739, 9240, 1608, 14664, 18117, 5676, 15714, 5964, 5329, 16651, 15936, 14441, 15878, 18316, 14255, 18692, 5858, 4640, 10716, 13839, 16635, 2097, 11464, 12427, 2320, 14629, 7617, 16183, 16205, 2170, 4384, 6683, 5285, 18707, 6780, 4231, 2404, 4895, 18091, 2944, 13054, 3904, 3491, 9455, 15985, 10432, 8657, 15304, 9114, 5838, 5197, 17244, 6207, 3970, 17246, 3950, 6168, 8697, 6800, 9942, 11118, 8582, 6355, 15275, 4581, 12724, 11921, 1833, 523, 7619, 15729, 176, 8576, 3101, 1573, 1283, 11796, 11277, 2547, 1738, 6806, 15187, 7129, 5179, 5854, 16373, 9231, 6270, 777, 2062, 13249, 4144, 6325, 3924, 5350, 14414, 3142, 2249, 6444, 13582, 2833, 18030, 6483, 18404, 15057, 7482, 15001, 15872, 14584, 10835, 954, 7257, 1381, 17819, 17518, 6497, 14430, 4901, 16466, 10805, 132, 7506, 755, 14427, 12119, 16613, 19042, 14994, 11257, 8042, 2144, 5966, 1580, 8010, 2550, 10684, 14088, 5037, 8764, 17076, 14185, 15984, 5299, 16601, 19182, 13197, 14561, 12605, 17010, 2703, 6715, 11207, 10188, 212, 2293, 17676, 1720, 5934, 112, 8568, 15870, 3226, 4524, 4431, 5141, 5383, 7609, 12807, 19001, 14368, 6704, 14903, 4172, 117, 18698, 1699, 16558, 7518, 10618, 2110, 10308, 7828, 6623, 17644, 4449, 951, 13858, 15106, 8402, 916, 4771, 8608, 6448, 6656, 13547, 2814, 8336, 8093, 6398, 637, 9909, 10621, 786, 14146, 17292, 9457, 3, 2884, 14785, 10504, 16361, 8181, 17690, 654, 11067, 18741, 386, 18208, 10130, 8079, 7082, 14740, 8076, 18619, 14428, 10992, 12679, 9431, 18328, 13606, 7641, 13542, 1002, 11975, 15646, 19078, 1352, 8683, 16053, 11763, 14823, 7059, 4995, 3754, 6213, 10090, 19084, 1973, 8131, 5353, 836, 13960, 3217, 4885, 9645, 16941, 14750, 13171, 9132, 1355, 4440, 15747, 8233, 6008, 12781, 16749, 13905, 18198, 5033, 2910, 16502, 1233, 965, 16926, 3944, 13518, 18213, 12739, 9972, 14609, 5764, 6128, 9532, 12680, 3672, 5458, 6822, 11547, 3163, 8040, 14081, 8369, 18182, 17541, 11552, 12451, 15074, 1783, 17730, 1690, 16992, 2490, 2459, 18065, 320, 18311, 45, 9495, 4572, 544, 12731, 16811, 15096, 14957, 4594, 16607, 2449, 7791, 13659, 8892, 1713, 17336, 6598, 13832, 10495, 18937, 3067, 3473, 12715, 13492, 14787, 16503, 17899, 16638, 2408, 7141, 10590, 2917, 14650, 12571, 4321, 2855, 1829, 3736, 3381, 11069, 16093, 15201, 14311, 9836, 18289, 16899, 897, 13981, 12223, 8884, 15721, 7778, 13648, 5737, 6550, 19249, 2715, 447, 12941, 8915, 18963, 16291, 760, 5869, 3635, 3439, 6740, 5003, 3174, 2945, 16056, 4860, 11216, 7363, 1147, 12124, 9764, 11245, 4361, 7784, 16285, 17057, 11203, 5114, 17655, 12056, 17890, 7741, 15799, 10258, 16088, 19222, 15303, 1433, 5991, 322, 2322, 3156, 9940, 7814, 17068, 16968, 10018, 1991, 11946, 8705, 10371, 4619, 11074, 2034, 15550, 11743, 18666, 13494, 14175, 13948, 15123, 11154, 10397, 1701, 4770, 839, 12085, 16500, 16241, 1535, 18782, 2221, 539, 18405, 4245, 103, 1571, 16945, 12196, 9441, 1732, 1367, 3596, 4794, 7230, 5245, 17483, 2955, 2003, 11509, 4044, 12934, 3456, 16693, 593, 4582, 14076, 10972, 1965, 7227, 14324, 8658, 3772, 8355, 11889, 1908, 2684, 10026, 1666, 16507, 5589, 9295, 8389, 2099, 18653, 13808, 19147, 6675, 10970, 2788, 19028, 16983, 16166, 9845, 8160, 11381, 10088, 10333, 11716, 14695, 12697, 4365, 3747, 17296, 11904, 74, 7047, 10639, 13094, 940, 10478, 2032, 6642, 14896, 10840, 5430, 5556, 12597, 2183, 18403, 4252, 14613, 18283, 8790, 12140, 13540, 13353, 14114, 13297, 4056, 14038, 11299, 13770, 11433, 14285, 1526, 1955, 15711, 255, 12481, 612, 1635, 4886, 357, 11434, 9524, 13106, 2607, 5391, 9406, 2331, 624, 2749, 17849, 9829, 11436, 18426, 9481, 18550, 15647, 532, 11720, 11824, 15610, 15741, 7902, 13558, 17967, 14539, 17889, 4631, 1238, 16921, 7787, 15293, 3108, 8215, 2851, 4514, 12938, 16730, 17178, 4890, 17960, 4725, 7917, 3191, 8231, 16341, 8195, 10913, 2173, 5557, 2637, 16896, 5806, 1815, 1451, 8864, 2290, 12108, 5328, 6203, 2431, 7508, 17898, 17188, 6897, 1199, 15526, 18437, 6631, 8644, 16917, 14964, 14233, 2454, 584, 4830, 7199, 4180, 14889, 5761, 13756, 6917, 7756, 18880, 15095, 1816, 14070, 16252, 7429, 16589, 1631, 15968, 15221, 12478, 18594, 1477, 5637, 12058, 1205, 13397, 9107, 18654, 1968, 3759, 13147, 14144, 14973, 12452, 18020, 13592, 17920, 13687, 11335, 7207, 418, 7834, 778, 12982, 10688, 9031, 509, 9601, 9780, 17040, 12023, 3916, 91, 6536, 18535, 7547, 15240, 707, 14533, 15064, 17012, 16805, 8637, 5969, 16221, 1940, 13307, 4717, 12615, 18220, 11028, 12170, 1743, 2376, 12415, 14220, 18827, 1294, 18543, 6977, 15309, 11778, 11842, 17103, 3857, 4637, 12162, 19169, 17166, 18237, 17818, 9507, 19022, 5790, 19112, 15611, 1118, 15184, 18703, 1817, 15530, 16579, 8437, 11839, 11378, 3537, 9205, 9217, 16272, 18759, 16828, 12002, 8348, 1723, 3481, 14115, 379, 8544, 264, 6015, 7672, 2253, 7364, 3706, 13796, 17139, 16125, 12059, 9623, 7185, 2418, 18230, 3087, 281, 4379, 1796, 8459, 4400, 17824, 2736, 16446, 13525, 15341, 3275, 7872, 1662, 7557, 4319, 15442, 7181, 10456, 4963, 17048, 16943, 12784, 3441, 5240, 9975, 13216, 17702, 11594, 13554, 6165, 19168, 16070, 3540, 3262, 10661, 4061, 13173, 2875, 17014, 4349, 10818, 8428, 16764, 14232, 8930, 15734, 17680, 7069, 15684, 17050, 18987, 6914, 6863, 19263, 10595, 150, 10039, 2722, 18223, 16444, 6559, 7258, 2661, 7699, 17136, 12773, 4247, 5723, 15194, 1696, 1500, 2807, 9893, 11835, 13240, 18313, 17107, 10265, 10244, 5570, 2862, 14049, 1012, 12861, 723, 9583, 17461, 10056, 1264, 8297, 3716, 14666, 15259, 13531, 543, 13723, 16810, 6700, 3516, 13766, 7186, 10692, 6321, 15484, 14547, 8744, 3703, 10383, 16829, 6366, 6846, 3906, 2021, 18133, 857, 279, 12232, 10212, 10541, 12325, 13475, 1225, 937, 6966, 10881, 16936, 18502, 1440, 11914, 3326, 5633, 14913, 4623, 10743, 12361, 17335, 1072, 5043, 14810, 15077, 3255, 17215, 6553, 17852, 4801, 6962, 3060, 9430, 8799, 13824, 188, 15175, 15163, 4733, 5011, 3536, 17635, 6532, 14071, 6112, 17158, 6597, 11272, 105, 19219, 5013, 12483, 201, 6848, 17033, 6367, 7859, 14702, 18844, 7053, 18694, 15670, 636, 10129, 6378, 5369, 7273, 16247, 9142, 15345, 16817, 14854, 2600, 15783, 889, 11833, 6612, 2068, 2427, 7062, 7918, 16181, 5464, 8339, 8950, 8453, 16423, 6064, 2380, 4268, 13929, 12974, 19141, 1299, 2484, 3883, 3273, 8772, 13256, 11239, 5766, 18098, 12705, 11004, 2695, 10048, 10960, 2766, 15661, 13258, 8015, 6032, 16397, 7749, 19039, 7634, 15076, 4234, 15114, 8475, 8091, 19220, 18004, 9704, 13918, 15569, 16443, 10015, 9943, 7817, 9349, 2588, 8249, 398, 5316, 15538, 18372, 13559, 2937, 2803, 16248, 6155, 630, 9911, 13190, 19157, 15788, 13248, 13148, 1320, 12074, 8471, 8798, 3213, 12418, 814, 2402, 12718, 12397, 10564, 9875, 10128, 6947, 9491, 17707, 3266, 19196, 14309, 18523, 19043, 17975, 18063, 11618, 15016, 14434, 7680, 1739, 18029, 11694, 1745, 9271, 5189, 9561, 11283, 14978, 10753, 16017, 12914, 978, 2828, 17257, 13135, 5061, 121, 6602, 16015, 19271, 12159, 1244, 8260, 13195, 15873, 12815, 14291, 14515, 118, 4892, 14985, 9551, 12654, 4739, 927, 12176, 9523, 11726, 18187, 5880, 2569, 3386, 13942, 3390, 15774, 129, 65, 12922, 8422, 12692, 16213, 11515, 2111, 8347, 10758, 14064, 4401, 17782, 15621, 6709, 14716, 4091, 13964, 8424, 4218, 7249, 11311, 11171, 18564, 14755, 7114, 14009, 14815, 294, 495, 7684, 6833, 4046, 3505, 16995, 17858, 7761, 15803, 9840, 13958, 8226, 10369, 12497, 17142, 1748, 2854, 7159, 11539, 11055, 13337, 17173, 14214, 6803, 11144, 12649, 283, 15489, 13174, 7015, 610, 7030, 18206, 14077, 15468, 14962, 8046, 7809, 17387, 16034, 16678, 1173, 3502, 12942, 15655, 16859, 7099, 1673, 446, 1365, 5881, 3713, 11697, 1897, 16001, 1702, 14149, 11876, 9341, 4325, 6923, 2001, 138, 3276, 18716, 17604, 10501, 115, 12800, 6111, 11148, 4549, 16057, 4707, 6843, 16091, 4295, 7519, 13708, 12409, 11018, 5052, 13566, 14715, 12755, 793, 10837, 1888, 12375, 3935, 5763, 11791, 11258, 13264, 11469, 4683, 8905, 1853, 11600, 4421, 2798, 5074, 18141, 13807, 8595, 8126, 13837, 8060, 6956, 11767, 14560, 9389, 15261, 1232, 12560, 7262, 11504, 3546, 4627, 1177, 517, 4008, 9219, 17696, 4148, 14124, 13243, 11235, 7561, 8331, 16320, 3591, 11341, 4015, 12028, 14929, 18601, 3528, 14065, 1510, 19191, 13833, 17616, 10869, 17689, 831, 16725, 6319, 15465, 10467, 8162, 13563, 7728, 10778, 13545, 12290, 16480, 14401, 12838, 4212, 17529, 4832, 15111, 12690, 10373, 7596, 18614, 17477, 1043, 13100, 4774, 17479, 3774, 9302, 3901, 13071, 6412, 9516, 1261, 3054, 13522, 17602, 14343, 18500, 10957, 2791, 9624, 3634, 17904, 5709, 14670, 11058, 7087, 7435, 13848, 82, 5565, 2562, 14029, 3583, 1676, 12709, 18473, 3158, 12787, 8068, 8263, 16146, 3593, 1802, 1861, 3348, 4487, 17749, 6105, 10471, 17472, 10200, 1182, 14180, 1076, 10156, 4839, 9903, 4879, 9720, 2157, 15344, 16067, 3064, 17182, 5368, 4987, 18484, 18923, 11896, 1052, 15727, 15289, 5885, 1933, 5251, 17072, 6038, 6195, 13524, 6606, 18506, 17536, 6784, 3231, 14121, 8925, 10030, 803, 13764, 146, 19268, 14099, 4130, 16372, 1537, 12248, 13718, 17187, 11728, 1740, 19233, 5600, 4092, 4779, 6028, 3395, 16152, 19150, 2417, 11980, 11237, 8427, 18127, 3538, 9257, 607, 2078, 18457, 5802, 3435, 15019, 4256, 9221, 13465, 11742, 5788, 9528, 17493, 4607, 3131, 6616, 5356, 1550, 4617, 8827, 849, 2601, 4437, 17861, 10261, 15704, 3890, 8149, 12063, 3086, 15925, 12301, 6847, 5603, 7768, 3187, 13372, 9258, 6584, 7594, 2603, 1835, 17380, 17193, 15251, 15937, 18731, 4082, 14911, 16626, 8824, 16208, 10167, 17711, 9678, 15852, 13620, 16479, 14586, 2446, 4866, 1315, 7746, 10615, 7927, 2443, 7157, 13506, 18410, 10494]",1352,1500,3,False,1500
3041,recommendation locations,recommendation locations,57,True,True,True,"{21: 26, 33: 14, 2: 18, 29: 13, 25: 57, 43: 9, 57: 16, 49: 16, 61: 14, 67: 52, 65: 21, 50: 28, 15: 53, 6: 13, 46: 15, 27: 69, 7: 65, 48: 67, 19: 21, 31: 14, 63: 26, 22: 39, 9: 79, 26: 40, 47: 15, 53: 66, 11: 19, 51: 26, 54: 9, 13: 32, 17: 37, 52: 30, 39: 27, 38: 19, 1: 6, 59: 33, 56: 23, 32: 9, 8: 25, 4: 12, 20: 26, 24: 7, 18: 31, 42: 7, 28: 31, 45: 57, 0: 13, 66: 11, 62: 11, 35: 7, 64: 15, 37: 2, 40: 25, 3: 3, 14: 5, 12: 8, 16: 15, 55: 16, 30: 13, 58: 6, 36: 4, 60: 5, 5: 3, 41: 2, 44: 2, 34: 2}","[12686, 3384, 6034, 14374, 14516, 14680, 18580, 5912, 661, 4433, 14182, 14634, 14672, 13694, 17233, 12320, 12666, 7276, 14925, 15315, 1125, 14820, 3769, 14096, 12401, 14972, 14176, 4685, 4278, 5735, 7514, 16051, 15882, 4696, 17145, 19193, 12994, 9901, 13641, 15193, 6739, 9240, 1608, 14664, 18117, 5676, 15714, 5964, 5329, 16651, 15936, 14441, 15878, 18316, 14255, 18692, 5858, 4640, 10716, 13839, 16635, 2097, 11464, 12427, 2320, 14629, 7617, 16183, 16205, 2170, 4384, 6683, 5285, 18707, 6780, 4231, 2404, 4895, 18091, 2944, 13054, 3904, 3491, 9455, 15985, 10432, 8657, 15304, 9114, 5838, 5197, 17244, 6207, 3970, 17246, 3950, 6168, 8697, 6800, 9942, 11118, 8582, 6355, 15275, 4581, 12724, 11921, 1833, 523, 7619, 15729, 176, 8576, 3101, 1573, 1283, 11796, 11277, 2547, 1738, 6806, 15187, 7129, 5179, 5854, 16373, 9231, 6270, 777, 2062, 13249, 4144, 6325, 3924, 5350, 14414, 3142, 2249, 6444, 13582, 2833, 18030, 6483, 18404, 15057, 7482, 15001, 15872, 14584, 10835, 954, 7257, 1381, 17819, 17518, 6497, 14430, 4901, 16466, 10805, 132, 7506, 755, 14427, 12119, 16613, 19042, 14994, 11257, 8042, 2144, 5966, 1580, 8010, 2550, 10684, 14088, 5037, 8764, 17076, 14185, 15984, 5299, 16601, 19182, 13197, 14561, 12605, 17010, 2703, 6715, 11207, 10188, 212, 2293, 17676, 1720, 5934, 112, 8568, 15870, 3226, 4524, 4431, 5141, 5383, 7609, 12807, 19001, 14368, 6704, 14903, 4172, 117, 18698, 1699, 16558, 7518, 10618, 2110, 10308, 7828, 6623, 17644, 4449, 951, 13858, 15106, 8402, 916, 4771, 8608, 6448, 6656, 13547, 2814, 8336, 8093, 6398, 637, 9909, 10621, 786, 14146, 17292, 9457, 3, 2884, 14785, 10504, 16361, 8181, 17690, 654, 11067, 18741, 386, 18208, 10130, 8079, 7082, 14740, 8076, 18619, 14428, 10992, 12679, 9431, 18328, 13606, 7641, 13542, 1002, 11975, 15646, 19078, 1352, 8683, 16053, 11763, 14823, 7059, 4995, 3754, 6213, 10090, 19084, 1973, 8131, 5353, 836, 13960, 3217, 4885, 9645, 16941, 14750, 13171, 9132, 1355, 4440, 15747, 8233, 6008, 12781, 16749, 13905, 18198, 5033, 2910, 16502, 1233, 965, 16926, 3944, 13518, 18213, 12739, 9972, 14609, 5764, 6128, 9532, 12680, 3672, 5458, 6822, 11547, 3163, 8040, 14081, 8369, 18182, 17541, 11552, 12451, 15074, 1783, 17730, 1690, 16992, 2490, 2459, 18065, 320, 18311, 45, 9495, 4572, 544, 12731, 16811, 15096, 14957, 4594, 16607, 2449, 7791, 13659, 8892, 1713, 17336, 6598, 13832, 10495, 18937, 3067, 3473, 12715, 13492, 14787, 16503, 17899, 16638, 2408, 7141, 10590, 2917, 14650, 12571, 4321, 2855, 1829, 3736, 3381, 11069, 16093, 15201, 14311, 9836, 18289, 16899, 897, 13981, 12223, 8884, 15721, 7778, 13648, 5737, 6550, 19249, 2715, 447, 12941, 8915, 18963, 16291, 760, 5869, 3635, 3439, 6740, 5003, 3174, 2945, 16056, 4860, 11216, 7363, 1147, 12124, 9764, 11245, 4361, 7784, 16285, 17057, 11203, 5114, 17655, 12056, 17890, 7741, 15799, 10258, 16088, 19222, 15303, 1433, 5991, 322, 2322, 3156, 9940, 7814, 17068, 16968, 10018, 1991, 11946, 8705, 10371, 4619, 11074, 2034, 15550, 11743, 18666, 13494, 14175, 13948, 15123, 11154, 10397, 1701, 4770, 839, 12085, 16500, 16241, 1535, 18782, 2221, 539, 18405, 4245, 103, 1571, 16945, 12196, 9441, 1732, 1367, 3596, 4794, 7230, 5245, 17483, 2955, 2003, 11509, 4044, 12934, 3456, 16693, 593, 4582, 14076, 10972, 1965, 7227, 14324, 8658, 3772, 8355, 11889, 1908, 2684, 10026, 1666, 16507, 5589, 9295, 8389, 2099, 18653, 13808, 19147, 6675, 10970, 2788, 19028, 16983, 16166, 9845, 8160, 11381, 10088, 10333, 11716, 14695, 12697, 4365, 3747, 17296, 11904, 74, 7047, 10639, 13094, 940, 10478, 2032, 6642, 14896, 10840, 5430, 5556, 12597, 2183, 18403, 4252, 14613, 18283, 8790, 12140, 13540, 13353, 14114, 13297, 4056, 14038, 11299, 13770, 11433, 14285, 1526, 1955, 15711, 255, 12481, 612, 1635, 4886, 357, 11434, 9524, 13106, 2607, 5391, 9406, 2331, 624, 2749, 17849, 9829, 11436, 18426, 9481, 18550, 15647, 532, 11720, 11824, 15610, 15741, 7902, 13558, 17967, 14539, 17889, 4631, 1238, 16921, 7787, 15293, 3108, 8215, 2851, 4514, 12938, 16730, 17178, 4890, 17960, 4725, 7917, 3191, 8231, 16341, 8195, 10913, 2173, 5557, 2637, 16896, 5806, 1815, 1451, 8864, 2290, 12108, 5328, 6203, 2431, 7508, 17898, 17188, 6897, 1199, 15526, 18437, 6631, 8644, 16917, 14964, 14233, 2454, 584, 4830, 7199, 4180, 14889, 5761, 13756, 6917, 7756, 18880, 15095, 1816, 14070, 16252, 7429, 16589, 1631, 15968, 15221, 12478, 18594, 1477, 5637, 12058, 1205, 13397, 9107, 18654, 1968, 3759, 13147, 14144, 14973, 12452, 18020, 13592, 17920, 13687, 11335, 7207, 418, 7834, 778, 12982, 10688, 9031, 509, 9601, 9780, 17040, 12023, 3916, 91, 6536, 18535, 7547, 15240, 707, 14533, 15064, 17012, 16805, 8637, 5969, 16221, 1940, 13307, 4717, 12615, 18220, 11028, 12170, 1743, 2376, 12415, 14220, 18827, 1294, 18543, 6977, 15309, 11778, 11842, 17103, 3857, 4637, 12162, 19169, 17166, 18237, 17818, 9507, 19022, 5790, 19112, 15611, 1118, 15184, 18703, 1817, 15530, 16579, 8437, 11839, 11378, 3537, 9205, 9217, 16272, 18759, 16828, 12002, 8348, 1723, 3481, 14115, 379, 8544, 264, 6015, 7672, 2253, 7364, 3706, 13796, 17139, 16125, 12059, 9623, 7185, 2418, 18230, 3087, 281, 4379, 1796, 8459, 4400, 17824, 2736, 16446, 13525, 15341, 3275, 7872, 1662, 7557, 4319, 15442, 7181, 10456, 4963, 17048, 16943, 12784, 3441, 5240, 9975, 13216, 17702, 11594, 13554, 6165, 19168, 16070, 3540, 3262, 10661, 4061, 13173, 2875, 17014, 4349, 10818, 8428, 16764, 14232, 8930, 15734, 17680, 7069, 15684, 17050, 18987, 6914, 6863, 19263, 10595, 150, 10039, 2722, 18223, 16444, 6559, 7258, 2661, 7699, 17136, 12773, 4247, 5723, 15194, 1696, 1500, 2807, 9893, 11835, 13240, 18313, 17107, 10265, 10244, 5570, 2862, 14049, 1012, 12861, 723, 9583, 17461, 10056, 1264, 8297, 3716, 14666, 15259, 13531, 543, 13723, 16810, 6700, 3516, 13766, 7186, 10692, 6321, 15484, 14547, 8744, 3703, 10383, 16829, 6366, 6846, 3906, 2021, 18133, 857, 279, 12232, 10212, 10541, 12325, 13475, 1225, 937, 6966, 10881, 16936, 18502, 1440, 11914, 3326, 5633, 14913, 4623, 10743, 12361, 17335, 1072, 5043, 14810, 15077, 3255, 17215, 6553, 17852, 4801, 6962, 3060, 9430, 8799, 13824, 188, 15175, 15163, 4733, 5011, 3536, 17635, 6532, 14071, 6112, 17158, 6597, 11272, 105, 19219, 5013, 12483, 201, 6848, 17033, 6367, 7859, 14702, 18844, 7053, 18694, 15670, 636, 10129, 6378, 5369, 7273, 16247, 9142, 15345, 16817, 14854, 2600, 15783, 889, 11833, 6612, 2068, 2427, 7062, 7918, 16181, 5464, 8339, 8950, 8453, 16423, 6064, 2380, 4268, 13929, 12974, 19141, 1299, 2484, 3883, 3273, 8772, 13256, 11239, 5766, 18098, 12705, 11004, 2695, 10048, 10960, 2766, 15661, 13258, 8015, 6032, 16397, 7749, 19039, 7634, 15076, 4234, 15114, 8475, 8091, 19220, 18004, 9704, 13918, 15569, 16443, 10015, 9943, 7817, 9349, 2588, 8249, 398, 5316, 15538, 18372, 13559, 2937, 2803, 16248, 6155, 630, 9911, 13190, 19157, 15788, 13248, 13148, 1320, 12074, 8471, 8798, 3213, 12418, 814, 2402, 12718, 12397, 10564, 9875, 10128, 6947, 9491, 17707, 3266, 19196, 14309, 18523, 19043, 17975, 18063, 11618, 15016, 14434, 7680, 1739, 18029, 11694, 1745, 9271, 5189, 9561, 11283, 14978, 10753, 16017, 12914, 978, 2828, 17257, 13135, 5061, 121, 6602, 16015, 19271, 12159, 1244, 8260, 13195, 15873, 12815, 14291, 14515, 118, 4892, 14985, 9551, 12654, 4739, 927, 12176, 9523, 11726, 18187, 5880, 2569, 3386, 13942, 3390, 15774, 129, 65, 12922, 8422, 12692, 16213, 11515, 2111, 8347, 10758, 14064, 4401, 17782, 15621, 6709, 14716, 4091, 13964, 8424, 4218, 7249, 11311, 11171, 18564, 14755, 7114, 14009, 14815, 294, 495, 7684, 6833, 4046, 3505, 16995, 17858, 7761, 15803, 9840, 13958, 8226, 10369, 12497, 17142, 1748, 2854, 7159, 11539, 11055, 13337, 17173, 14214, 6803, 11144, 12649, 283, 15489, 13174, 7015, 610, 7030, 18206, 14077, 15468, 14962, 8046, 7809, 17387, 16034, 16678, 1173, 3502, 12942, 15655, 16859, 7099, 1673, 446, 1365, 5881, 3713, 11697, 1897, 16001, 1702, 14149, 11876, 9341, 4325, 6923, 2001, 138, 3276, 18716, 17604, 10501, 115, 12800, 6111, 11148, 4549, 16057, 4707, 6843, 16091, 4295, 7519, 13708, 12409, 11018, 5052, 13566, 14715, 12755, 793, 10837, 1888, 12375, 3935, 5763, 11791, 11258, 13264, 11469, 4683, 8905, 1853, 11600, 4421, 2798, 5074, 18141, 13807, 8595, 8126, 13837, 8060, 6956, 11767, 14560, 9389, 15261, 1232, 12560, 7262, 11504, 3546, 4627, 1177, 517, 4008, 9219, 17696, 4148, 14124, 13243, 11235, 7561, 8331, 16320, 3591, 11341, 4015, 12028, 14929, 18601, 3528, 14065, 1510, 19191, 13833, 17616, 10869, 17689, 831, 16725, 6319, 15465, 10467, 8162, 13563, 7728, 10778, 13545, 12290, 16480, 14401, 12838, 4212, 17529, 4832, 15111, 12690, 10373, 7596, 18614, 17477, 1043, 13100, 4774, 17479, 3774, 9302, 3901, 13071, 6412, 9516, 1261, 3054, 13522, 17602, 14343, 18500, 10957, 2791, 9624, 3634, 17904, 5709, 14670, 11058, 7087, 7435, 13848, 82, 5565, 2562, 14029, 3583, 1676, 12709, 18473, 3158, 12787, 8068, 8263, 16146, 3593, 1802, 1861, 3348, 4487, 17749, 6105, 10471, 17472, 10200, 1182, 14180, 1076, 10156, 4839, 9903, 4879, 9720, 2157, 15344, 16067, 3064, 17182, 5368, 4987, 18484, 18923, 11896, 1052, 15727, 15289, 5885, 1933, 5251, 17072, 6038, 6195, 13524, 6606, 18506, 17536, 6784, 3231, 14121, 8925, 10030, 803, 13764, 146, 19268, 14099, 4130, 16372, 1537, 12248, 13718, 17187, 11728, 1740, 19233, 5600, 4092, 4779, 6028, 3395, 16152, 19150, 2417, 11980, 11237, 8427, 18127, 3538, 9257, 607, 2078, 18457, 5802, 3435, 15019, 4256, 9221, 13465, 11742, 5788, 9528, 17493, 4607, 3131, 6616, 5356, 1550, 4617, 8827, 849, 2601, 4437, 17861, 10261, 15704, 3890, 8149, 12063, 3086, 15925, 12301, 6847, 5603, 7768, 3187, 13372, 9258, 6584, 7594, 2603, 1835, 17380, 17193, 15251, 15937, 18731, 4082, 14911, 16626, 8824, 16208, 10167, 17711, 9678, 15852, 13620, 16479, 14586, 2446, 4866, 1315, 7746, 10615, 7927, 2443, 7157, 13506, 18410, 10494]",3041,1500,3,False,1500
6286,general repeat,general repeat,28,True,True,True,"{21: 26, 33: 14, 2: 18, 29: 13, 25: 57, 43: 9, 57: 16, 49: 16, 61: 14, 67: 52, 65: 21, 50: 28, 15: 53, 6: 13, 46: 15, 27: 69, 7: 65, 48: 67, 19: 21, 31: 14, 63: 26, 22: 39, 9: 79, 26: 40, 47: 15, 53: 66, 11: 19, 51: 26, 54: 9, 13: 32, 17: 37, 52: 30, 39: 27, 38: 19, 1: 6, 59: 33, 56: 23, 32: 9, 8: 25, 4: 12, 20: 26, 24: 7, 18: 31, 42: 7, 28: 31, 45: 57, 0: 13, 66: 11, 62: 11, 35: 7, 64: 15, 37: 2, 40: 25, 3: 3, 14: 5, 12: 8, 16: 15, 55: 16, 30: 13, 58: 6, 36: 4, 60: 5, 5: 3, 41: 2, 44: 2, 34: 2}","[12686, 3384, 6034, 14374, 14516, 14680, 18580, 5912, 661, 4433, 14182, 14634, 14672, 13694, 17233, 12320, 12666, 7276, 14925, 15315, 1125, 14820, 3769, 14096, 12401, 14972, 14176, 4685, 4278, 5735, 7514, 16051, 15882, 4696, 17145, 19193, 12994, 9901, 13641, 15193, 6739, 9240, 1608, 14664, 18117, 5676, 15714, 5964, 5329, 16651, 15936, 14441, 15878, 18316, 14255, 18692, 5858, 4640, 10716, 13839, 16635, 2097, 11464, 12427, 2320, 14629, 7617, 16183, 16205, 2170, 4384, 6683, 5285, 18707, 6780, 4231, 2404, 4895, 18091, 2944, 13054, 3904, 3491, 9455, 15985, 10432, 8657, 15304, 9114, 5838, 5197, 17244, 6207, 3970, 17246, 3950, 6168, 8697, 6800, 9942, 11118, 8582, 6355, 15275, 4581, 12724, 11921, 1833, 523, 7619, 15729, 176, 8576, 3101, 1573, 1283, 11796, 11277, 2547, 1738, 6806, 15187, 7129, 5179, 5854, 16373, 9231, 6270, 777, 2062, 13249, 4144, 6325, 3924, 5350, 14414, 3142, 2249, 6444, 13582, 2833, 18030, 6483, 18404, 15057, 7482, 15001, 15872, 14584, 10835, 954, 7257, 1381, 17819, 17518, 6497, 14430, 4901, 16466, 10805, 132, 7506, 755, 14427, 12119, 16613, 19042, 14994, 11257, 8042, 2144, 5966, 1580, 8010, 2550, 10684, 14088, 5037, 8764, 17076, 14185, 15984, 5299, 16601, 19182, 13197, 14561, 12605, 17010, 2703, 6715, 11207, 10188, 212, 2293, 17676, 1720, 5934, 112, 8568, 15870, 3226, 4524, 4431, 5141, 5383, 7609, 12807, 19001, 14368, 6704, 14903, 4172, 117, 18698, 1699, 16558, 7518, 10618, 2110, 10308, 7828, 6623, 17644, 4449, 951, 13858, 15106, 8402, 916, 4771, 8608, 6448, 6656, 13547, 2814, 8336, 8093, 6398, 637, 9909, 10621, 786, 14146, 17292, 9457, 3, 2884, 14785, 10504, 16361, 8181, 17690, 654, 11067, 18741, 386, 18208, 10130, 8079, 7082, 14740, 8076, 18619, 14428, 10992, 12679, 9431, 18328, 13606, 7641, 13542, 1002, 11975, 15646, 19078, 1352, 8683, 16053, 11763, 14823, 7059, 4995, 3754, 6213, 10090, 19084, 1973, 8131, 5353, 836, 13960, 3217, 4885, 9645, 16941, 14750, 13171, 9132, 1355, 4440, 15747, 8233, 6008, 12781, 16749, 13905, 18198, 5033, 2910, 16502, 1233, 965, 16926, 3944, 13518, 18213, 12739, 9972, 14609, 5764, 6128, 9532, 12680, 3672, 5458, 6822, 11547, 3163, 8040, 14081, 8369, 18182, 17541, 11552, 12451, 15074, 1783, 17730, 1690, 16992, 2490, 2459, 18065, 320, 18311, 45, 9495, 4572, 544, 12731, 16811, 15096, 14957, 4594, 16607, 2449, 7791, 13659, 8892, 1713, 17336, 6598, 13832, 10495, 18937, 3067, 3473, 12715, 13492, 14787, 16503, 17899, 16638, 2408, 7141, 10590, 2917, 14650, 12571, 4321, 2855, 1829, 3736, 3381, 11069, 16093, 15201, 14311, 9836, 18289, 16899, 897, 13981, 12223, 8884, 15721, 7778, 13648, 5737, 6550, 19249, 2715, 447, 12941, 8915, 18963, 16291, 760, 5869, 3635, 3439, 6740, 5003, 3174, 2945, 16056, 4860, 11216, 7363, 1147, 12124, 9764, 11245, 4361, 7784, 16285, 17057, 11203, 5114, 17655, 12056, 17890, 7741, 15799, 10258, 16088, 19222, 15303, 1433, 5991, 322, 2322, 3156, 9940, 7814, 17068, 16968, 10018, 1991, 11946, 8705, 10371, 4619, 11074, 2034, 15550, 11743, 18666, 13494, 14175, 13948, 15123, 11154, 10397, 1701, 4770, 839, 12085, 16500, 16241, 1535, 18782, 2221, 539, 18405, 4245, 103, 1571, 16945, 12196, 9441, 1732, 1367, 3596, 4794, 7230, 5245, 17483, 2955, 2003, 11509, 4044, 12934, 3456, 16693, 593, 4582, 14076, 10972, 1965, 7227, 14324, 8658, 3772, 8355, 11889, 1908, 2684, 10026, 1666, 16507, 5589, 9295, 8389, 2099, 18653, 13808, 19147, 6675, 10970, 2788, 19028, 16983, 16166, 9845, 8160, 11381, 10088, 10333, 11716, 14695, 12697, 4365, 3747, 17296, 11904, 74, 7047, 10639, 13094, 940, 10478, 2032, 6642, 14896, 10840, 5430, 5556, 12597, 2183, 18403, 4252, 14613, 18283, 8790, 12140, 13540, 13353, 14114, 13297, 4056, 14038, 11299, 13770, 11433, 14285, 1526, 1955, 15711, 255, 12481, 612, 1635, 4886, 357, 11434, 9524, 13106, 2607, 5391, 9406, 2331, 624, 2749, 17849, 9829, 11436, 18426, 9481, 18550, 15647, 532, 11720, 11824, 15610, 15741, 7902, 13558, 17967, 14539, 17889, 4631, 1238, 16921, 7787, 15293, 3108, 8215, 2851, 4514, 12938, 16730, 17178, 4890, 17960, 4725, 7917, 3191, 8231, 16341, 8195, 10913, 2173, 5557, 2637, 16896, 5806, 1815, 1451, 8864, 2290, 12108, 5328, 6203, 2431, 7508, 17898, 17188, 6897, 1199, 15526, 18437, 6631, 8644, 16917, 14964, 14233, 2454, 584, 4830, 7199, 4180, 14889, 5761, 13756, 6917, 7756, 18880, 15095, 1816, 14070, 16252, 7429, 16589, 1631, 15968, 15221, 12478, 18594, 1477, 5637, 12058, 1205, 13397, 9107, 18654, 1968, 3759, 13147, 14144, 14973, 12452, 18020, 13592, 17920, 13687, 11335, 7207, 418, 7834, 778, 12982, 10688, 9031, 509, 9601, 9780, 17040, 12023, 3916, 91, 6536, 18535, 7547, 15240, 707, 14533, 15064, 17012, 16805, 8637, 5969, 16221, 1940, 13307, 4717, 12615, 18220, 11028, 12170, 1743, 2376, 12415, 14220, 18827, 1294, 18543, 6977, 15309, 11778, 11842, 17103, 3857, 4637, 12162, 19169, 17166, 18237, 17818, 9507, 19022, 5790, 19112, 15611, 1118, 15184, 18703, 1817, 15530, 16579, 8437, 11839, 11378, 3537, 9205, 9217, 16272, 18759, 16828, 12002, 8348, 1723, 3481, 14115, 379, 8544, 264, 6015, 7672, 2253, 7364, 3706, 13796, 17139, 16125, 12059, 9623, 7185, 2418, 18230, 3087, 281, 4379, 1796, 8459, 4400, 17824, 2736, 16446, 13525, 15341, 3275, 7872, 1662, 7557, 4319, 15442, 7181, 10456, 4963, 17048, 16943, 12784, 3441, 5240, 9975, 13216, 17702, 11594, 13554, 6165, 19168, 16070, 3540, 3262, 10661, 4061, 13173, 2875, 17014, 4349, 10818, 8428, 16764, 14232, 8930, 15734, 17680, 7069, 15684, 17050, 18987, 6914, 6863, 19263, 10595, 150, 10039, 2722, 18223, 16444, 6559, 7258, 2661, 7699, 17136, 12773, 4247, 5723, 15194, 1696, 1500, 2807, 9893, 11835, 13240, 18313, 17107, 10265, 10244, 5570, 2862, 14049, 1012, 12861, 723, 9583, 17461, 10056, 1264, 8297, 3716, 14666, 15259, 13531, 543, 13723, 16810, 6700, 3516, 13766, 7186, 10692, 6321, 15484, 14547, 8744, 3703, 10383, 16829, 6366, 6846, 3906, 2021, 18133, 857, 279, 12232, 10212, 10541, 12325, 13475, 1225, 937, 6966, 10881, 16936, 18502, 1440, 11914, 3326, 5633, 14913, 4623, 10743, 12361, 17335, 1072, 5043, 14810, 15077, 3255, 17215, 6553, 17852, 4801, 6962, 3060, 9430, 8799, 13824, 188, 15175, 15163, 4733, 5011, 3536, 17635, 6532, 14071, 6112, 17158, 6597, 11272, 105, 19219, 5013, 12483, 201, 6848, 17033, 6367, 7859, 14702, 18844, 7053, 18694, 15670, 636, 10129, 6378, 5369, 7273, 16247, 9142, 15345, 16817, 14854, 2600, 15783, 889, 11833, 6612, 2068, 2427, 7062, 7918, 16181, 5464, 8339, 8950, 8453, 16423, 6064, 2380, 4268, 13929, 12974, 19141, 1299, 2484, 3883, 3273, 8772, 13256, 11239, 5766, 18098, 12705, 11004, 2695, 10048, 10960, 2766, 15661, 13258, 8015, 6032, 16397, 7749, 19039, 7634, 15076, 4234, 15114, 8475, 8091, 19220, 18004, 9704, 13918, 15569, 16443, 10015, 9943, 7817, 9349, 2588, 8249, 398, 5316, 15538, 18372, 13559, 2937, 2803, 16248, 6155, 630, 9911, 13190, 19157, 15788, 13248, 13148, 1320, 12074, 8471, 8798, 3213, 12418, 814, 2402, 12718, 12397, 10564, 9875, 10128, 6947, 9491, 17707, 3266, 19196, 14309, 18523, 19043, 17975, 18063, 11618, 15016, 14434, 7680, 1739, 18029, 11694, 1745, 9271, 5189, 9561, 11283, 14978, 10753, 16017, 12914, 978, 2828, 17257, 13135, 5061, 121, 6602, 16015, 19271, 12159, 1244, 8260, 13195, 15873, 12815, 14291, 14515, 118, 4892, 14985, 9551, 12654, 4739, 927, 12176, 9523, 11726, 18187, 5880, 2569, 3386, 13942, 3390, 15774, 129, 65, 12922, 8422, 12692, 16213, 11515, 2111, 8347, 10758, 14064, 4401, 17782, 15621, 6709, 14716, 4091, 13964, 8424, 4218, 7249, 11311, 11171, 18564, 14755, 7114, 14009, 14815, 294, 495, 7684, 6833, 4046, 3505, 16995, 17858, 7761, 15803, 9840, 13958, 8226, 10369, 12497, 17142, 1748, 2854, 7159, 11539, 11055, 13337, 17173, 14214, 6803, 11144, 12649, 283, 15489, 13174, 7015, 610, 7030, 18206, 14077, 15468, 14962, 8046, 7809, 17387, 16034, 16678, 1173, 3502, 12942, 15655, 16859, 7099, 1673, 446, 1365, 5881, 3713, 11697, 1897, 16001, 1702, 14149, 11876, 9341, 4325, 6923, 2001, 138, 3276, 18716, 17604, 10501, 115, 12800, 6111, 11148, 4549, 16057, 4707, 6843, 16091, 4295, 7519, 13708, 12409, 11018, 5052, 13566, 14715, 12755, 793, 10837, 1888, 12375, 3935, 5763, 11791, 11258, 13264, 11469, 4683, 8905, 1853, 11600, 4421, 2798, 5074, 18141, 13807, 8595, 8126, 13837, 8060, 6956, 11767, 14560, 9389, 15261, 1232, 12560, 7262, 11504, 3546, 4627, 1177, 517, 4008, 9219, 17696, 4148, 14124, 13243, 11235, 7561, 8331, 16320, 3591, 11341, 4015, 12028, 14929, 18601, 3528, 14065, 1510, 19191, 13833, 17616, 10869, 17689, 831, 16725, 6319, 15465, 10467, 8162, 13563, 7728, 10778, 13545, 12290, 16480, 14401, 12838, 4212, 17529, 4832, 15111, 12690, 10373, 7596, 18614, 17477, 1043, 13100, 4774, 17479, 3774, 9302, 3901, 13071, 6412, 9516, 1261, 3054, 13522, 17602, 14343, 18500, 10957, 2791, 9624, 3634, 17904, 5709, 14670, 11058, 7087, 7435, 13848, 82, 5565, 2562, 14029, 3583, 1676, 12709, 18473, 3158, 12787, 8068, 8263, 16146, 3593, 1802, 1861, 3348, 4487, 17749, 6105, 10471, 17472, 10200, 1182, 14180, 1076, 10156, 4839, 9903, 4879, 9720, 2157, 15344, 16067, 3064, 17182, 5368, 4987, 18484, 18923, 11896, 1052, 15727, 15289, 5885, 1933, 5251, 17072, 6038, 6195, 13524, 6606, 18506, 17536, 6784, 3231, 14121, 8925, 10030, 803, 13764, 146, 19268, 14099, 4130, 16372, 1537, 12248, 13718, 17187, 11728, 1740, 19233, 5600, 4092, 4779, 6028, 3395, 16152, 19150, 2417, 11980, 11237, 8427, 18127, 3538, 9257, 607, 2078, 18457, 5802, 3435, 15019, 4256, 9221, 13465, 11742, 5788, 9528, 17493, 4607, 3131, 6616, 5356, 1550, 4617, 8827, 849, 2601, 4437, 17861, 10261, 15704, 3890, 8149, 12063, 3086, 15925, 12301, 6847, 5603, 7768, 3187, 13372, 9258, 6584, 7594, 2603, 1835, 17380, 17193, 15251, 15937, 18731, 4082, 14911, 16626, 8824, 16208, 10167, 17711, 9678, 15852, 13620, 16479, 14586, 2446, 4866, 1315, 7746, 10615, 7927, 2443, 7157, 13506, 18410, 10494]",6286,1500,3,False,1500
1546,general explain,general explain,22,True,True,True,"{21: 26, 33: 14, 2: 18, 29: 13, 25: 57, 43: 9, 57: 16, 49: 16, 61: 14, 67: 52, 65: 21, 50: 28, 15: 53, 6: 13, 46: 15, 27: 69, 7: 65, 48: 67, 19: 21, 31: 14, 63: 26, 22: 39, 9: 79, 26: 40, 47: 15, 53: 66, 11: 19, 51: 26, 54: 9, 13: 32, 17: 37, 52: 30, 39: 27, 38: 19, 1: 6, 59: 33, 56: 23, 32: 9, 8: 25, 4: 12, 20: 26, 24: 7, 18: 31, 42: 7, 28: 31, 45: 57, 0: 13, 66: 11, 62: 11, 35: 7, 64: 15, 37: 2, 40: 25, 3: 3, 14: 5, 12: 8, 16: 15, 55: 16, 30: 13, 58: 6, 36: 4, 60: 5, 5: 3, 41: 2, 44: 2, 34: 2}","[12686, 3384, 6034, 14374, 14516, 14680, 18580, 5912, 661, 4433, 14182, 14634, 14672, 13694, 17233, 12320, 12666, 7276, 14925, 15315, 1125, 14820, 3769, 14096, 12401, 14972, 14176, 4685, 4278, 5735, 7514, 16051, 15882, 4696, 17145, 19193, 12994, 9901, 13641, 15193, 6739, 9240, 1608, 14664, 18117, 5676, 15714, 5964, 5329, 16651, 15936, 14441, 15878, 18316, 14255, 18692, 5858, 4640, 10716, 13839, 16635, 2097, 11464, 12427, 2320, 14629, 7617, 16183, 16205, 2170, 4384, 6683, 5285, 18707, 6780, 4231, 2404, 4895, 18091, 2944, 13054, 3904, 3491, 9455, 15985, 10432, 8657, 15304, 9114, 5838, 5197, 17244, 6207, 3970, 17246, 3950, 6168, 8697, 6800, 9942, 11118, 8582, 6355, 15275, 4581, 12724, 11921, 1833, 523, 7619, 15729, 176, 8576, 3101, 1573, 1283, 11796, 11277, 2547, 1738, 6806, 15187, 7129, 5179, 5854, 16373, 9231, 6270, 777, 2062, 13249, 4144, 6325, 3924, 5350, 14414, 3142, 2249, 6444, 13582, 2833, 18030, 6483, 18404, 15057, 7482, 15001, 15872, 14584, 10835, 954, 7257, 1381, 17819, 17518, 6497, 14430, 4901, 16466, 10805, 132, 7506, 755, 14427, 12119, 16613, 19042, 14994, 11257, 8042, 2144, 5966, 1580, 8010, 2550, 10684, 14088, 5037, 8764, 17076, 14185, 15984, 5299, 16601, 19182, 13197, 14561, 12605, 17010, 2703, 6715, 11207, 10188, 212, 2293, 17676, 1720, 5934, 112, 8568, 15870, 3226, 4524, 4431, 5141, 5383, 7609, 12807, 19001, 14368, 6704, 14903, 4172, 117, 18698, 1699, 16558, 7518, 10618, 2110, 10308, 7828, 6623, 17644, 4449, 951, 13858, 15106, 8402, 916, 4771, 8608, 6448, 6656, 13547, 2814, 8336, 8093, 6398, 637, 9909, 10621, 786, 14146, 17292, 9457, 3, 2884, 14785, 10504, 16361, 8181, 17690, 654, 11067, 18741, 386, 18208, 10130, 8079, 7082, 14740, 8076, 18619, 14428, 10992, 12679, 9431, 18328, 13606, 7641, 13542, 1002, 11975, 15646, 19078, 1352, 8683, 16053, 11763, 14823, 7059, 4995, 3754, 6213, 10090, 19084, 1973, 8131, 5353, 836, 13960, 3217, 4885, 9645, 16941, 14750, 13171, 9132, 1355, 4440, 15747, 8233, 6008, 12781, 16749, 13905, 18198, 5033, 2910, 16502, 1233, 965, 16926, 3944, 13518, 18213, 12739, 9972, 14609, 5764, 6128, 9532, 12680, 3672, 5458, 6822, 11547, 3163, 8040, 14081, 8369, 18182, 17541, 11552, 12451, 15074, 1783, 17730, 1690, 16992, 2490, 2459, 18065, 320, 18311, 45, 9495, 4572, 544, 12731, 16811, 15096, 14957, 4594, 16607, 2449, 7791, 13659, 8892, 1713, 17336, 6598, 13832, 10495, 18937, 3067, 3473, 12715, 13492, 14787, 16503, 17899, 16638, 2408, 7141, 10590, 2917, 14650, 12571, 4321, 2855, 1829, 3736, 3381, 11069, 16093, 15201, 14311, 9836, 18289, 16899, 897, 13981, 12223, 8884, 15721, 7778, 13648, 5737, 6550, 19249, 2715, 447, 12941, 8915, 18963, 16291, 760, 5869, 3635, 3439, 6740, 5003, 3174, 2945, 16056, 4860, 11216, 7363, 1147, 12124, 9764, 11245, 4361, 7784, 16285, 17057, 11203, 5114, 17655, 12056, 17890, 7741, 15799, 10258, 16088, 19222, 15303, 1433, 5991, 322, 2322, 3156, 9940, 7814, 17068, 16968, 10018, 1991, 11946, 8705, 10371, 4619, 11074, 2034, 15550, 11743, 18666, 13494, 14175, 13948, 15123, 11154, 10397, 1701, 4770, 839, 12085, 16500, 16241, 1535, 18782, 2221, 539, 18405, 4245, 103, 1571, 16945, 12196, 9441, 1732, 1367, 3596, 4794, 7230, 5245, 17483, 2955, 2003, 11509, 4044, 12934, 3456, 16693, 593, 4582, 14076, 10972, 1965, 7227, 14324, 8658, 3772, 8355, 11889, 1908, 2684, 10026, 1666, 16507, 5589, 9295, 8389, 2099, 18653, 13808, 19147, 6675, 10970, 2788, 19028, 16983, 16166, 9845, 8160, 11381, 10088, 10333, 11716, 14695, 12697, 4365, 3747, 17296, 11904, 74, 7047, 10639, 13094, 940, 10478, 2032, 6642, 14896, 10840, 5430, 5556, 12597, 2183, 18403, 4252, 14613, 18283, 8790, 12140, 13540, 13353, 14114, 13297, 4056, 14038, 11299, 13770, 11433, 14285, 1526, 1955, 15711, 255, 12481, 612, 1635, 4886, 357, 11434, 9524, 13106, 2607, 5391, 9406, 2331, 624, 2749, 17849, 9829, 11436, 18426, 9481, 18550, 15647, 532, 11720, 11824, 15610, 15741, 7902, 13558, 17967, 14539, 17889, 4631, 1238, 16921, 7787, 15293, 3108, 8215, 2851, 4514, 12938, 16730, 17178, 4890, 17960, 4725, 7917, 3191, 8231, 16341, 8195, 10913, 2173, 5557, 2637, 16896, 5806, 1815, 1451, 8864, 2290, 12108, 5328, 6203, 2431, 7508, 17898, 17188, 6897, 1199, 15526, 18437, 6631, 8644, 16917, 14964, 14233, 2454, 584, 4830, 7199, 4180, 14889, 5761, 13756, 6917, 7756, 18880, 15095, 1816, 14070, 16252, 7429, 16589, 1631, 15968, 15221, 12478, 18594, 1477, 5637, 12058, 1205, 13397, 9107, 18654, 1968, 3759, 13147, 14144, 14973, 12452, 18020, 13592, 17920, 13687, 11335, 7207, 418, 7834, 778, 12982, 10688, 9031, 509, 9601, 9780, 17040, 12023, 3916, 91, 6536, 18535, 7547, 15240, 707, 14533, 15064, 17012, 16805, 8637, 5969, 16221, 1940, 13307, 4717, 12615, 18220, 11028, 12170, 1743, 2376, 12415, 14220, 18827, 1294, 18543, 6977, 15309, 11778, 11842, 17103, 3857, 4637, 12162, 19169, 17166, 18237, 17818, 9507, 19022, 5790, 19112, 15611, 1118, 15184, 18703, 1817, 15530, 16579, 8437, 11839, 11378, 3537, 9205, 9217, 16272, 18759, 16828, 12002, 8348, 1723, 3481, 14115, 379, 8544, 264, 6015, 7672, 2253, 7364, 3706, 13796, 17139, 16125, 12059, 9623, 7185, 2418, 18230, 3087, 281, 4379, 1796, 8459, 4400, 17824, 2736, 16446, 13525, 15341, 3275, 7872, 1662, 7557, 4319, 15442, 7181, 10456, 4963, 17048, 16943, 12784, 3441, 5240, 9975, 13216, 17702, 11594, 13554, 6165, 19168, 16070, 3540, 3262, 10661, 4061, 13173, 2875, 17014, 4349, 10818, 8428, 16764, 14232, 8930, 15734, 17680, 7069, 15684, 17050, 18987, 6914, 6863, 19263, 10595, 150, 10039, 2722, 18223, 16444, 6559, 7258, 2661, 7699, 17136, 12773, 4247, 5723, 15194, 1696, 1500, 2807, 9893, 11835, 13240, 18313, 17107, 10265, 10244, 5570, 2862, 14049, 1012, 12861, 723, 9583, 17461, 10056, 1264, 8297, 3716, 14666, 15259, 13531, 543, 13723, 16810, 6700, 3516, 13766, 7186, 10692, 6321, 15484, 14547, 8744, 3703, 10383, 16829, 6366, 6846, 3906, 2021, 18133, 857, 279, 12232, 10212, 10541, 12325, 13475, 1225, 937, 6966, 10881, 16936, 18502, 1440, 11914, 3326, 5633, 14913, 4623, 10743, 12361, 17335, 1072, 5043, 14810, 15077, 3255, 17215, 6553, 17852, 4801, 6962, 3060, 9430, 8799, 13824, 188, 15175, 15163, 4733, 5011, 3536, 17635, 6532, 14071, 6112, 17158, 6597, 11272, 105, 19219, 5013, 12483, 201, 6848, 17033, 6367, 7859, 14702, 18844, 7053, 18694, 15670, 636, 10129, 6378, 5369, 7273, 16247, 9142, 15345, 16817, 14854, 2600, 15783, 889, 11833, 6612, 2068, 2427, 7062, 7918, 16181, 5464, 8339, 8950, 8453, 16423, 6064, 2380, 4268, 13929, 12974, 19141, 1299, 2484, 3883, 3273, 8772, 13256, 11239, 5766, 18098, 12705, 11004, 2695, 10048, 10960, 2766, 15661, 13258, 8015, 6032, 16397, 7749, 19039, 7634, 15076, 4234, 15114, 8475, 8091, 19220, 18004, 9704, 13918, 15569, 16443, 10015, 9943, 7817, 9349, 2588, 8249, 398, 5316, 15538, 18372, 13559, 2937, 2803, 16248, 6155, 630, 9911, 13190, 19157, 15788, 13248, 13148, 1320, 12074, 8471, 8798, 3213, 12418, 814, 2402, 12718, 12397, 10564, 9875, 10128, 6947, 9491, 17707, 3266, 19196, 14309, 18523, 19043, 17975, 18063, 11618, 15016, 14434, 7680, 1739, 18029, 11694, 1745, 9271, 5189, 9561, 11283, 14978, 10753, 16017, 12914, 978, 2828, 17257, 13135, 5061, 121, 6602, 16015, 19271, 12159, 1244, 8260, 13195, 15873, 12815, 14291, 14515, 118, 4892, 14985, 9551, 12654, 4739, 927, 12176, 9523, 11726, 18187, 5880, 2569, 3386, 13942, 3390, 15774, 129, 65, 12922, 8422, 12692, 16213, 11515, 2111, 8347, 10758, 14064, 4401, 17782, 15621, 6709, 14716, 4091, 13964, 8424, 4218, 7249, 11311, 11171, 18564, 14755, 7114, 14009, 14815, 294, 495, 7684, 6833, 4046, 3505, 16995, 17858, 7761, 15803, 9840, 13958, 8226, 10369, 12497, 17142, 1748, 2854, 7159, 11539, 11055, 13337, 17173, 14214, 6803, 11144, 12649, 283, 15489, 13174, 7015, 610, 7030, 18206, 14077, 15468, 14962, 8046, 7809, 17387, 16034, 16678, 1173, 3502, 12942, 15655, 16859, 7099, 1673, 446, 1365, 5881, 3713, 11697, 1897, 16001, 1702, 14149, 11876, 9341, 4325, 6923, 2001, 138, 3276, 18716, 17604, 10501, 115, 12800, 6111, 11148, 4549, 16057, 4707, 6843, 16091, 4295, 7519, 13708, 12409, 11018, 5052, 13566, 14715, 12755, 793, 10837, 1888, 12375, 3935, 5763, 11791, 11258, 13264, 11469, 4683, 8905, 1853, 11600, 4421, 2798, 5074, 18141, 13807, 8595, 8126, 13837, 8060, 6956, 11767, 14560, 9389, 15261, 1232, 12560, 7262, 11504, 3546, 4627, 1177, 517, 4008, 9219, 17696, 4148, 14124, 13243, 11235, 7561, 8331, 16320, 3591, 11341, 4015, 12028, 14929, 18601, 3528, 14065, 1510, 19191, 13833, 17616, 10869, 17689, 831, 16725, 6319, 15465, 10467, 8162, 13563, 7728, 10778, 13545, 12290, 16480, 14401, 12838, 4212, 17529, 4832, 15111, 12690, 10373, 7596, 18614, 17477, 1043, 13100, 4774, 17479, 3774, 9302, 3901, 13071, 6412, 9516, 1261, 3054, 13522, 17602, 14343, 18500, 10957, 2791, 9624, 3634, 17904, 5709, 14670, 11058, 7087, 7435, 13848, 82, 5565, 2562, 14029, 3583, 1676, 12709, 18473, 3158, 12787, 8068, 8263, 16146, 3593, 1802, 1861, 3348, 4487, 17749, 6105, 10471, 17472, 10200, 1182, 14180, 1076, 10156, 4839, 9903, 4879, 9720, 2157, 15344, 16067, 3064, 17182, 5368, 4987, 18484, 18923, 11896, 1052, 15727, 15289, 5885, 1933, 5251, 17072, 6038, 6195, 13524, 6606, 18506, 17536, 6784, 3231, 14121, 8925, 10030, 803, 13764, 146, 19268, 14099, 4130, 16372, 1537, 12248, 13718, 17187, 11728, 1740, 19233, 5600, 4092, 4779, 6028, 3395, 16152, 19150, 2417, 11980, 11237, 8427, 18127, 3538, 9257, 607, 2078, 18457, 5802, 3435, 15019, 4256, 9221, 13465, 11742, 5788, 9528, 17493, 4607, 3131, 6616, 5356, 1550, 4617, 8827, 849, 2601, 4437, 17861, 10261, 15704, 3890, 8149, 12063, 3086, 15925, 12301, 6847, 5603, 7768, 3187, 13372, 9258, 6584, 7594, 2603, 1835, 17380, 17193, 15251, 15937, 18731, 4082, 14911, 16626, 8824, 16208, 10167, 17711, 9678, 15852, 13620, 16479, 14586, 2446, 4866, 1315, 7746, 10615, 7927, 2443, 7157, 13506, 18410, 10494]",1546,1500,3,False,1500
365,general dont care,general dont,21,True,True,False,"{21: 26, 33: 14, 2: 18, 29: 13, 25: 57, 43: 9, 57: 16, 49: 16, 61: 14, 67: 52, 65: 21, 50: 28, 15: 53, 6: 13, 46: 15, 27: 69, 7: 65, 48: 67, 19: 21, 31: 14, 63: 26, 22: 39, 9: 79, 26: 40, 47: 15, 53: 66, 11: 19, 51: 26, 54: 9, 13: 32, 17: 37, 52: 30, 39: 27, 38: 19, 1: 6, 59: 33, 56: 23, 32: 9, 8: 25, 4: 12, 20: 26, 24: 7, 18: 31, 42: 7, 28: 31, 45: 57, 0: 13, 66: 11, 62: 11, 35: 7, 64: 15, 37: 2, 40: 25, 3: 3, 14: 5, 12: 8, 16: 15, 55: 16, 30: 13, 58: 6, 36: 4, 60: 5, 5: 3, 41: 2, 44: 2, 34: 2}","[12686, 3384, 6034, 14374, 14516, 14680, 18580, 5912, 661, 4433, 14182, 14634, 14672, 13694, 17233, 12320, 12666, 7276, 14925, 15315, 1125, 14820, 3769, 14096, 12401, 14972, 14176, 4685, 4278, 5735, 7514, 16051, 15882, 4696, 17145, 19193, 12994, 9901, 13641, 15193, 6739, 9240, 1608, 14664, 18117, 5676, 15714, 5964, 5329, 16651, 15936, 14441, 15878, 18316, 14255, 18692, 5858, 4640, 10716, 13839, 16635, 2097, 11464, 12427, 2320, 14629, 7617, 16183, 16205, 2170, 4384, 6683, 5285, 18707, 6780, 4231, 2404, 4895, 18091, 2944, 13054, 3904, 3491, 9455, 15985, 10432, 8657, 15304, 9114, 5838, 5197, 17244, 6207, 3970, 17246, 3950, 6168, 8697, 6800, 9942, 11118, 8582, 6355, 15275, 4581, 12724, 11921, 1833, 523, 7619, 15729, 176, 8576, 3101, 1573, 1283, 11796, 11277, 2547, 1738, 6806, 15187, 7129, 5179, 5854, 16373, 9231, 6270, 777, 2062, 13249, 4144, 6325, 3924, 5350, 14414, 3142, 2249, 6444, 13582, 2833, 18030, 6483, 18404, 15057, 7482, 15001, 15872, 14584, 10835, 954, 7257, 1381, 17819, 17518, 6497, 14430, 4901, 16466, 10805, 132, 7506, 755, 14427, 12119, 16613, 19042, 14994, 11257, 8042, 2144, 5966, 1580, 8010, 2550, 10684, 14088, 5037, 8764, 17076, 14185, 15984, 5299, 16601, 19182, 13197, 14561, 12605, 17010, 2703, 6715, 11207, 10188, 212, 2293, 17676, 1720, 5934, 112, 8568, 15870, 3226, 4524, 4431, 5141, 5383, 7609, 12807, 19001, 14368, 6704, 14903, 4172, 117, 18698, 1699, 16558, 7518, 10618, 2110, 10308, 7828, 6623, 17644, 4449, 951, 13858, 15106, 8402, 916, 4771, 8608, 6448, 6656, 13547, 2814, 8336, 8093, 6398, 637, 9909, 10621, 786, 14146, 17292, 9457, 3, 2884, 14785, 10504, 16361, 8181, 17690, 654, 11067, 18741, 386, 18208, 10130, 8079, 7082, 14740, 8076, 18619, 14428, 10992, 12679, 9431, 18328, 13606, 7641, 13542, 1002, 11975, 15646, 19078, 1352, 8683, 16053, 11763, 14823, 7059, 4995, 3754, 6213, 10090, 19084, 1973, 8131, 5353, 836, 13960, 3217, 4885, 9645, 16941, 14750, 13171, 9132, 1355, 4440, 15747, 8233, 6008, 12781, 16749, 13905, 18198, 5033, 2910, 16502, 1233, 965, 16926, 3944, 13518, 18213, 12739, 9972, 14609, 5764, 6128, 9532, 12680, 3672, 5458, 6822, 11547, 3163, 8040, 14081, 8369, 18182, 17541, 11552, 12451, 15074, 1783, 17730, 1690, 16992, 2490, 2459, 18065, 320, 18311, 45, 9495, 4572, 544, 12731, 16811, 15096, 14957, 4594, 16607, 2449, 7791, 13659, 8892, 1713, 17336, 6598, 13832, 10495, 18937, 3067, 3473, 12715, 13492, 14787, 16503, 17899, 16638, 2408, 7141, 10590, 2917, 14650, 12571, 4321, 2855, 1829, 3736, 3381, 11069, 16093, 15201, 14311, 9836, 18289, 16899, 897, 13981, 12223, 8884, 15721, 7778, 13648, 5737, 6550, 19249, 2715, 447, 12941, 8915, 18963, 16291, 760, 5869, 3635, 3439, 6740, 5003, 3174, 2945, 16056, 4860, 11216, 7363, 1147, 12124, 9764, 11245, 4361, 7784, 16285, 17057, 11203, 5114, 17655, 12056, 17890, 7741, 15799, 10258, 16088, 19222, 15303, 1433, 5991, 322, 2322, 3156, 9940, 7814, 17068, 16968, 10018, 1991, 11946, 8705, 10371, 4619, 11074, 2034, 15550, 11743, 18666, 13494, 14175, 13948, 15123, 11154, 10397, 1701, 4770, 839, 12085, 16500, 16241, 1535, 18782, 2221, 539, 18405, 4245, 103, 1571, 16945, 12196, 9441, 1732, 1367, 3596, 4794, 7230, 5245, 17483, 2955, 2003, 11509, 4044, 12934, 3456, 16693, 593, 4582, 14076, 10972, 1965, 7227, 14324, 8658, 3772, 8355, 11889, 1908, 2684, 10026, 1666, 16507, 5589, 9295, 8389, 2099, 18653, 13808, 19147, 6675, 10970, 2788, 19028, 16983, 16166, 9845, 8160, 11381, 10088, 10333, 11716, 14695, 12697, 4365, 3747, 17296, 11904, 74, 7047, 10639, 13094, 940, 10478, 2032, 6642, 14896, 10840, 5430, 5556, 12597, 2183, 18403, 4252, 14613, 18283, 8790, 12140, 13540, 13353, 14114, 13297, 4056, 14038, 11299, 13770, 11433, 14285, 1526, 1955, 15711, 255, 12481, 612, 1635, 4886, 357, 11434, 9524, 13106, 2607, 5391, 9406, 2331, 624, 2749, 17849, 9829, 11436, 18426, 9481, 18550, 15647, 532, 11720, 11824, 15610, 15741, 7902, 13558, 17967, 14539, 17889, 4631, 1238, 16921, 7787, 15293, 3108, 8215, 2851, 4514, 12938, 16730, 17178, 4890, 17960, 4725, 7917, 3191, 8231, 16341, 8195, 10913, 2173, 5557, 2637, 16896, 5806, 1815, 1451, 8864, 2290, 12108, 5328, 6203, 2431, 7508, 17898, 17188, 6897, 1199, 15526, 18437, 6631, 8644, 16917, 14964, 14233, 2454, 584, 4830, 7199, 4180, 14889, 5761, 13756, 6917, 7756, 18880, 15095, 1816, 14070, 16252, 7429, 16589, 1631, 15968, 15221, 12478, 18594, 1477, 5637, 12058, 1205, 13397, 9107, 18654, 1968, 3759, 13147, 14144, 14973, 12452, 18020, 13592, 17920, 13687, 11335, 7207, 418, 7834, 778, 12982, 10688, 9031, 509, 9601, 9780, 17040, 12023, 3916, 91, 6536, 18535, 7547, 15240, 707, 14533, 15064, 17012, 16805, 8637, 5969, 16221, 1940, 13307, 4717, 12615, 18220, 11028, 12170, 1743, 2376, 12415, 14220, 18827, 1294, 18543, 6977, 15309, 11778, 11842, 17103, 3857, 4637, 12162, 19169, 17166, 18237, 17818, 9507, 19022, 5790, 19112, 15611, 1118, 15184, 18703, 1817, 15530, 16579, 8437, 11839, 11378, 3537, 9205, 9217, 16272, 18759, 16828, 12002, 8348, 1723, 3481, 14115, 379, 8544, 264, 6015, 7672, 2253, 7364, 3706, 13796, 17139, 16125, 12059, 9623, 7185, 2418, 18230, 3087, 281, 4379, 1796, 8459, 4400, 17824, 2736, 16446, 13525, 15341, 3275, 7872, 1662, 7557, 4319, 15442, 7181, 10456, 4963, 17048, 16943, 12784, 3441, 5240, 9975, 13216, 17702, 11594, 13554, 6165, 19168, 16070, 3540, 3262, 10661, 4061, 13173, 2875, 17014, 4349, 10818, 8428, 16764, 14232, 8930, 15734, 17680, 7069, 15684, 17050, 18987, 6914, 6863, 19263, 10595, 150, 10039, 2722, 18223, 16444, 6559, 7258, 2661, 7699, 17136, 12773, 4247, 5723, 15194, 1696, 1500, 2807, 9893, 11835, 13240, 18313, 17107, 10265, 10244, 5570, 2862, 14049, 1012, 12861, 723, 9583, 17461, 10056, 1264, 8297, 3716, 14666, 15259, 13531, 543, 13723, 16810, 6700, 3516, 13766, 7186, 10692, 6321, 15484, 14547, 8744, 3703, 10383, 16829, 6366, 6846, 3906, 2021, 18133, 857, 279, 12232, 10212, 10541, 12325, 13475, 1225, 937, 6966, 10881, 16936, 18502, 1440, 11914, 3326, 5633, 14913, 4623, 10743, 12361, 17335, 1072, 5043, 14810, 15077, 3255, 17215, 6553, 17852, 4801, 6962, 3060, 9430, 8799, 13824, 188, 15175, 15163, 4733, 5011, 3536, 17635, 6532, 14071, 6112, 17158, 6597, 11272, 105, 19219, 5013, 12483, 201, 6848, 17033, 6367, 7859, 14702, 18844, 7053, 18694, 15670, 636, 10129, 6378, 5369, 7273, 16247, 9142, 15345, 16817, 14854, 2600, 15783, 889, 11833, 6612, 2068, 2427, 7062, 7918, 16181, 5464, 8339, 8950, 8453, 16423, 6064, 2380, 4268, 13929, 12974, 19141, 1299, 2484, 3883, 3273, 8772, 13256, 11239, 5766, 18098, 12705, 11004, 2695, 10048, 10960, 2766, 15661, 13258, 8015, 6032, 16397, 7749, 19039, 7634, 15076, 4234, 15114, 8475, 8091, 19220, 18004, 9704, 13918, 15569, 16443, 10015, 9943, 7817, 9349, 2588, 8249, 398, 5316, 15538, 18372, 13559, 2937, 2803, 16248, 6155, 630, 9911, 13190, 19157, 15788, 13248, 13148, 1320, 12074, 8471, 8798, 3213, 12418, 814, 2402, 12718, 12397, 10564, 9875, 10128, 6947, 9491, 17707, 3266, 19196, 14309, 18523, 19043, 17975, 18063, 11618, 15016, 14434, 7680, 1739, 18029, 11694, 1745, 9271, 5189, 9561, 11283, 14978, 10753, 16017, 12914, 978, 2828, 17257, 13135, 5061, 121, 6602, 16015, 19271, 12159, 1244, 8260, 13195, 15873, 12815, 14291, 14515, 118, 4892, 14985, 9551, 12654, 4739, 927, 12176, 9523, 11726, 18187, 5880, 2569, 3386, 13942, 3390, 15774, 129, 65, 12922, 8422, 12692, 16213, 11515, 2111, 8347, 10758, 14064, 4401, 17782, 15621, 6709, 14716, 4091, 13964, 8424, 4218, 7249, 11311, 11171, 18564, 14755, 7114, 14009, 14815, 294, 495, 7684, 6833, 4046, 3505, 16995, 17858, 7761, 15803, 9840, 13958, 8226, 10369, 12497, 17142, 1748, 2854, 7159, 11539, 11055, 13337, 17173, 14214, 6803, 11144, 12649, 283, 15489, 13174, 7015, 610, 7030, 18206, 14077, 15468, 14962, 8046, 7809, 17387, 16034, 16678, 1173, 3502, 12942, 15655, 16859, 7099, 1673, 446, 1365, 5881, 3713, 11697, 1897, 16001, 1702, 14149, 11876, 9341, 4325, 6923, 2001, 138, 3276, 18716, 17604, 10501, 115, 12800, 6111, 11148, 4549, 16057, 4707, 6843, 16091, 4295, 7519, 13708, 12409, 11018, 5052, 13566, 14715, 12755, 793, 10837, 1888, 12375, 3935, 5763, 11791, 11258, 13264, 11469, 4683, 8905, 1853, 11600, 4421, 2798, 5074, 18141, 13807, 8595, 8126, 13837, 8060, 6956, 11767, 14560, 9389, 15261, 1232, 12560, 7262, 11504, 3546, 4627, 1177, 517, 4008, 9219, 17696, 4148, 14124, 13243, 11235, 7561, 8331, 16320, 3591, 11341, 4015, 12028, 14929, 18601, 3528, 14065, 1510, 19191, 13833, 17616, 10869, 17689, 831, 16725, 6319, 15465, 10467, 8162, 13563, 7728, 10778, 13545, 12290, 16480, 14401, 12838, 4212, 17529, 4832, 15111, 12690, 10373, 7596, 18614, 17477, 1043, 13100, 4774, 17479, 3774, 9302, 3901, 13071, 6412, 9516, 1261, 3054, 13522, 17602, 14343, 18500, 10957, 2791, 9624, 3634, 17904, 5709, 14670, 11058, 7087, 7435, 13848, 82, 5565, 2562, 14029, 3583, 1676, 12709, 18473, 3158, 12787, 8068, 8263, 16146, 3593, 1802, 1861, 3348, 4487, 17749, 6105, 10471, 17472, 10200, 1182, 14180, 1076, 10156, 4839, 9903, 4879, 9720, 2157, 15344, 16067, 3064, 17182, 5368, 4987, 18484, 18923, 11896, 1052, 15727, 15289, 5885, 1933, 5251, 17072, 6038, 6195, 13524, 6606, 18506, 17536, 6784, 3231, 14121, 8925, 10030, 803, 13764, 146, 19268, 14099, 4130, 16372, 1537, 12248, 13718, 17187, 11728, 1740, 19233, 5600, 4092, 4779, 6028, 3395, 16152, 19150, 2417, 11980, 11237, 8427, 18127, 3538, 9257, 607, 2078, 18457, 5802, 3435, 15019, 4256, 9221, 13465, 11742, 5788, 9528, 17493, 4607, 3131, 6616, 5356, 1550, 4617, 8827, 849, 2601, 4437, 17861, 10261, 15704, 3890, 8149, 12063, 3086, 15925, 12301, 6847, 5603, 7768, 3187, 13372, 9258, 6584, 7594, 2603, 1835, 17380, 17193, 15251, 15937, 18731, 4082, 14911, 16626, 8824, 16208, 10167, 17711, 9678, 15852, 13620, 16479, 14586, 2446, 4866, 1315, 7746, 10615, 7927, 2443, 7157, 13506, 18410, 10494]",365,1500,3,False,1500
6074,qa stock,qa stock,55,True,True,True,"{21: 26, 33: 14, 2: 18, 29: 13, 25: 57, 43: 9, 57: 16, 49: 16, 61: 14, 67: 52, 65: 21, 50: 28, 15: 53, 6: 13, 46: 15, 27: 69, 7: 65, 48: 67, 19: 21, 31: 14, 63: 26, 22: 39, 9: 79, 26: 40, 47: 15, 53: 66, 11: 19, 51: 26, 54: 9, 13: 32, 17: 37, 52: 30, 39: 27, 38: 19, 1: 6, 59: 33, 56: 23, 32: 9, 8: 25, 4: 12, 20: 26, 24: 7, 18: 31, 42: 7, 28: 31, 45: 57, 0: 13, 66: 11, 62: 11, 35: 7, 64: 15, 37: 2, 40: 25, 3: 3, 14: 5, 12: 8, 16: 15, 55: 16, 30: 13, 58: 6, 36: 4, 60: 5, 5: 3, 41: 2, 44: 2, 34: 2}","[12686, 3384, 6034, 14374, 14516, 14680, 18580, 5912, 661, 4433, 14182, 14634, 14672, 13694, 17233, 12320, 12666, 7276, 14925, 15315, 1125, 14820, 3769, 14096, 12401, 14972, 14176, 4685, 4278, 5735, 7514, 16051, 15882, 4696, 17145, 19193, 12994, 9901, 13641, 15193, 6739, 9240, 1608, 14664, 18117, 5676, 15714, 5964, 5329, 16651, 15936, 14441, 15878, 18316, 14255, 18692, 5858, 4640, 10716, 13839, 16635, 2097, 11464, 12427, 2320, 14629, 7617, 16183, 16205, 2170, 4384, 6683, 5285, 18707, 6780, 4231, 2404, 4895, 18091, 2944, 13054, 3904, 3491, 9455, 15985, 10432, 8657, 15304, 9114, 5838, 5197, 17244, 6207, 3970, 17246, 3950, 6168, 8697, 6800, 9942, 11118, 8582, 6355, 15275, 4581, 12724, 11921, 1833, 523, 7619, 15729, 176, 8576, 3101, 1573, 1283, 11796, 11277, 2547, 1738, 6806, 15187, 7129, 5179, 5854, 16373, 9231, 6270, 777, 2062, 13249, 4144, 6325, 3924, 5350, 14414, 3142, 2249, 6444, 13582, 2833, 18030, 6483, 18404, 15057, 7482, 15001, 15872, 14584, 10835, 954, 7257, 1381, 17819, 17518, 6497, 14430, 4901, 16466, 10805, 132, 7506, 755, 14427, 12119, 16613, 19042, 14994, 11257, 8042, 2144, 5966, 1580, 8010, 2550, 10684, 14088, 5037, 8764, 17076, 14185, 15984, 5299, 16601, 19182, 13197, 14561, 12605, 17010, 2703, 6715, 11207, 10188, 212, 2293, 17676, 1720, 5934, 112, 8568, 15870, 3226, 4524, 4431, 5141, 5383, 7609, 12807, 19001, 14368, 6704, 14903, 4172, 117, 18698, 1699, 16558, 7518, 10618, 2110, 10308, 7828, 6623, 17644, 4449, 951, 13858, 15106, 8402, 916, 4771, 8608, 6448, 6656, 13547, 2814, 8336, 8093, 6398, 637, 9909, 10621, 786, 14146, 17292, 9457, 3, 2884, 14785, 10504, 16361, 8181, 17690, 654, 11067, 18741, 386, 18208, 10130, 8079, 7082, 14740, 8076, 18619, 14428, 10992, 12679, 9431, 18328, 13606, 7641, 13542, 1002, 11975, 15646, 19078, 1352, 8683, 16053, 11763, 14823, 7059, 4995, 3754, 6213, 10090, 19084, 1973, 8131, 5353, 836, 13960, 3217, 4885, 9645, 16941, 14750, 13171, 9132, 1355, 4440, 15747, 8233, 6008, 12781, 16749, 13905, 18198, 5033, 2910, 16502, 1233, 965, 16926, 3944, 13518, 18213, 12739, 9972, 14609, 5764, 6128, 9532, 12680, 3672, 5458, 6822, 11547, 3163, 8040, 14081, 8369, 18182, 17541, 11552, 12451, 15074, 1783, 17730, 1690, 16992, 2490, 2459, 18065, 320, 18311, 45, 9495, 4572, 544, 12731, 16811, 15096, 14957, 4594, 16607, 2449, 7791, 13659, 8892, 1713, 17336, 6598, 13832, 10495, 18937, 3067, 3473, 12715, 13492, 14787, 16503, 17899, 16638, 2408, 7141, 10590, 2917, 14650, 12571, 4321, 2855, 1829, 3736, 3381, 11069, 16093, 15201, 14311, 9836, 18289, 16899, 897, 13981, 12223, 8884, 15721, 7778, 13648, 5737, 6550, 19249, 2715, 447, 12941, 8915, 18963, 16291, 760, 5869, 3635, 3439, 6740, 5003, 3174, 2945, 16056, 4860, 11216, 7363, 1147, 12124, 9764, 11245, 4361, 7784, 16285, 17057, 11203, 5114, 17655, 12056, 17890, 7741, 15799, 10258, 16088, 19222, 15303, 1433, 5991, 322, 2322, 3156, 9940, 7814, 17068, 16968, 10018, 1991, 11946, 8705, 10371, 4619, 11074, 2034, 15550, 11743, 18666, 13494, 14175, 13948, 15123, 11154, 10397, 1701, 4770, 839, 12085, 16500, 16241, 1535, 18782, 2221, 539, 18405, 4245, 103, 1571, 16945, 12196, 9441, 1732, 1367, 3596, 4794, 7230, 5245, 17483, 2955, 2003, 11509, 4044, 12934, 3456, 16693, 593, 4582, 14076, 10972, 1965, 7227, 14324, 8658, 3772, 8355, 11889, 1908, 2684, 10026, 1666, 16507, 5589, 9295, 8389, 2099, 18653, 13808, 19147, 6675, 10970, 2788, 19028, 16983, 16166, 9845, 8160, 11381, 10088, 10333, 11716, 14695, 12697, 4365, 3747, 17296, 11904, 74, 7047, 10639, 13094, 940, 10478, 2032, 6642, 14896, 10840, 5430, 5556, 12597, 2183, 18403, 4252, 14613, 18283, 8790, 12140, 13540, 13353, 14114, 13297, 4056, 14038, 11299, 13770, 11433, 14285, 1526, 1955, 15711, 255, 12481, 612, 1635, 4886, 357, 11434, 9524, 13106, 2607, 5391, 9406, 2331, 624, 2749, 17849, 9829, 11436, 18426, 9481, 18550, 15647, 532, 11720, 11824, 15610, 15741, 7902, 13558, 17967, 14539, 17889, 4631, 1238, 16921, 7787, 15293, 3108, 8215, 2851, 4514, 12938, 16730, 17178, 4890, 17960, 4725, 7917, 3191, 8231, 16341, 8195, 10913, 2173, 5557, 2637, 16896, 5806, 1815, 1451, 8864, 2290, 12108, 5328, 6203, 2431, 7508, 17898, 17188, 6897, 1199, 15526, 18437, 6631, 8644, 16917, 14964, 14233, 2454, 584, 4830, 7199, 4180, 14889, 5761, 13756, 6917, 7756, 18880, 15095, 1816, 14070, 16252, 7429, 16589, 1631, 15968, 15221, 12478, 18594, 1477, 5637, 12058, 1205, 13397, 9107, 18654, 1968, 3759, 13147, 14144, 14973, 12452, 18020, 13592, 17920, 13687, 11335, 7207, 418, 7834, 778, 12982, 10688, 9031, 509, 9601, 9780, 17040, 12023, 3916, 91, 6536, 18535, 7547, 15240, 707, 14533, 15064, 17012, 16805, 8637, 5969, 16221, 1940, 13307, 4717, 12615, 18220, 11028, 12170, 1743, 2376, 12415, 14220, 18827, 1294, 18543, 6977, 15309, 11778, 11842, 17103, 3857, 4637, 12162, 19169, 17166, 18237, 17818, 9507, 19022, 5790, 19112, 15611, 1118, 15184, 18703, 1817, 15530, 16579, 8437, 11839, 11378, 3537, 9205, 9217, 16272, 18759, 16828, 12002, 8348, 1723, 3481, 14115, 379, 8544, 264, 6015, 7672, 2253, 7364, 3706, 13796, 17139, 16125, 12059, 9623, 7185, 2418, 18230, 3087, 281, 4379, 1796, 8459, 4400, 17824, 2736, 16446, 13525, 15341, 3275, 7872, 1662, 7557, 4319, 15442, 7181, 10456, 4963, 17048, 16943, 12784, 3441, 5240, 9975, 13216, 17702, 11594, 13554, 6165, 19168, 16070, 3540, 3262, 10661, 4061, 13173, 2875, 17014, 4349, 10818, 8428, 16764, 14232, 8930, 15734, 17680, 7069, 15684, 17050, 18987, 6914, 6863, 19263, 10595, 150, 10039, 2722, 18223, 16444, 6559, 7258, 2661, 7699, 17136, 12773, 4247, 5723, 15194, 1696, 1500, 2807, 9893, 11835, 13240, 18313, 17107, 10265, 10244, 5570, 2862, 14049, 1012, 12861, 723, 9583, 17461, 10056, 1264, 8297, 3716, 14666, 15259, 13531, 543, 13723, 16810, 6700, 3516, 13766, 7186, 10692, 6321, 15484, 14547, 8744, 3703, 10383, 16829, 6366, 6846, 3906, 2021, 18133, 857, 279, 12232, 10212, 10541, 12325, 13475, 1225, 937, 6966, 10881, 16936, 18502, 1440, 11914, 3326, 5633, 14913, 4623, 10743, 12361, 17335, 1072, 5043, 14810, 15077, 3255, 17215, 6553, 17852, 4801, 6962, 3060, 9430, 8799, 13824, 188, 15175, 15163, 4733, 5011, 3536, 17635, 6532, 14071, 6112, 17158, 6597, 11272, 105, 19219, 5013, 12483, 201, 6848, 17033, 6367, 7859, 14702, 18844, 7053, 18694, 15670, 636, 10129, 6378, 5369, 7273, 16247, 9142, 15345, 16817, 14854, 2600, 15783, 889, 11833, 6612, 2068, 2427, 7062, 7918, 16181, 5464, 8339, 8950, 8453, 16423, 6064, 2380, 4268, 13929, 12974, 19141, 1299, 2484, 3883, 3273, 8772, 13256, 11239, 5766, 18098, 12705, 11004, 2695, 10048, 10960, 2766, 15661, 13258, 8015, 6032, 16397, 7749, 19039, 7634, 15076, 4234, 15114, 8475, 8091, 19220, 18004, 9704, 13918, 15569, 16443, 10015, 9943, 7817, 9349, 2588, 8249, 398, 5316, 15538, 18372, 13559, 2937, 2803, 16248, 6155, 630, 9911, 13190, 19157, 15788, 13248, 13148, 1320, 12074, 8471, 8798, 3213, 12418, 814, 2402, 12718, 12397, 10564, 9875, 10128, 6947, 9491, 17707, 3266, 19196, 14309, 18523, 19043, 17975, 18063, 11618, 15016, 14434, 7680, 1739, 18029, 11694, 1745, 9271, 5189, 9561, 11283, 14978, 10753, 16017, 12914, 978, 2828, 17257, 13135, 5061, 121, 6602, 16015, 19271, 12159, 1244, 8260, 13195, 15873, 12815, 14291, 14515, 118, 4892, 14985, 9551, 12654, 4739, 927, 12176, 9523, 11726, 18187, 5880, 2569, 3386, 13942, 3390, 15774, 129, 65, 12922, 8422, 12692, 16213, 11515, 2111, 8347, 10758, 14064, 4401, 17782, 15621, 6709, 14716, 4091, 13964, 8424, 4218, 7249, 11311, 11171, 18564, 14755, 7114, 14009, 14815, 294, 495, 7684, 6833, 4046, 3505, 16995, 17858, 7761, 15803, 9840, 13958, 8226, 10369, 12497, 17142, 1748, 2854, 7159, 11539, 11055, 13337, 17173, 14214, 6803, 11144, 12649, 283, 15489, 13174, 7015, 610, 7030, 18206, 14077, 15468, 14962, 8046, 7809, 17387, 16034, 16678, 1173, 3502, 12942, 15655, 16859, 7099, 1673, 446, 1365, 5881, 3713, 11697, 1897, 16001, 1702, 14149, 11876, 9341, 4325, 6923, 2001, 138, 3276, 18716, 17604, 10501, 115, 12800, 6111, 11148, 4549, 16057, 4707, 6843, 16091, 4295, 7519, 13708, 12409, 11018, 5052, 13566, 14715, 12755, 793, 10837, 1888, 12375, 3935, 5763, 11791, 11258, 13264, 11469, 4683, 8905, 1853, 11600, 4421, 2798, 5074, 18141, 13807, 8595, 8126, 13837, 8060, 6956, 11767, 14560, 9389, 15261, 1232, 12560, 7262, 11504, 3546, 4627, 1177, 517, 4008, 9219, 17696, 4148, 14124, 13243, 11235, 7561, 8331, 16320, 3591, 11341, 4015, 12028, 14929, 18601, 3528, 14065, 1510, 19191, 13833, 17616, 10869, 17689, 831, 16725, 6319, 15465, 10467, 8162, 13563, 7728, 10778, 13545, 12290, 16480, 14401, 12838, 4212, 17529, 4832, 15111, 12690, 10373, 7596, 18614, 17477, 1043, 13100, 4774, 17479, 3774, 9302, 3901, 13071, 6412, 9516, 1261, 3054, 13522, 17602, 14343, 18500, 10957, 2791, 9624, 3634, 17904, 5709, 14670, 11058, 7087, 7435, 13848, 82, 5565, 2562, 14029, 3583, 1676, 12709, 18473, 3158, 12787, 8068, 8263, 16146, 3593, 1802, 1861, 3348, 4487, 17749, 6105, 10471, 17472, 10200, 1182, 14180, 1076, 10156, 4839, 9903, 4879, 9720, 2157, 15344, 16067, 3064, 17182, 5368, 4987, 18484, 18923, 11896, 1052, 15727, 15289, 5885, 1933, 5251, 17072, 6038, 6195, 13524, 6606, 18506, 17536, 6784, 3231, 14121, 8925, 10030, 803, 13764, 146, 19268, 14099, 4130, 16372, 1537, 12248, 13718, 17187, 11728, 1740, 19233, 5600, 4092, 4779, 6028, 3395, 16152, 19150, 2417, 11980, 11237, 8427, 18127, 3538, 9257, 607, 2078, 18457, 5802, 3435, 15019, 4256, 9221, 13465, 11742, 5788, 9528, 17493, 4607, 3131, 6616, 5356, 1550, 4617, 8827, 849, 2601, 4437, 17861, 10261, 15704, 3890, 8149, 12063, 3086, 15925, 12301, 6847, 5603, 7768, 3187, 13372, 9258, 6584, 7594, 2603, 1835, 17380, 17193, 15251, 15937, 18731, 4082, 14911, 16626, 8824, 16208, 10167, 17711, 9678, 15852, 13620, 16479, 14586, 2446, 4866, 1315, 7746, 10615, 7927, 2443, 7157, 13506, 18410, 10494]",6074,1500,3,False,1500
5712,recommendation movies,recommendation mov,58,True,True,False,"{21: 26, 33: 14, 2: 18, 29: 13, 25: 57, 43: 9, 57: 16, 49: 16, 61: 14, 67: 52, 65: 21, 50: 28, 15: 53, 6: 13, 46: 15, 27: 69, 7: 65, 48: 67, 19: 21, 31: 14, 63: 26, 22: 39, 9: 79, 26: 40, 47: 15, 53: 66, 11: 19, 51: 26, 54: 9, 13: 32, 17: 37, 52: 30, 39: 27, 38: 19, 1: 6, 59: 33, 56: 23, 32: 9, 8: 25, 4: 12, 20: 26, 24: 7, 18: 31, 42: 7, 28: 31, 45: 57, 0: 13, 66: 11, 62: 11, 35: 7, 64: 15, 37: 2, 40: 25, 3: 3, 14: 5, 12: 8, 16: 15, 55: 16, 30: 13, 58: 6, 36: 4, 60: 5, 5: 3, 41: 2, 44: 2, 34: 2}","[12686, 3384, 6034, 14374, 14516, 14680, 18580, 5912, 661, 4433, 14182, 14634, 14672, 13694, 17233, 12320, 12666, 7276, 14925, 15315, 1125, 14820, 3769, 14096, 12401, 14972, 14176, 4685, 4278, 5735, 7514, 16051, 15882, 4696, 17145, 19193, 12994, 9901, 13641, 15193, 6739, 9240, 1608, 14664, 18117, 5676, 15714, 5964, 5329, 16651, 15936, 14441, 15878, 18316, 14255, 18692, 5858, 4640, 10716, 13839, 16635, 2097, 11464, 12427, 2320, 14629, 7617, 16183, 16205, 2170, 4384, 6683, 5285, 18707, 6780, 4231, 2404, 4895, 18091, 2944, 13054, 3904, 3491, 9455, 15985, 10432, 8657, 15304, 9114, 5838, 5197, 17244, 6207, 3970, 17246, 3950, 6168, 8697, 6800, 9942, 11118, 8582, 6355, 15275, 4581, 12724, 11921, 1833, 523, 7619, 15729, 176, 8576, 3101, 1573, 1283, 11796, 11277, 2547, 1738, 6806, 15187, 7129, 5179, 5854, 16373, 9231, 6270, 777, 2062, 13249, 4144, 6325, 3924, 5350, 14414, 3142, 2249, 6444, 13582, 2833, 18030, 6483, 18404, 15057, 7482, 15001, 15872, 14584, 10835, 954, 7257, 1381, 17819, 17518, 6497, 14430, 4901, 16466, 10805, 132, 7506, 755, 14427, 12119, 16613, 19042, 14994, 11257, 8042, 2144, 5966, 1580, 8010, 2550, 10684, 14088, 5037, 8764, 17076, 14185, 15984, 5299, 16601, 19182, 13197, 14561, 12605, 17010, 2703, 6715, 11207, 10188, 212, 2293, 17676, 1720, 5934, 112, 8568, 15870, 3226, 4524, 4431, 5141, 5383, 7609, 12807, 19001, 14368, 6704, 14903, 4172, 117, 18698, 1699, 16558, 7518, 10618, 2110, 10308, 7828, 6623, 17644, 4449, 951, 13858, 15106, 8402, 916, 4771, 8608, 6448, 6656, 13547, 2814, 8336, 8093, 6398, 637, 9909, 10621, 786, 14146, 17292, 9457, 3, 2884, 14785, 10504, 16361, 8181, 17690, 654, 11067, 18741, 386, 18208, 10130, 8079, 7082, 14740, 8076, 18619, 14428, 10992, 12679, 9431, 18328, 13606, 7641, 13542, 1002, 11975, 15646, 19078, 1352, 8683, 16053, 11763, 14823, 7059, 4995, 3754, 6213, 10090, 19084, 1973, 8131, 5353, 836, 13960, 3217, 4885, 9645, 16941, 14750, 13171, 9132, 1355, 4440, 15747, 8233, 6008, 12781, 16749, 13905, 18198, 5033, 2910, 16502, 1233, 965, 16926, 3944, 13518, 18213, 12739, 9972, 14609, 5764, 6128, 9532, 12680, 3672, 5458, 6822, 11547, 3163, 8040, 14081, 8369, 18182, 17541, 11552, 12451, 15074, 1783, 17730, 1690, 16992, 2490, 2459, 18065, 320, 18311, 45, 9495, 4572, 544, 12731, 16811, 15096, 14957, 4594, 16607, 2449, 7791, 13659, 8892, 1713, 17336, 6598, 13832, 10495, 18937, 3067, 3473, 12715, 13492, 14787, 16503, 17899, 16638, 2408, 7141, 10590, 2917, 14650, 12571, 4321, 2855, 1829, 3736, 3381, 11069, 16093, 15201, 14311, 9836, 18289, 16899, 897, 13981, 12223, 8884, 15721, 7778, 13648, 5737, 6550, 19249, 2715, 447, 12941, 8915, 18963, 16291, 760, 5869, 3635, 3439, 6740, 5003, 3174, 2945, 16056, 4860, 11216, 7363, 1147, 12124, 9764, 11245, 4361, 7784, 16285, 17057, 11203, 5114, 17655, 12056, 17890, 7741, 15799, 10258, 16088, 19222, 15303, 1433, 5991, 322, 2322, 3156, 9940, 7814, 17068, 16968, 10018, 1991, 11946, 8705, 10371, 4619, 11074, 2034, 15550, 11743, 18666, 13494, 14175, 13948, 15123, 11154, 10397, 1701, 4770, 839, 12085, 16500, 16241, 1535, 18782, 2221, 539, 18405, 4245, 103, 1571, 16945, 12196, 9441, 1732, 1367, 3596, 4794, 7230, 5245, 17483, 2955, 2003, 11509, 4044, 12934, 3456, 16693, 593, 4582, 14076, 10972, 1965, 7227, 14324, 8658, 3772, 8355, 11889, 1908, 2684, 10026, 1666, 16507, 5589, 9295, 8389, 2099, 18653, 13808, 19147, 6675, 10970, 2788, 19028, 16983, 16166, 9845, 8160, 11381, 10088, 10333, 11716, 14695, 12697, 4365, 3747, 17296, 11904, 74, 7047, 10639, 13094, 940, 10478, 2032, 6642, 14896, 10840, 5430, 5556, 12597, 2183, 18403, 4252, 14613, 18283, 8790, 12140, 13540, 13353, 14114, 13297, 4056, 14038, 11299, 13770, 11433, 14285, 1526, 1955, 15711, 255, 12481, 612, 1635, 4886, 357, 11434, 9524, 13106, 2607, 5391, 9406, 2331, 624, 2749, 17849, 9829, 11436, 18426, 9481, 18550, 15647, 532, 11720, 11824, 15610, 15741, 7902, 13558, 17967, 14539, 17889, 4631, 1238, 16921, 7787, 15293, 3108, 8215, 2851, 4514, 12938, 16730, 17178, 4890, 17960, 4725, 7917, 3191, 8231, 16341, 8195, 10913, 2173, 5557, 2637, 16896, 5806, 1815, 1451, 8864, 2290, 12108, 5328, 6203, 2431, 7508, 17898, 17188, 6897, 1199, 15526, 18437, 6631, 8644, 16917, 14964, 14233, 2454, 584, 4830, 7199, 4180, 14889, 5761, 13756, 6917, 7756, 18880, 15095, 1816, 14070, 16252, 7429, 16589, 1631, 15968, 15221, 12478, 18594, 1477, 5637, 12058, 1205, 13397, 9107, 18654, 1968, 3759, 13147, 14144, 14973, 12452, 18020, 13592, 17920, 13687, 11335, 7207, 418, 7834, 778, 12982, 10688, 9031, 509, 9601, 9780, 17040, 12023, 3916, 91, 6536, 18535, 7547, 15240, 707, 14533, 15064, 17012, 16805, 8637, 5969, 16221, 1940, 13307, 4717, 12615, 18220, 11028, 12170, 1743, 2376, 12415, 14220, 18827, 1294, 18543, 6977, 15309, 11778, 11842, 17103, 3857, 4637, 12162, 19169, 17166, 18237, 17818, 9507, 19022, 5790, 19112, 15611, 1118, 15184, 18703, 1817, 15530, 16579, 8437, 11839, 11378, 3537, 9205, 9217, 16272, 18759, 16828, 12002, 8348, 1723, 3481, 14115, 379, 8544, 264, 6015, 7672, 2253, 7364, 3706, 13796, 17139, 16125, 12059, 9623, 7185, 2418, 18230, 3087, 281, 4379, 1796, 8459, 4400, 17824, 2736, 16446, 13525, 15341, 3275, 7872, 1662, 7557, 4319, 15442, 7181, 10456, 4963, 17048, 16943, 12784, 3441, 5240, 9975, 13216, 17702, 11594, 13554, 6165, 19168, 16070, 3540, 3262, 10661, 4061, 13173, 2875, 17014, 4349, 10818, 8428, 16764, 14232, 8930, 15734, 17680, 7069, 15684, 17050, 18987, 6914, 6863, 19263, 10595, 150, 10039, 2722, 18223, 16444, 6559, 7258, 2661, 7699, 17136, 12773, 4247, 5723, 15194, 1696, 1500, 2807, 9893, 11835, 13240, 18313, 17107, 10265, 10244, 5570, 2862, 14049, 1012, 12861, 723, 9583, 17461, 10056, 1264, 8297, 3716, 14666, 15259, 13531, 543, 13723, 16810, 6700, 3516, 13766, 7186, 10692, 6321, 15484, 14547, 8744, 3703, 10383, 16829, 6366, 6846, 3906, 2021, 18133, 857, 279, 12232, 10212, 10541, 12325, 13475, 1225, 937, 6966, 10881, 16936, 18502, 1440, 11914, 3326, 5633, 14913, 4623, 10743, 12361, 17335, 1072, 5043, 14810, 15077, 3255, 17215, 6553, 17852, 4801, 6962, 3060, 9430, 8799, 13824, 188, 15175, 15163, 4733, 5011, 3536, 17635, 6532, 14071, 6112, 17158, 6597, 11272, 105, 19219, 5013, 12483, 201, 6848, 17033, 6367, 7859, 14702, 18844, 7053, 18694, 15670, 636, 10129, 6378, 5369, 7273, 16247, 9142, 15345, 16817, 14854, 2600, 15783, 889, 11833, 6612, 2068, 2427, 7062, 7918, 16181, 5464, 8339, 8950, 8453, 16423, 6064, 2380, 4268, 13929, 12974, 19141, 1299, 2484, 3883, 3273, 8772, 13256, 11239, 5766, 18098, 12705, 11004, 2695, 10048, 10960, 2766, 15661, 13258, 8015, 6032, 16397, 7749, 19039, 7634, 15076, 4234, 15114, 8475, 8091, 19220, 18004, 9704, 13918, 15569, 16443, 10015, 9943, 7817, 9349, 2588, 8249, 398, 5316, 15538, 18372, 13559, 2937, 2803, 16248, 6155, 630, 9911, 13190, 19157, 15788, 13248, 13148, 1320, 12074, 8471, 8798, 3213, 12418, 814, 2402, 12718, 12397, 10564, 9875, 10128, 6947, 9491, 17707, 3266, 19196, 14309, 18523, 19043, 17975, 18063, 11618, 15016, 14434, 7680, 1739, 18029, 11694, 1745, 9271, 5189, 9561, 11283, 14978, 10753, 16017, 12914, 978, 2828, 17257, 13135, 5061, 121, 6602, 16015, 19271, 12159, 1244, 8260, 13195, 15873, 12815, 14291, 14515, 118, 4892, 14985, 9551, 12654, 4739, 927, 12176, 9523, 11726, 18187, 5880, 2569, 3386, 13942, 3390, 15774, 129, 65, 12922, 8422, 12692, 16213, 11515, 2111, 8347, 10758, 14064, 4401, 17782, 15621, 6709, 14716, 4091, 13964, 8424, 4218, 7249, 11311, 11171, 18564, 14755, 7114, 14009, 14815, 294, 495, 7684, 6833, 4046, 3505, 16995, 17858, 7761, 15803, 9840, 13958, 8226, 10369, 12497, 17142, 1748, 2854, 7159, 11539, 11055, 13337, 17173, 14214, 6803, 11144, 12649, 283, 15489, 13174, 7015, 610, 7030, 18206, 14077, 15468, 14962, 8046, 7809, 17387, 16034, 16678, 1173, 3502, 12942, 15655, 16859, 7099, 1673, 446, 1365, 5881, 3713, 11697, 1897, 16001, 1702, 14149, 11876, 9341, 4325, 6923, 2001, 138, 3276, 18716, 17604, 10501, 115, 12800, 6111, 11148, 4549, 16057, 4707, 6843, 16091, 4295, 7519, 13708, 12409, 11018, 5052, 13566, 14715, 12755, 793, 10837, 1888, 12375, 3935, 5763, 11791, 11258, 13264, 11469, 4683, 8905, 1853, 11600, 4421, 2798, 5074, 18141, 13807, 8595, 8126, 13837, 8060, 6956, 11767, 14560, 9389, 15261, 1232, 12560, 7262, 11504, 3546, 4627, 1177, 517, 4008, 9219, 17696, 4148, 14124, 13243, 11235, 7561, 8331, 16320, 3591, 11341, 4015, 12028, 14929, 18601, 3528, 14065, 1510, 19191, 13833, 17616, 10869, 17689, 831, 16725, 6319, 15465, 10467, 8162, 13563, 7728, 10778, 13545, 12290, 16480, 14401, 12838, 4212, 17529, 4832, 15111, 12690, 10373, 7596, 18614, 17477, 1043, 13100, 4774, 17479, 3774, 9302, 3901, 13071, 6412, 9516, 1261, 3054, 13522, 17602, 14343, 18500, 10957, 2791, 9624, 3634, 17904, 5709, 14670, 11058, 7087, 7435, 13848, 82, 5565, 2562, 14029, 3583, 1676, 12709, 18473, 3158, 12787, 8068, 8263, 16146, 3593, 1802, 1861, 3348, 4487, 17749, 6105, 10471, 17472, 10200, 1182, 14180, 1076, 10156, 4839, 9903, 4879, 9720, 2157, 15344, 16067, 3064, 17182, 5368, 4987, 18484, 18923, 11896, 1052, 15727, 15289, 5885, 1933, 5251, 17072, 6038, 6195, 13524, 6606, 18506, 17536, 6784, 3231, 14121, 8925, 10030, 803, 13764, 146, 19268, 14099, 4130, 16372, 1537, 12248, 13718, 17187, 11728, 1740, 19233, 5600, 4092, 4779, 6028, 3395, 16152, 19150, 2417, 11980, 11237, 8427, 18127, 3538, 9257, 607, 2078, 18457, 5802, 3435, 15019, 4256, 9221, 13465, 11742, 5788, 9528, 17493, 4607, 3131, 6616, 5356, 1550, 4617, 8827, 849, 2601, 4437, 17861, 10261, 15704, 3890, 8149, 12063, 3086, 15925, 12301, 6847, 5603, 7768, 3187, 13372, 9258, 6584, 7594, 2603, 1835, 17380, 17193, 15251, 15937, 18731, 4082, 14911, 16626, 8824, 16208, 10167, 17711, 9678, 15852, 13620, 16479, 14586, 2446, 4866, 1315, 7746, 10615, 7927, 2443, 7157, 13506, 18410, 10494]",5712,1500,3,False,1500
4203,transport query,transport query,63,True,True,True,"{21: 26, 33: 14, 2: 18, 29: 13, 25: 57, 43: 9, 57: 16, 49: 16, 61: 14, 67: 52, 65: 21, 50: 28, 15: 53, 6: 13, 46: 15, 27: 69, 7: 65, 48: 67, 19: 21, 31: 14, 63: 26, 22: 39, 9: 79, 26: 40, 47: 15, 53: 66, 11: 19, 51: 26, 54: 9, 13: 32, 17: 37, 52: 30, 39: 27, 38: 19, 1: 6, 59: 33, 56: 23, 32: 9, 8: 25, 4: 12, 20: 26, 24: 7, 18: 31, 42: 7, 28: 31, 45: 57, 0: 13, 66: 11, 62: 11, 35: 7, 64: 15, 37: 2, 40: 25, 3: 3, 14: 5, 12: 8, 16: 15, 55: 16, 30: 13, 58: 6, 36: 4, 60: 5, 5: 3, 41: 2, 44: 2, 34: 2}","[12686, 3384, 6034, 14374, 14516, 14680, 18580, 5912, 661, 4433, 14182, 14634, 14672, 13694, 17233, 12320, 12666, 7276, 14925, 15315, 1125, 14820, 3769, 14096, 12401, 14972, 14176, 4685, 4278, 5735, 7514, 16051, 15882, 4696, 17145, 19193, 12994, 9901, 13641, 15193, 6739, 9240, 1608, 14664, 18117, 5676, 15714, 5964, 5329, 16651, 15936, 14441, 15878, 18316, 14255, 18692, 5858, 4640, 10716, 13839, 16635, 2097, 11464, 12427, 2320, 14629, 7617, 16183, 16205, 2170, 4384, 6683, 5285, 18707, 6780, 4231, 2404, 4895, 18091, 2944, 13054, 3904, 3491, 9455, 15985, 10432, 8657, 15304, 9114, 5838, 5197, 17244, 6207, 3970, 17246, 3950, 6168, 8697, 6800, 9942, 11118, 8582, 6355, 15275, 4581, 12724, 11921, 1833, 523, 7619, 15729, 176, 8576, 3101, 1573, 1283, 11796, 11277, 2547, 1738, 6806, 15187, 7129, 5179, 5854, 16373, 9231, 6270, 777, 2062, 13249, 4144, 6325, 3924, 5350, 14414, 3142, 2249, 6444, 13582, 2833, 18030, 6483, 18404, 15057, 7482, 15001, 15872, 14584, 10835, 954, 7257, 1381, 17819, 17518, 6497, 14430, 4901, 16466, 10805, 132, 7506, 755, 14427, 12119, 16613, 19042, 14994, 11257, 8042, 2144, 5966, 1580, 8010, 2550, 10684, 14088, 5037, 8764, 17076, 14185, 15984, 5299, 16601, 19182, 13197, 14561, 12605, 17010, 2703, 6715, 11207, 10188, 212, 2293, 17676, 1720, 5934, 112, 8568, 15870, 3226, 4524, 4431, 5141, 5383, 7609, 12807, 19001, 14368, 6704, 14903, 4172, 117, 18698, 1699, 16558, 7518, 10618, 2110, 10308, 7828, 6623, 17644, 4449, 951, 13858, 15106, 8402, 916, 4771, 8608, 6448, 6656, 13547, 2814, 8336, 8093, 6398, 637, 9909, 10621, 786, 14146, 17292, 9457, 3, 2884, 14785, 10504, 16361, 8181, 17690, 654, 11067, 18741, 386, 18208, 10130, 8079, 7082, 14740, 8076, 18619, 14428, 10992, 12679, 9431, 18328, 13606, 7641, 13542, 1002, 11975, 15646, 19078, 1352, 8683, 16053, 11763, 14823, 7059, 4995, 3754, 6213, 10090, 19084, 1973, 8131, 5353, 836, 13960, 3217, 4885, 9645, 16941, 14750, 13171, 9132, 1355, 4440, 15747, 8233, 6008, 12781, 16749, 13905, 18198, 5033, 2910, 16502, 1233, 965, 16926, 3944, 13518, 18213, 12739, 9972, 14609, 5764, 6128, 9532, 12680, 3672, 5458, 6822, 11547, 3163, 8040, 14081, 8369, 18182, 17541, 11552, 12451, 15074, 1783, 17730, 1690, 16992, 2490, 2459, 18065, 320, 18311, 45, 9495, 4572, 544, 12731, 16811, 15096, 14957, 4594, 16607, 2449, 7791, 13659, 8892, 1713, 17336, 6598, 13832, 10495, 18937, 3067, 3473, 12715, 13492, 14787, 16503, 17899, 16638, 2408, 7141, 10590, 2917, 14650, 12571, 4321, 2855, 1829, 3736, 3381, 11069, 16093, 15201, 14311, 9836, 18289, 16899, 897, 13981, 12223, 8884, 15721, 7778, 13648, 5737, 6550, 19249, 2715, 447, 12941, 8915, 18963, 16291, 760, 5869, 3635, 3439, 6740, 5003, 3174, 2945, 16056, 4860, 11216, 7363, 1147, 12124, 9764, 11245, 4361, 7784, 16285, 17057, 11203, 5114, 17655, 12056, 17890, 7741, 15799, 10258, 16088, 19222, 15303, 1433, 5991, 322, 2322, 3156, 9940, 7814, 17068, 16968, 10018, 1991, 11946, 8705, 10371, 4619, 11074, 2034, 15550, 11743, 18666, 13494, 14175, 13948, 15123, 11154, 10397, 1701, 4770, 839, 12085, 16500, 16241, 1535, 18782, 2221, 539, 18405, 4245, 103, 1571, 16945, 12196, 9441, 1732, 1367, 3596, 4794, 7230, 5245, 17483, 2955, 2003, 11509, 4044, 12934, 3456, 16693, 593, 4582, 14076, 10972, 1965, 7227, 14324, 8658, 3772, 8355, 11889, 1908, 2684, 10026, 1666, 16507, 5589, 9295, 8389, 2099, 18653, 13808, 19147, 6675, 10970, 2788, 19028, 16983, 16166, 9845, 8160, 11381, 10088, 10333, 11716, 14695, 12697, 4365, 3747, 17296, 11904, 74, 7047, 10639, 13094, 940, 10478, 2032, 6642, 14896, 10840, 5430, 5556, 12597, 2183, 18403, 4252, 14613, 18283, 8790, 12140, 13540, 13353, 14114, 13297, 4056, 14038, 11299, 13770, 11433, 14285, 1526, 1955, 15711, 255, 12481, 612, 1635, 4886, 357, 11434, 9524, 13106, 2607, 5391, 9406, 2331, 624, 2749, 17849, 9829, 11436, 18426, 9481, 18550, 15647, 532, 11720, 11824, 15610, 15741, 7902, 13558, 17967, 14539, 17889, 4631, 1238, 16921, 7787, 15293, 3108, 8215, 2851, 4514, 12938, 16730, 17178, 4890, 17960, 4725, 7917, 3191, 8231, 16341, 8195, 10913, 2173, 5557, 2637, 16896, 5806, 1815, 1451, 8864, 2290, 12108, 5328, 6203, 2431, 7508, 17898, 17188, 6897, 1199, 15526, 18437, 6631, 8644, 16917, 14964, 14233, 2454, 584, 4830, 7199, 4180, 14889, 5761, 13756, 6917, 7756, 18880, 15095, 1816, 14070, 16252, 7429, 16589, 1631, 15968, 15221, 12478, 18594, 1477, 5637, 12058, 1205, 13397, 9107, 18654, 1968, 3759, 13147, 14144, 14973, 12452, 18020, 13592, 17920, 13687, 11335, 7207, 418, 7834, 778, 12982, 10688, 9031, 509, 9601, 9780, 17040, 12023, 3916, 91, 6536, 18535, 7547, 15240, 707, 14533, 15064, 17012, 16805, 8637, 5969, 16221, 1940, 13307, 4717, 12615, 18220, 11028, 12170, 1743, 2376, 12415, 14220, 18827, 1294, 18543, 6977, 15309, 11778, 11842, 17103, 3857, 4637, 12162, 19169, 17166, 18237, 17818, 9507, 19022, 5790, 19112, 15611, 1118, 15184, 18703, 1817, 15530, 16579, 8437, 11839, 11378, 3537, 9205, 9217, 16272, 18759, 16828, 12002, 8348, 1723, 3481, 14115, 379, 8544, 264, 6015, 7672, 2253, 7364, 3706, 13796, 17139, 16125, 12059, 9623, 7185, 2418, 18230, 3087, 281, 4379, 1796, 8459, 4400, 17824, 2736, 16446, 13525, 15341, 3275, 7872, 1662, 7557, 4319, 15442, 7181, 10456, 4963, 17048, 16943, 12784, 3441, 5240, 9975, 13216, 17702, 11594, 13554, 6165, 19168, 16070, 3540, 3262, 10661, 4061, 13173, 2875, 17014, 4349, 10818, 8428, 16764, 14232, 8930, 15734, 17680, 7069, 15684, 17050, 18987, 6914, 6863, 19263, 10595, 150, 10039, 2722, 18223, 16444, 6559, 7258, 2661, 7699, 17136, 12773, 4247, 5723, 15194, 1696, 1500, 2807, 9893, 11835, 13240, 18313, 17107, 10265, 10244, 5570, 2862, 14049, 1012, 12861, 723, 9583, 17461, 10056, 1264, 8297, 3716, 14666, 15259, 13531, 543, 13723, 16810, 6700, 3516, 13766, 7186, 10692, 6321, 15484, 14547, 8744, 3703, 10383, 16829, 6366, 6846, 3906, 2021, 18133, 857, 279, 12232, 10212, 10541, 12325, 13475, 1225, 937, 6966, 10881, 16936, 18502, 1440, 11914, 3326, 5633, 14913, 4623, 10743, 12361, 17335, 1072, 5043, 14810, 15077, 3255, 17215, 6553, 17852, 4801, 6962, 3060, 9430, 8799, 13824, 188, 15175, 15163, 4733, 5011, 3536, 17635, 6532, 14071, 6112, 17158, 6597, 11272, 105, 19219, 5013, 12483, 201, 6848, 17033, 6367, 7859, 14702, 18844, 7053, 18694, 15670, 636, 10129, 6378, 5369, 7273, 16247, 9142, 15345, 16817, 14854, 2600, 15783, 889, 11833, 6612, 2068, 2427, 7062, 7918, 16181, 5464, 8339, 8950, 8453, 16423, 6064, 2380, 4268, 13929, 12974, 19141, 1299, 2484, 3883, 3273, 8772, 13256, 11239, 5766, 18098, 12705, 11004, 2695, 10048, 10960, 2766, 15661, 13258, 8015, 6032, 16397, 7749, 19039, 7634, 15076, 4234, 15114, 8475, 8091, 19220, 18004, 9704, 13918, 15569, 16443, 10015, 9943, 7817, 9349, 2588, 8249, 398, 5316, 15538, 18372, 13559, 2937, 2803, 16248, 6155, 630, 9911, 13190, 19157, 15788, 13248, 13148, 1320, 12074, 8471, 8798, 3213, 12418, 814, 2402, 12718, 12397, 10564, 9875, 10128, 6947, 9491, 17707, 3266, 19196, 14309, 18523, 19043, 17975, 18063, 11618, 15016, 14434, 7680, 1739, 18029, 11694, 1745, 9271, 5189, 9561, 11283, 14978, 10753, 16017, 12914, 978, 2828, 17257, 13135, 5061, 121, 6602, 16015, 19271, 12159, 1244, 8260, 13195, 15873, 12815, 14291, 14515, 118, 4892, 14985, 9551, 12654, 4739, 927, 12176, 9523, 11726, 18187, 5880, 2569, 3386, 13942, 3390, 15774, 129, 65, 12922, 8422, 12692, 16213, 11515, 2111, 8347, 10758, 14064, 4401, 17782, 15621, 6709, 14716, 4091, 13964, 8424, 4218, 7249, 11311, 11171, 18564, 14755, 7114, 14009, 14815, 294, 495, 7684, 6833, 4046, 3505, 16995, 17858, 7761, 15803, 9840, 13958, 8226, 10369, 12497, 17142, 1748, 2854, 7159, 11539, 11055, 13337, 17173, 14214, 6803, 11144, 12649, 283, 15489, 13174, 7015, 610, 7030, 18206, 14077, 15468, 14962, 8046, 7809, 17387, 16034, 16678, 1173, 3502, 12942, 15655, 16859, 7099, 1673, 446, 1365, 5881, 3713, 11697, 1897, 16001, 1702, 14149, 11876, 9341, 4325, 6923, 2001, 138, 3276, 18716, 17604, 10501, 115, 12800, 6111, 11148, 4549, 16057, 4707, 6843, 16091, 4295, 7519, 13708, 12409, 11018, 5052, 13566, 14715, 12755, 793, 10837, 1888, 12375, 3935, 5763, 11791, 11258, 13264, 11469, 4683, 8905, 1853, 11600, 4421, 2798, 5074, 18141, 13807, 8595, 8126, 13837, 8060, 6956, 11767, 14560, 9389, 15261, 1232, 12560, 7262, 11504, 3546, 4627, 1177, 517, 4008, 9219, 17696, 4148, 14124, 13243, 11235, 7561, 8331, 16320, 3591, 11341, 4015, 12028, 14929, 18601, 3528, 14065, 1510, 19191, 13833, 17616, 10869, 17689, 831, 16725, 6319, 15465, 10467, 8162, 13563, 7728, 10778, 13545, 12290, 16480, 14401, 12838, 4212, 17529, 4832, 15111, 12690, 10373, 7596, 18614, 17477, 1043, 13100, 4774, 17479, 3774, 9302, 3901, 13071, 6412, 9516, 1261, 3054, 13522, 17602, 14343, 18500, 10957, 2791, 9624, 3634, 17904, 5709, 14670, 11058, 7087, 7435, 13848, 82, 5565, 2562, 14029, 3583, 1676, 12709, 18473, 3158, 12787, 8068, 8263, 16146, 3593, 1802, 1861, 3348, 4487, 17749, 6105, 10471, 17472, 10200, 1182, 14180, 1076, 10156, 4839, 9903, 4879, 9720, 2157, 15344, 16067, 3064, 17182, 5368, 4987, 18484, 18923, 11896, 1052, 15727, 15289, 5885, 1933, 5251, 17072, 6038, 6195, 13524, 6606, 18506, 17536, 6784, 3231, 14121, 8925, 10030, 803, 13764, 146, 19268, 14099, 4130, 16372, 1537, 12248, 13718, 17187, 11728, 1740, 19233, 5600, 4092, 4779, 6028, 3395, 16152, 19150, 2417, 11980, 11237, 8427, 18127, 3538, 9257, 607, 2078, 18457, 5802, 3435, 15019, 4256, 9221, 13465, 11742, 5788, 9528, 17493, 4607, 3131, 6616, 5356, 1550, 4617, 8827, 849, 2601, 4437, 17861, 10261, 15704, 3890, 8149, 12063, 3086, 15925, 12301, 6847, 5603, 7768, 3187, 13372, 9258, 6584, 7594, 2603, 1835, 17380, 17193, 15251, 15937, 18731, 4082, 14911, 16626, 8824, 16208, 10167, 17711, 9678, 15852, 13620, 16479, 14586, 2446, 4866, 1315, 7746, 10615, 7927, 2443, 7157, 13506, 18410, 10494]",4203,1500,3,False,1500
1761,recommendation locations,recommendation locations,57,True,True,True,"{21: 26, 33: 14, 2: 18, 29: 13, 25: 57, 43: 9, 57: 16, 49: 16, 61: 14, 67: 52, 65: 21, 50: 28, 15: 53, 6: 13, 46: 15, 27: 69, 7: 65, 48: 67, 19: 21, 31: 14, 63: 26, 22: 39, 9: 79, 26: 40, 47: 15, 53: 66, 11: 19, 51: 26, 54: 9, 13: 32, 17: 37, 52: 30, 39: 27, 38: 19, 1: 6, 59: 33, 56: 23, 32: 9, 8: 25, 4: 12, 20: 26, 24: 7, 18: 31, 42: 7, 28: 31, 45: 57, 0: 13, 66: 11, 62: 11, 35: 7, 64: 15, 37: 2, 40: 25, 3: 3, 14: 5, 12: 8, 16: 15, 55: 16, 30: 13, 58: 6, 36: 4, 60: 5, 5: 3, 41: 2, 44: 2, 34: 2}","[12686, 3384, 6034, 14374, 14516, 14680, 18580, 5912, 661, 4433, 14182, 14634, 14672, 13694, 17233, 12320, 12666, 7276, 14925, 15315, 1125, 14820, 3769, 14096, 12401, 14972, 14176, 4685, 4278, 5735, 7514, 16051, 15882, 4696, 17145, 19193, 12994, 9901, 13641, 15193, 6739, 9240, 1608, 14664, 18117, 5676, 15714, 5964, 5329, 16651, 15936, 14441, 15878, 18316, 14255, 18692, 5858, 4640, 10716, 13839, 16635, 2097, 11464, 12427, 2320, 14629, 7617, 16183, 16205, 2170, 4384, 6683, 5285, 18707, 6780, 4231, 2404, 4895, 18091, 2944, 13054, 3904, 3491, 9455, 15985, 10432, 8657, 15304, 9114, 5838, 5197, 17244, 6207, 3970, 17246, 3950, 6168, 8697, 6800, 9942, 11118, 8582, 6355, 15275, 4581, 12724, 11921, 1833, 523, 7619, 15729, 176, 8576, 3101, 1573, 1283, 11796, 11277, 2547, 1738, 6806, 15187, 7129, 5179, 5854, 16373, 9231, 6270, 777, 2062, 13249, 4144, 6325, 3924, 5350, 14414, 3142, 2249, 6444, 13582, 2833, 18030, 6483, 18404, 15057, 7482, 15001, 15872, 14584, 10835, 954, 7257, 1381, 17819, 17518, 6497, 14430, 4901, 16466, 10805, 132, 7506, 755, 14427, 12119, 16613, 19042, 14994, 11257, 8042, 2144, 5966, 1580, 8010, 2550, 10684, 14088, 5037, 8764, 17076, 14185, 15984, 5299, 16601, 19182, 13197, 14561, 12605, 17010, 2703, 6715, 11207, 10188, 212, 2293, 17676, 1720, 5934, 112, 8568, 15870, 3226, 4524, 4431, 5141, 5383, 7609, 12807, 19001, 14368, 6704, 14903, 4172, 117, 18698, 1699, 16558, 7518, 10618, 2110, 10308, 7828, 6623, 17644, 4449, 951, 13858, 15106, 8402, 916, 4771, 8608, 6448, 6656, 13547, 2814, 8336, 8093, 6398, 637, 9909, 10621, 786, 14146, 17292, 9457, 3, 2884, 14785, 10504, 16361, 8181, 17690, 654, 11067, 18741, 386, 18208, 10130, 8079, 7082, 14740, 8076, 18619, 14428, 10992, 12679, 9431, 18328, 13606, 7641, 13542, 1002, 11975, 15646, 19078, 1352, 8683, 16053, 11763, 14823, 7059, 4995, 3754, 6213, 10090, 19084, 1973, 8131, 5353, 836, 13960, 3217, 4885, 9645, 16941, 14750, 13171, 9132, 1355, 4440, 15747, 8233, 6008, 12781, 16749, 13905, 18198, 5033, 2910, 16502, 1233, 965, 16926, 3944, 13518, 18213, 12739, 9972, 14609, 5764, 6128, 9532, 12680, 3672, 5458, 6822, 11547, 3163, 8040, 14081, 8369, 18182, 17541, 11552, 12451, 15074, 1783, 17730, 1690, 16992, 2490, 2459, 18065, 320, 18311, 45, 9495, 4572, 544, 12731, 16811, 15096, 14957, 4594, 16607, 2449, 7791, 13659, 8892, 1713, 17336, 6598, 13832, 10495, 18937, 3067, 3473, 12715, 13492, 14787, 16503, 17899, 16638, 2408, 7141, 10590, 2917, 14650, 12571, 4321, 2855, 1829, 3736, 3381, 11069, 16093, 15201, 14311, 9836, 18289, 16899, 897, 13981, 12223, 8884, 15721, 7778, 13648, 5737, 6550, 19249, 2715, 447, 12941, 8915, 18963, 16291, 760, 5869, 3635, 3439, 6740, 5003, 3174, 2945, 16056, 4860, 11216, 7363, 1147, 12124, 9764, 11245, 4361, 7784, 16285, 17057, 11203, 5114, 17655, 12056, 17890, 7741, 15799, 10258, 16088, 19222, 15303, 1433, 5991, 322, 2322, 3156, 9940, 7814, 17068, 16968, 10018, 1991, 11946, 8705, 10371, 4619, 11074, 2034, 15550, 11743, 18666, 13494, 14175, 13948, 15123, 11154, 10397, 1701, 4770, 839, 12085, 16500, 16241, 1535, 18782, 2221, 539, 18405, 4245, 103, 1571, 16945, 12196, 9441, 1732, 1367, 3596, 4794, 7230, 5245, 17483, 2955, 2003, 11509, 4044, 12934, 3456, 16693, 593, 4582, 14076, 10972, 1965, 7227, 14324, 8658, 3772, 8355, 11889, 1908, 2684, 10026, 1666, 16507, 5589, 9295, 8389, 2099, 18653, 13808, 19147, 6675, 10970, 2788, 19028, 16983, 16166, 9845, 8160, 11381, 10088, 10333, 11716, 14695, 12697, 4365, 3747, 17296, 11904, 74, 7047, 10639, 13094, 940, 10478, 2032, 6642, 14896, 10840, 5430, 5556, 12597, 2183, 18403, 4252, 14613, 18283, 8790, 12140, 13540, 13353, 14114, 13297, 4056, 14038, 11299, 13770, 11433, 14285, 1526, 1955, 15711, 255, 12481, 612, 1635, 4886, 357, 11434, 9524, 13106, 2607, 5391, 9406, 2331, 624, 2749, 17849, 9829, 11436, 18426, 9481, 18550, 15647, 532, 11720, 11824, 15610, 15741, 7902, 13558, 17967, 14539, 17889, 4631, 1238, 16921, 7787, 15293, 3108, 8215, 2851, 4514, 12938, 16730, 17178, 4890, 17960, 4725, 7917, 3191, 8231, 16341, 8195, 10913, 2173, 5557, 2637, 16896, 5806, 1815, 1451, 8864, 2290, 12108, 5328, 6203, 2431, 7508, 17898, 17188, 6897, 1199, 15526, 18437, 6631, 8644, 16917, 14964, 14233, 2454, 584, 4830, 7199, 4180, 14889, 5761, 13756, 6917, 7756, 18880, 15095, 1816, 14070, 16252, 7429, 16589, 1631, 15968, 15221, 12478, 18594, 1477, 5637, 12058, 1205, 13397, 9107, 18654, 1968, 3759, 13147, 14144, 14973, 12452, 18020, 13592, 17920, 13687, 11335, 7207, 418, 7834, 778, 12982, 10688, 9031, 509, 9601, 9780, 17040, 12023, 3916, 91, 6536, 18535, 7547, 15240, 707, 14533, 15064, 17012, 16805, 8637, 5969, 16221, 1940, 13307, 4717, 12615, 18220, 11028, 12170, 1743, 2376, 12415, 14220, 18827, 1294, 18543, 6977, 15309, 11778, 11842, 17103, 3857, 4637, 12162, 19169, 17166, 18237, 17818, 9507, 19022, 5790, 19112, 15611, 1118, 15184, 18703, 1817, 15530, 16579, 8437, 11839, 11378, 3537, 9205, 9217, 16272, 18759, 16828, 12002, 8348, 1723, 3481, 14115, 379, 8544, 264, 6015, 7672, 2253, 7364, 3706, 13796, 17139, 16125, 12059, 9623, 7185, 2418, 18230, 3087, 281, 4379, 1796, 8459, 4400, 17824, 2736, 16446, 13525, 15341, 3275, 7872, 1662, 7557, 4319, 15442, 7181, 10456, 4963, 17048, 16943, 12784, 3441, 5240, 9975, 13216, 17702, 11594, 13554, 6165, 19168, 16070, 3540, 3262, 10661, 4061, 13173, 2875, 17014, 4349, 10818, 8428, 16764, 14232, 8930, 15734, 17680, 7069, 15684, 17050, 18987, 6914, 6863, 19263, 10595, 150, 10039, 2722, 18223, 16444, 6559, 7258, 2661, 7699, 17136, 12773, 4247, 5723, 15194, 1696, 1500, 2807, 9893, 11835, 13240, 18313, 17107, 10265, 10244, 5570, 2862, 14049, 1012, 12861, 723, 9583, 17461, 10056, 1264, 8297, 3716, 14666, 15259, 13531, 543, 13723, 16810, 6700, 3516, 13766, 7186, 10692, 6321, 15484, 14547, 8744, 3703, 10383, 16829, 6366, 6846, 3906, 2021, 18133, 857, 279, 12232, 10212, 10541, 12325, 13475, 1225, 937, 6966, 10881, 16936, 18502, 1440, 11914, 3326, 5633, 14913, 4623, 10743, 12361, 17335, 1072, 5043, 14810, 15077, 3255, 17215, 6553, 17852, 4801, 6962, 3060, 9430, 8799, 13824, 188, 15175, 15163, 4733, 5011, 3536, 17635, 6532, 14071, 6112, 17158, 6597, 11272, 105, 19219, 5013, 12483, 201, 6848, 17033, 6367, 7859, 14702, 18844, 7053, 18694, 15670, 636, 10129, 6378, 5369, 7273, 16247, 9142, 15345, 16817, 14854, 2600, 15783, 889, 11833, 6612, 2068, 2427, 7062, 7918, 16181, 5464, 8339, 8950, 8453, 16423, 6064, 2380, 4268, 13929, 12974, 19141, 1299, 2484, 3883, 3273, 8772, 13256, 11239, 5766, 18098, 12705, 11004, 2695, 10048, 10960, 2766, 15661, 13258, 8015, 6032, 16397, 7749, 19039, 7634, 15076, 4234, 15114, 8475, 8091, 19220, 18004, 9704, 13918, 15569, 16443, 10015, 9943, 7817, 9349, 2588, 8249, 398, 5316, 15538, 18372, 13559, 2937, 2803, 16248, 6155, 630, 9911, 13190, 19157, 15788, 13248, 13148, 1320, 12074, 8471, 8798, 3213, 12418, 814, 2402, 12718, 12397, 10564, 9875, 10128, 6947, 9491, 17707, 3266, 19196, 14309, 18523, 19043, 17975, 18063, 11618, 15016, 14434, 7680, 1739, 18029, 11694, 1745, 9271, 5189, 9561, 11283, 14978, 10753, 16017, 12914, 978, 2828, 17257, 13135, 5061, 121, 6602, 16015, 19271, 12159, 1244, 8260, 13195, 15873, 12815, 14291, 14515, 118, 4892, 14985, 9551, 12654, 4739, 927, 12176, 9523, 11726, 18187, 5880, 2569, 3386, 13942, 3390, 15774, 129, 65, 12922, 8422, 12692, 16213, 11515, 2111, 8347, 10758, 14064, 4401, 17782, 15621, 6709, 14716, 4091, 13964, 8424, 4218, 7249, 11311, 11171, 18564, 14755, 7114, 14009, 14815, 294, 495, 7684, 6833, 4046, 3505, 16995, 17858, 7761, 15803, 9840, 13958, 8226, 10369, 12497, 17142, 1748, 2854, 7159, 11539, 11055, 13337, 17173, 14214, 6803, 11144, 12649, 283, 15489, 13174, 7015, 610, 7030, 18206, 14077, 15468, 14962, 8046, 7809, 17387, 16034, 16678, 1173, 3502, 12942, 15655, 16859, 7099, 1673, 446, 1365, 5881, 3713, 11697, 1897, 16001, 1702, 14149, 11876, 9341, 4325, 6923, 2001, 138, 3276, 18716, 17604, 10501, 115, 12800, 6111, 11148, 4549, 16057, 4707, 6843, 16091, 4295, 7519, 13708, 12409, 11018, 5052, 13566, 14715, 12755, 793, 10837, 1888, 12375, 3935, 5763, 11791, 11258, 13264, 11469, 4683, 8905, 1853, 11600, 4421, 2798, 5074, 18141, 13807, 8595, 8126, 13837, 8060, 6956, 11767, 14560, 9389, 15261, 1232, 12560, 7262, 11504, 3546, 4627, 1177, 517, 4008, 9219, 17696, 4148, 14124, 13243, 11235, 7561, 8331, 16320, 3591, 11341, 4015, 12028, 14929, 18601, 3528, 14065, 1510, 19191, 13833, 17616, 10869, 17689, 831, 16725, 6319, 15465, 10467, 8162, 13563, 7728, 10778, 13545, 12290, 16480, 14401, 12838, 4212, 17529, 4832, 15111, 12690, 10373, 7596, 18614, 17477, 1043, 13100, 4774, 17479, 3774, 9302, 3901, 13071, 6412, 9516, 1261, 3054, 13522, 17602, 14343, 18500, 10957, 2791, 9624, 3634, 17904, 5709, 14670, 11058, 7087, 7435, 13848, 82, 5565, 2562, 14029, 3583, 1676, 12709, 18473, 3158, 12787, 8068, 8263, 16146, 3593, 1802, 1861, 3348, 4487, 17749, 6105, 10471, 17472, 10200, 1182, 14180, 1076, 10156, 4839, 9903, 4879, 9720, 2157, 15344, 16067, 3064, 17182, 5368, 4987, 18484, 18923, 11896, 1052, 15727, 15289, 5885, 1933, 5251, 17072, 6038, 6195, 13524, 6606, 18506, 17536, 6784, 3231, 14121, 8925, 10030, 803, 13764, 146, 19268, 14099, 4130, 16372, 1537, 12248, 13718, 17187, 11728, 1740, 19233, 5600, 4092, 4779, 6028, 3395, 16152, 19150, 2417, 11980, 11237, 8427, 18127, 3538, 9257, 607, 2078, 18457, 5802, 3435, 15019, 4256, 9221, 13465, 11742, 5788, 9528, 17493, 4607, 3131, 6616, 5356, 1550, 4617, 8827, 849, 2601, 4437, 17861, 10261, 15704, 3890, 8149, 12063, 3086, 15925, 12301, 6847, 5603, 7768, 3187, 13372, 9258, 6584, 7594, 2603, 1835, 17380, 17193, 15251, 15937, 18731, 4082, 14911, 16626, 8824, 16208, 10167, 17711, 9678, 15852, 13620, 16479, 14586, 2446, 4866, 1315, 7746, 10615, 7927, 2443, 7157, 13506, 18410, 10494]",1761,1500,3,False,1500
6409,email sendemail,email s,17,True,True,False,"{21: 26, 33: 14, 2: 18, 29: 13, 25: 57, 43: 9, 57: 16, 49: 16, 61: 14, 67: 52, 65: 21, 50: 28, 15: 53, 6: 13, 46: 15, 27: 69, 7: 65, 48: 67, 19: 21, 31: 14, 63: 26, 22: 39, 9: 79, 26: 40, 47: 15, 53: 66, 11: 19, 51: 26, 54: 9, 13: 32, 17: 37, 52: 30, 39: 27, 38: 19, 1: 6, 59: 33, 56: 23, 32: 9, 8: 25, 4: 12, 20: 26, 24: 7, 18: 31, 42: 7, 28: 31, 45: 57, 0: 13, 66: 11, 62: 11, 35: 7, 64: 15, 37: 2, 40: 25, 3: 3, 14: 5, 12: 8, 16: 15, 55: 16, 30: 13, 58: 6, 36: 4, 60: 5, 5: 3, 41: 2, 44: 2, 34: 2}","[12686, 3384, 6034, 14374, 14516, 14680, 18580, 5912, 661, 4433, 14182, 14634, 14672, 13694, 17233, 12320, 12666, 7276, 14925, 15315, 1125, 14820, 3769, 14096, 12401, 14972, 14176, 4685, 4278, 5735, 7514, 16051, 15882, 4696, 17145, 19193, 12994, 9901, 13641, 15193, 6739, 9240, 1608, 14664, 18117, 5676, 15714, 5964, 5329, 16651, 15936, 14441, 15878, 18316, 14255, 18692, 5858, 4640, 10716, 13839, 16635, 2097, 11464, 12427, 2320, 14629, 7617, 16183, 16205, 2170, 4384, 6683, 5285, 18707, 6780, 4231, 2404, 4895, 18091, 2944, 13054, 3904, 3491, 9455, 15985, 10432, 8657, 15304, 9114, 5838, 5197, 17244, 6207, 3970, 17246, 3950, 6168, 8697, 6800, 9942, 11118, 8582, 6355, 15275, 4581, 12724, 11921, 1833, 523, 7619, 15729, 176, 8576, 3101, 1573, 1283, 11796, 11277, 2547, 1738, 6806, 15187, 7129, 5179, 5854, 16373, 9231, 6270, 777, 2062, 13249, 4144, 6325, 3924, 5350, 14414, 3142, 2249, 6444, 13582, 2833, 18030, 6483, 18404, 15057, 7482, 15001, 15872, 14584, 10835, 954, 7257, 1381, 17819, 17518, 6497, 14430, 4901, 16466, 10805, 132, 7506, 755, 14427, 12119, 16613, 19042, 14994, 11257, 8042, 2144, 5966, 1580, 8010, 2550, 10684, 14088, 5037, 8764, 17076, 14185, 15984, 5299, 16601, 19182, 13197, 14561, 12605, 17010, 2703, 6715, 11207, 10188, 212, 2293, 17676, 1720, 5934, 112, 8568, 15870, 3226, 4524, 4431, 5141, 5383, 7609, 12807, 19001, 14368, 6704, 14903, 4172, 117, 18698, 1699, 16558, 7518, 10618, 2110, 10308, 7828, 6623, 17644, 4449, 951, 13858, 15106, 8402, 916, 4771, 8608, 6448, 6656, 13547, 2814, 8336, 8093, 6398, 637, 9909, 10621, 786, 14146, 17292, 9457, 3, 2884, 14785, 10504, 16361, 8181, 17690, 654, 11067, 18741, 386, 18208, 10130, 8079, 7082, 14740, 8076, 18619, 14428, 10992, 12679, 9431, 18328, 13606, 7641, 13542, 1002, 11975, 15646, 19078, 1352, 8683, 16053, 11763, 14823, 7059, 4995, 3754, 6213, 10090, 19084, 1973, 8131, 5353, 836, 13960, 3217, 4885, 9645, 16941, 14750, 13171, 9132, 1355, 4440, 15747, 8233, 6008, 12781, 16749, 13905, 18198, 5033, 2910, 16502, 1233, 965, 16926, 3944, 13518, 18213, 12739, 9972, 14609, 5764, 6128, 9532, 12680, 3672, 5458, 6822, 11547, 3163, 8040, 14081, 8369, 18182, 17541, 11552, 12451, 15074, 1783, 17730, 1690, 16992, 2490, 2459, 18065, 320, 18311, 45, 9495, 4572, 544, 12731, 16811, 15096, 14957, 4594, 16607, 2449, 7791, 13659, 8892, 1713, 17336, 6598, 13832, 10495, 18937, 3067, 3473, 12715, 13492, 14787, 16503, 17899, 16638, 2408, 7141, 10590, 2917, 14650, 12571, 4321, 2855, 1829, 3736, 3381, 11069, 16093, 15201, 14311, 9836, 18289, 16899, 897, 13981, 12223, 8884, 15721, 7778, 13648, 5737, 6550, 19249, 2715, 447, 12941, 8915, 18963, 16291, 760, 5869, 3635, 3439, 6740, 5003, 3174, 2945, 16056, 4860, 11216, 7363, 1147, 12124, 9764, 11245, 4361, 7784, 16285, 17057, 11203, 5114, 17655, 12056, 17890, 7741, 15799, 10258, 16088, 19222, 15303, 1433, 5991, 322, 2322, 3156, 9940, 7814, 17068, 16968, 10018, 1991, 11946, 8705, 10371, 4619, 11074, 2034, 15550, 11743, 18666, 13494, 14175, 13948, 15123, 11154, 10397, 1701, 4770, 839, 12085, 16500, 16241, 1535, 18782, 2221, 539, 18405, 4245, 103, 1571, 16945, 12196, 9441, 1732, 1367, 3596, 4794, 7230, 5245, 17483, 2955, 2003, 11509, 4044, 12934, 3456, 16693, 593, 4582, 14076, 10972, 1965, 7227, 14324, 8658, 3772, 8355, 11889, 1908, 2684, 10026, 1666, 16507, 5589, 9295, 8389, 2099, 18653, 13808, 19147, 6675, 10970, 2788, 19028, 16983, 16166, 9845, 8160, 11381, 10088, 10333, 11716, 14695, 12697, 4365, 3747, 17296, 11904, 74, 7047, 10639, 13094, 940, 10478, 2032, 6642, 14896, 10840, 5430, 5556, 12597, 2183, 18403, 4252, 14613, 18283, 8790, 12140, 13540, 13353, 14114, 13297, 4056, 14038, 11299, 13770, 11433, 14285, 1526, 1955, 15711, 255, 12481, 612, 1635, 4886, 357, 11434, 9524, 13106, 2607, 5391, 9406, 2331, 624, 2749, 17849, 9829, 11436, 18426, 9481, 18550, 15647, 532, 11720, 11824, 15610, 15741, 7902, 13558, 17967, 14539, 17889, 4631, 1238, 16921, 7787, 15293, 3108, 8215, 2851, 4514, 12938, 16730, 17178, 4890, 17960, 4725, 7917, 3191, 8231, 16341, 8195, 10913, 2173, 5557, 2637, 16896, 5806, 1815, 1451, 8864, 2290, 12108, 5328, 6203, 2431, 7508, 17898, 17188, 6897, 1199, 15526, 18437, 6631, 8644, 16917, 14964, 14233, 2454, 584, 4830, 7199, 4180, 14889, 5761, 13756, 6917, 7756, 18880, 15095, 1816, 14070, 16252, 7429, 16589, 1631, 15968, 15221, 12478, 18594, 1477, 5637, 12058, 1205, 13397, 9107, 18654, 1968, 3759, 13147, 14144, 14973, 12452, 18020, 13592, 17920, 13687, 11335, 7207, 418, 7834, 778, 12982, 10688, 9031, 509, 9601, 9780, 17040, 12023, 3916, 91, 6536, 18535, 7547, 15240, 707, 14533, 15064, 17012, 16805, 8637, 5969, 16221, 1940, 13307, 4717, 12615, 18220, 11028, 12170, 1743, 2376, 12415, 14220, 18827, 1294, 18543, 6977, 15309, 11778, 11842, 17103, 3857, 4637, 12162, 19169, 17166, 18237, 17818, 9507, 19022, 5790, 19112, 15611, 1118, 15184, 18703, 1817, 15530, 16579, 8437, 11839, 11378, 3537, 9205, 9217, 16272, 18759, 16828, 12002, 8348, 1723, 3481, 14115, 379, 8544, 264, 6015, 7672, 2253, 7364, 3706, 13796, 17139, 16125, 12059, 9623, 7185, 2418, 18230, 3087, 281, 4379, 1796, 8459, 4400, 17824, 2736, 16446, 13525, 15341, 3275, 7872, 1662, 7557, 4319, 15442, 7181, 10456, 4963, 17048, 16943, 12784, 3441, 5240, 9975, 13216, 17702, 11594, 13554, 6165, 19168, 16070, 3540, 3262, 10661, 4061, 13173, 2875, 17014, 4349, 10818, 8428, 16764, 14232, 8930, 15734, 17680, 7069, 15684, 17050, 18987, 6914, 6863, 19263, 10595, 150, 10039, 2722, 18223, 16444, 6559, 7258, 2661, 7699, 17136, 12773, 4247, 5723, 15194, 1696, 1500, 2807, 9893, 11835, 13240, 18313, 17107, 10265, 10244, 5570, 2862, 14049, 1012, 12861, 723, 9583, 17461, 10056, 1264, 8297, 3716, 14666, 15259, 13531, 543, 13723, 16810, 6700, 3516, 13766, 7186, 10692, 6321, 15484, 14547, 8744, 3703, 10383, 16829, 6366, 6846, 3906, 2021, 18133, 857, 279, 12232, 10212, 10541, 12325, 13475, 1225, 937, 6966, 10881, 16936, 18502, 1440, 11914, 3326, 5633, 14913, 4623, 10743, 12361, 17335, 1072, 5043, 14810, 15077, 3255, 17215, 6553, 17852, 4801, 6962, 3060, 9430, 8799, 13824, 188, 15175, 15163, 4733, 5011, 3536, 17635, 6532, 14071, 6112, 17158, 6597, 11272, 105, 19219, 5013, 12483, 201, 6848, 17033, 6367, 7859, 14702, 18844, 7053, 18694, 15670, 636, 10129, 6378, 5369, 7273, 16247, 9142, 15345, 16817, 14854, 2600, 15783, 889, 11833, 6612, 2068, 2427, 7062, 7918, 16181, 5464, 8339, 8950, 8453, 16423, 6064, 2380, 4268, 13929, 12974, 19141, 1299, 2484, 3883, 3273, 8772, 13256, 11239, 5766, 18098, 12705, 11004, 2695, 10048, 10960, 2766, 15661, 13258, 8015, 6032, 16397, 7749, 19039, 7634, 15076, 4234, 15114, 8475, 8091, 19220, 18004, 9704, 13918, 15569, 16443, 10015, 9943, 7817, 9349, 2588, 8249, 398, 5316, 15538, 18372, 13559, 2937, 2803, 16248, 6155, 630, 9911, 13190, 19157, 15788, 13248, 13148, 1320, 12074, 8471, 8798, 3213, 12418, 814, 2402, 12718, 12397, 10564, 9875, 10128, 6947, 9491, 17707, 3266, 19196, 14309, 18523, 19043, 17975, 18063, 11618, 15016, 14434, 7680, 1739, 18029, 11694, 1745, 9271, 5189, 9561, 11283, 14978, 10753, 16017, 12914, 978, 2828, 17257, 13135, 5061, 121, 6602, 16015, 19271, 12159, 1244, 8260, 13195, 15873, 12815, 14291, 14515, 118, 4892, 14985, 9551, 12654, 4739, 927, 12176, 9523, 11726, 18187, 5880, 2569, 3386, 13942, 3390, 15774, 129, 65, 12922, 8422, 12692, 16213, 11515, 2111, 8347, 10758, 14064, 4401, 17782, 15621, 6709, 14716, 4091, 13964, 8424, 4218, 7249, 11311, 11171, 18564, 14755, 7114, 14009, 14815, 294, 495, 7684, 6833, 4046, 3505, 16995, 17858, 7761, 15803, 9840, 13958, 8226, 10369, 12497, 17142, 1748, 2854, 7159, 11539, 11055, 13337, 17173, 14214, 6803, 11144, 12649, 283, 15489, 13174, 7015, 610, 7030, 18206, 14077, 15468, 14962, 8046, 7809, 17387, 16034, 16678, 1173, 3502, 12942, 15655, 16859, 7099, 1673, 446, 1365, 5881, 3713, 11697, 1897, 16001, 1702, 14149, 11876, 9341, 4325, 6923, 2001, 138, 3276, 18716, 17604, 10501, 115, 12800, 6111, 11148, 4549, 16057, 4707, 6843, 16091, 4295, 7519, 13708, 12409, 11018, 5052, 13566, 14715, 12755, 793, 10837, 1888, 12375, 3935, 5763, 11791, 11258, 13264, 11469, 4683, 8905, 1853, 11600, 4421, 2798, 5074, 18141, 13807, 8595, 8126, 13837, 8060, 6956, 11767, 14560, 9389, 15261, 1232, 12560, 7262, 11504, 3546, 4627, 1177, 517, 4008, 9219, 17696, 4148, 14124, 13243, 11235, 7561, 8331, 16320, 3591, 11341, 4015, 12028, 14929, 18601, 3528, 14065, 1510, 19191, 13833, 17616, 10869, 17689, 831, 16725, 6319, 15465, 10467, 8162, 13563, 7728, 10778, 13545, 12290, 16480, 14401, 12838, 4212, 17529, 4832, 15111, 12690, 10373, 7596, 18614, 17477, 1043, 13100, 4774, 17479, 3774, 9302, 3901, 13071, 6412, 9516, 1261, 3054, 13522, 17602, 14343, 18500, 10957, 2791, 9624, 3634, 17904, 5709, 14670, 11058, 7087, 7435, 13848, 82, 5565, 2562, 14029, 3583, 1676, 12709, 18473, 3158, 12787, 8068, 8263, 16146, 3593, 1802, 1861, 3348, 4487, 17749, 6105, 10471, 17472, 10200, 1182, 14180, 1076, 10156, 4839, 9903, 4879, 9720, 2157, 15344, 16067, 3064, 17182, 5368, 4987, 18484, 18923, 11896, 1052, 15727, 15289, 5885, 1933, 5251, 17072, 6038, 6195, 13524, 6606, 18506, 17536, 6784, 3231, 14121, 8925, 10030, 803, 13764, 146, 19268, 14099, 4130, 16372, 1537, 12248, 13718, 17187, 11728, 1740, 19233, 5600, 4092, 4779, 6028, 3395, 16152, 19150, 2417, 11980, 11237, 8427, 18127, 3538, 9257, 607, 2078, 18457, 5802, 3435, 15019, 4256, 9221, 13465, 11742, 5788, 9528, 17493, 4607, 3131, 6616, 5356, 1550, 4617, 8827, 849, 2601, 4437, 17861, 10261, 15704, 3890, 8149, 12063, 3086, 15925, 12301, 6847, 5603, 7768, 3187, 13372, 9258, 6584, 7594, 2603, 1835, 17380, 17193, 15251, 15937, 18731, 4082, 14911, 16626, 8824, 16208, 10167, 17711, 9678, 15852, 13620, 16479, 14586, 2446, 4866, 1315, 7746, 10615, 7927, 2443, 7157, 13506, 18410, 10494]",6409,1500,3,False,1500
371,play music,iot coffee,30,True,False,True,"{21: 26, 33: 14, 2: 18, 29: 13, 25: 57, 43: 9, 57: 16, 49: 16, 61: 14, 67: 52, 65: 21, 50: 28, 15: 53, 6: 13, 46: 15, 27: 69, 7: 65, 48: 67, 19: 21, 31: 14, 63: 26, 22: 39, 9: 79, 26: 40, 47: 15, 53: 66, 11: 19, 51: 26, 54: 9, 13: 32, 17: 37, 52: 30, 39: 27, 38: 19, 1: 6, 59: 33, 56: 23, 32: 9, 8: 25, 4: 12, 20: 26, 24: 7, 18: 31, 42: 7, 28: 31, 45: 57, 0: 13, 66: 11, 62: 11, 35: 7, 64: 15, 37: 2, 40: 25, 3: 3, 14: 5, 12: 8, 16: 15, 55: 16, 30: 13, 58: 6, 36: 4, 60: 5, 5: 3, 41: 2, 44: 2, 34: 2}","[12686, 3384, 6034, 14374, 14516, 14680, 18580, 5912, 661, 4433, 14182, 14634, 14672, 13694, 17233, 12320, 12666, 7276, 14925, 15315, 1125, 14820, 3769, 14096, 12401, 14972, 14176, 4685, 4278, 5735, 7514, 16051, 15882, 4696, 17145, 19193, 12994, 9901, 13641, 15193, 6739, 9240, 1608, 14664, 18117, 5676, 15714, 5964, 5329, 16651, 15936, 14441, 15878, 18316, 14255, 18692, 5858, 4640, 10716, 13839, 16635, 2097, 11464, 12427, 2320, 14629, 7617, 16183, 16205, 2170, 4384, 6683, 5285, 18707, 6780, 4231, 2404, 4895, 18091, 2944, 13054, 3904, 3491, 9455, 15985, 10432, 8657, 15304, 9114, 5838, 5197, 17244, 6207, 3970, 17246, 3950, 6168, 8697, 6800, 9942, 11118, 8582, 6355, 15275, 4581, 12724, 11921, 1833, 523, 7619, 15729, 176, 8576, 3101, 1573, 1283, 11796, 11277, 2547, 1738, 6806, 15187, 7129, 5179, 5854, 16373, 9231, 6270, 777, 2062, 13249, 4144, 6325, 3924, 5350, 14414, 3142, 2249, 6444, 13582, 2833, 18030, 6483, 18404, 15057, 7482, 15001, 15872, 14584, 10835, 954, 7257, 1381, 17819, 17518, 6497, 14430, 4901, 16466, 10805, 132, 7506, 755, 14427, 12119, 16613, 19042, 14994, 11257, 8042, 2144, 5966, 1580, 8010, 2550, 10684, 14088, 5037, 8764, 17076, 14185, 15984, 5299, 16601, 19182, 13197, 14561, 12605, 17010, 2703, 6715, 11207, 10188, 212, 2293, 17676, 1720, 5934, 112, 8568, 15870, 3226, 4524, 4431, 5141, 5383, 7609, 12807, 19001, 14368, 6704, 14903, 4172, 117, 18698, 1699, 16558, 7518, 10618, 2110, 10308, 7828, 6623, 17644, 4449, 951, 13858, 15106, 8402, 916, 4771, 8608, 6448, 6656, 13547, 2814, 8336, 8093, 6398, 637, 9909, 10621, 786, 14146, 17292, 9457, 3, 2884, 14785, 10504, 16361, 8181, 17690, 654, 11067, 18741, 386, 18208, 10130, 8079, 7082, 14740, 8076, 18619, 14428, 10992, 12679, 9431, 18328, 13606, 7641, 13542, 1002, 11975, 15646, 19078, 1352, 8683, 16053, 11763, 14823, 7059, 4995, 3754, 6213, 10090, 19084, 1973, 8131, 5353, 836, 13960, 3217, 4885, 9645, 16941, 14750, 13171, 9132, 1355, 4440, 15747, 8233, 6008, 12781, 16749, 13905, 18198, 5033, 2910, 16502, 1233, 965, 16926, 3944, 13518, 18213, 12739, 9972, 14609, 5764, 6128, 9532, 12680, 3672, 5458, 6822, 11547, 3163, 8040, 14081, 8369, 18182, 17541, 11552, 12451, 15074, 1783, 17730, 1690, 16992, 2490, 2459, 18065, 320, 18311, 45, 9495, 4572, 544, 12731, 16811, 15096, 14957, 4594, 16607, 2449, 7791, 13659, 8892, 1713, 17336, 6598, 13832, 10495, 18937, 3067, 3473, 12715, 13492, 14787, 16503, 17899, 16638, 2408, 7141, 10590, 2917, 14650, 12571, 4321, 2855, 1829, 3736, 3381, 11069, 16093, 15201, 14311, 9836, 18289, 16899, 897, 13981, 12223, 8884, 15721, 7778, 13648, 5737, 6550, 19249, 2715, 447, 12941, 8915, 18963, 16291, 760, 5869, 3635, 3439, 6740, 5003, 3174, 2945, 16056, 4860, 11216, 7363, 1147, 12124, 9764, 11245, 4361, 7784, 16285, 17057, 11203, 5114, 17655, 12056, 17890, 7741, 15799, 10258, 16088, 19222, 15303, 1433, 5991, 322, 2322, 3156, 9940, 7814, 17068, 16968, 10018, 1991, 11946, 8705, 10371, 4619, 11074, 2034, 15550, 11743, 18666, 13494, 14175, 13948, 15123, 11154, 10397, 1701, 4770, 839, 12085, 16500, 16241, 1535, 18782, 2221, 539, 18405, 4245, 103, 1571, 16945, 12196, 9441, 1732, 1367, 3596, 4794, 7230, 5245, 17483, 2955, 2003, 11509, 4044, 12934, 3456, 16693, 593, 4582, 14076, 10972, 1965, 7227, 14324, 8658, 3772, 8355, 11889, 1908, 2684, 10026, 1666, 16507, 5589, 9295, 8389, 2099, 18653, 13808, 19147, 6675, 10970, 2788, 19028, 16983, 16166, 9845, 8160, 11381, 10088, 10333, 11716, 14695, 12697, 4365, 3747, 17296, 11904, 74, 7047, 10639, 13094, 940, 10478, 2032, 6642, 14896, 10840, 5430, 5556, 12597, 2183, 18403, 4252, 14613, 18283, 8790, 12140, 13540, 13353, 14114, 13297, 4056, 14038, 11299, 13770, 11433, 14285, 1526, 1955, 15711, 255, 12481, 612, 1635, 4886, 357, 11434, 9524, 13106, 2607, 5391, 9406, 2331, 624, 2749, 17849, 9829, 11436, 18426, 9481, 18550, 15647, 532, 11720, 11824, 15610, 15741, 7902, 13558, 17967, 14539, 17889, 4631, 1238, 16921, 7787, 15293, 3108, 8215, 2851, 4514, 12938, 16730, 17178, 4890, 17960, 4725, 7917, 3191, 8231, 16341, 8195, 10913, 2173, 5557, 2637, 16896, 5806, 1815, 1451, 8864, 2290, 12108, 5328, 6203, 2431, 7508, 17898, 17188, 6897, 1199, 15526, 18437, 6631, 8644, 16917, 14964, 14233, 2454, 584, 4830, 7199, 4180, 14889, 5761, 13756, 6917, 7756, 18880, 15095, 1816, 14070, 16252, 7429, 16589, 1631, 15968, 15221, 12478, 18594, 1477, 5637, 12058, 1205, 13397, 9107, 18654, 1968, 3759, 13147, 14144, 14973, 12452, 18020, 13592, 17920, 13687, 11335, 7207, 418, 7834, 778, 12982, 10688, 9031, 509, 9601, 9780, 17040, 12023, 3916, 91, 6536, 18535, 7547, 15240, 707, 14533, 15064, 17012, 16805, 8637, 5969, 16221, 1940, 13307, 4717, 12615, 18220, 11028, 12170, 1743, 2376, 12415, 14220, 18827, 1294, 18543, 6977, 15309, 11778, 11842, 17103, 3857, 4637, 12162, 19169, 17166, 18237, 17818, 9507, 19022, 5790, 19112, 15611, 1118, 15184, 18703, 1817, 15530, 16579, 8437, 11839, 11378, 3537, 9205, 9217, 16272, 18759, 16828, 12002, 8348, 1723, 3481, 14115, 379, 8544, 264, 6015, 7672, 2253, 7364, 3706, 13796, 17139, 16125, 12059, 9623, 7185, 2418, 18230, 3087, 281, 4379, 1796, 8459, 4400, 17824, 2736, 16446, 13525, 15341, 3275, 7872, 1662, 7557, 4319, 15442, 7181, 10456, 4963, 17048, 16943, 12784, 3441, 5240, 9975, 13216, 17702, 11594, 13554, 6165, 19168, 16070, 3540, 3262, 10661, 4061, 13173, 2875, 17014, 4349, 10818, 8428, 16764, 14232, 8930, 15734, 17680, 7069, 15684, 17050, 18987, 6914, 6863, 19263, 10595, 150, 10039, 2722, 18223, 16444, 6559, 7258, 2661, 7699, 17136, 12773, 4247, 5723, 15194, 1696, 1500, 2807, 9893, 11835, 13240, 18313, 17107, 10265, 10244, 5570, 2862, 14049, 1012, 12861, 723, 9583, 17461, 10056, 1264, 8297, 3716, 14666, 15259, 13531, 543, 13723, 16810, 6700, 3516, 13766, 7186, 10692, 6321, 15484, 14547, 8744, 3703, 10383, 16829, 6366, 6846, 3906, 2021, 18133, 857, 279, 12232, 10212, 10541, 12325, 13475, 1225, 937, 6966, 10881, 16936, 18502, 1440, 11914, 3326, 5633, 14913, 4623, 10743, 12361, 17335, 1072, 5043, 14810, 15077, 3255, 17215, 6553, 17852, 4801, 6962, 3060, 9430, 8799, 13824, 188, 15175, 15163, 4733, 5011, 3536, 17635, 6532, 14071, 6112, 17158, 6597, 11272, 105, 19219, 5013, 12483, 201, 6848, 17033, 6367, 7859, 14702, 18844, 7053, 18694, 15670, 636, 10129, 6378, 5369, 7273, 16247, 9142, 15345, 16817, 14854, 2600, 15783, 889, 11833, 6612, 2068, 2427, 7062, 7918, 16181, 5464, 8339, 8950, 8453, 16423, 6064, 2380, 4268, 13929, 12974, 19141, 1299, 2484, 3883, 3273, 8772, 13256, 11239, 5766, 18098, 12705, 11004, 2695, 10048, 10960, 2766, 15661, 13258, 8015, 6032, 16397, 7749, 19039, 7634, 15076, 4234, 15114, 8475, 8091, 19220, 18004, 9704, 13918, 15569, 16443, 10015, 9943, 7817, 9349, 2588, 8249, 398, 5316, 15538, 18372, 13559, 2937, 2803, 16248, 6155, 630, 9911, 13190, 19157, 15788, 13248, 13148, 1320, 12074, 8471, 8798, 3213, 12418, 814, 2402, 12718, 12397, 10564, 9875, 10128, 6947, 9491, 17707, 3266, 19196, 14309, 18523, 19043, 17975, 18063, 11618, 15016, 14434, 7680, 1739, 18029, 11694, 1745, 9271, 5189, 9561, 11283, 14978, 10753, 16017, 12914, 978, 2828, 17257, 13135, 5061, 121, 6602, 16015, 19271, 12159, 1244, 8260, 13195, 15873, 12815, 14291, 14515, 118, 4892, 14985, 9551, 12654, 4739, 927, 12176, 9523, 11726, 18187, 5880, 2569, 3386, 13942, 3390, 15774, 129, 65, 12922, 8422, 12692, 16213, 11515, 2111, 8347, 10758, 14064, 4401, 17782, 15621, 6709, 14716, 4091, 13964, 8424, 4218, 7249, 11311, 11171, 18564, 14755, 7114, 14009, 14815, 294, 495, 7684, 6833, 4046, 3505, 16995, 17858, 7761, 15803, 9840, 13958, 8226, 10369, 12497, 17142, 1748, 2854, 7159, 11539, 11055, 13337, 17173, 14214, 6803, 11144, 12649, 283, 15489, 13174, 7015, 610, 7030, 18206, 14077, 15468, 14962, 8046, 7809, 17387, 16034, 16678, 1173, 3502, 12942, 15655, 16859, 7099, 1673, 446, 1365, 5881, 3713, 11697, 1897, 16001, 1702, 14149, 11876, 9341, 4325, 6923, 2001, 138, 3276, 18716, 17604, 10501, 115, 12800, 6111, 11148, 4549, 16057, 4707, 6843, 16091, 4295, 7519, 13708, 12409, 11018, 5052, 13566, 14715, 12755, 793, 10837, 1888, 12375, 3935, 5763, 11791, 11258, 13264, 11469, 4683, 8905, 1853, 11600, 4421, 2798, 5074, 18141, 13807, 8595, 8126, 13837, 8060, 6956, 11767, 14560, 9389, 15261, 1232, 12560, 7262, 11504, 3546, 4627, 1177, 517, 4008, 9219, 17696, 4148, 14124, 13243, 11235, 7561, 8331, 16320, 3591, 11341, 4015, 12028, 14929, 18601, 3528, 14065, 1510, 19191, 13833, 17616, 10869, 17689, 831, 16725, 6319, 15465, 10467, 8162, 13563, 7728, 10778, 13545, 12290, 16480, 14401, 12838, 4212, 17529, 4832, 15111, 12690, 10373, 7596, 18614, 17477, 1043, 13100, 4774, 17479, 3774, 9302, 3901, 13071, 6412, 9516, 1261, 3054, 13522, 17602, 14343, 18500, 10957, 2791, 9624, 3634, 17904, 5709, 14670, 11058, 7087, 7435, 13848, 82, 5565, 2562, 14029, 3583, 1676, 12709, 18473, 3158, 12787, 8068, 8263, 16146, 3593, 1802, 1861, 3348, 4487, 17749, 6105, 10471, 17472, 10200, 1182, 14180, 1076, 10156, 4839, 9903, 4879, 9720, 2157, 15344, 16067, 3064, 17182, 5368, 4987, 18484, 18923, 11896, 1052, 15727, 15289, 5885, 1933, 5251, 17072, 6038, 6195, 13524, 6606, 18506, 17536, 6784, 3231, 14121, 8925, 10030, 803, 13764, 146, 19268, 14099, 4130, 16372, 1537, 12248, 13718, 17187, 11728, 1740, 19233, 5600, 4092, 4779, 6028, 3395, 16152, 19150, 2417, 11980, 11237, 8427, 18127, 3538, 9257, 607, 2078, 18457, 5802, 3435, 15019, 4256, 9221, 13465, 11742, 5788, 9528, 17493, 4607, 3131, 6616, 5356, 1550, 4617, 8827, 849, 2601, 4437, 17861, 10261, 15704, 3890, 8149, 12063, 3086, 15925, 12301, 6847, 5603, 7768, 3187, 13372, 9258, 6584, 7594, 2603, 1835, 17380, 17193, 15251, 15937, 18731, 4082, 14911, 16626, 8824, 16208, 10167, 17711, 9678, 15852, 13620, 16479, 14586, 2446, 4866, 1315, 7746, 10615, 7927, 2443, 7157, 13506, 18410, 10494]",371,1500,3,False,1500
2523,calendar set,calendar query,7,True,False,True,"{21: 26, 33: 14, 2: 18, 29: 13, 25: 57, 43: 9, 57: 16, 49: 16, 61: 14, 67: 52, 65: 21, 50: 28, 15: 53, 6: 13, 46: 15, 27: 69, 7: 65, 48: 67, 19: 21, 31: 14, 63: 26, 22: 39, 9: 79, 26: 40, 47: 15, 53: 66, 11: 19, 51: 26, 54: 9, 13: 32, 17: 37, 52: 30, 39: 27, 38: 19, 1: 6, 59: 33, 56: 23, 32: 9, 8: 25, 4: 12, 20: 26, 24: 7, 18: 31, 42: 7, 28: 31, 45: 57, 0: 13, 66: 11, 62: 11, 35: 7, 64: 15, 37: 2, 40: 25, 3: 3, 14: 5, 12: 8, 16: 15, 55: 16, 30: 13, 58: 6, 36: 4, 60: 5, 5: 3, 41: 2, 44: 2, 34: 2}","[12686, 3384, 6034, 14374, 14516, 14680, 18580, 5912, 661, 4433, 14182, 14634, 14672, 13694, 17233, 12320, 12666, 7276, 14925, 15315, 1125, 14820, 3769, 14096, 12401, 14972, 14176, 4685, 4278, 5735, 7514, 16051, 15882, 4696, 17145, 19193, 12994, 9901, 13641, 15193, 6739, 9240, 1608, 14664, 18117, 5676, 15714, 5964, 5329, 16651, 15936, 14441, 15878, 18316, 14255, 18692, 5858, 4640, 10716, 13839, 16635, 2097, 11464, 12427, 2320, 14629, 7617, 16183, 16205, 2170, 4384, 6683, 5285, 18707, 6780, 4231, 2404, 4895, 18091, 2944, 13054, 3904, 3491, 9455, 15985, 10432, 8657, 15304, 9114, 5838, 5197, 17244, 6207, 3970, 17246, 3950, 6168, 8697, 6800, 9942, 11118, 8582, 6355, 15275, 4581, 12724, 11921, 1833, 523, 7619, 15729, 176, 8576, 3101, 1573, 1283, 11796, 11277, 2547, 1738, 6806, 15187, 7129, 5179, 5854, 16373, 9231, 6270, 777, 2062, 13249, 4144, 6325, 3924, 5350, 14414, 3142, 2249, 6444, 13582, 2833, 18030, 6483, 18404, 15057, 7482, 15001, 15872, 14584, 10835, 954, 7257, 1381, 17819, 17518, 6497, 14430, 4901, 16466, 10805, 132, 7506, 755, 14427, 12119, 16613, 19042, 14994, 11257, 8042, 2144, 5966, 1580, 8010, 2550, 10684, 14088, 5037, 8764, 17076, 14185, 15984, 5299, 16601, 19182, 13197, 14561, 12605, 17010, 2703, 6715, 11207, 10188, 212, 2293, 17676, 1720, 5934, 112, 8568, 15870, 3226, 4524, 4431, 5141, 5383, 7609, 12807, 19001, 14368, 6704, 14903, 4172, 117, 18698, 1699, 16558, 7518, 10618, 2110, 10308, 7828, 6623, 17644, 4449, 951, 13858, 15106, 8402, 916, 4771, 8608, 6448, 6656, 13547, 2814, 8336, 8093, 6398, 637, 9909, 10621, 786, 14146, 17292, 9457, 3, 2884, 14785, 10504, 16361, 8181, 17690, 654, 11067, 18741, 386, 18208, 10130, 8079, 7082, 14740, 8076, 18619, 14428, 10992, 12679, 9431, 18328, 13606, 7641, 13542, 1002, 11975, 15646, 19078, 1352, 8683, 16053, 11763, 14823, 7059, 4995, 3754, 6213, 10090, 19084, 1973, 8131, 5353, 836, 13960, 3217, 4885, 9645, 16941, 14750, 13171, 9132, 1355, 4440, 15747, 8233, 6008, 12781, 16749, 13905, 18198, 5033, 2910, 16502, 1233, 965, 16926, 3944, 13518, 18213, 12739, 9972, 14609, 5764, 6128, 9532, 12680, 3672, 5458, 6822, 11547, 3163, 8040, 14081, 8369, 18182, 17541, 11552, 12451, 15074, 1783, 17730, 1690, 16992, 2490, 2459, 18065, 320, 18311, 45, 9495, 4572, 544, 12731, 16811, 15096, 14957, 4594, 16607, 2449, 7791, 13659, 8892, 1713, 17336, 6598, 13832, 10495, 18937, 3067, 3473, 12715, 13492, 14787, 16503, 17899, 16638, 2408, 7141, 10590, 2917, 14650, 12571, 4321, 2855, 1829, 3736, 3381, 11069, 16093, 15201, 14311, 9836, 18289, 16899, 897, 13981, 12223, 8884, 15721, 7778, 13648, 5737, 6550, 19249, 2715, 447, 12941, 8915, 18963, 16291, 760, 5869, 3635, 3439, 6740, 5003, 3174, 2945, 16056, 4860, 11216, 7363, 1147, 12124, 9764, 11245, 4361, 7784, 16285, 17057, 11203, 5114, 17655, 12056, 17890, 7741, 15799, 10258, 16088, 19222, 15303, 1433, 5991, 322, 2322, 3156, 9940, 7814, 17068, 16968, 10018, 1991, 11946, 8705, 10371, 4619, 11074, 2034, 15550, 11743, 18666, 13494, 14175, 13948, 15123, 11154, 10397, 1701, 4770, 839, 12085, 16500, 16241, 1535, 18782, 2221, 539, 18405, 4245, 103, 1571, 16945, 12196, 9441, 1732, 1367, 3596, 4794, 7230, 5245, 17483, 2955, 2003, 11509, 4044, 12934, 3456, 16693, 593, 4582, 14076, 10972, 1965, 7227, 14324, 8658, 3772, 8355, 11889, 1908, 2684, 10026, 1666, 16507, 5589, 9295, 8389, 2099, 18653, 13808, 19147, 6675, 10970, 2788, 19028, 16983, 16166, 9845, 8160, 11381, 10088, 10333, 11716, 14695, 12697, 4365, 3747, 17296, 11904, 74, 7047, 10639, 13094, 940, 10478, 2032, 6642, 14896, 10840, 5430, 5556, 12597, 2183, 18403, 4252, 14613, 18283, 8790, 12140, 13540, 13353, 14114, 13297, 4056, 14038, 11299, 13770, 11433, 14285, 1526, 1955, 15711, 255, 12481, 612, 1635, 4886, 357, 11434, 9524, 13106, 2607, 5391, 9406, 2331, 624, 2749, 17849, 9829, 11436, 18426, 9481, 18550, 15647, 532, 11720, 11824, 15610, 15741, 7902, 13558, 17967, 14539, 17889, 4631, 1238, 16921, 7787, 15293, 3108, 8215, 2851, 4514, 12938, 16730, 17178, 4890, 17960, 4725, 7917, 3191, 8231, 16341, 8195, 10913, 2173, 5557, 2637, 16896, 5806, 1815, 1451, 8864, 2290, 12108, 5328, 6203, 2431, 7508, 17898, 17188, 6897, 1199, 15526, 18437, 6631, 8644, 16917, 14964, 14233, 2454, 584, 4830, 7199, 4180, 14889, 5761, 13756, 6917, 7756, 18880, 15095, 1816, 14070, 16252, 7429, 16589, 1631, 15968, 15221, 12478, 18594, 1477, 5637, 12058, 1205, 13397, 9107, 18654, 1968, 3759, 13147, 14144, 14973, 12452, 18020, 13592, 17920, 13687, 11335, 7207, 418, 7834, 778, 12982, 10688, 9031, 509, 9601, 9780, 17040, 12023, 3916, 91, 6536, 18535, 7547, 15240, 707, 14533, 15064, 17012, 16805, 8637, 5969, 16221, 1940, 13307, 4717, 12615, 18220, 11028, 12170, 1743, 2376, 12415, 14220, 18827, 1294, 18543, 6977, 15309, 11778, 11842, 17103, 3857, 4637, 12162, 19169, 17166, 18237, 17818, 9507, 19022, 5790, 19112, 15611, 1118, 15184, 18703, 1817, 15530, 16579, 8437, 11839, 11378, 3537, 9205, 9217, 16272, 18759, 16828, 12002, 8348, 1723, 3481, 14115, 379, 8544, 264, 6015, 7672, 2253, 7364, 3706, 13796, 17139, 16125, 12059, 9623, 7185, 2418, 18230, 3087, 281, 4379, 1796, 8459, 4400, 17824, 2736, 16446, 13525, 15341, 3275, 7872, 1662, 7557, 4319, 15442, 7181, 10456, 4963, 17048, 16943, 12784, 3441, 5240, 9975, 13216, 17702, 11594, 13554, 6165, 19168, 16070, 3540, 3262, 10661, 4061, 13173, 2875, 17014, 4349, 10818, 8428, 16764, 14232, 8930, 15734, 17680, 7069, 15684, 17050, 18987, 6914, 6863, 19263, 10595, 150, 10039, 2722, 18223, 16444, 6559, 7258, 2661, 7699, 17136, 12773, 4247, 5723, 15194, 1696, 1500, 2807, 9893, 11835, 13240, 18313, 17107, 10265, 10244, 5570, 2862, 14049, 1012, 12861, 723, 9583, 17461, 10056, 1264, 8297, 3716, 14666, 15259, 13531, 543, 13723, 16810, 6700, 3516, 13766, 7186, 10692, 6321, 15484, 14547, 8744, 3703, 10383, 16829, 6366, 6846, 3906, 2021, 18133, 857, 279, 12232, 10212, 10541, 12325, 13475, 1225, 937, 6966, 10881, 16936, 18502, 1440, 11914, 3326, 5633, 14913, 4623, 10743, 12361, 17335, 1072, 5043, 14810, 15077, 3255, 17215, 6553, 17852, 4801, 6962, 3060, 9430, 8799, 13824, 188, 15175, 15163, 4733, 5011, 3536, 17635, 6532, 14071, 6112, 17158, 6597, 11272, 105, 19219, 5013, 12483, 201, 6848, 17033, 6367, 7859, 14702, 18844, 7053, 18694, 15670, 636, 10129, 6378, 5369, 7273, 16247, 9142, 15345, 16817, 14854, 2600, 15783, 889, 11833, 6612, 2068, 2427, 7062, 7918, 16181, 5464, 8339, 8950, 8453, 16423, 6064, 2380, 4268, 13929, 12974, 19141, 1299, 2484, 3883, 3273, 8772, 13256, 11239, 5766, 18098, 12705, 11004, 2695, 10048, 10960, 2766, 15661, 13258, 8015, 6032, 16397, 7749, 19039, 7634, 15076, 4234, 15114, 8475, 8091, 19220, 18004, 9704, 13918, 15569, 16443, 10015, 9943, 7817, 9349, 2588, 8249, 398, 5316, 15538, 18372, 13559, 2937, 2803, 16248, 6155, 630, 9911, 13190, 19157, 15788, 13248, 13148, 1320, 12074, 8471, 8798, 3213, 12418, 814, 2402, 12718, 12397, 10564, 9875, 10128, 6947, 9491, 17707, 3266, 19196, 14309, 18523, 19043, 17975, 18063, 11618, 15016, 14434, 7680, 1739, 18029, 11694, 1745, 9271, 5189, 9561, 11283, 14978, 10753, 16017, 12914, 978, 2828, 17257, 13135, 5061, 121, 6602, 16015, 19271, 12159, 1244, 8260, 13195, 15873, 12815, 14291, 14515, 118, 4892, 14985, 9551, 12654, 4739, 927, 12176, 9523, 11726, 18187, 5880, 2569, 3386, 13942, 3390, 15774, 129, 65, 12922, 8422, 12692, 16213, 11515, 2111, 8347, 10758, 14064, 4401, 17782, 15621, 6709, 14716, 4091, 13964, 8424, 4218, 7249, 11311, 11171, 18564, 14755, 7114, 14009, 14815, 294, 495, 7684, 6833, 4046, 3505, 16995, 17858, 7761, 15803, 9840, 13958, 8226, 10369, 12497, 17142, 1748, 2854, 7159, 11539, 11055, 13337, 17173, 14214, 6803, 11144, 12649, 283, 15489, 13174, 7015, 610, 7030, 18206, 14077, 15468, 14962, 8046, 7809, 17387, 16034, 16678, 1173, 3502, 12942, 15655, 16859, 7099, 1673, 446, 1365, 5881, 3713, 11697, 1897, 16001, 1702, 14149, 11876, 9341, 4325, 6923, 2001, 138, 3276, 18716, 17604, 10501, 115, 12800, 6111, 11148, 4549, 16057, 4707, 6843, 16091, 4295, 7519, 13708, 12409, 11018, 5052, 13566, 14715, 12755, 793, 10837, 1888, 12375, 3935, 5763, 11791, 11258, 13264, 11469, 4683, 8905, 1853, 11600, 4421, 2798, 5074, 18141, 13807, 8595, 8126, 13837, 8060, 6956, 11767, 14560, 9389, 15261, 1232, 12560, 7262, 11504, 3546, 4627, 1177, 517, 4008, 9219, 17696, 4148, 14124, 13243, 11235, 7561, 8331, 16320, 3591, 11341, 4015, 12028, 14929, 18601, 3528, 14065, 1510, 19191, 13833, 17616, 10869, 17689, 831, 16725, 6319, 15465, 10467, 8162, 13563, 7728, 10778, 13545, 12290, 16480, 14401, 12838, 4212, 17529, 4832, 15111, 12690, 10373, 7596, 18614, 17477, 1043, 13100, 4774, 17479, 3774, 9302, 3901, 13071, 6412, 9516, 1261, 3054, 13522, 17602, 14343, 18500, 10957, 2791, 9624, 3634, 17904, 5709, 14670, 11058, 7087, 7435, 13848, 82, 5565, 2562, 14029, 3583, 1676, 12709, 18473, 3158, 12787, 8068, 8263, 16146, 3593, 1802, 1861, 3348, 4487, 17749, 6105, 10471, 17472, 10200, 1182, 14180, 1076, 10156, 4839, 9903, 4879, 9720, 2157, 15344, 16067, 3064, 17182, 5368, 4987, 18484, 18923, 11896, 1052, 15727, 15289, 5885, 1933, 5251, 17072, 6038, 6195, 13524, 6606, 18506, 17536, 6784, 3231, 14121, 8925, 10030, 803, 13764, 146, 19268, 14099, 4130, 16372, 1537, 12248, 13718, 17187, 11728, 1740, 19233, 5600, 4092, 4779, 6028, 3395, 16152, 19150, 2417, 11980, 11237, 8427, 18127, 3538, 9257, 607, 2078, 18457, 5802, 3435, 15019, 4256, 9221, 13465, 11742, 5788, 9528, 17493, 4607, 3131, 6616, 5356, 1550, 4617, 8827, 849, 2601, 4437, 17861, 10261, 15704, 3890, 8149, 12063, 3086, 15925, 12301, 6847, 5603, 7768, 3187, 13372, 9258, 6584, 7594, 2603, 1835, 17380, 17193, 15251, 15937, 18731, 4082, 14911, 16626, 8824, 16208, 10167, 17711, 9678, 15852, 13620, 16479, 14586, 2446, 4866, 1315, 7746, 10615, 7927, 2443, 7157, 13506, 18410, 10494]",2523,1500,3,False,1500
5507,play podcasts,play pod,49,True,True,False,"{21: 26, 33: 14, 2: 18, 29: 13, 25: 57, 43: 9, 57: 16, 49: 16, 61: 14, 67: 52, 65: 21, 50: 28, 15: 53, 6: 13, 46: 15, 27: 69, 7: 65, 48: 67, 19: 21, 31: 14, 63: 26, 22: 39, 9: 79, 26: 40, 47: 15, 53: 66, 11: 19, 51: 26, 54: 9, 13: 32, 17: 37, 52: 30, 39: 27, 38: 19, 1: 6, 59: 33, 56: 23, 32: 9, 8: 25, 4: 12, 20: 26, 24: 7, 18: 31, 42: 7, 28: 31, 45: 57, 0: 13, 66: 11, 62: 11, 35: 7, 64: 15, 37: 2, 40: 25, 3: 3, 14: 5, 12: 8, 16: 15, 55: 16, 30: 13, 58: 6, 36: 4, 60: 5, 5: 3, 41: 2, 44: 2, 34: 2}","[12686, 3384, 6034, 14374, 14516, 14680, 18580, 5912, 661, 4433, 14182, 14634, 14672, 13694, 17233, 12320, 12666, 7276, 14925, 15315, 1125, 14820, 3769, 14096, 12401, 14972, 14176, 4685, 4278, 5735, 7514, 16051, 15882, 4696, 17145, 19193, 12994, 9901, 13641, 15193, 6739, 9240, 1608, 14664, 18117, 5676, 15714, 5964, 5329, 16651, 15936, 14441, 15878, 18316, 14255, 18692, 5858, 4640, 10716, 13839, 16635, 2097, 11464, 12427, 2320, 14629, 7617, 16183, 16205, 2170, 4384, 6683, 5285, 18707, 6780, 4231, 2404, 4895, 18091, 2944, 13054, 3904, 3491, 9455, 15985, 10432, 8657, 15304, 9114, 5838, 5197, 17244, 6207, 3970, 17246, 3950, 6168, 8697, 6800, 9942, 11118, 8582, 6355, 15275, 4581, 12724, 11921, 1833, 523, 7619, 15729, 176, 8576, 3101, 1573, 1283, 11796, 11277, 2547, 1738, 6806, 15187, 7129, 5179, 5854, 16373, 9231, 6270, 777, 2062, 13249, 4144, 6325, 3924, 5350, 14414, 3142, 2249, 6444, 13582, 2833, 18030, 6483, 18404, 15057, 7482, 15001, 15872, 14584, 10835, 954, 7257, 1381, 17819, 17518, 6497, 14430, 4901, 16466, 10805, 132, 7506, 755, 14427, 12119, 16613, 19042, 14994, 11257, 8042, 2144, 5966, 1580, 8010, 2550, 10684, 14088, 5037, 8764, 17076, 14185, 15984, 5299, 16601, 19182, 13197, 14561, 12605, 17010, 2703, 6715, 11207, 10188, 212, 2293, 17676, 1720, 5934, 112, 8568, 15870, 3226, 4524, 4431, 5141, 5383, 7609, 12807, 19001, 14368, 6704, 14903, 4172, 117, 18698, 1699, 16558, 7518, 10618, 2110, 10308, 7828, 6623, 17644, 4449, 951, 13858, 15106, 8402, 916, 4771, 8608, 6448, 6656, 13547, 2814, 8336, 8093, 6398, 637, 9909, 10621, 786, 14146, 17292, 9457, 3, 2884, 14785, 10504, 16361, 8181, 17690, 654, 11067, 18741, 386, 18208, 10130, 8079, 7082, 14740, 8076, 18619, 14428, 10992, 12679, 9431, 18328, 13606, 7641, 13542, 1002, 11975, 15646, 19078, 1352, 8683, 16053, 11763, 14823, 7059, 4995, 3754, 6213, 10090, 19084, 1973, 8131, 5353, 836, 13960, 3217, 4885, 9645, 16941, 14750, 13171, 9132, 1355, 4440, 15747, 8233, 6008, 12781, 16749, 13905, 18198, 5033, 2910, 16502, 1233, 965, 16926, 3944, 13518, 18213, 12739, 9972, 14609, 5764, 6128, 9532, 12680, 3672, 5458, 6822, 11547, 3163, 8040, 14081, 8369, 18182, 17541, 11552, 12451, 15074, 1783, 17730, 1690, 16992, 2490, 2459, 18065, 320, 18311, 45, 9495, 4572, 544, 12731, 16811, 15096, 14957, 4594, 16607, 2449, 7791, 13659, 8892, 1713, 17336, 6598, 13832, 10495, 18937, 3067, 3473, 12715, 13492, 14787, 16503, 17899, 16638, 2408, 7141, 10590, 2917, 14650, 12571, 4321, 2855, 1829, 3736, 3381, 11069, 16093, 15201, 14311, 9836, 18289, 16899, 897, 13981, 12223, 8884, 15721, 7778, 13648, 5737, 6550, 19249, 2715, 447, 12941, 8915, 18963, 16291, 760, 5869, 3635, 3439, 6740, 5003, 3174, 2945, 16056, 4860, 11216, 7363, 1147, 12124, 9764, 11245, 4361, 7784, 16285, 17057, 11203, 5114, 17655, 12056, 17890, 7741, 15799, 10258, 16088, 19222, 15303, 1433, 5991, 322, 2322, 3156, 9940, 7814, 17068, 16968, 10018, 1991, 11946, 8705, 10371, 4619, 11074, 2034, 15550, 11743, 18666, 13494, 14175, 13948, 15123, 11154, 10397, 1701, 4770, 839, 12085, 16500, 16241, 1535, 18782, 2221, 539, 18405, 4245, 103, 1571, 16945, 12196, 9441, 1732, 1367, 3596, 4794, 7230, 5245, 17483, 2955, 2003, 11509, 4044, 12934, 3456, 16693, 593, 4582, 14076, 10972, 1965, 7227, 14324, 8658, 3772, 8355, 11889, 1908, 2684, 10026, 1666, 16507, 5589, 9295, 8389, 2099, 18653, 13808, 19147, 6675, 10970, 2788, 19028, 16983, 16166, 9845, 8160, 11381, 10088, 10333, 11716, 14695, 12697, 4365, 3747, 17296, 11904, 74, 7047, 10639, 13094, 940, 10478, 2032, 6642, 14896, 10840, 5430, 5556, 12597, 2183, 18403, 4252, 14613, 18283, 8790, 12140, 13540, 13353, 14114, 13297, 4056, 14038, 11299, 13770, 11433, 14285, 1526, 1955, 15711, 255, 12481, 612, 1635, 4886, 357, 11434, 9524, 13106, 2607, 5391, 9406, 2331, 624, 2749, 17849, 9829, 11436, 18426, 9481, 18550, 15647, 532, 11720, 11824, 15610, 15741, 7902, 13558, 17967, 14539, 17889, 4631, 1238, 16921, 7787, 15293, 3108, 8215, 2851, 4514, 12938, 16730, 17178, 4890, 17960, 4725, 7917, 3191, 8231, 16341, 8195, 10913, 2173, 5557, 2637, 16896, 5806, 1815, 1451, 8864, 2290, 12108, 5328, 6203, 2431, 7508, 17898, 17188, 6897, 1199, 15526, 18437, 6631, 8644, 16917, 14964, 14233, 2454, 584, 4830, 7199, 4180, 14889, 5761, 13756, 6917, 7756, 18880, 15095, 1816, 14070, 16252, 7429, 16589, 1631, 15968, 15221, 12478, 18594, 1477, 5637, 12058, 1205, 13397, 9107, 18654, 1968, 3759, 13147, 14144, 14973, 12452, 18020, 13592, 17920, 13687, 11335, 7207, 418, 7834, 778, 12982, 10688, 9031, 509, 9601, 9780, 17040, 12023, 3916, 91, 6536, 18535, 7547, 15240, 707, 14533, 15064, 17012, 16805, 8637, 5969, 16221, 1940, 13307, 4717, 12615, 18220, 11028, 12170, 1743, 2376, 12415, 14220, 18827, 1294, 18543, 6977, 15309, 11778, 11842, 17103, 3857, 4637, 12162, 19169, 17166, 18237, 17818, 9507, 19022, 5790, 19112, 15611, 1118, 15184, 18703, 1817, 15530, 16579, 8437, 11839, 11378, 3537, 9205, 9217, 16272, 18759, 16828, 12002, 8348, 1723, 3481, 14115, 379, 8544, 264, 6015, 7672, 2253, 7364, 3706, 13796, 17139, 16125, 12059, 9623, 7185, 2418, 18230, 3087, 281, 4379, 1796, 8459, 4400, 17824, 2736, 16446, 13525, 15341, 3275, 7872, 1662, 7557, 4319, 15442, 7181, 10456, 4963, 17048, 16943, 12784, 3441, 5240, 9975, 13216, 17702, 11594, 13554, 6165, 19168, 16070, 3540, 3262, 10661, 4061, 13173, 2875, 17014, 4349, 10818, 8428, 16764, 14232, 8930, 15734, 17680, 7069, 15684, 17050, 18987, 6914, 6863, 19263, 10595, 150, 10039, 2722, 18223, 16444, 6559, 7258, 2661, 7699, 17136, 12773, 4247, 5723, 15194, 1696, 1500, 2807, 9893, 11835, 13240, 18313, 17107, 10265, 10244, 5570, 2862, 14049, 1012, 12861, 723, 9583, 17461, 10056, 1264, 8297, 3716, 14666, 15259, 13531, 543, 13723, 16810, 6700, 3516, 13766, 7186, 10692, 6321, 15484, 14547, 8744, 3703, 10383, 16829, 6366, 6846, 3906, 2021, 18133, 857, 279, 12232, 10212, 10541, 12325, 13475, 1225, 937, 6966, 10881, 16936, 18502, 1440, 11914, 3326, 5633, 14913, 4623, 10743, 12361, 17335, 1072, 5043, 14810, 15077, 3255, 17215, 6553, 17852, 4801, 6962, 3060, 9430, 8799, 13824, 188, 15175, 15163, 4733, 5011, 3536, 17635, 6532, 14071, 6112, 17158, 6597, 11272, 105, 19219, 5013, 12483, 201, 6848, 17033, 6367, 7859, 14702, 18844, 7053, 18694, 15670, 636, 10129, 6378, 5369, 7273, 16247, 9142, 15345, 16817, 14854, 2600, 15783, 889, 11833, 6612, 2068, 2427, 7062, 7918, 16181, 5464, 8339, 8950, 8453, 16423, 6064, 2380, 4268, 13929, 12974, 19141, 1299, 2484, 3883, 3273, 8772, 13256, 11239, 5766, 18098, 12705, 11004, 2695, 10048, 10960, 2766, 15661, 13258, 8015, 6032, 16397, 7749, 19039, 7634, 15076, 4234, 15114, 8475, 8091, 19220, 18004, 9704, 13918, 15569, 16443, 10015, 9943, 7817, 9349, 2588, 8249, 398, 5316, 15538, 18372, 13559, 2937, 2803, 16248, 6155, 630, 9911, 13190, 19157, 15788, 13248, 13148, 1320, 12074, 8471, 8798, 3213, 12418, 814, 2402, 12718, 12397, 10564, 9875, 10128, 6947, 9491, 17707, 3266, 19196, 14309, 18523, 19043, 17975, 18063, 11618, 15016, 14434, 7680, 1739, 18029, 11694, 1745, 9271, 5189, 9561, 11283, 14978, 10753, 16017, 12914, 978, 2828, 17257, 13135, 5061, 121, 6602, 16015, 19271, 12159, 1244, 8260, 13195, 15873, 12815, 14291, 14515, 118, 4892, 14985, 9551, 12654, 4739, 927, 12176, 9523, 11726, 18187, 5880, 2569, 3386, 13942, 3390, 15774, 129, 65, 12922, 8422, 12692, 16213, 11515, 2111, 8347, 10758, 14064, 4401, 17782, 15621, 6709, 14716, 4091, 13964, 8424, 4218, 7249, 11311, 11171, 18564, 14755, 7114, 14009, 14815, 294, 495, 7684, 6833, 4046, 3505, 16995, 17858, 7761, 15803, 9840, 13958, 8226, 10369, 12497, 17142, 1748, 2854, 7159, 11539, 11055, 13337, 17173, 14214, 6803, 11144, 12649, 283, 15489, 13174, 7015, 610, 7030, 18206, 14077, 15468, 14962, 8046, 7809, 17387, 16034, 16678, 1173, 3502, 12942, 15655, 16859, 7099, 1673, 446, 1365, 5881, 3713, 11697, 1897, 16001, 1702, 14149, 11876, 9341, 4325, 6923, 2001, 138, 3276, 18716, 17604, 10501, 115, 12800, 6111, 11148, 4549, 16057, 4707, 6843, 16091, 4295, 7519, 13708, 12409, 11018, 5052, 13566, 14715, 12755, 793, 10837, 1888, 12375, 3935, 5763, 11791, 11258, 13264, 11469, 4683, 8905, 1853, 11600, 4421, 2798, 5074, 18141, 13807, 8595, 8126, 13837, 8060, 6956, 11767, 14560, 9389, 15261, 1232, 12560, 7262, 11504, 3546, 4627, 1177, 517, 4008, 9219, 17696, 4148, 14124, 13243, 11235, 7561, 8331, 16320, 3591, 11341, 4015, 12028, 14929, 18601, 3528, 14065, 1510, 19191, 13833, 17616, 10869, 17689, 831, 16725, 6319, 15465, 10467, 8162, 13563, 7728, 10778, 13545, 12290, 16480, 14401, 12838, 4212, 17529, 4832, 15111, 12690, 10373, 7596, 18614, 17477, 1043, 13100, 4774, 17479, 3774, 9302, 3901, 13071, 6412, 9516, 1261, 3054, 13522, 17602, 14343, 18500, 10957, 2791, 9624, 3634, 17904, 5709, 14670, 11058, 7087, 7435, 13848, 82, 5565, 2562, 14029, 3583, 1676, 12709, 18473, 3158, 12787, 8068, 8263, 16146, 3593, 1802, 1861, 3348, 4487, 17749, 6105, 10471, 17472, 10200, 1182, 14180, 1076, 10156, 4839, 9903, 4879, 9720, 2157, 15344, 16067, 3064, 17182, 5368, 4987, 18484, 18923, 11896, 1052, 15727, 15289, 5885, 1933, 5251, 17072, 6038, 6195, 13524, 6606, 18506, 17536, 6784, 3231, 14121, 8925, 10030, 803, 13764, 146, 19268, 14099, 4130, 16372, 1537, 12248, 13718, 17187, 11728, 1740, 19233, 5600, 4092, 4779, 6028, 3395, 16152, 19150, 2417, 11980, 11237, 8427, 18127, 3538, 9257, 607, 2078, 18457, 5802, 3435, 15019, 4256, 9221, 13465, 11742, 5788, 9528, 17493, 4607, 3131, 6616, 5356, 1550, 4617, 8827, 849, 2601, 4437, 17861, 10261, 15704, 3890, 8149, 12063, 3086, 15925, 12301, 6847, 5603, 7768, 3187, 13372, 9258, 6584, 7594, 2603, 1835, 17380, 17193, 15251, 15937, 18731, 4082, 14911, 16626, 8824, 16208, 10167, 17711, 9678, 15852, 13620, 16479, 14586, 2446, 4866, 1315, 7746, 10615, 7927, 2443, 7157, 13506, 18410, 10494]",5507,1500,3,False,1500
1818,play podcasts,play pod,49,True,True,False,"{21: 26, 33: 14, 2: 18, 29: 13, 25: 57, 43: 9, 57: 16, 49: 16, 61: 14, 67: 52, 65: 21, 50: 28, 15: 53, 6: 13, 46: 15, 27: 69, 7: 65, 48: 67, 19: 21, 31: 14, 63: 26, 22: 39, 9: 79, 26: 40, 47: 15, 53: 66, 11: 19, 51: 26, 54: 9, 13: 32, 17: 37, 52: 30, 39: 27, 38: 19, 1: 6, 59: 33, 56: 23, 32: 9, 8: 25, 4: 12, 20: 26, 24: 7, 18: 31, 42: 7, 28: 31, 45: 57, 0: 13, 66: 11, 62: 11, 35: 7, 64: 15, 37: 2, 40: 25, 3: 3, 14: 5, 12: 8, 16: 15, 55: 16, 30: 13, 58: 6, 36: 4, 60: 5, 5: 3, 41: 2, 44: 2, 34: 2}","[12686, 3384, 6034, 14374, 14516, 14680, 18580, 5912, 661, 4433, 14182, 14634, 14672, 13694, 17233, 12320, 12666, 7276, 14925, 15315, 1125, 14820, 3769, 14096, 12401, 14972, 14176, 4685, 4278, 5735, 7514, 16051, 15882, 4696, 17145, 19193, 12994, 9901, 13641, 15193, 6739, 9240, 1608, 14664, 18117, 5676, 15714, 5964, 5329, 16651, 15936, 14441, 15878, 18316, 14255, 18692, 5858, 4640, 10716, 13839, 16635, 2097, 11464, 12427, 2320, 14629, 7617, 16183, 16205, 2170, 4384, 6683, 5285, 18707, 6780, 4231, 2404, 4895, 18091, 2944, 13054, 3904, 3491, 9455, 15985, 10432, 8657, 15304, 9114, 5838, 5197, 17244, 6207, 3970, 17246, 3950, 6168, 8697, 6800, 9942, 11118, 8582, 6355, 15275, 4581, 12724, 11921, 1833, 523, 7619, 15729, 176, 8576, 3101, 1573, 1283, 11796, 11277, 2547, 1738, 6806, 15187, 7129, 5179, 5854, 16373, 9231, 6270, 777, 2062, 13249, 4144, 6325, 3924, 5350, 14414, 3142, 2249, 6444, 13582, 2833, 18030, 6483, 18404, 15057, 7482, 15001, 15872, 14584, 10835, 954, 7257, 1381, 17819, 17518, 6497, 14430, 4901, 16466, 10805, 132, 7506, 755, 14427, 12119, 16613, 19042, 14994, 11257, 8042, 2144, 5966, 1580, 8010, 2550, 10684, 14088, 5037, 8764, 17076, 14185, 15984, 5299, 16601, 19182, 13197, 14561, 12605, 17010, 2703, 6715, 11207, 10188, 212, 2293, 17676, 1720, 5934, 112, 8568, 15870, 3226, 4524, 4431, 5141, 5383, 7609, 12807, 19001, 14368, 6704, 14903, 4172, 117, 18698, 1699, 16558, 7518, 10618, 2110, 10308, 7828, 6623, 17644, 4449, 951, 13858, 15106, 8402, 916, 4771, 8608, 6448, 6656, 13547, 2814, 8336, 8093, 6398, 637, 9909, 10621, 786, 14146, 17292, 9457, 3, 2884, 14785, 10504, 16361, 8181, 17690, 654, 11067, 18741, 386, 18208, 10130, 8079, 7082, 14740, 8076, 18619, 14428, 10992, 12679, 9431, 18328, 13606, 7641, 13542, 1002, 11975, 15646, 19078, 1352, 8683, 16053, 11763, 14823, 7059, 4995, 3754, 6213, 10090, 19084, 1973, 8131, 5353, 836, 13960, 3217, 4885, 9645, 16941, 14750, 13171, 9132, 1355, 4440, 15747, 8233, 6008, 12781, 16749, 13905, 18198, 5033, 2910, 16502, 1233, 965, 16926, 3944, 13518, 18213, 12739, 9972, 14609, 5764, 6128, 9532, 12680, 3672, 5458, 6822, 11547, 3163, 8040, 14081, 8369, 18182, 17541, 11552, 12451, 15074, 1783, 17730, 1690, 16992, 2490, 2459, 18065, 320, 18311, 45, 9495, 4572, 544, 12731, 16811, 15096, 14957, 4594, 16607, 2449, 7791, 13659, 8892, 1713, 17336, 6598, 13832, 10495, 18937, 3067, 3473, 12715, 13492, 14787, 16503, 17899, 16638, 2408, 7141, 10590, 2917, 14650, 12571, 4321, 2855, 1829, 3736, 3381, 11069, 16093, 15201, 14311, 9836, 18289, 16899, 897, 13981, 12223, 8884, 15721, 7778, 13648, 5737, 6550, 19249, 2715, 447, 12941, 8915, 18963, 16291, 760, 5869, 3635, 3439, 6740, 5003, 3174, 2945, 16056, 4860, 11216, 7363, 1147, 12124, 9764, 11245, 4361, 7784, 16285, 17057, 11203, 5114, 17655, 12056, 17890, 7741, 15799, 10258, 16088, 19222, 15303, 1433, 5991, 322, 2322, 3156, 9940, 7814, 17068, 16968, 10018, 1991, 11946, 8705, 10371, 4619, 11074, 2034, 15550, 11743, 18666, 13494, 14175, 13948, 15123, 11154, 10397, 1701, 4770, 839, 12085, 16500, 16241, 1535, 18782, 2221, 539, 18405, 4245, 103, 1571, 16945, 12196, 9441, 1732, 1367, 3596, 4794, 7230, 5245, 17483, 2955, 2003, 11509, 4044, 12934, 3456, 16693, 593, 4582, 14076, 10972, 1965, 7227, 14324, 8658, 3772, 8355, 11889, 1908, 2684, 10026, 1666, 16507, 5589, 9295, 8389, 2099, 18653, 13808, 19147, 6675, 10970, 2788, 19028, 16983, 16166, 9845, 8160, 11381, 10088, 10333, 11716, 14695, 12697, 4365, 3747, 17296, 11904, 74, 7047, 10639, 13094, 940, 10478, 2032, 6642, 14896, 10840, 5430, 5556, 12597, 2183, 18403, 4252, 14613, 18283, 8790, 12140, 13540, 13353, 14114, 13297, 4056, 14038, 11299, 13770, 11433, 14285, 1526, 1955, 15711, 255, 12481, 612, 1635, 4886, 357, 11434, 9524, 13106, 2607, 5391, 9406, 2331, 624, 2749, 17849, 9829, 11436, 18426, 9481, 18550, 15647, 532, 11720, 11824, 15610, 15741, 7902, 13558, 17967, 14539, 17889, 4631, 1238, 16921, 7787, 15293, 3108, 8215, 2851, 4514, 12938, 16730, 17178, 4890, 17960, 4725, 7917, 3191, 8231, 16341, 8195, 10913, 2173, 5557, 2637, 16896, 5806, 1815, 1451, 8864, 2290, 12108, 5328, 6203, 2431, 7508, 17898, 17188, 6897, 1199, 15526, 18437, 6631, 8644, 16917, 14964, 14233, 2454, 584, 4830, 7199, 4180, 14889, 5761, 13756, 6917, 7756, 18880, 15095, 1816, 14070, 16252, 7429, 16589, 1631, 15968, 15221, 12478, 18594, 1477, 5637, 12058, 1205, 13397, 9107, 18654, 1968, 3759, 13147, 14144, 14973, 12452, 18020, 13592, 17920, 13687, 11335, 7207, 418, 7834, 778, 12982, 10688, 9031, 509, 9601, 9780, 17040, 12023, 3916, 91, 6536, 18535, 7547, 15240, 707, 14533, 15064, 17012, 16805, 8637, 5969, 16221, 1940, 13307, 4717, 12615, 18220, 11028, 12170, 1743, 2376, 12415, 14220, 18827, 1294, 18543, 6977, 15309, 11778, 11842, 17103, 3857, 4637, 12162, 19169, 17166, 18237, 17818, 9507, 19022, 5790, 19112, 15611, 1118, 15184, 18703, 1817, 15530, 16579, 8437, 11839, 11378, 3537, 9205, 9217, 16272, 18759, 16828, 12002, 8348, 1723, 3481, 14115, 379, 8544, 264, 6015, 7672, 2253, 7364, 3706, 13796, 17139, 16125, 12059, 9623, 7185, 2418, 18230, 3087, 281, 4379, 1796, 8459, 4400, 17824, 2736, 16446, 13525, 15341, 3275, 7872, 1662, 7557, 4319, 15442, 7181, 10456, 4963, 17048, 16943, 12784, 3441, 5240, 9975, 13216, 17702, 11594, 13554, 6165, 19168, 16070, 3540, 3262, 10661, 4061, 13173, 2875, 17014, 4349, 10818, 8428, 16764, 14232, 8930, 15734, 17680, 7069, 15684, 17050, 18987, 6914, 6863, 19263, 10595, 150, 10039, 2722, 18223, 16444, 6559, 7258, 2661, 7699, 17136, 12773, 4247, 5723, 15194, 1696, 1500, 2807, 9893, 11835, 13240, 18313, 17107, 10265, 10244, 5570, 2862, 14049, 1012, 12861, 723, 9583, 17461, 10056, 1264, 8297, 3716, 14666, 15259, 13531, 543, 13723, 16810, 6700, 3516, 13766, 7186, 10692, 6321, 15484, 14547, 8744, 3703, 10383, 16829, 6366, 6846, 3906, 2021, 18133, 857, 279, 12232, 10212, 10541, 12325, 13475, 1225, 937, 6966, 10881, 16936, 18502, 1440, 11914, 3326, 5633, 14913, 4623, 10743, 12361, 17335, 1072, 5043, 14810, 15077, 3255, 17215, 6553, 17852, 4801, 6962, 3060, 9430, 8799, 13824, 188, 15175, 15163, 4733, 5011, 3536, 17635, 6532, 14071, 6112, 17158, 6597, 11272, 105, 19219, 5013, 12483, 201, 6848, 17033, 6367, 7859, 14702, 18844, 7053, 18694, 15670, 636, 10129, 6378, 5369, 7273, 16247, 9142, 15345, 16817, 14854, 2600, 15783, 889, 11833, 6612, 2068, 2427, 7062, 7918, 16181, 5464, 8339, 8950, 8453, 16423, 6064, 2380, 4268, 13929, 12974, 19141, 1299, 2484, 3883, 3273, 8772, 13256, 11239, 5766, 18098, 12705, 11004, 2695, 10048, 10960, 2766, 15661, 13258, 8015, 6032, 16397, 7749, 19039, 7634, 15076, 4234, 15114, 8475, 8091, 19220, 18004, 9704, 13918, 15569, 16443, 10015, 9943, 7817, 9349, 2588, 8249, 398, 5316, 15538, 18372, 13559, 2937, 2803, 16248, 6155, 630, 9911, 13190, 19157, 15788, 13248, 13148, 1320, 12074, 8471, 8798, 3213, 12418, 814, 2402, 12718, 12397, 10564, 9875, 10128, 6947, 9491, 17707, 3266, 19196, 14309, 18523, 19043, 17975, 18063, 11618, 15016, 14434, 7680, 1739, 18029, 11694, 1745, 9271, 5189, 9561, 11283, 14978, 10753, 16017, 12914, 978, 2828, 17257, 13135, 5061, 121, 6602, 16015, 19271, 12159, 1244, 8260, 13195, 15873, 12815, 14291, 14515, 118, 4892, 14985, 9551, 12654, 4739, 927, 12176, 9523, 11726, 18187, 5880, 2569, 3386, 13942, 3390, 15774, 129, 65, 12922, 8422, 12692, 16213, 11515, 2111, 8347, 10758, 14064, 4401, 17782, 15621, 6709, 14716, 4091, 13964, 8424, 4218, 7249, 11311, 11171, 18564, 14755, 7114, 14009, 14815, 294, 495, 7684, 6833, 4046, 3505, 16995, 17858, 7761, 15803, 9840, 13958, 8226, 10369, 12497, 17142, 1748, 2854, 7159, 11539, 11055, 13337, 17173, 14214, 6803, 11144, 12649, 283, 15489, 13174, 7015, 610, 7030, 18206, 14077, 15468, 14962, 8046, 7809, 17387, 16034, 16678, 1173, 3502, 12942, 15655, 16859, 7099, 1673, 446, 1365, 5881, 3713, 11697, 1897, 16001, 1702, 14149, 11876, 9341, 4325, 6923, 2001, 138, 3276, 18716, 17604, 10501, 115, 12800, 6111, 11148, 4549, 16057, 4707, 6843, 16091, 4295, 7519, 13708, 12409, 11018, 5052, 13566, 14715, 12755, 793, 10837, 1888, 12375, 3935, 5763, 11791, 11258, 13264, 11469, 4683, 8905, 1853, 11600, 4421, 2798, 5074, 18141, 13807, 8595, 8126, 13837, 8060, 6956, 11767, 14560, 9389, 15261, 1232, 12560, 7262, 11504, 3546, 4627, 1177, 517, 4008, 9219, 17696, 4148, 14124, 13243, 11235, 7561, 8331, 16320, 3591, 11341, 4015, 12028, 14929, 18601, 3528, 14065, 1510, 19191, 13833, 17616, 10869, 17689, 831, 16725, 6319, 15465, 10467, 8162, 13563, 7728, 10778, 13545, 12290, 16480, 14401, 12838, 4212, 17529, 4832, 15111, 12690, 10373, 7596, 18614, 17477, 1043, 13100, 4774, 17479, 3774, 9302, 3901, 13071, 6412, 9516, 1261, 3054, 13522, 17602, 14343, 18500, 10957, 2791, 9624, 3634, 17904, 5709, 14670, 11058, 7087, 7435, 13848, 82, 5565, 2562, 14029, 3583, 1676, 12709, 18473, 3158, 12787, 8068, 8263, 16146, 3593, 1802, 1861, 3348, 4487, 17749, 6105, 10471, 17472, 10200, 1182, 14180, 1076, 10156, 4839, 9903, 4879, 9720, 2157, 15344, 16067, 3064, 17182, 5368, 4987, 18484, 18923, 11896, 1052, 15727, 15289, 5885, 1933, 5251, 17072, 6038, 6195, 13524, 6606, 18506, 17536, 6784, 3231, 14121, 8925, 10030, 803, 13764, 146, 19268, 14099, 4130, 16372, 1537, 12248, 13718, 17187, 11728, 1740, 19233, 5600, 4092, 4779, 6028, 3395, 16152, 19150, 2417, 11980, 11237, 8427, 18127, 3538, 9257, 607, 2078, 18457, 5802, 3435, 15019, 4256, 9221, 13465, 11742, 5788, 9528, 17493, 4607, 3131, 6616, 5356, 1550, 4617, 8827, 849, 2601, 4437, 17861, 10261, 15704, 3890, 8149, 12063, 3086, 15925, 12301, 6847, 5603, 7768, 3187, 13372, 9258, 6584, 7594, 2603, 1835, 17380, 17193, 15251, 15937, 18731, 4082, 14911, 16626, 8824, 16208, 10167, 17711, 9678, 15852, 13620, 16479, 14586, 2446, 4866, 1315, 7746, 10615, 7927, 2443, 7157, 13506, 18410, 10494]",1818,1500,3,False,1500
1315,audio volume up,audio volume up,6,True,True,True,"{21: 26, 33: 14, 2: 18, 29: 13, 25: 57, 43: 9, 57: 16, 49: 16, 61: 14, 67: 52, 65: 21, 50: 28, 15: 53, 6: 13, 46: 15, 27: 69, 7: 65, 48: 67, 19: 21, 31: 14, 63: 26, 22: 39, 9: 79, 26: 40, 47: 15, 53: 66, 11: 19, 51: 26, 54: 9, 13: 32, 17: 37, 52: 30, 39: 27, 38: 19, 1: 6, 59: 33, 56: 23, 32: 9, 8: 25, 4: 12, 20: 26, 24: 7, 18: 31, 42: 7, 28: 31, 45: 57, 0: 13, 66: 11, 62: 11, 35: 7, 64: 15, 37: 2, 40: 25, 3: 3, 14: 5, 12: 8, 16: 15, 55: 16, 30: 13, 58: 6, 36: 4, 60: 5, 5: 3, 41: 2, 44: 2, 34: 2}","[12686, 3384, 6034, 14374, 14516, 14680, 18580, 5912, 661, 4433, 14182, 14634, 14672, 13694, 17233, 12320, 12666, 7276, 14925, 15315, 1125, 14820, 3769, 14096, 12401, 14972, 14176, 4685, 4278, 5735, 7514, 16051, 15882, 4696, 17145, 19193, 12994, 9901, 13641, 15193, 6739, 9240, 1608, 14664, 18117, 5676, 15714, 5964, 5329, 16651, 15936, 14441, 15878, 18316, 14255, 18692, 5858, 4640, 10716, 13839, 16635, 2097, 11464, 12427, 2320, 14629, 7617, 16183, 16205, 2170, 4384, 6683, 5285, 18707, 6780, 4231, 2404, 4895, 18091, 2944, 13054, 3904, 3491, 9455, 15985, 10432, 8657, 15304, 9114, 5838, 5197, 17244, 6207, 3970, 17246, 3950, 6168, 8697, 6800, 9942, 11118, 8582, 6355, 15275, 4581, 12724, 11921, 1833, 523, 7619, 15729, 176, 8576, 3101, 1573, 1283, 11796, 11277, 2547, 1738, 6806, 15187, 7129, 5179, 5854, 16373, 9231, 6270, 777, 2062, 13249, 4144, 6325, 3924, 5350, 14414, 3142, 2249, 6444, 13582, 2833, 18030, 6483, 18404, 15057, 7482, 15001, 15872, 14584, 10835, 954, 7257, 1381, 17819, 17518, 6497, 14430, 4901, 16466, 10805, 132, 7506, 755, 14427, 12119, 16613, 19042, 14994, 11257, 8042, 2144, 5966, 1580, 8010, 2550, 10684, 14088, 5037, 8764, 17076, 14185, 15984, 5299, 16601, 19182, 13197, 14561, 12605, 17010, 2703, 6715, 11207, 10188, 212, 2293, 17676, 1720, 5934, 112, 8568, 15870, 3226, 4524, 4431, 5141, 5383, 7609, 12807, 19001, 14368, 6704, 14903, 4172, 117, 18698, 1699, 16558, 7518, 10618, 2110, 10308, 7828, 6623, 17644, 4449, 951, 13858, 15106, 8402, 916, 4771, 8608, 6448, 6656, 13547, 2814, 8336, 8093, 6398, 637, 9909, 10621, 786, 14146, 17292, 9457, 3, 2884, 14785, 10504, 16361, 8181, 17690, 654, 11067, 18741, 386, 18208, 10130, 8079, 7082, 14740, 8076, 18619, 14428, 10992, 12679, 9431, 18328, 13606, 7641, 13542, 1002, 11975, 15646, 19078, 1352, 8683, 16053, 11763, 14823, 7059, 4995, 3754, 6213, 10090, 19084, 1973, 8131, 5353, 836, 13960, 3217, 4885, 9645, 16941, 14750, 13171, 9132, 1355, 4440, 15747, 8233, 6008, 12781, 16749, 13905, 18198, 5033, 2910, 16502, 1233, 965, 16926, 3944, 13518, 18213, 12739, 9972, 14609, 5764, 6128, 9532, 12680, 3672, 5458, 6822, 11547, 3163, 8040, 14081, 8369, 18182, 17541, 11552, 12451, 15074, 1783, 17730, 1690, 16992, 2490, 2459, 18065, 320, 18311, 45, 9495, 4572, 544, 12731, 16811, 15096, 14957, 4594, 16607, 2449, 7791, 13659, 8892, 1713, 17336, 6598, 13832, 10495, 18937, 3067, 3473, 12715, 13492, 14787, 16503, 17899, 16638, 2408, 7141, 10590, 2917, 14650, 12571, 4321, 2855, 1829, 3736, 3381, 11069, 16093, 15201, 14311, 9836, 18289, 16899, 897, 13981, 12223, 8884, 15721, 7778, 13648, 5737, 6550, 19249, 2715, 447, 12941, 8915, 18963, 16291, 760, 5869, 3635, 3439, 6740, 5003, 3174, 2945, 16056, 4860, 11216, 7363, 1147, 12124, 9764, 11245, 4361, 7784, 16285, 17057, 11203, 5114, 17655, 12056, 17890, 7741, 15799, 10258, 16088, 19222, 15303, 1433, 5991, 322, 2322, 3156, 9940, 7814, 17068, 16968, 10018, 1991, 11946, 8705, 10371, 4619, 11074, 2034, 15550, 11743, 18666, 13494, 14175, 13948, 15123, 11154, 10397, 1701, 4770, 839, 12085, 16500, 16241, 1535, 18782, 2221, 539, 18405, 4245, 103, 1571, 16945, 12196, 9441, 1732, 1367, 3596, 4794, 7230, 5245, 17483, 2955, 2003, 11509, 4044, 12934, 3456, 16693, 593, 4582, 14076, 10972, 1965, 7227, 14324, 8658, 3772, 8355, 11889, 1908, 2684, 10026, 1666, 16507, 5589, 9295, 8389, 2099, 18653, 13808, 19147, 6675, 10970, 2788, 19028, 16983, 16166, 9845, 8160, 11381, 10088, 10333, 11716, 14695, 12697, 4365, 3747, 17296, 11904, 74, 7047, 10639, 13094, 940, 10478, 2032, 6642, 14896, 10840, 5430, 5556, 12597, 2183, 18403, 4252, 14613, 18283, 8790, 12140, 13540, 13353, 14114, 13297, 4056, 14038, 11299, 13770, 11433, 14285, 1526, 1955, 15711, 255, 12481, 612, 1635, 4886, 357, 11434, 9524, 13106, 2607, 5391, 9406, 2331, 624, 2749, 17849, 9829, 11436, 18426, 9481, 18550, 15647, 532, 11720, 11824, 15610, 15741, 7902, 13558, 17967, 14539, 17889, 4631, 1238, 16921, 7787, 15293, 3108, 8215, 2851, 4514, 12938, 16730, 17178, 4890, 17960, 4725, 7917, 3191, 8231, 16341, 8195, 10913, 2173, 5557, 2637, 16896, 5806, 1815, 1451, 8864, 2290, 12108, 5328, 6203, 2431, 7508, 17898, 17188, 6897, 1199, 15526, 18437, 6631, 8644, 16917, 14964, 14233, 2454, 584, 4830, 7199, 4180, 14889, 5761, 13756, 6917, 7756, 18880, 15095, 1816, 14070, 16252, 7429, 16589, 1631, 15968, 15221, 12478, 18594, 1477, 5637, 12058, 1205, 13397, 9107, 18654, 1968, 3759, 13147, 14144, 14973, 12452, 18020, 13592, 17920, 13687, 11335, 7207, 418, 7834, 778, 12982, 10688, 9031, 509, 9601, 9780, 17040, 12023, 3916, 91, 6536, 18535, 7547, 15240, 707, 14533, 15064, 17012, 16805, 8637, 5969, 16221, 1940, 13307, 4717, 12615, 18220, 11028, 12170, 1743, 2376, 12415, 14220, 18827, 1294, 18543, 6977, 15309, 11778, 11842, 17103, 3857, 4637, 12162, 19169, 17166, 18237, 17818, 9507, 19022, 5790, 19112, 15611, 1118, 15184, 18703, 1817, 15530, 16579, 8437, 11839, 11378, 3537, 9205, 9217, 16272, 18759, 16828, 12002, 8348, 1723, 3481, 14115, 379, 8544, 264, 6015, 7672, 2253, 7364, 3706, 13796, 17139, 16125, 12059, 9623, 7185, 2418, 18230, 3087, 281, 4379, 1796, 8459, 4400, 17824, 2736, 16446, 13525, 15341, 3275, 7872, 1662, 7557, 4319, 15442, 7181, 10456, 4963, 17048, 16943, 12784, 3441, 5240, 9975, 13216, 17702, 11594, 13554, 6165, 19168, 16070, 3540, 3262, 10661, 4061, 13173, 2875, 17014, 4349, 10818, 8428, 16764, 14232, 8930, 15734, 17680, 7069, 15684, 17050, 18987, 6914, 6863, 19263, 10595, 150, 10039, 2722, 18223, 16444, 6559, 7258, 2661, 7699, 17136, 12773, 4247, 5723, 15194, 1696, 1500, 2807, 9893, 11835, 13240, 18313, 17107, 10265, 10244, 5570, 2862, 14049, 1012, 12861, 723, 9583, 17461, 10056, 1264, 8297, 3716, 14666, 15259, 13531, 543, 13723, 16810, 6700, 3516, 13766, 7186, 10692, 6321, 15484, 14547, 8744, 3703, 10383, 16829, 6366, 6846, 3906, 2021, 18133, 857, 279, 12232, 10212, 10541, 12325, 13475, 1225, 937, 6966, 10881, 16936, 18502, 1440, 11914, 3326, 5633, 14913, 4623, 10743, 12361, 17335, 1072, 5043, 14810, 15077, 3255, 17215, 6553, 17852, 4801, 6962, 3060, 9430, 8799, 13824, 188, 15175, 15163, 4733, 5011, 3536, 17635, 6532, 14071, 6112, 17158, 6597, 11272, 105, 19219, 5013, 12483, 201, 6848, 17033, 6367, 7859, 14702, 18844, 7053, 18694, 15670, 636, 10129, 6378, 5369, 7273, 16247, 9142, 15345, 16817, 14854, 2600, 15783, 889, 11833, 6612, 2068, 2427, 7062, 7918, 16181, 5464, 8339, 8950, 8453, 16423, 6064, 2380, 4268, 13929, 12974, 19141, 1299, 2484, 3883, 3273, 8772, 13256, 11239, 5766, 18098, 12705, 11004, 2695, 10048, 10960, 2766, 15661, 13258, 8015, 6032, 16397, 7749, 19039, 7634, 15076, 4234, 15114, 8475, 8091, 19220, 18004, 9704, 13918, 15569, 16443, 10015, 9943, 7817, 9349, 2588, 8249, 398, 5316, 15538, 18372, 13559, 2937, 2803, 16248, 6155, 630, 9911, 13190, 19157, 15788, 13248, 13148, 1320, 12074, 8471, 8798, 3213, 12418, 814, 2402, 12718, 12397, 10564, 9875, 10128, 6947, 9491, 17707, 3266, 19196, 14309, 18523, 19043, 17975, 18063, 11618, 15016, 14434, 7680, 1739, 18029, 11694, 1745, 9271, 5189, 9561, 11283, 14978, 10753, 16017, 12914, 978, 2828, 17257, 13135, 5061, 121, 6602, 16015, 19271, 12159, 1244, 8260, 13195, 15873, 12815, 14291, 14515, 118, 4892, 14985, 9551, 12654, 4739, 927, 12176, 9523, 11726, 18187, 5880, 2569, 3386, 13942, 3390, 15774, 129, 65, 12922, 8422, 12692, 16213, 11515, 2111, 8347, 10758, 14064, 4401, 17782, 15621, 6709, 14716, 4091, 13964, 8424, 4218, 7249, 11311, 11171, 18564, 14755, 7114, 14009, 14815, 294, 495, 7684, 6833, 4046, 3505, 16995, 17858, 7761, 15803, 9840, 13958, 8226, 10369, 12497, 17142, 1748, 2854, 7159, 11539, 11055, 13337, 17173, 14214, 6803, 11144, 12649, 283, 15489, 13174, 7015, 610, 7030, 18206, 14077, 15468, 14962, 8046, 7809, 17387, 16034, 16678, 1173, 3502, 12942, 15655, 16859, 7099, 1673, 446, 1365, 5881, 3713, 11697, 1897, 16001, 1702, 14149, 11876, 9341, 4325, 6923, 2001, 138, 3276, 18716, 17604, 10501, 115, 12800, 6111, 11148, 4549, 16057, 4707, 6843, 16091, 4295, 7519, 13708, 12409, 11018, 5052, 13566, 14715, 12755, 793, 10837, 1888, 12375, 3935, 5763, 11791, 11258, 13264, 11469, 4683, 8905, 1853, 11600, 4421, 2798, 5074, 18141, 13807, 8595, 8126, 13837, 8060, 6956, 11767, 14560, 9389, 15261, 1232, 12560, 7262, 11504, 3546, 4627, 1177, 517, 4008, 9219, 17696, 4148, 14124, 13243, 11235, 7561, 8331, 16320, 3591, 11341, 4015, 12028, 14929, 18601, 3528, 14065, 1510, 19191, 13833, 17616, 10869, 17689, 831, 16725, 6319, 15465, 10467, 8162, 13563, 7728, 10778, 13545, 12290, 16480, 14401, 12838, 4212, 17529, 4832, 15111, 12690, 10373, 7596, 18614, 17477, 1043, 13100, 4774, 17479, 3774, 9302, 3901, 13071, 6412, 9516, 1261, 3054, 13522, 17602, 14343, 18500, 10957, 2791, 9624, 3634, 17904, 5709, 14670, 11058, 7087, 7435, 13848, 82, 5565, 2562, 14029, 3583, 1676, 12709, 18473, 3158, 12787, 8068, 8263, 16146, 3593, 1802, 1861, 3348, 4487, 17749, 6105, 10471, 17472, 10200, 1182, 14180, 1076, 10156, 4839, 9903, 4879, 9720, 2157, 15344, 16067, 3064, 17182, 5368, 4987, 18484, 18923, 11896, 1052, 15727, 15289, 5885, 1933, 5251, 17072, 6038, 6195, 13524, 6606, 18506, 17536, 6784, 3231, 14121, 8925, 10030, 803, 13764, 146, 19268, 14099, 4130, 16372, 1537, 12248, 13718, 17187, 11728, 1740, 19233, 5600, 4092, 4779, 6028, 3395, 16152, 19150, 2417, 11980, 11237, 8427, 18127, 3538, 9257, 607, 2078, 18457, 5802, 3435, 15019, 4256, 9221, 13465, 11742, 5788, 9528, 17493, 4607, 3131, 6616, 5356, 1550, 4617, 8827, 849, 2601, 4437, 17861, 10261, 15704, 3890, 8149, 12063, 3086, 15925, 12301, 6847, 5603, 7768, 3187, 13372, 9258, 6584, 7594, 2603, 1835, 17380, 17193, 15251, 15937, 18731, 4082, 14911, 16626, 8824, 16208, 10167, 17711, 9678, 15852, 13620, 16479, 14586, 2446, 4866, 1315, 7746, 10615, 7927, 2443, 7157, 13506, 18410, 10494]",1315,1500,3,False,1500
4399,play podcasts,play pod,49,True,True,False,"{21: 26, 33: 14, 2: 18, 29: 13, 25: 57, 43: 9, 57: 16, 49: 16, 61: 14, 67: 52, 65: 21, 50: 28, 15: 53, 6: 13, 46: 15, 27: 69, 7: 65, 48: 67, 19: 21, 31: 14, 63: 26, 22: 39, 9: 79, 26: 40, 47: 15, 53: 66, 11: 19, 51: 26, 54: 9, 13: 32, 17: 37, 52: 30, 39: 27, 38: 19, 1: 6, 59: 33, 56: 23, 32: 9, 8: 25, 4: 12, 20: 26, 24: 7, 18: 31, 42: 7, 28: 31, 45: 57, 0: 13, 66: 11, 62: 11, 35: 7, 64: 15, 37: 2, 40: 25, 3: 3, 14: 5, 12: 8, 16: 15, 55: 16, 30: 13, 58: 6, 36: 4, 60: 5, 5: 3, 41: 2, 44: 2, 34: 2}","[12686, 3384, 6034, 14374, 14516, 14680, 18580, 5912, 661, 4433, 14182, 14634, 14672, 13694, 17233, 12320, 12666, 7276, 14925, 15315, 1125, 14820, 3769, 14096, 12401, 14972, 14176, 4685, 4278, 5735, 7514, 16051, 15882, 4696, 17145, 19193, 12994, 9901, 13641, 15193, 6739, 9240, 1608, 14664, 18117, 5676, 15714, 5964, 5329, 16651, 15936, 14441, 15878, 18316, 14255, 18692, 5858, 4640, 10716, 13839, 16635, 2097, 11464, 12427, 2320, 14629, 7617, 16183, 16205, 2170, 4384, 6683, 5285, 18707, 6780, 4231, 2404, 4895, 18091, 2944, 13054, 3904, 3491, 9455, 15985, 10432, 8657, 15304, 9114, 5838, 5197, 17244, 6207, 3970, 17246, 3950, 6168, 8697, 6800, 9942, 11118, 8582, 6355, 15275, 4581, 12724, 11921, 1833, 523, 7619, 15729, 176, 8576, 3101, 1573, 1283, 11796, 11277, 2547, 1738, 6806, 15187, 7129, 5179, 5854, 16373, 9231, 6270, 777, 2062, 13249, 4144, 6325, 3924, 5350, 14414, 3142, 2249, 6444, 13582, 2833, 18030, 6483, 18404, 15057, 7482, 15001, 15872, 14584, 10835, 954, 7257, 1381, 17819, 17518, 6497, 14430, 4901, 16466, 10805, 132, 7506, 755, 14427, 12119, 16613, 19042, 14994, 11257, 8042, 2144, 5966, 1580, 8010, 2550, 10684, 14088, 5037, 8764, 17076, 14185, 15984, 5299, 16601, 19182, 13197, 14561, 12605, 17010, 2703, 6715, 11207, 10188, 212, 2293, 17676, 1720, 5934, 112, 8568, 15870, 3226, 4524, 4431, 5141, 5383, 7609, 12807, 19001, 14368, 6704, 14903, 4172, 117, 18698, 1699, 16558, 7518, 10618, 2110, 10308, 7828, 6623, 17644, 4449, 951, 13858, 15106, 8402, 916, 4771, 8608, 6448, 6656, 13547, 2814, 8336, 8093, 6398, 637, 9909, 10621, 786, 14146, 17292, 9457, 3, 2884, 14785, 10504, 16361, 8181, 17690, 654, 11067, 18741, 386, 18208, 10130, 8079, 7082, 14740, 8076, 18619, 14428, 10992, 12679, 9431, 18328, 13606, 7641, 13542, 1002, 11975, 15646, 19078, 1352, 8683, 16053, 11763, 14823, 7059, 4995, 3754, 6213, 10090, 19084, 1973, 8131, 5353, 836, 13960, 3217, 4885, 9645, 16941, 14750, 13171, 9132, 1355, 4440, 15747, 8233, 6008, 12781, 16749, 13905, 18198, 5033, 2910, 16502, 1233, 965, 16926, 3944, 13518, 18213, 12739, 9972, 14609, 5764, 6128, 9532, 12680, 3672, 5458, 6822, 11547, 3163, 8040, 14081, 8369, 18182, 17541, 11552, 12451, 15074, 1783, 17730, 1690, 16992, 2490, 2459, 18065, 320, 18311, 45, 9495, 4572, 544, 12731, 16811, 15096, 14957, 4594, 16607, 2449, 7791, 13659, 8892, 1713, 17336, 6598, 13832, 10495, 18937, 3067, 3473, 12715, 13492, 14787, 16503, 17899, 16638, 2408, 7141, 10590, 2917, 14650, 12571, 4321, 2855, 1829, 3736, 3381, 11069, 16093, 15201, 14311, 9836, 18289, 16899, 897, 13981, 12223, 8884, 15721, 7778, 13648, 5737, 6550, 19249, 2715, 447, 12941, 8915, 18963, 16291, 760, 5869, 3635, 3439, 6740, 5003, 3174, 2945, 16056, 4860, 11216, 7363, 1147, 12124, 9764, 11245, 4361, 7784, 16285, 17057, 11203, 5114, 17655, 12056, 17890, 7741, 15799, 10258, 16088, 19222, 15303, 1433, 5991, 322, 2322, 3156, 9940, 7814, 17068, 16968, 10018, 1991, 11946, 8705, 10371, 4619, 11074, 2034, 15550, 11743, 18666, 13494, 14175, 13948, 15123, 11154, 10397, 1701, 4770, 839, 12085, 16500, 16241, 1535, 18782, 2221, 539, 18405, 4245, 103, 1571, 16945, 12196, 9441, 1732, 1367, 3596, 4794, 7230, 5245, 17483, 2955, 2003, 11509, 4044, 12934, 3456, 16693, 593, 4582, 14076, 10972, 1965, 7227, 14324, 8658, 3772, 8355, 11889, 1908, 2684, 10026, 1666, 16507, 5589, 9295, 8389, 2099, 18653, 13808, 19147, 6675, 10970, 2788, 19028, 16983, 16166, 9845, 8160, 11381, 10088, 10333, 11716, 14695, 12697, 4365, 3747, 17296, 11904, 74, 7047, 10639, 13094, 940, 10478, 2032, 6642, 14896, 10840, 5430, 5556, 12597, 2183, 18403, 4252, 14613, 18283, 8790, 12140, 13540, 13353, 14114, 13297, 4056, 14038, 11299, 13770, 11433, 14285, 1526, 1955, 15711, 255, 12481, 612, 1635, 4886, 357, 11434, 9524, 13106, 2607, 5391, 9406, 2331, 624, 2749, 17849, 9829, 11436, 18426, 9481, 18550, 15647, 532, 11720, 11824, 15610, 15741, 7902, 13558, 17967, 14539, 17889, 4631, 1238, 16921, 7787, 15293, 3108, 8215, 2851, 4514, 12938, 16730, 17178, 4890, 17960, 4725, 7917, 3191, 8231, 16341, 8195, 10913, 2173, 5557, 2637, 16896, 5806, 1815, 1451, 8864, 2290, 12108, 5328, 6203, 2431, 7508, 17898, 17188, 6897, 1199, 15526, 18437, 6631, 8644, 16917, 14964, 14233, 2454, 584, 4830, 7199, 4180, 14889, 5761, 13756, 6917, 7756, 18880, 15095, 1816, 14070, 16252, 7429, 16589, 1631, 15968, 15221, 12478, 18594, 1477, 5637, 12058, 1205, 13397, 9107, 18654, 1968, 3759, 13147, 14144, 14973, 12452, 18020, 13592, 17920, 13687, 11335, 7207, 418, 7834, 778, 12982, 10688, 9031, 509, 9601, 9780, 17040, 12023, 3916, 91, 6536, 18535, 7547, 15240, 707, 14533, 15064, 17012, 16805, 8637, 5969, 16221, 1940, 13307, 4717, 12615, 18220, 11028, 12170, 1743, 2376, 12415, 14220, 18827, 1294, 18543, 6977, 15309, 11778, 11842, 17103, 3857, 4637, 12162, 19169, 17166, 18237, 17818, 9507, 19022, 5790, 19112, 15611, 1118, 15184, 18703, 1817, 15530, 16579, 8437, 11839, 11378, 3537, 9205, 9217, 16272, 18759, 16828, 12002, 8348, 1723, 3481, 14115, 379, 8544, 264, 6015, 7672, 2253, 7364, 3706, 13796, 17139, 16125, 12059, 9623, 7185, 2418, 18230, 3087, 281, 4379, 1796, 8459, 4400, 17824, 2736, 16446, 13525, 15341, 3275, 7872, 1662, 7557, 4319, 15442, 7181, 10456, 4963, 17048, 16943, 12784, 3441, 5240, 9975, 13216, 17702, 11594, 13554, 6165, 19168, 16070, 3540, 3262, 10661, 4061, 13173, 2875, 17014, 4349, 10818, 8428, 16764, 14232, 8930, 15734, 17680, 7069, 15684, 17050, 18987, 6914, 6863, 19263, 10595, 150, 10039, 2722, 18223, 16444, 6559, 7258, 2661, 7699, 17136, 12773, 4247, 5723, 15194, 1696, 1500, 2807, 9893, 11835, 13240, 18313, 17107, 10265, 10244, 5570, 2862, 14049, 1012, 12861, 723, 9583, 17461, 10056, 1264, 8297, 3716, 14666, 15259, 13531, 543, 13723, 16810, 6700, 3516, 13766, 7186, 10692, 6321, 15484, 14547, 8744, 3703, 10383, 16829, 6366, 6846, 3906, 2021, 18133, 857, 279, 12232, 10212, 10541, 12325, 13475, 1225, 937, 6966, 10881, 16936, 18502, 1440, 11914, 3326, 5633, 14913, 4623, 10743, 12361, 17335, 1072, 5043, 14810, 15077, 3255, 17215, 6553, 17852, 4801, 6962, 3060, 9430, 8799, 13824, 188, 15175, 15163, 4733, 5011, 3536, 17635, 6532, 14071, 6112, 17158, 6597, 11272, 105, 19219, 5013, 12483, 201, 6848, 17033, 6367, 7859, 14702, 18844, 7053, 18694, 15670, 636, 10129, 6378, 5369, 7273, 16247, 9142, 15345, 16817, 14854, 2600, 15783, 889, 11833, 6612, 2068, 2427, 7062, 7918, 16181, 5464, 8339, 8950, 8453, 16423, 6064, 2380, 4268, 13929, 12974, 19141, 1299, 2484, 3883, 3273, 8772, 13256, 11239, 5766, 18098, 12705, 11004, 2695, 10048, 10960, 2766, 15661, 13258, 8015, 6032, 16397, 7749, 19039, 7634, 15076, 4234, 15114, 8475, 8091, 19220, 18004, 9704, 13918, 15569, 16443, 10015, 9943, 7817, 9349, 2588, 8249, 398, 5316, 15538, 18372, 13559, 2937, 2803, 16248, 6155, 630, 9911, 13190, 19157, 15788, 13248, 13148, 1320, 12074, 8471, 8798, 3213, 12418, 814, 2402, 12718, 12397, 10564, 9875, 10128, 6947, 9491, 17707, 3266, 19196, 14309, 18523, 19043, 17975, 18063, 11618, 15016, 14434, 7680, 1739, 18029, 11694, 1745, 9271, 5189, 9561, 11283, 14978, 10753, 16017, 12914, 978, 2828, 17257, 13135, 5061, 121, 6602, 16015, 19271, 12159, 1244, 8260, 13195, 15873, 12815, 14291, 14515, 118, 4892, 14985, 9551, 12654, 4739, 927, 12176, 9523, 11726, 18187, 5880, 2569, 3386, 13942, 3390, 15774, 129, 65, 12922, 8422, 12692, 16213, 11515, 2111, 8347, 10758, 14064, 4401, 17782, 15621, 6709, 14716, 4091, 13964, 8424, 4218, 7249, 11311, 11171, 18564, 14755, 7114, 14009, 14815, 294, 495, 7684, 6833, 4046, 3505, 16995, 17858, 7761, 15803, 9840, 13958, 8226, 10369, 12497, 17142, 1748, 2854, 7159, 11539, 11055, 13337, 17173, 14214, 6803, 11144, 12649, 283, 15489, 13174, 7015, 610, 7030, 18206, 14077, 15468, 14962, 8046, 7809, 17387, 16034, 16678, 1173, 3502, 12942, 15655, 16859, 7099, 1673, 446, 1365, 5881, 3713, 11697, 1897, 16001, 1702, 14149, 11876, 9341, 4325, 6923, 2001, 138, 3276, 18716, 17604, 10501, 115, 12800, 6111, 11148, 4549, 16057, 4707, 6843, 16091, 4295, 7519, 13708, 12409, 11018, 5052, 13566, 14715, 12755, 793, 10837, 1888, 12375, 3935, 5763, 11791, 11258, 13264, 11469, 4683, 8905, 1853, 11600, 4421, 2798, 5074, 18141, 13807, 8595, 8126, 13837, 8060, 6956, 11767, 14560, 9389, 15261, 1232, 12560, 7262, 11504, 3546, 4627, 1177, 517, 4008, 9219, 17696, 4148, 14124, 13243, 11235, 7561, 8331, 16320, 3591, 11341, 4015, 12028, 14929, 18601, 3528, 14065, 1510, 19191, 13833, 17616, 10869, 17689, 831, 16725, 6319, 15465, 10467, 8162, 13563, 7728, 10778, 13545, 12290, 16480, 14401, 12838, 4212, 17529, 4832, 15111, 12690, 10373, 7596, 18614, 17477, 1043, 13100, 4774, 17479, 3774, 9302, 3901, 13071, 6412, 9516, 1261, 3054, 13522, 17602, 14343, 18500, 10957, 2791, 9624, 3634, 17904, 5709, 14670, 11058, 7087, 7435, 13848, 82, 5565, 2562, 14029, 3583, 1676, 12709, 18473, 3158, 12787, 8068, 8263, 16146, 3593, 1802, 1861, 3348, 4487, 17749, 6105, 10471, 17472, 10200, 1182, 14180, 1076, 10156, 4839, 9903, 4879, 9720, 2157, 15344, 16067, 3064, 17182, 5368, 4987, 18484, 18923, 11896, 1052, 15727, 15289, 5885, 1933, 5251, 17072, 6038, 6195, 13524, 6606, 18506, 17536, 6784, 3231, 14121, 8925, 10030, 803, 13764, 146, 19268, 14099, 4130, 16372, 1537, 12248, 13718, 17187, 11728, 1740, 19233, 5600, 4092, 4779, 6028, 3395, 16152, 19150, 2417, 11980, 11237, 8427, 18127, 3538, 9257, 607, 2078, 18457, 5802, 3435, 15019, 4256, 9221, 13465, 11742, 5788, 9528, 17493, 4607, 3131, 6616, 5356, 1550, 4617, 8827, 849, 2601, 4437, 17861, 10261, 15704, 3890, 8149, 12063, 3086, 15925, 12301, 6847, 5603, 7768, 3187, 13372, 9258, 6584, 7594, 2603, 1835, 17380, 17193, 15251, 15937, 18731, 4082, 14911, 16626, 8824, 16208, 10167, 17711, 9678, 15852, 13620, 16479, 14586, 2446, 4866, 1315, 7746, 10615, 7927, 2443, 7157, 13506, 18410, 10494]",4399,1500,3,False,1500
2035,alarm set,alarm set,2,True,True,True,"{21: 26, 33: 14, 2: 18, 29: 13, 25: 57, 43: 9, 57: 16, 49: 16, 61: 14, 67: 52, 65: 21, 50: 28, 15: 53, 6: 13, 46: 15, 27: 69, 7: 65, 48: 67, 19: 21, 31: 14, 63: 26, 22: 39, 9: 79, 26: 40, 47: 15, 53: 66, 11: 19, 51: 26, 54: 9, 13: 32, 17: 37, 52: 30, 39: 27, 38: 19, 1: 6, 59: 33, 56: 23, 32: 9, 8: 25, 4: 12, 20: 26, 24: 7, 18: 31, 42: 7, 28: 31, 45: 57, 0: 13, 66: 11, 62: 11, 35: 7, 64: 15, 37: 2, 40: 25, 3: 3, 14: 5, 12: 8, 16: 15, 55: 16, 30: 13, 58: 6, 36: 4, 60: 5, 5: 3, 41: 2, 44: 2, 34: 2}","[12686, 3384, 6034, 14374, 14516, 14680, 18580, 5912, 661, 4433, 14182, 14634, 14672, 13694, 17233, 12320, 12666, 7276, 14925, 15315, 1125, 14820, 3769, 14096, 12401, 14972, 14176, 4685, 4278, 5735, 7514, 16051, 15882, 4696, 17145, 19193, 12994, 9901, 13641, 15193, 6739, 9240, 1608, 14664, 18117, 5676, 15714, 5964, 5329, 16651, 15936, 14441, 15878, 18316, 14255, 18692, 5858, 4640, 10716, 13839, 16635, 2097, 11464, 12427, 2320, 14629, 7617, 16183, 16205, 2170, 4384, 6683, 5285, 18707, 6780, 4231, 2404, 4895, 18091, 2944, 13054, 3904, 3491, 9455, 15985, 10432, 8657, 15304, 9114, 5838, 5197, 17244, 6207, 3970, 17246, 3950, 6168, 8697, 6800, 9942, 11118, 8582, 6355, 15275, 4581, 12724, 11921, 1833, 523, 7619, 15729, 176, 8576, 3101, 1573, 1283, 11796, 11277, 2547, 1738, 6806, 15187, 7129, 5179, 5854, 16373, 9231, 6270, 777, 2062, 13249, 4144, 6325, 3924, 5350, 14414, 3142, 2249, 6444, 13582, 2833, 18030, 6483, 18404, 15057, 7482, 15001, 15872, 14584, 10835, 954, 7257, 1381, 17819, 17518, 6497, 14430, 4901, 16466, 10805, 132, 7506, 755, 14427, 12119, 16613, 19042, 14994, 11257, 8042, 2144, 5966, 1580, 8010, 2550, 10684, 14088, 5037, 8764, 17076, 14185, 15984, 5299, 16601, 19182, 13197, 14561, 12605, 17010, 2703, 6715, 11207, 10188, 212, 2293, 17676, 1720, 5934, 112, 8568, 15870, 3226, 4524, 4431, 5141, 5383, 7609, 12807, 19001, 14368, 6704, 14903, 4172, 117, 18698, 1699, 16558, 7518, 10618, 2110, 10308, 7828, 6623, 17644, 4449, 951, 13858, 15106, 8402, 916, 4771, 8608, 6448, 6656, 13547, 2814, 8336, 8093, 6398, 637, 9909, 10621, 786, 14146, 17292, 9457, 3, 2884, 14785, 10504, 16361, 8181, 17690, 654, 11067, 18741, 386, 18208, 10130, 8079, 7082, 14740, 8076, 18619, 14428, 10992, 12679, 9431, 18328, 13606, 7641, 13542, 1002, 11975, 15646, 19078, 1352, 8683, 16053, 11763, 14823, 7059, 4995, 3754, 6213, 10090, 19084, 1973, 8131, 5353, 836, 13960, 3217, 4885, 9645, 16941, 14750, 13171, 9132, 1355, 4440, 15747, 8233, 6008, 12781, 16749, 13905, 18198, 5033, 2910, 16502, 1233, 965, 16926, 3944, 13518, 18213, 12739, 9972, 14609, 5764, 6128, 9532, 12680, 3672, 5458, 6822, 11547, 3163, 8040, 14081, 8369, 18182, 17541, 11552, 12451, 15074, 1783, 17730, 1690, 16992, 2490, 2459, 18065, 320, 18311, 45, 9495, 4572, 544, 12731, 16811, 15096, 14957, 4594, 16607, 2449, 7791, 13659, 8892, 1713, 17336, 6598, 13832, 10495, 18937, 3067, 3473, 12715, 13492, 14787, 16503, 17899, 16638, 2408, 7141, 10590, 2917, 14650, 12571, 4321, 2855, 1829, 3736, 3381, 11069, 16093, 15201, 14311, 9836, 18289, 16899, 897, 13981, 12223, 8884, 15721, 7778, 13648, 5737, 6550, 19249, 2715, 447, 12941, 8915, 18963, 16291, 760, 5869, 3635, 3439, 6740, 5003, 3174, 2945, 16056, 4860, 11216, 7363, 1147, 12124, 9764, 11245, 4361, 7784, 16285, 17057, 11203, 5114, 17655, 12056, 17890, 7741, 15799, 10258, 16088, 19222, 15303, 1433, 5991, 322, 2322, 3156, 9940, 7814, 17068, 16968, 10018, 1991, 11946, 8705, 10371, 4619, 11074, 2034, 15550, 11743, 18666, 13494, 14175, 13948, 15123, 11154, 10397, 1701, 4770, 839, 12085, 16500, 16241, 1535, 18782, 2221, 539, 18405, 4245, 103, 1571, 16945, 12196, 9441, 1732, 1367, 3596, 4794, 7230, 5245, 17483, 2955, 2003, 11509, 4044, 12934, 3456, 16693, 593, 4582, 14076, 10972, 1965, 7227, 14324, 8658, 3772, 8355, 11889, 1908, 2684, 10026, 1666, 16507, 5589, 9295, 8389, 2099, 18653, 13808, 19147, 6675, 10970, 2788, 19028, 16983, 16166, 9845, 8160, 11381, 10088, 10333, 11716, 14695, 12697, 4365, 3747, 17296, 11904, 74, 7047, 10639, 13094, 940, 10478, 2032, 6642, 14896, 10840, 5430, 5556, 12597, 2183, 18403, 4252, 14613, 18283, 8790, 12140, 13540, 13353, 14114, 13297, 4056, 14038, 11299, 13770, 11433, 14285, 1526, 1955, 15711, 255, 12481, 612, 1635, 4886, 357, 11434, 9524, 13106, 2607, 5391, 9406, 2331, 624, 2749, 17849, 9829, 11436, 18426, 9481, 18550, 15647, 532, 11720, 11824, 15610, 15741, 7902, 13558, 17967, 14539, 17889, 4631, 1238, 16921, 7787, 15293, 3108, 8215, 2851, 4514, 12938, 16730, 17178, 4890, 17960, 4725, 7917, 3191, 8231, 16341, 8195, 10913, 2173, 5557, 2637, 16896, 5806, 1815, 1451, 8864, 2290, 12108, 5328, 6203, 2431, 7508, 17898, 17188, 6897, 1199, 15526, 18437, 6631, 8644, 16917, 14964, 14233, 2454, 584, 4830, 7199, 4180, 14889, 5761, 13756, 6917, 7756, 18880, 15095, 1816, 14070, 16252, 7429, 16589, 1631, 15968, 15221, 12478, 18594, 1477, 5637, 12058, 1205, 13397, 9107, 18654, 1968, 3759, 13147, 14144, 14973, 12452, 18020, 13592, 17920, 13687, 11335, 7207, 418, 7834, 778, 12982, 10688, 9031, 509, 9601, 9780, 17040, 12023, 3916, 91, 6536, 18535, 7547, 15240, 707, 14533, 15064, 17012, 16805, 8637, 5969, 16221, 1940, 13307, 4717, 12615, 18220, 11028, 12170, 1743, 2376, 12415, 14220, 18827, 1294, 18543, 6977, 15309, 11778, 11842, 17103, 3857, 4637, 12162, 19169, 17166, 18237, 17818, 9507, 19022, 5790, 19112, 15611, 1118, 15184, 18703, 1817, 15530, 16579, 8437, 11839, 11378, 3537, 9205, 9217, 16272, 18759, 16828, 12002, 8348, 1723, 3481, 14115, 379, 8544, 264, 6015, 7672, 2253, 7364, 3706, 13796, 17139, 16125, 12059, 9623, 7185, 2418, 18230, 3087, 281, 4379, 1796, 8459, 4400, 17824, 2736, 16446, 13525, 15341, 3275, 7872, 1662, 7557, 4319, 15442, 7181, 10456, 4963, 17048, 16943, 12784, 3441, 5240, 9975, 13216, 17702, 11594, 13554, 6165, 19168, 16070, 3540, 3262, 10661, 4061, 13173, 2875, 17014, 4349, 10818, 8428, 16764, 14232, 8930, 15734, 17680, 7069, 15684, 17050, 18987, 6914, 6863, 19263, 10595, 150, 10039, 2722, 18223, 16444, 6559, 7258, 2661, 7699, 17136, 12773, 4247, 5723, 15194, 1696, 1500, 2807, 9893, 11835, 13240, 18313, 17107, 10265, 10244, 5570, 2862, 14049, 1012, 12861, 723, 9583, 17461, 10056, 1264, 8297, 3716, 14666, 15259, 13531, 543, 13723, 16810, 6700, 3516, 13766, 7186, 10692, 6321, 15484, 14547, 8744, 3703, 10383, 16829, 6366, 6846, 3906, 2021, 18133, 857, 279, 12232, 10212, 10541, 12325, 13475, 1225, 937, 6966, 10881, 16936, 18502, 1440, 11914, 3326, 5633, 14913, 4623, 10743, 12361, 17335, 1072, 5043, 14810, 15077, 3255, 17215, 6553, 17852, 4801, 6962, 3060, 9430, 8799, 13824, 188, 15175, 15163, 4733, 5011, 3536, 17635, 6532, 14071, 6112, 17158, 6597, 11272, 105, 19219, 5013, 12483, 201, 6848, 17033, 6367, 7859, 14702, 18844, 7053, 18694, 15670, 636, 10129, 6378, 5369, 7273, 16247, 9142, 15345, 16817, 14854, 2600, 15783, 889, 11833, 6612, 2068, 2427, 7062, 7918, 16181, 5464, 8339, 8950, 8453, 16423, 6064, 2380, 4268, 13929, 12974, 19141, 1299, 2484, 3883, 3273, 8772, 13256, 11239, 5766, 18098, 12705, 11004, 2695, 10048, 10960, 2766, 15661, 13258, 8015, 6032, 16397, 7749, 19039, 7634, 15076, 4234, 15114, 8475, 8091, 19220, 18004, 9704, 13918, 15569, 16443, 10015, 9943, 7817, 9349, 2588, 8249, 398, 5316, 15538, 18372, 13559, 2937, 2803, 16248, 6155, 630, 9911, 13190, 19157, 15788, 13248, 13148, 1320, 12074, 8471, 8798, 3213, 12418, 814, 2402, 12718, 12397, 10564, 9875, 10128, 6947, 9491, 17707, 3266, 19196, 14309, 18523, 19043, 17975, 18063, 11618, 15016, 14434, 7680, 1739, 18029, 11694, 1745, 9271, 5189, 9561, 11283, 14978, 10753, 16017, 12914, 978, 2828, 17257, 13135, 5061, 121, 6602, 16015, 19271, 12159, 1244, 8260, 13195, 15873, 12815, 14291, 14515, 118, 4892, 14985, 9551, 12654, 4739, 927, 12176, 9523, 11726, 18187, 5880, 2569, 3386, 13942, 3390, 15774, 129, 65, 12922, 8422, 12692, 16213, 11515, 2111, 8347, 10758, 14064, 4401, 17782, 15621, 6709, 14716, 4091, 13964, 8424, 4218, 7249, 11311, 11171, 18564, 14755, 7114, 14009, 14815, 294, 495, 7684, 6833, 4046, 3505, 16995, 17858, 7761, 15803, 9840, 13958, 8226, 10369, 12497, 17142, 1748, 2854, 7159, 11539, 11055, 13337, 17173, 14214, 6803, 11144, 12649, 283, 15489, 13174, 7015, 610, 7030, 18206, 14077, 15468, 14962, 8046, 7809, 17387, 16034, 16678, 1173, 3502, 12942, 15655, 16859, 7099, 1673, 446, 1365, 5881, 3713, 11697, 1897, 16001, 1702, 14149, 11876, 9341, 4325, 6923, 2001, 138, 3276, 18716, 17604, 10501, 115, 12800, 6111, 11148, 4549, 16057, 4707, 6843, 16091, 4295, 7519, 13708, 12409, 11018, 5052, 13566, 14715, 12755, 793, 10837, 1888, 12375, 3935, 5763, 11791, 11258, 13264, 11469, 4683, 8905, 1853, 11600, 4421, 2798, 5074, 18141, 13807, 8595, 8126, 13837, 8060, 6956, 11767, 14560, 9389, 15261, 1232, 12560, 7262, 11504, 3546, 4627, 1177, 517, 4008, 9219, 17696, 4148, 14124, 13243, 11235, 7561, 8331, 16320, 3591, 11341, 4015, 12028, 14929, 18601, 3528, 14065, 1510, 19191, 13833, 17616, 10869, 17689, 831, 16725, 6319, 15465, 10467, 8162, 13563, 7728, 10778, 13545, 12290, 16480, 14401, 12838, 4212, 17529, 4832, 15111, 12690, 10373, 7596, 18614, 17477, 1043, 13100, 4774, 17479, 3774, 9302, 3901, 13071, 6412, 9516, 1261, 3054, 13522, 17602, 14343, 18500, 10957, 2791, 9624, 3634, 17904, 5709, 14670, 11058, 7087, 7435, 13848, 82, 5565, 2562, 14029, 3583, 1676, 12709, 18473, 3158, 12787, 8068, 8263, 16146, 3593, 1802, 1861, 3348, 4487, 17749, 6105, 10471, 17472, 10200, 1182, 14180, 1076, 10156, 4839, 9903, 4879, 9720, 2157, 15344, 16067, 3064, 17182, 5368, 4987, 18484, 18923, 11896, 1052, 15727, 15289, 5885, 1933, 5251, 17072, 6038, 6195, 13524, 6606, 18506, 17536, 6784, 3231, 14121, 8925, 10030, 803, 13764, 146, 19268, 14099, 4130, 16372, 1537, 12248, 13718, 17187, 11728, 1740, 19233, 5600, 4092, 4779, 6028, 3395, 16152, 19150, 2417, 11980, 11237, 8427, 18127, 3538, 9257, 607, 2078, 18457, 5802, 3435, 15019, 4256, 9221, 13465, 11742, 5788, 9528, 17493, 4607, 3131, 6616, 5356, 1550, 4617, 8827, 849, 2601, 4437, 17861, 10261, 15704, 3890, 8149, 12063, 3086, 15925, 12301, 6847, 5603, 7768, 3187, 13372, 9258, 6584, 7594, 2603, 1835, 17380, 17193, 15251, 15937, 18731, 4082, 14911, 16626, 8824, 16208, 10167, 17711, 9678, 15852, 13620, 16479, 14586, 2446, 4866, 1315, 7746, 10615, 7927, 2443, 7157, 13506, 18410, 10494]",2035,1500,3,False,1500
3579,qa factoid,qa fact,53,True,True,False,"{21: 26, 33: 14, 2: 18, 29: 13, 25: 57, 43: 9, 57: 16, 49: 16, 61: 14, 67: 52, 65: 21, 50: 28, 15: 53, 6: 13, 46: 15, 27: 69, 7: 65, 48: 67, 19: 21, 31: 14, 63: 26, 22: 39, 9: 79, 26: 40, 47: 15, 53: 66, 11: 19, 51: 26, 54: 9, 13: 32, 17: 37, 52: 30, 39: 27, 38: 19, 1: 6, 59: 33, 56: 23, 32: 9, 8: 25, 4: 12, 20: 26, 24: 7, 18: 31, 42: 7, 28: 31, 45: 57, 0: 13, 66: 11, 62: 11, 35: 7, 64: 15, 37: 2, 40: 25, 3: 3, 14: 5, 12: 8, 16: 15, 55: 16, 30: 13, 58: 6, 36: 4, 60: 5, 5: 3, 41: 2, 44: 2, 34: 2}","[12686, 3384, 6034, 14374, 14516, 14680, 18580, 5912, 661, 4433, 14182, 14634, 14672, 13694, 17233, 12320, 12666, 7276, 14925, 15315, 1125, 14820, 3769, 14096, 12401, 14972, 14176, 4685, 4278, 5735, 7514, 16051, 15882, 4696, 17145, 19193, 12994, 9901, 13641, 15193, 6739, 9240, 1608, 14664, 18117, 5676, 15714, 5964, 5329, 16651, 15936, 14441, 15878, 18316, 14255, 18692, 5858, 4640, 10716, 13839, 16635, 2097, 11464, 12427, 2320, 14629, 7617, 16183, 16205, 2170, 4384, 6683, 5285, 18707, 6780, 4231, 2404, 4895, 18091, 2944, 13054, 3904, 3491, 9455, 15985, 10432, 8657, 15304, 9114, 5838, 5197, 17244, 6207, 3970, 17246, 3950, 6168, 8697, 6800, 9942, 11118, 8582, 6355, 15275, 4581, 12724, 11921, 1833, 523, 7619, 15729, 176, 8576, 3101, 1573, 1283, 11796, 11277, 2547, 1738, 6806, 15187, 7129, 5179, 5854, 16373, 9231, 6270, 777, 2062, 13249, 4144, 6325, 3924, 5350, 14414, 3142, 2249, 6444, 13582, 2833, 18030, 6483, 18404, 15057, 7482, 15001, 15872, 14584, 10835, 954, 7257, 1381, 17819, 17518, 6497, 14430, 4901, 16466, 10805, 132, 7506, 755, 14427, 12119, 16613, 19042, 14994, 11257, 8042, 2144, 5966, 1580, 8010, 2550, 10684, 14088, 5037, 8764, 17076, 14185, 15984, 5299, 16601, 19182, 13197, 14561, 12605, 17010, 2703, 6715, 11207, 10188, 212, 2293, 17676, 1720, 5934, 112, 8568, 15870, 3226, 4524, 4431, 5141, 5383, 7609, 12807, 19001, 14368, 6704, 14903, 4172, 117, 18698, 1699, 16558, 7518, 10618, 2110, 10308, 7828, 6623, 17644, 4449, 951, 13858, 15106, 8402, 916, 4771, 8608, 6448, 6656, 13547, 2814, 8336, 8093, 6398, 637, 9909, 10621, 786, 14146, 17292, 9457, 3, 2884, 14785, 10504, 16361, 8181, 17690, 654, 11067, 18741, 386, 18208, 10130, 8079, 7082, 14740, 8076, 18619, 14428, 10992, 12679, 9431, 18328, 13606, 7641, 13542, 1002, 11975, 15646, 19078, 1352, 8683, 16053, 11763, 14823, 7059, 4995, 3754, 6213, 10090, 19084, 1973, 8131, 5353, 836, 13960, 3217, 4885, 9645, 16941, 14750, 13171, 9132, 1355, 4440, 15747, 8233, 6008, 12781, 16749, 13905, 18198, 5033, 2910, 16502, 1233, 965, 16926, 3944, 13518, 18213, 12739, 9972, 14609, 5764, 6128, 9532, 12680, 3672, 5458, 6822, 11547, 3163, 8040, 14081, 8369, 18182, 17541, 11552, 12451, 15074, 1783, 17730, 1690, 16992, 2490, 2459, 18065, 320, 18311, 45, 9495, 4572, 544, 12731, 16811, 15096, 14957, 4594, 16607, 2449, 7791, 13659, 8892, 1713, 17336, 6598, 13832, 10495, 18937, 3067, 3473, 12715, 13492, 14787, 16503, 17899, 16638, 2408, 7141, 10590, 2917, 14650, 12571, 4321, 2855, 1829, 3736, 3381, 11069, 16093, 15201, 14311, 9836, 18289, 16899, 897, 13981, 12223, 8884, 15721, 7778, 13648, 5737, 6550, 19249, 2715, 447, 12941, 8915, 18963, 16291, 760, 5869, 3635, 3439, 6740, 5003, 3174, 2945, 16056, 4860, 11216, 7363, 1147, 12124, 9764, 11245, 4361, 7784, 16285, 17057, 11203, 5114, 17655, 12056, 17890, 7741, 15799, 10258, 16088, 19222, 15303, 1433, 5991, 322, 2322, 3156, 9940, 7814, 17068, 16968, 10018, 1991, 11946, 8705, 10371, 4619, 11074, 2034, 15550, 11743, 18666, 13494, 14175, 13948, 15123, 11154, 10397, 1701, 4770, 839, 12085, 16500, 16241, 1535, 18782, 2221, 539, 18405, 4245, 103, 1571, 16945, 12196, 9441, 1732, 1367, 3596, 4794, 7230, 5245, 17483, 2955, 2003, 11509, 4044, 12934, 3456, 16693, 593, 4582, 14076, 10972, 1965, 7227, 14324, 8658, 3772, 8355, 11889, 1908, 2684, 10026, 1666, 16507, 5589, 9295, 8389, 2099, 18653, 13808, 19147, 6675, 10970, 2788, 19028, 16983, 16166, 9845, 8160, 11381, 10088, 10333, 11716, 14695, 12697, 4365, 3747, 17296, 11904, 74, 7047, 10639, 13094, 940, 10478, 2032, 6642, 14896, 10840, 5430, 5556, 12597, 2183, 18403, 4252, 14613, 18283, 8790, 12140, 13540, 13353, 14114, 13297, 4056, 14038, 11299, 13770, 11433, 14285, 1526, 1955, 15711, 255, 12481, 612, 1635, 4886, 357, 11434, 9524, 13106, 2607, 5391, 9406, 2331, 624, 2749, 17849, 9829, 11436, 18426, 9481, 18550, 15647, 532, 11720, 11824, 15610, 15741, 7902, 13558, 17967, 14539, 17889, 4631, 1238, 16921, 7787, 15293, 3108, 8215, 2851, 4514, 12938, 16730, 17178, 4890, 17960, 4725, 7917, 3191, 8231, 16341, 8195, 10913, 2173, 5557, 2637, 16896, 5806, 1815, 1451, 8864, 2290, 12108, 5328, 6203, 2431, 7508, 17898, 17188, 6897, 1199, 15526, 18437, 6631, 8644, 16917, 14964, 14233, 2454, 584, 4830, 7199, 4180, 14889, 5761, 13756, 6917, 7756, 18880, 15095, 1816, 14070, 16252, 7429, 16589, 1631, 15968, 15221, 12478, 18594, 1477, 5637, 12058, 1205, 13397, 9107, 18654, 1968, 3759, 13147, 14144, 14973, 12452, 18020, 13592, 17920, 13687, 11335, 7207, 418, 7834, 778, 12982, 10688, 9031, 509, 9601, 9780, 17040, 12023, 3916, 91, 6536, 18535, 7547, 15240, 707, 14533, 15064, 17012, 16805, 8637, 5969, 16221, 1940, 13307, 4717, 12615, 18220, 11028, 12170, 1743, 2376, 12415, 14220, 18827, 1294, 18543, 6977, 15309, 11778, 11842, 17103, 3857, 4637, 12162, 19169, 17166, 18237, 17818, 9507, 19022, 5790, 19112, 15611, 1118, 15184, 18703, 1817, 15530, 16579, 8437, 11839, 11378, 3537, 9205, 9217, 16272, 18759, 16828, 12002, 8348, 1723, 3481, 14115, 379, 8544, 264, 6015, 7672, 2253, 7364, 3706, 13796, 17139, 16125, 12059, 9623, 7185, 2418, 18230, 3087, 281, 4379, 1796, 8459, 4400, 17824, 2736, 16446, 13525, 15341, 3275, 7872, 1662, 7557, 4319, 15442, 7181, 10456, 4963, 17048, 16943, 12784, 3441, 5240, 9975, 13216, 17702, 11594, 13554, 6165, 19168, 16070, 3540, 3262, 10661, 4061, 13173, 2875, 17014, 4349, 10818, 8428, 16764, 14232, 8930, 15734, 17680, 7069, 15684, 17050, 18987, 6914, 6863, 19263, 10595, 150, 10039, 2722, 18223, 16444, 6559, 7258, 2661, 7699, 17136, 12773, 4247, 5723, 15194, 1696, 1500, 2807, 9893, 11835, 13240, 18313, 17107, 10265, 10244, 5570, 2862, 14049, 1012, 12861, 723, 9583, 17461, 10056, 1264, 8297, 3716, 14666, 15259, 13531, 543, 13723, 16810, 6700, 3516, 13766, 7186, 10692, 6321, 15484, 14547, 8744, 3703, 10383, 16829, 6366, 6846, 3906, 2021, 18133, 857, 279, 12232, 10212, 10541, 12325, 13475, 1225, 937, 6966, 10881, 16936, 18502, 1440, 11914, 3326, 5633, 14913, 4623, 10743, 12361, 17335, 1072, 5043, 14810, 15077, 3255, 17215, 6553, 17852, 4801, 6962, 3060, 9430, 8799, 13824, 188, 15175, 15163, 4733, 5011, 3536, 17635, 6532, 14071, 6112, 17158, 6597, 11272, 105, 19219, 5013, 12483, 201, 6848, 17033, 6367, 7859, 14702, 18844, 7053, 18694, 15670, 636, 10129, 6378, 5369, 7273, 16247, 9142, 15345, 16817, 14854, 2600, 15783, 889, 11833, 6612, 2068, 2427, 7062, 7918, 16181, 5464, 8339, 8950, 8453, 16423, 6064, 2380, 4268, 13929, 12974, 19141, 1299, 2484, 3883, 3273, 8772, 13256, 11239, 5766, 18098, 12705, 11004, 2695, 10048, 10960, 2766, 15661, 13258, 8015, 6032, 16397, 7749, 19039, 7634, 15076, 4234, 15114, 8475, 8091, 19220, 18004, 9704, 13918, 15569, 16443, 10015, 9943, 7817, 9349, 2588, 8249, 398, 5316, 15538, 18372, 13559, 2937, 2803, 16248, 6155, 630, 9911, 13190, 19157, 15788, 13248, 13148, 1320, 12074, 8471, 8798, 3213, 12418, 814, 2402, 12718, 12397, 10564, 9875, 10128, 6947, 9491, 17707, 3266, 19196, 14309, 18523, 19043, 17975, 18063, 11618, 15016, 14434, 7680, 1739, 18029, 11694, 1745, 9271, 5189, 9561, 11283, 14978, 10753, 16017, 12914, 978, 2828, 17257, 13135, 5061, 121, 6602, 16015, 19271, 12159, 1244, 8260, 13195, 15873, 12815, 14291, 14515, 118, 4892, 14985, 9551, 12654, 4739, 927, 12176, 9523, 11726, 18187, 5880, 2569, 3386, 13942, 3390, 15774, 129, 65, 12922, 8422, 12692, 16213, 11515, 2111, 8347, 10758, 14064, 4401, 17782, 15621, 6709, 14716, 4091, 13964, 8424, 4218, 7249, 11311, 11171, 18564, 14755, 7114, 14009, 14815, 294, 495, 7684, 6833, 4046, 3505, 16995, 17858, 7761, 15803, 9840, 13958, 8226, 10369, 12497, 17142, 1748, 2854, 7159, 11539, 11055, 13337, 17173, 14214, 6803, 11144, 12649, 283, 15489, 13174, 7015, 610, 7030, 18206, 14077, 15468, 14962, 8046, 7809, 17387, 16034, 16678, 1173, 3502, 12942, 15655, 16859, 7099, 1673, 446, 1365, 5881, 3713, 11697, 1897, 16001, 1702, 14149, 11876, 9341, 4325, 6923, 2001, 138, 3276, 18716, 17604, 10501, 115, 12800, 6111, 11148, 4549, 16057, 4707, 6843, 16091, 4295, 7519, 13708, 12409, 11018, 5052, 13566, 14715, 12755, 793, 10837, 1888, 12375, 3935, 5763, 11791, 11258, 13264, 11469, 4683, 8905, 1853, 11600, 4421, 2798, 5074, 18141, 13807, 8595, 8126, 13837, 8060, 6956, 11767, 14560, 9389, 15261, 1232, 12560, 7262, 11504, 3546, 4627, 1177, 517, 4008, 9219, 17696, 4148, 14124, 13243, 11235, 7561, 8331, 16320, 3591, 11341, 4015, 12028, 14929, 18601, 3528, 14065, 1510, 19191, 13833, 17616, 10869, 17689, 831, 16725, 6319, 15465, 10467, 8162, 13563, 7728, 10778, 13545, 12290, 16480, 14401, 12838, 4212, 17529, 4832, 15111, 12690, 10373, 7596, 18614, 17477, 1043, 13100, 4774, 17479, 3774, 9302, 3901, 13071, 6412, 9516, 1261, 3054, 13522, 17602, 14343, 18500, 10957, 2791, 9624, 3634, 17904, 5709, 14670, 11058, 7087, 7435, 13848, 82, 5565, 2562, 14029, 3583, 1676, 12709, 18473, 3158, 12787, 8068, 8263, 16146, 3593, 1802, 1861, 3348, 4487, 17749, 6105, 10471, 17472, 10200, 1182, 14180, 1076, 10156, 4839, 9903, 4879, 9720, 2157, 15344, 16067, 3064, 17182, 5368, 4987, 18484, 18923, 11896, 1052, 15727, 15289, 5885, 1933, 5251, 17072, 6038, 6195, 13524, 6606, 18506, 17536, 6784, 3231, 14121, 8925, 10030, 803, 13764, 146, 19268, 14099, 4130, 16372, 1537, 12248, 13718, 17187, 11728, 1740, 19233, 5600, 4092, 4779, 6028, 3395, 16152, 19150, 2417, 11980, 11237, 8427, 18127, 3538, 9257, 607, 2078, 18457, 5802, 3435, 15019, 4256, 9221, 13465, 11742, 5788, 9528, 17493, 4607, 3131, 6616, 5356, 1550, 4617, 8827, 849, 2601, 4437, 17861, 10261, 15704, 3890, 8149, 12063, 3086, 15925, 12301, 6847, 5603, 7768, 3187, 13372, 9258, 6584, 7594, 2603, 1835, 17380, 17193, 15251, 15937, 18731, 4082, 14911, 16626, 8824, 16208, 10167, 17711, 9678, 15852, 13620, 16479, 14586, 2446, 4866, 1315, 7746, 10615, 7927, 2443, 7157, 13506, 18410, 10494]",3579,1500,3,False,1500
3979,play music,play music,48,True,True,True,"{21: 26, 33: 14, 2: 18, 29: 13, 25: 57, 43: 9, 57: 16, 49: 16, 61: 14, 67: 52, 65: 21, 50: 28, 15: 53, 6: 13, 46: 15, 27: 69, 7: 65, 48: 67, 19: 21, 31: 14, 63: 26, 22: 39, 9: 79, 26: 40, 47: 15, 53: 66, 11: 19, 51: 26, 54: 9, 13: 32, 17: 37, 52: 30, 39: 27, 38: 19, 1: 6, 59: 33, 56: 23, 32: 9, 8: 25, 4: 12, 20: 26, 24: 7, 18: 31, 42: 7, 28: 31, 45: 57, 0: 13, 66: 11, 62: 11, 35: 7, 64: 15, 37: 2, 40: 25, 3: 3, 14: 5, 12: 8, 16: 15, 55: 16, 30: 13, 58: 6, 36: 4, 60: 5, 5: 3, 41: 2, 44: 2, 34: 2}","[12686, 3384, 6034, 14374, 14516, 14680, 18580, 5912, 661, 4433, 14182, 14634, 14672, 13694, 17233, 12320, 12666, 7276, 14925, 15315, 1125, 14820, 3769, 14096, 12401, 14972, 14176, 4685, 4278, 5735, 7514, 16051, 15882, 4696, 17145, 19193, 12994, 9901, 13641, 15193, 6739, 9240, 1608, 14664, 18117, 5676, 15714, 5964, 5329, 16651, 15936, 14441, 15878, 18316, 14255, 18692, 5858, 4640, 10716, 13839, 16635, 2097, 11464, 12427, 2320, 14629, 7617, 16183, 16205, 2170, 4384, 6683, 5285, 18707, 6780, 4231, 2404, 4895, 18091, 2944, 13054, 3904, 3491, 9455, 15985, 10432, 8657, 15304, 9114, 5838, 5197, 17244, 6207, 3970, 17246, 3950, 6168, 8697, 6800, 9942, 11118, 8582, 6355, 15275, 4581, 12724, 11921, 1833, 523, 7619, 15729, 176, 8576, 3101, 1573, 1283, 11796, 11277, 2547, 1738, 6806, 15187, 7129, 5179, 5854, 16373, 9231, 6270, 777, 2062, 13249, 4144, 6325, 3924, 5350, 14414, 3142, 2249, 6444, 13582, 2833, 18030, 6483, 18404, 15057, 7482, 15001, 15872, 14584, 10835, 954, 7257, 1381, 17819, 17518, 6497, 14430, 4901, 16466, 10805, 132, 7506, 755, 14427, 12119, 16613, 19042, 14994, 11257, 8042, 2144, 5966, 1580, 8010, 2550, 10684, 14088, 5037, 8764, 17076, 14185, 15984, 5299, 16601, 19182, 13197, 14561, 12605, 17010, 2703, 6715, 11207, 10188, 212, 2293, 17676, 1720, 5934, 112, 8568, 15870, 3226, 4524, 4431, 5141, 5383, 7609, 12807, 19001, 14368, 6704, 14903, 4172, 117, 18698, 1699, 16558, 7518, 10618, 2110, 10308, 7828, 6623, 17644, 4449, 951, 13858, 15106, 8402, 916, 4771, 8608, 6448, 6656, 13547, 2814, 8336, 8093, 6398, 637, 9909, 10621, 786, 14146, 17292, 9457, 3, 2884, 14785, 10504, 16361, 8181, 17690, 654, 11067, 18741, 386, 18208, 10130, 8079, 7082, 14740, 8076, 18619, 14428, 10992, 12679, 9431, 18328, 13606, 7641, 13542, 1002, 11975, 15646, 19078, 1352, 8683, 16053, 11763, 14823, 7059, 4995, 3754, 6213, 10090, 19084, 1973, 8131, 5353, 836, 13960, 3217, 4885, 9645, 16941, 14750, 13171, 9132, 1355, 4440, 15747, 8233, 6008, 12781, 16749, 13905, 18198, 5033, 2910, 16502, 1233, 965, 16926, 3944, 13518, 18213, 12739, 9972, 14609, 5764, 6128, 9532, 12680, 3672, 5458, 6822, 11547, 3163, 8040, 14081, 8369, 18182, 17541, 11552, 12451, 15074, 1783, 17730, 1690, 16992, 2490, 2459, 18065, 320, 18311, 45, 9495, 4572, 544, 12731, 16811, 15096, 14957, 4594, 16607, 2449, 7791, 13659, 8892, 1713, 17336, 6598, 13832, 10495, 18937, 3067, 3473, 12715, 13492, 14787, 16503, 17899, 16638, 2408, 7141, 10590, 2917, 14650, 12571, 4321, 2855, 1829, 3736, 3381, 11069, 16093, 15201, 14311, 9836, 18289, 16899, 897, 13981, 12223, 8884, 15721, 7778, 13648, 5737, 6550, 19249, 2715, 447, 12941, 8915, 18963, 16291, 760, 5869, 3635, 3439, 6740, 5003, 3174, 2945, 16056, 4860, 11216, 7363, 1147, 12124, 9764, 11245, 4361, 7784, 16285, 17057, 11203, 5114, 17655, 12056, 17890, 7741, 15799, 10258, 16088, 19222, 15303, 1433, 5991, 322, 2322, 3156, 9940, 7814, 17068, 16968, 10018, 1991, 11946, 8705, 10371, 4619, 11074, 2034, 15550, 11743, 18666, 13494, 14175, 13948, 15123, 11154, 10397, 1701, 4770, 839, 12085, 16500, 16241, 1535, 18782, 2221, 539, 18405, 4245, 103, 1571, 16945, 12196, 9441, 1732, 1367, 3596, 4794, 7230, 5245, 17483, 2955, 2003, 11509, 4044, 12934, 3456, 16693, 593, 4582, 14076, 10972, 1965, 7227, 14324, 8658, 3772, 8355, 11889, 1908, 2684, 10026, 1666, 16507, 5589, 9295, 8389, 2099, 18653, 13808, 19147, 6675, 10970, 2788, 19028, 16983, 16166, 9845, 8160, 11381, 10088, 10333, 11716, 14695, 12697, 4365, 3747, 17296, 11904, 74, 7047, 10639, 13094, 940, 10478, 2032, 6642, 14896, 10840, 5430, 5556, 12597, 2183, 18403, 4252, 14613, 18283, 8790, 12140, 13540, 13353, 14114, 13297, 4056, 14038, 11299, 13770, 11433, 14285, 1526, 1955, 15711, 255, 12481, 612, 1635, 4886, 357, 11434, 9524, 13106, 2607, 5391, 9406, 2331, 624, 2749, 17849, 9829, 11436, 18426, 9481, 18550, 15647, 532, 11720, 11824, 15610, 15741, 7902, 13558, 17967, 14539, 17889, 4631, 1238, 16921, 7787, 15293, 3108, 8215, 2851, 4514, 12938, 16730, 17178, 4890, 17960, 4725, 7917, 3191, 8231, 16341, 8195, 10913, 2173, 5557, 2637, 16896, 5806, 1815, 1451, 8864, 2290, 12108, 5328, 6203, 2431, 7508, 17898, 17188, 6897, 1199, 15526, 18437, 6631, 8644, 16917, 14964, 14233, 2454, 584, 4830, 7199, 4180, 14889, 5761, 13756, 6917, 7756, 18880, 15095, 1816, 14070, 16252, 7429, 16589, 1631, 15968, 15221, 12478, 18594, 1477, 5637, 12058, 1205, 13397, 9107, 18654, 1968, 3759, 13147, 14144, 14973, 12452, 18020, 13592, 17920, 13687, 11335, 7207, 418, 7834, 778, 12982, 10688, 9031, 509, 9601, 9780, 17040, 12023, 3916, 91, 6536, 18535, 7547, 15240, 707, 14533, 15064, 17012, 16805, 8637, 5969, 16221, 1940, 13307, 4717, 12615, 18220, 11028, 12170, 1743, 2376, 12415, 14220, 18827, 1294, 18543, 6977, 15309, 11778, 11842, 17103, 3857, 4637, 12162, 19169, 17166, 18237, 17818, 9507, 19022, 5790, 19112, 15611, 1118, 15184, 18703, 1817, 15530, 16579, 8437, 11839, 11378, 3537, 9205, 9217, 16272, 18759, 16828, 12002, 8348, 1723, 3481, 14115, 379, 8544, 264, 6015, 7672, 2253, 7364, 3706, 13796, 17139, 16125, 12059, 9623, 7185, 2418, 18230, 3087, 281, 4379, 1796, 8459, 4400, 17824, 2736, 16446, 13525, 15341, 3275, 7872, 1662, 7557, 4319, 15442, 7181, 10456, 4963, 17048, 16943, 12784, 3441, 5240, 9975, 13216, 17702, 11594, 13554, 6165, 19168, 16070, 3540, 3262, 10661, 4061, 13173, 2875, 17014, 4349, 10818, 8428, 16764, 14232, 8930, 15734, 17680, 7069, 15684, 17050, 18987, 6914, 6863, 19263, 10595, 150, 10039, 2722, 18223, 16444, 6559, 7258, 2661, 7699, 17136, 12773, 4247, 5723, 15194, 1696, 1500, 2807, 9893, 11835, 13240, 18313, 17107, 10265, 10244, 5570, 2862, 14049, 1012, 12861, 723, 9583, 17461, 10056, 1264, 8297, 3716, 14666, 15259, 13531, 543, 13723, 16810, 6700, 3516, 13766, 7186, 10692, 6321, 15484, 14547, 8744, 3703, 10383, 16829, 6366, 6846, 3906, 2021, 18133, 857, 279, 12232, 10212, 10541, 12325, 13475, 1225, 937, 6966, 10881, 16936, 18502, 1440, 11914, 3326, 5633, 14913, 4623, 10743, 12361, 17335, 1072, 5043, 14810, 15077, 3255, 17215, 6553, 17852, 4801, 6962, 3060, 9430, 8799, 13824, 188, 15175, 15163, 4733, 5011, 3536, 17635, 6532, 14071, 6112, 17158, 6597, 11272, 105, 19219, 5013, 12483, 201, 6848, 17033, 6367, 7859, 14702, 18844, 7053, 18694, 15670, 636, 10129, 6378, 5369, 7273, 16247, 9142, 15345, 16817, 14854, 2600, 15783, 889, 11833, 6612, 2068, 2427, 7062, 7918, 16181, 5464, 8339, 8950, 8453, 16423, 6064, 2380, 4268, 13929, 12974, 19141, 1299, 2484, 3883, 3273, 8772, 13256, 11239, 5766, 18098, 12705, 11004, 2695, 10048, 10960, 2766, 15661, 13258, 8015, 6032, 16397, 7749, 19039, 7634, 15076, 4234, 15114, 8475, 8091, 19220, 18004, 9704, 13918, 15569, 16443, 10015, 9943, 7817, 9349, 2588, 8249, 398, 5316, 15538, 18372, 13559, 2937, 2803, 16248, 6155, 630, 9911, 13190, 19157, 15788, 13248, 13148, 1320, 12074, 8471, 8798, 3213, 12418, 814, 2402, 12718, 12397, 10564, 9875, 10128, 6947, 9491, 17707, 3266, 19196, 14309, 18523, 19043, 17975, 18063, 11618, 15016, 14434, 7680, 1739, 18029, 11694, 1745, 9271, 5189, 9561, 11283, 14978, 10753, 16017, 12914, 978, 2828, 17257, 13135, 5061, 121, 6602, 16015, 19271, 12159, 1244, 8260, 13195, 15873, 12815, 14291, 14515, 118, 4892, 14985, 9551, 12654, 4739, 927, 12176, 9523, 11726, 18187, 5880, 2569, 3386, 13942, 3390, 15774, 129, 65, 12922, 8422, 12692, 16213, 11515, 2111, 8347, 10758, 14064, 4401, 17782, 15621, 6709, 14716, 4091, 13964, 8424, 4218, 7249, 11311, 11171, 18564, 14755, 7114, 14009, 14815, 294, 495, 7684, 6833, 4046, 3505, 16995, 17858, 7761, 15803, 9840, 13958, 8226, 10369, 12497, 17142, 1748, 2854, 7159, 11539, 11055, 13337, 17173, 14214, 6803, 11144, 12649, 283, 15489, 13174, 7015, 610, 7030, 18206, 14077, 15468, 14962, 8046, 7809, 17387, 16034, 16678, 1173, 3502, 12942, 15655, 16859, 7099, 1673, 446, 1365, 5881, 3713, 11697, 1897, 16001, 1702, 14149, 11876, 9341, 4325, 6923, 2001, 138, 3276, 18716, 17604, 10501, 115, 12800, 6111, 11148, 4549, 16057, 4707, 6843, 16091, 4295, 7519, 13708, 12409, 11018, 5052, 13566, 14715, 12755, 793, 10837, 1888, 12375, 3935, 5763, 11791, 11258, 13264, 11469, 4683, 8905, 1853, 11600, 4421, 2798, 5074, 18141, 13807, 8595, 8126, 13837, 8060, 6956, 11767, 14560, 9389, 15261, 1232, 12560, 7262, 11504, 3546, 4627, 1177, 517, 4008, 9219, 17696, 4148, 14124, 13243, 11235, 7561, 8331, 16320, 3591, 11341, 4015, 12028, 14929, 18601, 3528, 14065, 1510, 19191, 13833, 17616, 10869, 17689, 831, 16725, 6319, 15465, 10467, 8162, 13563, 7728, 10778, 13545, 12290, 16480, 14401, 12838, 4212, 17529, 4832, 15111, 12690, 10373, 7596, 18614, 17477, 1043, 13100, 4774, 17479, 3774, 9302, 3901, 13071, 6412, 9516, 1261, 3054, 13522, 17602, 14343, 18500, 10957, 2791, 9624, 3634, 17904, 5709, 14670, 11058, 7087, 7435, 13848, 82, 5565, 2562, 14029, 3583, 1676, 12709, 18473, 3158, 12787, 8068, 8263, 16146, 3593, 1802, 1861, 3348, 4487, 17749, 6105, 10471, 17472, 10200, 1182, 14180, 1076, 10156, 4839, 9903, 4879, 9720, 2157, 15344, 16067, 3064, 17182, 5368, 4987, 18484, 18923, 11896, 1052, 15727, 15289, 5885, 1933, 5251, 17072, 6038, 6195, 13524, 6606, 18506, 17536, 6784, 3231, 14121, 8925, 10030, 803, 13764, 146, 19268, 14099, 4130, 16372, 1537, 12248, 13718, 17187, 11728, 1740, 19233, 5600, 4092, 4779, 6028, 3395, 16152, 19150, 2417, 11980, 11237, 8427, 18127, 3538, 9257, 607, 2078, 18457, 5802, 3435, 15019, 4256, 9221, 13465, 11742, 5788, 9528, 17493, 4607, 3131, 6616, 5356, 1550, 4617, 8827, 849, 2601, 4437, 17861, 10261, 15704, 3890, 8149, 12063, 3086, 15925, 12301, 6847, 5603, 7768, 3187, 13372, 9258, 6584, 7594, 2603, 1835, 17380, 17193, 15251, 15937, 18731, 4082, 14911, 16626, 8824, 16208, 10167, 17711, 9678, 15852, 13620, 16479, 14586, 2446, 4866, 1315, 7746, 10615, 7927, 2443, 7157, 13506, 18410, 10494]",3979,1500,3,False,1500
5530,general praise,general pra,26,True,True,False,"{21: 26, 33: 14, 2: 18, 29: 13, 25: 57, 43: 9, 57: 16, 49: 16, 61: 14, 67: 52, 65: 21, 50: 28, 15: 53, 6: 13, 46: 15, 27: 69, 7: 65, 48: 67, 19: 21, 31: 14, 63: 26, 22: 39, 9: 79, 26: 40, 47: 15, 53: 66, 11: 19, 51: 26, 54: 9, 13: 32, 17: 37, 52: 30, 39: 27, 38: 19, 1: 6, 59: 33, 56: 23, 32: 9, 8: 25, 4: 12, 20: 26, 24: 7, 18: 31, 42: 7, 28: 31, 45: 57, 0: 13, 66: 11, 62: 11, 35: 7, 64: 15, 37: 2, 40: 25, 3: 3, 14: 5, 12: 8, 16: 15, 55: 16, 30: 13, 58: 6, 36: 4, 60: 5, 5: 3, 41: 2, 44: 2, 34: 2}","[12686, 3384, 6034, 14374, 14516, 14680, 18580, 5912, 661, 4433, 14182, 14634, 14672, 13694, 17233, 12320, 12666, 7276, 14925, 15315, 1125, 14820, 3769, 14096, 12401, 14972, 14176, 4685, 4278, 5735, 7514, 16051, 15882, 4696, 17145, 19193, 12994, 9901, 13641, 15193, 6739, 9240, 1608, 14664, 18117, 5676, 15714, 5964, 5329, 16651, 15936, 14441, 15878, 18316, 14255, 18692, 5858, 4640, 10716, 13839, 16635, 2097, 11464, 12427, 2320, 14629, 7617, 16183, 16205, 2170, 4384, 6683, 5285, 18707, 6780, 4231, 2404, 4895, 18091, 2944, 13054, 3904, 3491, 9455, 15985, 10432, 8657, 15304, 9114, 5838, 5197, 17244, 6207, 3970, 17246, 3950, 6168, 8697, 6800, 9942, 11118, 8582, 6355, 15275, 4581, 12724, 11921, 1833, 523, 7619, 15729, 176, 8576, 3101, 1573, 1283, 11796, 11277, 2547, 1738, 6806, 15187, 7129, 5179, 5854, 16373, 9231, 6270, 777, 2062, 13249, 4144, 6325, 3924, 5350, 14414, 3142, 2249, 6444, 13582, 2833, 18030, 6483, 18404, 15057, 7482, 15001, 15872, 14584, 10835, 954, 7257, 1381, 17819, 17518, 6497, 14430, 4901, 16466, 10805, 132, 7506, 755, 14427, 12119, 16613, 19042, 14994, 11257, 8042, 2144, 5966, 1580, 8010, 2550, 10684, 14088, 5037, 8764, 17076, 14185, 15984, 5299, 16601, 19182, 13197, 14561, 12605, 17010, 2703, 6715, 11207, 10188, 212, 2293, 17676, 1720, 5934, 112, 8568, 15870, 3226, 4524, 4431, 5141, 5383, 7609, 12807, 19001, 14368, 6704, 14903, 4172, 117, 18698, 1699, 16558, 7518, 10618, 2110, 10308, 7828, 6623, 17644, 4449, 951, 13858, 15106, 8402, 916, 4771, 8608, 6448, 6656, 13547, 2814, 8336, 8093, 6398, 637, 9909, 10621, 786, 14146, 17292, 9457, 3, 2884, 14785, 10504, 16361, 8181, 17690, 654, 11067, 18741, 386, 18208, 10130, 8079, 7082, 14740, 8076, 18619, 14428, 10992, 12679, 9431, 18328, 13606, 7641, 13542, 1002, 11975, 15646, 19078, 1352, 8683, 16053, 11763, 14823, 7059, 4995, 3754, 6213, 10090, 19084, 1973, 8131, 5353, 836, 13960, 3217, 4885, 9645, 16941, 14750, 13171, 9132, 1355, 4440, 15747, 8233, 6008, 12781, 16749, 13905, 18198, 5033, 2910, 16502, 1233, 965, 16926, 3944, 13518, 18213, 12739, 9972, 14609, 5764, 6128, 9532, 12680, 3672, 5458, 6822, 11547, 3163, 8040, 14081, 8369, 18182, 17541, 11552, 12451, 15074, 1783, 17730, 1690, 16992, 2490, 2459, 18065, 320, 18311, 45, 9495, 4572, 544, 12731, 16811, 15096, 14957, 4594, 16607, 2449, 7791, 13659, 8892, 1713, 17336, 6598, 13832, 10495, 18937, 3067, 3473, 12715, 13492, 14787, 16503, 17899, 16638, 2408, 7141, 10590, 2917, 14650, 12571, 4321, 2855, 1829, 3736, 3381, 11069, 16093, 15201, 14311, 9836, 18289, 16899, 897, 13981, 12223, 8884, 15721, 7778, 13648, 5737, 6550, 19249, 2715, 447, 12941, 8915, 18963, 16291, 760, 5869, 3635, 3439, 6740, 5003, 3174, 2945, 16056, 4860, 11216, 7363, 1147, 12124, 9764, 11245, 4361, 7784, 16285, 17057, 11203, 5114, 17655, 12056, 17890, 7741, 15799, 10258, 16088, 19222, 15303, 1433, 5991, 322, 2322, 3156, 9940, 7814, 17068, 16968, 10018, 1991, 11946, 8705, 10371, 4619, 11074, 2034, 15550, 11743, 18666, 13494, 14175, 13948, 15123, 11154, 10397, 1701, 4770, 839, 12085, 16500, 16241, 1535, 18782, 2221, 539, 18405, 4245, 103, 1571, 16945, 12196, 9441, 1732, 1367, 3596, 4794, 7230, 5245, 17483, 2955, 2003, 11509, 4044, 12934, 3456, 16693, 593, 4582, 14076, 10972, 1965, 7227, 14324, 8658, 3772, 8355, 11889, 1908, 2684, 10026, 1666, 16507, 5589, 9295, 8389, 2099, 18653, 13808, 19147, 6675, 10970, 2788, 19028, 16983, 16166, 9845, 8160, 11381, 10088, 10333, 11716, 14695, 12697, 4365, 3747, 17296, 11904, 74, 7047, 10639, 13094, 940, 10478, 2032, 6642, 14896, 10840, 5430, 5556, 12597, 2183, 18403, 4252, 14613, 18283, 8790, 12140, 13540, 13353, 14114, 13297, 4056, 14038, 11299, 13770, 11433, 14285, 1526, 1955, 15711, 255, 12481, 612, 1635, 4886, 357, 11434, 9524, 13106, 2607, 5391, 9406, 2331, 624, 2749, 17849, 9829, 11436, 18426, 9481, 18550, 15647, 532, 11720, 11824, 15610, 15741, 7902, 13558, 17967, 14539, 17889, 4631, 1238, 16921, 7787, 15293, 3108, 8215, 2851, 4514, 12938, 16730, 17178, 4890, 17960, 4725, 7917, 3191, 8231, 16341, 8195, 10913, 2173, 5557, 2637, 16896, 5806, 1815, 1451, 8864, 2290, 12108, 5328, 6203, 2431, 7508, 17898, 17188, 6897, 1199, 15526, 18437, 6631, 8644, 16917, 14964, 14233, 2454, 584, 4830, 7199, 4180, 14889, 5761, 13756, 6917, 7756, 18880, 15095, 1816, 14070, 16252, 7429, 16589, 1631, 15968, 15221, 12478, 18594, 1477, 5637, 12058, 1205, 13397, 9107, 18654, 1968, 3759, 13147, 14144, 14973, 12452, 18020, 13592, 17920, 13687, 11335, 7207, 418, 7834, 778, 12982, 10688, 9031, 509, 9601, 9780, 17040, 12023, 3916, 91, 6536, 18535, 7547, 15240, 707, 14533, 15064, 17012, 16805, 8637, 5969, 16221, 1940, 13307, 4717, 12615, 18220, 11028, 12170, 1743, 2376, 12415, 14220, 18827, 1294, 18543, 6977, 15309, 11778, 11842, 17103, 3857, 4637, 12162, 19169, 17166, 18237, 17818, 9507, 19022, 5790, 19112, 15611, 1118, 15184, 18703, 1817, 15530, 16579, 8437, 11839, 11378, 3537, 9205, 9217, 16272, 18759, 16828, 12002, 8348, 1723, 3481, 14115, 379, 8544, 264, 6015, 7672, 2253, 7364, 3706, 13796, 17139, 16125, 12059, 9623, 7185, 2418, 18230, 3087, 281, 4379, 1796, 8459, 4400, 17824, 2736, 16446, 13525, 15341, 3275, 7872, 1662, 7557, 4319, 15442, 7181, 10456, 4963, 17048, 16943, 12784, 3441, 5240, 9975, 13216, 17702, 11594, 13554, 6165, 19168, 16070, 3540, 3262, 10661, 4061, 13173, 2875, 17014, 4349, 10818, 8428, 16764, 14232, 8930, 15734, 17680, 7069, 15684, 17050, 18987, 6914, 6863, 19263, 10595, 150, 10039, 2722, 18223, 16444, 6559, 7258, 2661, 7699, 17136, 12773, 4247, 5723, 15194, 1696, 1500, 2807, 9893, 11835, 13240, 18313, 17107, 10265, 10244, 5570, 2862, 14049, 1012, 12861, 723, 9583, 17461, 10056, 1264, 8297, 3716, 14666, 15259, 13531, 543, 13723, 16810, 6700, 3516, 13766, 7186, 10692, 6321, 15484, 14547, 8744, 3703, 10383, 16829, 6366, 6846, 3906, 2021, 18133, 857, 279, 12232, 10212, 10541, 12325, 13475, 1225, 937, 6966, 10881, 16936, 18502, 1440, 11914, 3326, 5633, 14913, 4623, 10743, 12361, 17335, 1072, 5043, 14810, 15077, 3255, 17215, 6553, 17852, 4801, 6962, 3060, 9430, 8799, 13824, 188, 15175, 15163, 4733, 5011, 3536, 17635, 6532, 14071, 6112, 17158, 6597, 11272, 105, 19219, 5013, 12483, 201, 6848, 17033, 6367, 7859, 14702, 18844, 7053, 18694, 15670, 636, 10129, 6378, 5369, 7273, 16247, 9142, 15345, 16817, 14854, 2600, 15783, 889, 11833, 6612, 2068, 2427, 7062, 7918, 16181, 5464, 8339, 8950, 8453, 16423, 6064, 2380, 4268, 13929, 12974, 19141, 1299, 2484, 3883, 3273, 8772, 13256, 11239, 5766, 18098, 12705, 11004, 2695, 10048, 10960, 2766, 15661, 13258, 8015, 6032, 16397, 7749, 19039, 7634, 15076, 4234, 15114, 8475, 8091, 19220, 18004, 9704, 13918, 15569, 16443, 10015, 9943, 7817, 9349, 2588, 8249, 398, 5316, 15538, 18372, 13559, 2937, 2803, 16248, 6155, 630, 9911, 13190, 19157, 15788, 13248, 13148, 1320, 12074, 8471, 8798, 3213, 12418, 814, 2402, 12718, 12397, 10564, 9875, 10128, 6947, 9491, 17707, 3266, 19196, 14309, 18523, 19043, 17975, 18063, 11618, 15016, 14434, 7680, 1739, 18029, 11694, 1745, 9271, 5189, 9561, 11283, 14978, 10753, 16017, 12914, 978, 2828, 17257, 13135, 5061, 121, 6602, 16015, 19271, 12159, 1244, 8260, 13195, 15873, 12815, 14291, 14515, 118, 4892, 14985, 9551, 12654, 4739, 927, 12176, 9523, 11726, 18187, 5880, 2569, 3386, 13942, 3390, 15774, 129, 65, 12922, 8422, 12692, 16213, 11515, 2111, 8347, 10758, 14064, 4401, 17782, 15621, 6709, 14716, 4091, 13964, 8424, 4218, 7249, 11311, 11171, 18564, 14755, 7114, 14009, 14815, 294, 495, 7684, 6833, 4046, 3505, 16995, 17858, 7761, 15803, 9840, 13958, 8226, 10369, 12497, 17142, 1748, 2854, 7159, 11539, 11055, 13337, 17173, 14214, 6803, 11144, 12649, 283, 15489, 13174, 7015, 610, 7030, 18206, 14077, 15468, 14962, 8046, 7809, 17387, 16034, 16678, 1173, 3502, 12942, 15655, 16859, 7099, 1673, 446, 1365, 5881, 3713, 11697, 1897, 16001, 1702, 14149, 11876, 9341, 4325, 6923, 2001, 138, 3276, 18716, 17604, 10501, 115, 12800, 6111, 11148, 4549, 16057, 4707, 6843, 16091, 4295, 7519, 13708, 12409, 11018, 5052, 13566, 14715, 12755, 793, 10837, 1888, 12375, 3935, 5763, 11791, 11258, 13264, 11469, 4683, 8905, 1853, 11600, 4421, 2798, 5074, 18141, 13807, 8595, 8126, 13837, 8060, 6956, 11767, 14560, 9389, 15261, 1232, 12560, 7262, 11504, 3546, 4627, 1177, 517, 4008, 9219, 17696, 4148, 14124, 13243, 11235, 7561, 8331, 16320, 3591, 11341, 4015, 12028, 14929, 18601, 3528, 14065, 1510, 19191, 13833, 17616, 10869, 17689, 831, 16725, 6319, 15465, 10467, 8162, 13563, 7728, 10778, 13545, 12290, 16480, 14401, 12838, 4212, 17529, 4832, 15111, 12690, 10373, 7596, 18614, 17477, 1043, 13100, 4774, 17479, 3774, 9302, 3901, 13071, 6412, 9516, 1261, 3054, 13522, 17602, 14343, 18500, 10957, 2791, 9624, 3634, 17904, 5709, 14670, 11058, 7087, 7435, 13848, 82, 5565, 2562, 14029, 3583, 1676, 12709, 18473, 3158, 12787, 8068, 8263, 16146, 3593, 1802, 1861, 3348, 4487, 17749, 6105, 10471, 17472, 10200, 1182, 14180, 1076, 10156, 4839, 9903, 4879, 9720, 2157, 15344, 16067, 3064, 17182, 5368, 4987, 18484, 18923, 11896, 1052, 15727, 15289, 5885, 1933, 5251, 17072, 6038, 6195, 13524, 6606, 18506, 17536, 6784, 3231, 14121, 8925, 10030, 803, 13764, 146, 19268, 14099, 4130, 16372, 1537, 12248, 13718, 17187, 11728, 1740, 19233, 5600, 4092, 4779, 6028, 3395, 16152, 19150, 2417, 11980, 11237, 8427, 18127, 3538, 9257, 607, 2078, 18457, 5802, 3435, 15019, 4256, 9221, 13465, 11742, 5788, 9528, 17493, 4607, 3131, 6616, 5356, 1550, 4617, 8827, 849, 2601, 4437, 17861, 10261, 15704, 3890, 8149, 12063, 3086, 15925, 12301, 6847, 5603, 7768, 3187, 13372, 9258, 6584, 7594, 2603, 1835, 17380, 17193, 15251, 15937, 18731, 4082, 14911, 16626, 8824, 16208, 10167, 17711, 9678, 15852, 13620, 16479, 14586, 2446, 4866, 1315, 7746, 10615, 7927, 2443, 7157, 13506, 18410, 10494]",5530,1500,3,False,1500
2427,qa factoid,qa definition,52,True,False,False,"{21: 26, 33: 14, 2: 18, 29: 13, 25: 57, 43: 9, 57: 16, 49: 16, 61: 14, 67: 52, 65: 21, 50: 28, 15: 53, 6: 13, 46: 15, 27: 69, 7: 65, 48: 67, 19: 21, 31: 14, 63: 26, 22: 39, 9: 79, 26: 40, 47: 15, 53: 66, 11: 19, 51: 26, 54: 9, 13: 32, 17: 37, 52: 30, 39: 27, 38: 19, 1: 6, 59: 33, 56: 23, 32: 9, 8: 25, 4: 12, 20: 26, 24: 7, 18: 31, 42: 7, 28: 31, 45: 57, 0: 13, 66: 11, 62: 11, 35: 7, 64: 15, 37: 2, 40: 25, 3: 3, 14: 5, 12: 8, 16: 15, 55: 16, 30: 13, 58: 6, 36: 4, 60: 5, 5: 3, 41: 2, 44: 2, 34: 2}","[12686, 3384, 6034, 14374, 14516, 14680, 18580, 5912, 661, 4433, 14182, 14634, 14672, 13694, 17233, 12320, 12666, 7276, 14925, 15315, 1125, 14820, 3769, 14096, 12401, 14972, 14176, 4685, 4278, 5735, 7514, 16051, 15882, 4696, 17145, 19193, 12994, 9901, 13641, 15193, 6739, 9240, 1608, 14664, 18117, 5676, 15714, 5964, 5329, 16651, 15936, 14441, 15878, 18316, 14255, 18692, 5858, 4640, 10716, 13839, 16635, 2097, 11464, 12427, 2320, 14629, 7617, 16183, 16205, 2170, 4384, 6683, 5285, 18707, 6780, 4231, 2404, 4895, 18091, 2944, 13054, 3904, 3491, 9455, 15985, 10432, 8657, 15304, 9114, 5838, 5197, 17244, 6207, 3970, 17246, 3950, 6168, 8697, 6800, 9942, 11118, 8582, 6355, 15275, 4581, 12724, 11921, 1833, 523, 7619, 15729, 176, 8576, 3101, 1573, 1283, 11796, 11277, 2547, 1738, 6806, 15187, 7129, 5179, 5854, 16373, 9231, 6270, 777, 2062, 13249, 4144, 6325, 3924, 5350, 14414, 3142, 2249, 6444, 13582, 2833, 18030, 6483, 18404, 15057, 7482, 15001, 15872, 14584, 10835, 954, 7257, 1381, 17819, 17518, 6497, 14430, 4901, 16466, 10805, 132, 7506, 755, 14427, 12119, 16613, 19042, 14994, 11257, 8042, 2144, 5966, 1580, 8010, 2550, 10684, 14088, 5037, 8764, 17076, 14185, 15984, 5299, 16601, 19182, 13197, 14561, 12605, 17010, 2703, 6715, 11207, 10188, 212, 2293, 17676, 1720, 5934, 112, 8568, 15870, 3226, 4524, 4431, 5141, 5383, 7609, 12807, 19001, 14368, 6704, 14903, 4172, 117, 18698, 1699, 16558, 7518, 10618, 2110, 10308, 7828, 6623, 17644, 4449, 951, 13858, 15106, 8402, 916, 4771, 8608, 6448, 6656, 13547, 2814, 8336, 8093, 6398, 637, 9909, 10621, 786, 14146, 17292, 9457, 3, 2884, 14785, 10504, 16361, 8181, 17690, 654, 11067, 18741, 386, 18208, 10130, 8079, 7082, 14740, 8076, 18619, 14428, 10992, 12679, 9431, 18328, 13606, 7641, 13542, 1002, 11975, 15646, 19078, 1352, 8683, 16053, 11763, 14823, 7059, 4995, 3754, 6213, 10090, 19084, 1973, 8131, 5353, 836, 13960, 3217, 4885, 9645, 16941, 14750, 13171, 9132, 1355, 4440, 15747, 8233, 6008, 12781, 16749, 13905, 18198, 5033, 2910, 16502, 1233, 965, 16926, 3944, 13518, 18213, 12739, 9972, 14609, 5764, 6128, 9532, 12680, 3672, 5458, 6822, 11547, 3163, 8040, 14081, 8369, 18182, 17541, 11552, 12451, 15074, 1783, 17730, 1690, 16992, 2490, 2459, 18065, 320, 18311, 45, 9495, 4572, 544, 12731, 16811, 15096, 14957, 4594, 16607, 2449, 7791, 13659, 8892, 1713, 17336, 6598, 13832, 10495, 18937, 3067, 3473, 12715, 13492, 14787, 16503, 17899, 16638, 2408, 7141, 10590, 2917, 14650, 12571, 4321, 2855, 1829, 3736, 3381, 11069, 16093, 15201, 14311, 9836, 18289, 16899, 897, 13981, 12223, 8884, 15721, 7778, 13648, 5737, 6550, 19249, 2715, 447, 12941, 8915, 18963, 16291, 760, 5869, 3635, 3439, 6740, 5003, 3174, 2945, 16056, 4860, 11216, 7363, 1147, 12124, 9764, 11245, 4361, 7784, 16285, 17057, 11203, 5114, 17655, 12056, 17890, 7741, 15799, 10258, 16088, 19222, 15303, 1433, 5991, 322, 2322, 3156, 9940, 7814, 17068, 16968, 10018, 1991, 11946, 8705, 10371, 4619, 11074, 2034, 15550, 11743, 18666, 13494, 14175, 13948, 15123, 11154, 10397, 1701, 4770, 839, 12085, 16500, 16241, 1535, 18782, 2221, 539, 18405, 4245, 103, 1571, 16945, 12196, 9441, 1732, 1367, 3596, 4794, 7230, 5245, 17483, 2955, 2003, 11509, 4044, 12934, 3456, 16693, 593, 4582, 14076, 10972, 1965, 7227, 14324, 8658, 3772, 8355, 11889, 1908, 2684, 10026, 1666, 16507, 5589, 9295, 8389, 2099, 18653, 13808, 19147, 6675, 10970, 2788, 19028, 16983, 16166, 9845, 8160, 11381, 10088, 10333, 11716, 14695, 12697, 4365, 3747, 17296, 11904, 74, 7047, 10639, 13094, 940, 10478, 2032, 6642, 14896, 10840, 5430, 5556, 12597, 2183, 18403, 4252, 14613, 18283, 8790, 12140, 13540, 13353, 14114, 13297, 4056, 14038, 11299, 13770, 11433, 14285, 1526, 1955, 15711, 255, 12481, 612, 1635, 4886, 357, 11434, 9524, 13106, 2607, 5391, 9406, 2331, 624, 2749, 17849, 9829, 11436, 18426, 9481, 18550, 15647, 532, 11720, 11824, 15610, 15741, 7902, 13558, 17967, 14539, 17889, 4631, 1238, 16921, 7787, 15293, 3108, 8215, 2851, 4514, 12938, 16730, 17178, 4890, 17960, 4725, 7917, 3191, 8231, 16341, 8195, 10913, 2173, 5557, 2637, 16896, 5806, 1815, 1451, 8864, 2290, 12108, 5328, 6203, 2431, 7508, 17898, 17188, 6897, 1199, 15526, 18437, 6631, 8644, 16917, 14964, 14233, 2454, 584, 4830, 7199, 4180, 14889, 5761, 13756, 6917, 7756, 18880, 15095, 1816, 14070, 16252, 7429, 16589, 1631, 15968, 15221, 12478, 18594, 1477, 5637, 12058, 1205, 13397, 9107, 18654, 1968, 3759, 13147, 14144, 14973, 12452, 18020, 13592, 17920, 13687, 11335, 7207, 418, 7834, 778, 12982, 10688, 9031, 509, 9601, 9780, 17040, 12023, 3916, 91, 6536, 18535, 7547, 15240, 707, 14533, 15064, 17012, 16805, 8637, 5969, 16221, 1940, 13307, 4717, 12615, 18220, 11028, 12170, 1743, 2376, 12415, 14220, 18827, 1294, 18543, 6977, 15309, 11778, 11842, 17103, 3857, 4637, 12162, 19169, 17166, 18237, 17818, 9507, 19022, 5790, 19112, 15611, 1118, 15184, 18703, 1817, 15530, 16579, 8437, 11839, 11378, 3537, 9205, 9217, 16272, 18759, 16828, 12002, 8348, 1723, 3481, 14115, 379, 8544, 264, 6015, 7672, 2253, 7364, 3706, 13796, 17139, 16125, 12059, 9623, 7185, 2418, 18230, 3087, 281, 4379, 1796, 8459, 4400, 17824, 2736, 16446, 13525, 15341, 3275, 7872, 1662, 7557, 4319, 15442, 7181, 10456, 4963, 17048, 16943, 12784, 3441, 5240, 9975, 13216, 17702, 11594, 13554, 6165, 19168, 16070, 3540, 3262, 10661, 4061, 13173, 2875, 17014, 4349, 10818, 8428, 16764, 14232, 8930, 15734, 17680, 7069, 15684, 17050, 18987, 6914, 6863, 19263, 10595, 150, 10039, 2722, 18223, 16444, 6559, 7258, 2661, 7699, 17136, 12773, 4247, 5723, 15194, 1696, 1500, 2807, 9893, 11835, 13240, 18313, 17107, 10265, 10244, 5570, 2862, 14049, 1012, 12861, 723, 9583, 17461, 10056, 1264, 8297, 3716, 14666, 15259, 13531, 543, 13723, 16810, 6700, 3516, 13766, 7186, 10692, 6321, 15484, 14547, 8744, 3703, 10383, 16829, 6366, 6846, 3906, 2021, 18133, 857, 279, 12232, 10212, 10541, 12325, 13475, 1225, 937, 6966, 10881, 16936, 18502, 1440, 11914, 3326, 5633, 14913, 4623, 10743, 12361, 17335, 1072, 5043, 14810, 15077, 3255, 17215, 6553, 17852, 4801, 6962, 3060, 9430, 8799, 13824, 188, 15175, 15163, 4733, 5011, 3536, 17635, 6532, 14071, 6112, 17158, 6597, 11272, 105, 19219, 5013, 12483, 201, 6848, 17033, 6367, 7859, 14702, 18844, 7053, 18694, 15670, 636, 10129, 6378, 5369, 7273, 16247, 9142, 15345, 16817, 14854, 2600, 15783, 889, 11833, 6612, 2068, 2427, 7062, 7918, 16181, 5464, 8339, 8950, 8453, 16423, 6064, 2380, 4268, 13929, 12974, 19141, 1299, 2484, 3883, 3273, 8772, 13256, 11239, 5766, 18098, 12705, 11004, 2695, 10048, 10960, 2766, 15661, 13258, 8015, 6032, 16397, 7749, 19039, 7634, 15076, 4234, 15114, 8475, 8091, 19220, 18004, 9704, 13918, 15569, 16443, 10015, 9943, 7817, 9349, 2588, 8249, 398, 5316, 15538, 18372, 13559, 2937, 2803, 16248, 6155, 630, 9911, 13190, 19157, 15788, 13248, 13148, 1320, 12074, 8471, 8798, 3213, 12418, 814, 2402, 12718, 12397, 10564, 9875, 10128, 6947, 9491, 17707, 3266, 19196, 14309, 18523, 19043, 17975, 18063, 11618, 15016, 14434, 7680, 1739, 18029, 11694, 1745, 9271, 5189, 9561, 11283, 14978, 10753, 16017, 12914, 978, 2828, 17257, 13135, 5061, 121, 6602, 16015, 19271, 12159, 1244, 8260, 13195, 15873, 12815, 14291, 14515, 118, 4892, 14985, 9551, 12654, 4739, 927, 12176, 9523, 11726, 18187, 5880, 2569, 3386, 13942, 3390, 15774, 129, 65, 12922, 8422, 12692, 16213, 11515, 2111, 8347, 10758, 14064, 4401, 17782, 15621, 6709, 14716, 4091, 13964, 8424, 4218, 7249, 11311, 11171, 18564, 14755, 7114, 14009, 14815, 294, 495, 7684, 6833, 4046, 3505, 16995, 17858, 7761, 15803, 9840, 13958, 8226, 10369, 12497, 17142, 1748, 2854, 7159, 11539, 11055, 13337, 17173, 14214, 6803, 11144, 12649, 283, 15489, 13174, 7015, 610, 7030, 18206, 14077, 15468, 14962, 8046, 7809, 17387, 16034, 16678, 1173, 3502, 12942, 15655, 16859, 7099, 1673, 446, 1365, 5881, 3713, 11697, 1897, 16001, 1702, 14149, 11876, 9341, 4325, 6923, 2001, 138, 3276, 18716, 17604, 10501, 115, 12800, 6111, 11148, 4549, 16057, 4707, 6843, 16091, 4295, 7519, 13708, 12409, 11018, 5052, 13566, 14715, 12755, 793, 10837, 1888, 12375, 3935, 5763, 11791, 11258, 13264, 11469, 4683, 8905, 1853, 11600, 4421, 2798, 5074, 18141, 13807, 8595, 8126, 13837, 8060, 6956, 11767, 14560, 9389, 15261, 1232, 12560, 7262, 11504, 3546, 4627, 1177, 517, 4008, 9219, 17696, 4148, 14124, 13243, 11235, 7561, 8331, 16320, 3591, 11341, 4015, 12028, 14929, 18601, 3528, 14065, 1510, 19191, 13833, 17616, 10869, 17689, 831, 16725, 6319, 15465, 10467, 8162, 13563, 7728, 10778, 13545, 12290, 16480, 14401, 12838, 4212, 17529, 4832, 15111, 12690, 10373, 7596, 18614, 17477, 1043, 13100, 4774, 17479, 3774, 9302, 3901, 13071, 6412, 9516, 1261, 3054, 13522, 17602, 14343, 18500, 10957, 2791, 9624, 3634, 17904, 5709, 14670, 11058, 7087, 7435, 13848, 82, 5565, 2562, 14029, 3583, 1676, 12709, 18473, 3158, 12787, 8068, 8263, 16146, 3593, 1802, 1861, 3348, 4487, 17749, 6105, 10471, 17472, 10200, 1182, 14180, 1076, 10156, 4839, 9903, 4879, 9720, 2157, 15344, 16067, 3064, 17182, 5368, 4987, 18484, 18923, 11896, 1052, 15727, 15289, 5885, 1933, 5251, 17072, 6038, 6195, 13524, 6606, 18506, 17536, 6784, 3231, 14121, 8925, 10030, 803, 13764, 146, 19268, 14099, 4130, 16372, 1537, 12248, 13718, 17187, 11728, 1740, 19233, 5600, 4092, 4779, 6028, 3395, 16152, 19150, 2417, 11980, 11237, 8427, 18127, 3538, 9257, 607, 2078, 18457, 5802, 3435, 15019, 4256, 9221, 13465, 11742, 5788, 9528, 17493, 4607, 3131, 6616, 5356, 1550, 4617, 8827, 849, 2601, 4437, 17861, 10261, 15704, 3890, 8149, 12063, 3086, 15925, 12301, 6847, 5603, 7768, 3187, 13372, 9258, 6584, 7594, 2603, 1835, 17380, 17193, 15251, 15937, 18731, 4082, 14911, 16626, 8824, 16208, 10167, 17711, 9678, 15852, 13620, 16479, 14586, 2446, 4866, 1315, 7746, 10615, 7927, 2443, 7157, 13506, 18410, 10494]",2427,1500,3,False,1500
5789,iot coffee,iot coffee,30,True,True,True,"{21: 26, 33: 14, 2: 18, 29: 13, 25: 57, 43: 9, 57: 16, 49: 16, 61: 14, 67: 52, 65: 21, 50: 28, 15: 53, 6: 13, 46: 15, 27: 69, 7: 65, 48: 67, 19: 21, 31: 14, 63: 26, 22: 39, 9: 79, 26: 40, 47: 15, 53: 66, 11: 19, 51: 26, 54: 9, 13: 32, 17: 37, 52: 30, 39: 27, 38: 19, 1: 6, 59: 33, 56: 23, 32: 9, 8: 25, 4: 12, 20: 26, 24: 7, 18: 31, 42: 7, 28: 31, 45: 57, 0: 13, 66: 11, 62: 11, 35: 7, 64: 15, 37: 2, 40: 25, 3: 3, 14: 5, 12: 8, 16: 15, 55: 16, 30: 13, 58: 6, 36: 4, 60: 5, 5: 3, 41: 2, 44: 2, 34: 2}","[12686, 3384, 6034, 14374, 14516, 14680, 18580, 5912, 661, 4433, 14182, 14634, 14672, 13694, 17233, 12320, 12666, 7276, 14925, 15315, 1125, 14820, 3769, 14096, 12401, 14972, 14176, 4685, 4278, 5735, 7514, 16051, 15882, 4696, 17145, 19193, 12994, 9901, 13641, 15193, 6739, 9240, 1608, 14664, 18117, 5676, 15714, 5964, 5329, 16651, 15936, 14441, 15878, 18316, 14255, 18692, 5858, 4640, 10716, 13839, 16635, 2097, 11464, 12427, 2320, 14629, 7617, 16183, 16205, 2170, 4384, 6683, 5285, 18707, 6780, 4231, 2404, 4895, 18091, 2944, 13054, 3904, 3491, 9455, 15985, 10432, 8657, 15304, 9114, 5838, 5197, 17244, 6207, 3970, 17246, 3950, 6168, 8697, 6800, 9942, 11118, 8582, 6355, 15275, 4581, 12724, 11921, 1833, 523, 7619, 15729, 176, 8576, 3101, 1573, 1283, 11796, 11277, 2547, 1738, 6806, 15187, 7129, 5179, 5854, 16373, 9231, 6270, 777, 2062, 13249, 4144, 6325, 3924, 5350, 14414, 3142, 2249, 6444, 13582, 2833, 18030, 6483, 18404, 15057, 7482, 15001, 15872, 14584, 10835, 954, 7257, 1381, 17819, 17518, 6497, 14430, 4901, 16466, 10805, 132, 7506, 755, 14427, 12119, 16613, 19042, 14994, 11257, 8042, 2144, 5966, 1580, 8010, 2550, 10684, 14088, 5037, 8764, 17076, 14185, 15984, 5299, 16601, 19182, 13197, 14561, 12605, 17010, 2703, 6715, 11207, 10188, 212, 2293, 17676, 1720, 5934, 112, 8568, 15870, 3226, 4524, 4431, 5141, 5383, 7609, 12807, 19001, 14368, 6704, 14903, 4172, 117, 18698, 1699, 16558, 7518, 10618, 2110, 10308, 7828, 6623, 17644, 4449, 951, 13858, 15106, 8402, 916, 4771, 8608, 6448, 6656, 13547, 2814, 8336, 8093, 6398, 637, 9909, 10621, 786, 14146, 17292, 9457, 3, 2884, 14785, 10504, 16361, 8181, 17690, 654, 11067, 18741, 386, 18208, 10130, 8079, 7082, 14740, 8076, 18619, 14428, 10992, 12679, 9431, 18328, 13606, 7641, 13542, 1002, 11975, 15646, 19078, 1352, 8683, 16053, 11763, 14823, 7059, 4995, 3754, 6213, 10090, 19084, 1973, 8131, 5353, 836, 13960, 3217, 4885, 9645, 16941, 14750, 13171, 9132, 1355, 4440, 15747, 8233, 6008, 12781, 16749, 13905, 18198, 5033, 2910, 16502, 1233, 965, 16926, 3944, 13518, 18213, 12739, 9972, 14609, 5764, 6128, 9532, 12680, 3672, 5458, 6822, 11547, 3163, 8040, 14081, 8369, 18182, 17541, 11552, 12451, 15074, 1783, 17730, 1690, 16992, 2490, 2459, 18065, 320, 18311, 45, 9495, 4572, 544, 12731, 16811, 15096, 14957, 4594, 16607, 2449, 7791, 13659, 8892, 1713, 17336, 6598, 13832, 10495, 18937, 3067, 3473, 12715, 13492, 14787, 16503, 17899, 16638, 2408, 7141, 10590, 2917, 14650, 12571, 4321, 2855, 1829, 3736, 3381, 11069, 16093, 15201, 14311, 9836, 18289, 16899, 897, 13981, 12223, 8884, 15721, 7778, 13648, 5737, 6550, 19249, 2715, 447, 12941, 8915, 18963, 16291, 760, 5869, 3635, 3439, 6740, 5003, 3174, 2945, 16056, 4860, 11216, 7363, 1147, 12124, 9764, 11245, 4361, 7784, 16285, 17057, 11203, 5114, 17655, 12056, 17890, 7741, 15799, 10258, 16088, 19222, 15303, 1433, 5991, 322, 2322, 3156, 9940, 7814, 17068, 16968, 10018, 1991, 11946, 8705, 10371, 4619, 11074, 2034, 15550, 11743, 18666, 13494, 14175, 13948, 15123, 11154, 10397, 1701, 4770, 839, 12085, 16500, 16241, 1535, 18782, 2221, 539, 18405, 4245, 103, 1571, 16945, 12196, 9441, 1732, 1367, 3596, 4794, 7230, 5245, 17483, 2955, 2003, 11509, 4044, 12934, 3456, 16693, 593, 4582, 14076, 10972, 1965, 7227, 14324, 8658, 3772, 8355, 11889, 1908, 2684, 10026, 1666, 16507, 5589, 9295, 8389, 2099, 18653, 13808, 19147, 6675, 10970, 2788, 19028, 16983, 16166, 9845, 8160, 11381, 10088, 10333, 11716, 14695, 12697, 4365, 3747, 17296, 11904, 74, 7047, 10639, 13094, 940, 10478, 2032, 6642, 14896, 10840, 5430, 5556, 12597, 2183, 18403, 4252, 14613, 18283, 8790, 12140, 13540, 13353, 14114, 13297, 4056, 14038, 11299, 13770, 11433, 14285, 1526, 1955, 15711, 255, 12481, 612, 1635, 4886, 357, 11434, 9524, 13106, 2607, 5391, 9406, 2331, 624, 2749, 17849, 9829, 11436, 18426, 9481, 18550, 15647, 532, 11720, 11824, 15610, 15741, 7902, 13558, 17967, 14539, 17889, 4631, 1238, 16921, 7787, 15293, 3108, 8215, 2851, 4514, 12938, 16730, 17178, 4890, 17960, 4725, 7917, 3191, 8231, 16341, 8195, 10913, 2173, 5557, 2637, 16896, 5806, 1815, 1451, 8864, 2290, 12108, 5328, 6203, 2431, 7508, 17898, 17188, 6897, 1199, 15526, 18437, 6631, 8644, 16917, 14964, 14233, 2454, 584, 4830, 7199, 4180, 14889, 5761, 13756, 6917, 7756, 18880, 15095, 1816, 14070, 16252, 7429, 16589, 1631, 15968, 15221, 12478, 18594, 1477, 5637, 12058, 1205, 13397, 9107, 18654, 1968, 3759, 13147, 14144, 14973, 12452, 18020, 13592, 17920, 13687, 11335, 7207, 418, 7834, 778, 12982, 10688, 9031, 509, 9601, 9780, 17040, 12023, 3916, 91, 6536, 18535, 7547, 15240, 707, 14533, 15064, 17012, 16805, 8637, 5969, 16221, 1940, 13307, 4717, 12615, 18220, 11028, 12170, 1743, 2376, 12415, 14220, 18827, 1294, 18543, 6977, 15309, 11778, 11842, 17103, 3857, 4637, 12162, 19169, 17166, 18237, 17818, 9507, 19022, 5790, 19112, 15611, 1118, 15184, 18703, 1817, 15530, 16579, 8437, 11839, 11378, 3537, 9205, 9217, 16272, 18759, 16828, 12002, 8348, 1723, 3481, 14115, 379, 8544, 264, 6015, 7672, 2253, 7364, 3706, 13796, 17139, 16125, 12059, 9623, 7185, 2418, 18230, 3087, 281, 4379, 1796, 8459, 4400, 17824, 2736, 16446, 13525, 15341, 3275, 7872, 1662, 7557, 4319, 15442, 7181, 10456, 4963, 17048, 16943, 12784, 3441, 5240, 9975, 13216, 17702, 11594, 13554, 6165, 19168, 16070, 3540, 3262, 10661, 4061, 13173, 2875, 17014, 4349, 10818, 8428, 16764, 14232, 8930, 15734, 17680, 7069, 15684, 17050, 18987, 6914, 6863, 19263, 10595, 150, 10039, 2722, 18223, 16444, 6559, 7258, 2661, 7699, 17136, 12773, 4247, 5723, 15194, 1696, 1500, 2807, 9893, 11835, 13240, 18313, 17107, 10265, 10244, 5570, 2862, 14049, 1012, 12861, 723, 9583, 17461, 10056, 1264, 8297, 3716, 14666, 15259, 13531, 543, 13723, 16810, 6700, 3516, 13766, 7186, 10692, 6321, 15484, 14547, 8744, 3703, 10383, 16829, 6366, 6846, 3906, 2021, 18133, 857, 279, 12232, 10212, 10541, 12325, 13475, 1225, 937, 6966, 10881, 16936, 18502, 1440, 11914, 3326, 5633, 14913, 4623, 10743, 12361, 17335, 1072, 5043, 14810, 15077, 3255, 17215, 6553, 17852, 4801, 6962, 3060, 9430, 8799, 13824, 188, 15175, 15163, 4733, 5011, 3536, 17635, 6532, 14071, 6112, 17158, 6597, 11272, 105, 19219, 5013, 12483, 201, 6848, 17033, 6367, 7859, 14702, 18844, 7053, 18694, 15670, 636, 10129, 6378, 5369, 7273, 16247, 9142, 15345, 16817, 14854, 2600, 15783, 889, 11833, 6612, 2068, 2427, 7062, 7918, 16181, 5464, 8339, 8950, 8453, 16423, 6064, 2380, 4268, 13929, 12974, 19141, 1299, 2484, 3883, 3273, 8772, 13256, 11239, 5766, 18098, 12705, 11004, 2695, 10048, 10960, 2766, 15661, 13258, 8015, 6032, 16397, 7749, 19039, 7634, 15076, 4234, 15114, 8475, 8091, 19220, 18004, 9704, 13918, 15569, 16443, 10015, 9943, 7817, 9349, 2588, 8249, 398, 5316, 15538, 18372, 13559, 2937, 2803, 16248, 6155, 630, 9911, 13190, 19157, 15788, 13248, 13148, 1320, 12074, 8471, 8798, 3213, 12418, 814, 2402, 12718, 12397, 10564, 9875, 10128, 6947, 9491, 17707, 3266, 19196, 14309, 18523, 19043, 17975, 18063, 11618, 15016, 14434, 7680, 1739, 18029, 11694, 1745, 9271, 5189, 9561, 11283, 14978, 10753, 16017, 12914, 978, 2828, 17257, 13135, 5061, 121, 6602, 16015, 19271, 12159, 1244, 8260, 13195, 15873, 12815, 14291, 14515, 118, 4892, 14985, 9551, 12654, 4739, 927, 12176, 9523, 11726, 18187, 5880, 2569, 3386, 13942, 3390, 15774, 129, 65, 12922, 8422, 12692, 16213, 11515, 2111, 8347, 10758, 14064, 4401, 17782, 15621, 6709, 14716, 4091, 13964, 8424, 4218, 7249, 11311, 11171, 18564, 14755, 7114, 14009, 14815, 294, 495, 7684, 6833, 4046, 3505, 16995, 17858, 7761, 15803, 9840, 13958, 8226, 10369, 12497, 17142, 1748, 2854, 7159, 11539, 11055, 13337, 17173, 14214, 6803, 11144, 12649, 283, 15489, 13174, 7015, 610, 7030, 18206, 14077, 15468, 14962, 8046, 7809, 17387, 16034, 16678, 1173, 3502, 12942, 15655, 16859, 7099, 1673, 446, 1365, 5881, 3713, 11697, 1897, 16001, 1702, 14149, 11876, 9341, 4325, 6923, 2001, 138, 3276, 18716, 17604, 10501, 115, 12800, 6111, 11148, 4549, 16057, 4707, 6843, 16091, 4295, 7519, 13708, 12409, 11018, 5052, 13566, 14715, 12755, 793, 10837, 1888, 12375, 3935, 5763, 11791, 11258, 13264, 11469, 4683, 8905, 1853, 11600, 4421, 2798, 5074, 18141, 13807, 8595, 8126, 13837, 8060, 6956, 11767, 14560, 9389, 15261, 1232, 12560, 7262, 11504, 3546, 4627, 1177, 517, 4008, 9219, 17696, 4148, 14124, 13243, 11235, 7561, 8331, 16320, 3591, 11341, 4015, 12028, 14929, 18601, 3528, 14065, 1510, 19191, 13833, 17616, 10869, 17689, 831, 16725, 6319, 15465, 10467, 8162, 13563, 7728, 10778, 13545, 12290, 16480, 14401, 12838, 4212, 17529, 4832, 15111, 12690, 10373, 7596, 18614, 17477, 1043, 13100, 4774, 17479, 3774, 9302, 3901, 13071, 6412, 9516, 1261, 3054, 13522, 17602, 14343, 18500, 10957, 2791, 9624, 3634, 17904, 5709, 14670, 11058, 7087, 7435, 13848, 82, 5565, 2562, 14029, 3583, 1676, 12709, 18473, 3158, 12787, 8068, 8263, 16146, 3593, 1802, 1861, 3348, 4487, 17749, 6105, 10471, 17472, 10200, 1182, 14180, 1076, 10156, 4839, 9903, 4879, 9720, 2157, 15344, 16067, 3064, 17182, 5368, 4987, 18484, 18923, 11896, 1052, 15727, 15289, 5885, 1933, 5251, 17072, 6038, 6195, 13524, 6606, 18506, 17536, 6784, 3231, 14121, 8925, 10030, 803, 13764, 146, 19268, 14099, 4130, 16372, 1537, 12248, 13718, 17187, 11728, 1740, 19233, 5600, 4092, 4779, 6028, 3395, 16152, 19150, 2417, 11980, 11237, 8427, 18127, 3538, 9257, 607, 2078, 18457, 5802, 3435, 15019, 4256, 9221, 13465, 11742, 5788, 9528, 17493, 4607, 3131, 6616, 5356, 1550, 4617, 8827, 849, 2601, 4437, 17861, 10261, 15704, 3890, 8149, 12063, 3086, 15925, 12301, 6847, 5603, 7768, 3187, 13372, 9258, 6584, 7594, 2603, 1835, 17380, 17193, 15251, 15937, 18731, 4082, 14911, 16626, 8824, 16208, 10167, 17711, 9678, 15852, 13620, 16479, 14586, 2446, 4866, 1315, 7746, 10615, 7927, 2443, 7157, 13506, 18410, 10494]",5789,1500,3,False,1500
6346,transport query,transport ticket,65,True,False,True,"{21: 26, 33: 14, 2: 18, 29: 13, 25: 57, 43: 9, 57: 16, 49: 16, 61: 14, 67: 52, 65: 21, 50: 28, 15: 53, 6: 13, 46: 15, 27: 69, 7: 65, 48: 67, 19: 21, 31: 14, 63: 26, 22: 39, 9: 79, 26: 40, 47: 15, 53: 66, 11: 19, 51: 26, 54: 9, 13: 32, 17: 37, 52: 30, 39: 27, 38: 19, 1: 6, 59: 33, 56: 23, 32: 9, 8: 25, 4: 12, 20: 26, 24: 7, 18: 31, 42: 7, 28: 31, 45: 57, 0: 13, 66: 11, 62: 11, 35: 7, 64: 15, 37: 2, 40: 25, 3: 3, 14: 5, 12: 8, 16: 15, 55: 16, 30: 13, 58: 6, 36: 4, 60: 5, 5: 3, 41: 2, 44: 2, 34: 2}","[12686, 3384, 6034, 14374, 14516, 14680, 18580, 5912, 661, 4433, 14182, 14634, 14672, 13694, 17233, 12320, 12666, 7276, 14925, 15315, 1125, 14820, 3769, 14096, 12401, 14972, 14176, 4685, 4278, 5735, 7514, 16051, 15882, 4696, 17145, 19193, 12994, 9901, 13641, 15193, 6739, 9240, 1608, 14664, 18117, 5676, 15714, 5964, 5329, 16651, 15936, 14441, 15878, 18316, 14255, 18692, 5858, 4640, 10716, 13839, 16635, 2097, 11464, 12427, 2320, 14629, 7617, 16183, 16205, 2170, 4384, 6683, 5285, 18707, 6780, 4231, 2404, 4895, 18091, 2944, 13054, 3904, 3491, 9455, 15985, 10432, 8657, 15304, 9114, 5838, 5197, 17244, 6207, 3970, 17246, 3950, 6168, 8697, 6800, 9942, 11118, 8582, 6355, 15275, 4581, 12724, 11921, 1833, 523, 7619, 15729, 176, 8576, 3101, 1573, 1283, 11796, 11277, 2547, 1738, 6806, 15187, 7129, 5179, 5854, 16373, 9231, 6270, 777, 2062, 13249, 4144, 6325, 3924, 5350, 14414, 3142, 2249, 6444, 13582, 2833, 18030, 6483, 18404, 15057, 7482, 15001, 15872, 14584, 10835, 954, 7257, 1381, 17819, 17518, 6497, 14430, 4901, 16466, 10805, 132, 7506, 755, 14427, 12119, 16613, 19042, 14994, 11257, 8042, 2144, 5966, 1580, 8010, 2550, 10684, 14088, 5037, 8764, 17076, 14185, 15984, 5299, 16601, 19182, 13197, 14561, 12605, 17010, 2703, 6715, 11207, 10188, 212, 2293, 17676, 1720, 5934, 112, 8568, 15870, 3226, 4524, 4431, 5141, 5383, 7609, 12807, 19001, 14368, 6704, 14903, 4172, 117, 18698, 1699, 16558, 7518, 10618, 2110, 10308, 7828, 6623, 17644, 4449, 951, 13858, 15106, 8402, 916, 4771, 8608, 6448, 6656, 13547, 2814, 8336, 8093, 6398, 637, 9909, 10621, 786, 14146, 17292, 9457, 3, 2884, 14785, 10504, 16361, 8181, 17690, 654, 11067, 18741, 386, 18208, 10130, 8079, 7082, 14740, 8076, 18619, 14428, 10992, 12679, 9431, 18328, 13606, 7641, 13542, 1002, 11975, 15646, 19078, 1352, 8683, 16053, 11763, 14823, 7059, 4995, 3754, 6213, 10090, 19084, 1973, 8131, 5353, 836, 13960, 3217, 4885, 9645, 16941, 14750, 13171, 9132, 1355, 4440, 15747, 8233, 6008, 12781, 16749, 13905, 18198, 5033, 2910, 16502, 1233, 965, 16926, 3944, 13518, 18213, 12739, 9972, 14609, 5764, 6128, 9532, 12680, 3672, 5458, 6822, 11547, 3163, 8040, 14081, 8369, 18182, 17541, 11552, 12451, 15074, 1783, 17730, 1690, 16992, 2490, 2459, 18065, 320, 18311, 45, 9495, 4572, 544, 12731, 16811, 15096, 14957, 4594, 16607, 2449, 7791, 13659, 8892, 1713, 17336, 6598, 13832, 10495, 18937, 3067, 3473, 12715, 13492, 14787, 16503, 17899, 16638, 2408, 7141, 10590, 2917, 14650, 12571, 4321, 2855, 1829, 3736, 3381, 11069, 16093, 15201, 14311, 9836, 18289, 16899, 897, 13981, 12223, 8884, 15721, 7778, 13648, 5737, 6550, 19249, 2715, 447, 12941, 8915, 18963, 16291, 760, 5869, 3635, 3439, 6740, 5003, 3174, 2945, 16056, 4860, 11216, 7363, 1147, 12124, 9764, 11245, 4361, 7784, 16285, 17057, 11203, 5114, 17655, 12056, 17890, 7741, 15799, 10258, 16088, 19222, 15303, 1433, 5991, 322, 2322, 3156, 9940, 7814, 17068, 16968, 10018, 1991, 11946, 8705, 10371, 4619, 11074, 2034, 15550, 11743, 18666, 13494, 14175, 13948, 15123, 11154, 10397, 1701, 4770, 839, 12085, 16500, 16241, 1535, 18782, 2221, 539, 18405, 4245, 103, 1571, 16945, 12196, 9441, 1732, 1367, 3596, 4794, 7230, 5245, 17483, 2955, 2003, 11509, 4044, 12934, 3456, 16693, 593, 4582, 14076, 10972, 1965, 7227, 14324, 8658, 3772, 8355, 11889, 1908, 2684, 10026, 1666, 16507, 5589, 9295, 8389, 2099, 18653, 13808, 19147, 6675, 10970, 2788, 19028, 16983, 16166, 9845, 8160, 11381, 10088, 10333, 11716, 14695, 12697, 4365, 3747, 17296, 11904, 74, 7047, 10639, 13094, 940, 10478, 2032, 6642, 14896, 10840, 5430, 5556, 12597, 2183, 18403, 4252, 14613, 18283, 8790, 12140, 13540, 13353, 14114, 13297, 4056, 14038, 11299, 13770, 11433, 14285, 1526, 1955, 15711, 255, 12481, 612, 1635, 4886, 357, 11434, 9524, 13106, 2607, 5391, 9406, 2331, 624, 2749, 17849, 9829, 11436, 18426, 9481, 18550, 15647, 532, 11720, 11824, 15610, 15741, 7902, 13558, 17967, 14539, 17889, 4631, 1238, 16921, 7787, 15293, 3108, 8215, 2851, 4514, 12938, 16730, 17178, 4890, 17960, 4725, 7917, 3191, 8231, 16341, 8195, 10913, 2173, 5557, 2637, 16896, 5806, 1815, 1451, 8864, 2290, 12108, 5328, 6203, 2431, 7508, 17898, 17188, 6897, 1199, 15526, 18437, 6631, 8644, 16917, 14964, 14233, 2454, 584, 4830, 7199, 4180, 14889, 5761, 13756, 6917, 7756, 18880, 15095, 1816, 14070, 16252, 7429, 16589, 1631, 15968, 15221, 12478, 18594, 1477, 5637, 12058, 1205, 13397, 9107, 18654, 1968, 3759, 13147, 14144, 14973, 12452, 18020, 13592, 17920, 13687, 11335, 7207, 418, 7834, 778, 12982, 10688, 9031, 509, 9601, 9780, 17040, 12023, 3916, 91, 6536, 18535, 7547, 15240, 707, 14533, 15064, 17012, 16805, 8637, 5969, 16221, 1940, 13307, 4717, 12615, 18220, 11028, 12170, 1743, 2376, 12415, 14220, 18827, 1294, 18543, 6977, 15309, 11778, 11842, 17103, 3857, 4637, 12162, 19169, 17166, 18237, 17818, 9507, 19022, 5790, 19112, 15611, 1118, 15184, 18703, 1817, 15530, 16579, 8437, 11839, 11378, 3537, 9205, 9217, 16272, 18759, 16828, 12002, 8348, 1723, 3481, 14115, 379, 8544, 264, 6015, 7672, 2253, 7364, 3706, 13796, 17139, 16125, 12059, 9623, 7185, 2418, 18230, 3087, 281, 4379, 1796, 8459, 4400, 17824, 2736, 16446, 13525, 15341, 3275, 7872, 1662, 7557, 4319, 15442, 7181, 10456, 4963, 17048, 16943, 12784, 3441, 5240, 9975, 13216, 17702, 11594, 13554, 6165, 19168, 16070, 3540, 3262, 10661, 4061, 13173, 2875, 17014, 4349, 10818, 8428, 16764, 14232, 8930, 15734, 17680, 7069, 15684, 17050, 18987, 6914, 6863, 19263, 10595, 150, 10039, 2722, 18223, 16444, 6559, 7258, 2661, 7699, 17136, 12773, 4247, 5723, 15194, 1696, 1500, 2807, 9893, 11835, 13240, 18313, 17107, 10265, 10244, 5570, 2862, 14049, 1012, 12861, 723, 9583, 17461, 10056, 1264, 8297, 3716, 14666, 15259, 13531, 543, 13723, 16810, 6700, 3516, 13766, 7186, 10692, 6321, 15484, 14547, 8744, 3703, 10383, 16829, 6366, 6846, 3906, 2021, 18133, 857, 279, 12232, 10212, 10541, 12325, 13475, 1225, 937, 6966, 10881, 16936, 18502, 1440, 11914, 3326, 5633, 14913, 4623, 10743, 12361, 17335, 1072, 5043, 14810, 15077, 3255, 17215, 6553, 17852, 4801, 6962, 3060, 9430, 8799, 13824, 188, 15175, 15163, 4733, 5011, 3536, 17635, 6532, 14071, 6112, 17158, 6597, 11272, 105, 19219, 5013, 12483, 201, 6848, 17033, 6367, 7859, 14702, 18844, 7053, 18694, 15670, 636, 10129, 6378, 5369, 7273, 16247, 9142, 15345, 16817, 14854, 2600, 15783, 889, 11833, 6612, 2068, 2427, 7062, 7918, 16181, 5464, 8339, 8950, 8453, 16423, 6064, 2380, 4268, 13929, 12974, 19141, 1299, 2484, 3883, 3273, 8772, 13256, 11239, 5766, 18098, 12705, 11004, 2695, 10048, 10960, 2766, 15661, 13258, 8015, 6032, 16397, 7749, 19039, 7634, 15076, 4234, 15114, 8475, 8091, 19220, 18004, 9704, 13918, 15569, 16443, 10015, 9943, 7817, 9349, 2588, 8249, 398, 5316, 15538, 18372, 13559, 2937, 2803, 16248, 6155, 630, 9911, 13190, 19157, 15788, 13248, 13148, 1320, 12074, 8471, 8798, 3213, 12418, 814, 2402, 12718, 12397, 10564, 9875, 10128, 6947, 9491, 17707, 3266, 19196, 14309, 18523, 19043, 17975, 18063, 11618, 15016, 14434, 7680, 1739, 18029, 11694, 1745, 9271, 5189, 9561, 11283, 14978, 10753, 16017, 12914, 978, 2828, 17257, 13135, 5061, 121, 6602, 16015, 19271, 12159, 1244, 8260, 13195, 15873, 12815, 14291, 14515, 118, 4892, 14985, 9551, 12654, 4739, 927, 12176, 9523, 11726, 18187, 5880, 2569, 3386, 13942, 3390, 15774, 129, 65, 12922, 8422, 12692, 16213, 11515, 2111, 8347, 10758, 14064, 4401, 17782, 15621, 6709, 14716, 4091, 13964, 8424, 4218, 7249, 11311, 11171, 18564, 14755, 7114, 14009, 14815, 294, 495, 7684, 6833, 4046, 3505, 16995, 17858, 7761, 15803, 9840, 13958, 8226, 10369, 12497, 17142, 1748, 2854, 7159, 11539, 11055, 13337, 17173, 14214, 6803, 11144, 12649, 283, 15489, 13174, 7015, 610, 7030, 18206, 14077, 15468, 14962, 8046, 7809, 17387, 16034, 16678, 1173, 3502, 12942, 15655, 16859, 7099, 1673, 446, 1365, 5881, 3713, 11697, 1897, 16001, 1702, 14149, 11876, 9341, 4325, 6923, 2001, 138, 3276, 18716, 17604, 10501, 115, 12800, 6111, 11148, 4549, 16057, 4707, 6843, 16091, 4295, 7519, 13708, 12409, 11018, 5052, 13566, 14715, 12755, 793, 10837, 1888, 12375, 3935, 5763, 11791, 11258, 13264, 11469, 4683, 8905, 1853, 11600, 4421, 2798, 5074, 18141, 13807, 8595, 8126, 13837, 8060, 6956, 11767, 14560, 9389, 15261, 1232, 12560, 7262, 11504, 3546, 4627, 1177, 517, 4008, 9219, 17696, 4148, 14124, 13243, 11235, 7561, 8331, 16320, 3591, 11341, 4015, 12028, 14929, 18601, 3528, 14065, 1510, 19191, 13833, 17616, 10869, 17689, 831, 16725, 6319, 15465, 10467, 8162, 13563, 7728, 10778, 13545, 12290, 16480, 14401, 12838, 4212, 17529, 4832, 15111, 12690, 10373, 7596, 18614, 17477, 1043, 13100, 4774, 17479, 3774, 9302, 3901, 13071, 6412, 9516, 1261, 3054, 13522, 17602, 14343, 18500, 10957, 2791, 9624, 3634, 17904, 5709, 14670, 11058, 7087, 7435, 13848, 82, 5565, 2562, 14029, 3583, 1676, 12709, 18473, 3158, 12787, 8068, 8263, 16146, 3593, 1802, 1861, 3348, 4487, 17749, 6105, 10471, 17472, 10200, 1182, 14180, 1076, 10156, 4839, 9903, 4879, 9720, 2157, 15344, 16067, 3064, 17182, 5368, 4987, 18484, 18923, 11896, 1052, 15727, 15289, 5885, 1933, 5251, 17072, 6038, 6195, 13524, 6606, 18506, 17536, 6784, 3231, 14121, 8925, 10030, 803, 13764, 146, 19268, 14099, 4130, 16372, 1537, 12248, 13718, 17187, 11728, 1740, 19233, 5600, 4092, 4779, 6028, 3395, 16152, 19150, 2417, 11980, 11237, 8427, 18127, 3538, 9257, 607, 2078, 18457, 5802, 3435, 15019, 4256, 9221, 13465, 11742, 5788, 9528, 17493, 4607, 3131, 6616, 5356, 1550, 4617, 8827, 849, 2601, 4437, 17861, 10261, 15704, 3890, 8149, 12063, 3086, 15925, 12301, 6847, 5603, 7768, 3187, 13372, 9258, 6584, 7594, 2603, 1835, 17380, 17193, 15251, 15937, 18731, 4082, 14911, 16626, 8824, 16208, 10167, 17711, 9678, 15852, 13620, 16479, 14586, 2446, 4866, 1315, 7746, 10615, 7927, 2443, 7157, 13506, 18410, 10494]",6346,1500,3,False,1500
1816,play music,play pod,49,True,False,True,"{21: 26, 33: 14, 2: 18, 29: 13, 25: 57, 43: 9, 57: 16, 49: 16, 61: 14, 67: 52, 65: 21, 50: 28, 15: 53, 6: 13, 46: 15, 27: 69, 7: 65, 48: 67, 19: 21, 31: 14, 63: 26, 22: 39, 9: 79, 26: 40, 47: 15, 53: 66, 11: 19, 51: 26, 54: 9, 13: 32, 17: 37, 52: 30, 39: 27, 38: 19, 1: 6, 59: 33, 56: 23, 32: 9, 8: 25, 4: 12, 20: 26, 24: 7, 18: 31, 42: 7, 28: 31, 45: 57, 0: 13, 66: 11, 62: 11, 35: 7, 64: 15, 37: 2, 40: 25, 3: 3, 14: 5, 12: 8, 16: 15, 55: 16, 30: 13, 58: 6, 36: 4, 60: 5, 5: 3, 41: 2, 44: 2, 34: 2}","[12686, 3384, 6034, 14374, 14516, 14680, 18580, 5912, 661, 4433, 14182, 14634, 14672, 13694, 17233, 12320, 12666, 7276, 14925, 15315, 1125, 14820, 3769, 14096, 12401, 14972, 14176, 4685, 4278, 5735, 7514, 16051, 15882, 4696, 17145, 19193, 12994, 9901, 13641, 15193, 6739, 9240, 1608, 14664, 18117, 5676, 15714, 5964, 5329, 16651, 15936, 14441, 15878, 18316, 14255, 18692, 5858, 4640, 10716, 13839, 16635, 2097, 11464, 12427, 2320, 14629, 7617, 16183, 16205, 2170, 4384, 6683, 5285, 18707, 6780, 4231, 2404, 4895, 18091, 2944, 13054, 3904, 3491, 9455, 15985, 10432, 8657, 15304, 9114, 5838, 5197, 17244, 6207, 3970, 17246, 3950, 6168, 8697, 6800, 9942, 11118, 8582, 6355, 15275, 4581, 12724, 11921, 1833, 523, 7619, 15729, 176, 8576, 3101, 1573, 1283, 11796, 11277, 2547, 1738, 6806, 15187, 7129, 5179, 5854, 16373, 9231, 6270, 777, 2062, 13249, 4144, 6325, 3924, 5350, 14414, 3142, 2249, 6444, 13582, 2833, 18030, 6483, 18404, 15057, 7482, 15001, 15872, 14584, 10835, 954, 7257, 1381, 17819, 17518, 6497, 14430, 4901, 16466, 10805, 132, 7506, 755, 14427, 12119, 16613, 19042, 14994, 11257, 8042, 2144, 5966, 1580, 8010, 2550, 10684, 14088, 5037, 8764, 17076, 14185, 15984, 5299, 16601, 19182, 13197, 14561, 12605, 17010, 2703, 6715, 11207, 10188, 212, 2293, 17676, 1720, 5934, 112, 8568, 15870, 3226, 4524, 4431, 5141, 5383, 7609, 12807, 19001, 14368, 6704, 14903, 4172, 117, 18698, 1699, 16558, 7518, 10618, 2110, 10308, 7828, 6623, 17644, 4449, 951, 13858, 15106, 8402, 916, 4771, 8608, 6448, 6656, 13547, 2814, 8336, 8093, 6398, 637, 9909, 10621, 786, 14146, 17292, 9457, 3, 2884, 14785, 10504, 16361, 8181, 17690, 654, 11067, 18741, 386, 18208, 10130, 8079, 7082, 14740, 8076, 18619, 14428, 10992, 12679, 9431, 18328, 13606, 7641, 13542, 1002, 11975, 15646, 19078, 1352, 8683, 16053, 11763, 14823, 7059, 4995, 3754, 6213, 10090, 19084, 1973, 8131, 5353, 836, 13960, 3217, 4885, 9645, 16941, 14750, 13171, 9132, 1355, 4440, 15747, 8233, 6008, 12781, 16749, 13905, 18198, 5033, 2910, 16502, 1233, 965, 16926, 3944, 13518, 18213, 12739, 9972, 14609, 5764, 6128, 9532, 12680, 3672, 5458, 6822, 11547, 3163, 8040, 14081, 8369, 18182, 17541, 11552, 12451, 15074, 1783, 17730, 1690, 16992, 2490, 2459, 18065, 320, 18311, 45, 9495, 4572, 544, 12731, 16811, 15096, 14957, 4594, 16607, 2449, 7791, 13659, 8892, 1713, 17336, 6598, 13832, 10495, 18937, 3067, 3473, 12715, 13492, 14787, 16503, 17899, 16638, 2408, 7141, 10590, 2917, 14650, 12571, 4321, 2855, 1829, 3736, 3381, 11069, 16093, 15201, 14311, 9836, 18289, 16899, 897, 13981, 12223, 8884, 15721, 7778, 13648, 5737, 6550, 19249, 2715, 447, 12941, 8915, 18963, 16291, 760, 5869, 3635, 3439, 6740, 5003, 3174, 2945, 16056, 4860, 11216, 7363, 1147, 12124, 9764, 11245, 4361, 7784, 16285, 17057, 11203, 5114, 17655, 12056, 17890, 7741, 15799, 10258, 16088, 19222, 15303, 1433, 5991, 322, 2322, 3156, 9940, 7814, 17068, 16968, 10018, 1991, 11946, 8705, 10371, 4619, 11074, 2034, 15550, 11743, 18666, 13494, 14175, 13948, 15123, 11154, 10397, 1701, 4770, 839, 12085, 16500, 16241, 1535, 18782, 2221, 539, 18405, 4245, 103, 1571, 16945, 12196, 9441, 1732, 1367, 3596, 4794, 7230, 5245, 17483, 2955, 2003, 11509, 4044, 12934, 3456, 16693, 593, 4582, 14076, 10972, 1965, 7227, 14324, 8658, 3772, 8355, 11889, 1908, 2684, 10026, 1666, 16507, 5589, 9295, 8389, 2099, 18653, 13808, 19147, 6675, 10970, 2788, 19028, 16983, 16166, 9845, 8160, 11381, 10088, 10333, 11716, 14695, 12697, 4365, 3747, 17296, 11904, 74, 7047, 10639, 13094, 940, 10478, 2032, 6642, 14896, 10840, 5430, 5556, 12597, 2183, 18403, 4252, 14613, 18283, 8790, 12140, 13540, 13353, 14114, 13297, 4056, 14038, 11299, 13770, 11433, 14285, 1526, 1955, 15711, 255, 12481, 612, 1635, 4886, 357, 11434, 9524, 13106, 2607, 5391, 9406, 2331, 624, 2749, 17849, 9829, 11436, 18426, 9481, 18550, 15647, 532, 11720, 11824, 15610, 15741, 7902, 13558, 17967, 14539, 17889, 4631, 1238, 16921, 7787, 15293, 3108, 8215, 2851, 4514, 12938, 16730, 17178, 4890, 17960, 4725, 7917, 3191, 8231, 16341, 8195, 10913, 2173, 5557, 2637, 16896, 5806, 1815, 1451, 8864, 2290, 12108, 5328, 6203, 2431, 7508, 17898, 17188, 6897, 1199, 15526, 18437, 6631, 8644, 16917, 14964, 14233, 2454, 584, 4830, 7199, 4180, 14889, 5761, 13756, 6917, 7756, 18880, 15095, 1816, 14070, 16252, 7429, 16589, 1631, 15968, 15221, 12478, 18594, 1477, 5637, 12058, 1205, 13397, 9107, 18654, 1968, 3759, 13147, 14144, 14973, 12452, 18020, 13592, 17920, 13687, 11335, 7207, 418, 7834, 778, 12982, 10688, 9031, 509, 9601, 9780, 17040, 12023, 3916, 91, 6536, 18535, 7547, 15240, 707, 14533, 15064, 17012, 16805, 8637, 5969, 16221, 1940, 13307, 4717, 12615, 18220, 11028, 12170, 1743, 2376, 12415, 14220, 18827, 1294, 18543, 6977, 15309, 11778, 11842, 17103, 3857, 4637, 12162, 19169, 17166, 18237, 17818, 9507, 19022, 5790, 19112, 15611, 1118, 15184, 18703, 1817, 15530, 16579, 8437, 11839, 11378, 3537, 9205, 9217, 16272, 18759, 16828, 12002, 8348, 1723, 3481, 14115, 379, 8544, 264, 6015, 7672, 2253, 7364, 3706, 13796, 17139, 16125, 12059, 9623, 7185, 2418, 18230, 3087, 281, 4379, 1796, 8459, 4400, 17824, 2736, 16446, 13525, 15341, 3275, 7872, 1662, 7557, 4319, 15442, 7181, 10456, 4963, 17048, 16943, 12784, 3441, 5240, 9975, 13216, 17702, 11594, 13554, 6165, 19168, 16070, 3540, 3262, 10661, 4061, 13173, 2875, 17014, 4349, 10818, 8428, 16764, 14232, 8930, 15734, 17680, 7069, 15684, 17050, 18987, 6914, 6863, 19263, 10595, 150, 10039, 2722, 18223, 16444, 6559, 7258, 2661, 7699, 17136, 12773, 4247, 5723, 15194, 1696, 1500, 2807, 9893, 11835, 13240, 18313, 17107, 10265, 10244, 5570, 2862, 14049, 1012, 12861, 723, 9583, 17461, 10056, 1264, 8297, 3716, 14666, 15259, 13531, 543, 13723, 16810, 6700, 3516, 13766, 7186, 10692, 6321, 15484, 14547, 8744, 3703, 10383, 16829, 6366, 6846, 3906, 2021, 18133, 857, 279, 12232, 10212, 10541, 12325, 13475, 1225, 937, 6966, 10881, 16936, 18502, 1440, 11914, 3326, 5633, 14913, 4623, 10743, 12361, 17335, 1072, 5043, 14810, 15077, 3255, 17215, 6553, 17852, 4801, 6962, 3060, 9430, 8799, 13824, 188, 15175, 15163, 4733, 5011, 3536, 17635, 6532, 14071, 6112, 17158, 6597, 11272, 105, 19219, 5013, 12483, 201, 6848, 17033, 6367, 7859, 14702, 18844, 7053, 18694, 15670, 636, 10129, 6378, 5369, 7273, 16247, 9142, 15345, 16817, 14854, 2600, 15783, 889, 11833, 6612, 2068, 2427, 7062, 7918, 16181, 5464, 8339, 8950, 8453, 16423, 6064, 2380, 4268, 13929, 12974, 19141, 1299, 2484, 3883, 3273, 8772, 13256, 11239, 5766, 18098, 12705, 11004, 2695, 10048, 10960, 2766, 15661, 13258, 8015, 6032, 16397, 7749, 19039, 7634, 15076, 4234, 15114, 8475, 8091, 19220, 18004, 9704, 13918, 15569, 16443, 10015, 9943, 7817, 9349, 2588, 8249, 398, 5316, 15538, 18372, 13559, 2937, 2803, 16248, 6155, 630, 9911, 13190, 19157, 15788, 13248, 13148, 1320, 12074, 8471, 8798, 3213, 12418, 814, 2402, 12718, 12397, 10564, 9875, 10128, 6947, 9491, 17707, 3266, 19196, 14309, 18523, 19043, 17975, 18063, 11618, 15016, 14434, 7680, 1739, 18029, 11694, 1745, 9271, 5189, 9561, 11283, 14978, 10753, 16017, 12914, 978, 2828, 17257, 13135, 5061, 121, 6602, 16015, 19271, 12159, 1244, 8260, 13195, 15873, 12815, 14291, 14515, 118, 4892, 14985, 9551, 12654, 4739, 927, 12176, 9523, 11726, 18187, 5880, 2569, 3386, 13942, 3390, 15774, 129, 65, 12922, 8422, 12692, 16213, 11515, 2111, 8347, 10758, 14064, 4401, 17782, 15621, 6709, 14716, 4091, 13964, 8424, 4218, 7249, 11311, 11171, 18564, 14755, 7114, 14009, 14815, 294, 495, 7684, 6833, 4046, 3505, 16995, 17858, 7761, 15803, 9840, 13958, 8226, 10369, 12497, 17142, 1748, 2854, 7159, 11539, 11055, 13337, 17173, 14214, 6803, 11144, 12649, 283, 15489, 13174, 7015, 610, 7030, 18206, 14077, 15468, 14962, 8046, 7809, 17387, 16034, 16678, 1173, 3502, 12942, 15655, 16859, 7099, 1673, 446, 1365, 5881, 3713, 11697, 1897, 16001, 1702, 14149, 11876, 9341, 4325, 6923, 2001, 138, 3276, 18716, 17604, 10501, 115, 12800, 6111, 11148, 4549, 16057, 4707, 6843, 16091, 4295, 7519, 13708, 12409, 11018, 5052, 13566, 14715, 12755, 793, 10837, 1888, 12375, 3935, 5763, 11791, 11258, 13264, 11469, 4683, 8905, 1853, 11600, 4421, 2798, 5074, 18141, 13807, 8595, 8126, 13837, 8060, 6956, 11767, 14560, 9389, 15261, 1232, 12560, 7262, 11504, 3546, 4627, 1177, 517, 4008, 9219, 17696, 4148, 14124, 13243, 11235, 7561, 8331, 16320, 3591, 11341, 4015, 12028, 14929, 18601, 3528, 14065, 1510, 19191, 13833, 17616, 10869, 17689, 831, 16725, 6319, 15465, 10467, 8162, 13563, 7728, 10778, 13545, 12290, 16480, 14401, 12838, 4212, 17529, 4832, 15111, 12690, 10373, 7596, 18614, 17477, 1043, 13100, 4774, 17479, 3774, 9302, 3901, 13071, 6412, 9516, 1261, 3054, 13522, 17602, 14343, 18500, 10957, 2791, 9624, 3634, 17904, 5709, 14670, 11058, 7087, 7435, 13848, 82, 5565, 2562, 14029, 3583, 1676, 12709, 18473, 3158, 12787, 8068, 8263, 16146, 3593, 1802, 1861, 3348, 4487, 17749, 6105, 10471, 17472, 10200, 1182, 14180, 1076, 10156, 4839, 9903, 4879, 9720, 2157, 15344, 16067, 3064, 17182, 5368, 4987, 18484, 18923, 11896, 1052, 15727, 15289, 5885, 1933, 5251, 17072, 6038, 6195, 13524, 6606, 18506, 17536, 6784, 3231, 14121, 8925, 10030, 803, 13764, 146, 19268, 14099, 4130, 16372, 1537, 12248, 13718, 17187, 11728, 1740, 19233, 5600, 4092, 4779, 6028, 3395, 16152, 19150, 2417, 11980, 11237, 8427, 18127, 3538, 9257, 607, 2078, 18457, 5802, 3435, 15019, 4256, 9221, 13465, 11742, 5788, 9528, 17493, 4607, 3131, 6616, 5356, 1550, 4617, 8827, 849, 2601, 4437, 17861, 10261, 15704, 3890, 8149, 12063, 3086, 15925, 12301, 6847, 5603, 7768, 3187, 13372, 9258, 6584, 7594, 2603, 1835, 17380, 17193, 15251, 15937, 18731, 4082, 14911, 16626, 8824, 16208, 10167, 17711, 9678, 15852, 13620, 16479, 14586, 2446, 4866, 1315, 7746, 10615, 7927, 2443, 7157, 13506, 18410, 10494]",1816,1500,3,False,1500
4932,email query,email query,15,True,True,True,"{21: 26, 33: 14, 2: 18, 29: 13, 25: 57, 43: 9, 57: 16, 49: 16, 61: 14, 67: 52, 65: 21, 50: 28, 15: 53, 6: 13, 46: 15, 27: 69, 7: 65, 48: 67, 19: 21, 31: 14, 63: 26, 22: 39, 9: 79, 26: 40, 47: 15, 53: 66, 11: 19, 51: 26, 54: 9, 13: 32, 17: 37, 52: 30, 39: 27, 38: 19, 1: 6, 59: 33, 56: 23, 32: 9, 8: 25, 4: 12, 20: 26, 24: 7, 18: 31, 42: 7, 28: 31, 45: 57, 0: 13, 66: 11, 62: 11, 35: 7, 64: 15, 37: 2, 40: 25, 3: 3, 14: 5, 12: 8, 16: 15, 55: 16, 30: 13, 58: 6, 36: 4, 60: 5, 5: 3, 41: 2, 44: 2, 34: 2}","[12686, 3384, 6034, 14374, 14516, 14680, 18580, 5912, 661, 4433, 14182, 14634, 14672, 13694, 17233, 12320, 12666, 7276, 14925, 15315, 1125, 14820, 3769, 14096, 12401, 14972, 14176, 4685, 4278, 5735, 7514, 16051, 15882, 4696, 17145, 19193, 12994, 9901, 13641, 15193, 6739, 9240, 1608, 14664, 18117, 5676, 15714, 5964, 5329, 16651, 15936, 14441, 15878, 18316, 14255, 18692, 5858, 4640, 10716, 13839, 16635, 2097, 11464, 12427, 2320, 14629, 7617, 16183, 16205, 2170, 4384, 6683, 5285, 18707, 6780, 4231, 2404, 4895, 18091, 2944, 13054, 3904, 3491, 9455, 15985, 10432, 8657, 15304, 9114, 5838, 5197, 17244, 6207, 3970, 17246, 3950, 6168, 8697, 6800, 9942, 11118, 8582, 6355, 15275, 4581, 12724, 11921, 1833, 523, 7619, 15729, 176, 8576, 3101, 1573, 1283, 11796, 11277, 2547, 1738, 6806, 15187, 7129, 5179, 5854, 16373, 9231, 6270, 777, 2062, 13249, 4144, 6325, 3924, 5350, 14414, 3142, 2249, 6444, 13582, 2833, 18030, 6483, 18404, 15057, 7482, 15001, 15872, 14584, 10835, 954, 7257, 1381, 17819, 17518, 6497, 14430, 4901, 16466, 10805, 132, 7506, 755, 14427, 12119, 16613, 19042, 14994, 11257, 8042, 2144, 5966, 1580, 8010, 2550, 10684, 14088, 5037, 8764, 17076, 14185, 15984, 5299, 16601, 19182, 13197, 14561, 12605, 17010, 2703, 6715, 11207, 10188, 212, 2293, 17676, 1720, 5934, 112, 8568, 15870, 3226, 4524, 4431, 5141, 5383, 7609, 12807, 19001, 14368, 6704, 14903, 4172, 117, 18698, 1699, 16558, 7518, 10618, 2110, 10308, 7828, 6623, 17644, 4449, 951, 13858, 15106, 8402, 916, 4771, 8608, 6448, 6656, 13547, 2814, 8336, 8093, 6398, 637, 9909, 10621, 786, 14146, 17292, 9457, 3, 2884, 14785, 10504, 16361, 8181, 17690, 654, 11067, 18741, 386, 18208, 10130, 8079, 7082, 14740, 8076, 18619, 14428, 10992, 12679, 9431, 18328, 13606, 7641, 13542, 1002, 11975, 15646, 19078, 1352, 8683, 16053, 11763, 14823, 7059, 4995, 3754, 6213, 10090, 19084, 1973, 8131, 5353, 836, 13960, 3217, 4885, 9645, 16941, 14750, 13171, 9132, 1355, 4440, 15747, 8233, 6008, 12781, 16749, 13905, 18198, 5033, 2910, 16502, 1233, 965, 16926, 3944, 13518, 18213, 12739, 9972, 14609, 5764, 6128, 9532, 12680, 3672, 5458, 6822, 11547, 3163, 8040, 14081, 8369, 18182, 17541, 11552, 12451, 15074, 1783, 17730, 1690, 16992, 2490, 2459, 18065, 320, 18311, 45, 9495, 4572, 544, 12731, 16811, 15096, 14957, 4594, 16607, 2449, 7791, 13659, 8892, 1713, 17336, 6598, 13832, 10495, 18937, 3067, 3473, 12715, 13492, 14787, 16503, 17899, 16638, 2408, 7141, 10590, 2917, 14650, 12571, 4321, 2855, 1829, 3736, 3381, 11069, 16093, 15201, 14311, 9836, 18289, 16899, 897, 13981, 12223, 8884, 15721, 7778, 13648, 5737, 6550, 19249, 2715, 447, 12941, 8915, 18963, 16291, 760, 5869, 3635, 3439, 6740, 5003, 3174, 2945, 16056, 4860, 11216, 7363, 1147, 12124, 9764, 11245, 4361, 7784, 16285, 17057, 11203, 5114, 17655, 12056, 17890, 7741, 15799, 10258, 16088, 19222, 15303, 1433, 5991, 322, 2322, 3156, 9940, 7814, 17068, 16968, 10018, 1991, 11946, 8705, 10371, 4619, 11074, 2034, 15550, 11743, 18666, 13494, 14175, 13948, 15123, 11154, 10397, 1701, 4770, 839, 12085, 16500, 16241, 1535, 18782, 2221, 539, 18405, 4245, 103, 1571, 16945, 12196, 9441, 1732, 1367, 3596, 4794, 7230, 5245, 17483, 2955, 2003, 11509, 4044, 12934, 3456, 16693, 593, 4582, 14076, 10972, 1965, 7227, 14324, 8658, 3772, 8355, 11889, 1908, 2684, 10026, 1666, 16507, 5589, 9295, 8389, 2099, 18653, 13808, 19147, 6675, 10970, 2788, 19028, 16983, 16166, 9845, 8160, 11381, 10088, 10333, 11716, 14695, 12697, 4365, 3747, 17296, 11904, 74, 7047, 10639, 13094, 940, 10478, 2032, 6642, 14896, 10840, 5430, 5556, 12597, 2183, 18403, 4252, 14613, 18283, 8790, 12140, 13540, 13353, 14114, 13297, 4056, 14038, 11299, 13770, 11433, 14285, 1526, 1955, 15711, 255, 12481, 612, 1635, 4886, 357, 11434, 9524, 13106, 2607, 5391, 9406, 2331, 624, 2749, 17849, 9829, 11436, 18426, 9481, 18550, 15647, 532, 11720, 11824, 15610, 15741, 7902, 13558, 17967, 14539, 17889, 4631, 1238, 16921, 7787, 15293, 3108, 8215, 2851, 4514, 12938, 16730, 17178, 4890, 17960, 4725, 7917, 3191, 8231, 16341, 8195, 10913, 2173, 5557, 2637, 16896, 5806, 1815, 1451, 8864, 2290, 12108, 5328, 6203, 2431, 7508, 17898, 17188, 6897, 1199, 15526, 18437, 6631, 8644, 16917, 14964, 14233, 2454, 584, 4830, 7199, 4180, 14889, 5761, 13756, 6917, 7756, 18880, 15095, 1816, 14070, 16252, 7429, 16589, 1631, 15968, 15221, 12478, 18594, 1477, 5637, 12058, 1205, 13397, 9107, 18654, 1968, 3759, 13147, 14144, 14973, 12452, 18020, 13592, 17920, 13687, 11335, 7207, 418, 7834, 778, 12982, 10688, 9031, 509, 9601, 9780, 17040, 12023, 3916, 91, 6536, 18535, 7547, 15240, 707, 14533, 15064, 17012, 16805, 8637, 5969, 16221, 1940, 13307, 4717, 12615, 18220, 11028, 12170, 1743, 2376, 12415, 14220, 18827, 1294, 18543, 6977, 15309, 11778, 11842, 17103, 3857, 4637, 12162, 19169, 17166, 18237, 17818, 9507, 19022, 5790, 19112, 15611, 1118, 15184, 18703, 1817, 15530, 16579, 8437, 11839, 11378, 3537, 9205, 9217, 16272, 18759, 16828, 12002, 8348, 1723, 3481, 14115, 379, 8544, 264, 6015, 7672, 2253, 7364, 3706, 13796, 17139, 16125, 12059, 9623, 7185, 2418, 18230, 3087, 281, 4379, 1796, 8459, 4400, 17824, 2736, 16446, 13525, 15341, 3275, 7872, 1662, 7557, 4319, 15442, 7181, 10456, 4963, 17048, 16943, 12784, 3441, 5240, 9975, 13216, 17702, 11594, 13554, 6165, 19168, 16070, 3540, 3262, 10661, 4061, 13173, 2875, 17014, 4349, 10818, 8428, 16764, 14232, 8930, 15734, 17680, 7069, 15684, 17050, 18987, 6914, 6863, 19263, 10595, 150, 10039, 2722, 18223, 16444, 6559, 7258, 2661, 7699, 17136, 12773, 4247, 5723, 15194, 1696, 1500, 2807, 9893, 11835, 13240, 18313, 17107, 10265, 10244, 5570, 2862, 14049, 1012, 12861, 723, 9583, 17461, 10056, 1264, 8297, 3716, 14666, 15259, 13531, 543, 13723, 16810, 6700, 3516, 13766, 7186, 10692, 6321, 15484, 14547, 8744, 3703, 10383, 16829, 6366, 6846, 3906, 2021, 18133, 857, 279, 12232, 10212, 10541, 12325, 13475, 1225, 937, 6966, 10881, 16936, 18502, 1440, 11914, 3326, 5633, 14913, 4623, 10743, 12361, 17335, 1072, 5043, 14810, 15077, 3255, 17215, 6553, 17852, 4801, 6962, 3060, 9430, 8799, 13824, 188, 15175, 15163, 4733, 5011, 3536, 17635, 6532, 14071, 6112, 17158, 6597, 11272, 105, 19219, 5013, 12483, 201, 6848, 17033, 6367, 7859, 14702, 18844, 7053, 18694, 15670, 636, 10129, 6378, 5369, 7273, 16247, 9142, 15345, 16817, 14854, 2600, 15783, 889, 11833, 6612, 2068, 2427, 7062, 7918, 16181, 5464, 8339, 8950, 8453, 16423, 6064, 2380, 4268, 13929, 12974, 19141, 1299, 2484, 3883, 3273, 8772, 13256, 11239, 5766, 18098, 12705, 11004, 2695, 10048, 10960, 2766, 15661, 13258, 8015, 6032, 16397, 7749, 19039, 7634, 15076, 4234, 15114, 8475, 8091, 19220, 18004, 9704, 13918, 15569, 16443, 10015, 9943, 7817, 9349, 2588, 8249, 398, 5316, 15538, 18372, 13559, 2937, 2803, 16248, 6155, 630, 9911, 13190, 19157, 15788, 13248, 13148, 1320, 12074, 8471, 8798, 3213, 12418, 814, 2402, 12718, 12397, 10564, 9875, 10128, 6947, 9491, 17707, 3266, 19196, 14309, 18523, 19043, 17975, 18063, 11618, 15016, 14434, 7680, 1739, 18029, 11694, 1745, 9271, 5189, 9561, 11283, 14978, 10753, 16017, 12914, 978, 2828, 17257, 13135, 5061, 121, 6602, 16015, 19271, 12159, 1244, 8260, 13195, 15873, 12815, 14291, 14515, 118, 4892, 14985, 9551, 12654, 4739, 927, 12176, 9523, 11726, 18187, 5880, 2569, 3386, 13942, 3390, 15774, 129, 65, 12922, 8422, 12692, 16213, 11515, 2111, 8347, 10758, 14064, 4401, 17782, 15621, 6709, 14716, 4091, 13964, 8424, 4218, 7249, 11311, 11171, 18564, 14755, 7114, 14009, 14815, 294, 495, 7684, 6833, 4046, 3505, 16995, 17858, 7761, 15803, 9840, 13958, 8226, 10369, 12497, 17142, 1748, 2854, 7159, 11539, 11055, 13337, 17173, 14214, 6803, 11144, 12649, 283, 15489, 13174, 7015, 610, 7030, 18206, 14077, 15468, 14962, 8046, 7809, 17387, 16034, 16678, 1173, 3502, 12942, 15655, 16859, 7099, 1673, 446, 1365, 5881, 3713, 11697, 1897, 16001, 1702, 14149, 11876, 9341, 4325, 6923, 2001, 138, 3276, 18716, 17604, 10501, 115, 12800, 6111, 11148, 4549, 16057, 4707, 6843, 16091, 4295, 7519, 13708, 12409, 11018, 5052, 13566, 14715, 12755, 793, 10837, 1888, 12375, 3935, 5763, 11791, 11258, 13264, 11469, 4683, 8905, 1853, 11600, 4421, 2798, 5074, 18141, 13807, 8595, 8126, 13837, 8060, 6956, 11767, 14560, 9389, 15261, 1232, 12560, 7262, 11504, 3546, 4627, 1177, 517, 4008, 9219, 17696, 4148, 14124, 13243, 11235, 7561, 8331, 16320, 3591, 11341, 4015, 12028, 14929, 18601, 3528, 14065, 1510, 19191, 13833, 17616, 10869, 17689, 831, 16725, 6319, 15465, 10467, 8162, 13563, 7728, 10778, 13545, 12290, 16480, 14401, 12838, 4212, 17529, 4832, 15111, 12690, 10373, 7596, 18614, 17477, 1043, 13100, 4774, 17479, 3774, 9302, 3901, 13071, 6412, 9516, 1261, 3054, 13522, 17602, 14343, 18500, 10957, 2791, 9624, 3634, 17904, 5709, 14670, 11058, 7087, 7435, 13848, 82, 5565, 2562, 14029, 3583, 1676, 12709, 18473, 3158, 12787, 8068, 8263, 16146, 3593, 1802, 1861, 3348, 4487, 17749, 6105, 10471, 17472, 10200, 1182, 14180, 1076, 10156, 4839, 9903, 4879, 9720, 2157, 15344, 16067, 3064, 17182, 5368, 4987, 18484, 18923, 11896, 1052, 15727, 15289, 5885, 1933, 5251, 17072, 6038, 6195, 13524, 6606, 18506, 17536, 6784, 3231, 14121, 8925, 10030, 803, 13764, 146, 19268, 14099, 4130, 16372, 1537, 12248, 13718, 17187, 11728, 1740, 19233, 5600, 4092, 4779, 6028, 3395, 16152, 19150, 2417, 11980, 11237, 8427, 18127, 3538, 9257, 607, 2078, 18457, 5802, 3435, 15019, 4256, 9221, 13465, 11742, 5788, 9528, 17493, 4607, 3131, 6616, 5356, 1550, 4617, 8827, 849, 2601, 4437, 17861, 10261, 15704, 3890, 8149, 12063, 3086, 15925, 12301, 6847, 5603, 7768, 3187, 13372, 9258, 6584, 7594, 2603, 1835, 17380, 17193, 15251, 15937, 18731, 4082, 14911, 16626, 8824, 16208, 10167, 17711, 9678, 15852, 13620, 16479, 14586, 2446, 4866, 1315, 7746, 10615, 7927, 2443, 7157, 13506, 18410, 10494]",4932,1500,3,False,1500
1817,general quirky,calendar query,7,True,False,False,"{21: 26, 33: 14, 2: 18, 29: 13, 25: 57, 43: 9, 57: 16, 49: 16, 61: 14, 67: 52, 65: 21, 50: 28, 15: 53, 6: 13, 46: 15, 27: 69, 7: 65, 48: 67, 19: 21, 31: 14, 63: 26, 22: 39, 9: 79, 26: 40, 47: 15, 53: 66, 11: 19, 51: 26, 54: 9, 13: 32, 17: 37, 52: 30, 39: 27, 38: 19, 1: 6, 59: 33, 56: 23, 32: 9, 8: 25, 4: 12, 20: 26, 24: 7, 18: 31, 42: 7, 28: 31, 45: 57, 0: 13, 66: 11, 62: 11, 35: 7, 64: 15, 37: 2, 40: 25, 3: 3, 14: 5, 12: 8, 16: 15, 55: 16, 30: 13, 58: 6, 36: 4, 60: 5, 5: 3, 41: 2, 44: 2, 34: 2}","[12686, 3384, 6034, 14374, 14516, 14680, 18580, 5912, 661, 4433, 14182, 14634, 14672, 13694, 17233, 12320, 12666, 7276, 14925, 15315, 1125, 14820, 3769, 14096, 12401, 14972, 14176, 4685, 4278, 5735, 7514, 16051, 15882, 4696, 17145, 19193, 12994, 9901, 13641, 15193, 6739, 9240, 1608, 14664, 18117, 5676, 15714, 5964, 5329, 16651, 15936, 14441, 15878, 18316, 14255, 18692, 5858, 4640, 10716, 13839, 16635, 2097, 11464, 12427, 2320, 14629, 7617, 16183, 16205, 2170, 4384, 6683, 5285, 18707, 6780, 4231, 2404, 4895, 18091, 2944, 13054, 3904, 3491, 9455, 15985, 10432, 8657, 15304, 9114, 5838, 5197, 17244, 6207, 3970, 17246, 3950, 6168, 8697, 6800, 9942, 11118, 8582, 6355, 15275, 4581, 12724, 11921, 1833, 523, 7619, 15729, 176, 8576, 3101, 1573, 1283, 11796, 11277, 2547, 1738, 6806, 15187, 7129, 5179, 5854, 16373, 9231, 6270, 777, 2062, 13249, 4144, 6325, 3924, 5350, 14414, 3142, 2249, 6444, 13582, 2833, 18030, 6483, 18404, 15057, 7482, 15001, 15872, 14584, 10835, 954, 7257, 1381, 17819, 17518, 6497, 14430, 4901, 16466, 10805, 132, 7506, 755, 14427, 12119, 16613, 19042, 14994, 11257, 8042, 2144, 5966, 1580, 8010, 2550, 10684, 14088, 5037, 8764, 17076, 14185, 15984, 5299, 16601, 19182, 13197, 14561, 12605, 17010, 2703, 6715, 11207, 10188, 212, 2293, 17676, 1720, 5934, 112, 8568, 15870, 3226, 4524, 4431, 5141, 5383, 7609, 12807, 19001, 14368, 6704, 14903, 4172, 117, 18698, 1699, 16558, 7518, 10618, 2110, 10308, 7828, 6623, 17644, 4449, 951, 13858, 15106, 8402, 916, 4771, 8608, 6448, 6656, 13547, 2814, 8336, 8093, 6398, 637, 9909, 10621, 786, 14146, 17292, 9457, 3, 2884, 14785, 10504, 16361, 8181, 17690, 654, 11067, 18741, 386, 18208, 10130, 8079, 7082, 14740, 8076, 18619, 14428, 10992, 12679, 9431, 18328, 13606, 7641, 13542, 1002, 11975, 15646, 19078, 1352, 8683, 16053, 11763, 14823, 7059, 4995, 3754, 6213, 10090, 19084, 1973, 8131, 5353, 836, 13960, 3217, 4885, 9645, 16941, 14750, 13171, 9132, 1355, 4440, 15747, 8233, 6008, 12781, 16749, 13905, 18198, 5033, 2910, 16502, 1233, 965, 16926, 3944, 13518, 18213, 12739, 9972, 14609, 5764, 6128, 9532, 12680, 3672, 5458, 6822, 11547, 3163, 8040, 14081, 8369, 18182, 17541, 11552, 12451, 15074, 1783, 17730, 1690, 16992, 2490, 2459, 18065, 320, 18311, 45, 9495, 4572, 544, 12731, 16811, 15096, 14957, 4594, 16607, 2449, 7791, 13659, 8892, 1713, 17336, 6598, 13832, 10495, 18937, 3067, 3473, 12715, 13492, 14787, 16503, 17899, 16638, 2408, 7141, 10590, 2917, 14650, 12571, 4321, 2855, 1829, 3736, 3381, 11069, 16093, 15201, 14311, 9836, 18289, 16899, 897, 13981, 12223, 8884, 15721, 7778, 13648, 5737, 6550, 19249, 2715, 447, 12941, 8915, 18963, 16291, 760, 5869, 3635, 3439, 6740, 5003, 3174, 2945, 16056, 4860, 11216, 7363, 1147, 12124, 9764, 11245, 4361, 7784, 16285, 17057, 11203, 5114, 17655, 12056, 17890, 7741, 15799, 10258, 16088, 19222, 15303, 1433, 5991, 322, 2322, 3156, 9940, 7814, 17068, 16968, 10018, 1991, 11946, 8705, 10371, 4619, 11074, 2034, 15550, 11743, 18666, 13494, 14175, 13948, 15123, 11154, 10397, 1701, 4770, 839, 12085, 16500, 16241, 1535, 18782, 2221, 539, 18405, 4245, 103, 1571, 16945, 12196, 9441, 1732, 1367, 3596, 4794, 7230, 5245, 17483, 2955, 2003, 11509, 4044, 12934, 3456, 16693, 593, 4582, 14076, 10972, 1965, 7227, 14324, 8658, 3772, 8355, 11889, 1908, 2684, 10026, 1666, 16507, 5589, 9295, 8389, 2099, 18653, 13808, 19147, 6675, 10970, 2788, 19028, 16983, 16166, 9845, 8160, 11381, 10088, 10333, 11716, 14695, 12697, 4365, 3747, 17296, 11904, 74, 7047, 10639, 13094, 940, 10478, 2032, 6642, 14896, 10840, 5430, 5556, 12597, 2183, 18403, 4252, 14613, 18283, 8790, 12140, 13540, 13353, 14114, 13297, 4056, 14038, 11299, 13770, 11433, 14285, 1526, 1955, 15711, 255, 12481, 612, 1635, 4886, 357, 11434, 9524, 13106, 2607, 5391, 9406, 2331, 624, 2749, 17849, 9829, 11436, 18426, 9481, 18550, 15647, 532, 11720, 11824, 15610, 15741, 7902, 13558, 17967, 14539, 17889, 4631, 1238, 16921, 7787, 15293, 3108, 8215, 2851, 4514, 12938, 16730, 17178, 4890, 17960, 4725, 7917, 3191, 8231, 16341, 8195, 10913, 2173, 5557, 2637, 16896, 5806, 1815, 1451, 8864, 2290, 12108, 5328, 6203, 2431, 7508, 17898, 17188, 6897, 1199, 15526, 18437, 6631, 8644, 16917, 14964, 14233, 2454, 584, 4830, 7199, 4180, 14889, 5761, 13756, 6917, 7756, 18880, 15095, 1816, 14070, 16252, 7429, 16589, 1631, 15968, 15221, 12478, 18594, 1477, 5637, 12058, 1205, 13397, 9107, 18654, 1968, 3759, 13147, 14144, 14973, 12452, 18020, 13592, 17920, 13687, 11335, 7207, 418, 7834, 778, 12982, 10688, 9031, 509, 9601, 9780, 17040, 12023, 3916, 91, 6536, 18535, 7547, 15240, 707, 14533, 15064, 17012, 16805, 8637, 5969, 16221, 1940, 13307, 4717, 12615, 18220, 11028, 12170, 1743, 2376, 12415, 14220, 18827, 1294, 18543, 6977, 15309, 11778, 11842, 17103, 3857, 4637, 12162, 19169, 17166, 18237, 17818, 9507, 19022, 5790, 19112, 15611, 1118, 15184, 18703, 1817, 15530, 16579, 8437, 11839, 11378, 3537, 9205, 9217, 16272, 18759, 16828, 12002, 8348, 1723, 3481, 14115, 379, 8544, 264, 6015, 7672, 2253, 7364, 3706, 13796, 17139, 16125, 12059, 9623, 7185, 2418, 18230, 3087, 281, 4379, 1796, 8459, 4400, 17824, 2736, 16446, 13525, 15341, 3275, 7872, 1662, 7557, 4319, 15442, 7181, 10456, 4963, 17048, 16943, 12784, 3441, 5240, 9975, 13216, 17702, 11594, 13554, 6165, 19168, 16070, 3540, 3262, 10661, 4061, 13173, 2875, 17014, 4349, 10818, 8428, 16764, 14232, 8930, 15734, 17680, 7069, 15684, 17050, 18987, 6914, 6863, 19263, 10595, 150, 10039, 2722, 18223, 16444, 6559, 7258, 2661, 7699, 17136, 12773, 4247, 5723, 15194, 1696, 1500, 2807, 9893, 11835, 13240, 18313, 17107, 10265, 10244, 5570, 2862, 14049, 1012, 12861, 723, 9583, 17461, 10056, 1264, 8297, 3716, 14666, 15259, 13531, 543, 13723, 16810, 6700, 3516, 13766, 7186, 10692, 6321, 15484, 14547, 8744, 3703, 10383, 16829, 6366, 6846, 3906, 2021, 18133, 857, 279, 12232, 10212, 10541, 12325, 13475, 1225, 937, 6966, 10881, 16936, 18502, 1440, 11914, 3326, 5633, 14913, 4623, 10743, 12361, 17335, 1072, 5043, 14810, 15077, 3255, 17215, 6553, 17852, 4801, 6962, 3060, 9430, 8799, 13824, 188, 15175, 15163, 4733, 5011, 3536, 17635, 6532, 14071, 6112, 17158, 6597, 11272, 105, 19219, 5013, 12483, 201, 6848, 17033, 6367, 7859, 14702, 18844, 7053, 18694, 15670, 636, 10129, 6378, 5369, 7273, 16247, 9142, 15345, 16817, 14854, 2600, 15783, 889, 11833, 6612, 2068, 2427, 7062, 7918, 16181, 5464, 8339, 8950, 8453, 16423, 6064, 2380, 4268, 13929, 12974, 19141, 1299, 2484, 3883, 3273, 8772, 13256, 11239, 5766, 18098, 12705, 11004, 2695, 10048, 10960, 2766, 15661, 13258, 8015, 6032, 16397, 7749, 19039, 7634, 15076, 4234, 15114, 8475, 8091, 19220, 18004, 9704, 13918, 15569, 16443, 10015, 9943, 7817, 9349, 2588, 8249, 398, 5316, 15538, 18372, 13559, 2937, 2803, 16248, 6155, 630, 9911, 13190, 19157, 15788, 13248, 13148, 1320, 12074, 8471, 8798, 3213, 12418, 814, 2402, 12718, 12397, 10564, 9875, 10128, 6947, 9491, 17707, 3266, 19196, 14309, 18523, 19043, 17975, 18063, 11618, 15016, 14434, 7680, 1739, 18029, 11694, 1745, 9271, 5189, 9561, 11283, 14978, 10753, 16017, 12914, 978, 2828, 17257, 13135, 5061, 121, 6602, 16015, 19271, 12159, 1244, 8260, 13195, 15873, 12815, 14291, 14515, 118, 4892, 14985, 9551, 12654, 4739, 927, 12176, 9523, 11726, 18187, 5880, 2569, 3386, 13942, 3390, 15774, 129, 65, 12922, 8422, 12692, 16213, 11515, 2111, 8347, 10758, 14064, 4401, 17782, 15621, 6709, 14716, 4091, 13964, 8424, 4218, 7249, 11311, 11171, 18564, 14755, 7114, 14009, 14815, 294, 495, 7684, 6833, 4046, 3505, 16995, 17858, 7761, 15803, 9840, 13958, 8226, 10369, 12497, 17142, 1748, 2854, 7159, 11539, 11055, 13337, 17173, 14214, 6803, 11144, 12649, 283, 15489, 13174, 7015, 610, 7030, 18206, 14077, 15468, 14962, 8046, 7809, 17387, 16034, 16678, 1173, 3502, 12942, 15655, 16859, 7099, 1673, 446, 1365, 5881, 3713, 11697, 1897, 16001, 1702, 14149, 11876, 9341, 4325, 6923, 2001, 138, 3276, 18716, 17604, 10501, 115, 12800, 6111, 11148, 4549, 16057, 4707, 6843, 16091, 4295, 7519, 13708, 12409, 11018, 5052, 13566, 14715, 12755, 793, 10837, 1888, 12375, 3935, 5763, 11791, 11258, 13264, 11469, 4683, 8905, 1853, 11600, 4421, 2798, 5074, 18141, 13807, 8595, 8126, 13837, 8060, 6956, 11767, 14560, 9389, 15261, 1232, 12560, 7262, 11504, 3546, 4627, 1177, 517, 4008, 9219, 17696, 4148, 14124, 13243, 11235, 7561, 8331, 16320, 3591, 11341, 4015, 12028, 14929, 18601, 3528, 14065, 1510, 19191, 13833, 17616, 10869, 17689, 831, 16725, 6319, 15465, 10467, 8162, 13563, 7728, 10778, 13545, 12290, 16480, 14401, 12838, 4212, 17529, 4832, 15111, 12690, 10373, 7596, 18614, 17477, 1043, 13100, 4774, 17479, 3774, 9302, 3901, 13071, 6412, 9516, 1261, 3054, 13522, 17602, 14343, 18500, 10957, 2791, 9624, 3634, 17904, 5709, 14670, 11058, 7087, 7435, 13848, 82, 5565, 2562, 14029, 3583, 1676, 12709, 18473, 3158, 12787, 8068, 8263, 16146, 3593, 1802, 1861, 3348, 4487, 17749, 6105, 10471, 17472, 10200, 1182, 14180, 1076, 10156, 4839, 9903, 4879, 9720, 2157, 15344, 16067, 3064, 17182, 5368, 4987, 18484, 18923, 11896, 1052, 15727, 15289, 5885, 1933, 5251, 17072, 6038, 6195, 13524, 6606, 18506, 17536, 6784, 3231, 14121, 8925, 10030, 803, 13764, 146, 19268, 14099, 4130, 16372, 1537, 12248, 13718, 17187, 11728, 1740, 19233, 5600, 4092, 4779, 6028, 3395, 16152, 19150, 2417, 11980, 11237, 8427, 18127, 3538, 9257, 607, 2078, 18457, 5802, 3435, 15019, 4256, 9221, 13465, 11742, 5788, 9528, 17493, 4607, 3131, 6616, 5356, 1550, 4617, 8827, 849, 2601, 4437, 17861, 10261, 15704, 3890, 8149, 12063, 3086, 15925, 12301, 6847, 5603, 7768, 3187, 13372, 9258, 6584, 7594, 2603, 1835, 17380, 17193, 15251, 15937, 18731, 4082, 14911, 16626, 8824, 16208, 10167, 17711, 9678, 15852, 13620, 16479, 14586, 2446, 4866, 1315, 7746, 10615, 7927, 2443, 7157, 13506, 18410, 10494]",1817,1500,3,False,1500
4445,calendar query,general qu,27,True,False,True,"{21: 26, 33: 14, 2: 18, 29: 13, 25: 57, 43: 9, 57: 16, 49: 16, 61: 14, 67: 52, 65: 21, 50: 28, 15: 53, 6: 13, 46: 15, 27: 69, 7: 65, 48: 67, 19: 21, 31: 14, 63: 26, 22: 39, 9: 79, 26: 40, 47: 15, 53: 66, 11: 19, 51: 26, 54: 9, 13: 32, 17: 37, 52: 30, 39: 27, 38: 19, 1: 6, 59: 33, 56: 23, 32: 9, 8: 25, 4: 12, 20: 26, 24: 7, 18: 31, 42: 7, 28: 31, 45: 57, 0: 13, 66: 11, 62: 11, 35: 7, 64: 15, 37: 2, 40: 25, 3: 3, 14: 5, 12: 8, 16: 15, 55: 16, 30: 13, 58: 6, 36: 4, 60: 5, 5: 3, 41: 2, 44: 2, 34: 2}","[12686, 3384, 6034, 14374, 14516, 14680, 18580, 5912, 661, 4433, 14182, 14634, 14672, 13694, 17233, 12320, 12666, 7276, 14925, 15315, 1125, 14820, 3769, 14096, 12401, 14972, 14176, 4685, 4278, 5735, 7514, 16051, 15882, 4696, 17145, 19193, 12994, 9901, 13641, 15193, 6739, 9240, 1608, 14664, 18117, 5676, 15714, 5964, 5329, 16651, 15936, 14441, 15878, 18316, 14255, 18692, 5858, 4640, 10716, 13839, 16635, 2097, 11464, 12427, 2320, 14629, 7617, 16183, 16205, 2170, 4384, 6683, 5285, 18707, 6780, 4231, 2404, 4895, 18091, 2944, 13054, 3904, 3491, 9455, 15985, 10432, 8657, 15304, 9114, 5838, 5197, 17244, 6207, 3970, 17246, 3950, 6168, 8697, 6800, 9942, 11118, 8582, 6355, 15275, 4581, 12724, 11921, 1833, 523, 7619, 15729, 176, 8576, 3101, 1573, 1283, 11796, 11277, 2547, 1738, 6806, 15187, 7129, 5179, 5854, 16373, 9231, 6270, 777, 2062, 13249, 4144, 6325, 3924, 5350, 14414, 3142, 2249, 6444, 13582, 2833, 18030, 6483, 18404, 15057, 7482, 15001, 15872, 14584, 10835, 954, 7257, 1381, 17819, 17518, 6497, 14430, 4901, 16466, 10805, 132, 7506, 755, 14427, 12119, 16613, 19042, 14994, 11257, 8042, 2144, 5966, 1580, 8010, 2550, 10684, 14088, 5037, 8764, 17076, 14185, 15984, 5299, 16601, 19182, 13197, 14561, 12605, 17010, 2703, 6715, 11207, 10188, 212, 2293, 17676, 1720, 5934, 112, 8568, 15870, 3226, 4524, 4431, 5141, 5383, 7609, 12807, 19001, 14368, 6704, 14903, 4172, 117, 18698, 1699, 16558, 7518, 10618, 2110, 10308, 7828, 6623, 17644, 4449, 951, 13858, 15106, 8402, 916, 4771, 8608, 6448, 6656, 13547, 2814, 8336, 8093, 6398, 637, 9909, 10621, 786, 14146, 17292, 9457, 3, 2884, 14785, 10504, 16361, 8181, 17690, 654, 11067, 18741, 386, 18208, 10130, 8079, 7082, 14740, 8076, 18619, 14428, 10992, 12679, 9431, 18328, 13606, 7641, 13542, 1002, 11975, 15646, 19078, 1352, 8683, 16053, 11763, 14823, 7059, 4995, 3754, 6213, 10090, 19084, 1973, 8131, 5353, 836, 13960, 3217, 4885, 9645, 16941, 14750, 13171, 9132, 1355, 4440, 15747, 8233, 6008, 12781, 16749, 13905, 18198, 5033, 2910, 16502, 1233, 965, 16926, 3944, 13518, 18213, 12739, 9972, 14609, 5764, 6128, 9532, 12680, 3672, 5458, 6822, 11547, 3163, 8040, 14081, 8369, 18182, 17541, 11552, 12451, 15074, 1783, 17730, 1690, 16992, 2490, 2459, 18065, 320, 18311, 45, 9495, 4572, 544, 12731, 16811, 15096, 14957, 4594, 16607, 2449, 7791, 13659, 8892, 1713, 17336, 6598, 13832, 10495, 18937, 3067, 3473, 12715, 13492, 14787, 16503, 17899, 16638, 2408, 7141, 10590, 2917, 14650, 12571, 4321, 2855, 1829, 3736, 3381, 11069, 16093, 15201, 14311, 9836, 18289, 16899, 897, 13981, 12223, 8884, 15721, 7778, 13648, 5737, 6550, 19249, 2715, 447, 12941, 8915, 18963, 16291, 760, 5869, 3635, 3439, 6740, 5003, 3174, 2945, 16056, 4860, 11216, 7363, 1147, 12124, 9764, 11245, 4361, 7784, 16285, 17057, 11203, 5114, 17655, 12056, 17890, 7741, 15799, 10258, 16088, 19222, 15303, 1433, 5991, 322, 2322, 3156, 9940, 7814, 17068, 16968, 10018, 1991, 11946, 8705, 10371, 4619, 11074, 2034, 15550, 11743, 18666, 13494, 14175, 13948, 15123, 11154, 10397, 1701, 4770, 839, 12085, 16500, 16241, 1535, 18782, 2221, 539, 18405, 4245, 103, 1571, 16945, 12196, 9441, 1732, 1367, 3596, 4794, 7230, 5245, 17483, 2955, 2003, 11509, 4044, 12934, 3456, 16693, 593, 4582, 14076, 10972, 1965, 7227, 14324, 8658, 3772, 8355, 11889, 1908, 2684, 10026, 1666, 16507, 5589, 9295, 8389, 2099, 18653, 13808, 19147, 6675, 10970, 2788, 19028, 16983, 16166, 9845, 8160, 11381, 10088, 10333, 11716, 14695, 12697, 4365, 3747, 17296, 11904, 74, 7047, 10639, 13094, 940, 10478, 2032, 6642, 14896, 10840, 5430, 5556, 12597, 2183, 18403, 4252, 14613, 18283, 8790, 12140, 13540, 13353, 14114, 13297, 4056, 14038, 11299, 13770, 11433, 14285, 1526, 1955, 15711, 255, 12481, 612, 1635, 4886, 357, 11434, 9524, 13106, 2607, 5391, 9406, 2331, 624, 2749, 17849, 9829, 11436, 18426, 9481, 18550, 15647, 532, 11720, 11824, 15610, 15741, 7902, 13558, 17967, 14539, 17889, 4631, 1238, 16921, 7787, 15293, 3108, 8215, 2851, 4514, 12938, 16730, 17178, 4890, 17960, 4725, 7917, 3191, 8231, 16341, 8195, 10913, 2173, 5557, 2637, 16896, 5806, 1815, 1451, 8864, 2290, 12108, 5328, 6203, 2431, 7508, 17898, 17188, 6897, 1199, 15526, 18437, 6631, 8644, 16917, 14964, 14233, 2454, 584, 4830, 7199, 4180, 14889, 5761, 13756, 6917, 7756, 18880, 15095, 1816, 14070, 16252, 7429, 16589, 1631, 15968, 15221, 12478, 18594, 1477, 5637, 12058, 1205, 13397, 9107, 18654, 1968, 3759, 13147, 14144, 14973, 12452, 18020, 13592, 17920, 13687, 11335, 7207, 418, 7834, 778, 12982, 10688, 9031, 509, 9601, 9780, 17040, 12023, 3916, 91, 6536, 18535, 7547, 15240, 707, 14533, 15064, 17012, 16805, 8637, 5969, 16221, 1940, 13307, 4717, 12615, 18220, 11028, 12170, 1743, 2376, 12415, 14220, 18827, 1294, 18543, 6977, 15309, 11778, 11842, 17103, 3857, 4637, 12162, 19169, 17166, 18237, 17818, 9507, 19022, 5790, 19112, 15611, 1118, 15184, 18703, 1817, 15530, 16579, 8437, 11839, 11378, 3537, 9205, 9217, 16272, 18759, 16828, 12002, 8348, 1723, 3481, 14115, 379, 8544, 264, 6015, 7672, 2253, 7364, 3706, 13796, 17139, 16125, 12059, 9623, 7185, 2418, 18230, 3087, 281, 4379, 1796, 8459, 4400, 17824, 2736, 16446, 13525, 15341, 3275, 7872, 1662, 7557, 4319, 15442, 7181, 10456, 4963, 17048, 16943, 12784, 3441, 5240, 9975, 13216, 17702, 11594, 13554, 6165, 19168, 16070, 3540, 3262, 10661, 4061, 13173, 2875, 17014, 4349, 10818, 8428, 16764, 14232, 8930, 15734, 17680, 7069, 15684, 17050, 18987, 6914, 6863, 19263, 10595, 150, 10039, 2722, 18223, 16444, 6559, 7258, 2661, 7699, 17136, 12773, 4247, 5723, 15194, 1696, 1500, 2807, 9893, 11835, 13240, 18313, 17107, 10265, 10244, 5570, 2862, 14049, 1012, 12861, 723, 9583, 17461, 10056, 1264, 8297, 3716, 14666, 15259, 13531, 543, 13723, 16810, 6700, 3516, 13766, 7186, 10692, 6321, 15484, 14547, 8744, 3703, 10383, 16829, 6366, 6846, 3906, 2021, 18133, 857, 279, 12232, 10212, 10541, 12325, 13475, 1225, 937, 6966, 10881, 16936, 18502, 1440, 11914, 3326, 5633, 14913, 4623, 10743, 12361, 17335, 1072, 5043, 14810, 15077, 3255, 17215, 6553, 17852, 4801, 6962, 3060, 9430, 8799, 13824, 188, 15175, 15163, 4733, 5011, 3536, 17635, 6532, 14071, 6112, 17158, 6597, 11272, 105, 19219, 5013, 12483, 201, 6848, 17033, 6367, 7859, 14702, 18844, 7053, 18694, 15670, 636, 10129, 6378, 5369, 7273, 16247, 9142, 15345, 16817, 14854, 2600, 15783, 889, 11833, 6612, 2068, 2427, 7062, 7918, 16181, 5464, 8339, 8950, 8453, 16423, 6064, 2380, 4268, 13929, 12974, 19141, 1299, 2484, 3883, 3273, 8772, 13256, 11239, 5766, 18098, 12705, 11004, 2695, 10048, 10960, 2766, 15661, 13258, 8015, 6032, 16397, 7749, 19039, 7634, 15076, 4234, 15114, 8475, 8091, 19220, 18004, 9704, 13918, 15569, 16443, 10015, 9943, 7817, 9349, 2588, 8249, 398, 5316, 15538, 18372, 13559, 2937, 2803, 16248, 6155, 630, 9911, 13190, 19157, 15788, 13248, 13148, 1320, 12074, 8471, 8798, 3213, 12418, 814, 2402, 12718, 12397, 10564, 9875, 10128, 6947, 9491, 17707, 3266, 19196, 14309, 18523, 19043, 17975, 18063, 11618, 15016, 14434, 7680, 1739, 18029, 11694, 1745, 9271, 5189, 9561, 11283, 14978, 10753, 16017, 12914, 978, 2828, 17257, 13135, 5061, 121, 6602, 16015, 19271, 12159, 1244, 8260, 13195, 15873, 12815, 14291, 14515, 118, 4892, 14985, 9551, 12654, 4739, 927, 12176, 9523, 11726, 18187, 5880, 2569, 3386, 13942, 3390, 15774, 129, 65, 12922, 8422, 12692, 16213, 11515, 2111, 8347, 10758, 14064, 4401, 17782, 15621, 6709, 14716, 4091, 13964, 8424, 4218, 7249, 11311, 11171, 18564, 14755, 7114, 14009, 14815, 294, 495, 7684, 6833, 4046, 3505, 16995, 17858, 7761, 15803, 9840, 13958, 8226, 10369, 12497, 17142, 1748, 2854, 7159, 11539, 11055, 13337, 17173, 14214, 6803, 11144, 12649, 283, 15489, 13174, 7015, 610, 7030, 18206, 14077, 15468, 14962, 8046, 7809, 17387, 16034, 16678, 1173, 3502, 12942, 15655, 16859, 7099, 1673, 446, 1365, 5881, 3713, 11697, 1897, 16001, 1702, 14149, 11876, 9341, 4325, 6923, 2001, 138, 3276, 18716, 17604, 10501, 115, 12800, 6111, 11148, 4549, 16057, 4707, 6843, 16091, 4295, 7519, 13708, 12409, 11018, 5052, 13566, 14715, 12755, 793, 10837, 1888, 12375, 3935, 5763, 11791, 11258, 13264, 11469, 4683, 8905, 1853, 11600, 4421, 2798, 5074, 18141, 13807, 8595, 8126, 13837, 8060, 6956, 11767, 14560, 9389, 15261, 1232, 12560, 7262, 11504, 3546, 4627, 1177, 517, 4008, 9219, 17696, 4148, 14124, 13243, 11235, 7561, 8331, 16320, 3591, 11341, 4015, 12028, 14929, 18601, 3528, 14065, 1510, 19191, 13833, 17616, 10869, 17689, 831, 16725, 6319, 15465, 10467, 8162, 13563, 7728, 10778, 13545, 12290, 16480, 14401, 12838, 4212, 17529, 4832, 15111, 12690, 10373, 7596, 18614, 17477, 1043, 13100, 4774, 17479, 3774, 9302, 3901, 13071, 6412, 9516, 1261, 3054, 13522, 17602, 14343, 18500, 10957, 2791, 9624, 3634, 17904, 5709, 14670, 11058, 7087, 7435, 13848, 82, 5565, 2562, 14029, 3583, 1676, 12709, 18473, 3158, 12787, 8068, 8263, 16146, 3593, 1802, 1861, 3348, 4487, 17749, 6105, 10471, 17472, 10200, 1182, 14180, 1076, 10156, 4839, 9903, 4879, 9720, 2157, 15344, 16067, 3064, 17182, 5368, 4987, 18484, 18923, 11896, 1052, 15727, 15289, 5885, 1933, 5251, 17072, 6038, 6195, 13524, 6606, 18506, 17536, 6784, 3231, 14121, 8925, 10030, 803, 13764, 146, 19268, 14099, 4130, 16372, 1537, 12248, 13718, 17187, 11728, 1740, 19233, 5600, 4092, 4779, 6028, 3395, 16152, 19150, 2417, 11980, 11237, 8427, 18127, 3538, 9257, 607, 2078, 18457, 5802, 3435, 15019, 4256, 9221, 13465, 11742, 5788, 9528, 17493, 4607, 3131, 6616, 5356, 1550, 4617, 8827, 849, 2601, 4437, 17861, 10261, 15704, 3890, 8149, 12063, 3086, 15925, 12301, 6847, 5603, 7768, 3187, 13372, 9258, 6584, 7594, 2603, 1835, 17380, 17193, 15251, 15937, 18731, 4082, 14911, 16626, 8824, 16208, 10167, 17711, 9678, 15852, 13620, 16479, 14586, 2446, 4866, 1315, 7746, 10615, 7927, 2443, 7157, 13506, 18410, 10494]",4445,1500,3,False,1500
813,play game,general repeat,28,True,False,True,"{21: 26, 33: 14, 2: 18, 29: 13, 25: 57, 43: 9, 57: 16, 49: 16, 61: 14, 67: 52, 65: 21, 50: 28, 15: 53, 6: 13, 46: 15, 27: 69, 7: 65, 48: 67, 19: 21, 31: 14, 63: 26, 22: 39, 9: 79, 26: 40, 47: 15, 53: 66, 11: 19, 51: 26, 54: 9, 13: 32, 17: 37, 52: 30, 39: 27, 38: 19, 1: 6, 59: 33, 56: 23, 32: 9, 8: 25, 4: 12, 20: 26, 24: 7, 18: 31, 42: 7, 28: 31, 45: 57, 0: 13, 66: 11, 62: 11, 35: 7, 64: 15, 37: 2, 40: 25, 3: 3, 14: 5, 12: 8, 16: 15, 55: 16, 30: 13, 58: 6, 36: 4, 60: 5, 5: 3, 41: 2, 44: 2, 34: 2}","[12686, 3384, 6034, 14374, 14516, 14680, 18580, 5912, 661, 4433, 14182, 14634, 14672, 13694, 17233, 12320, 12666, 7276, 14925, 15315, 1125, 14820, 3769, 14096, 12401, 14972, 14176, 4685, 4278, 5735, 7514, 16051, 15882, 4696, 17145, 19193, 12994, 9901, 13641, 15193, 6739, 9240, 1608, 14664, 18117, 5676, 15714, 5964, 5329, 16651, 15936, 14441, 15878, 18316, 14255, 18692, 5858, 4640, 10716, 13839, 16635, 2097, 11464, 12427, 2320, 14629, 7617, 16183, 16205, 2170, 4384, 6683, 5285, 18707, 6780, 4231, 2404, 4895, 18091, 2944, 13054, 3904, 3491, 9455, 15985, 10432, 8657, 15304, 9114, 5838, 5197, 17244, 6207, 3970, 17246, 3950, 6168, 8697, 6800, 9942, 11118, 8582, 6355, 15275, 4581, 12724, 11921, 1833, 523, 7619, 15729, 176, 8576, 3101, 1573, 1283, 11796, 11277, 2547, 1738, 6806, 15187, 7129, 5179, 5854, 16373, 9231, 6270, 777, 2062, 13249, 4144, 6325, 3924, 5350, 14414, 3142, 2249, 6444, 13582, 2833, 18030, 6483, 18404, 15057, 7482, 15001, 15872, 14584, 10835, 954, 7257, 1381, 17819, 17518, 6497, 14430, 4901, 16466, 10805, 132, 7506, 755, 14427, 12119, 16613, 19042, 14994, 11257, 8042, 2144, 5966, 1580, 8010, 2550, 10684, 14088, 5037, 8764, 17076, 14185, 15984, 5299, 16601, 19182, 13197, 14561, 12605, 17010, 2703, 6715, 11207, 10188, 212, 2293, 17676, 1720, 5934, 112, 8568, 15870, 3226, 4524, 4431, 5141, 5383, 7609, 12807, 19001, 14368, 6704, 14903, 4172, 117, 18698, 1699, 16558, 7518, 10618, 2110, 10308, 7828, 6623, 17644, 4449, 951, 13858, 15106, 8402, 916, 4771, 8608, 6448, 6656, 13547, 2814, 8336, 8093, 6398, 637, 9909, 10621, 786, 14146, 17292, 9457, 3, 2884, 14785, 10504, 16361, 8181, 17690, 654, 11067, 18741, 386, 18208, 10130, 8079, 7082, 14740, 8076, 18619, 14428, 10992, 12679, 9431, 18328, 13606, 7641, 13542, 1002, 11975, 15646, 19078, 1352, 8683, 16053, 11763, 14823, 7059, 4995, 3754, 6213, 10090, 19084, 1973, 8131, 5353, 836, 13960, 3217, 4885, 9645, 16941, 14750, 13171, 9132, 1355, 4440, 15747, 8233, 6008, 12781, 16749, 13905, 18198, 5033, 2910, 16502, 1233, 965, 16926, 3944, 13518, 18213, 12739, 9972, 14609, 5764, 6128, 9532, 12680, 3672, 5458, 6822, 11547, 3163, 8040, 14081, 8369, 18182, 17541, 11552, 12451, 15074, 1783, 17730, 1690, 16992, 2490, 2459, 18065, 320, 18311, 45, 9495, 4572, 544, 12731, 16811, 15096, 14957, 4594, 16607, 2449, 7791, 13659, 8892, 1713, 17336, 6598, 13832, 10495, 18937, 3067, 3473, 12715, 13492, 14787, 16503, 17899, 16638, 2408, 7141, 10590, 2917, 14650, 12571, 4321, 2855, 1829, 3736, 3381, 11069, 16093, 15201, 14311, 9836, 18289, 16899, 897, 13981, 12223, 8884, 15721, 7778, 13648, 5737, 6550, 19249, 2715, 447, 12941, 8915, 18963, 16291, 760, 5869, 3635, 3439, 6740, 5003, 3174, 2945, 16056, 4860, 11216, 7363, 1147, 12124, 9764, 11245, 4361, 7784, 16285, 17057, 11203, 5114, 17655, 12056, 17890, 7741, 15799, 10258, 16088, 19222, 15303, 1433, 5991, 322, 2322, 3156, 9940, 7814, 17068, 16968, 10018, 1991, 11946, 8705, 10371, 4619, 11074, 2034, 15550, 11743, 18666, 13494, 14175, 13948, 15123, 11154, 10397, 1701, 4770, 839, 12085, 16500, 16241, 1535, 18782, 2221, 539, 18405, 4245, 103, 1571, 16945, 12196, 9441, 1732, 1367, 3596, 4794, 7230, 5245, 17483, 2955, 2003, 11509, 4044, 12934, 3456, 16693, 593, 4582, 14076, 10972, 1965, 7227, 14324, 8658, 3772, 8355, 11889, 1908, 2684, 10026, 1666, 16507, 5589, 9295, 8389, 2099, 18653, 13808, 19147, 6675, 10970, 2788, 19028, 16983, 16166, 9845, 8160, 11381, 10088, 10333, 11716, 14695, 12697, 4365, 3747, 17296, 11904, 74, 7047, 10639, 13094, 940, 10478, 2032, 6642, 14896, 10840, 5430, 5556, 12597, 2183, 18403, 4252, 14613, 18283, 8790, 12140, 13540, 13353, 14114, 13297, 4056, 14038, 11299, 13770, 11433, 14285, 1526, 1955, 15711, 255, 12481, 612, 1635, 4886, 357, 11434, 9524, 13106, 2607, 5391, 9406, 2331, 624, 2749, 17849, 9829, 11436, 18426, 9481, 18550, 15647, 532, 11720, 11824, 15610, 15741, 7902, 13558, 17967, 14539, 17889, 4631, 1238, 16921, 7787, 15293, 3108, 8215, 2851, 4514, 12938, 16730, 17178, 4890, 17960, 4725, 7917, 3191, 8231, 16341, 8195, 10913, 2173, 5557, 2637, 16896, 5806, 1815, 1451, 8864, 2290, 12108, 5328, 6203, 2431, 7508, 17898, 17188, 6897, 1199, 15526, 18437, 6631, 8644, 16917, 14964, 14233, 2454, 584, 4830, 7199, 4180, 14889, 5761, 13756, 6917, 7756, 18880, 15095, 1816, 14070, 16252, 7429, 16589, 1631, 15968, 15221, 12478, 18594, 1477, 5637, 12058, 1205, 13397, 9107, 18654, 1968, 3759, 13147, 14144, 14973, 12452, 18020, 13592, 17920, 13687, 11335, 7207, 418, 7834, 778, 12982, 10688, 9031, 509, 9601, 9780, 17040, 12023, 3916, 91, 6536, 18535, 7547, 15240, 707, 14533, 15064, 17012, 16805, 8637, 5969, 16221, 1940, 13307, 4717, 12615, 18220, 11028, 12170, 1743, 2376, 12415, 14220, 18827, 1294, 18543, 6977, 15309, 11778, 11842, 17103, 3857, 4637, 12162, 19169, 17166, 18237, 17818, 9507, 19022, 5790, 19112, 15611, 1118, 15184, 18703, 1817, 15530, 16579, 8437, 11839, 11378, 3537, 9205, 9217, 16272, 18759, 16828, 12002, 8348, 1723, 3481, 14115, 379, 8544, 264, 6015, 7672, 2253, 7364, 3706, 13796, 17139, 16125, 12059, 9623, 7185, 2418, 18230, 3087, 281, 4379, 1796, 8459, 4400, 17824, 2736, 16446, 13525, 15341, 3275, 7872, 1662, 7557, 4319, 15442, 7181, 10456, 4963, 17048, 16943, 12784, 3441, 5240, 9975, 13216, 17702, 11594, 13554, 6165, 19168, 16070, 3540, 3262, 10661, 4061, 13173, 2875, 17014, 4349, 10818, 8428, 16764, 14232, 8930, 15734, 17680, 7069, 15684, 17050, 18987, 6914, 6863, 19263, 10595, 150, 10039, 2722, 18223, 16444, 6559, 7258, 2661, 7699, 17136, 12773, 4247, 5723, 15194, 1696, 1500, 2807, 9893, 11835, 13240, 18313, 17107, 10265, 10244, 5570, 2862, 14049, 1012, 12861, 723, 9583, 17461, 10056, 1264, 8297, 3716, 14666, 15259, 13531, 543, 13723, 16810, 6700, 3516, 13766, 7186, 10692, 6321, 15484, 14547, 8744, 3703, 10383, 16829, 6366, 6846, 3906, 2021, 18133, 857, 279, 12232, 10212, 10541, 12325, 13475, 1225, 937, 6966, 10881, 16936, 18502, 1440, 11914, 3326, 5633, 14913, 4623, 10743, 12361, 17335, 1072, 5043, 14810, 15077, 3255, 17215, 6553, 17852, 4801, 6962, 3060, 9430, 8799, 13824, 188, 15175, 15163, 4733, 5011, 3536, 17635, 6532, 14071, 6112, 17158, 6597, 11272, 105, 19219, 5013, 12483, 201, 6848, 17033, 6367, 7859, 14702, 18844, 7053, 18694, 15670, 636, 10129, 6378, 5369, 7273, 16247, 9142, 15345, 16817, 14854, 2600, 15783, 889, 11833, 6612, 2068, 2427, 7062, 7918, 16181, 5464, 8339, 8950, 8453, 16423, 6064, 2380, 4268, 13929, 12974, 19141, 1299, 2484, 3883, 3273, 8772, 13256, 11239, 5766, 18098, 12705, 11004, 2695, 10048, 10960, 2766, 15661, 13258, 8015, 6032, 16397, 7749, 19039, 7634, 15076, 4234, 15114, 8475, 8091, 19220, 18004, 9704, 13918, 15569, 16443, 10015, 9943, 7817, 9349, 2588, 8249, 398, 5316, 15538, 18372, 13559, 2937, 2803, 16248, 6155, 630, 9911, 13190, 19157, 15788, 13248, 13148, 1320, 12074, 8471, 8798, 3213, 12418, 814, 2402, 12718, 12397, 10564, 9875, 10128, 6947, 9491, 17707, 3266, 19196, 14309, 18523, 19043, 17975, 18063, 11618, 15016, 14434, 7680, 1739, 18029, 11694, 1745, 9271, 5189, 9561, 11283, 14978, 10753, 16017, 12914, 978, 2828, 17257, 13135, 5061, 121, 6602, 16015, 19271, 12159, 1244, 8260, 13195, 15873, 12815, 14291, 14515, 118, 4892, 14985, 9551, 12654, 4739, 927, 12176, 9523, 11726, 18187, 5880, 2569, 3386, 13942, 3390, 15774, 129, 65, 12922, 8422, 12692, 16213, 11515, 2111, 8347, 10758, 14064, 4401, 17782, 15621, 6709, 14716, 4091, 13964, 8424, 4218, 7249, 11311, 11171, 18564, 14755, 7114, 14009, 14815, 294, 495, 7684, 6833, 4046, 3505, 16995, 17858, 7761, 15803, 9840, 13958, 8226, 10369, 12497, 17142, 1748, 2854, 7159, 11539, 11055, 13337, 17173, 14214, 6803, 11144, 12649, 283, 15489, 13174, 7015, 610, 7030, 18206, 14077, 15468, 14962, 8046, 7809, 17387, 16034, 16678, 1173, 3502, 12942, 15655, 16859, 7099, 1673, 446, 1365, 5881, 3713, 11697, 1897, 16001, 1702, 14149, 11876, 9341, 4325, 6923, 2001, 138, 3276, 18716, 17604, 10501, 115, 12800, 6111, 11148, 4549, 16057, 4707, 6843, 16091, 4295, 7519, 13708, 12409, 11018, 5052, 13566, 14715, 12755, 793, 10837, 1888, 12375, 3935, 5763, 11791, 11258, 13264, 11469, 4683, 8905, 1853, 11600, 4421, 2798, 5074, 18141, 13807, 8595, 8126, 13837, 8060, 6956, 11767, 14560, 9389, 15261, 1232, 12560, 7262, 11504, 3546, 4627, 1177, 517, 4008, 9219, 17696, 4148, 14124, 13243, 11235, 7561, 8331, 16320, 3591, 11341, 4015, 12028, 14929, 18601, 3528, 14065, 1510, 19191, 13833, 17616, 10869, 17689, 831, 16725, 6319, 15465, 10467, 8162, 13563, 7728, 10778, 13545, 12290, 16480, 14401, 12838, 4212, 17529, 4832, 15111, 12690, 10373, 7596, 18614, 17477, 1043, 13100, 4774, 17479, 3774, 9302, 3901, 13071, 6412, 9516, 1261, 3054, 13522, 17602, 14343, 18500, 10957, 2791, 9624, 3634, 17904, 5709, 14670, 11058, 7087, 7435, 13848, 82, 5565, 2562, 14029, 3583, 1676, 12709, 18473, 3158, 12787, 8068, 8263, 16146, 3593, 1802, 1861, 3348, 4487, 17749, 6105, 10471, 17472, 10200, 1182, 14180, 1076, 10156, 4839, 9903, 4879, 9720, 2157, 15344, 16067, 3064, 17182, 5368, 4987, 18484, 18923, 11896, 1052, 15727, 15289, 5885, 1933, 5251, 17072, 6038, 6195, 13524, 6606, 18506, 17536, 6784, 3231, 14121, 8925, 10030, 803, 13764, 146, 19268, 14099, 4130, 16372, 1537, 12248, 13718, 17187, 11728, 1740, 19233, 5600, 4092, 4779, 6028, 3395, 16152, 19150, 2417, 11980, 11237, 8427, 18127, 3538, 9257, 607, 2078, 18457, 5802, 3435, 15019, 4256, 9221, 13465, 11742, 5788, 9528, 17493, 4607, 3131, 6616, 5356, 1550, 4617, 8827, 849, 2601, 4437, 17861, 10261, 15704, 3890, 8149, 12063, 3086, 15925, 12301, 6847, 5603, 7768, 3187, 13372, 9258, 6584, 7594, 2603, 1835, 17380, 17193, 15251, 15937, 18731, 4082, 14911, 16626, 8824, 16208, 10167, 17711, 9678, 15852, 13620, 16479, 14586, 2446, 4866, 1315, 7746, 10615, 7927, 2443, 7157, 13506, 18410, 10494]",813,1500,3,False,1500
5438,qa definition,general qu,27,True,False,True,"{21: 26, 33: 14, 2: 18, 29: 13, 25: 57, 43: 9, 57: 16, 49: 16, 61: 14, 67: 52, 65: 21, 50: 28, 15: 53, 6: 13, 46: 15, 27: 69, 7: 65, 48: 67, 19: 21, 31: 14, 63: 26, 22: 39, 9: 79, 26: 40, 47: 15, 53: 66, 11: 19, 51: 26, 54: 9, 13: 32, 17: 37, 52: 30, 39: 27, 38: 19, 1: 6, 59: 33, 56: 23, 32: 9, 8: 25, 4: 12, 20: 26, 24: 7, 18: 31, 42: 7, 28: 31, 45: 57, 0: 13, 66: 11, 62: 11, 35: 7, 64: 15, 37: 2, 40: 25, 3: 3, 14: 5, 12: 8, 16: 15, 55: 16, 30: 13, 58: 6, 36: 4, 60: 5, 5: 3, 41: 2, 44: 2, 34: 2}","[12686, 3384, 6034, 14374, 14516, 14680, 18580, 5912, 661, 4433, 14182, 14634, 14672, 13694, 17233, 12320, 12666, 7276, 14925, 15315, 1125, 14820, 3769, 14096, 12401, 14972, 14176, 4685, 4278, 5735, 7514, 16051, 15882, 4696, 17145, 19193, 12994, 9901, 13641, 15193, 6739, 9240, 1608, 14664, 18117, 5676, 15714, 5964, 5329, 16651, 15936, 14441, 15878, 18316, 14255, 18692, 5858, 4640, 10716, 13839, 16635, 2097, 11464, 12427, 2320, 14629, 7617, 16183, 16205, 2170, 4384, 6683, 5285, 18707, 6780, 4231, 2404, 4895, 18091, 2944, 13054, 3904, 3491, 9455, 15985, 10432, 8657, 15304, 9114, 5838, 5197, 17244, 6207, 3970, 17246, 3950, 6168, 8697, 6800, 9942, 11118, 8582, 6355, 15275, 4581, 12724, 11921, 1833, 523, 7619, 15729, 176, 8576, 3101, 1573, 1283, 11796, 11277, 2547, 1738, 6806, 15187, 7129, 5179, 5854, 16373, 9231, 6270, 777, 2062, 13249, 4144, 6325, 3924, 5350, 14414, 3142, 2249, 6444, 13582, 2833, 18030, 6483, 18404, 15057, 7482, 15001, 15872, 14584, 10835, 954, 7257, 1381, 17819, 17518, 6497, 14430, 4901, 16466, 10805, 132, 7506, 755, 14427, 12119, 16613, 19042, 14994, 11257, 8042, 2144, 5966, 1580, 8010, 2550, 10684, 14088, 5037, 8764, 17076, 14185, 15984, 5299, 16601, 19182, 13197, 14561, 12605, 17010, 2703, 6715, 11207, 10188, 212, 2293, 17676, 1720, 5934, 112, 8568, 15870, 3226, 4524, 4431, 5141, 5383, 7609, 12807, 19001, 14368, 6704, 14903, 4172, 117, 18698, 1699, 16558, 7518, 10618, 2110, 10308, 7828, 6623, 17644, 4449, 951, 13858, 15106, 8402, 916, 4771, 8608, 6448, 6656, 13547, 2814, 8336, 8093, 6398, 637, 9909, 10621, 786, 14146, 17292, 9457, 3, 2884, 14785, 10504, 16361, 8181, 17690, 654, 11067, 18741, 386, 18208, 10130, 8079, 7082, 14740, 8076, 18619, 14428, 10992, 12679, 9431, 18328, 13606, 7641, 13542, 1002, 11975, 15646, 19078, 1352, 8683, 16053, 11763, 14823, 7059, 4995, 3754, 6213, 10090, 19084, 1973, 8131, 5353, 836, 13960, 3217, 4885, 9645, 16941, 14750, 13171, 9132, 1355, 4440, 15747, 8233, 6008, 12781, 16749, 13905, 18198, 5033, 2910, 16502, 1233, 965, 16926, 3944, 13518, 18213, 12739, 9972, 14609, 5764, 6128, 9532, 12680, 3672, 5458, 6822, 11547, 3163, 8040, 14081, 8369, 18182, 17541, 11552, 12451, 15074, 1783, 17730, 1690, 16992, 2490, 2459, 18065, 320, 18311, 45, 9495, 4572, 544, 12731, 16811, 15096, 14957, 4594, 16607, 2449, 7791, 13659, 8892, 1713, 17336, 6598, 13832, 10495, 18937, 3067, 3473, 12715, 13492, 14787, 16503, 17899, 16638, 2408, 7141, 10590, 2917, 14650, 12571, 4321, 2855, 1829, 3736, 3381, 11069, 16093, 15201, 14311, 9836, 18289, 16899, 897, 13981, 12223, 8884, 15721, 7778, 13648, 5737, 6550, 19249, 2715, 447, 12941, 8915, 18963, 16291, 760, 5869, 3635, 3439, 6740, 5003, 3174, 2945, 16056, 4860, 11216, 7363, 1147, 12124, 9764, 11245, 4361, 7784, 16285, 17057, 11203, 5114, 17655, 12056, 17890, 7741, 15799, 10258, 16088, 19222, 15303, 1433, 5991, 322, 2322, 3156, 9940, 7814, 17068, 16968, 10018, 1991, 11946, 8705, 10371, 4619, 11074, 2034, 15550, 11743, 18666, 13494, 14175, 13948, 15123, 11154, 10397, 1701, 4770, 839, 12085, 16500, 16241, 1535, 18782, 2221, 539, 18405, 4245, 103, 1571, 16945, 12196, 9441, 1732, 1367, 3596, 4794, 7230, 5245, 17483, 2955, 2003, 11509, 4044, 12934, 3456, 16693, 593, 4582, 14076, 10972, 1965, 7227, 14324, 8658, 3772, 8355, 11889, 1908, 2684, 10026, 1666, 16507, 5589, 9295, 8389, 2099, 18653, 13808, 19147, 6675, 10970, 2788, 19028, 16983, 16166, 9845, 8160, 11381, 10088, 10333, 11716, 14695, 12697, 4365, 3747, 17296, 11904, 74, 7047, 10639, 13094, 940, 10478, 2032, 6642, 14896, 10840, 5430, 5556, 12597, 2183, 18403, 4252, 14613, 18283, 8790, 12140, 13540, 13353, 14114, 13297, 4056, 14038, 11299, 13770, 11433, 14285, 1526, 1955, 15711, 255, 12481, 612, 1635, 4886, 357, 11434, 9524, 13106, 2607, 5391, 9406, 2331, 624, 2749, 17849, 9829, 11436, 18426, 9481, 18550, 15647, 532, 11720, 11824, 15610, 15741, 7902, 13558, 17967, 14539, 17889, 4631, 1238, 16921, 7787, 15293, 3108, 8215, 2851, 4514, 12938, 16730, 17178, 4890, 17960, 4725, 7917, 3191, 8231, 16341, 8195, 10913, 2173, 5557, 2637, 16896, 5806, 1815, 1451, 8864, 2290, 12108, 5328, 6203, 2431, 7508, 17898, 17188, 6897, 1199, 15526, 18437, 6631, 8644, 16917, 14964, 14233, 2454, 584, 4830, 7199, 4180, 14889, 5761, 13756, 6917, 7756, 18880, 15095, 1816, 14070, 16252, 7429, 16589, 1631, 15968, 15221, 12478, 18594, 1477, 5637, 12058, 1205, 13397, 9107, 18654, 1968, 3759, 13147, 14144, 14973, 12452, 18020, 13592, 17920, 13687, 11335, 7207, 418, 7834, 778, 12982, 10688, 9031, 509, 9601, 9780, 17040, 12023, 3916, 91, 6536, 18535, 7547, 15240, 707, 14533, 15064, 17012, 16805, 8637, 5969, 16221, 1940, 13307, 4717, 12615, 18220, 11028, 12170, 1743, 2376, 12415, 14220, 18827, 1294, 18543, 6977, 15309, 11778, 11842, 17103, 3857, 4637, 12162, 19169, 17166, 18237, 17818, 9507, 19022, 5790, 19112, 15611, 1118, 15184, 18703, 1817, 15530, 16579, 8437, 11839, 11378, 3537, 9205, 9217, 16272, 18759, 16828, 12002, 8348, 1723, 3481, 14115, 379, 8544, 264, 6015, 7672, 2253, 7364, 3706, 13796, 17139, 16125, 12059, 9623, 7185, 2418, 18230, 3087, 281, 4379, 1796, 8459, 4400, 17824, 2736, 16446, 13525, 15341, 3275, 7872, 1662, 7557, 4319, 15442, 7181, 10456, 4963, 17048, 16943, 12784, 3441, 5240, 9975, 13216, 17702, 11594, 13554, 6165, 19168, 16070, 3540, 3262, 10661, 4061, 13173, 2875, 17014, 4349, 10818, 8428, 16764, 14232, 8930, 15734, 17680, 7069, 15684, 17050, 18987, 6914, 6863, 19263, 10595, 150, 10039, 2722, 18223, 16444, 6559, 7258, 2661, 7699, 17136, 12773, 4247, 5723, 15194, 1696, 1500, 2807, 9893, 11835, 13240, 18313, 17107, 10265, 10244, 5570, 2862, 14049, 1012, 12861, 723, 9583, 17461, 10056, 1264, 8297, 3716, 14666, 15259, 13531, 543, 13723, 16810, 6700, 3516, 13766, 7186, 10692, 6321, 15484, 14547, 8744, 3703, 10383, 16829, 6366, 6846, 3906, 2021, 18133, 857, 279, 12232, 10212, 10541, 12325, 13475, 1225, 937, 6966, 10881, 16936, 18502, 1440, 11914, 3326, 5633, 14913, 4623, 10743, 12361, 17335, 1072, 5043, 14810, 15077, 3255, 17215, 6553, 17852, 4801, 6962, 3060, 9430, 8799, 13824, 188, 15175, 15163, 4733, 5011, 3536, 17635, 6532, 14071, 6112, 17158, 6597, 11272, 105, 19219, 5013, 12483, 201, 6848, 17033, 6367, 7859, 14702, 18844, 7053, 18694, 15670, 636, 10129, 6378, 5369, 7273, 16247, 9142, 15345, 16817, 14854, 2600, 15783, 889, 11833, 6612, 2068, 2427, 7062, 7918, 16181, 5464, 8339, 8950, 8453, 16423, 6064, 2380, 4268, 13929, 12974, 19141, 1299, 2484, 3883, 3273, 8772, 13256, 11239, 5766, 18098, 12705, 11004, 2695, 10048, 10960, 2766, 15661, 13258, 8015, 6032, 16397, 7749, 19039, 7634, 15076, 4234, 15114, 8475, 8091, 19220, 18004, 9704, 13918, 15569, 16443, 10015, 9943, 7817, 9349, 2588, 8249, 398, 5316, 15538, 18372, 13559, 2937, 2803, 16248, 6155, 630, 9911, 13190, 19157, 15788, 13248, 13148, 1320, 12074, 8471, 8798, 3213, 12418, 814, 2402, 12718, 12397, 10564, 9875, 10128, 6947, 9491, 17707, 3266, 19196, 14309, 18523, 19043, 17975, 18063, 11618, 15016, 14434, 7680, 1739, 18029, 11694, 1745, 9271, 5189, 9561, 11283, 14978, 10753, 16017, 12914, 978, 2828, 17257, 13135, 5061, 121, 6602, 16015, 19271, 12159, 1244, 8260, 13195, 15873, 12815, 14291, 14515, 118, 4892, 14985, 9551, 12654, 4739, 927, 12176, 9523, 11726, 18187, 5880, 2569, 3386, 13942, 3390, 15774, 129, 65, 12922, 8422, 12692, 16213, 11515, 2111, 8347, 10758, 14064, 4401, 17782, 15621, 6709, 14716, 4091, 13964, 8424, 4218, 7249, 11311, 11171, 18564, 14755, 7114, 14009, 14815, 294, 495, 7684, 6833, 4046, 3505, 16995, 17858, 7761, 15803, 9840, 13958, 8226, 10369, 12497, 17142, 1748, 2854, 7159, 11539, 11055, 13337, 17173, 14214, 6803, 11144, 12649, 283, 15489, 13174, 7015, 610, 7030, 18206, 14077, 15468, 14962, 8046, 7809, 17387, 16034, 16678, 1173, 3502, 12942, 15655, 16859, 7099, 1673, 446, 1365, 5881, 3713, 11697, 1897, 16001, 1702, 14149, 11876, 9341, 4325, 6923, 2001, 138, 3276, 18716, 17604, 10501, 115, 12800, 6111, 11148, 4549, 16057, 4707, 6843, 16091, 4295, 7519, 13708, 12409, 11018, 5052, 13566, 14715, 12755, 793, 10837, 1888, 12375, 3935, 5763, 11791, 11258, 13264, 11469, 4683, 8905, 1853, 11600, 4421, 2798, 5074, 18141, 13807, 8595, 8126, 13837, 8060, 6956, 11767, 14560, 9389, 15261, 1232, 12560, 7262, 11504, 3546, 4627, 1177, 517, 4008, 9219, 17696, 4148, 14124, 13243, 11235, 7561, 8331, 16320, 3591, 11341, 4015, 12028, 14929, 18601, 3528, 14065, 1510, 19191, 13833, 17616, 10869, 17689, 831, 16725, 6319, 15465, 10467, 8162, 13563, 7728, 10778, 13545, 12290, 16480, 14401, 12838, 4212, 17529, 4832, 15111, 12690, 10373, 7596, 18614, 17477, 1043, 13100, 4774, 17479, 3774, 9302, 3901, 13071, 6412, 9516, 1261, 3054, 13522, 17602, 14343, 18500, 10957, 2791, 9624, 3634, 17904, 5709, 14670, 11058, 7087, 7435, 13848, 82, 5565, 2562, 14029, 3583, 1676, 12709, 18473, 3158, 12787, 8068, 8263, 16146, 3593, 1802, 1861, 3348, 4487, 17749, 6105, 10471, 17472, 10200, 1182, 14180, 1076, 10156, 4839, 9903, 4879, 9720, 2157, 15344, 16067, 3064, 17182, 5368, 4987, 18484, 18923, 11896, 1052, 15727, 15289, 5885, 1933, 5251, 17072, 6038, 6195, 13524, 6606, 18506, 17536, 6784, 3231, 14121, 8925, 10030, 803, 13764, 146, 19268, 14099, 4130, 16372, 1537, 12248, 13718, 17187, 11728, 1740, 19233, 5600, 4092, 4779, 6028, 3395, 16152, 19150, 2417, 11980, 11237, 8427, 18127, 3538, 9257, 607, 2078, 18457, 5802, 3435, 15019, 4256, 9221, 13465, 11742, 5788, 9528, 17493, 4607, 3131, 6616, 5356, 1550, 4617, 8827, 849, 2601, 4437, 17861, 10261, 15704, 3890, 8149, 12063, 3086, 15925, 12301, 6847, 5603, 7768, 3187, 13372, 9258, 6584, 7594, 2603, 1835, 17380, 17193, 15251, 15937, 18731, 4082, 14911, 16626, 8824, 16208, 10167, 17711, 9678, 15852, 13620, 16479, 14586, 2446, 4866, 1315, 7746, 10615, 7927, 2443, 7157, 13506, 18410, 10494]",5438,1500,3,False,1500
5866,calendar set,calendar set,9,True,True,True,"{21: 26, 33: 14, 2: 18, 29: 13, 25: 57, 43: 9, 57: 16, 49: 16, 61: 14, 67: 52, 65: 21, 50: 28, 15: 53, 6: 13, 46: 15, 27: 69, 7: 65, 48: 67, 19: 21, 31: 14, 63: 26, 22: 39, 9: 79, 26: 40, 47: 15, 53: 66, 11: 19, 51: 26, 54: 9, 13: 32, 17: 37, 52: 30, 39: 27, 38: 19, 1: 6, 59: 33, 56: 23, 32: 9, 8: 25, 4: 12, 20: 26, 24: 7, 18: 31, 42: 7, 28: 31, 45: 57, 0: 13, 66: 11, 62: 11, 35: 7, 64: 15, 37: 2, 40: 25, 3: 3, 14: 5, 12: 8, 16: 15, 55: 16, 30: 13, 58: 6, 36: 4, 60: 5, 5: 3, 41: 2, 44: 2, 34: 2}","[12686, 3384, 6034, 14374, 14516, 14680, 18580, 5912, 661, 4433, 14182, 14634, 14672, 13694, 17233, 12320, 12666, 7276, 14925, 15315, 1125, 14820, 3769, 14096, 12401, 14972, 14176, 4685, 4278, 5735, 7514, 16051, 15882, 4696, 17145, 19193, 12994, 9901, 13641, 15193, 6739, 9240, 1608, 14664, 18117, 5676, 15714, 5964, 5329, 16651, 15936, 14441, 15878, 18316, 14255, 18692, 5858, 4640, 10716, 13839, 16635, 2097, 11464, 12427, 2320, 14629, 7617, 16183, 16205, 2170, 4384, 6683, 5285, 18707, 6780, 4231, 2404, 4895, 18091, 2944, 13054, 3904, 3491, 9455, 15985, 10432, 8657, 15304, 9114, 5838, 5197, 17244, 6207, 3970, 17246, 3950, 6168, 8697, 6800, 9942, 11118, 8582, 6355, 15275, 4581, 12724, 11921, 1833, 523, 7619, 15729, 176, 8576, 3101, 1573, 1283, 11796, 11277, 2547, 1738, 6806, 15187, 7129, 5179, 5854, 16373, 9231, 6270, 777, 2062, 13249, 4144, 6325, 3924, 5350, 14414, 3142, 2249, 6444, 13582, 2833, 18030, 6483, 18404, 15057, 7482, 15001, 15872, 14584, 10835, 954, 7257, 1381, 17819, 17518, 6497, 14430, 4901, 16466, 10805, 132, 7506, 755, 14427, 12119, 16613, 19042, 14994, 11257, 8042, 2144, 5966, 1580, 8010, 2550, 10684, 14088, 5037, 8764, 17076, 14185, 15984, 5299, 16601, 19182, 13197, 14561, 12605, 17010, 2703, 6715, 11207, 10188, 212, 2293, 17676, 1720, 5934, 112, 8568, 15870, 3226, 4524, 4431, 5141, 5383, 7609, 12807, 19001, 14368, 6704, 14903, 4172, 117, 18698, 1699, 16558, 7518, 10618, 2110, 10308, 7828, 6623, 17644, 4449, 951, 13858, 15106, 8402, 916, 4771, 8608, 6448, 6656, 13547, 2814, 8336, 8093, 6398, 637, 9909, 10621, 786, 14146, 17292, 9457, 3, 2884, 14785, 10504, 16361, 8181, 17690, 654, 11067, 18741, 386, 18208, 10130, 8079, 7082, 14740, 8076, 18619, 14428, 10992, 12679, 9431, 18328, 13606, 7641, 13542, 1002, 11975, 15646, 19078, 1352, 8683, 16053, 11763, 14823, 7059, 4995, 3754, 6213, 10090, 19084, 1973, 8131, 5353, 836, 13960, 3217, 4885, 9645, 16941, 14750, 13171, 9132, 1355, 4440, 15747, 8233, 6008, 12781, 16749, 13905, 18198, 5033, 2910, 16502, 1233, 965, 16926, 3944, 13518, 18213, 12739, 9972, 14609, 5764, 6128, 9532, 12680, 3672, 5458, 6822, 11547, 3163, 8040, 14081, 8369, 18182, 17541, 11552, 12451, 15074, 1783, 17730, 1690, 16992, 2490, 2459, 18065, 320, 18311, 45, 9495, 4572, 544, 12731, 16811, 15096, 14957, 4594, 16607, 2449, 7791, 13659, 8892, 1713, 17336, 6598, 13832, 10495, 18937, 3067, 3473, 12715, 13492, 14787, 16503, 17899, 16638, 2408, 7141, 10590, 2917, 14650, 12571, 4321, 2855, 1829, 3736, 3381, 11069, 16093, 15201, 14311, 9836, 18289, 16899, 897, 13981, 12223, 8884, 15721, 7778, 13648, 5737, 6550, 19249, 2715, 447, 12941, 8915, 18963, 16291, 760, 5869, 3635, 3439, 6740, 5003, 3174, 2945, 16056, 4860, 11216, 7363, 1147, 12124, 9764, 11245, 4361, 7784, 16285, 17057, 11203, 5114, 17655, 12056, 17890, 7741, 15799, 10258, 16088, 19222, 15303, 1433, 5991, 322, 2322, 3156, 9940, 7814, 17068, 16968, 10018, 1991, 11946, 8705, 10371, 4619, 11074, 2034, 15550, 11743, 18666, 13494, 14175, 13948, 15123, 11154, 10397, 1701, 4770, 839, 12085, 16500, 16241, 1535, 18782, 2221, 539, 18405, 4245, 103, 1571, 16945, 12196, 9441, 1732, 1367, 3596, 4794, 7230, 5245, 17483, 2955, 2003, 11509, 4044, 12934, 3456, 16693, 593, 4582, 14076, 10972, 1965, 7227, 14324, 8658, 3772, 8355, 11889, 1908, 2684, 10026, 1666, 16507, 5589, 9295, 8389, 2099, 18653, 13808, 19147, 6675, 10970, 2788, 19028, 16983, 16166, 9845, 8160, 11381, 10088, 10333, 11716, 14695, 12697, 4365, 3747, 17296, 11904, 74, 7047, 10639, 13094, 940, 10478, 2032, 6642, 14896, 10840, 5430, 5556, 12597, 2183, 18403, 4252, 14613, 18283, 8790, 12140, 13540, 13353, 14114, 13297, 4056, 14038, 11299, 13770, 11433, 14285, 1526, 1955, 15711, 255, 12481, 612, 1635, 4886, 357, 11434, 9524, 13106, 2607, 5391, 9406, 2331, 624, 2749, 17849, 9829, 11436, 18426, 9481, 18550, 15647, 532, 11720, 11824, 15610, 15741, 7902, 13558, 17967, 14539, 17889, 4631, 1238, 16921, 7787, 15293, 3108, 8215, 2851, 4514, 12938, 16730, 17178, 4890, 17960, 4725, 7917, 3191, 8231, 16341, 8195, 10913, 2173, 5557, 2637, 16896, 5806, 1815, 1451, 8864, 2290, 12108, 5328, 6203, 2431, 7508, 17898, 17188, 6897, 1199, 15526, 18437, 6631, 8644, 16917, 14964, 14233, 2454, 584, 4830, 7199, 4180, 14889, 5761, 13756, 6917, 7756, 18880, 15095, 1816, 14070, 16252, 7429, 16589, 1631, 15968, 15221, 12478, 18594, 1477, 5637, 12058, 1205, 13397, 9107, 18654, 1968, 3759, 13147, 14144, 14973, 12452, 18020, 13592, 17920, 13687, 11335, 7207, 418, 7834, 778, 12982, 10688, 9031, 509, 9601, 9780, 17040, 12023, 3916, 91, 6536, 18535, 7547, 15240, 707, 14533, 15064, 17012, 16805, 8637, 5969, 16221, 1940, 13307, 4717, 12615, 18220, 11028, 12170, 1743, 2376, 12415, 14220, 18827, 1294, 18543, 6977, 15309, 11778, 11842, 17103, 3857, 4637, 12162, 19169, 17166, 18237, 17818, 9507, 19022, 5790, 19112, 15611, 1118, 15184, 18703, 1817, 15530, 16579, 8437, 11839, 11378, 3537, 9205, 9217, 16272, 18759, 16828, 12002, 8348, 1723, 3481, 14115, 379, 8544, 264, 6015, 7672, 2253, 7364, 3706, 13796, 17139, 16125, 12059, 9623, 7185, 2418, 18230, 3087, 281, 4379, 1796, 8459, 4400, 17824, 2736, 16446, 13525, 15341, 3275, 7872, 1662, 7557, 4319, 15442, 7181, 10456, 4963, 17048, 16943, 12784, 3441, 5240, 9975, 13216, 17702, 11594, 13554, 6165, 19168, 16070, 3540, 3262, 10661, 4061, 13173, 2875, 17014, 4349, 10818, 8428, 16764, 14232, 8930, 15734, 17680, 7069, 15684, 17050, 18987, 6914, 6863, 19263, 10595, 150, 10039, 2722, 18223, 16444, 6559, 7258, 2661, 7699, 17136, 12773, 4247, 5723, 15194, 1696, 1500, 2807, 9893, 11835, 13240, 18313, 17107, 10265, 10244, 5570, 2862, 14049, 1012, 12861, 723, 9583, 17461, 10056, 1264, 8297, 3716, 14666, 15259, 13531, 543, 13723, 16810, 6700, 3516, 13766, 7186, 10692, 6321, 15484, 14547, 8744, 3703, 10383, 16829, 6366, 6846, 3906, 2021, 18133, 857, 279, 12232, 10212, 10541, 12325, 13475, 1225, 937, 6966, 10881, 16936, 18502, 1440, 11914, 3326, 5633, 14913, 4623, 10743, 12361, 17335, 1072, 5043, 14810, 15077, 3255, 17215, 6553, 17852, 4801, 6962, 3060, 9430, 8799, 13824, 188, 15175, 15163, 4733, 5011, 3536, 17635, 6532, 14071, 6112, 17158, 6597, 11272, 105, 19219, 5013, 12483, 201, 6848, 17033, 6367, 7859, 14702, 18844, 7053, 18694, 15670, 636, 10129, 6378, 5369, 7273, 16247, 9142, 15345, 16817, 14854, 2600, 15783, 889, 11833, 6612, 2068, 2427, 7062, 7918, 16181, 5464, 8339, 8950, 8453, 16423, 6064, 2380, 4268, 13929, 12974, 19141, 1299, 2484, 3883, 3273, 8772, 13256, 11239, 5766, 18098, 12705, 11004, 2695, 10048, 10960, 2766, 15661, 13258, 8015, 6032, 16397, 7749, 19039, 7634, 15076, 4234, 15114, 8475, 8091, 19220, 18004, 9704, 13918, 15569, 16443, 10015, 9943, 7817, 9349, 2588, 8249, 398, 5316, 15538, 18372, 13559, 2937, 2803, 16248, 6155, 630, 9911, 13190, 19157, 15788, 13248, 13148, 1320, 12074, 8471, 8798, 3213, 12418, 814, 2402, 12718, 12397, 10564, 9875, 10128, 6947, 9491, 17707, 3266, 19196, 14309, 18523, 19043, 17975, 18063, 11618, 15016, 14434, 7680, 1739, 18029, 11694, 1745, 9271, 5189, 9561, 11283, 14978, 10753, 16017, 12914, 978, 2828, 17257, 13135, 5061, 121, 6602, 16015, 19271, 12159, 1244, 8260, 13195, 15873, 12815, 14291, 14515, 118, 4892, 14985, 9551, 12654, 4739, 927, 12176, 9523, 11726, 18187, 5880, 2569, 3386, 13942, 3390, 15774, 129, 65, 12922, 8422, 12692, 16213, 11515, 2111, 8347, 10758, 14064, 4401, 17782, 15621, 6709, 14716, 4091, 13964, 8424, 4218, 7249, 11311, 11171, 18564, 14755, 7114, 14009, 14815, 294, 495, 7684, 6833, 4046, 3505, 16995, 17858, 7761, 15803, 9840, 13958, 8226, 10369, 12497, 17142, 1748, 2854, 7159, 11539, 11055, 13337, 17173, 14214, 6803, 11144, 12649, 283, 15489, 13174, 7015, 610, 7030, 18206, 14077, 15468, 14962, 8046, 7809, 17387, 16034, 16678, 1173, 3502, 12942, 15655, 16859, 7099, 1673, 446, 1365, 5881, 3713, 11697, 1897, 16001, 1702, 14149, 11876, 9341, 4325, 6923, 2001, 138, 3276, 18716, 17604, 10501, 115, 12800, 6111, 11148, 4549, 16057, 4707, 6843, 16091, 4295, 7519, 13708, 12409, 11018, 5052, 13566, 14715, 12755, 793, 10837, 1888, 12375, 3935, 5763, 11791, 11258, 13264, 11469, 4683, 8905, 1853, 11600, 4421, 2798, 5074, 18141, 13807, 8595, 8126, 13837, 8060, 6956, 11767, 14560, 9389, 15261, 1232, 12560, 7262, 11504, 3546, 4627, 1177, 517, 4008, 9219, 17696, 4148, 14124, 13243, 11235, 7561, 8331, 16320, 3591, 11341, 4015, 12028, 14929, 18601, 3528, 14065, 1510, 19191, 13833, 17616, 10869, 17689, 831, 16725, 6319, 15465, 10467, 8162, 13563, 7728, 10778, 13545, 12290, 16480, 14401, 12838, 4212, 17529, 4832, 15111, 12690, 10373, 7596, 18614, 17477, 1043, 13100, 4774, 17479, 3774, 9302, 3901, 13071, 6412, 9516, 1261, 3054, 13522, 17602, 14343, 18500, 10957, 2791, 9624, 3634, 17904, 5709, 14670, 11058, 7087, 7435, 13848, 82, 5565, 2562, 14029, 3583, 1676, 12709, 18473, 3158, 12787, 8068, 8263, 16146, 3593, 1802, 1861, 3348, 4487, 17749, 6105, 10471, 17472, 10200, 1182, 14180, 1076, 10156, 4839, 9903, 4879, 9720, 2157, 15344, 16067, 3064, 17182, 5368, 4987, 18484, 18923, 11896, 1052, 15727, 15289, 5885, 1933, 5251, 17072, 6038, 6195, 13524, 6606, 18506, 17536, 6784, 3231, 14121, 8925, 10030, 803, 13764, 146, 19268, 14099, 4130, 16372, 1537, 12248, 13718, 17187, 11728, 1740, 19233, 5600, 4092, 4779, 6028, 3395, 16152, 19150, 2417, 11980, 11237, 8427, 18127, 3538, 9257, 607, 2078, 18457, 5802, 3435, 15019, 4256, 9221, 13465, 11742, 5788, 9528, 17493, 4607, 3131, 6616, 5356, 1550, 4617, 8827, 849, 2601, 4437, 17861, 10261, 15704, 3890, 8149, 12063, 3086, 15925, 12301, 6847, 5603, 7768, 3187, 13372, 9258, 6584, 7594, 2603, 1835, 17380, 17193, 15251, 15937, 18731, 4082, 14911, 16626, 8824, 16208, 10167, 17711, 9678, 15852, 13620, 16479, 14586, 2446, 4866, 1315, 7746, 10615, 7927, 2443, 7157, 13506, 18410, 10494]",5866,1500,3,False,1500
2676,calendar set,calendar set,9,True,True,True,"{21: 26, 33: 14, 2: 18, 29: 13, 25: 57, 43: 9, 57: 16, 49: 16, 61: 14, 67: 52, 65: 21, 50: 28, 15: 53, 6: 13, 46: 15, 27: 69, 7: 65, 48: 67, 19: 21, 31: 14, 63: 26, 22: 39, 9: 79, 26: 40, 47: 15, 53: 66, 11: 19, 51: 26, 54: 9, 13: 32, 17: 37, 52: 30, 39: 27, 38: 19, 1: 6, 59: 33, 56: 23, 32: 9, 8: 25, 4: 12, 20: 26, 24: 7, 18: 31, 42: 7, 28: 31, 45: 57, 0: 13, 66: 11, 62: 11, 35: 7, 64: 15, 37: 2, 40: 25, 3: 3, 14: 5, 12: 8, 16: 15, 55: 16, 30: 13, 58: 6, 36: 4, 60: 5, 5: 3, 41: 2, 44: 2, 34: 2}","[12686, 3384, 6034, 14374, 14516, 14680, 18580, 5912, 661, 4433, 14182, 14634, 14672, 13694, 17233, 12320, 12666, 7276, 14925, 15315, 1125, 14820, 3769, 14096, 12401, 14972, 14176, 4685, 4278, 5735, 7514, 16051, 15882, 4696, 17145, 19193, 12994, 9901, 13641, 15193, 6739, 9240, 1608, 14664, 18117, 5676, 15714, 5964, 5329, 16651, 15936, 14441, 15878, 18316, 14255, 18692, 5858, 4640, 10716, 13839, 16635, 2097, 11464, 12427, 2320, 14629, 7617, 16183, 16205, 2170, 4384, 6683, 5285, 18707, 6780, 4231, 2404, 4895, 18091, 2944, 13054, 3904, 3491, 9455, 15985, 10432, 8657, 15304, 9114, 5838, 5197, 17244, 6207, 3970, 17246, 3950, 6168, 8697, 6800, 9942, 11118, 8582, 6355, 15275, 4581, 12724, 11921, 1833, 523, 7619, 15729, 176, 8576, 3101, 1573, 1283, 11796, 11277, 2547, 1738, 6806, 15187, 7129, 5179, 5854, 16373, 9231, 6270, 777, 2062, 13249, 4144, 6325, 3924, 5350, 14414, 3142, 2249, 6444, 13582, 2833, 18030, 6483, 18404, 15057, 7482, 15001, 15872, 14584, 10835, 954, 7257, 1381, 17819, 17518, 6497, 14430, 4901, 16466, 10805, 132, 7506, 755, 14427, 12119, 16613, 19042, 14994, 11257, 8042, 2144, 5966, 1580, 8010, 2550, 10684, 14088, 5037, 8764, 17076, 14185, 15984, 5299, 16601, 19182, 13197, 14561, 12605, 17010, 2703, 6715, 11207, 10188, 212, 2293, 17676, 1720, 5934, 112, 8568, 15870, 3226, 4524, 4431, 5141, 5383, 7609, 12807, 19001, 14368, 6704, 14903, 4172, 117, 18698, 1699, 16558, 7518, 10618, 2110, 10308, 7828, 6623, 17644, 4449, 951, 13858, 15106, 8402, 916, 4771, 8608, 6448, 6656, 13547, 2814, 8336, 8093, 6398, 637, 9909, 10621, 786, 14146, 17292, 9457, 3, 2884, 14785, 10504, 16361, 8181, 17690, 654, 11067, 18741, 386, 18208, 10130, 8079, 7082, 14740, 8076, 18619, 14428, 10992, 12679, 9431, 18328, 13606, 7641, 13542, 1002, 11975, 15646, 19078, 1352, 8683, 16053, 11763, 14823, 7059, 4995, 3754, 6213, 10090, 19084, 1973, 8131, 5353, 836, 13960, 3217, 4885, 9645, 16941, 14750, 13171, 9132, 1355, 4440, 15747, 8233, 6008, 12781, 16749, 13905, 18198, 5033, 2910, 16502, 1233, 965, 16926, 3944, 13518, 18213, 12739, 9972, 14609, 5764, 6128, 9532, 12680, 3672, 5458, 6822, 11547, 3163, 8040, 14081, 8369, 18182, 17541, 11552, 12451, 15074, 1783, 17730, 1690, 16992, 2490, 2459, 18065, 320, 18311, 45, 9495, 4572, 544, 12731, 16811, 15096, 14957, 4594, 16607, 2449, 7791, 13659, 8892, 1713, 17336, 6598, 13832, 10495, 18937, 3067, 3473, 12715, 13492, 14787, 16503, 17899, 16638, 2408, 7141, 10590, 2917, 14650, 12571, 4321, 2855, 1829, 3736, 3381, 11069, 16093, 15201, 14311, 9836, 18289, 16899, 897, 13981, 12223, 8884, 15721, 7778, 13648, 5737, 6550, 19249, 2715, 447, 12941, 8915, 18963, 16291, 760, 5869, 3635, 3439, 6740, 5003, 3174, 2945, 16056, 4860, 11216, 7363, 1147, 12124, 9764, 11245, 4361, 7784, 16285, 17057, 11203, 5114, 17655, 12056, 17890, 7741, 15799, 10258, 16088, 19222, 15303, 1433, 5991, 322, 2322, 3156, 9940, 7814, 17068, 16968, 10018, 1991, 11946, 8705, 10371, 4619, 11074, 2034, 15550, 11743, 18666, 13494, 14175, 13948, 15123, 11154, 10397, 1701, 4770, 839, 12085, 16500, 16241, 1535, 18782, 2221, 539, 18405, 4245, 103, 1571, 16945, 12196, 9441, 1732, 1367, 3596, 4794, 7230, 5245, 17483, 2955, 2003, 11509, 4044, 12934, 3456, 16693, 593, 4582, 14076, 10972, 1965, 7227, 14324, 8658, 3772, 8355, 11889, 1908, 2684, 10026, 1666, 16507, 5589, 9295, 8389, 2099, 18653, 13808, 19147, 6675, 10970, 2788, 19028, 16983, 16166, 9845, 8160, 11381, 10088, 10333, 11716, 14695, 12697, 4365, 3747, 17296, 11904, 74, 7047, 10639, 13094, 940, 10478, 2032, 6642, 14896, 10840, 5430, 5556, 12597, 2183, 18403, 4252, 14613, 18283, 8790, 12140, 13540, 13353, 14114, 13297, 4056, 14038, 11299, 13770, 11433, 14285, 1526, 1955, 15711, 255, 12481, 612, 1635, 4886, 357, 11434, 9524, 13106, 2607, 5391, 9406, 2331, 624, 2749, 17849, 9829, 11436, 18426, 9481, 18550, 15647, 532, 11720, 11824, 15610, 15741, 7902, 13558, 17967, 14539, 17889, 4631, 1238, 16921, 7787, 15293, 3108, 8215, 2851, 4514, 12938, 16730, 17178, 4890, 17960, 4725, 7917, 3191, 8231, 16341, 8195, 10913, 2173, 5557, 2637, 16896, 5806, 1815, 1451, 8864, 2290, 12108, 5328, 6203, 2431, 7508, 17898, 17188, 6897, 1199, 15526, 18437, 6631, 8644, 16917, 14964, 14233, 2454, 584, 4830, 7199, 4180, 14889, 5761, 13756, 6917, 7756, 18880, 15095, 1816, 14070, 16252, 7429, 16589, 1631, 15968, 15221, 12478, 18594, 1477, 5637, 12058, 1205, 13397, 9107, 18654, 1968, 3759, 13147, 14144, 14973, 12452, 18020, 13592, 17920, 13687, 11335, 7207, 418, 7834, 778, 12982, 10688, 9031, 509, 9601, 9780, 17040, 12023, 3916, 91, 6536, 18535, 7547, 15240, 707, 14533, 15064, 17012, 16805, 8637, 5969, 16221, 1940, 13307, 4717, 12615, 18220, 11028, 12170, 1743, 2376, 12415, 14220, 18827, 1294, 18543, 6977, 15309, 11778, 11842, 17103, 3857, 4637, 12162, 19169, 17166, 18237, 17818, 9507, 19022, 5790, 19112, 15611, 1118, 15184, 18703, 1817, 15530, 16579, 8437, 11839, 11378, 3537, 9205, 9217, 16272, 18759, 16828, 12002, 8348, 1723, 3481, 14115, 379, 8544, 264, 6015, 7672, 2253, 7364, 3706, 13796, 17139, 16125, 12059, 9623, 7185, 2418, 18230, 3087, 281, 4379, 1796, 8459, 4400, 17824, 2736, 16446, 13525, 15341, 3275, 7872, 1662, 7557, 4319, 15442, 7181, 10456, 4963, 17048, 16943, 12784, 3441, 5240, 9975, 13216, 17702, 11594, 13554, 6165, 19168, 16070, 3540, 3262, 10661, 4061, 13173, 2875, 17014, 4349, 10818, 8428, 16764, 14232, 8930, 15734, 17680, 7069, 15684, 17050, 18987, 6914, 6863, 19263, 10595, 150, 10039, 2722, 18223, 16444, 6559, 7258, 2661, 7699, 17136, 12773, 4247, 5723, 15194, 1696, 1500, 2807, 9893, 11835, 13240, 18313, 17107, 10265, 10244, 5570, 2862, 14049, 1012, 12861, 723, 9583, 17461, 10056, 1264, 8297, 3716, 14666, 15259, 13531, 543, 13723, 16810, 6700, 3516, 13766, 7186, 10692, 6321, 15484, 14547, 8744, 3703, 10383, 16829, 6366, 6846, 3906, 2021, 18133, 857, 279, 12232, 10212, 10541, 12325, 13475, 1225, 937, 6966, 10881, 16936, 18502, 1440, 11914, 3326, 5633, 14913, 4623, 10743, 12361, 17335, 1072, 5043, 14810, 15077, 3255, 17215, 6553, 17852, 4801, 6962, 3060, 9430, 8799, 13824, 188, 15175, 15163, 4733, 5011, 3536, 17635, 6532, 14071, 6112, 17158, 6597, 11272, 105, 19219, 5013, 12483, 201, 6848, 17033, 6367, 7859, 14702, 18844, 7053, 18694, 15670, 636, 10129, 6378, 5369, 7273, 16247, 9142, 15345, 16817, 14854, 2600, 15783, 889, 11833, 6612, 2068, 2427, 7062, 7918, 16181, 5464, 8339, 8950, 8453, 16423, 6064, 2380, 4268, 13929, 12974, 19141, 1299, 2484, 3883, 3273, 8772, 13256, 11239, 5766, 18098, 12705, 11004, 2695, 10048, 10960, 2766, 15661, 13258, 8015, 6032, 16397, 7749, 19039, 7634, 15076, 4234, 15114, 8475, 8091, 19220, 18004, 9704, 13918, 15569, 16443, 10015, 9943, 7817, 9349, 2588, 8249, 398, 5316, 15538, 18372, 13559, 2937, 2803, 16248, 6155, 630, 9911, 13190, 19157, 15788, 13248, 13148, 1320, 12074, 8471, 8798, 3213, 12418, 814, 2402, 12718, 12397, 10564, 9875, 10128, 6947, 9491, 17707, 3266, 19196, 14309, 18523, 19043, 17975, 18063, 11618, 15016, 14434, 7680, 1739, 18029, 11694, 1745, 9271, 5189, 9561, 11283, 14978, 10753, 16017, 12914, 978, 2828, 17257, 13135, 5061, 121, 6602, 16015, 19271, 12159, 1244, 8260, 13195, 15873, 12815, 14291, 14515, 118, 4892, 14985, 9551, 12654, 4739, 927, 12176, 9523, 11726, 18187, 5880, 2569, 3386, 13942, 3390, 15774, 129, 65, 12922, 8422, 12692, 16213, 11515, 2111, 8347, 10758, 14064, 4401, 17782, 15621, 6709, 14716, 4091, 13964, 8424, 4218, 7249, 11311, 11171, 18564, 14755, 7114, 14009, 14815, 294, 495, 7684, 6833, 4046, 3505, 16995, 17858, 7761, 15803, 9840, 13958, 8226, 10369, 12497, 17142, 1748, 2854, 7159, 11539, 11055, 13337, 17173, 14214, 6803, 11144, 12649, 283, 15489, 13174, 7015, 610, 7030, 18206, 14077, 15468, 14962, 8046, 7809, 17387, 16034, 16678, 1173, 3502, 12942, 15655, 16859, 7099, 1673, 446, 1365, 5881, 3713, 11697, 1897, 16001, 1702, 14149, 11876, 9341, 4325, 6923, 2001, 138, 3276, 18716, 17604, 10501, 115, 12800, 6111, 11148, 4549, 16057, 4707, 6843, 16091, 4295, 7519, 13708, 12409, 11018, 5052, 13566, 14715, 12755, 793, 10837, 1888, 12375, 3935, 5763, 11791, 11258, 13264, 11469, 4683, 8905, 1853, 11600, 4421, 2798, 5074, 18141, 13807, 8595, 8126, 13837, 8060, 6956, 11767, 14560, 9389, 15261, 1232, 12560, 7262, 11504, 3546, 4627, 1177, 517, 4008, 9219, 17696, 4148, 14124, 13243, 11235, 7561, 8331, 16320, 3591, 11341, 4015, 12028, 14929, 18601, 3528, 14065, 1510, 19191, 13833, 17616, 10869, 17689, 831, 16725, 6319, 15465, 10467, 8162, 13563, 7728, 10778, 13545, 12290, 16480, 14401, 12838, 4212, 17529, 4832, 15111, 12690, 10373, 7596, 18614, 17477, 1043, 13100, 4774, 17479, 3774, 9302, 3901, 13071, 6412, 9516, 1261, 3054, 13522, 17602, 14343, 18500, 10957, 2791, 9624, 3634, 17904, 5709, 14670, 11058, 7087, 7435, 13848, 82, 5565, 2562, 14029, 3583, 1676, 12709, 18473, 3158, 12787, 8068, 8263, 16146, 3593, 1802, 1861, 3348, 4487, 17749, 6105, 10471, 17472, 10200, 1182, 14180, 1076, 10156, 4839, 9903, 4879, 9720, 2157, 15344, 16067, 3064, 17182, 5368, 4987, 18484, 18923, 11896, 1052, 15727, 15289, 5885, 1933, 5251, 17072, 6038, 6195, 13524, 6606, 18506, 17536, 6784, 3231, 14121, 8925, 10030, 803, 13764, 146, 19268, 14099, 4130, 16372, 1537, 12248, 13718, 17187, 11728, 1740, 19233, 5600, 4092, 4779, 6028, 3395, 16152, 19150, 2417, 11980, 11237, 8427, 18127, 3538, 9257, 607, 2078, 18457, 5802, 3435, 15019, 4256, 9221, 13465, 11742, 5788, 9528, 17493, 4607, 3131, 6616, 5356, 1550, 4617, 8827, 849, 2601, 4437, 17861, 10261, 15704, 3890, 8149, 12063, 3086, 15925, 12301, 6847, 5603, 7768, 3187, 13372, 9258, 6584, 7594, 2603, 1835, 17380, 17193, 15251, 15937, 18731, 4082, 14911, 16626, 8824, 16208, 10167, 17711, 9678, 15852, 13620, 16479, 14586, 2446, 4866, 1315, 7746, 10615, 7927, 2443, 7157, 13506, 18410, 10494]",2676,1500,3,False,1500
5384,play music,qa fact,53,True,False,True,"{21: 26, 33: 14, 2: 18, 29: 13, 25: 57, 43: 9, 57: 16, 49: 16, 61: 14, 67: 52, 65: 21, 50: 28, 15: 53, 6: 13, 46: 15, 27: 69, 7: 65, 48: 67, 19: 21, 31: 14, 63: 26, 22: 39, 9: 79, 26: 40, 47: 15, 53: 66, 11: 19, 51: 26, 54: 9, 13: 32, 17: 37, 52: 30, 39: 27, 38: 19, 1: 6, 59: 33, 56: 23, 32: 9, 8: 25, 4: 12, 20: 26, 24: 7, 18: 31, 42: 7, 28: 31, 45: 57, 0: 13, 66: 11, 62: 11, 35: 7, 64: 15, 37: 2, 40: 25, 3: 3, 14: 5, 12: 8, 16: 15, 55: 16, 30: 13, 58: 6, 36: 4, 60: 5, 5: 3, 41: 2, 44: 2, 34: 2}","[12686, 3384, 6034, 14374, 14516, 14680, 18580, 5912, 661, 4433, 14182, 14634, 14672, 13694, 17233, 12320, 12666, 7276, 14925, 15315, 1125, 14820, 3769, 14096, 12401, 14972, 14176, 4685, 4278, 5735, 7514, 16051, 15882, 4696, 17145, 19193, 12994, 9901, 13641, 15193, 6739, 9240, 1608, 14664, 18117, 5676, 15714, 5964, 5329, 16651, 15936, 14441, 15878, 18316, 14255, 18692, 5858, 4640, 10716, 13839, 16635, 2097, 11464, 12427, 2320, 14629, 7617, 16183, 16205, 2170, 4384, 6683, 5285, 18707, 6780, 4231, 2404, 4895, 18091, 2944, 13054, 3904, 3491, 9455, 15985, 10432, 8657, 15304, 9114, 5838, 5197, 17244, 6207, 3970, 17246, 3950, 6168, 8697, 6800, 9942, 11118, 8582, 6355, 15275, 4581, 12724, 11921, 1833, 523, 7619, 15729, 176, 8576, 3101, 1573, 1283, 11796, 11277, 2547, 1738, 6806, 15187, 7129, 5179, 5854, 16373, 9231, 6270, 777, 2062, 13249, 4144, 6325, 3924, 5350, 14414, 3142, 2249, 6444, 13582, 2833, 18030, 6483, 18404, 15057, 7482, 15001, 15872, 14584, 10835, 954, 7257, 1381, 17819, 17518, 6497, 14430, 4901, 16466, 10805, 132, 7506, 755, 14427, 12119, 16613, 19042, 14994, 11257, 8042, 2144, 5966, 1580, 8010, 2550, 10684, 14088, 5037, 8764, 17076, 14185, 15984, 5299, 16601, 19182, 13197, 14561, 12605, 17010, 2703, 6715, 11207, 10188, 212, 2293, 17676, 1720, 5934, 112, 8568, 15870, 3226, 4524, 4431, 5141, 5383, 7609, 12807, 19001, 14368, 6704, 14903, 4172, 117, 18698, 1699, 16558, 7518, 10618, 2110, 10308, 7828, 6623, 17644, 4449, 951, 13858, 15106, 8402, 916, 4771, 8608, 6448, 6656, 13547, 2814, 8336, 8093, 6398, 637, 9909, 10621, 786, 14146, 17292, 9457, 3, 2884, 14785, 10504, 16361, 8181, 17690, 654, 11067, 18741, 386, 18208, 10130, 8079, 7082, 14740, 8076, 18619, 14428, 10992, 12679, 9431, 18328, 13606, 7641, 13542, 1002, 11975, 15646, 19078, 1352, 8683, 16053, 11763, 14823, 7059, 4995, 3754, 6213, 10090, 19084, 1973, 8131, 5353, 836, 13960, 3217, 4885, 9645, 16941, 14750, 13171, 9132, 1355, 4440, 15747, 8233, 6008, 12781, 16749, 13905, 18198, 5033, 2910, 16502, 1233, 965, 16926, 3944, 13518, 18213, 12739, 9972, 14609, 5764, 6128, 9532, 12680, 3672, 5458, 6822, 11547, 3163, 8040, 14081, 8369, 18182, 17541, 11552, 12451, 15074, 1783, 17730, 1690, 16992, 2490, 2459, 18065, 320, 18311, 45, 9495, 4572, 544, 12731, 16811, 15096, 14957, 4594, 16607, 2449, 7791, 13659, 8892, 1713, 17336, 6598, 13832, 10495, 18937, 3067, 3473, 12715, 13492, 14787, 16503, 17899, 16638, 2408, 7141, 10590, 2917, 14650, 12571, 4321, 2855, 1829, 3736, 3381, 11069, 16093, 15201, 14311, 9836, 18289, 16899, 897, 13981, 12223, 8884, 15721, 7778, 13648, 5737, 6550, 19249, 2715, 447, 12941, 8915, 18963, 16291, 760, 5869, 3635, 3439, 6740, 5003, 3174, 2945, 16056, 4860, 11216, 7363, 1147, 12124, 9764, 11245, 4361, 7784, 16285, 17057, 11203, 5114, 17655, 12056, 17890, 7741, 15799, 10258, 16088, 19222, 15303, 1433, 5991, 322, 2322, 3156, 9940, 7814, 17068, 16968, 10018, 1991, 11946, 8705, 10371, 4619, 11074, 2034, 15550, 11743, 18666, 13494, 14175, 13948, 15123, 11154, 10397, 1701, 4770, 839, 12085, 16500, 16241, 1535, 18782, 2221, 539, 18405, 4245, 103, 1571, 16945, 12196, 9441, 1732, 1367, 3596, 4794, 7230, 5245, 17483, 2955, 2003, 11509, 4044, 12934, 3456, 16693, 593, 4582, 14076, 10972, 1965, 7227, 14324, 8658, 3772, 8355, 11889, 1908, 2684, 10026, 1666, 16507, 5589, 9295, 8389, 2099, 18653, 13808, 19147, 6675, 10970, 2788, 19028, 16983, 16166, 9845, 8160, 11381, 10088, 10333, 11716, 14695, 12697, 4365, 3747, 17296, 11904, 74, 7047, 10639, 13094, 940, 10478, 2032, 6642, 14896, 10840, 5430, 5556, 12597, 2183, 18403, 4252, 14613, 18283, 8790, 12140, 13540, 13353, 14114, 13297, 4056, 14038, 11299, 13770, 11433, 14285, 1526, 1955, 15711, 255, 12481, 612, 1635, 4886, 357, 11434, 9524, 13106, 2607, 5391, 9406, 2331, 624, 2749, 17849, 9829, 11436, 18426, 9481, 18550, 15647, 532, 11720, 11824, 15610, 15741, 7902, 13558, 17967, 14539, 17889, 4631, 1238, 16921, 7787, 15293, 3108, 8215, 2851, 4514, 12938, 16730, 17178, 4890, 17960, 4725, 7917, 3191, 8231, 16341, 8195, 10913, 2173, 5557, 2637, 16896, 5806, 1815, 1451, 8864, 2290, 12108, 5328, 6203, 2431, 7508, 17898, 17188, 6897, 1199, 15526, 18437, 6631, 8644, 16917, 14964, 14233, 2454, 584, 4830, 7199, 4180, 14889, 5761, 13756, 6917, 7756, 18880, 15095, 1816, 14070, 16252, 7429, 16589, 1631, 15968, 15221, 12478, 18594, 1477, 5637, 12058, 1205, 13397, 9107, 18654, 1968, 3759, 13147, 14144, 14973, 12452, 18020, 13592, 17920, 13687, 11335, 7207, 418, 7834, 778, 12982, 10688, 9031, 509, 9601, 9780, 17040, 12023, 3916, 91, 6536, 18535, 7547, 15240, 707, 14533, 15064, 17012, 16805, 8637, 5969, 16221, 1940, 13307, 4717, 12615, 18220, 11028, 12170, 1743, 2376, 12415, 14220, 18827, 1294, 18543, 6977, 15309, 11778, 11842, 17103, 3857, 4637, 12162, 19169, 17166, 18237, 17818, 9507, 19022, 5790, 19112, 15611, 1118, 15184, 18703, 1817, 15530, 16579, 8437, 11839, 11378, 3537, 9205, 9217, 16272, 18759, 16828, 12002, 8348, 1723, 3481, 14115, 379, 8544, 264, 6015, 7672, 2253, 7364, 3706, 13796, 17139, 16125, 12059, 9623, 7185, 2418, 18230, 3087, 281, 4379, 1796, 8459, 4400, 17824, 2736, 16446, 13525, 15341, 3275, 7872, 1662, 7557, 4319, 15442, 7181, 10456, 4963, 17048, 16943, 12784, 3441, 5240, 9975, 13216, 17702, 11594, 13554, 6165, 19168, 16070, 3540, 3262, 10661, 4061, 13173, 2875, 17014, 4349, 10818, 8428, 16764, 14232, 8930, 15734, 17680, 7069, 15684, 17050, 18987, 6914, 6863, 19263, 10595, 150, 10039, 2722, 18223, 16444, 6559, 7258, 2661, 7699, 17136, 12773, 4247, 5723, 15194, 1696, 1500, 2807, 9893, 11835, 13240, 18313, 17107, 10265, 10244, 5570, 2862, 14049, 1012, 12861, 723, 9583, 17461, 10056, 1264, 8297, 3716, 14666, 15259, 13531, 543, 13723, 16810, 6700, 3516, 13766, 7186, 10692, 6321, 15484, 14547, 8744, 3703, 10383, 16829, 6366, 6846, 3906, 2021, 18133, 857, 279, 12232, 10212, 10541, 12325, 13475, 1225, 937, 6966, 10881, 16936, 18502, 1440, 11914, 3326, 5633, 14913, 4623, 10743, 12361, 17335, 1072, 5043, 14810, 15077, 3255, 17215, 6553, 17852, 4801, 6962, 3060, 9430, 8799, 13824, 188, 15175, 15163, 4733, 5011, 3536, 17635, 6532, 14071, 6112, 17158, 6597, 11272, 105, 19219, 5013, 12483, 201, 6848, 17033, 6367, 7859, 14702, 18844, 7053, 18694, 15670, 636, 10129, 6378, 5369, 7273, 16247, 9142, 15345, 16817, 14854, 2600, 15783, 889, 11833, 6612, 2068, 2427, 7062, 7918, 16181, 5464, 8339, 8950, 8453, 16423, 6064, 2380, 4268, 13929, 12974, 19141, 1299, 2484, 3883, 3273, 8772, 13256, 11239, 5766, 18098, 12705, 11004, 2695, 10048, 10960, 2766, 15661, 13258, 8015, 6032, 16397, 7749, 19039, 7634, 15076, 4234, 15114, 8475, 8091, 19220, 18004, 9704, 13918, 15569, 16443, 10015, 9943, 7817, 9349, 2588, 8249, 398, 5316, 15538, 18372, 13559, 2937, 2803, 16248, 6155, 630, 9911, 13190, 19157, 15788, 13248, 13148, 1320, 12074, 8471, 8798, 3213, 12418, 814, 2402, 12718, 12397, 10564, 9875, 10128, 6947, 9491, 17707, 3266, 19196, 14309, 18523, 19043, 17975, 18063, 11618, 15016, 14434, 7680, 1739, 18029, 11694, 1745, 9271, 5189, 9561, 11283, 14978, 10753, 16017, 12914, 978, 2828, 17257, 13135, 5061, 121, 6602, 16015, 19271, 12159, 1244, 8260, 13195, 15873, 12815, 14291, 14515, 118, 4892, 14985, 9551, 12654, 4739, 927, 12176, 9523, 11726, 18187, 5880, 2569, 3386, 13942, 3390, 15774, 129, 65, 12922, 8422, 12692, 16213, 11515, 2111, 8347, 10758, 14064, 4401, 17782, 15621, 6709, 14716, 4091, 13964, 8424, 4218, 7249, 11311, 11171, 18564, 14755, 7114, 14009, 14815, 294, 495, 7684, 6833, 4046, 3505, 16995, 17858, 7761, 15803, 9840, 13958, 8226, 10369, 12497, 17142, 1748, 2854, 7159, 11539, 11055, 13337, 17173, 14214, 6803, 11144, 12649, 283, 15489, 13174, 7015, 610, 7030, 18206, 14077, 15468, 14962, 8046, 7809, 17387, 16034, 16678, 1173, 3502, 12942, 15655, 16859, 7099, 1673, 446, 1365, 5881, 3713, 11697, 1897, 16001, 1702, 14149, 11876, 9341, 4325, 6923, 2001, 138, 3276, 18716, 17604, 10501, 115, 12800, 6111, 11148, 4549, 16057, 4707, 6843, 16091, 4295, 7519, 13708, 12409, 11018, 5052, 13566, 14715, 12755, 793, 10837, 1888, 12375, 3935, 5763, 11791, 11258, 13264, 11469, 4683, 8905, 1853, 11600, 4421, 2798, 5074, 18141, 13807, 8595, 8126, 13837, 8060, 6956, 11767, 14560, 9389, 15261, 1232, 12560, 7262, 11504, 3546, 4627, 1177, 517, 4008, 9219, 17696, 4148, 14124, 13243, 11235, 7561, 8331, 16320, 3591, 11341, 4015, 12028, 14929, 18601, 3528, 14065, 1510, 19191, 13833, 17616, 10869, 17689, 831, 16725, 6319, 15465, 10467, 8162, 13563, 7728, 10778, 13545, 12290, 16480, 14401, 12838, 4212, 17529, 4832, 15111, 12690, 10373, 7596, 18614, 17477, 1043, 13100, 4774, 17479, 3774, 9302, 3901, 13071, 6412, 9516, 1261, 3054, 13522, 17602, 14343, 18500, 10957, 2791, 9624, 3634, 17904, 5709, 14670, 11058, 7087, 7435, 13848, 82, 5565, 2562, 14029, 3583, 1676, 12709, 18473, 3158, 12787, 8068, 8263, 16146, 3593, 1802, 1861, 3348, 4487, 17749, 6105, 10471, 17472, 10200, 1182, 14180, 1076, 10156, 4839, 9903, 4879, 9720, 2157, 15344, 16067, 3064, 17182, 5368, 4987, 18484, 18923, 11896, 1052, 15727, 15289, 5885, 1933, 5251, 17072, 6038, 6195, 13524, 6606, 18506, 17536, 6784, 3231, 14121, 8925, 10030, 803, 13764, 146, 19268, 14099, 4130, 16372, 1537, 12248, 13718, 17187, 11728, 1740, 19233, 5600, 4092, 4779, 6028, 3395, 16152, 19150, 2417, 11980, 11237, 8427, 18127, 3538, 9257, 607, 2078, 18457, 5802, 3435, 15019, 4256, 9221, 13465, 11742, 5788, 9528, 17493, 4607, 3131, 6616, 5356, 1550, 4617, 8827, 849, 2601, 4437, 17861, 10261, 15704, 3890, 8149, 12063, 3086, 15925, 12301, 6847, 5603, 7768, 3187, 13372, 9258, 6584, 7594, 2603, 1835, 17380, 17193, 15251, 15937, 18731, 4082, 14911, 16626, 8824, 16208, 10167, 17711, 9678, 15852, 13620, 16479, 14586, 2446, 4866, 1315, 7746, 10615, 7927, 2443, 7157, 13506, 18410, 10494]",5384,1500,3,False,1500
2895,email query,email query,15,True,True,True,"{21: 26, 33: 14, 2: 18, 29: 13, 25: 57, 43: 9, 57: 16, 49: 16, 61: 14, 67: 52, 65: 21, 50: 28, 15: 53, 6: 13, 46: 15, 27: 69, 7: 65, 48: 67, 19: 21, 31: 14, 63: 26, 22: 39, 9: 79, 26: 40, 47: 15, 53: 66, 11: 19, 51: 26, 54: 9, 13: 32, 17: 37, 52: 30, 39: 27, 38: 19, 1: 6, 59: 33, 56: 23, 32: 9, 8: 25, 4: 12, 20: 26, 24: 7, 18: 31, 42: 7, 28: 31, 45: 57, 0: 13, 66: 11, 62: 11, 35: 7, 64: 15, 37: 2, 40: 25, 3: 3, 14: 5, 12: 8, 16: 15, 55: 16, 30: 13, 58: 6, 36: 4, 60: 5, 5: 3, 41: 2, 44: 2, 34: 2}","[12686, 3384, 6034, 14374, 14516, 14680, 18580, 5912, 661, 4433, 14182, 14634, 14672, 13694, 17233, 12320, 12666, 7276, 14925, 15315, 1125, 14820, 3769, 14096, 12401, 14972, 14176, 4685, 4278, 5735, 7514, 16051, 15882, 4696, 17145, 19193, 12994, 9901, 13641, 15193, 6739, 9240, 1608, 14664, 18117, 5676, 15714, 5964, 5329, 16651, 15936, 14441, 15878, 18316, 14255, 18692, 5858, 4640, 10716, 13839, 16635, 2097, 11464, 12427, 2320, 14629, 7617, 16183, 16205, 2170, 4384, 6683, 5285, 18707, 6780, 4231, 2404, 4895, 18091, 2944, 13054, 3904, 3491, 9455, 15985, 10432, 8657, 15304, 9114, 5838, 5197, 17244, 6207, 3970, 17246, 3950, 6168, 8697, 6800, 9942, 11118, 8582, 6355, 15275, 4581, 12724, 11921, 1833, 523, 7619, 15729, 176, 8576, 3101, 1573, 1283, 11796, 11277, 2547, 1738, 6806, 15187, 7129, 5179, 5854, 16373, 9231, 6270, 777, 2062, 13249, 4144, 6325, 3924, 5350, 14414, 3142, 2249, 6444, 13582, 2833, 18030, 6483, 18404, 15057, 7482, 15001, 15872, 14584, 10835, 954, 7257, 1381, 17819, 17518, 6497, 14430, 4901, 16466, 10805, 132, 7506, 755, 14427, 12119, 16613, 19042, 14994, 11257, 8042, 2144, 5966, 1580, 8010, 2550, 10684, 14088, 5037, 8764, 17076, 14185, 15984, 5299, 16601, 19182, 13197, 14561, 12605, 17010, 2703, 6715, 11207, 10188, 212, 2293, 17676, 1720, 5934, 112, 8568, 15870, 3226, 4524, 4431, 5141, 5383, 7609, 12807, 19001, 14368, 6704, 14903, 4172, 117, 18698, 1699, 16558, 7518, 10618, 2110, 10308, 7828, 6623, 17644, 4449, 951, 13858, 15106, 8402, 916, 4771, 8608, 6448, 6656, 13547, 2814, 8336, 8093, 6398, 637, 9909, 10621, 786, 14146, 17292, 9457, 3, 2884, 14785, 10504, 16361, 8181, 17690, 654, 11067, 18741, 386, 18208, 10130, 8079, 7082, 14740, 8076, 18619, 14428, 10992, 12679, 9431, 18328, 13606, 7641, 13542, 1002, 11975, 15646, 19078, 1352, 8683, 16053, 11763, 14823, 7059, 4995, 3754, 6213, 10090, 19084, 1973, 8131, 5353, 836, 13960, 3217, 4885, 9645, 16941, 14750, 13171, 9132, 1355, 4440, 15747, 8233, 6008, 12781, 16749, 13905, 18198, 5033, 2910, 16502, 1233, 965, 16926, 3944, 13518, 18213, 12739, 9972, 14609, 5764, 6128, 9532, 12680, 3672, 5458, 6822, 11547, 3163, 8040, 14081, 8369, 18182, 17541, 11552, 12451, 15074, 1783, 17730, 1690, 16992, 2490, 2459, 18065, 320, 18311, 45, 9495, 4572, 544, 12731, 16811, 15096, 14957, 4594, 16607, 2449, 7791, 13659, 8892, 1713, 17336, 6598, 13832, 10495, 18937, 3067, 3473, 12715, 13492, 14787, 16503, 17899, 16638, 2408, 7141, 10590, 2917, 14650, 12571, 4321, 2855, 1829, 3736, 3381, 11069, 16093, 15201, 14311, 9836, 18289, 16899, 897, 13981, 12223, 8884, 15721, 7778, 13648, 5737, 6550, 19249, 2715, 447, 12941, 8915, 18963, 16291, 760, 5869, 3635, 3439, 6740, 5003, 3174, 2945, 16056, 4860, 11216, 7363, 1147, 12124, 9764, 11245, 4361, 7784, 16285, 17057, 11203, 5114, 17655, 12056, 17890, 7741, 15799, 10258, 16088, 19222, 15303, 1433, 5991, 322, 2322, 3156, 9940, 7814, 17068, 16968, 10018, 1991, 11946, 8705, 10371, 4619, 11074, 2034, 15550, 11743, 18666, 13494, 14175, 13948, 15123, 11154, 10397, 1701, 4770, 839, 12085, 16500, 16241, 1535, 18782, 2221, 539, 18405, 4245, 103, 1571, 16945, 12196, 9441, 1732, 1367, 3596, 4794, 7230, 5245, 17483, 2955, 2003, 11509, 4044, 12934, 3456, 16693, 593, 4582, 14076, 10972, 1965, 7227, 14324, 8658, 3772, 8355, 11889, 1908, 2684, 10026, 1666, 16507, 5589, 9295, 8389, 2099, 18653, 13808, 19147, 6675, 10970, 2788, 19028, 16983, 16166, 9845, 8160, 11381, 10088, 10333, 11716, 14695, 12697, 4365, 3747, 17296, 11904, 74, 7047, 10639, 13094, 940, 10478, 2032, 6642, 14896, 10840, 5430, 5556, 12597, 2183, 18403, 4252, 14613, 18283, 8790, 12140, 13540, 13353, 14114, 13297, 4056, 14038, 11299, 13770, 11433, 14285, 1526, 1955, 15711, 255, 12481, 612, 1635, 4886, 357, 11434, 9524, 13106, 2607, 5391, 9406, 2331, 624, 2749, 17849, 9829, 11436, 18426, 9481, 18550, 15647, 532, 11720, 11824, 15610, 15741, 7902, 13558, 17967, 14539, 17889, 4631, 1238, 16921, 7787, 15293, 3108, 8215, 2851, 4514, 12938, 16730, 17178, 4890, 17960, 4725, 7917, 3191, 8231, 16341, 8195, 10913, 2173, 5557, 2637, 16896, 5806, 1815, 1451, 8864, 2290, 12108, 5328, 6203, 2431, 7508, 17898, 17188, 6897, 1199, 15526, 18437, 6631, 8644, 16917, 14964, 14233, 2454, 584, 4830, 7199, 4180, 14889, 5761, 13756, 6917, 7756, 18880, 15095, 1816, 14070, 16252, 7429, 16589, 1631, 15968, 15221, 12478, 18594, 1477, 5637, 12058, 1205, 13397, 9107, 18654, 1968, 3759, 13147, 14144, 14973, 12452, 18020, 13592, 17920, 13687, 11335, 7207, 418, 7834, 778, 12982, 10688, 9031, 509, 9601, 9780, 17040, 12023, 3916, 91, 6536, 18535, 7547, 15240, 707, 14533, 15064, 17012, 16805, 8637, 5969, 16221, 1940, 13307, 4717, 12615, 18220, 11028, 12170, 1743, 2376, 12415, 14220, 18827, 1294, 18543, 6977, 15309, 11778, 11842, 17103, 3857, 4637, 12162, 19169, 17166, 18237, 17818, 9507, 19022, 5790, 19112, 15611, 1118, 15184, 18703, 1817, 15530, 16579, 8437, 11839, 11378, 3537, 9205, 9217, 16272, 18759, 16828, 12002, 8348, 1723, 3481, 14115, 379, 8544, 264, 6015, 7672, 2253, 7364, 3706, 13796, 17139, 16125, 12059, 9623, 7185, 2418, 18230, 3087, 281, 4379, 1796, 8459, 4400, 17824, 2736, 16446, 13525, 15341, 3275, 7872, 1662, 7557, 4319, 15442, 7181, 10456, 4963, 17048, 16943, 12784, 3441, 5240, 9975, 13216, 17702, 11594, 13554, 6165, 19168, 16070, 3540, 3262, 10661, 4061, 13173, 2875, 17014, 4349, 10818, 8428, 16764, 14232, 8930, 15734, 17680, 7069, 15684, 17050, 18987, 6914, 6863, 19263, 10595, 150, 10039, 2722, 18223, 16444, 6559, 7258, 2661, 7699, 17136, 12773, 4247, 5723, 15194, 1696, 1500, 2807, 9893, 11835, 13240, 18313, 17107, 10265, 10244, 5570, 2862, 14049, 1012, 12861, 723, 9583, 17461, 10056, 1264, 8297, 3716, 14666, 15259, 13531, 543, 13723, 16810, 6700, 3516, 13766, 7186, 10692, 6321, 15484, 14547, 8744, 3703, 10383, 16829, 6366, 6846, 3906, 2021, 18133, 857, 279, 12232, 10212, 10541, 12325, 13475, 1225, 937, 6966, 10881, 16936, 18502, 1440, 11914, 3326, 5633, 14913, 4623, 10743, 12361, 17335, 1072, 5043, 14810, 15077, 3255, 17215, 6553, 17852, 4801, 6962, 3060, 9430, 8799, 13824, 188, 15175, 15163, 4733, 5011, 3536, 17635, 6532, 14071, 6112, 17158, 6597, 11272, 105, 19219, 5013, 12483, 201, 6848, 17033, 6367, 7859, 14702, 18844, 7053, 18694, 15670, 636, 10129, 6378, 5369, 7273, 16247, 9142, 15345, 16817, 14854, 2600, 15783, 889, 11833, 6612, 2068, 2427, 7062, 7918, 16181, 5464, 8339, 8950, 8453, 16423, 6064, 2380, 4268, 13929, 12974, 19141, 1299, 2484, 3883, 3273, 8772, 13256, 11239, 5766, 18098, 12705, 11004, 2695, 10048, 10960, 2766, 15661, 13258, 8015, 6032, 16397, 7749, 19039, 7634, 15076, 4234, 15114, 8475, 8091, 19220, 18004, 9704, 13918, 15569, 16443, 10015, 9943, 7817, 9349, 2588, 8249, 398, 5316, 15538, 18372, 13559, 2937, 2803, 16248, 6155, 630, 9911, 13190, 19157, 15788, 13248, 13148, 1320, 12074, 8471, 8798, 3213, 12418, 814, 2402, 12718, 12397, 10564, 9875, 10128, 6947, 9491, 17707, 3266, 19196, 14309, 18523, 19043, 17975, 18063, 11618, 15016, 14434, 7680, 1739, 18029, 11694, 1745, 9271, 5189, 9561, 11283, 14978, 10753, 16017, 12914, 978, 2828, 17257, 13135, 5061, 121, 6602, 16015, 19271, 12159, 1244, 8260, 13195, 15873, 12815, 14291, 14515, 118, 4892, 14985, 9551, 12654, 4739, 927, 12176, 9523, 11726, 18187, 5880, 2569, 3386, 13942, 3390, 15774, 129, 65, 12922, 8422, 12692, 16213, 11515, 2111, 8347, 10758, 14064, 4401, 17782, 15621, 6709, 14716, 4091, 13964, 8424, 4218, 7249, 11311, 11171, 18564, 14755, 7114, 14009, 14815, 294, 495, 7684, 6833, 4046, 3505, 16995, 17858, 7761, 15803, 9840, 13958, 8226, 10369, 12497, 17142, 1748, 2854, 7159, 11539, 11055, 13337, 17173, 14214, 6803, 11144, 12649, 283, 15489, 13174, 7015, 610, 7030, 18206, 14077, 15468, 14962, 8046, 7809, 17387, 16034, 16678, 1173, 3502, 12942, 15655, 16859, 7099, 1673, 446, 1365, 5881, 3713, 11697, 1897, 16001, 1702, 14149, 11876, 9341, 4325, 6923, 2001, 138, 3276, 18716, 17604, 10501, 115, 12800, 6111, 11148, 4549, 16057, 4707, 6843, 16091, 4295, 7519, 13708, 12409, 11018, 5052, 13566, 14715, 12755, 793, 10837, 1888, 12375, 3935, 5763, 11791, 11258, 13264, 11469, 4683, 8905, 1853, 11600, 4421, 2798, 5074, 18141, 13807, 8595, 8126, 13837, 8060, 6956, 11767, 14560, 9389, 15261, 1232, 12560, 7262, 11504, 3546, 4627, 1177, 517, 4008, 9219, 17696, 4148, 14124, 13243, 11235, 7561, 8331, 16320, 3591, 11341, 4015, 12028, 14929, 18601, 3528, 14065, 1510, 19191, 13833, 17616, 10869, 17689, 831, 16725, 6319, 15465, 10467, 8162, 13563, 7728, 10778, 13545, 12290, 16480, 14401, 12838, 4212, 17529, 4832, 15111, 12690, 10373, 7596, 18614, 17477, 1043, 13100, 4774, 17479, 3774, 9302, 3901, 13071, 6412, 9516, 1261, 3054, 13522, 17602, 14343, 18500, 10957, 2791, 9624, 3634, 17904, 5709, 14670, 11058, 7087, 7435, 13848, 82, 5565, 2562, 14029, 3583, 1676, 12709, 18473, 3158, 12787, 8068, 8263, 16146, 3593, 1802, 1861, 3348, 4487, 17749, 6105, 10471, 17472, 10200, 1182, 14180, 1076, 10156, 4839, 9903, 4879, 9720, 2157, 15344, 16067, 3064, 17182, 5368, 4987, 18484, 18923, 11896, 1052, 15727, 15289, 5885, 1933, 5251, 17072, 6038, 6195, 13524, 6606, 18506, 17536, 6784, 3231, 14121, 8925, 10030, 803, 13764, 146, 19268, 14099, 4130, 16372, 1537, 12248, 13718, 17187, 11728, 1740, 19233, 5600, 4092, 4779, 6028, 3395, 16152, 19150, 2417, 11980, 11237, 8427, 18127, 3538, 9257, 607, 2078, 18457, 5802, 3435, 15019, 4256, 9221, 13465, 11742, 5788, 9528, 17493, 4607, 3131, 6616, 5356, 1550, 4617, 8827, 849, 2601, 4437, 17861, 10261, 15704, 3890, 8149, 12063, 3086, 15925, 12301, 6847, 5603, 7768, 3187, 13372, 9258, 6584, 7594, 2603, 1835, 17380, 17193, 15251, 15937, 18731, 4082, 14911, 16626, 8824, 16208, 10167, 17711, 9678, 15852, 13620, 16479, 14586, 2446, 4866, 1315, 7746, 10615, 7927, 2443, 7157, 13506, 18410, 10494]",2895,1500,3,False,1500
3357,iot cleaning,iot wemo on,37,True,False,False,"{21: 26, 33: 14, 2: 18, 29: 13, 25: 57, 43: 9, 57: 16, 49: 16, 61: 14, 67: 52, 65: 21, 50: 28, 15: 53, 6: 13, 46: 15, 27: 69, 7: 65, 48: 67, 19: 21, 31: 14, 63: 26, 22: 39, 9: 79, 26: 40, 47: 15, 53: 66, 11: 19, 51: 26, 54: 9, 13: 32, 17: 37, 52: 30, 39: 27, 38: 19, 1: 6, 59: 33, 56: 23, 32: 9, 8: 25, 4: 12, 20: 26, 24: 7, 18: 31, 42: 7, 28: 31, 45: 57, 0: 13, 66: 11, 62: 11, 35: 7, 64: 15, 37: 2, 40: 25, 3: 3, 14: 5, 12: 8, 16: 15, 55: 16, 30: 13, 58: 6, 36: 4, 60: 5, 5: 3, 41: 2, 44: 2, 34: 2}","[12686, 3384, 6034, 14374, 14516, 14680, 18580, 5912, 661, 4433, 14182, 14634, 14672, 13694, 17233, 12320, 12666, 7276, 14925, 15315, 1125, 14820, 3769, 14096, 12401, 14972, 14176, 4685, 4278, 5735, 7514, 16051, 15882, 4696, 17145, 19193, 12994, 9901, 13641, 15193, 6739, 9240, 1608, 14664, 18117, 5676, 15714, 5964, 5329, 16651, 15936, 14441, 15878, 18316, 14255, 18692, 5858, 4640, 10716, 13839, 16635, 2097, 11464, 12427, 2320, 14629, 7617, 16183, 16205, 2170, 4384, 6683, 5285, 18707, 6780, 4231, 2404, 4895, 18091, 2944, 13054, 3904, 3491, 9455, 15985, 10432, 8657, 15304, 9114, 5838, 5197, 17244, 6207, 3970, 17246, 3950, 6168, 8697, 6800, 9942, 11118, 8582, 6355, 15275, 4581, 12724, 11921, 1833, 523, 7619, 15729, 176, 8576, 3101, 1573, 1283, 11796, 11277, 2547, 1738, 6806, 15187, 7129, 5179, 5854, 16373, 9231, 6270, 777, 2062, 13249, 4144, 6325, 3924, 5350, 14414, 3142, 2249, 6444, 13582, 2833, 18030, 6483, 18404, 15057, 7482, 15001, 15872, 14584, 10835, 954, 7257, 1381, 17819, 17518, 6497, 14430, 4901, 16466, 10805, 132, 7506, 755, 14427, 12119, 16613, 19042, 14994, 11257, 8042, 2144, 5966, 1580, 8010, 2550, 10684, 14088, 5037, 8764, 17076, 14185, 15984, 5299, 16601, 19182, 13197, 14561, 12605, 17010, 2703, 6715, 11207, 10188, 212, 2293, 17676, 1720, 5934, 112, 8568, 15870, 3226, 4524, 4431, 5141, 5383, 7609, 12807, 19001, 14368, 6704, 14903, 4172, 117, 18698, 1699, 16558, 7518, 10618, 2110, 10308, 7828, 6623, 17644, 4449, 951, 13858, 15106, 8402, 916, 4771, 8608, 6448, 6656, 13547, 2814, 8336, 8093, 6398, 637, 9909, 10621, 786, 14146, 17292, 9457, 3, 2884, 14785, 10504, 16361, 8181, 17690, 654, 11067, 18741, 386, 18208, 10130, 8079, 7082, 14740, 8076, 18619, 14428, 10992, 12679, 9431, 18328, 13606, 7641, 13542, 1002, 11975, 15646, 19078, 1352, 8683, 16053, 11763, 14823, 7059, 4995, 3754, 6213, 10090, 19084, 1973, 8131, 5353, 836, 13960, 3217, 4885, 9645, 16941, 14750, 13171, 9132, 1355, 4440, 15747, 8233, 6008, 12781, 16749, 13905, 18198, 5033, 2910, 16502, 1233, 965, 16926, 3944, 13518, 18213, 12739, 9972, 14609, 5764, 6128, 9532, 12680, 3672, 5458, 6822, 11547, 3163, 8040, 14081, 8369, 18182, 17541, 11552, 12451, 15074, 1783, 17730, 1690, 16992, 2490, 2459, 18065, 320, 18311, 45, 9495, 4572, 544, 12731, 16811, 15096, 14957, 4594, 16607, 2449, 7791, 13659, 8892, 1713, 17336, 6598, 13832, 10495, 18937, 3067, 3473, 12715, 13492, 14787, 16503, 17899, 16638, 2408, 7141, 10590, 2917, 14650, 12571, 4321, 2855, 1829, 3736, 3381, 11069, 16093, 15201, 14311, 9836, 18289, 16899, 897, 13981, 12223, 8884, 15721, 7778, 13648, 5737, 6550, 19249, 2715, 447, 12941, 8915, 18963, 16291, 760, 5869, 3635, 3439, 6740, 5003, 3174, 2945, 16056, 4860, 11216, 7363, 1147, 12124, 9764, 11245, 4361, 7784, 16285, 17057, 11203, 5114, 17655, 12056, 17890, 7741, 15799, 10258, 16088, 19222, 15303, 1433, 5991, 322, 2322, 3156, 9940, 7814, 17068, 16968, 10018, 1991, 11946, 8705, 10371, 4619, 11074, 2034, 15550, 11743, 18666, 13494, 14175, 13948, 15123, 11154, 10397, 1701, 4770, 839, 12085, 16500, 16241, 1535, 18782, 2221, 539, 18405, 4245, 103, 1571, 16945, 12196, 9441, 1732, 1367, 3596, 4794, 7230, 5245, 17483, 2955, 2003, 11509, 4044, 12934, 3456, 16693, 593, 4582, 14076, 10972, 1965, 7227, 14324, 8658, 3772, 8355, 11889, 1908, 2684, 10026, 1666, 16507, 5589, 9295, 8389, 2099, 18653, 13808, 19147, 6675, 10970, 2788, 19028, 16983, 16166, 9845, 8160, 11381, 10088, 10333, 11716, 14695, 12697, 4365, 3747, 17296, 11904, 74, 7047, 10639, 13094, 940, 10478, 2032, 6642, 14896, 10840, 5430, 5556, 12597, 2183, 18403, 4252, 14613, 18283, 8790, 12140, 13540, 13353, 14114, 13297, 4056, 14038, 11299, 13770, 11433, 14285, 1526, 1955, 15711, 255, 12481, 612, 1635, 4886, 357, 11434, 9524, 13106, 2607, 5391, 9406, 2331, 624, 2749, 17849, 9829, 11436, 18426, 9481, 18550, 15647, 532, 11720, 11824, 15610, 15741, 7902, 13558, 17967, 14539, 17889, 4631, 1238, 16921, 7787, 15293, 3108, 8215, 2851, 4514, 12938, 16730, 17178, 4890, 17960, 4725, 7917, 3191, 8231, 16341, 8195, 10913, 2173, 5557, 2637, 16896, 5806, 1815, 1451, 8864, 2290, 12108, 5328, 6203, 2431, 7508, 17898, 17188, 6897, 1199, 15526, 18437, 6631, 8644, 16917, 14964, 14233, 2454, 584, 4830, 7199, 4180, 14889, 5761, 13756, 6917, 7756, 18880, 15095, 1816, 14070, 16252, 7429, 16589, 1631, 15968, 15221, 12478, 18594, 1477, 5637, 12058, 1205, 13397, 9107, 18654, 1968, 3759, 13147, 14144, 14973, 12452, 18020, 13592, 17920, 13687, 11335, 7207, 418, 7834, 778, 12982, 10688, 9031, 509, 9601, 9780, 17040, 12023, 3916, 91, 6536, 18535, 7547, 15240, 707, 14533, 15064, 17012, 16805, 8637, 5969, 16221, 1940, 13307, 4717, 12615, 18220, 11028, 12170, 1743, 2376, 12415, 14220, 18827, 1294, 18543, 6977, 15309, 11778, 11842, 17103, 3857, 4637, 12162, 19169, 17166, 18237, 17818, 9507, 19022, 5790, 19112, 15611, 1118, 15184, 18703, 1817, 15530, 16579, 8437, 11839, 11378, 3537, 9205, 9217, 16272, 18759, 16828, 12002, 8348, 1723, 3481, 14115, 379, 8544, 264, 6015, 7672, 2253, 7364, 3706, 13796, 17139, 16125, 12059, 9623, 7185, 2418, 18230, 3087, 281, 4379, 1796, 8459, 4400, 17824, 2736, 16446, 13525, 15341, 3275, 7872, 1662, 7557, 4319, 15442, 7181, 10456, 4963, 17048, 16943, 12784, 3441, 5240, 9975, 13216, 17702, 11594, 13554, 6165, 19168, 16070, 3540, 3262, 10661, 4061, 13173, 2875, 17014, 4349, 10818, 8428, 16764, 14232, 8930, 15734, 17680, 7069, 15684, 17050, 18987, 6914, 6863, 19263, 10595, 150, 10039, 2722, 18223, 16444, 6559, 7258, 2661, 7699, 17136, 12773, 4247, 5723, 15194, 1696, 1500, 2807, 9893, 11835, 13240, 18313, 17107, 10265, 10244, 5570, 2862, 14049, 1012, 12861, 723, 9583, 17461, 10056, 1264, 8297, 3716, 14666, 15259, 13531, 543, 13723, 16810, 6700, 3516, 13766, 7186, 10692, 6321, 15484, 14547, 8744, 3703, 10383, 16829, 6366, 6846, 3906, 2021, 18133, 857, 279, 12232, 10212, 10541, 12325, 13475, 1225, 937, 6966, 10881, 16936, 18502, 1440, 11914, 3326, 5633, 14913, 4623, 10743, 12361, 17335, 1072, 5043, 14810, 15077, 3255, 17215, 6553, 17852, 4801, 6962, 3060, 9430, 8799, 13824, 188, 15175, 15163, 4733, 5011, 3536, 17635, 6532, 14071, 6112, 17158, 6597, 11272, 105, 19219, 5013, 12483, 201, 6848, 17033, 6367, 7859, 14702, 18844, 7053, 18694, 15670, 636, 10129, 6378, 5369, 7273, 16247, 9142, 15345, 16817, 14854, 2600, 15783, 889, 11833, 6612, 2068, 2427, 7062, 7918, 16181, 5464, 8339, 8950, 8453, 16423, 6064, 2380, 4268, 13929, 12974, 19141, 1299, 2484, 3883, 3273, 8772, 13256, 11239, 5766, 18098, 12705, 11004, 2695, 10048, 10960, 2766, 15661, 13258, 8015, 6032, 16397, 7749, 19039, 7634, 15076, 4234, 15114, 8475, 8091, 19220, 18004, 9704, 13918, 15569, 16443, 10015, 9943, 7817, 9349, 2588, 8249, 398, 5316, 15538, 18372, 13559, 2937, 2803, 16248, 6155, 630, 9911, 13190, 19157, 15788, 13248, 13148, 1320, 12074, 8471, 8798, 3213, 12418, 814, 2402, 12718, 12397, 10564, 9875, 10128, 6947, 9491, 17707, 3266, 19196, 14309, 18523, 19043, 17975, 18063, 11618, 15016, 14434, 7680, 1739, 18029, 11694, 1745, 9271, 5189, 9561, 11283, 14978, 10753, 16017, 12914, 978, 2828, 17257, 13135, 5061, 121, 6602, 16015, 19271, 12159, 1244, 8260, 13195, 15873, 12815, 14291, 14515, 118, 4892, 14985, 9551, 12654, 4739, 927, 12176, 9523, 11726, 18187, 5880, 2569, 3386, 13942, 3390, 15774, 129, 65, 12922, 8422, 12692, 16213, 11515, 2111, 8347, 10758, 14064, 4401, 17782, 15621, 6709, 14716, 4091, 13964, 8424, 4218, 7249, 11311, 11171, 18564, 14755, 7114, 14009, 14815, 294, 495, 7684, 6833, 4046, 3505, 16995, 17858, 7761, 15803, 9840, 13958, 8226, 10369, 12497, 17142, 1748, 2854, 7159, 11539, 11055, 13337, 17173, 14214, 6803, 11144, 12649, 283, 15489, 13174, 7015, 610, 7030, 18206, 14077, 15468, 14962, 8046, 7809, 17387, 16034, 16678, 1173, 3502, 12942, 15655, 16859, 7099, 1673, 446, 1365, 5881, 3713, 11697, 1897, 16001, 1702, 14149, 11876, 9341, 4325, 6923, 2001, 138, 3276, 18716, 17604, 10501, 115, 12800, 6111, 11148, 4549, 16057, 4707, 6843, 16091, 4295, 7519, 13708, 12409, 11018, 5052, 13566, 14715, 12755, 793, 10837, 1888, 12375, 3935, 5763, 11791, 11258, 13264, 11469, 4683, 8905, 1853, 11600, 4421, 2798, 5074, 18141, 13807, 8595, 8126, 13837, 8060, 6956, 11767, 14560, 9389, 15261, 1232, 12560, 7262, 11504, 3546, 4627, 1177, 517, 4008, 9219, 17696, 4148, 14124, 13243, 11235, 7561, 8331, 16320, 3591, 11341, 4015, 12028, 14929, 18601, 3528, 14065, 1510, 19191, 13833, 17616, 10869, 17689, 831, 16725, 6319, 15465, 10467, 8162, 13563, 7728, 10778, 13545, 12290, 16480, 14401, 12838, 4212, 17529, 4832, 15111, 12690, 10373, 7596, 18614, 17477, 1043, 13100, 4774, 17479, 3774, 9302, 3901, 13071, 6412, 9516, 1261, 3054, 13522, 17602, 14343, 18500, 10957, 2791, 9624, 3634, 17904, 5709, 14670, 11058, 7087, 7435, 13848, 82, 5565, 2562, 14029, 3583, 1676, 12709, 18473, 3158, 12787, 8068, 8263, 16146, 3593, 1802, 1861, 3348, 4487, 17749, 6105, 10471, 17472, 10200, 1182, 14180, 1076, 10156, 4839, 9903, 4879, 9720, 2157, 15344, 16067, 3064, 17182, 5368, 4987, 18484, 18923, 11896, 1052, 15727, 15289, 5885, 1933, 5251, 17072, 6038, 6195, 13524, 6606, 18506, 17536, 6784, 3231, 14121, 8925, 10030, 803, 13764, 146, 19268, 14099, 4130, 16372, 1537, 12248, 13718, 17187, 11728, 1740, 19233, 5600, 4092, 4779, 6028, 3395, 16152, 19150, 2417, 11980, 11237, 8427, 18127, 3538, 9257, 607, 2078, 18457, 5802, 3435, 15019, 4256, 9221, 13465, 11742, 5788, 9528, 17493, 4607, 3131, 6616, 5356, 1550, 4617, 8827, 849, 2601, 4437, 17861, 10261, 15704, 3890, 8149, 12063, 3086, 15925, 12301, 6847, 5603, 7768, 3187, 13372, 9258, 6584, 7594, 2603, 1835, 17380, 17193, 15251, 15937, 18731, 4082, 14911, 16626, 8824, 16208, 10167, 17711, 9678, 15852, 13620, 16479, 14586, 2446, 4866, 1315, 7746, 10615, 7927, 2443, 7157, 13506, 18410, 10494]",3357,1500,3,False,1500
1865,iot cleaning,iot clean,29,True,True,False,"{21: 26, 33: 14, 2: 18, 29: 13, 25: 57, 43: 9, 57: 16, 49: 16, 61: 14, 67: 52, 65: 21, 50: 28, 15: 53, 6: 13, 46: 15, 27: 69, 7: 65, 48: 67, 19: 21, 31: 14, 63: 26, 22: 39, 9: 79, 26: 40, 47: 15, 53: 66, 11: 19, 51: 26, 54: 9, 13: 32, 17: 37, 52: 30, 39: 27, 38: 19, 1: 6, 59: 33, 56: 23, 32: 9, 8: 25, 4: 12, 20: 26, 24: 7, 18: 31, 42: 7, 28: 31, 45: 57, 0: 13, 66: 11, 62: 11, 35: 7, 64: 15, 37: 2, 40: 25, 3: 3, 14: 5, 12: 8, 16: 15, 55: 16, 30: 13, 58: 6, 36: 4, 60: 5, 5: 3, 41: 2, 44: 2, 34: 2}","[12686, 3384, 6034, 14374, 14516, 14680, 18580, 5912, 661, 4433, 14182, 14634, 14672, 13694, 17233, 12320, 12666, 7276, 14925, 15315, 1125, 14820, 3769, 14096, 12401, 14972, 14176, 4685, 4278, 5735, 7514, 16051, 15882, 4696, 17145, 19193, 12994, 9901, 13641, 15193, 6739, 9240, 1608, 14664, 18117, 5676, 15714, 5964, 5329, 16651, 15936, 14441, 15878, 18316, 14255, 18692, 5858, 4640, 10716, 13839, 16635, 2097, 11464, 12427, 2320, 14629, 7617, 16183, 16205, 2170, 4384, 6683, 5285, 18707, 6780, 4231, 2404, 4895, 18091, 2944, 13054, 3904, 3491, 9455, 15985, 10432, 8657, 15304, 9114, 5838, 5197, 17244, 6207, 3970, 17246, 3950, 6168, 8697, 6800, 9942, 11118, 8582, 6355, 15275, 4581, 12724, 11921, 1833, 523, 7619, 15729, 176, 8576, 3101, 1573, 1283, 11796, 11277, 2547, 1738, 6806, 15187, 7129, 5179, 5854, 16373, 9231, 6270, 777, 2062, 13249, 4144, 6325, 3924, 5350, 14414, 3142, 2249, 6444, 13582, 2833, 18030, 6483, 18404, 15057, 7482, 15001, 15872, 14584, 10835, 954, 7257, 1381, 17819, 17518, 6497, 14430, 4901, 16466, 10805, 132, 7506, 755, 14427, 12119, 16613, 19042, 14994, 11257, 8042, 2144, 5966, 1580, 8010, 2550, 10684, 14088, 5037, 8764, 17076, 14185, 15984, 5299, 16601, 19182, 13197, 14561, 12605, 17010, 2703, 6715, 11207, 10188, 212, 2293, 17676, 1720, 5934, 112, 8568, 15870, 3226, 4524, 4431, 5141, 5383, 7609, 12807, 19001, 14368, 6704, 14903, 4172, 117, 18698, 1699, 16558, 7518, 10618, 2110, 10308, 7828, 6623, 17644, 4449, 951, 13858, 15106, 8402, 916, 4771, 8608, 6448, 6656, 13547, 2814, 8336, 8093, 6398, 637, 9909, 10621, 786, 14146, 17292, 9457, 3, 2884, 14785, 10504, 16361, 8181, 17690, 654, 11067, 18741, 386, 18208, 10130, 8079, 7082, 14740, 8076, 18619, 14428, 10992, 12679, 9431, 18328, 13606, 7641, 13542, 1002, 11975, 15646, 19078, 1352, 8683, 16053, 11763, 14823, 7059, 4995, 3754, 6213, 10090, 19084, 1973, 8131, 5353, 836, 13960, 3217, 4885, 9645, 16941, 14750, 13171, 9132, 1355, 4440, 15747, 8233, 6008, 12781, 16749, 13905, 18198, 5033, 2910, 16502, 1233, 965, 16926, 3944, 13518, 18213, 12739, 9972, 14609, 5764, 6128, 9532, 12680, 3672, 5458, 6822, 11547, 3163, 8040, 14081, 8369, 18182, 17541, 11552, 12451, 15074, 1783, 17730, 1690, 16992, 2490, 2459, 18065, 320, 18311, 45, 9495, 4572, 544, 12731, 16811, 15096, 14957, 4594, 16607, 2449, 7791, 13659, 8892, 1713, 17336, 6598, 13832, 10495, 18937, 3067, 3473, 12715, 13492, 14787, 16503, 17899, 16638, 2408, 7141, 10590, 2917, 14650, 12571, 4321, 2855, 1829, 3736, 3381, 11069, 16093, 15201, 14311, 9836, 18289, 16899, 897, 13981, 12223, 8884, 15721, 7778, 13648, 5737, 6550, 19249, 2715, 447, 12941, 8915, 18963, 16291, 760, 5869, 3635, 3439, 6740, 5003, 3174, 2945, 16056, 4860, 11216, 7363, 1147, 12124, 9764, 11245, 4361, 7784, 16285, 17057, 11203, 5114, 17655, 12056, 17890, 7741, 15799, 10258, 16088, 19222, 15303, 1433, 5991, 322, 2322, 3156, 9940, 7814, 17068, 16968, 10018, 1991, 11946, 8705, 10371, 4619, 11074, 2034, 15550, 11743, 18666, 13494, 14175, 13948, 15123, 11154, 10397, 1701, 4770, 839, 12085, 16500, 16241, 1535, 18782, 2221, 539, 18405, 4245, 103, 1571, 16945, 12196, 9441, 1732, 1367, 3596, 4794, 7230, 5245, 17483, 2955, 2003, 11509, 4044, 12934, 3456, 16693, 593, 4582, 14076, 10972, 1965, 7227, 14324, 8658, 3772, 8355, 11889, 1908, 2684, 10026, 1666, 16507, 5589, 9295, 8389, 2099, 18653, 13808, 19147, 6675, 10970, 2788, 19028, 16983, 16166, 9845, 8160, 11381, 10088, 10333, 11716, 14695, 12697, 4365, 3747, 17296, 11904, 74, 7047, 10639, 13094, 940, 10478, 2032, 6642, 14896, 10840, 5430, 5556, 12597, 2183, 18403, 4252, 14613, 18283, 8790, 12140, 13540, 13353, 14114, 13297, 4056, 14038, 11299, 13770, 11433, 14285, 1526, 1955, 15711, 255, 12481, 612, 1635, 4886, 357, 11434, 9524, 13106, 2607, 5391, 9406, 2331, 624, 2749, 17849, 9829, 11436, 18426, 9481, 18550, 15647, 532, 11720, 11824, 15610, 15741, 7902, 13558, 17967, 14539, 17889, 4631, 1238, 16921, 7787, 15293, 3108, 8215, 2851, 4514, 12938, 16730, 17178, 4890, 17960, 4725, 7917, 3191, 8231, 16341, 8195, 10913, 2173, 5557, 2637, 16896, 5806, 1815, 1451, 8864, 2290, 12108, 5328, 6203, 2431, 7508, 17898, 17188, 6897, 1199, 15526, 18437, 6631, 8644, 16917, 14964, 14233, 2454, 584, 4830, 7199, 4180, 14889, 5761, 13756, 6917, 7756, 18880, 15095, 1816, 14070, 16252, 7429, 16589, 1631, 15968, 15221, 12478, 18594, 1477, 5637, 12058, 1205, 13397, 9107, 18654, 1968, 3759, 13147, 14144, 14973, 12452, 18020, 13592, 17920, 13687, 11335, 7207, 418, 7834, 778, 12982, 10688, 9031, 509, 9601, 9780, 17040, 12023, 3916, 91, 6536, 18535, 7547, 15240, 707, 14533, 15064, 17012, 16805, 8637, 5969, 16221, 1940, 13307, 4717, 12615, 18220, 11028, 12170, 1743, 2376, 12415, 14220, 18827, 1294, 18543, 6977, 15309, 11778, 11842, 17103, 3857, 4637, 12162, 19169, 17166, 18237, 17818, 9507, 19022, 5790, 19112, 15611, 1118, 15184, 18703, 1817, 15530, 16579, 8437, 11839, 11378, 3537, 9205, 9217, 16272, 18759, 16828, 12002, 8348, 1723, 3481, 14115, 379, 8544, 264, 6015, 7672, 2253, 7364, 3706, 13796, 17139, 16125, 12059, 9623, 7185, 2418, 18230, 3087, 281, 4379, 1796, 8459, 4400, 17824, 2736, 16446, 13525, 15341, 3275, 7872, 1662, 7557, 4319, 15442, 7181, 10456, 4963, 17048, 16943, 12784, 3441, 5240, 9975, 13216, 17702, 11594, 13554, 6165, 19168, 16070, 3540, 3262, 10661, 4061, 13173, 2875, 17014, 4349, 10818, 8428, 16764, 14232, 8930, 15734, 17680, 7069, 15684, 17050, 18987, 6914, 6863, 19263, 10595, 150, 10039, 2722, 18223, 16444, 6559, 7258, 2661, 7699, 17136, 12773, 4247, 5723, 15194, 1696, 1500, 2807, 9893, 11835, 13240, 18313, 17107, 10265, 10244, 5570, 2862, 14049, 1012, 12861, 723, 9583, 17461, 10056, 1264, 8297, 3716, 14666, 15259, 13531, 543, 13723, 16810, 6700, 3516, 13766, 7186, 10692, 6321, 15484, 14547, 8744, 3703, 10383, 16829, 6366, 6846, 3906, 2021, 18133, 857, 279, 12232, 10212, 10541, 12325, 13475, 1225, 937, 6966, 10881, 16936, 18502, 1440, 11914, 3326, 5633, 14913, 4623, 10743, 12361, 17335, 1072, 5043, 14810, 15077, 3255, 17215, 6553, 17852, 4801, 6962, 3060, 9430, 8799, 13824, 188, 15175, 15163, 4733, 5011, 3536, 17635, 6532, 14071, 6112, 17158, 6597, 11272, 105, 19219, 5013, 12483, 201, 6848, 17033, 6367, 7859, 14702, 18844, 7053, 18694, 15670, 636, 10129, 6378, 5369, 7273, 16247, 9142, 15345, 16817, 14854, 2600, 15783, 889, 11833, 6612, 2068, 2427, 7062, 7918, 16181, 5464, 8339, 8950, 8453, 16423, 6064, 2380, 4268, 13929, 12974, 19141, 1299, 2484, 3883, 3273, 8772, 13256, 11239, 5766, 18098, 12705, 11004, 2695, 10048, 10960, 2766, 15661, 13258, 8015, 6032, 16397, 7749, 19039, 7634, 15076, 4234, 15114, 8475, 8091, 19220, 18004, 9704, 13918, 15569, 16443, 10015, 9943, 7817, 9349, 2588, 8249, 398, 5316, 15538, 18372, 13559, 2937, 2803, 16248, 6155, 630, 9911, 13190, 19157, 15788, 13248, 13148, 1320, 12074, 8471, 8798, 3213, 12418, 814, 2402, 12718, 12397, 10564, 9875, 10128, 6947, 9491, 17707, 3266, 19196, 14309, 18523, 19043, 17975, 18063, 11618, 15016, 14434, 7680, 1739, 18029, 11694, 1745, 9271, 5189, 9561, 11283, 14978, 10753, 16017, 12914, 978, 2828, 17257, 13135, 5061, 121, 6602, 16015, 19271, 12159, 1244, 8260, 13195, 15873, 12815, 14291, 14515, 118, 4892, 14985, 9551, 12654, 4739, 927, 12176, 9523, 11726, 18187, 5880, 2569, 3386, 13942, 3390, 15774, 129, 65, 12922, 8422, 12692, 16213, 11515, 2111, 8347, 10758, 14064, 4401, 17782, 15621, 6709, 14716, 4091, 13964, 8424, 4218, 7249, 11311, 11171, 18564, 14755, 7114, 14009, 14815, 294, 495, 7684, 6833, 4046, 3505, 16995, 17858, 7761, 15803, 9840, 13958, 8226, 10369, 12497, 17142, 1748, 2854, 7159, 11539, 11055, 13337, 17173, 14214, 6803, 11144, 12649, 283, 15489, 13174, 7015, 610, 7030, 18206, 14077, 15468, 14962, 8046, 7809, 17387, 16034, 16678, 1173, 3502, 12942, 15655, 16859, 7099, 1673, 446, 1365, 5881, 3713, 11697, 1897, 16001, 1702, 14149, 11876, 9341, 4325, 6923, 2001, 138, 3276, 18716, 17604, 10501, 115, 12800, 6111, 11148, 4549, 16057, 4707, 6843, 16091, 4295, 7519, 13708, 12409, 11018, 5052, 13566, 14715, 12755, 793, 10837, 1888, 12375, 3935, 5763, 11791, 11258, 13264, 11469, 4683, 8905, 1853, 11600, 4421, 2798, 5074, 18141, 13807, 8595, 8126, 13837, 8060, 6956, 11767, 14560, 9389, 15261, 1232, 12560, 7262, 11504, 3546, 4627, 1177, 517, 4008, 9219, 17696, 4148, 14124, 13243, 11235, 7561, 8331, 16320, 3591, 11341, 4015, 12028, 14929, 18601, 3528, 14065, 1510, 19191, 13833, 17616, 10869, 17689, 831, 16725, 6319, 15465, 10467, 8162, 13563, 7728, 10778, 13545, 12290, 16480, 14401, 12838, 4212, 17529, 4832, 15111, 12690, 10373, 7596, 18614, 17477, 1043, 13100, 4774, 17479, 3774, 9302, 3901, 13071, 6412, 9516, 1261, 3054, 13522, 17602, 14343, 18500, 10957, 2791, 9624, 3634, 17904, 5709, 14670, 11058, 7087, 7435, 13848, 82, 5565, 2562, 14029, 3583, 1676, 12709, 18473, 3158, 12787, 8068, 8263, 16146, 3593, 1802, 1861, 3348, 4487, 17749, 6105, 10471, 17472, 10200, 1182, 14180, 1076, 10156, 4839, 9903, 4879, 9720, 2157, 15344, 16067, 3064, 17182, 5368, 4987, 18484, 18923, 11896, 1052, 15727, 15289, 5885, 1933, 5251, 17072, 6038, 6195, 13524, 6606, 18506, 17536, 6784, 3231, 14121, 8925, 10030, 803, 13764, 146, 19268, 14099, 4130, 16372, 1537, 12248, 13718, 17187, 11728, 1740, 19233, 5600, 4092, 4779, 6028, 3395, 16152, 19150, 2417, 11980, 11237, 8427, 18127, 3538, 9257, 607, 2078, 18457, 5802, 3435, 15019, 4256, 9221, 13465, 11742, 5788, 9528, 17493, 4607, 3131, 6616, 5356, 1550, 4617, 8827, 849, 2601, 4437, 17861, 10261, 15704, 3890, 8149, 12063, 3086, 15925, 12301, 6847, 5603, 7768, 3187, 13372, 9258, 6584, 7594, 2603, 1835, 17380, 17193, 15251, 15937, 18731, 4082, 14911, 16626, 8824, 16208, 10167, 17711, 9678, 15852, 13620, 16479, 14586, 2446, 4866, 1315, 7746, 10615, 7927, 2443, 7157, 13506, 18410, 10494]",1865,1500,3,False,1500
4222,news query,news,45,True,True,False,"{21: 26, 33: 14, 2: 18, 29: 13, 25: 57, 43: 9, 57: 16, 49: 16, 61: 14, 67: 52, 65: 21, 50: 28, 15: 53, 6: 13, 46: 15, 27: 69, 7: 65, 48: 67, 19: 21, 31: 14, 63: 26, 22: 39, 9: 79, 26: 40, 47: 15, 53: 66, 11: 19, 51: 26, 54: 9, 13: 32, 17: 37, 52: 30, 39: 27, 38: 19, 1: 6, 59: 33, 56: 23, 32: 9, 8: 25, 4: 12, 20: 26, 24: 7, 18: 31, 42: 7, 28: 31, 45: 57, 0: 13, 66: 11, 62: 11, 35: 7, 64: 15, 37: 2, 40: 25, 3: 3, 14: 5, 12: 8, 16: 15, 55: 16, 30: 13, 58: 6, 36: 4, 60: 5, 5: 3, 41: 2, 44: 2, 34: 2}","[12686, 3384, 6034, 14374, 14516, 14680, 18580, 5912, 661, 4433, 14182, 14634, 14672, 13694, 17233, 12320, 12666, 7276, 14925, 15315, 1125, 14820, 3769, 14096, 12401, 14972, 14176, 4685, 4278, 5735, 7514, 16051, 15882, 4696, 17145, 19193, 12994, 9901, 13641, 15193, 6739, 9240, 1608, 14664, 18117, 5676, 15714, 5964, 5329, 16651, 15936, 14441, 15878, 18316, 14255, 18692, 5858, 4640, 10716, 13839, 16635, 2097, 11464, 12427, 2320, 14629, 7617, 16183, 16205, 2170, 4384, 6683, 5285, 18707, 6780, 4231, 2404, 4895, 18091, 2944, 13054, 3904, 3491, 9455, 15985, 10432, 8657, 15304, 9114, 5838, 5197, 17244, 6207, 3970, 17246, 3950, 6168, 8697, 6800, 9942, 11118, 8582, 6355, 15275, 4581, 12724, 11921, 1833, 523, 7619, 15729, 176, 8576, 3101, 1573, 1283, 11796, 11277, 2547, 1738, 6806, 15187, 7129, 5179, 5854, 16373, 9231, 6270, 777, 2062, 13249, 4144, 6325, 3924, 5350, 14414, 3142, 2249, 6444, 13582, 2833, 18030, 6483, 18404, 15057, 7482, 15001, 15872, 14584, 10835, 954, 7257, 1381, 17819, 17518, 6497, 14430, 4901, 16466, 10805, 132, 7506, 755, 14427, 12119, 16613, 19042, 14994, 11257, 8042, 2144, 5966, 1580, 8010, 2550, 10684, 14088, 5037, 8764, 17076, 14185, 15984, 5299, 16601, 19182, 13197, 14561, 12605, 17010, 2703, 6715, 11207, 10188, 212, 2293, 17676, 1720, 5934, 112, 8568, 15870, 3226, 4524, 4431, 5141, 5383, 7609, 12807, 19001, 14368, 6704, 14903, 4172, 117, 18698, 1699, 16558, 7518, 10618, 2110, 10308, 7828, 6623, 17644, 4449, 951, 13858, 15106, 8402, 916, 4771, 8608, 6448, 6656, 13547, 2814, 8336, 8093, 6398, 637, 9909, 10621, 786, 14146, 17292, 9457, 3, 2884, 14785, 10504, 16361, 8181, 17690, 654, 11067, 18741, 386, 18208, 10130, 8079, 7082, 14740, 8076, 18619, 14428, 10992, 12679, 9431, 18328, 13606, 7641, 13542, 1002, 11975, 15646, 19078, 1352, 8683, 16053, 11763, 14823, 7059, 4995, 3754, 6213, 10090, 19084, 1973, 8131, 5353, 836, 13960, 3217, 4885, 9645, 16941, 14750, 13171, 9132, 1355, 4440, 15747, 8233, 6008, 12781, 16749, 13905, 18198, 5033, 2910, 16502, 1233, 965, 16926, 3944, 13518, 18213, 12739, 9972, 14609, 5764, 6128, 9532, 12680, 3672, 5458, 6822, 11547, 3163, 8040, 14081, 8369, 18182, 17541, 11552, 12451, 15074, 1783, 17730, 1690, 16992, 2490, 2459, 18065, 320, 18311, 45, 9495, 4572, 544, 12731, 16811, 15096, 14957, 4594, 16607, 2449, 7791, 13659, 8892, 1713, 17336, 6598, 13832, 10495, 18937, 3067, 3473, 12715, 13492, 14787, 16503, 17899, 16638, 2408, 7141, 10590, 2917, 14650, 12571, 4321, 2855, 1829, 3736, 3381, 11069, 16093, 15201, 14311, 9836, 18289, 16899, 897, 13981, 12223, 8884, 15721, 7778, 13648, 5737, 6550, 19249, 2715, 447, 12941, 8915, 18963, 16291, 760, 5869, 3635, 3439, 6740, 5003, 3174, 2945, 16056, 4860, 11216, 7363, 1147, 12124, 9764, 11245, 4361, 7784, 16285, 17057, 11203, 5114, 17655, 12056, 17890, 7741, 15799, 10258, 16088, 19222, 15303, 1433, 5991, 322, 2322, 3156, 9940, 7814, 17068, 16968, 10018, 1991, 11946, 8705, 10371, 4619, 11074, 2034, 15550, 11743, 18666, 13494, 14175, 13948, 15123, 11154, 10397, 1701, 4770, 839, 12085, 16500, 16241, 1535, 18782, 2221, 539, 18405, 4245, 103, 1571, 16945, 12196, 9441, 1732, 1367, 3596, 4794, 7230, 5245, 17483, 2955, 2003, 11509, 4044, 12934, 3456, 16693, 593, 4582, 14076, 10972, 1965, 7227, 14324, 8658, 3772, 8355, 11889, 1908, 2684, 10026, 1666, 16507, 5589, 9295, 8389, 2099, 18653, 13808, 19147, 6675, 10970, 2788, 19028, 16983, 16166, 9845, 8160, 11381, 10088, 10333, 11716, 14695, 12697, 4365, 3747, 17296, 11904, 74, 7047, 10639, 13094, 940, 10478, 2032, 6642, 14896, 10840, 5430, 5556, 12597, 2183, 18403, 4252, 14613, 18283, 8790, 12140, 13540, 13353, 14114, 13297, 4056, 14038, 11299, 13770, 11433, 14285, 1526, 1955, 15711, 255, 12481, 612, 1635, 4886, 357, 11434, 9524, 13106, 2607, 5391, 9406, 2331, 624, 2749, 17849, 9829, 11436, 18426, 9481, 18550, 15647, 532, 11720, 11824, 15610, 15741, 7902, 13558, 17967, 14539, 17889, 4631, 1238, 16921, 7787, 15293, 3108, 8215, 2851, 4514, 12938, 16730, 17178, 4890, 17960, 4725, 7917, 3191, 8231, 16341, 8195, 10913, 2173, 5557, 2637, 16896, 5806, 1815, 1451, 8864, 2290, 12108, 5328, 6203, 2431, 7508, 17898, 17188, 6897, 1199, 15526, 18437, 6631, 8644, 16917, 14964, 14233, 2454, 584, 4830, 7199, 4180, 14889, 5761, 13756, 6917, 7756, 18880, 15095, 1816, 14070, 16252, 7429, 16589, 1631, 15968, 15221, 12478, 18594, 1477, 5637, 12058, 1205, 13397, 9107, 18654, 1968, 3759, 13147, 14144, 14973, 12452, 18020, 13592, 17920, 13687, 11335, 7207, 418, 7834, 778, 12982, 10688, 9031, 509, 9601, 9780, 17040, 12023, 3916, 91, 6536, 18535, 7547, 15240, 707, 14533, 15064, 17012, 16805, 8637, 5969, 16221, 1940, 13307, 4717, 12615, 18220, 11028, 12170, 1743, 2376, 12415, 14220, 18827, 1294, 18543, 6977, 15309, 11778, 11842, 17103, 3857, 4637, 12162, 19169, 17166, 18237, 17818, 9507, 19022, 5790, 19112, 15611, 1118, 15184, 18703, 1817, 15530, 16579, 8437, 11839, 11378, 3537, 9205, 9217, 16272, 18759, 16828, 12002, 8348, 1723, 3481, 14115, 379, 8544, 264, 6015, 7672, 2253, 7364, 3706, 13796, 17139, 16125, 12059, 9623, 7185, 2418, 18230, 3087, 281, 4379, 1796, 8459, 4400, 17824, 2736, 16446, 13525, 15341, 3275, 7872, 1662, 7557, 4319, 15442, 7181, 10456, 4963, 17048, 16943, 12784, 3441, 5240, 9975, 13216, 17702, 11594, 13554, 6165, 19168, 16070, 3540, 3262, 10661, 4061, 13173, 2875, 17014, 4349, 10818, 8428, 16764, 14232, 8930, 15734, 17680, 7069, 15684, 17050, 18987, 6914, 6863, 19263, 10595, 150, 10039, 2722, 18223, 16444, 6559, 7258, 2661, 7699, 17136, 12773, 4247, 5723, 15194, 1696, 1500, 2807, 9893, 11835, 13240, 18313, 17107, 10265, 10244, 5570, 2862, 14049, 1012, 12861, 723, 9583, 17461, 10056, 1264, 8297, 3716, 14666, 15259, 13531, 543, 13723, 16810, 6700, 3516, 13766, 7186, 10692, 6321, 15484, 14547, 8744, 3703, 10383, 16829, 6366, 6846, 3906, 2021, 18133, 857, 279, 12232, 10212, 10541, 12325, 13475, 1225, 937, 6966, 10881, 16936, 18502, 1440, 11914, 3326, 5633, 14913, 4623, 10743, 12361, 17335, 1072, 5043, 14810, 15077, 3255, 17215, 6553, 17852, 4801, 6962, 3060, 9430, 8799, 13824, 188, 15175, 15163, 4733, 5011, 3536, 17635, 6532, 14071, 6112, 17158, 6597, 11272, 105, 19219, 5013, 12483, 201, 6848, 17033, 6367, 7859, 14702, 18844, 7053, 18694, 15670, 636, 10129, 6378, 5369, 7273, 16247, 9142, 15345, 16817, 14854, 2600, 15783, 889, 11833, 6612, 2068, 2427, 7062, 7918, 16181, 5464, 8339, 8950, 8453, 16423, 6064, 2380, 4268, 13929, 12974, 19141, 1299, 2484, 3883, 3273, 8772, 13256, 11239, 5766, 18098, 12705, 11004, 2695, 10048, 10960, 2766, 15661, 13258, 8015, 6032, 16397, 7749, 19039, 7634, 15076, 4234, 15114, 8475, 8091, 19220, 18004, 9704, 13918, 15569, 16443, 10015, 9943, 7817, 9349, 2588, 8249, 398, 5316, 15538, 18372, 13559, 2937, 2803, 16248, 6155, 630, 9911, 13190, 19157, 15788, 13248, 13148, 1320, 12074, 8471, 8798, 3213, 12418, 814, 2402, 12718, 12397, 10564, 9875, 10128, 6947, 9491, 17707, 3266, 19196, 14309, 18523, 19043, 17975, 18063, 11618, 15016, 14434, 7680, 1739, 18029, 11694, 1745, 9271, 5189, 9561, 11283, 14978, 10753, 16017, 12914, 978, 2828, 17257, 13135, 5061, 121, 6602, 16015, 19271, 12159, 1244, 8260, 13195, 15873, 12815, 14291, 14515, 118, 4892, 14985, 9551, 12654, 4739, 927, 12176, 9523, 11726, 18187, 5880, 2569, 3386, 13942, 3390, 15774, 129, 65, 12922, 8422, 12692, 16213, 11515, 2111, 8347, 10758, 14064, 4401, 17782, 15621, 6709, 14716, 4091, 13964, 8424, 4218, 7249, 11311, 11171, 18564, 14755, 7114, 14009, 14815, 294, 495, 7684, 6833, 4046, 3505, 16995, 17858, 7761, 15803, 9840, 13958, 8226, 10369, 12497, 17142, 1748, 2854, 7159, 11539, 11055, 13337, 17173, 14214, 6803, 11144, 12649, 283, 15489, 13174, 7015, 610, 7030, 18206, 14077, 15468, 14962, 8046, 7809, 17387, 16034, 16678, 1173, 3502, 12942, 15655, 16859, 7099, 1673, 446, 1365, 5881, 3713, 11697, 1897, 16001, 1702, 14149, 11876, 9341, 4325, 6923, 2001, 138, 3276, 18716, 17604, 10501, 115, 12800, 6111, 11148, 4549, 16057, 4707, 6843, 16091, 4295, 7519, 13708, 12409, 11018, 5052, 13566, 14715, 12755, 793, 10837, 1888, 12375, 3935, 5763, 11791, 11258, 13264, 11469, 4683, 8905, 1853, 11600, 4421, 2798, 5074, 18141, 13807, 8595, 8126, 13837, 8060, 6956, 11767, 14560, 9389, 15261, 1232, 12560, 7262, 11504, 3546, 4627, 1177, 517, 4008, 9219, 17696, 4148, 14124, 13243, 11235, 7561, 8331, 16320, 3591, 11341, 4015, 12028, 14929, 18601, 3528, 14065, 1510, 19191, 13833, 17616, 10869, 17689, 831, 16725, 6319, 15465, 10467, 8162, 13563, 7728, 10778, 13545, 12290, 16480, 14401, 12838, 4212, 17529, 4832, 15111, 12690, 10373, 7596, 18614, 17477, 1043, 13100, 4774, 17479, 3774, 9302, 3901, 13071, 6412, 9516, 1261, 3054, 13522, 17602, 14343, 18500, 10957, 2791, 9624, 3634, 17904, 5709, 14670, 11058, 7087, 7435, 13848, 82, 5565, 2562, 14029, 3583, 1676, 12709, 18473, 3158, 12787, 8068, 8263, 16146, 3593, 1802, 1861, 3348, 4487, 17749, 6105, 10471, 17472, 10200, 1182, 14180, 1076, 10156, 4839, 9903, 4879, 9720, 2157, 15344, 16067, 3064, 17182, 5368, 4987, 18484, 18923, 11896, 1052, 15727, 15289, 5885, 1933, 5251, 17072, 6038, 6195, 13524, 6606, 18506, 17536, 6784, 3231, 14121, 8925, 10030, 803, 13764, 146, 19268, 14099, 4130, 16372, 1537, 12248, 13718, 17187, 11728, 1740, 19233, 5600, 4092, 4779, 6028, 3395, 16152, 19150, 2417, 11980, 11237, 8427, 18127, 3538, 9257, 607, 2078, 18457, 5802, 3435, 15019, 4256, 9221, 13465, 11742, 5788, 9528, 17493, 4607, 3131, 6616, 5356, 1550, 4617, 8827, 849, 2601, 4437, 17861, 10261, 15704, 3890, 8149, 12063, 3086, 15925, 12301, 6847, 5603, 7768, 3187, 13372, 9258, 6584, 7594, 2603, 1835, 17380, 17193, 15251, 15937, 18731, 4082, 14911, 16626, 8824, 16208, 10167, 17711, 9678, 15852, 13620, 16479, 14586, 2446, 4866, 1315, 7746, 10615, 7927, 2443, 7157, 13506, 18410, 10494]",4222,1500,3,False,1500
2939,general affirm,general aff,18,True,True,False,"{21: 26, 33: 14, 2: 18, 29: 13, 25: 57, 43: 9, 57: 16, 49: 16, 61: 14, 67: 52, 65: 21, 50: 28, 15: 53, 6: 13, 46: 15, 27: 69, 7: 65, 48: 67, 19: 21, 31: 14, 63: 26, 22: 39, 9: 79, 26: 40, 47: 15, 53: 66, 11: 19, 51: 26, 54: 9, 13: 32, 17: 37, 52: 30, 39: 27, 38: 19, 1: 6, 59: 33, 56: 23, 32: 9, 8: 25, 4: 12, 20: 26, 24: 7, 18: 31, 42: 7, 28: 31, 45: 57, 0: 13, 66: 11, 62: 11, 35: 7, 64: 15, 37: 2, 40: 25, 3: 3, 14: 5, 12: 8, 16: 15, 55: 16, 30: 13, 58: 6, 36: 4, 60: 5, 5: 3, 41: 2, 44: 2, 34: 2}","[12686, 3384, 6034, 14374, 14516, 14680, 18580, 5912, 661, 4433, 14182, 14634, 14672, 13694, 17233, 12320, 12666, 7276, 14925, 15315, 1125, 14820, 3769, 14096, 12401, 14972, 14176, 4685, 4278, 5735, 7514, 16051, 15882, 4696, 17145, 19193, 12994, 9901, 13641, 15193, 6739, 9240, 1608, 14664, 18117, 5676, 15714, 5964, 5329, 16651, 15936, 14441, 15878, 18316, 14255, 18692, 5858, 4640, 10716, 13839, 16635, 2097, 11464, 12427, 2320, 14629, 7617, 16183, 16205, 2170, 4384, 6683, 5285, 18707, 6780, 4231, 2404, 4895, 18091, 2944, 13054, 3904, 3491, 9455, 15985, 10432, 8657, 15304, 9114, 5838, 5197, 17244, 6207, 3970, 17246, 3950, 6168, 8697, 6800, 9942, 11118, 8582, 6355, 15275, 4581, 12724, 11921, 1833, 523, 7619, 15729, 176, 8576, 3101, 1573, 1283, 11796, 11277, 2547, 1738, 6806, 15187, 7129, 5179, 5854, 16373, 9231, 6270, 777, 2062, 13249, 4144, 6325, 3924, 5350, 14414, 3142, 2249, 6444, 13582, 2833, 18030, 6483, 18404, 15057, 7482, 15001, 15872, 14584, 10835, 954, 7257, 1381, 17819, 17518, 6497, 14430, 4901, 16466, 10805, 132, 7506, 755, 14427, 12119, 16613, 19042, 14994, 11257, 8042, 2144, 5966, 1580, 8010, 2550, 10684, 14088, 5037, 8764, 17076, 14185, 15984, 5299, 16601, 19182, 13197, 14561, 12605, 17010, 2703, 6715, 11207, 10188, 212, 2293, 17676, 1720, 5934, 112, 8568, 15870, 3226, 4524, 4431, 5141, 5383, 7609, 12807, 19001, 14368, 6704, 14903, 4172, 117, 18698, 1699, 16558, 7518, 10618, 2110, 10308, 7828, 6623, 17644, 4449, 951, 13858, 15106, 8402, 916, 4771, 8608, 6448, 6656, 13547, 2814, 8336, 8093, 6398, 637, 9909, 10621, 786, 14146, 17292, 9457, 3, 2884, 14785, 10504, 16361, 8181, 17690, 654, 11067, 18741, 386, 18208, 10130, 8079, 7082, 14740, 8076, 18619, 14428, 10992, 12679, 9431, 18328, 13606, 7641, 13542, 1002, 11975, 15646, 19078, 1352, 8683, 16053, 11763, 14823, 7059, 4995, 3754, 6213, 10090, 19084, 1973, 8131, 5353, 836, 13960, 3217, 4885, 9645, 16941, 14750, 13171, 9132, 1355, 4440, 15747, 8233, 6008, 12781, 16749, 13905, 18198, 5033, 2910, 16502, 1233, 965, 16926, 3944, 13518, 18213, 12739, 9972, 14609, 5764, 6128, 9532, 12680, 3672, 5458, 6822, 11547, 3163, 8040, 14081, 8369, 18182, 17541, 11552, 12451, 15074, 1783, 17730, 1690, 16992, 2490, 2459, 18065, 320, 18311, 45, 9495, 4572, 544, 12731, 16811, 15096, 14957, 4594, 16607, 2449, 7791, 13659, 8892, 1713, 17336, 6598, 13832, 10495, 18937, 3067, 3473, 12715, 13492, 14787, 16503, 17899, 16638, 2408, 7141, 10590, 2917, 14650, 12571, 4321, 2855, 1829, 3736, 3381, 11069, 16093, 15201, 14311, 9836, 18289, 16899, 897, 13981, 12223, 8884, 15721, 7778, 13648, 5737, 6550, 19249, 2715, 447, 12941, 8915, 18963, 16291, 760, 5869, 3635, 3439, 6740, 5003, 3174, 2945, 16056, 4860, 11216, 7363, 1147, 12124, 9764, 11245, 4361, 7784, 16285, 17057, 11203, 5114, 17655, 12056, 17890, 7741, 15799, 10258, 16088, 19222, 15303, 1433, 5991, 322, 2322, 3156, 9940, 7814, 17068, 16968, 10018, 1991, 11946, 8705, 10371, 4619, 11074, 2034, 15550, 11743, 18666, 13494, 14175, 13948, 15123, 11154, 10397, 1701, 4770, 839, 12085, 16500, 16241, 1535, 18782, 2221, 539, 18405, 4245, 103, 1571, 16945, 12196, 9441, 1732, 1367, 3596, 4794, 7230, 5245, 17483, 2955, 2003, 11509, 4044, 12934, 3456, 16693, 593, 4582, 14076, 10972, 1965, 7227, 14324, 8658, 3772, 8355, 11889, 1908, 2684, 10026, 1666, 16507, 5589, 9295, 8389, 2099, 18653, 13808, 19147, 6675, 10970, 2788, 19028, 16983, 16166, 9845, 8160, 11381, 10088, 10333, 11716, 14695, 12697, 4365, 3747, 17296, 11904, 74, 7047, 10639, 13094, 940, 10478, 2032, 6642, 14896, 10840, 5430, 5556, 12597, 2183, 18403, 4252, 14613, 18283, 8790, 12140, 13540, 13353, 14114, 13297, 4056, 14038, 11299, 13770, 11433, 14285, 1526, 1955, 15711, 255, 12481, 612, 1635, 4886, 357, 11434, 9524, 13106, 2607, 5391, 9406, 2331, 624, 2749, 17849, 9829, 11436, 18426, 9481, 18550, 15647, 532, 11720, 11824, 15610, 15741, 7902, 13558, 17967, 14539, 17889, 4631, 1238, 16921, 7787, 15293, 3108, 8215, 2851, 4514, 12938, 16730, 17178, 4890, 17960, 4725, 7917, 3191, 8231, 16341, 8195, 10913, 2173, 5557, 2637, 16896, 5806, 1815, 1451, 8864, 2290, 12108, 5328, 6203, 2431, 7508, 17898, 17188, 6897, 1199, 15526, 18437, 6631, 8644, 16917, 14964, 14233, 2454, 584, 4830, 7199, 4180, 14889, 5761, 13756, 6917, 7756, 18880, 15095, 1816, 14070, 16252, 7429, 16589, 1631, 15968, 15221, 12478, 18594, 1477, 5637, 12058, 1205, 13397, 9107, 18654, 1968, 3759, 13147, 14144, 14973, 12452, 18020, 13592, 17920, 13687, 11335, 7207, 418, 7834, 778, 12982, 10688, 9031, 509, 9601, 9780, 17040, 12023, 3916, 91, 6536, 18535, 7547, 15240, 707, 14533, 15064, 17012, 16805, 8637, 5969, 16221, 1940, 13307, 4717, 12615, 18220, 11028, 12170, 1743, 2376, 12415, 14220, 18827, 1294, 18543, 6977, 15309, 11778, 11842, 17103, 3857, 4637, 12162, 19169, 17166, 18237, 17818, 9507, 19022, 5790, 19112, 15611, 1118, 15184, 18703, 1817, 15530, 16579, 8437, 11839, 11378, 3537, 9205, 9217, 16272, 18759, 16828, 12002, 8348, 1723, 3481, 14115, 379, 8544, 264, 6015, 7672, 2253, 7364, 3706, 13796, 17139, 16125, 12059, 9623, 7185, 2418, 18230, 3087, 281, 4379, 1796, 8459, 4400, 17824, 2736, 16446, 13525, 15341, 3275, 7872, 1662, 7557, 4319, 15442, 7181, 10456, 4963, 17048, 16943, 12784, 3441, 5240, 9975, 13216, 17702, 11594, 13554, 6165, 19168, 16070, 3540, 3262, 10661, 4061, 13173, 2875, 17014, 4349, 10818, 8428, 16764, 14232, 8930, 15734, 17680, 7069, 15684, 17050, 18987, 6914, 6863, 19263, 10595, 150, 10039, 2722, 18223, 16444, 6559, 7258, 2661, 7699, 17136, 12773, 4247, 5723, 15194, 1696, 1500, 2807, 9893, 11835, 13240, 18313, 17107, 10265, 10244, 5570, 2862, 14049, 1012, 12861, 723, 9583, 17461, 10056, 1264, 8297, 3716, 14666, 15259, 13531, 543, 13723, 16810, 6700, 3516, 13766, 7186, 10692, 6321, 15484, 14547, 8744, 3703, 10383, 16829, 6366, 6846, 3906, 2021, 18133, 857, 279, 12232, 10212, 10541, 12325, 13475, 1225, 937, 6966, 10881, 16936, 18502, 1440, 11914, 3326, 5633, 14913, 4623, 10743, 12361, 17335, 1072, 5043, 14810, 15077, 3255, 17215, 6553, 17852, 4801, 6962, 3060, 9430, 8799, 13824, 188, 15175, 15163, 4733, 5011, 3536, 17635, 6532, 14071, 6112, 17158, 6597, 11272, 105, 19219, 5013, 12483, 201, 6848, 17033, 6367, 7859, 14702, 18844, 7053, 18694, 15670, 636, 10129, 6378, 5369, 7273, 16247, 9142, 15345, 16817, 14854, 2600, 15783, 889, 11833, 6612, 2068, 2427, 7062, 7918, 16181, 5464, 8339, 8950, 8453, 16423, 6064, 2380, 4268, 13929, 12974, 19141, 1299, 2484, 3883, 3273, 8772, 13256, 11239, 5766, 18098, 12705, 11004, 2695, 10048, 10960, 2766, 15661, 13258, 8015, 6032, 16397, 7749, 19039, 7634, 15076, 4234, 15114, 8475, 8091, 19220, 18004, 9704, 13918, 15569, 16443, 10015, 9943, 7817, 9349, 2588, 8249, 398, 5316, 15538, 18372, 13559, 2937, 2803, 16248, 6155, 630, 9911, 13190, 19157, 15788, 13248, 13148, 1320, 12074, 8471, 8798, 3213, 12418, 814, 2402, 12718, 12397, 10564, 9875, 10128, 6947, 9491, 17707, 3266, 19196, 14309, 18523, 19043, 17975, 18063, 11618, 15016, 14434, 7680, 1739, 18029, 11694, 1745, 9271, 5189, 9561, 11283, 14978, 10753, 16017, 12914, 978, 2828, 17257, 13135, 5061, 121, 6602, 16015, 19271, 12159, 1244, 8260, 13195, 15873, 12815, 14291, 14515, 118, 4892, 14985, 9551, 12654, 4739, 927, 12176, 9523, 11726, 18187, 5880, 2569, 3386, 13942, 3390, 15774, 129, 65, 12922, 8422, 12692, 16213, 11515, 2111, 8347, 10758, 14064, 4401, 17782, 15621, 6709, 14716, 4091, 13964, 8424, 4218, 7249, 11311, 11171, 18564, 14755, 7114, 14009, 14815, 294, 495, 7684, 6833, 4046, 3505, 16995, 17858, 7761, 15803, 9840, 13958, 8226, 10369, 12497, 17142, 1748, 2854, 7159, 11539, 11055, 13337, 17173, 14214, 6803, 11144, 12649, 283, 15489, 13174, 7015, 610, 7030, 18206, 14077, 15468, 14962, 8046, 7809, 17387, 16034, 16678, 1173, 3502, 12942, 15655, 16859, 7099, 1673, 446, 1365, 5881, 3713, 11697, 1897, 16001, 1702, 14149, 11876, 9341, 4325, 6923, 2001, 138, 3276, 18716, 17604, 10501, 115, 12800, 6111, 11148, 4549, 16057, 4707, 6843, 16091, 4295, 7519, 13708, 12409, 11018, 5052, 13566, 14715, 12755, 793, 10837, 1888, 12375, 3935, 5763, 11791, 11258, 13264, 11469, 4683, 8905, 1853, 11600, 4421, 2798, 5074, 18141, 13807, 8595, 8126, 13837, 8060, 6956, 11767, 14560, 9389, 15261, 1232, 12560, 7262, 11504, 3546, 4627, 1177, 517, 4008, 9219, 17696, 4148, 14124, 13243, 11235, 7561, 8331, 16320, 3591, 11341, 4015, 12028, 14929, 18601, 3528, 14065, 1510, 19191, 13833, 17616, 10869, 17689, 831, 16725, 6319, 15465, 10467, 8162, 13563, 7728, 10778, 13545, 12290, 16480, 14401, 12838, 4212, 17529, 4832, 15111, 12690, 10373, 7596, 18614, 17477, 1043, 13100, 4774, 17479, 3774, 9302, 3901, 13071, 6412, 9516, 1261, 3054, 13522, 17602, 14343, 18500, 10957, 2791, 9624, 3634, 17904, 5709, 14670, 11058, 7087, 7435, 13848, 82, 5565, 2562, 14029, 3583, 1676, 12709, 18473, 3158, 12787, 8068, 8263, 16146, 3593, 1802, 1861, 3348, 4487, 17749, 6105, 10471, 17472, 10200, 1182, 14180, 1076, 10156, 4839, 9903, 4879, 9720, 2157, 15344, 16067, 3064, 17182, 5368, 4987, 18484, 18923, 11896, 1052, 15727, 15289, 5885, 1933, 5251, 17072, 6038, 6195, 13524, 6606, 18506, 17536, 6784, 3231, 14121, 8925, 10030, 803, 13764, 146, 19268, 14099, 4130, 16372, 1537, 12248, 13718, 17187, 11728, 1740, 19233, 5600, 4092, 4779, 6028, 3395, 16152, 19150, 2417, 11980, 11237, 8427, 18127, 3538, 9257, 607, 2078, 18457, 5802, 3435, 15019, 4256, 9221, 13465, 11742, 5788, 9528, 17493, 4607, 3131, 6616, 5356, 1550, 4617, 8827, 849, 2601, 4437, 17861, 10261, 15704, 3890, 8149, 12063, 3086, 15925, 12301, 6847, 5603, 7768, 3187, 13372, 9258, 6584, 7594, 2603, 1835, 17380, 17193, 15251, 15937, 18731, 4082, 14911, 16626, 8824, 16208, 10167, 17711, 9678, 15852, 13620, 16479, 14586, 2446, 4866, 1315, 7746, 10615, 7927, 2443, 7157, 13506, 18410, 10494]",2939,1500,3,False,1500
6215,transport query,transport query,63,True,True,True,"{21: 26, 33: 14, 2: 18, 29: 13, 25: 57, 43: 9, 57: 16, 49: 16, 61: 14, 67: 52, 65: 21, 50: 28, 15: 53, 6: 13, 46: 15, 27: 69, 7: 65, 48: 67, 19: 21, 31: 14, 63: 26, 22: 39, 9: 79, 26: 40, 47: 15, 53: 66, 11: 19, 51: 26, 54: 9, 13: 32, 17: 37, 52: 30, 39: 27, 38: 19, 1: 6, 59: 33, 56: 23, 32: 9, 8: 25, 4: 12, 20: 26, 24: 7, 18: 31, 42: 7, 28: 31, 45: 57, 0: 13, 66: 11, 62: 11, 35: 7, 64: 15, 37: 2, 40: 25, 3: 3, 14: 5, 12: 8, 16: 15, 55: 16, 30: 13, 58: 6, 36: 4, 60: 5, 5: 3, 41: 2, 44: 2, 34: 2}","[12686, 3384, 6034, 14374, 14516, 14680, 18580, 5912, 661, 4433, 14182, 14634, 14672, 13694, 17233, 12320, 12666, 7276, 14925, 15315, 1125, 14820, 3769, 14096, 12401, 14972, 14176, 4685, 4278, 5735, 7514, 16051, 15882, 4696, 17145, 19193, 12994, 9901, 13641, 15193, 6739, 9240, 1608, 14664, 18117, 5676, 15714, 5964, 5329, 16651, 15936, 14441, 15878, 18316, 14255, 18692, 5858, 4640, 10716, 13839, 16635, 2097, 11464, 12427, 2320, 14629, 7617, 16183, 16205, 2170, 4384, 6683, 5285, 18707, 6780, 4231, 2404, 4895, 18091, 2944, 13054, 3904, 3491, 9455, 15985, 10432, 8657, 15304, 9114, 5838, 5197, 17244, 6207, 3970, 17246, 3950, 6168, 8697, 6800, 9942, 11118, 8582, 6355, 15275, 4581, 12724, 11921, 1833, 523, 7619, 15729, 176, 8576, 3101, 1573, 1283, 11796, 11277, 2547, 1738, 6806, 15187, 7129, 5179, 5854, 16373, 9231, 6270, 777, 2062, 13249, 4144, 6325, 3924, 5350, 14414, 3142, 2249, 6444, 13582, 2833, 18030, 6483, 18404, 15057, 7482, 15001, 15872, 14584, 10835, 954, 7257, 1381, 17819, 17518, 6497, 14430, 4901, 16466, 10805, 132, 7506, 755, 14427, 12119, 16613, 19042, 14994, 11257, 8042, 2144, 5966, 1580, 8010, 2550, 10684, 14088, 5037, 8764, 17076, 14185, 15984, 5299, 16601, 19182, 13197, 14561, 12605, 17010, 2703, 6715, 11207, 10188, 212, 2293, 17676, 1720, 5934, 112, 8568, 15870, 3226, 4524, 4431, 5141, 5383, 7609, 12807, 19001, 14368, 6704, 14903, 4172, 117, 18698, 1699, 16558, 7518, 10618, 2110, 10308, 7828, 6623, 17644, 4449, 951, 13858, 15106, 8402, 916, 4771, 8608, 6448, 6656, 13547, 2814, 8336, 8093, 6398, 637, 9909, 10621, 786, 14146, 17292, 9457, 3, 2884, 14785, 10504, 16361, 8181, 17690, 654, 11067, 18741, 386, 18208, 10130, 8079, 7082, 14740, 8076, 18619, 14428, 10992, 12679, 9431, 18328, 13606, 7641, 13542, 1002, 11975, 15646, 19078, 1352, 8683, 16053, 11763, 14823, 7059, 4995, 3754, 6213, 10090, 19084, 1973, 8131, 5353, 836, 13960, 3217, 4885, 9645, 16941, 14750, 13171, 9132, 1355, 4440, 15747, 8233, 6008, 12781, 16749, 13905, 18198, 5033, 2910, 16502, 1233, 965, 16926, 3944, 13518, 18213, 12739, 9972, 14609, 5764, 6128, 9532, 12680, 3672, 5458, 6822, 11547, 3163, 8040, 14081, 8369, 18182, 17541, 11552, 12451, 15074, 1783, 17730, 1690, 16992, 2490, 2459, 18065, 320, 18311, 45, 9495, 4572, 544, 12731, 16811, 15096, 14957, 4594, 16607, 2449, 7791, 13659, 8892, 1713, 17336, 6598, 13832, 10495, 18937, 3067, 3473, 12715, 13492, 14787, 16503, 17899, 16638, 2408, 7141, 10590, 2917, 14650, 12571, 4321, 2855, 1829, 3736, 3381, 11069, 16093, 15201, 14311, 9836, 18289, 16899, 897, 13981, 12223, 8884, 15721, 7778, 13648, 5737, 6550, 19249, 2715, 447, 12941, 8915, 18963, 16291, 760, 5869, 3635, 3439, 6740, 5003, 3174, 2945, 16056, 4860, 11216, 7363, 1147, 12124, 9764, 11245, 4361, 7784, 16285, 17057, 11203, 5114, 17655, 12056, 17890, 7741, 15799, 10258, 16088, 19222, 15303, 1433, 5991, 322, 2322, 3156, 9940, 7814, 17068, 16968, 10018, 1991, 11946, 8705, 10371, 4619, 11074, 2034, 15550, 11743, 18666, 13494, 14175, 13948, 15123, 11154, 10397, 1701, 4770, 839, 12085, 16500, 16241, 1535, 18782, 2221, 539, 18405, 4245, 103, 1571, 16945, 12196, 9441, 1732, 1367, 3596, 4794, 7230, 5245, 17483, 2955, 2003, 11509, 4044, 12934, 3456, 16693, 593, 4582, 14076, 10972, 1965, 7227, 14324, 8658, 3772, 8355, 11889, 1908, 2684, 10026, 1666, 16507, 5589, 9295, 8389, 2099, 18653, 13808, 19147, 6675, 10970, 2788, 19028, 16983, 16166, 9845, 8160, 11381, 10088, 10333, 11716, 14695, 12697, 4365, 3747, 17296, 11904, 74, 7047, 10639, 13094, 940, 10478, 2032, 6642, 14896, 10840, 5430, 5556, 12597, 2183, 18403, 4252, 14613, 18283, 8790, 12140, 13540, 13353, 14114, 13297, 4056, 14038, 11299, 13770, 11433, 14285, 1526, 1955, 15711, 255, 12481, 612, 1635, 4886, 357, 11434, 9524, 13106, 2607, 5391, 9406, 2331, 624, 2749, 17849, 9829, 11436, 18426, 9481, 18550, 15647, 532, 11720, 11824, 15610, 15741, 7902, 13558, 17967, 14539, 17889, 4631, 1238, 16921, 7787, 15293, 3108, 8215, 2851, 4514, 12938, 16730, 17178, 4890, 17960, 4725, 7917, 3191, 8231, 16341, 8195, 10913, 2173, 5557, 2637, 16896, 5806, 1815, 1451, 8864, 2290, 12108, 5328, 6203, 2431, 7508, 17898, 17188, 6897, 1199, 15526, 18437, 6631, 8644, 16917, 14964, 14233, 2454, 584, 4830, 7199, 4180, 14889, 5761, 13756, 6917, 7756, 18880, 15095, 1816, 14070, 16252, 7429, 16589, 1631, 15968, 15221, 12478, 18594, 1477, 5637, 12058, 1205, 13397, 9107, 18654, 1968, 3759, 13147, 14144, 14973, 12452, 18020, 13592, 17920, 13687, 11335, 7207, 418, 7834, 778, 12982, 10688, 9031, 509, 9601, 9780, 17040, 12023, 3916, 91, 6536, 18535, 7547, 15240, 707, 14533, 15064, 17012, 16805, 8637, 5969, 16221, 1940, 13307, 4717, 12615, 18220, 11028, 12170, 1743, 2376, 12415, 14220, 18827, 1294, 18543, 6977, 15309, 11778, 11842, 17103, 3857, 4637, 12162, 19169, 17166, 18237, 17818, 9507, 19022, 5790, 19112, 15611, 1118, 15184, 18703, 1817, 15530, 16579, 8437, 11839, 11378, 3537, 9205, 9217, 16272, 18759, 16828, 12002, 8348, 1723, 3481, 14115, 379, 8544, 264, 6015, 7672, 2253, 7364, 3706, 13796, 17139, 16125, 12059, 9623, 7185, 2418, 18230, 3087, 281, 4379, 1796, 8459, 4400, 17824, 2736, 16446, 13525, 15341, 3275, 7872, 1662, 7557, 4319, 15442, 7181, 10456, 4963, 17048, 16943, 12784, 3441, 5240, 9975, 13216, 17702, 11594, 13554, 6165, 19168, 16070, 3540, 3262, 10661, 4061, 13173, 2875, 17014, 4349, 10818, 8428, 16764, 14232, 8930, 15734, 17680, 7069, 15684, 17050, 18987, 6914, 6863, 19263, 10595, 150, 10039, 2722, 18223, 16444, 6559, 7258, 2661, 7699, 17136, 12773, 4247, 5723, 15194, 1696, 1500, 2807, 9893, 11835, 13240, 18313, 17107, 10265, 10244, 5570, 2862, 14049, 1012, 12861, 723, 9583, 17461, 10056, 1264, 8297, 3716, 14666, 15259, 13531, 543, 13723, 16810, 6700, 3516, 13766, 7186, 10692, 6321, 15484, 14547, 8744, 3703, 10383, 16829, 6366, 6846, 3906, 2021, 18133, 857, 279, 12232, 10212, 10541, 12325, 13475, 1225, 937, 6966, 10881, 16936, 18502, 1440, 11914, 3326, 5633, 14913, 4623, 10743, 12361, 17335, 1072, 5043, 14810, 15077, 3255, 17215, 6553, 17852, 4801, 6962, 3060, 9430, 8799, 13824, 188, 15175, 15163, 4733, 5011, 3536, 17635, 6532, 14071, 6112, 17158, 6597, 11272, 105, 19219, 5013, 12483, 201, 6848, 17033, 6367, 7859, 14702, 18844, 7053, 18694, 15670, 636, 10129, 6378, 5369, 7273, 16247, 9142, 15345, 16817, 14854, 2600, 15783, 889, 11833, 6612, 2068, 2427, 7062, 7918, 16181, 5464, 8339, 8950, 8453, 16423, 6064, 2380, 4268, 13929, 12974, 19141, 1299, 2484, 3883, 3273, 8772, 13256, 11239, 5766, 18098, 12705, 11004, 2695, 10048, 10960, 2766, 15661, 13258, 8015, 6032, 16397, 7749, 19039, 7634, 15076, 4234, 15114, 8475, 8091, 19220, 18004, 9704, 13918, 15569, 16443, 10015, 9943, 7817, 9349, 2588, 8249, 398, 5316, 15538, 18372, 13559, 2937, 2803, 16248, 6155, 630, 9911, 13190, 19157, 15788, 13248, 13148, 1320, 12074, 8471, 8798, 3213, 12418, 814, 2402, 12718, 12397, 10564, 9875, 10128, 6947, 9491, 17707, 3266, 19196, 14309, 18523, 19043, 17975, 18063, 11618, 15016, 14434, 7680, 1739, 18029, 11694, 1745, 9271, 5189, 9561, 11283, 14978, 10753, 16017, 12914, 978, 2828, 17257, 13135, 5061, 121, 6602, 16015, 19271, 12159, 1244, 8260, 13195, 15873, 12815, 14291, 14515, 118, 4892, 14985, 9551, 12654, 4739, 927, 12176, 9523, 11726, 18187, 5880, 2569, 3386, 13942, 3390, 15774, 129, 65, 12922, 8422, 12692, 16213, 11515, 2111, 8347, 10758, 14064, 4401, 17782, 15621, 6709, 14716, 4091, 13964, 8424, 4218, 7249, 11311, 11171, 18564, 14755, 7114, 14009, 14815, 294, 495, 7684, 6833, 4046, 3505, 16995, 17858, 7761, 15803, 9840, 13958, 8226, 10369, 12497, 17142, 1748, 2854, 7159, 11539, 11055, 13337, 17173, 14214, 6803, 11144, 12649, 283, 15489, 13174, 7015, 610, 7030, 18206, 14077, 15468, 14962, 8046, 7809, 17387, 16034, 16678, 1173, 3502, 12942, 15655, 16859, 7099, 1673, 446, 1365, 5881, 3713, 11697, 1897, 16001, 1702, 14149, 11876, 9341, 4325, 6923, 2001, 138, 3276, 18716, 17604, 10501, 115, 12800, 6111, 11148, 4549, 16057, 4707, 6843, 16091, 4295, 7519, 13708, 12409, 11018, 5052, 13566, 14715, 12755, 793, 10837, 1888, 12375, 3935, 5763, 11791, 11258, 13264, 11469, 4683, 8905, 1853, 11600, 4421, 2798, 5074, 18141, 13807, 8595, 8126, 13837, 8060, 6956, 11767, 14560, 9389, 15261, 1232, 12560, 7262, 11504, 3546, 4627, 1177, 517, 4008, 9219, 17696, 4148, 14124, 13243, 11235, 7561, 8331, 16320, 3591, 11341, 4015, 12028, 14929, 18601, 3528, 14065, 1510, 19191, 13833, 17616, 10869, 17689, 831, 16725, 6319, 15465, 10467, 8162, 13563, 7728, 10778, 13545, 12290, 16480, 14401, 12838, 4212, 17529, 4832, 15111, 12690, 10373, 7596, 18614, 17477, 1043, 13100, 4774, 17479, 3774, 9302, 3901, 13071, 6412, 9516, 1261, 3054, 13522, 17602, 14343, 18500, 10957, 2791, 9624, 3634, 17904, 5709, 14670, 11058, 7087, 7435, 13848, 82, 5565, 2562, 14029, 3583, 1676, 12709, 18473, 3158, 12787, 8068, 8263, 16146, 3593, 1802, 1861, 3348, 4487, 17749, 6105, 10471, 17472, 10200, 1182, 14180, 1076, 10156, 4839, 9903, 4879, 9720, 2157, 15344, 16067, 3064, 17182, 5368, 4987, 18484, 18923, 11896, 1052, 15727, 15289, 5885, 1933, 5251, 17072, 6038, 6195, 13524, 6606, 18506, 17536, 6784, 3231, 14121, 8925, 10030, 803, 13764, 146, 19268, 14099, 4130, 16372, 1537, 12248, 13718, 17187, 11728, 1740, 19233, 5600, 4092, 4779, 6028, 3395, 16152, 19150, 2417, 11980, 11237, 8427, 18127, 3538, 9257, 607, 2078, 18457, 5802, 3435, 15019, 4256, 9221, 13465, 11742, 5788, 9528, 17493, 4607, 3131, 6616, 5356, 1550, 4617, 8827, 849, 2601, 4437, 17861, 10261, 15704, 3890, 8149, 12063, 3086, 15925, 12301, 6847, 5603, 7768, 3187, 13372, 9258, 6584, 7594, 2603, 1835, 17380, 17193, 15251, 15937, 18731, 4082, 14911, 16626, 8824, 16208, 10167, 17711, 9678, 15852, 13620, 16479, 14586, 2446, 4866, 1315, 7746, 10615, 7927, 2443, 7157, 13506, 18410, 10494]",6215,1500,3,False,1500
6412,qa factoid,qa fact,53,True,True,False,"{21: 26, 33: 14, 2: 18, 29: 13, 25: 57, 43: 9, 57: 16, 49: 16, 61: 14, 67: 52, 65: 21, 50: 28, 15: 53, 6: 13, 46: 15, 27: 69, 7: 65, 48: 67, 19: 21, 31: 14, 63: 26, 22: 39, 9: 79, 26: 40, 47: 15, 53: 66, 11: 19, 51: 26, 54: 9, 13: 32, 17: 37, 52: 30, 39: 27, 38: 19, 1: 6, 59: 33, 56: 23, 32: 9, 8: 25, 4: 12, 20: 26, 24: 7, 18: 31, 42: 7, 28: 31, 45: 57, 0: 13, 66: 11, 62: 11, 35: 7, 64: 15, 37: 2, 40: 25, 3: 3, 14: 5, 12: 8, 16: 15, 55: 16, 30: 13, 58: 6, 36: 4, 60: 5, 5: 3, 41: 2, 44: 2, 34: 2}","[12686, 3384, 6034, 14374, 14516, 14680, 18580, 5912, 661, 4433, 14182, 14634, 14672, 13694, 17233, 12320, 12666, 7276, 14925, 15315, 1125, 14820, 3769, 14096, 12401, 14972, 14176, 4685, 4278, 5735, 7514, 16051, 15882, 4696, 17145, 19193, 12994, 9901, 13641, 15193, 6739, 9240, 1608, 14664, 18117, 5676, 15714, 5964, 5329, 16651, 15936, 14441, 15878, 18316, 14255, 18692, 5858, 4640, 10716, 13839, 16635, 2097, 11464, 12427, 2320, 14629, 7617, 16183, 16205, 2170, 4384, 6683, 5285, 18707, 6780, 4231, 2404, 4895, 18091, 2944, 13054, 3904, 3491, 9455, 15985, 10432, 8657, 15304, 9114, 5838, 5197, 17244, 6207, 3970, 17246, 3950, 6168, 8697, 6800, 9942, 11118, 8582, 6355, 15275, 4581, 12724, 11921, 1833, 523, 7619, 15729, 176, 8576, 3101, 1573, 1283, 11796, 11277, 2547, 1738, 6806, 15187, 7129, 5179, 5854, 16373, 9231, 6270, 777, 2062, 13249, 4144, 6325, 3924, 5350, 14414, 3142, 2249, 6444, 13582, 2833, 18030, 6483, 18404, 15057, 7482, 15001, 15872, 14584, 10835, 954, 7257, 1381, 17819, 17518, 6497, 14430, 4901, 16466, 10805, 132, 7506, 755, 14427, 12119, 16613, 19042, 14994, 11257, 8042, 2144, 5966, 1580, 8010, 2550, 10684, 14088, 5037, 8764, 17076, 14185, 15984, 5299, 16601, 19182, 13197, 14561, 12605, 17010, 2703, 6715, 11207, 10188, 212, 2293, 17676, 1720, 5934, 112, 8568, 15870, 3226, 4524, 4431, 5141, 5383, 7609, 12807, 19001, 14368, 6704, 14903, 4172, 117, 18698, 1699, 16558, 7518, 10618, 2110, 10308, 7828, 6623, 17644, 4449, 951, 13858, 15106, 8402, 916, 4771, 8608, 6448, 6656, 13547, 2814, 8336, 8093, 6398, 637, 9909, 10621, 786, 14146, 17292, 9457, 3, 2884, 14785, 10504, 16361, 8181, 17690, 654, 11067, 18741, 386, 18208, 10130, 8079, 7082, 14740, 8076, 18619, 14428, 10992, 12679, 9431, 18328, 13606, 7641, 13542, 1002, 11975, 15646, 19078, 1352, 8683, 16053, 11763, 14823, 7059, 4995, 3754, 6213, 10090, 19084, 1973, 8131, 5353, 836, 13960, 3217, 4885, 9645, 16941, 14750, 13171, 9132, 1355, 4440, 15747, 8233, 6008, 12781, 16749, 13905, 18198, 5033, 2910, 16502, 1233, 965, 16926, 3944, 13518, 18213, 12739, 9972, 14609, 5764, 6128, 9532, 12680, 3672, 5458, 6822, 11547, 3163, 8040, 14081, 8369, 18182, 17541, 11552, 12451, 15074, 1783, 17730, 1690, 16992, 2490, 2459, 18065, 320, 18311, 45, 9495, 4572, 544, 12731, 16811, 15096, 14957, 4594, 16607, 2449, 7791, 13659, 8892, 1713, 17336, 6598, 13832, 10495, 18937, 3067, 3473, 12715, 13492, 14787, 16503, 17899, 16638, 2408, 7141, 10590, 2917, 14650, 12571, 4321, 2855, 1829, 3736, 3381, 11069, 16093, 15201, 14311, 9836, 18289, 16899, 897, 13981, 12223, 8884, 15721, 7778, 13648, 5737, 6550, 19249, 2715, 447, 12941, 8915, 18963, 16291, 760, 5869, 3635, 3439, 6740, 5003, 3174, 2945, 16056, 4860, 11216, 7363, 1147, 12124, 9764, 11245, 4361, 7784, 16285, 17057, 11203, 5114, 17655, 12056, 17890, 7741, 15799, 10258, 16088, 19222, 15303, 1433, 5991, 322, 2322, 3156, 9940, 7814, 17068, 16968, 10018, 1991, 11946, 8705, 10371, 4619, 11074, 2034, 15550, 11743, 18666, 13494, 14175, 13948, 15123, 11154, 10397, 1701, 4770, 839, 12085, 16500, 16241, 1535, 18782, 2221, 539, 18405, 4245, 103, 1571, 16945, 12196, 9441, 1732, 1367, 3596, 4794, 7230, 5245, 17483, 2955, 2003, 11509, 4044, 12934, 3456, 16693, 593, 4582, 14076, 10972, 1965, 7227, 14324, 8658, 3772, 8355, 11889, 1908, 2684, 10026, 1666, 16507, 5589, 9295, 8389, 2099, 18653, 13808, 19147, 6675, 10970, 2788, 19028, 16983, 16166, 9845, 8160, 11381, 10088, 10333, 11716, 14695, 12697, 4365, 3747, 17296, 11904, 74, 7047, 10639, 13094, 940, 10478, 2032, 6642, 14896, 10840, 5430, 5556, 12597, 2183, 18403, 4252, 14613, 18283, 8790, 12140, 13540, 13353, 14114, 13297, 4056, 14038, 11299, 13770, 11433, 14285, 1526, 1955, 15711, 255, 12481, 612, 1635, 4886, 357, 11434, 9524, 13106, 2607, 5391, 9406, 2331, 624, 2749, 17849, 9829, 11436, 18426, 9481, 18550, 15647, 532, 11720, 11824, 15610, 15741, 7902, 13558, 17967, 14539, 17889, 4631, 1238, 16921, 7787, 15293, 3108, 8215, 2851, 4514, 12938, 16730, 17178, 4890, 17960, 4725, 7917, 3191, 8231, 16341, 8195, 10913, 2173, 5557, 2637, 16896, 5806, 1815, 1451, 8864, 2290, 12108, 5328, 6203, 2431, 7508, 17898, 17188, 6897, 1199, 15526, 18437, 6631, 8644, 16917, 14964, 14233, 2454, 584, 4830, 7199, 4180, 14889, 5761, 13756, 6917, 7756, 18880, 15095, 1816, 14070, 16252, 7429, 16589, 1631, 15968, 15221, 12478, 18594, 1477, 5637, 12058, 1205, 13397, 9107, 18654, 1968, 3759, 13147, 14144, 14973, 12452, 18020, 13592, 17920, 13687, 11335, 7207, 418, 7834, 778, 12982, 10688, 9031, 509, 9601, 9780, 17040, 12023, 3916, 91, 6536, 18535, 7547, 15240, 707, 14533, 15064, 17012, 16805, 8637, 5969, 16221, 1940, 13307, 4717, 12615, 18220, 11028, 12170, 1743, 2376, 12415, 14220, 18827, 1294, 18543, 6977, 15309, 11778, 11842, 17103, 3857, 4637, 12162, 19169, 17166, 18237, 17818, 9507, 19022, 5790, 19112, 15611, 1118, 15184, 18703, 1817, 15530, 16579, 8437, 11839, 11378, 3537, 9205, 9217, 16272, 18759, 16828, 12002, 8348, 1723, 3481, 14115, 379, 8544, 264, 6015, 7672, 2253, 7364, 3706, 13796, 17139, 16125, 12059, 9623, 7185, 2418, 18230, 3087, 281, 4379, 1796, 8459, 4400, 17824, 2736, 16446, 13525, 15341, 3275, 7872, 1662, 7557, 4319, 15442, 7181, 10456, 4963, 17048, 16943, 12784, 3441, 5240, 9975, 13216, 17702, 11594, 13554, 6165, 19168, 16070, 3540, 3262, 10661, 4061, 13173, 2875, 17014, 4349, 10818, 8428, 16764, 14232, 8930, 15734, 17680, 7069, 15684, 17050, 18987, 6914, 6863, 19263, 10595, 150, 10039, 2722, 18223, 16444, 6559, 7258, 2661, 7699, 17136, 12773, 4247, 5723, 15194, 1696, 1500, 2807, 9893, 11835, 13240, 18313, 17107, 10265, 10244, 5570, 2862, 14049, 1012, 12861, 723, 9583, 17461, 10056, 1264, 8297, 3716, 14666, 15259, 13531, 543, 13723, 16810, 6700, 3516, 13766, 7186, 10692, 6321, 15484, 14547, 8744, 3703, 10383, 16829, 6366, 6846, 3906, 2021, 18133, 857, 279, 12232, 10212, 10541, 12325, 13475, 1225, 937, 6966, 10881, 16936, 18502, 1440, 11914, 3326, 5633, 14913, 4623, 10743, 12361, 17335, 1072, 5043, 14810, 15077, 3255, 17215, 6553, 17852, 4801, 6962, 3060, 9430, 8799, 13824, 188, 15175, 15163, 4733, 5011, 3536, 17635, 6532, 14071, 6112, 17158, 6597, 11272, 105, 19219, 5013, 12483, 201, 6848, 17033, 6367, 7859, 14702, 18844, 7053, 18694, 15670, 636, 10129, 6378, 5369, 7273, 16247, 9142, 15345, 16817, 14854, 2600, 15783, 889, 11833, 6612, 2068, 2427, 7062, 7918, 16181, 5464, 8339, 8950, 8453, 16423, 6064, 2380, 4268, 13929, 12974, 19141, 1299, 2484, 3883, 3273, 8772, 13256, 11239, 5766, 18098, 12705, 11004, 2695, 10048, 10960, 2766, 15661, 13258, 8015, 6032, 16397, 7749, 19039, 7634, 15076, 4234, 15114, 8475, 8091, 19220, 18004, 9704, 13918, 15569, 16443, 10015, 9943, 7817, 9349, 2588, 8249, 398, 5316, 15538, 18372, 13559, 2937, 2803, 16248, 6155, 630, 9911, 13190, 19157, 15788, 13248, 13148, 1320, 12074, 8471, 8798, 3213, 12418, 814, 2402, 12718, 12397, 10564, 9875, 10128, 6947, 9491, 17707, 3266, 19196, 14309, 18523, 19043, 17975, 18063, 11618, 15016, 14434, 7680, 1739, 18029, 11694, 1745, 9271, 5189, 9561, 11283, 14978, 10753, 16017, 12914, 978, 2828, 17257, 13135, 5061, 121, 6602, 16015, 19271, 12159, 1244, 8260, 13195, 15873, 12815, 14291, 14515, 118, 4892, 14985, 9551, 12654, 4739, 927, 12176, 9523, 11726, 18187, 5880, 2569, 3386, 13942, 3390, 15774, 129, 65, 12922, 8422, 12692, 16213, 11515, 2111, 8347, 10758, 14064, 4401, 17782, 15621, 6709, 14716, 4091, 13964, 8424, 4218, 7249, 11311, 11171, 18564, 14755, 7114, 14009, 14815, 294, 495, 7684, 6833, 4046, 3505, 16995, 17858, 7761, 15803, 9840, 13958, 8226, 10369, 12497, 17142, 1748, 2854, 7159, 11539, 11055, 13337, 17173, 14214, 6803, 11144, 12649, 283, 15489, 13174, 7015, 610, 7030, 18206, 14077, 15468, 14962, 8046, 7809, 17387, 16034, 16678, 1173, 3502, 12942, 15655, 16859, 7099, 1673, 446, 1365, 5881, 3713, 11697, 1897, 16001, 1702, 14149, 11876, 9341, 4325, 6923, 2001, 138, 3276, 18716, 17604, 10501, 115, 12800, 6111, 11148, 4549, 16057, 4707, 6843, 16091, 4295, 7519, 13708, 12409, 11018, 5052, 13566, 14715, 12755, 793, 10837, 1888, 12375, 3935, 5763, 11791, 11258, 13264, 11469, 4683, 8905, 1853, 11600, 4421, 2798, 5074, 18141, 13807, 8595, 8126, 13837, 8060, 6956, 11767, 14560, 9389, 15261, 1232, 12560, 7262, 11504, 3546, 4627, 1177, 517, 4008, 9219, 17696, 4148, 14124, 13243, 11235, 7561, 8331, 16320, 3591, 11341, 4015, 12028, 14929, 18601, 3528, 14065, 1510, 19191, 13833, 17616, 10869, 17689, 831, 16725, 6319, 15465, 10467, 8162, 13563, 7728, 10778, 13545, 12290, 16480, 14401, 12838, 4212, 17529, 4832, 15111, 12690, 10373, 7596, 18614, 17477, 1043, 13100, 4774, 17479, 3774, 9302, 3901, 13071, 6412, 9516, 1261, 3054, 13522, 17602, 14343, 18500, 10957, 2791, 9624, 3634, 17904, 5709, 14670, 11058, 7087, 7435, 13848, 82, 5565, 2562, 14029, 3583, 1676, 12709, 18473, 3158, 12787, 8068, 8263, 16146, 3593, 1802, 1861, 3348, 4487, 17749, 6105, 10471, 17472, 10200, 1182, 14180, 1076, 10156, 4839, 9903, 4879, 9720, 2157, 15344, 16067, 3064, 17182, 5368, 4987, 18484, 18923, 11896, 1052, 15727, 15289, 5885, 1933, 5251, 17072, 6038, 6195, 13524, 6606, 18506, 17536, 6784, 3231, 14121, 8925, 10030, 803, 13764, 146, 19268, 14099, 4130, 16372, 1537, 12248, 13718, 17187, 11728, 1740, 19233, 5600, 4092, 4779, 6028, 3395, 16152, 19150, 2417, 11980, 11237, 8427, 18127, 3538, 9257, 607, 2078, 18457, 5802, 3435, 15019, 4256, 9221, 13465, 11742, 5788, 9528, 17493, 4607, 3131, 6616, 5356, 1550, 4617, 8827, 849, 2601, 4437, 17861, 10261, 15704, 3890, 8149, 12063, 3086, 15925, 12301, 6847, 5603, 7768, 3187, 13372, 9258, 6584, 7594, 2603, 1835, 17380, 17193, 15251, 15937, 18731, 4082, 14911, 16626, 8824, 16208, 10167, 17711, 9678, 15852, 13620, 16479, 14586, 2446, 4866, 1315, 7746, 10615, 7927, 2443, 7157, 13506, 18410, 10494]",6412,1500,3,False,1500
3744,music likeness,music settings,44,True,False,False,"{21: 26, 33: 14, 2: 18, 29: 13, 25: 57, 43: 9, 57: 16, 49: 16, 61: 14, 67: 52, 65: 21, 50: 28, 15: 53, 6: 13, 46: 15, 27: 69, 7: 65, 48: 67, 19: 21, 31: 14, 63: 26, 22: 39, 9: 79, 26: 40, 47: 15, 53: 66, 11: 19, 51: 26, 54: 9, 13: 32, 17: 37, 52: 30, 39: 27, 38: 19, 1: 6, 59: 33, 56: 23, 32: 9, 8: 25, 4: 12, 20: 26, 24: 7, 18: 31, 42: 7, 28: 31, 45: 57, 0: 13, 66: 11, 62: 11, 35: 7, 64: 15, 37: 2, 40: 25, 3: 3, 14: 5, 12: 8, 16: 15, 55: 16, 30: 13, 58: 6, 36: 4, 60: 5, 5: 3, 41: 2, 44: 2, 34: 2}","[12686, 3384, 6034, 14374, 14516, 14680, 18580, 5912, 661, 4433, 14182, 14634, 14672, 13694, 17233, 12320, 12666, 7276, 14925, 15315, 1125, 14820, 3769, 14096, 12401, 14972, 14176, 4685, 4278, 5735, 7514, 16051, 15882, 4696, 17145, 19193, 12994, 9901, 13641, 15193, 6739, 9240, 1608, 14664, 18117, 5676, 15714, 5964, 5329, 16651, 15936, 14441, 15878, 18316, 14255, 18692, 5858, 4640, 10716, 13839, 16635, 2097, 11464, 12427, 2320, 14629, 7617, 16183, 16205, 2170, 4384, 6683, 5285, 18707, 6780, 4231, 2404, 4895, 18091, 2944, 13054, 3904, 3491, 9455, 15985, 10432, 8657, 15304, 9114, 5838, 5197, 17244, 6207, 3970, 17246, 3950, 6168, 8697, 6800, 9942, 11118, 8582, 6355, 15275, 4581, 12724, 11921, 1833, 523, 7619, 15729, 176, 8576, 3101, 1573, 1283, 11796, 11277, 2547, 1738, 6806, 15187, 7129, 5179, 5854, 16373, 9231, 6270, 777, 2062, 13249, 4144, 6325, 3924, 5350, 14414, 3142, 2249, 6444, 13582, 2833, 18030, 6483, 18404, 15057, 7482, 15001, 15872, 14584, 10835, 954, 7257, 1381, 17819, 17518, 6497, 14430, 4901, 16466, 10805, 132, 7506, 755, 14427, 12119, 16613, 19042, 14994, 11257, 8042, 2144, 5966, 1580, 8010, 2550, 10684, 14088, 5037, 8764, 17076, 14185, 15984, 5299, 16601, 19182, 13197, 14561, 12605, 17010, 2703, 6715, 11207, 10188, 212, 2293, 17676, 1720, 5934, 112, 8568, 15870, 3226, 4524, 4431, 5141, 5383, 7609, 12807, 19001, 14368, 6704, 14903, 4172, 117, 18698, 1699, 16558, 7518, 10618, 2110, 10308, 7828, 6623, 17644, 4449, 951, 13858, 15106, 8402, 916, 4771, 8608, 6448, 6656, 13547, 2814, 8336, 8093, 6398, 637, 9909, 10621, 786, 14146, 17292, 9457, 3, 2884, 14785, 10504, 16361, 8181, 17690, 654, 11067, 18741, 386, 18208, 10130, 8079, 7082, 14740, 8076, 18619, 14428, 10992, 12679, 9431, 18328, 13606, 7641, 13542, 1002, 11975, 15646, 19078, 1352, 8683, 16053, 11763, 14823, 7059, 4995, 3754, 6213, 10090, 19084, 1973, 8131, 5353, 836, 13960, 3217, 4885, 9645, 16941, 14750, 13171, 9132, 1355, 4440, 15747, 8233, 6008, 12781, 16749, 13905, 18198, 5033, 2910, 16502, 1233, 965, 16926, 3944, 13518, 18213, 12739, 9972, 14609, 5764, 6128, 9532, 12680, 3672, 5458, 6822, 11547, 3163, 8040, 14081, 8369, 18182, 17541, 11552, 12451, 15074, 1783, 17730, 1690, 16992, 2490, 2459, 18065, 320, 18311, 45, 9495, 4572, 544, 12731, 16811, 15096, 14957, 4594, 16607, 2449, 7791, 13659, 8892, 1713, 17336, 6598, 13832, 10495, 18937, 3067, 3473, 12715, 13492, 14787, 16503, 17899, 16638, 2408, 7141, 10590, 2917, 14650, 12571, 4321, 2855, 1829, 3736, 3381, 11069, 16093, 15201, 14311, 9836, 18289, 16899, 897, 13981, 12223, 8884, 15721, 7778, 13648, 5737, 6550, 19249, 2715, 447, 12941, 8915, 18963, 16291, 760, 5869, 3635, 3439, 6740, 5003, 3174, 2945, 16056, 4860, 11216, 7363, 1147, 12124, 9764, 11245, 4361, 7784, 16285, 17057, 11203, 5114, 17655, 12056, 17890, 7741, 15799, 10258, 16088, 19222, 15303, 1433, 5991, 322, 2322, 3156, 9940, 7814, 17068, 16968, 10018, 1991, 11946, 8705, 10371, 4619, 11074, 2034, 15550, 11743, 18666, 13494, 14175, 13948, 15123, 11154, 10397, 1701, 4770, 839, 12085, 16500, 16241, 1535, 18782, 2221, 539, 18405, 4245, 103, 1571, 16945, 12196, 9441, 1732, 1367, 3596, 4794, 7230, 5245, 17483, 2955, 2003, 11509, 4044, 12934, 3456, 16693, 593, 4582, 14076, 10972, 1965, 7227, 14324, 8658, 3772, 8355, 11889, 1908, 2684, 10026, 1666, 16507, 5589, 9295, 8389, 2099, 18653, 13808, 19147, 6675, 10970, 2788, 19028, 16983, 16166, 9845, 8160, 11381, 10088, 10333, 11716, 14695, 12697, 4365, 3747, 17296, 11904, 74, 7047, 10639, 13094, 940, 10478, 2032, 6642, 14896, 10840, 5430, 5556, 12597, 2183, 18403, 4252, 14613, 18283, 8790, 12140, 13540, 13353, 14114, 13297, 4056, 14038, 11299, 13770, 11433, 14285, 1526, 1955, 15711, 255, 12481, 612, 1635, 4886, 357, 11434, 9524, 13106, 2607, 5391, 9406, 2331, 624, 2749, 17849, 9829, 11436, 18426, 9481, 18550, 15647, 532, 11720, 11824, 15610, 15741, 7902, 13558, 17967, 14539, 17889, 4631, 1238, 16921, 7787, 15293, 3108, 8215, 2851, 4514, 12938, 16730, 17178, 4890, 17960, 4725, 7917, 3191, 8231, 16341, 8195, 10913, 2173, 5557, 2637, 16896, 5806, 1815, 1451, 8864, 2290, 12108, 5328, 6203, 2431, 7508, 17898, 17188, 6897, 1199, 15526, 18437, 6631, 8644, 16917, 14964, 14233, 2454, 584, 4830, 7199, 4180, 14889, 5761, 13756, 6917, 7756, 18880, 15095, 1816, 14070, 16252, 7429, 16589, 1631, 15968, 15221, 12478, 18594, 1477, 5637, 12058, 1205, 13397, 9107, 18654, 1968, 3759, 13147, 14144, 14973, 12452, 18020, 13592, 17920, 13687, 11335, 7207, 418, 7834, 778, 12982, 10688, 9031, 509, 9601, 9780, 17040, 12023, 3916, 91, 6536, 18535, 7547, 15240, 707, 14533, 15064, 17012, 16805, 8637, 5969, 16221, 1940, 13307, 4717, 12615, 18220, 11028, 12170, 1743, 2376, 12415, 14220, 18827, 1294, 18543, 6977, 15309, 11778, 11842, 17103, 3857, 4637, 12162, 19169, 17166, 18237, 17818, 9507, 19022, 5790, 19112, 15611, 1118, 15184, 18703, 1817, 15530, 16579, 8437, 11839, 11378, 3537, 9205, 9217, 16272, 18759, 16828, 12002, 8348, 1723, 3481, 14115, 379, 8544, 264, 6015, 7672, 2253, 7364, 3706, 13796, 17139, 16125, 12059, 9623, 7185, 2418, 18230, 3087, 281, 4379, 1796, 8459, 4400, 17824, 2736, 16446, 13525, 15341, 3275, 7872, 1662, 7557, 4319, 15442, 7181, 10456, 4963, 17048, 16943, 12784, 3441, 5240, 9975, 13216, 17702, 11594, 13554, 6165, 19168, 16070, 3540, 3262, 10661, 4061, 13173, 2875, 17014, 4349, 10818, 8428, 16764, 14232, 8930, 15734, 17680, 7069, 15684, 17050, 18987, 6914, 6863, 19263, 10595, 150, 10039, 2722, 18223, 16444, 6559, 7258, 2661, 7699, 17136, 12773, 4247, 5723, 15194, 1696, 1500, 2807, 9893, 11835, 13240, 18313, 17107, 10265, 10244, 5570, 2862, 14049, 1012, 12861, 723, 9583, 17461, 10056, 1264, 8297, 3716, 14666, 15259, 13531, 543, 13723, 16810, 6700, 3516, 13766, 7186, 10692, 6321, 15484, 14547, 8744, 3703, 10383, 16829, 6366, 6846, 3906, 2021, 18133, 857, 279, 12232, 10212, 10541, 12325, 13475, 1225, 937, 6966, 10881, 16936, 18502, 1440, 11914, 3326, 5633, 14913, 4623, 10743, 12361, 17335, 1072, 5043, 14810, 15077, 3255, 17215, 6553, 17852, 4801, 6962, 3060, 9430, 8799, 13824, 188, 15175, 15163, 4733, 5011, 3536, 17635, 6532, 14071, 6112, 17158, 6597, 11272, 105, 19219, 5013, 12483, 201, 6848, 17033, 6367, 7859, 14702, 18844, 7053, 18694, 15670, 636, 10129, 6378, 5369, 7273, 16247, 9142, 15345, 16817, 14854, 2600, 15783, 889, 11833, 6612, 2068, 2427, 7062, 7918, 16181, 5464, 8339, 8950, 8453, 16423, 6064, 2380, 4268, 13929, 12974, 19141, 1299, 2484, 3883, 3273, 8772, 13256, 11239, 5766, 18098, 12705, 11004, 2695, 10048, 10960, 2766, 15661, 13258, 8015, 6032, 16397, 7749, 19039, 7634, 15076, 4234, 15114, 8475, 8091, 19220, 18004, 9704, 13918, 15569, 16443, 10015, 9943, 7817, 9349, 2588, 8249, 398, 5316, 15538, 18372, 13559, 2937, 2803, 16248, 6155, 630, 9911, 13190, 19157, 15788, 13248, 13148, 1320, 12074, 8471, 8798, 3213, 12418, 814, 2402, 12718, 12397, 10564, 9875, 10128, 6947, 9491, 17707, 3266, 19196, 14309, 18523, 19043, 17975, 18063, 11618, 15016, 14434, 7680, 1739, 18029, 11694, 1745, 9271, 5189, 9561, 11283, 14978, 10753, 16017, 12914, 978, 2828, 17257, 13135, 5061, 121, 6602, 16015, 19271, 12159, 1244, 8260, 13195, 15873, 12815, 14291, 14515, 118, 4892, 14985, 9551, 12654, 4739, 927, 12176, 9523, 11726, 18187, 5880, 2569, 3386, 13942, 3390, 15774, 129, 65, 12922, 8422, 12692, 16213, 11515, 2111, 8347, 10758, 14064, 4401, 17782, 15621, 6709, 14716, 4091, 13964, 8424, 4218, 7249, 11311, 11171, 18564, 14755, 7114, 14009, 14815, 294, 495, 7684, 6833, 4046, 3505, 16995, 17858, 7761, 15803, 9840, 13958, 8226, 10369, 12497, 17142, 1748, 2854, 7159, 11539, 11055, 13337, 17173, 14214, 6803, 11144, 12649, 283, 15489, 13174, 7015, 610, 7030, 18206, 14077, 15468, 14962, 8046, 7809, 17387, 16034, 16678, 1173, 3502, 12942, 15655, 16859, 7099, 1673, 446, 1365, 5881, 3713, 11697, 1897, 16001, 1702, 14149, 11876, 9341, 4325, 6923, 2001, 138, 3276, 18716, 17604, 10501, 115, 12800, 6111, 11148, 4549, 16057, 4707, 6843, 16091, 4295, 7519, 13708, 12409, 11018, 5052, 13566, 14715, 12755, 793, 10837, 1888, 12375, 3935, 5763, 11791, 11258, 13264, 11469, 4683, 8905, 1853, 11600, 4421, 2798, 5074, 18141, 13807, 8595, 8126, 13837, 8060, 6956, 11767, 14560, 9389, 15261, 1232, 12560, 7262, 11504, 3546, 4627, 1177, 517, 4008, 9219, 17696, 4148, 14124, 13243, 11235, 7561, 8331, 16320, 3591, 11341, 4015, 12028, 14929, 18601, 3528, 14065, 1510, 19191, 13833, 17616, 10869, 17689, 831, 16725, 6319, 15465, 10467, 8162, 13563, 7728, 10778, 13545, 12290, 16480, 14401, 12838, 4212, 17529, 4832, 15111, 12690, 10373, 7596, 18614, 17477, 1043, 13100, 4774, 17479, 3774, 9302, 3901, 13071, 6412, 9516, 1261, 3054, 13522, 17602, 14343, 18500, 10957, 2791, 9624, 3634, 17904, 5709, 14670, 11058, 7087, 7435, 13848, 82, 5565, 2562, 14029, 3583, 1676, 12709, 18473, 3158, 12787, 8068, 8263, 16146, 3593, 1802, 1861, 3348, 4487, 17749, 6105, 10471, 17472, 10200, 1182, 14180, 1076, 10156, 4839, 9903, 4879, 9720, 2157, 15344, 16067, 3064, 17182, 5368, 4987, 18484, 18923, 11896, 1052, 15727, 15289, 5885, 1933, 5251, 17072, 6038, 6195, 13524, 6606, 18506, 17536, 6784, 3231, 14121, 8925, 10030, 803, 13764, 146, 19268, 14099, 4130, 16372, 1537, 12248, 13718, 17187, 11728, 1740, 19233, 5600, 4092, 4779, 6028, 3395, 16152, 19150, 2417, 11980, 11237, 8427, 18127, 3538, 9257, 607, 2078, 18457, 5802, 3435, 15019, 4256, 9221, 13465, 11742, 5788, 9528, 17493, 4607, 3131, 6616, 5356, 1550, 4617, 8827, 849, 2601, 4437, 17861, 10261, 15704, 3890, 8149, 12063, 3086, 15925, 12301, 6847, 5603, 7768, 3187, 13372, 9258, 6584, 7594, 2603, 1835, 17380, 17193, 15251, 15937, 18731, 4082, 14911, 16626, 8824, 16208, 10167, 17711, 9678, 15852, 13620, 16479, 14586, 2446, 4866, 1315, 7746, 10615, 7927, 2443, 7157, 13506, 18410, 10494]",3744,1500,3,False,1500
1507,transport query,transport traffic,66,True,False,True,"{21: 26, 33: 14, 2: 18, 29: 13, 25: 57, 43: 9, 57: 16, 49: 16, 61: 14, 67: 52, 65: 21, 50: 28, 15: 53, 6: 13, 46: 15, 27: 69, 7: 65, 48: 67, 19: 21, 31: 14, 63: 26, 22: 39, 9: 79, 26: 40, 47: 15, 53: 66, 11: 19, 51: 26, 54: 9, 13: 32, 17: 37, 52: 30, 39: 27, 38: 19, 1: 6, 59: 33, 56: 23, 32: 9, 8: 25, 4: 12, 20: 26, 24: 7, 18: 31, 42: 7, 28: 31, 45: 57, 0: 13, 66: 11, 62: 11, 35: 7, 64: 15, 37: 2, 40: 25, 3: 3, 14: 5, 12: 8, 16: 15, 55: 16, 30: 13, 58: 6, 36: 4, 60: 5, 5: 3, 41: 2, 44: 2, 34: 2}","[12686, 3384, 6034, 14374, 14516, 14680, 18580, 5912, 661, 4433, 14182, 14634, 14672, 13694, 17233, 12320, 12666, 7276, 14925, 15315, 1125, 14820, 3769, 14096, 12401, 14972, 14176, 4685, 4278, 5735, 7514, 16051, 15882, 4696, 17145, 19193, 12994, 9901, 13641, 15193, 6739, 9240, 1608, 14664, 18117, 5676, 15714, 5964, 5329, 16651, 15936, 14441, 15878, 18316, 14255, 18692, 5858, 4640, 10716, 13839, 16635, 2097, 11464, 12427, 2320, 14629, 7617, 16183, 16205, 2170, 4384, 6683, 5285, 18707, 6780, 4231, 2404, 4895, 18091, 2944, 13054, 3904, 3491, 9455, 15985, 10432, 8657, 15304, 9114, 5838, 5197, 17244, 6207, 3970, 17246, 3950, 6168, 8697, 6800, 9942, 11118, 8582, 6355, 15275, 4581, 12724, 11921, 1833, 523, 7619, 15729, 176, 8576, 3101, 1573, 1283, 11796, 11277, 2547, 1738, 6806, 15187, 7129, 5179, 5854, 16373, 9231, 6270, 777, 2062, 13249, 4144, 6325, 3924, 5350, 14414, 3142, 2249, 6444, 13582, 2833, 18030, 6483, 18404, 15057, 7482, 15001, 15872, 14584, 10835, 954, 7257, 1381, 17819, 17518, 6497, 14430, 4901, 16466, 10805, 132, 7506, 755, 14427, 12119, 16613, 19042, 14994, 11257, 8042, 2144, 5966, 1580, 8010, 2550, 10684, 14088, 5037, 8764, 17076, 14185, 15984, 5299, 16601, 19182, 13197, 14561, 12605, 17010, 2703, 6715, 11207, 10188, 212, 2293, 17676, 1720, 5934, 112, 8568, 15870, 3226, 4524, 4431, 5141, 5383, 7609, 12807, 19001, 14368, 6704, 14903, 4172, 117, 18698, 1699, 16558, 7518, 10618, 2110, 10308, 7828, 6623, 17644, 4449, 951, 13858, 15106, 8402, 916, 4771, 8608, 6448, 6656, 13547, 2814, 8336, 8093, 6398, 637, 9909, 10621, 786, 14146, 17292, 9457, 3, 2884, 14785, 10504, 16361, 8181, 17690, 654, 11067, 18741, 386, 18208, 10130, 8079, 7082, 14740, 8076, 18619, 14428, 10992, 12679, 9431, 18328, 13606, 7641, 13542, 1002, 11975, 15646, 19078, 1352, 8683, 16053, 11763, 14823, 7059, 4995, 3754, 6213, 10090, 19084, 1973, 8131, 5353, 836, 13960, 3217, 4885, 9645, 16941, 14750, 13171, 9132, 1355, 4440, 15747, 8233, 6008, 12781, 16749, 13905, 18198, 5033, 2910, 16502, 1233, 965, 16926, 3944, 13518, 18213, 12739, 9972, 14609, 5764, 6128, 9532, 12680, 3672, 5458, 6822, 11547, 3163, 8040, 14081, 8369, 18182, 17541, 11552, 12451, 15074, 1783, 17730, 1690, 16992, 2490, 2459, 18065, 320, 18311, 45, 9495, 4572, 544, 12731, 16811, 15096, 14957, 4594, 16607, 2449, 7791, 13659, 8892, 1713, 17336, 6598, 13832, 10495, 18937, 3067, 3473, 12715, 13492, 14787, 16503, 17899, 16638, 2408, 7141, 10590, 2917, 14650, 12571, 4321, 2855, 1829, 3736, 3381, 11069, 16093, 15201, 14311, 9836, 18289, 16899, 897, 13981, 12223, 8884, 15721, 7778, 13648, 5737, 6550, 19249, 2715, 447, 12941, 8915, 18963, 16291, 760, 5869, 3635, 3439, 6740, 5003, 3174, 2945, 16056, 4860, 11216, 7363, 1147, 12124, 9764, 11245, 4361, 7784, 16285, 17057, 11203, 5114, 17655, 12056, 17890, 7741, 15799, 10258, 16088, 19222, 15303, 1433, 5991, 322, 2322, 3156, 9940, 7814, 17068, 16968, 10018, 1991, 11946, 8705, 10371, 4619, 11074, 2034, 15550, 11743, 18666, 13494, 14175, 13948, 15123, 11154, 10397, 1701, 4770, 839, 12085, 16500, 16241, 1535, 18782, 2221, 539, 18405, 4245, 103, 1571, 16945, 12196, 9441, 1732, 1367, 3596, 4794, 7230, 5245, 17483, 2955, 2003, 11509, 4044, 12934, 3456, 16693, 593, 4582, 14076, 10972, 1965, 7227, 14324, 8658, 3772, 8355, 11889, 1908, 2684, 10026, 1666, 16507, 5589, 9295, 8389, 2099, 18653, 13808, 19147, 6675, 10970, 2788, 19028, 16983, 16166, 9845, 8160, 11381, 10088, 10333, 11716, 14695, 12697, 4365, 3747, 17296, 11904, 74, 7047, 10639, 13094, 940, 10478, 2032, 6642, 14896, 10840, 5430, 5556, 12597, 2183, 18403, 4252, 14613, 18283, 8790, 12140, 13540, 13353, 14114, 13297, 4056, 14038, 11299, 13770, 11433, 14285, 1526, 1955, 15711, 255, 12481, 612, 1635, 4886, 357, 11434, 9524, 13106, 2607, 5391, 9406, 2331, 624, 2749, 17849, 9829, 11436, 18426, 9481, 18550, 15647, 532, 11720, 11824, 15610, 15741, 7902, 13558, 17967, 14539, 17889, 4631, 1238, 16921, 7787, 15293, 3108, 8215, 2851, 4514, 12938, 16730, 17178, 4890, 17960, 4725, 7917, 3191, 8231, 16341, 8195, 10913, 2173, 5557, 2637, 16896, 5806, 1815, 1451, 8864, 2290, 12108, 5328, 6203, 2431, 7508, 17898, 17188, 6897, 1199, 15526, 18437, 6631, 8644, 16917, 14964, 14233, 2454, 584, 4830, 7199, 4180, 14889, 5761, 13756, 6917, 7756, 18880, 15095, 1816, 14070, 16252, 7429, 16589, 1631, 15968, 15221, 12478, 18594, 1477, 5637, 12058, 1205, 13397, 9107, 18654, 1968, 3759, 13147, 14144, 14973, 12452, 18020, 13592, 17920, 13687, 11335, 7207, 418, 7834, 778, 12982, 10688, 9031, 509, 9601, 9780, 17040, 12023, 3916, 91, 6536, 18535, 7547, 15240, 707, 14533, 15064, 17012, 16805, 8637, 5969, 16221, 1940, 13307, 4717, 12615, 18220, 11028, 12170, 1743, 2376, 12415, 14220, 18827, 1294, 18543, 6977, 15309, 11778, 11842, 17103, 3857, 4637, 12162, 19169, 17166, 18237, 17818, 9507, 19022, 5790, 19112, 15611, 1118, 15184, 18703, 1817, 15530, 16579, 8437, 11839, 11378, 3537, 9205, 9217, 16272, 18759, 16828, 12002, 8348, 1723, 3481, 14115, 379, 8544, 264, 6015, 7672, 2253, 7364, 3706, 13796, 17139, 16125, 12059, 9623, 7185, 2418, 18230, 3087, 281, 4379, 1796, 8459, 4400, 17824, 2736, 16446, 13525, 15341, 3275, 7872, 1662, 7557, 4319, 15442, 7181, 10456, 4963, 17048, 16943, 12784, 3441, 5240, 9975, 13216, 17702, 11594, 13554, 6165, 19168, 16070, 3540, 3262, 10661, 4061, 13173, 2875, 17014, 4349, 10818, 8428, 16764, 14232, 8930, 15734, 17680, 7069, 15684, 17050, 18987, 6914, 6863, 19263, 10595, 150, 10039, 2722, 18223, 16444, 6559, 7258, 2661, 7699, 17136, 12773, 4247, 5723, 15194, 1696, 1500, 2807, 9893, 11835, 13240, 18313, 17107, 10265, 10244, 5570, 2862, 14049, 1012, 12861, 723, 9583, 17461, 10056, 1264, 8297, 3716, 14666, 15259, 13531, 543, 13723, 16810, 6700, 3516, 13766, 7186, 10692, 6321, 15484, 14547, 8744, 3703, 10383, 16829, 6366, 6846, 3906, 2021, 18133, 857, 279, 12232, 10212, 10541, 12325, 13475, 1225, 937, 6966, 10881, 16936, 18502, 1440, 11914, 3326, 5633, 14913, 4623, 10743, 12361, 17335, 1072, 5043, 14810, 15077, 3255, 17215, 6553, 17852, 4801, 6962, 3060, 9430, 8799, 13824, 188, 15175, 15163, 4733, 5011, 3536, 17635, 6532, 14071, 6112, 17158, 6597, 11272, 105, 19219, 5013, 12483, 201, 6848, 17033, 6367, 7859, 14702, 18844, 7053, 18694, 15670, 636, 10129, 6378, 5369, 7273, 16247, 9142, 15345, 16817, 14854, 2600, 15783, 889, 11833, 6612, 2068, 2427, 7062, 7918, 16181, 5464, 8339, 8950, 8453, 16423, 6064, 2380, 4268, 13929, 12974, 19141, 1299, 2484, 3883, 3273, 8772, 13256, 11239, 5766, 18098, 12705, 11004, 2695, 10048, 10960, 2766, 15661, 13258, 8015, 6032, 16397, 7749, 19039, 7634, 15076, 4234, 15114, 8475, 8091, 19220, 18004, 9704, 13918, 15569, 16443, 10015, 9943, 7817, 9349, 2588, 8249, 398, 5316, 15538, 18372, 13559, 2937, 2803, 16248, 6155, 630, 9911, 13190, 19157, 15788, 13248, 13148, 1320, 12074, 8471, 8798, 3213, 12418, 814, 2402, 12718, 12397, 10564, 9875, 10128, 6947, 9491, 17707, 3266, 19196, 14309, 18523, 19043, 17975, 18063, 11618, 15016, 14434, 7680, 1739, 18029, 11694, 1745, 9271, 5189, 9561, 11283, 14978, 10753, 16017, 12914, 978, 2828, 17257, 13135, 5061, 121, 6602, 16015, 19271, 12159, 1244, 8260, 13195, 15873, 12815, 14291, 14515, 118, 4892, 14985, 9551, 12654, 4739, 927, 12176, 9523, 11726, 18187, 5880, 2569, 3386, 13942, 3390, 15774, 129, 65, 12922, 8422, 12692, 16213, 11515, 2111, 8347, 10758, 14064, 4401, 17782, 15621, 6709, 14716, 4091, 13964, 8424, 4218, 7249, 11311, 11171, 18564, 14755, 7114, 14009, 14815, 294, 495, 7684, 6833, 4046, 3505, 16995, 17858, 7761, 15803, 9840, 13958, 8226, 10369, 12497, 17142, 1748, 2854, 7159, 11539, 11055, 13337, 17173, 14214, 6803, 11144, 12649, 283, 15489, 13174, 7015, 610, 7030, 18206, 14077, 15468, 14962, 8046, 7809, 17387, 16034, 16678, 1173, 3502, 12942, 15655, 16859, 7099, 1673, 446, 1365, 5881, 3713, 11697, 1897, 16001, 1702, 14149, 11876, 9341, 4325, 6923, 2001, 138, 3276, 18716, 17604, 10501, 115, 12800, 6111, 11148, 4549, 16057, 4707, 6843, 16091, 4295, 7519, 13708, 12409, 11018, 5052, 13566, 14715, 12755, 793, 10837, 1888, 12375, 3935, 5763, 11791, 11258, 13264, 11469, 4683, 8905, 1853, 11600, 4421, 2798, 5074, 18141, 13807, 8595, 8126, 13837, 8060, 6956, 11767, 14560, 9389, 15261, 1232, 12560, 7262, 11504, 3546, 4627, 1177, 517, 4008, 9219, 17696, 4148, 14124, 13243, 11235, 7561, 8331, 16320, 3591, 11341, 4015, 12028, 14929, 18601, 3528, 14065, 1510, 19191, 13833, 17616, 10869, 17689, 831, 16725, 6319, 15465, 10467, 8162, 13563, 7728, 10778, 13545, 12290, 16480, 14401, 12838, 4212, 17529, 4832, 15111, 12690, 10373, 7596, 18614, 17477, 1043, 13100, 4774, 17479, 3774, 9302, 3901, 13071, 6412, 9516, 1261, 3054, 13522, 17602, 14343, 18500, 10957, 2791, 9624, 3634, 17904, 5709, 14670, 11058, 7087, 7435, 13848, 82, 5565, 2562, 14029, 3583, 1676, 12709, 18473, 3158, 12787, 8068, 8263, 16146, 3593, 1802, 1861, 3348, 4487, 17749, 6105, 10471, 17472, 10200, 1182, 14180, 1076, 10156, 4839, 9903, 4879, 9720, 2157, 15344, 16067, 3064, 17182, 5368, 4987, 18484, 18923, 11896, 1052, 15727, 15289, 5885, 1933, 5251, 17072, 6038, 6195, 13524, 6606, 18506, 17536, 6784, 3231, 14121, 8925, 10030, 803, 13764, 146, 19268, 14099, 4130, 16372, 1537, 12248, 13718, 17187, 11728, 1740, 19233, 5600, 4092, 4779, 6028, 3395, 16152, 19150, 2417, 11980, 11237, 8427, 18127, 3538, 9257, 607, 2078, 18457, 5802, 3435, 15019, 4256, 9221, 13465, 11742, 5788, 9528, 17493, 4607, 3131, 6616, 5356, 1550, 4617, 8827, 849, 2601, 4437, 17861, 10261, 15704, 3890, 8149, 12063, 3086, 15925, 12301, 6847, 5603, 7768, 3187, 13372, 9258, 6584, 7594, 2603, 1835, 17380, 17193, 15251, 15937, 18731, 4082, 14911, 16626, 8824, 16208, 10167, 17711, 9678, 15852, 13620, 16479, 14586, 2446, 4866, 1315, 7746, 10615, 7927, 2443, 7157, 13506, 18410, 10494]",1507,1500,3,False,1500
4415,calendar remove,calendar remove,8,True,True,True,"{21: 26, 33: 14, 2: 18, 29: 13, 25: 57, 43: 9, 57: 16, 49: 16, 61: 14, 67: 52, 65: 21, 50: 28, 15: 53, 6: 13, 46: 15, 27: 69, 7: 65, 48: 67, 19: 21, 31: 14, 63: 26, 22: 39, 9: 79, 26: 40, 47: 15, 53: 66, 11: 19, 51: 26, 54: 9, 13: 32, 17: 37, 52: 30, 39: 27, 38: 19, 1: 6, 59: 33, 56: 23, 32: 9, 8: 25, 4: 12, 20: 26, 24: 7, 18: 31, 42: 7, 28: 31, 45: 57, 0: 13, 66: 11, 62: 11, 35: 7, 64: 15, 37: 2, 40: 25, 3: 3, 14: 5, 12: 8, 16: 15, 55: 16, 30: 13, 58: 6, 36: 4, 60: 5, 5: 3, 41: 2, 44: 2, 34: 2}","[12686, 3384, 6034, 14374, 14516, 14680, 18580, 5912, 661, 4433, 14182, 14634, 14672, 13694, 17233, 12320, 12666, 7276, 14925, 15315, 1125, 14820, 3769, 14096, 12401, 14972, 14176, 4685, 4278, 5735, 7514, 16051, 15882, 4696, 17145, 19193, 12994, 9901, 13641, 15193, 6739, 9240, 1608, 14664, 18117, 5676, 15714, 5964, 5329, 16651, 15936, 14441, 15878, 18316, 14255, 18692, 5858, 4640, 10716, 13839, 16635, 2097, 11464, 12427, 2320, 14629, 7617, 16183, 16205, 2170, 4384, 6683, 5285, 18707, 6780, 4231, 2404, 4895, 18091, 2944, 13054, 3904, 3491, 9455, 15985, 10432, 8657, 15304, 9114, 5838, 5197, 17244, 6207, 3970, 17246, 3950, 6168, 8697, 6800, 9942, 11118, 8582, 6355, 15275, 4581, 12724, 11921, 1833, 523, 7619, 15729, 176, 8576, 3101, 1573, 1283, 11796, 11277, 2547, 1738, 6806, 15187, 7129, 5179, 5854, 16373, 9231, 6270, 777, 2062, 13249, 4144, 6325, 3924, 5350, 14414, 3142, 2249, 6444, 13582, 2833, 18030, 6483, 18404, 15057, 7482, 15001, 15872, 14584, 10835, 954, 7257, 1381, 17819, 17518, 6497, 14430, 4901, 16466, 10805, 132, 7506, 755, 14427, 12119, 16613, 19042, 14994, 11257, 8042, 2144, 5966, 1580, 8010, 2550, 10684, 14088, 5037, 8764, 17076, 14185, 15984, 5299, 16601, 19182, 13197, 14561, 12605, 17010, 2703, 6715, 11207, 10188, 212, 2293, 17676, 1720, 5934, 112, 8568, 15870, 3226, 4524, 4431, 5141, 5383, 7609, 12807, 19001, 14368, 6704, 14903, 4172, 117, 18698, 1699, 16558, 7518, 10618, 2110, 10308, 7828, 6623, 17644, 4449, 951, 13858, 15106, 8402, 916, 4771, 8608, 6448, 6656, 13547, 2814, 8336, 8093, 6398, 637, 9909, 10621, 786, 14146, 17292, 9457, 3, 2884, 14785, 10504, 16361, 8181, 17690, 654, 11067, 18741, 386, 18208, 10130, 8079, 7082, 14740, 8076, 18619, 14428, 10992, 12679, 9431, 18328, 13606, 7641, 13542, 1002, 11975, 15646, 19078, 1352, 8683, 16053, 11763, 14823, 7059, 4995, 3754, 6213, 10090, 19084, 1973, 8131, 5353, 836, 13960, 3217, 4885, 9645, 16941, 14750, 13171, 9132, 1355, 4440, 15747, 8233, 6008, 12781, 16749, 13905, 18198, 5033, 2910, 16502, 1233, 965, 16926, 3944, 13518, 18213, 12739, 9972, 14609, 5764, 6128, 9532, 12680, 3672, 5458, 6822, 11547, 3163, 8040, 14081, 8369, 18182, 17541, 11552, 12451, 15074, 1783, 17730, 1690, 16992, 2490, 2459, 18065, 320, 18311, 45, 9495, 4572, 544, 12731, 16811, 15096, 14957, 4594, 16607, 2449, 7791, 13659, 8892, 1713, 17336, 6598, 13832, 10495, 18937, 3067, 3473, 12715, 13492, 14787, 16503, 17899, 16638, 2408, 7141, 10590, 2917, 14650, 12571, 4321, 2855, 1829, 3736, 3381, 11069, 16093, 15201, 14311, 9836, 18289, 16899, 897, 13981, 12223, 8884, 15721, 7778, 13648, 5737, 6550, 19249, 2715, 447, 12941, 8915, 18963, 16291, 760, 5869, 3635, 3439, 6740, 5003, 3174, 2945, 16056, 4860, 11216, 7363, 1147, 12124, 9764, 11245, 4361, 7784, 16285, 17057, 11203, 5114, 17655, 12056, 17890, 7741, 15799, 10258, 16088, 19222, 15303, 1433, 5991, 322, 2322, 3156, 9940, 7814, 17068, 16968, 10018, 1991, 11946, 8705, 10371, 4619, 11074, 2034, 15550, 11743, 18666, 13494, 14175, 13948, 15123, 11154, 10397, 1701, 4770, 839, 12085, 16500, 16241, 1535, 18782, 2221, 539, 18405, 4245, 103, 1571, 16945, 12196, 9441, 1732, 1367, 3596, 4794, 7230, 5245, 17483, 2955, 2003, 11509, 4044, 12934, 3456, 16693, 593, 4582, 14076, 10972, 1965, 7227, 14324, 8658, 3772, 8355, 11889, 1908, 2684, 10026, 1666, 16507, 5589, 9295, 8389, 2099, 18653, 13808, 19147, 6675, 10970, 2788, 19028, 16983, 16166, 9845, 8160, 11381, 10088, 10333, 11716, 14695, 12697, 4365, 3747, 17296, 11904, 74, 7047, 10639, 13094, 940, 10478, 2032, 6642, 14896, 10840, 5430, 5556, 12597, 2183, 18403, 4252, 14613, 18283, 8790, 12140, 13540, 13353, 14114, 13297, 4056, 14038, 11299, 13770, 11433, 14285, 1526, 1955, 15711, 255, 12481, 612, 1635, 4886, 357, 11434, 9524, 13106, 2607, 5391, 9406, 2331, 624, 2749, 17849, 9829, 11436, 18426, 9481, 18550, 15647, 532, 11720, 11824, 15610, 15741, 7902, 13558, 17967, 14539, 17889, 4631, 1238, 16921, 7787, 15293, 3108, 8215, 2851, 4514, 12938, 16730, 17178, 4890, 17960, 4725, 7917, 3191, 8231, 16341, 8195, 10913, 2173, 5557, 2637, 16896, 5806, 1815, 1451, 8864, 2290, 12108, 5328, 6203, 2431, 7508, 17898, 17188, 6897, 1199, 15526, 18437, 6631, 8644, 16917, 14964, 14233, 2454, 584, 4830, 7199, 4180, 14889, 5761, 13756, 6917, 7756, 18880, 15095, 1816, 14070, 16252, 7429, 16589, 1631, 15968, 15221, 12478, 18594, 1477, 5637, 12058, 1205, 13397, 9107, 18654, 1968, 3759, 13147, 14144, 14973, 12452, 18020, 13592, 17920, 13687, 11335, 7207, 418, 7834, 778, 12982, 10688, 9031, 509, 9601, 9780, 17040, 12023, 3916, 91, 6536, 18535, 7547, 15240, 707, 14533, 15064, 17012, 16805, 8637, 5969, 16221, 1940, 13307, 4717, 12615, 18220, 11028, 12170, 1743, 2376, 12415, 14220, 18827, 1294, 18543, 6977, 15309, 11778, 11842, 17103, 3857, 4637, 12162, 19169, 17166, 18237, 17818, 9507, 19022, 5790, 19112, 15611, 1118, 15184, 18703, 1817, 15530, 16579, 8437, 11839, 11378, 3537, 9205, 9217, 16272, 18759, 16828, 12002, 8348, 1723, 3481, 14115, 379, 8544, 264, 6015, 7672, 2253, 7364, 3706, 13796, 17139, 16125, 12059, 9623, 7185, 2418, 18230, 3087, 281, 4379, 1796, 8459, 4400, 17824, 2736, 16446, 13525, 15341, 3275, 7872, 1662, 7557, 4319, 15442, 7181, 10456, 4963, 17048, 16943, 12784, 3441, 5240, 9975, 13216, 17702, 11594, 13554, 6165, 19168, 16070, 3540, 3262, 10661, 4061, 13173, 2875, 17014, 4349, 10818, 8428, 16764, 14232, 8930, 15734, 17680, 7069, 15684, 17050, 18987, 6914, 6863, 19263, 10595, 150, 10039, 2722, 18223, 16444, 6559, 7258, 2661, 7699, 17136, 12773, 4247, 5723, 15194, 1696, 1500, 2807, 9893, 11835, 13240, 18313, 17107, 10265, 10244, 5570, 2862, 14049, 1012, 12861, 723, 9583, 17461, 10056, 1264, 8297, 3716, 14666, 15259, 13531, 543, 13723, 16810, 6700, 3516, 13766, 7186, 10692, 6321, 15484, 14547, 8744, 3703, 10383, 16829, 6366, 6846, 3906, 2021, 18133, 857, 279, 12232, 10212, 10541, 12325, 13475, 1225, 937, 6966, 10881, 16936, 18502, 1440, 11914, 3326, 5633, 14913, 4623, 10743, 12361, 17335, 1072, 5043, 14810, 15077, 3255, 17215, 6553, 17852, 4801, 6962, 3060, 9430, 8799, 13824, 188, 15175, 15163, 4733, 5011, 3536, 17635, 6532, 14071, 6112, 17158, 6597, 11272, 105, 19219, 5013, 12483, 201, 6848, 17033, 6367, 7859, 14702, 18844, 7053, 18694, 15670, 636, 10129, 6378, 5369, 7273, 16247, 9142, 15345, 16817, 14854, 2600, 15783, 889, 11833, 6612, 2068, 2427, 7062, 7918, 16181, 5464, 8339, 8950, 8453, 16423, 6064, 2380, 4268, 13929, 12974, 19141, 1299, 2484, 3883, 3273, 8772, 13256, 11239, 5766, 18098, 12705, 11004, 2695, 10048, 10960, 2766, 15661, 13258, 8015, 6032, 16397, 7749, 19039, 7634, 15076, 4234, 15114, 8475, 8091, 19220, 18004, 9704, 13918, 15569, 16443, 10015, 9943, 7817, 9349, 2588, 8249, 398, 5316, 15538, 18372, 13559, 2937, 2803, 16248, 6155, 630, 9911, 13190, 19157, 15788, 13248, 13148, 1320, 12074, 8471, 8798, 3213, 12418, 814, 2402, 12718, 12397, 10564, 9875, 10128, 6947, 9491, 17707, 3266, 19196, 14309, 18523, 19043, 17975, 18063, 11618, 15016, 14434, 7680, 1739, 18029, 11694, 1745, 9271, 5189, 9561, 11283, 14978, 10753, 16017, 12914, 978, 2828, 17257, 13135, 5061, 121, 6602, 16015, 19271, 12159, 1244, 8260, 13195, 15873, 12815, 14291, 14515, 118, 4892, 14985, 9551, 12654, 4739, 927, 12176, 9523, 11726, 18187, 5880, 2569, 3386, 13942, 3390, 15774, 129, 65, 12922, 8422, 12692, 16213, 11515, 2111, 8347, 10758, 14064, 4401, 17782, 15621, 6709, 14716, 4091, 13964, 8424, 4218, 7249, 11311, 11171, 18564, 14755, 7114, 14009, 14815, 294, 495, 7684, 6833, 4046, 3505, 16995, 17858, 7761, 15803, 9840, 13958, 8226, 10369, 12497, 17142, 1748, 2854, 7159, 11539, 11055, 13337, 17173, 14214, 6803, 11144, 12649, 283, 15489, 13174, 7015, 610, 7030, 18206, 14077, 15468, 14962, 8046, 7809, 17387, 16034, 16678, 1173, 3502, 12942, 15655, 16859, 7099, 1673, 446, 1365, 5881, 3713, 11697, 1897, 16001, 1702, 14149, 11876, 9341, 4325, 6923, 2001, 138, 3276, 18716, 17604, 10501, 115, 12800, 6111, 11148, 4549, 16057, 4707, 6843, 16091, 4295, 7519, 13708, 12409, 11018, 5052, 13566, 14715, 12755, 793, 10837, 1888, 12375, 3935, 5763, 11791, 11258, 13264, 11469, 4683, 8905, 1853, 11600, 4421, 2798, 5074, 18141, 13807, 8595, 8126, 13837, 8060, 6956, 11767, 14560, 9389, 15261, 1232, 12560, 7262, 11504, 3546, 4627, 1177, 517, 4008, 9219, 17696, 4148, 14124, 13243, 11235, 7561, 8331, 16320, 3591, 11341, 4015, 12028, 14929, 18601, 3528, 14065, 1510, 19191, 13833, 17616, 10869, 17689, 831, 16725, 6319, 15465, 10467, 8162, 13563, 7728, 10778, 13545, 12290, 16480, 14401, 12838, 4212, 17529, 4832, 15111, 12690, 10373, 7596, 18614, 17477, 1043, 13100, 4774, 17479, 3774, 9302, 3901, 13071, 6412, 9516, 1261, 3054, 13522, 17602, 14343, 18500, 10957, 2791, 9624, 3634, 17904, 5709, 14670, 11058, 7087, 7435, 13848, 82, 5565, 2562, 14029, 3583, 1676, 12709, 18473, 3158, 12787, 8068, 8263, 16146, 3593, 1802, 1861, 3348, 4487, 17749, 6105, 10471, 17472, 10200, 1182, 14180, 1076, 10156, 4839, 9903, 4879, 9720, 2157, 15344, 16067, 3064, 17182, 5368, 4987, 18484, 18923, 11896, 1052, 15727, 15289, 5885, 1933, 5251, 17072, 6038, 6195, 13524, 6606, 18506, 17536, 6784, 3231, 14121, 8925, 10030, 803, 13764, 146, 19268, 14099, 4130, 16372, 1537, 12248, 13718, 17187, 11728, 1740, 19233, 5600, 4092, 4779, 6028, 3395, 16152, 19150, 2417, 11980, 11237, 8427, 18127, 3538, 9257, 607, 2078, 18457, 5802, 3435, 15019, 4256, 9221, 13465, 11742, 5788, 9528, 17493, 4607, 3131, 6616, 5356, 1550, 4617, 8827, 849, 2601, 4437, 17861, 10261, 15704, 3890, 8149, 12063, 3086, 15925, 12301, 6847, 5603, 7768, 3187, 13372, 9258, 6584, 7594, 2603, 1835, 17380, 17193, 15251, 15937, 18731, 4082, 14911, 16626, 8824, 16208, 10167, 17711, 9678, 15852, 13620, 16479, 14586, 2446, 4866, 1315, 7746, 10615, 7927, 2443, 7157, 13506, 18410, 10494]",4415,1500,3,False,1500
3829,email query,email query,15,True,True,True,"{21: 26, 33: 14, 2: 18, 29: 13, 25: 57, 43: 9, 57: 16, 49: 16, 61: 14, 67: 52, 65: 21, 50: 28, 15: 53, 6: 13, 46: 15, 27: 69, 7: 65, 48: 67, 19: 21, 31: 14, 63: 26, 22: 39, 9: 79, 26: 40, 47: 15, 53: 66, 11: 19, 51: 26, 54: 9, 13: 32, 17: 37, 52: 30, 39: 27, 38: 19, 1: 6, 59: 33, 56: 23, 32: 9, 8: 25, 4: 12, 20: 26, 24: 7, 18: 31, 42: 7, 28: 31, 45: 57, 0: 13, 66: 11, 62: 11, 35: 7, 64: 15, 37: 2, 40: 25, 3: 3, 14: 5, 12: 8, 16: 15, 55: 16, 30: 13, 58: 6, 36: 4, 60: 5, 5: 3, 41: 2, 44: 2, 34: 2}","[12686, 3384, 6034, 14374, 14516, 14680, 18580, 5912, 661, 4433, 14182, 14634, 14672, 13694, 17233, 12320, 12666, 7276, 14925, 15315, 1125, 14820, 3769, 14096, 12401, 14972, 14176, 4685, 4278, 5735, 7514, 16051, 15882, 4696, 17145, 19193, 12994, 9901, 13641, 15193, 6739, 9240, 1608, 14664, 18117, 5676, 15714, 5964, 5329, 16651, 15936, 14441, 15878, 18316, 14255, 18692, 5858, 4640, 10716, 13839, 16635, 2097, 11464, 12427, 2320, 14629, 7617, 16183, 16205, 2170, 4384, 6683, 5285, 18707, 6780, 4231, 2404, 4895, 18091, 2944, 13054, 3904, 3491, 9455, 15985, 10432, 8657, 15304, 9114, 5838, 5197, 17244, 6207, 3970, 17246, 3950, 6168, 8697, 6800, 9942, 11118, 8582, 6355, 15275, 4581, 12724, 11921, 1833, 523, 7619, 15729, 176, 8576, 3101, 1573, 1283, 11796, 11277, 2547, 1738, 6806, 15187, 7129, 5179, 5854, 16373, 9231, 6270, 777, 2062, 13249, 4144, 6325, 3924, 5350, 14414, 3142, 2249, 6444, 13582, 2833, 18030, 6483, 18404, 15057, 7482, 15001, 15872, 14584, 10835, 954, 7257, 1381, 17819, 17518, 6497, 14430, 4901, 16466, 10805, 132, 7506, 755, 14427, 12119, 16613, 19042, 14994, 11257, 8042, 2144, 5966, 1580, 8010, 2550, 10684, 14088, 5037, 8764, 17076, 14185, 15984, 5299, 16601, 19182, 13197, 14561, 12605, 17010, 2703, 6715, 11207, 10188, 212, 2293, 17676, 1720, 5934, 112, 8568, 15870, 3226, 4524, 4431, 5141, 5383, 7609, 12807, 19001, 14368, 6704, 14903, 4172, 117, 18698, 1699, 16558, 7518, 10618, 2110, 10308, 7828, 6623, 17644, 4449, 951, 13858, 15106, 8402, 916, 4771, 8608, 6448, 6656, 13547, 2814, 8336, 8093, 6398, 637, 9909, 10621, 786, 14146, 17292, 9457, 3, 2884, 14785, 10504, 16361, 8181, 17690, 654, 11067, 18741, 386, 18208, 10130, 8079, 7082, 14740, 8076, 18619, 14428, 10992, 12679, 9431, 18328, 13606, 7641, 13542, 1002, 11975, 15646, 19078, 1352, 8683, 16053, 11763, 14823, 7059, 4995, 3754, 6213, 10090, 19084, 1973, 8131, 5353, 836, 13960, 3217, 4885, 9645, 16941, 14750, 13171, 9132, 1355, 4440, 15747, 8233, 6008, 12781, 16749, 13905, 18198, 5033, 2910, 16502, 1233, 965, 16926, 3944, 13518, 18213, 12739, 9972, 14609, 5764, 6128, 9532, 12680, 3672, 5458, 6822, 11547, 3163, 8040, 14081, 8369, 18182, 17541, 11552, 12451, 15074, 1783, 17730, 1690, 16992, 2490, 2459, 18065, 320, 18311, 45, 9495, 4572, 544, 12731, 16811, 15096, 14957, 4594, 16607, 2449, 7791, 13659, 8892, 1713, 17336, 6598, 13832, 10495, 18937, 3067, 3473, 12715, 13492, 14787, 16503, 17899, 16638, 2408, 7141, 10590, 2917, 14650, 12571, 4321, 2855, 1829, 3736, 3381, 11069, 16093, 15201, 14311, 9836, 18289, 16899, 897, 13981, 12223, 8884, 15721, 7778, 13648, 5737, 6550, 19249, 2715, 447, 12941, 8915, 18963, 16291, 760, 5869, 3635, 3439, 6740, 5003, 3174, 2945, 16056, 4860, 11216, 7363, 1147, 12124, 9764, 11245, 4361, 7784, 16285, 17057, 11203, 5114, 17655, 12056, 17890, 7741, 15799, 10258, 16088, 19222, 15303, 1433, 5991, 322, 2322, 3156, 9940, 7814, 17068, 16968, 10018, 1991, 11946, 8705, 10371, 4619, 11074, 2034, 15550, 11743, 18666, 13494, 14175, 13948, 15123, 11154, 10397, 1701, 4770, 839, 12085, 16500, 16241, 1535, 18782, 2221, 539, 18405, 4245, 103, 1571, 16945, 12196, 9441, 1732, 1367, 3596, 4794, 7230, 5245, 17483, 2955, 2003, 11509, 4044, 12934, 3456, 16693, 593, 4582, 14076, 10972, 1965, 7227, 14324, 8658, 3772, 8355, 11889, 1908, 2684, 10026, 1666, 16507, 5589, 9295, 8389, 2099, 18653, 13808, 19147, 6675, 10970, 2788, 19028, 16983, 16166, 9845, 8160, 11381, 10088, 10333, 11716, 14695, 12697, 4365, 3747, 17296, 11904, 74, 7047, 10639, 13094, 940, 10478, 2032, 6642, 14896, 10840, 5430, 5556, 12597, 2183, 18403, 4252, 14613, 18283, 8790, 12140, 13540, 13353, 14114, 13297, 4056, 14038, 11299, 13770, 11433, 14285, 1526, 1955, 15711, 255, 12481, 612, 1635, 4886, 357, 11434, 9524, 13106, 2607, 5391, 9406, 2331, 624, 2749, 17849, 9829, 11436, 18426, 9481, 18550, 15647, 532, 11720, 11824, 15610, 15741, 7902, 13558, 17967, 14539, 17889, 4631, 1238, 16921, 7787, 15293, 3108, 8215, 2851, 4514, 12938, 16730, 17178, 4890, 17960, 4725, 7917, 3191, 8231, 16341, 8195, 10913, 2173, 5557, 2637, 16896, 5806, 1815, 1451, 8864, 2290, 12108, 5328, 6203, 2431, 7508, 17898, 17188, 6897, 1199, 15526, 18437, 6631, 8644, 16917, 14964, 14233, 2454, 584, 4830, 7199, 4180, 14889, 5761, 13756, 6917, 7756, 18880, 15095, 1816, 14070, 16252, 7429, 16589, 1631, 15968, 15221, 12478, 18594, 1477, 5637, 12058, 1205, 13397, 9107, 18654, 1968, 3759, 13147, 14144, 14973, 12452, 18020, 13592, 17920, 13687, 11335, 7207, 418, 7834, 778, 12982, 10688, 9031, 509, 9601, 9780, 17040, 12023, 3916, 91, 6536, 18535, 7547, 15240, 707, 14533, 15064, 17012, 16805, 8637, 5969, 16221, 1940, 13307, 4717, 12615, 18220, 11028, 12170, 1743, 2376, 12415, 14220, 18827, 1294, 18543, 6977, 15309, 11778, 11842, 17103, 3857, 4637, 12162, 19169, 17166, 18237, 17818, 9507, 19022, 5790, 19112, 15611, 1118, 15184, 18703, 1817, 15530, 16579, 8437, 11839, 11378, 3537, 9205, 9217, 16272, 18759, 16828, 12002, 8348, 1723, 3481, 14115, 379, 8544, 264, 6015, 7672, 2253, 7364, 3706, 13796, 17139, 16125, 12059, 9623, 7185, 2418, 18230, 3087, 281, 4379, 1796, 8459, 4400, 17824, 2736, 16446, 13525, 15341, 3275, 7872, 1662, 7557, 4319, 15442, 7181, 10456, 4963, 17048, 16943, 12784, 3441, 5240, 9975, 13216, 17702, 11594, 13554, 6165, 19168, 16070, 3540, 3262, 10661, 4061, 13173, 2875, 17014, 4349, 10818, 8428, 16764, 14232, 8930, 15734, 17680, 7069, 15684, 17050, 18987, 6914, 6863, 19263, 10595, 150, 10039, 2722, 18223, 16444, 6559, 7258, 2661, 7699, 17136, 12773, 4247, 5723, 15194, 1696, 1500, 2807, 9893, 11835, 13240, 18313, 17107, 10265, 10244, 5570, 2862, 14049, 1012, 12861, 723, 9583, 17461, 10056, 1264, 8297, 3716, 14666, 15259, 13531, 543, 13723, 16810, 6700, 3516, 13766, 7186, 10692, 6321, 15484, 14547, 8744, 3703, 10383, 16829, 6366, 6846, 3906, 2021, 18133, 857, 279, 12232, 10212, 10541, 12325, 13475, 1225, 937, 6966, 10881, 16936, 18502, 1440, 11914, 3326, 5633, 14913, 4623, 10743, 12361, 17335, 1072, 5043, 14810, 15077, 3255, 17215, 6553, 17852, 4801, 6962, 3060, 9430, 8799, 13824, 188, 15175, 15163, 4733, 5011, 3536, 17635, 6532, 14071, 6112, 17158, 6597, 11272, 105, 19219, 5013, 12483, 201, 6848, 17033, 6367, 7859, 14702, 18844, 7053, 18694, 15670, 636, 10129, 6378, 5369, 7273, 16247, 9142, 15345, 16817, 14854, 2600, 15783, 889, 11833, 6612, 2068, 2427, 7062, 7918, 16181, 5464, 8339, 8950, 8453, 16423, 6064, 2380, 4268, 13929, 12974, 19141, 1299, 2484, 3883, 3273, 8772, 13256, 11239, 5766, 18098, 12705, 11004, 2695, 10048, 10960, 2766, 15661, 13258, 8015, 6032, 16397, 7749, 19039, 7634, 15076, 4234, 15114, 8475, 8091, 19220, 18004, 9704, 13918, 15569, 16443, 10015, 9943, 7817, 9349, 2588, 8249, 398, 5316, 15538, 18372, 13559, 2937, 2803, 16248, 6155, 630, 9911, 13190, 19157, 15788, 13248, 13148, 1320, 12074, 8471, 8798, 3213, 12418, 814, 2402, 12718, 12397, 10564, 9875, 10128, 6947, 9491, 17707, 3266, 19196, 14309, 18523, 19043, 17975, 18063, 11618, 15016, 14434, 7680, 1739, 18029, 11694, 1745, 9271, 5189, 9561, 11283, 14978, 10753, 16017, 12914, 978, 2828, 17257, 13135, 5061, 121, 6602, 16015, 19271, 12159, 1244, 8260, 13195, 15873, 12815, 14291, 14515, 118, 4892, 14985, 9551, 12654, 4739, 927, 12176, 9523, 11726, 18187, 5880, 2569, 3386, 13942, 3390, 15774, 129, 65, 12922, 8422, 12692, 16213, 11515, 2111, 8347, 10758, 14064, 4401, 17782, 15621, 6709, 14716, 4091, 13964, 8424, 4218, 7249, 11311, 11171, 18564, 14755, 7114, 14009, 14815, 294, 495, 7684, 6833, 4046, 3505, 16995, 17858, 7761, 15803, 9840, 13958, 8226, 10369, 12497, 17142, 1748, 2854, 7159, 11539, 11055, 13337, 17173, 14214, 6803, 11144, 12649, 283, 15489, 13174, 7015, 610, 7030, 18206, 14077, 15468, 14962, 8046, 7809, 17387, 16034, 16678, 1173, 3502, 12942, 15655, 16859, 7099, 1673, 446, 1365, 5881, 3713, 11697, 1897, 16001, 1702, 14149, 11876, 9341, 4325, 6923, 2001, 138, 3276, 18716, 17604, 10501, 115, 12800, 6111, 11148, 4549, 16057, 4707, 6843, 16091, 4295, 7519, 13708, 12409, 11018, 5052, 13566, 14715, 12755, 793, 10837, 1888, 12375, 3935, 5763, 11791, 11258, 13264, 11469, 4683, 8905, 1853, 11600, 4421, 2798, 5074, 18141, 13807, 8595, 8126, 13837, 8060, 6956, 11767, 14560, 9389, 15261, 1232, 12560, 7262, 11504, 3546, 4627, 1177, 517, 4008, 9219, 17696, 4148, 14124, 13243, 11235, 7561, 8331, 16320, 3591, 11341, 4015, 12028, 14929, 18601, 3528, 14065, 1510, 19191, 13833, 17616, 10869, 17689, 831, 16725, 6319, 15465, 10467, 8162, 13563, 7728, 10778, 13545, 12290, 16480, 14401, 12838, 4212, 17529, 4832, 15111, 12690, 10373, 7596, 18614, 17477, 1043, 13100, 4774, 17479, 3774, 9302, 3901, 13071, 6412, 9516, 1261, 3054, 13522, 17602, 14343, 18500, 10957, 2791, 9624, 3634, 17904, 5709, 14670, 11058, 7087, 7435, 13848, 82, 5565, 2562, 14029, 3583, 1676, 12709, 18473, 3158, 12787, 8068, 8263, 16146, 3593, 1802, 1861, 3348, 4487, 17749, 6105, 10471, 17472, 10200, 1182, 14180, 1076, 10156, 4839, 9903, 4879, 9720, 2157, 15344, 16067, 3064, 17182, 5368, 4987, 18484, 18923, 11896, 1052, 15727, 15289, 5885, 1933, 5251, 17072, 6038, 6195, 13524, 6606, 18506, 17536, 6784, 3231, 14121, 8925, 10030, 803, 13764, 146, 19268, 14099, 4130, 16372, 1537, 12248, 13718, 17187, 11728, 1740, 19233, 5600, 4092, 4779, 6028, 3395, 16152, 19150, 2417, 11980, 11237, 8427, 18127, 3538, 9257, 607, 2078, 18457, 5802, 3435, 15019, 4256, 9221, 13465, 11742, 5788, 9528, 17493, 4607, 3131, 6616, 5356, 1550, 4617, 8827, 849, 2601, 4437, 17861, 10261, 15704, 3890, 8149, 12063, 3086, 15925, 12301, 6847, 5603, 7768, 3187, 13372, 9258, 6584, 7594, 2603, 1835, 17380, 17193, 15251, 15937, 18731, 4082, 14911, 16626, 8824, 16208, 10167, 17711, 9678, 15852, 13620, 16479, 14586, 2446, 4866, 1315, 7746, 10615, 7927, 2443, 7157, 13506, 18410, 10494]",3829,1500,3,False,1500
975,calendar set,calendar set,9,True,True,True,"{21: 26, 33: 14, 2: 18, 29: 13, 25: 57, 43: 9, 57: 16, 49: 16, 61: 14, 67: 52, 65: 21, 50: 28, 15: 53, 6: 13, 46: 15, 27: 69, 7: 65, 48: 67, 19: 21, 31: 14, 63: 26, 22: 39, 9: 79, 26: 40, 47: 15, 53: 66, 11: 19, 51: 26, 54: 9, 13: 32, 17: 37, 52: 30, 39: 27, 38: 19, 1: 6, 59: 33, 56: 23, 32: 9, 8: 25, 4: 12, 20: 26, 24: 7, 18: 31, 42: 7, 28: 31, 45: 57, 0: 13, 66: 11, 62: 11, 35: 7, 64: 15, 37: 2, 40: 25, 3: 3, 14: 5, 12: 8, 16: 15, 55: 16, 30: 13, 58: 6, 36: 4, 60: 5, 5: 3, 41: 2, 44: 2, 34: 2}","[12686, 3384, 6034, 14374, 14516, 14680, 18580, 5912, 661, 4433, 14182, 14634, 14672, 13694, 17233, 12320, 12666, 7276, 14925, 15315, 1125, 14820, 3769, 14096, 12401, 14972, 14176, 4685, 4278, 5735, 7514, 16051, 15882, 4696, 17145, 19193, 12994, 9901, 13641, 15193, 6739, 9240, 1608, 14664, 18117, 5676, 15714, 5964, 5329, 16651, 15936, 14441, 15878, 18316, 14255, 18692, 5858, 4640, 10716, 13839, 16635, 2097, 11464, 12427, 2320, 14629, 7617, 16183, 16205, 2170, 4384, 6683, 5285, 18707, 6780, 4231, 2404, 4895, 18091, 2944, 13054, 3904, 3491, 9455, 15985, 10432, 8657, 15304, 9114, 5838, 5197, 17244, 6207, 3970, 17246, 3950, 6168, 8697, 6800, 9942, 11118, 8582, 6355, 15275, 4581, 12724, 11921, 1833, 523, 7619, 15729, 176, 8576, 3101, 1573, 1283, 11796, 11277, 2547, 1738, 6806, 15187, 7129, 5179, 5854, 16373, 9231, 6270, 777, 2062, 13249, 4144, 6325, 3924, 5350, 14414, 3142, 2249, 6444, 13582, 2833, 18030, 6483, 18404, 15057, 7482, 15001, 15872, 14584, 10835, 954, 7257, 1381, 17819, 17518, 6497, 14430, 4901, 16466, 10805, 132, 7506, 755, 14427, 12119, 16613, 19042, 14994, 11257, 8042, 2144, 5966, 1580, 8010, 2550, 10684, 14088, 5037, 8764, 17076, 14185, 15984, 5299, 16601, 19182, 13197, 14561, 12605, 17010, 2703, 6715, 11207, 10188, 212, 2293, 17676, 1720, 5934, 112, 8568, 15870, 3226, 4524, 4431, 5141, 5383, 7609, 12807, 19001, 14368, 6704, 14903, 4172, 117, 18698, 1699, 16558, 7518, 10618, 2110, 10308, 7828, 6623, 17644, 4449, 951, 13858, 15106, 8402, 916, 4771, 8608, 6448, 6656, 13547, 2814, 8336, 8093, 6398, 637, 9909, 10621, 786, 14146, 17292, 9457, 3, 2884, 14785, 10504, 16361, 8181, 17690, 654, 11067, 18741, 386, 18208, 10130, 8079, 7082, 14740, 8076, 18619, 14428, 10992, 12679, 9431, 18328, 13606, 7641, 13542, 1002, 11975, 15646, 19078, 1352, 8683, 16053, 11763, 14823, 7059, 4995, 3754, 6213, 10090, 19084, 1973, 8131, 5353, 836, 13960, 3217, 4885, 9645, 16941, 14750, 13171, 9132, 1355, 4440, 15747, 8233, 6008, 12781, 16749, 13905, 18198, 5033, 2910, 16502, 1233, 965, 16926, 3944, 13518, 18213, 12739, 9972, 14609, 5764, 6128, 9532, 12680, 3672, 5458, 6822, 11547, 3163, 8040, 14081, 8369, 18182, 17541, 11552, 12451, 15074, 1783, 17730, 1690, 16992, 2490, 2459, 18065, 320, 18311, 45, 9495, 4572, 544, 12731, 16811, 15096, 14957, 4594, 16607, 2449, 7791, 13659, 8892, 1713, 17336, 6598, 13832, 10495, 18937, 3067, 3473, 12715, 13492, 14787, 16503, 17899, 16638, 2408, 7141, 10590, 2917, 14650, 12571, 4321, 2855, 1829, 3736, 3381, 11069, 16093, 15201, 14311, 9836, 18289, 16899, 897, 13981, 12223, 8884, 15721, 7778, 13648, 5737, 6550, 19249, 2715, 447, 12941, 8915, 18963, 16291, 760, 5869, 3635, 3439, 6740, 5003, 3174, 2945, 16056, 4860, 11216, 7363, 1147, 12124, 9764, 11245, 4361, 7784, 16285, 17057, 11203, 5114, 17655, 12056, 17890, 7741, 15799, 10258, 16088, 19222, 15303, 1433, 5991, 322, 2322, 3156, 9940, 7814, 17068, 16968, 10018, 1991, 11946, 8705, 10371, 4619, 11074, 2034, 15550, 11743, 18666, 13494, 14175, 13948, 15123, 11154, 10397, 1701, 4770, 839, 12085, 16500, 16241, 1535, 18782, 2221, 539, 18405, 4245, 103, 1571, 16945, 12196, 9441, 1732, 1367, 3596, 4794, 7230, 5245, 17483, 2955, 2003, 11509, 4044, 12934, 3456, 16693, 593, 4582, 14076, 10972, 1965, 7227, 14324, 8658, 3772, 8355, 11889, 1908, 2684, 10026, 1666, 16507, 5589, 9295, 8389, 2099, 18653, 13808, 19147, 6675, 10970, 2788, 19028, 16983, 16166, 9845, 8160, 11381, 10088, 10333, 11716, 14695, 12697, 4365, 3747, 17296, 11904, 74, 7047, 10639, 13094, 940, 10478, 2032, 6642, 14896, 10840, 5430, 5556, 12597, 2183, 18403, 4252, 14613, 18283, 8790, 12140, 13540, 13353, 14114, 13297, 4056, 14038, 11299, 13770, 11433, 14285, 1526, 1955, 15711, 255, 12481, 612, 1635, 4886, 357, 11434, 9524, 13106, 2607, 5391, 9406, 2331, 624, 2749, 17849, 9829, 11436, 18426, 9481, 18550, 15647, 532, 11720, 11824, 15610, 15741, 7902, 13558, 17967, 14539, 17889, 4631, 1238, 16921, 7787, 15293, 3108, 8215, 2851, 4514, 12938, 16730, 17178, 4890, 17960, 4725, 7917, 3191, 8231, 16341, 8195, 10913, 2173, 5557, 2637, 16896, 5806, 1815, 1451, 8864, 2290, 12108, 5328, 6203, 2431, 7508, 17898, 17188, 6897, 1199, 15526, 18437, 6631, 8644, 16917, 14964, 14233, 2454, 584, 4830, 7199, 4180, 14889, 5761, 13756, 6917, 7756, 18880, 15095, 1816, 14070, 16252, 7429, 16589, 1631, 15968, 15221, 12478, 18594, 1477, 5637, 12058, 1205, 13397, 9107, 18654, 1968, 3759, 13147, 14144, 14973, 12452, 18020, 13592, 17920, 13687, 11335, 7207, 418, 7834, 778, 12982, 10688, 9031, 509, 9601, 9780, 17040, 12023, 3916, 91, 6536, 18535, 7547, 15240, 707, 14533, 15064, 17012, 16805, 8637, 5969, 16221, 1940, 13307, 4717, 12615, 18220, 11028, 12170, 1743, 2376, 12415, 14220, 18827, 1294, 18543, 6977, 15309, 11778, 11842, 17103, 3857, 4637, 12162, 19169, 17166, 18237, 17818, 9507, 19022, 5790, 19112, 15611, 1118, 15184, 18703, 1817, 15530, 16579, 8437, 11839, 11378, 3537, 9205, 9217, 16272, 18759, 16828, 12002, 8348, 1723, 3481, 14115, 379, 8544, 264, 6015, 7672, 2253, 7364, 3706, 13796, 17139, 16125, 12059, 9623, 7185, 2418, 18230, 3087, 281, 4379, 1796, 8459, 4400, 17824, 2736, 16446, 13525, 15341, 3275, 7872, 1662, 7557, 4319, 15442, 7181, 10456, 4963, 17048, 16943, 12784, 3441, 5240, 9975, 13216, 17702, 11594, 13554, 6165, 19168, 16070, 3540, 3262, 10661, 4061, 13173, 2875, 17014, 4349, 10818, 8428, 16764, 14232, 8930, 15734, 17680, 7069, 15684, 17050, 18987, 6914, 6863, 19263, 10595, 150, 10039, 2722, 18223, 16444, 6559, 7258, 2661, 7699, 17136, 12773, 4247, 5723, 15194, 1696, 1500, 2807, 9893, 11835, 13240, 18313, 17107, 10265, 10244, 5570, 2862, 14049, 1012, 12861, 723, 9583, 17461, 10056, 1264, 8297, 3716, 14666, 15259, 13531, 543, 13723, 16810, 6700, 3516, 13766, 7186, 10692, 6321, 15484, 14547, 8744, 3703, 10383, 16829, 6366, 6846, 3906, 2021, 18133, 857, 279, 12232, 10212, 10541, 12325, 13475, 1225, 937, 6966, 10881, 16936, 18502, 1440, 11914, 3326, 5633, 14913, 4623, 10743, 12361, 17335, 1072, 5043, 14810, 15077, 3255, 17215, 6553, 17852, 4801, 6962, 3060, 9430, 8799, 13824, 188, 15175, 15163, 4733, 5011, 3536, 17635, 6532, 14071, 6112, 17158, 6597, 11272, 105, 19219, 5013, 12483, 201, 6848, 17033, 6367, 7859, 14702, 18844, 7053, 18694, 15670, 636, 10129, 6378, 5369, 7273, 16247, 9142, 15345, 16817, 14854, 2600, 15783, 889, 11833, 6612, 2068, 2427, 7062, 7918, 16181, 5464, 8339, 8950, 8453, 16423, 6064, 2380, 4268, 13929, 12974, 19141, 1299, 2484, 3883, 3273, 8772, 13256, 11239, 5766, 18098, 12705, 11004, 2695, 10048, 10960, 2766, 15661, 13258, 8015, 6032, 16397, 7749, 19039, 7634, 15076, 4234, 15114, 8475, 8091, 19220, 18004, 9704, 13918, 15569, 16443, 10015, 9943, 7817, 9349, 2588, 8249, 398, 5316, 15538, 18372, 13559, 2937, 2803, 16248, 6155, 630, 9911, 13190, 19157, 15788, 13248, 13148, 1320, 12074, 8471, 8798, 3213, 12418, 814, 2402, 12718, 12397, 10564, 9875, 10128, 6947, 9491, 17707, 3266, 19196, 14309, 18523, 19043, 17975, 18063, 11618, 15016, 14434, 7680, 1739, 18029, 11694, 1745, 9271, 5189, 9561, 11283, 14978, 10753, 16017, 12914, 978, 2828, 17257, 13135, 5061, 121, 6602, 16015, 19271, 12159, 1244, 8260, 13195, 15873, 12815, 14291, 14515, 118, 4892, 14985, 9551, 12654, 4739, 927, 12176, 9523, 11726, 18187, 5880, 2569, 3386, 13942, 3390, 15774, 129, 65, 12922, 8422, 12692, 16213, 11515, 2111, 8347, 10758, 14064, 4401, 17782, 15621, 6709, 14716, 4091, 13964, 8424, 4218, 7249, 11311, 11171, 18564, 14755, 7114, 14009, 14815, 294, 495, 7684, 6833, 4046, 3505, 16995, 17858, 7761, 15803, 9840, 13958, 8226, 10369, 12497, 17142, 1748, 2854, 7159, 11539, 11055, 13337, 17173, 14214, 6803, 11144, 12649, 283, 15489, 13174, 7015, 610, 7030, 18206, 14077, 15468, 14962, 8046, 7809, 17387, 16034, 16678, 1173, 3502, 12942, 15655, 16859, 7099, 1673, 446, 1365, 5881, 3713, 11697, 1897, 16001, 1702, 14149, 11876, 9341, 4325, 6923, 2001, 138, 3276, 18716, 17604, 10501, 115, 12800, 6111, 11148, 4549, 16057, 4707, 6843, 16091, 4295, 7519, 13708, 12409, 11018, 5052, 13566, 14715, 12755, 793, 10837, 1888, 12375, 3935, 5763, 11791, 11258, 13264, 11469, 4683, 8905, 1853, 11600, 4421, 2798, 5074, 18141, 13807, 8595, 8126, 13837, 8060, 6956, 11767, 14560, 9389, 15261, 1232, 12560, 7262, 11504, 3546, 4627, 1177, 517, 4008, 9219, 17696, 4148, 14124, 13243, 11235, 7561, 8331, 16320, 3591, 11341, 4015, 12028, 14929, 18601, 3528, 14065, 1510, 19191, 13833, 17616, 10869, 17689, 831, 16725, 6319, 15465, 10467, 8162, 13563, 7728, 10778, 13545, 12290, 16480, 14401, 12838, 4212, 17529, 4832, 15111, 12690, 10373, 7596, 18614, 17477, 1043, 13100, 4774, 17479, 3774, 9302, 3901, 13071, 6412, 9516, 1261, 3054, 13522, 17602, 14343, 18500, 10957, 2791, 9624, 3634, 17904, 5709, 14670, 11058, 7087, 7435, 13848, 82, 5565, 2562, 14029, 3583, 1676, 12709, 18473, 3158, 12787, 8068, 8263, 16146, 3593, 1802, 1861, 3348, 4487, 17749, 6105, 10471, 17472, 10200, 1182, 14180, 1076, 10156, 4839, 9903, 4879, 9720, 2157, 15344, 16067, 3064, 17182, 5368, 4987, 18484, 18923, 11896, 1052, 15727, 15289, 5885, 1933, 5251, 17072, 6038, 6195, 13524, 6606, 18506, 17536, 6784, 3231, 14121, 8925, 10030, 803, 13764, 146, 19268, 14099, 4130, 16372, 1537, 12248, 13718, 17187, 11728, 1740, 19233, 5600, 4092, 4779, 6028, 3395, 16152, 19150, 2417, 11980, 11237, 8427, 18127, 3538, 9257, 607, 2078, 18457, 5802, 3435, 15019, 4256, 9221, 13465, 11742, 5788, 9528, 17493, 4607, 3131, 6616, 5356, 1550, 4617, 8827, 849, 2601, 4437, 17861, 10261, 15704, 3890, 8149, 12063, 3086, 15925, 12301, 6847, 5603, 7768, 3187, 13372, 9258, 6584, 7594, 2603, 1835, 17380, 17193, 15251, 15937, 18731, 4082, 14911, 16626, 8824, 16208, 10167, 17711, 9678, 15852, 13620, 16479, 14586, 2446, 4866, 1315, 7746, 10615, 7927, 2443, 7157, 13506, 18410, 10494]",975,1500,3,False,1500
2934,lists query,lists query,39,True,True,True,"{21: 26, 33: 14, 2: 18, 29: 13, 25: 57, 43: 9, 57: 16, 49: 16, 61: 14, 67: 52, 65: 21, 50: 28, 15: 53, 6: 13, 46: 15, 27: 69, 7: 65, 48: 67, 19: 21, 31: 14, 63: 26, 22: 39, 9: 79, 26: 40, 47: 15, 53: 66, 11: 19, 51: 26, 54: 9, 13: 32, 17: 37, 52: 30, 39: 27, 38: 19, 1: 6, 59: 33, 56: 23, 32: 9, 8: 25, 4: 12, 20: 26, 24: 7, 18: 31, 42: 7, 28: 31, 45: 57, 0: 13, 66: 11, 62: 11, 35: 7, 64: 15, 37: 2, 40: 25, 3: 3, 14: 5, 12: 8, 16: 15, 55: 16, 30: 13, 58: 6, 36: 4, 60: 5, 5: 3, 41: 2, 44: 2, 34: 2}","[12686, 3384, 6034, 14374, 14516, 14680, 18580, 5912, 661, 4433, 14182, 14634, 14672, 13694, 17233, 12320, 12666, 7276, 14925, 15315, 1125, 14820, 3769, 14096, 12401, 14972, 14176, 4685, 4278, 5735, 7514, 16051, 15882, 4696, 17145, 19193, 12994, 9901, 13641, 15193, 6739, 9240, 1608, 14664, 18117, 5676, 15714, 5964, 5329, 16651, 15936, 14441, 15878, 18316, 14255, 18692, 5858, 4640, 10716, 13839, 16635, 2097, 11464, 12427, 2320, 14629, 7617, 16183, 16205, 2170, 4384, 6683, 5285, 18707, 6780, 4231, 2404, 4895, 18091, 2944, 13054, 3904, 3491, 9455, 15985, 10432, 8657, 15304, 9114, 5838, 5197, 17244, 6207, 3970, 17246, 3950, 6168, 8697, 6800, 9942, 11118, 8582, 6355, 15275, 4581, 12724, 11921, 1833, 523, 7619, 15729, 176, 8576, 3101, 1573, 1283, 11796, 11277, 2547, 1738, 6806, 15187, 7129, 5179, 5854, 16373, 9231, 6270, 777, 2062, 13249, 4144, 6325, 3924, 5350, 14414, 3142, 2249, 6444, 13582, 2833, 18030, 6483, 18404, 15057, 7482, 15001, 15872, 14584, 10835, 954, 7257, 1381, 17819, 17518, 6497, 14430, 4901, 16466, 10805, 132, 7506, 755, 14427, 12119, 16613, 19042, 14994, 11257, 8042, 2144, 5966, 1580, 8010, 2550, 10684, 14088, 5037, 8764, 17076, 14185, 15984, 5299, 16601, 19182, 13197, 14561, 12605, 17010, 2703, 6715, 11207, 10188, 212, 2293, 17676, 1720, 5934, 112, 8568, 15870, 3226, 4524, 4431, 5141, 5383, 7609, 12807, 19001, 14368, 6704, 14903, 4172, 117, 18698, 1699, 16558, 7518, 10618, 2110, 10308, 7828, 6623, 17644, 4449, 951, 13858, 15106, 8402, 916, 4771, 8608, 6448, 6656, 13547, 2814, 8336, 8093, 6398, 637, 9909, 10621, 786, 14146, 17292, 9457, 3, 2884, 14785, 10504, 16361, 8181, 17690, 654, 11067, 18741, 386, 18208, 10130, 8079, 7082, 14740, 8076, 18619, 14428, 10992, 12679, 9431, 18328, 13606, 7641, 13542, 1002, 11975, 15646, 19078, 1352, 8683, 16053, 11763, 14823, 7059, 4995, 3754, 6213, 10090, 19084, 1973, 8131, 5353, 836, 13960, 3217, 4885, 9645, 16941, 14750, 13171, 9132, 1355, 4440, 15747, 8233, 6008, 12781, 16749, 13905, 18198, 5033, 2910, 16502, 1233, 965, 16926, 3944, 13518, 18213, 12739, 9972, 14609, 5764, 6128, 9532, 12680, 3672, 5458, 6822, 11547, 3163, 8040, 14081, 8369, 18182, 17541, 11552, 12451, 15074, 1783, 17730, 1690, 16992, 2490, 2459, 18065, 320, 18311, 45, 9495, 4572, 544, 12731, 16811, 15096, 14957, 4594, 16607, 2449, 7791, 13659, 8892, 1713, 17336, 6598, 13832, 10495, 18937, 3067, 3473, 12715, 13492, 14787, 16503, 17899, 16638, 2408, 7141, 10590, 2917, 14650, 12571, 4321, 2855, 1829, 3736, 3381, 11069, 16093, 15201, 14311, 9836, 18289, 16899, 897, 13981, 12223, 8884, 15721, 7778, 13648, 5737, 6550, 19249, 2715, 447, 12941, 8915, 18963, 16291, 760, 5869, 3635, 3439, 6740, 5003, 3174, 2945, 16056, 4860, 11216, 7363, 1147, 12124, 9764, 11245, 4361, 7784, 16285, 17057, 11203, 5114, 17655, 12056, 17890, 7741, 15799, 10258, 16088, 19222, 15303, 1433, 5991, 322, 2322, 3156, 9940, 7814, 17068, 16968, 10018, 1991, 11946, 8705, 10371, 4619, 11074, 2034, 15550, 11743, 18666, 13494, 14175, 13948, 15123, 11154, 10397, 1701, 4770, 839, 12085, 16500, 16241, 1535, 18782, 2221, 539, 18405, 4245, 103, 1571, 16945, 12196, 9441, 1732, 1367, 3596, 4794, 7230, 5245, 17483, 2955, 2003, 11509, 4044, 12934, 3456, 16693, 593, 4582, 14076, 10972, 1965, 7227, 14324, 8658, 3772, 8355, 11889, 1908, 2684, 10026, 1666, 16507, 5589, 9295, 8389, 2099, 18653, 13808, 19147, 6675, 10970, 2788, 19028, 16983, 16166, 9845, 8160, 11381, 10088, 10333, 11716, 14695, 12697, 4365, 3747, 17296, 11904, 74, 7047, 10639, 13094, 940, 10478, 2032, 6642, 14896, 10840, 5430, 5556, 12597, 2183, 18403, 4252, 14613, 18283, 8790, 12140, 13540, 13353, 14114, 13297, 4056, 14038, 11299, 13770, 11433, 14285, 1526, 1955, 15711, 255, 12481, 612, 1635, 4886, 357, 11434, 9524, 13106, 2607, 5391, 9406, 2331, 624, 2749, 17849, 9829, 11436, 18426, 9481, 18550, 15647, 532, 11720, 11824, 15610, 15741, 7902, 13558, 17967, 14539, 17889, 4631, 1238, 16921, 7787, 15293, 3108, 8215, 2851, 4514, 12938, 16730, 17178, 4890, 17960, 4725, 7917, 3191, 8231, 16341, 8195, 10913, 2173, 5557, 2637, 16896, 5806, 1815, 1451, 8864, 2290, 12108, 5328, 6203, 2431, 7508, 17898, 17188, 6897, 1199, 15526, 18437, 6631, 8644, 16917, 14964, 14233, 2454, 584, 4830, 7199, 4180, 14889, 5761, 13756, 6917, 7756, 18880, 15095, 1816, 14070, 16252, 7429, 16589, 1631, 15968, 15221, 12478, 18594, 1477, 5637, 12058, 1205, 13397, 9107, 18654, 1968, 3759, 13147, 14144, 14973, 12452, 18020, 13592, 17920, 13687, 11335, 7207, 418, 7834, 778, 12982, 10688, 9031, 509, 9601, 9780, 17040, 12023, 3916, 91, 6536, 18535, 7547, 15240, 707, 14533, 15064, 17012, 16805, 8637, 5969, 16221, 1940, 13307, 4717, 12615, 18220, 11028, 12170, 1743, 2376, 12415, 14220, 18827, 1294, 18543, 6977, 15309, 11778, 11842, 17103, 3857, 4637, 12162, 19169, 17166, 18237, 17818, 9507, 19022, 5790, 19112, 15611, 1118, 15184, 18703, 1817, 15530, 16579, 8437, 11839, 11378, 3537, 9205, 9217, 16272, 18759, 16828, 12002, 8348, 1723, 3481, 14115, 379, 8544, 264, 6015, 7672, 2253, 7364, 3706, 13796, 17139, 16125, 12059, 9623, 7185, 2418, 18230, 3087, 281, 4379, 1796, 8459, 4400, 17824, 2736, 16446, 13525, 15341, 3275, 7872, 1662, 7557, 4319, 15442, 7181, 10456, 4963, 17048, 16943, 12784, 3441, 5240, 9975, 13216, 17702, 11594, 13554, 6165, 19168, 16070, 3540, 3262, 10661, 4061, 13173, 2875, 17014, 4349, 10818, 8428, 16764, 14232, 8930, 15734, 17680, 7069, 15684, 17050, 18987, 6914, 6863, 19263, 10595, 150, 10039, 2722, 18223, 16444, 6559, 7258, 2661, 7699, 17136, 12773, 4247, 5723, 15194, 1696, 1500, 2807, 9893, 11835, 13240, 18313, 17107, 10265, 10244, 5570, 2862, 14049, 1012, 12861, 723, 9583, 17461, 10056, 1264, 8297, 3716, 14666, 15259, 13531, 543, 13723, 16810, 6700, 3516, 13766, 7186, 10692, 6321, 15484, 14547, 8744, 3703, 10383, 16829, 6366, 6846, 3906, 2021, 18133, 857, 279, 12232, 10212, 10541, 12325, 13475, 1225, 937, 6966, 10881, 16936, 18502, 1440, 11914, 3326, 5633, 14913, 4623, 10743, 12361, 17335, 1072, 5043, 14810, 15077, 3255, 17215, 6553, 17852, 4801, 6962, 3060, 9430, 8799, 13824, 188, 15175, 15163, 4733, 5011, 3536, 17635, 6532, 14071, 6112, 17158, 6597, 11272, 105, 19219, 5013, 12483, 201, 6848, 17033, 6367, 7859, 14702, 18844, 7053, 18694, 15670, 636, 10129, 6378, 5369, 7273, 16247, 9142, 15345, 16817, 14854, 2600, 15783, 889, 11833, 6612, 2068, 2427, 7062, 7918, 16181, 5464, 8339, 8950, 8453, 16423, 6064, 2380, 4268, 13929, 12974, 19141, 1299, 2484, 3883, 3273, 8772, 13256, 11239, 5766, 18098, 12705, 11004, 2695, 10048, 10960, 2766, 15661, 13258, 8015, 6032, 16397, 7749, 19039, 7634, 15076, 4234, 15114, 8475, 8091, 19220, 18004, 9704, 13918, 15569, 16443, 10015, 9943, 7817, 9349, 2588, 8249, 398, 5316, 15538, 18372, 13559, 2937, 2803, 16248, 6155, 630, 9911, 13190, 19157, 15788, 13248, 13148, 1320, 12074, 8471, 8798, 3213, 12418, 814, 2402, 12718, 12397, 10564, 9875, 10128, 6947, 9491, 17707, 3266, 19196, 14309, 18523, 19043, 17975, 18063, 11618, 15016, 14434, 7680, 1739, 18029, 11694, 1745, 9271, 5189, 9561, 11283, 14978, 10753, 16017, 12914, 978, 2828, 17257, 13135, 5061, 121, 6602, 16015, 19271, 12159, 1244, 8260, 13195, 15873, 12815, 14291, 14515, 118, 4892, 14985, 9551, 12654, 4739, 927, 12176, 9523, 11726, 18187, 5880, 2569, 3386, 13942, 3390, 15774, 129, 65, 12922, 8422, 12692, 16213, 11515, 2111, 8347, 10758, 14064, 4401, 17782, 15621, 6709, 14716, 4091, 13964, 8424, 4218, 7249, 11311, 11171, 18564, 14755, 7114, 14009, 14815, 294, 495, 7684, 6833, 4046, 3505, 16995, 17858, 7761, 15803, 9840, 13958, 8226, 10369, 12497, 17142, 1748, 2854, 7159, 11539, 11055, 13337, 17173, 14214, 6803, 11144, 12649, 283, 15489, 13174, 7015, 610, 7030, 18206, 14077, 15468, 14962, 8046, 7809, 17387, 16034, 16678, 1173, 3502, 12942, 15655, 16859, 7099, 1673, 446, 1365, 5881, 3713, 11697, 1897, 16001, 1702, 14149, 11876, 9341, 4325, 6923, 2001, 138, 3276, 18716, 17604, 10501, 115, 12800, 6111, 11148, 4549, 16057, 4707, 6843, 16091, 4295, 7519, 13708, 12409, 11018, 5052, 13566, 14715, 12755, 793, 10837, 1888, 12375, 3935, 5763, 11791, 11258, 13264, 11469, 4683, 8905, 1853, 11600, 4421, 2798, 5074, 18141, 13807, 8595, 8126, 13837, 8060, 6956, 11767, 14560, 9389, 15261, 1232, 12560, 7262, 11504, 3546, 4627, 1177, 517, 4008, 9219, 17696, 4148, 14124, 13243, 11235, 7561, 8331, 16320, 3591, 11341, 4015, 12028, 14929, 18601, 3528, 14065, 1510, 19191, 13833, 17616, 10869, 17689, 831, 16725, 6319, 15465, 10467, 8162, 13563, 7728, 10778, 13545, 12290, 16480, 14401, 12838, 4212, 17529, 4832, 15111, 12690, 10373, 7596, 18614, 17477, 1043, 13100, 4774, 17479, 3774, 9302, 3901, 13071, 6412, 9516, 1261, 3054, 13522, 17602, 14343, 18500, 10957, 2791, 9624, 3634, 17904, 5709, 14670, 11058, 7087, 7435, 13848, 82, 5565, 2562, 14029, 3583, 1676, 12709, 18473, 3158, 12787, 8068, 8263, 16146, 3593, 1802, 1861, 3348, 4487, 17749, 6105, 10471, 17472, 10200, 1182, 14180, 1076, 10156, 4839, 9903, 4879, 9720, 2157, 15344, 16067, 3064, 17182, 5368, 4987, 18484, 18923, 11896, 1052, 15727, 15289, 5885, 1933, 5251, 17072, 6038, 6195, 13524, 6606, 18506, 17536, 6784, 3231, 14121, 8925, 10030, 803, 13764, 146, 19268, 14099, 4130, 16372, 1537, 12248, 13718, 17187, 11728, 1740, 19233, 5600, 4092, 4779, 6028, 3395, 16152, 19150, 2417, 11980, 11237, 8427, 18127, 3538, 9257, 607, 2078, 18457, 5802, 3435, 15019, 4256, 9221, 13465, 11742, 5788, 9528, 17493, 4607, 3131, 6616, 5356, 1550, 4617, 8827, 849, 2601, 4437, 17861, 10261, 15704, 3890, 8149, 12063, 3086, 15925, 12301, 6847, 5603, 7768, 3187, 13372, 9258, 6584, 7594, 2603, 1835, 17380, 17193, 15251, 15937, 18731, 4082, 14911, 16626, 8824, 16208, 10167, 17711, 9678, 15852, 13620, 16479, 14586, 2446, 4866, 1315, 7746, 10615, 7927, 2443, 7157, 13506, 18410, 10494]",2934,1500,3,False,1500
2743,news query,news,45,True,True,False,"{21: 26, 33: 14, 2: 18, 29: 13, 25: 57, 43: 9, 57: 16, 49: 16, 61: 14, 67: 52, 65: 21, 50: 28, 15: 53, 6: 13, 46: 15, 27: 69, 7: 65, 48: 67, 19: 21, 31: 14, 63: 26, 22: 39, 9: 79, 26: 40, 47: 15, 53: 66, 11: 19, 51: 26, 54: 9, 13: 32, 17: 37, 52: 30, 39: 27, 38: 19, 1: 6, 59: 33, 56: 23, 32: 9, 8: 25, 4: 12, 20: 26, 24: 7, 18: 31, 42: 7, 28: 31, 45: 57, 0: 13, 66: 11, 62: 11, 35: 7, 64: 15, 37: 2, 40: 25, 3: 3, 14: 5, 12: 8, 16: 15, 55: 16, 30: 13, 58: 6, 36: 4, 60: 5, 5: 3, 41: 2, 44: 2, 34: 2}","[12686, 3384, 6034, 14374, 14516, 14680, 18580, 5912, 661, 4433, 14182, 14634, 14672, 13694, 17233, 12320, 12666, 7276, 14925, 15315, 1125, 14820, 3769, 14096, 12401, 14972, 14176, 4685, 4278, 5735, 7514, 16051, 15882, 4696, 17145, 19193, 12994, 9901, 13641, 15193, 6739, 9240, 1608, 14664, 18117, 5676, 15714, 5964, 5329, 16651, 15936, 14441, 15878, 18316, 14255, 18692, 5858, 4640, 10716, 13839, 16635, 2097, 11464, 12427, 2320, 14629, 7617, 16183, 16205, 2170, 4384, 6683, 5285, 18707, 6780, 4231, 2404, 4895, 18091, 2944, 13054, 3904, 3491, 9455, 15985, 10432, 8657, 15304, 9114, 5838, 5197, 17244, 6207, 3970, 17246, 3950, 6168, 8697, 6800, 9942, 11118, 8582, 6355, 15275, 4581, 12724, 11921, 1833, 523, 7619, 15729, 176, 8576, 3101, 1573, 1283, 11796, 11277, 2547, 1738, 6806, 15187, 7129, 5179, 5854, 16373, 9231, 6270, 777, 2062, 13249, 4144, 6325, 3924, 5350, 14414, 3142, 2249, 6444, 13582, 2833, 18030, 6483, 18404, 15057, 7482, 15001, 15872, 14584, 10835, 954, 7257, 1381, 17819, 17518, 6497, 14430, 4901, 16466, 10805, 132, 7506, 755, 14427, 12119, 16613, 19042, 14994, 11257, 8042, 2144, 5966, 1580, 8010, 2550, 10684, 14088, 5037, 8764, 17076, 14185, 15984, 5299, 16601, 19182, 13197, 14561, 12605, 17010, 2703, 6715, 11207, 10188, 212, 2293, 17676, 1720, 5934, 112, 8568, 15870, 3226, 4524, 4431, 5141, 5383, 7609, 12807, 19001, 14368, 6704, 14903, 4172, 117, 18698, 1699, 16558, 7518, 10618, 2110, 10308, 7828, 6623, 17644, 4449, 951, 13858, 15106, 8402, 916, 4771, 8608, 6448, 6656, 13547, 2814, 8336, 8093, 6398, 637, 9909, 10621, 786, 14146, 17292, 9457, 3, 2884, 14785, 10504, 16361, 8181, 17690, 654, 11067, 18741, 386, 18208, 10130, 8079, 7082, 14740, 8076, 18619, 14428, 10992, 12679, 9431, 18328, 13606, 7641, 13542, 1002, 11975, 15646, 19078, 1352, 8683, 16053, 11763, 14823, 7059, 4995, 3754, 6213, 10090, 19084, 1973, 8131, 5353, 836, 13960, 3217, 4885, 9645, 16941, 14750, 13171, 9132, 1355, 4440, 15747, 8233, 6008, 12781, 16749, 13905, 18198, 5033, 2910, 16502, 1233, 965, 16926, 3944, 13518, 18213, 12739, 9972, 14609, 5764, 6128, 9532, 12680, 3672, 5458, 6822, 11547, 3163, 8040, 14081, 8369, 18182, 17541, 11552, 12451, 15074, 1783, 17730, 1690, 16992, 2490, 2459, 18065, 320, 18311, 45, 9495, 4572, 544, 12731, 16811, 15096, 14957, 4594, 16607, 2449, 7791, 13659, 8892, 1713, 17336, 6598, 13832, 10495, 18937, 3067, 3473, 12715, 13492, 14787, 16503, 17899, 16638, 2408, 7141, 10590, 2917, 14650, 12571, 4321, 2855, 1829, 3736, 3381, 11069, 16093, 15201, 14311, 9836, 18289, 16899, 897, 13981, 12223, 8884, 15721, 7778, 13648, 5737, 6550, 19249, 2715, 447, 12941, 8915, 18963, 16291, 760, 5869, 3635, 3439, 6740, 5003, 3174, 2945, 16056, 4860, 11216, 7363, 1147, 12124, 9764, 11245, 4361, 7784, 16285, 17057, 11203, 5114, 17655, 12056, 17890, 7741, 15799, 10258, 16088, 19222, 15303, 1433, 5991, 322, 2322, 3156, 9940, 7814, 17068, 16968, 10018, 1991, 11946, 8705, 10371, 4619, 11074, 2034, 15550, 11743, 18666, 13494, 14175, 13948, 15123, 11154, 10397, 1701, 4770, 839, 12085, 16500, 16241, 1535, 18782, 2221, 539, 18405, 4245, 103, 1571, 16945, 12196, 9441, 1732, 1367, 3596, 4794, 7230, 5245, 17483, 2955, 2003, 11509, 4044, 12934, 3456, 16693, 593, 4582, 14076, 10972, 1965, 7227, 14324, 8658, 3772, 8355, 11889, 1908, 2684, 10026, 1666, 16507, 5589, 9295, 8389, 2099, 18653, 13808, 19147, 6675, 10970, 2788, 19028, 16983, 16166, 9845, 8160, 11381, 10088, 10333, 11716, 14695, 12697, 4365, 3747, 17296, 11904, 74, 7047, 10639, 13094, 940, 10478, 2032, 6642, 14896, 10840, 5430, 5556, 12597, 2183, 18403, 4252, 14613, 18283, 8790, 12140, 13540, 13353, 14114, 13297, 4056, 14038, 11299, 13770, 11433, 14285, 1526, 1955, 15711, 255, 12481, 612, 1635, 4886, 357, 11434, 9524, 13106, 2607, 5391, 9406, 2331, 624, 2749, 17849, 9829, 11436, 18426, 9481, 18550, 15647, 532, 11720, 11824, 15610, 15741, 7902, 13558, 17967, 14539, 17889, 4631, 1238, 16921, 7787, 15293, 3108, 8215, 2851, 4514, 12938, 16730, 17178, 4890, 17960, 4725, 7917, 3191, 8231, 16341, 8195, 10913, 2173, 5557, 2637, 16896, 5806, 1815, 1451, 8864, 2290, 12108, 5328, 6203, 2431, 7508, 17898, 17188, 6897, 1199, 15526, 18437, 6631, 8644, 16917, 14964, 14233, 2454, 584, 4830, 7199, 4180, 14889, 5761, 13756, 6917, 7756, 18880, 15095, 1816, 14070, 16252, 7429, 16589, 1631, 15968, 15221, 12478, 18594, 1477, 5637, 12058, 1205, 13397, 9107, 18654, 1968, 3759, 13147, 14144, 14973, 12452, 18020, 13592, 17920, 13687, 11335, 7207, 418, 7834, 778, 12982, 10688, 9031, 509, 9601, 9780, 17040, 12023, 3916, 91, 6536, 18535, 7547, 15240, 707, 14533, 15064, 17012, 16805, 8637, 5969, 16221, 1940, 13307, 4717, 12615, 18220, 11028, 12170, 1743, 2376, 12415, 14220, 18827, 1294, 18543, 6977, 15309, 11778, 11842, 17103, 3857, 4637, 12162, 19169, 17166, 18237, 17818, 9507, 19022, 5790, 19112, 15611, 1118, 15184, 18703, 1817, 15530, 16579, 8437, 11839, 11378, 3537, 9205, 9217, 16272, 18759, 16828, 12002, 8348, 1723, 3481, 14115, 379, 8544, 264, 6015, 7672, 2253, 7364, 3706, 13796, 17139, 16125, 12059, 9623, 7185, 2418, 18230, 3087, 281, 4379, 1796, 8459, 4400, 17824, 2736, 16446, 13525, 15341, 3275, 7872, 1662, 7557, 4319, 15442, 7181, 10456, 4963, 17048, 16943, 12784, 3441, 5240, 9975, 13216, 17702, 11594, 13554, 6165, 19168, 16070, 3540, 3262, 10661, 4061, 13173, 2875, 17014, 4349, 10818, 8428, 16764, 14232, 8930, 15734, 17680, 7069, 15684, 17050, 18987, 6914, 6863, 19263, 10595, 150, 10039, 2722, 18223, 16444, 6559, 7258, 2661, 7699, 17136, 12773, 4247, 5723, 15194, 1696, 1500, 2807, 9893, 11835, 13240, 18313, 17107, 10265, 10244, 5570, 2862, 14049, 1012, 12861, 723, 9583, 17461, 10056, 1264, 8297, 3716, 14666, 15259, 13531, 543, 13723, 16810, 6700, 3516, 13766, 7186, 10692, 6321, 15484, 14547, 8744, 3703, 10383, 16829, 6366, 6846, 3906, 2021, 18133, 857, 279, 12232, 10212, 10541, 12325, 13475, 1225, 937, 6966, 10881, 16936, 18502, 1440, 11914, 3326, 5633, 14913, 4623, 10743, 12361, 17335, 1072, 5043, 14810, 15077, 3255, 17215, 6553, 17852, 4801, 6962, 3060, 9430, 8799, 13824, 188, 15175, 15163, 4733, 5011, 3536, 17635, 6532, 14071, 6112, 17158, 6597, 11272, 105, 19219, 5013, 12483, 201, 6848, 17033, 6367, 7859, 14702, 18844, 7053, 18694, 15670, 636, 10129, 6378, 5369, 7273, 16247, 9142, 15345, 16817, 14854, 2600, 15783, 889, 11833, 6612, 2068, 2427, 7062, 7918, 16181, 5464, 8339, 8950, 8453, 16423, 6064, 2380, 4268, 13929, 12974, 19141, 1299, 2484, 3883, 3273, 8772, 13256, 11239, 5766, 18098, 12705, 11004, 2695, 10048, 10960, 2766, 15661, 13258, 8015, 6032, 16397, 7749, 19039, 7634, 15076, 4234, 15114, 8475, 8091, 19220, 18004, 9704, 13918, 15569, 16443, 10015, 9943, 7817, 9349, 2588, 8249, 398, 5316, 15538, 18372, 13559, 2937, 2803, 16248, 6155, 630, 9911, 13190, 19157, 15788, 13248, 13148, 1320, 12074, 8471, 8798, 3213, 12418, 814, 2402, 12718, 12397, 10564, 9875, 10128, 6947, 9491, 17707, 3266, 19196, 14309, 18523, 19043, 17975, 18063, 11618, 15016, 14434, 7680, 1739, 18029, 11694, 1745, 9271, 5189, 9561, 11283, 14978, 10753, 16017, 12914, 978, 2828, 17257, 13135, 5061, 121, 6602, 16015, 19271, 12159, 1244, 8260, 13195, 15873, 12815, 14291, 14515, 118, 4892, 14985, 9551, 12654, 4739, 927, 12176, 9523, 11726, 18187, 5880, 2569, 3386, 13942, 3390, 15774, 129, 65, 12922, 8422, 12692, 16213, 11515, 2111, 8347, 10758, 14064, 4401, 17782, 15621, 6709, 14716, 4091, 13964, 8424, 4218, 7249, 11311, 11171, 18564, 14755, 7114, 14009, 14815, 294, 495, 7684, 6833, 4046, 3505, 16995, 17858, 7761, 15803, 9840, 13958, 8226, 10369, 12497, 17142, 1748, 2854, 7159, 11539, 11055, 13337, 17173, 14214, 6803, 11144, 12649, 283, 15489, 13174, 7015, 610, 7030, 18206, 14077, 15468, 14962, 8046, 7809, 17387, 16034, 16678, 1173, 3502, 12942, 15655, 16859, 7099, 1673, 446, 1365, 5881, 3713, 11697, 1897, 16001, 1702, 14149, 11876, 9341, 4325, 6923, 2001, 138, 3276, 18716, 17604, 10501, 115, 12800, 6111, 11148, 4549, 16057, 4707, 6843, 16091, 4295, 7519, 13708, 12409, 11018, 5052, 13566, 14715, 12755, 793, 10837, 1888, 12375, 3935, 5763, 11791, 11258, 13264, 11469, 4683, 8905, 1853, 11600, 4421, 2798, 5074, 18141, 13807, 8595, 8126, 13837, 8060, 6956, 11767, 14560, 9389, 15261, 1232, 12560, 7262, 11504, 3546, 4627, 1177, 517, 4008, 9219, 17696, 4148, 14124, 13243, 11235, 7561, 8331, 16320, 3591, 11341, 4015, 12028, 14929, 18601, 3528, 14065, 1510, 19191, 13833, 17616, 10869, 17689, 831, 16725, 6319, 15465, 10467, 8162, 13563, 7728, 10778, 13545, 12290, 16480, 14401, 12838, 4212, 17529, 4832, 15111, 12690, 10373, 7596, 18614, 17477, 1043, 13100, 4774, 17479, 3774, 9302, 3901, 13071, 6412, 9516, 1261, 3054, 13522, 17602, 14343, 18500, 10957, 2791, 9624, 3634, 17904, 5709, 14670, 11058, 7087, 7435, 13848, 82, 5565, 2562, 14029, 3583, 1676, 12709, 18473, 3158, 12787, 8068, 8263, 16146, 3593, 1802, 1861, 3348, 4487, 17749, 6105, 10471, 17472, 10200, 1182, 14180, 1076, 10156, 4839, 9903, 4879, 9720, 2157, 15344, 16067, 3064, 17182, 5368, 4987, 18484, 18923, 11896, 1052, 15727, 15289, 5885, 1933, 5251, 17072, 6038, 6195, 13524, 6606, 18506, 17536, 6784, 3231, 14121, 8925, 10030, 803, 13764, 146, 19268, 14099, 4130, 16372, 1537, 12248, 13718, 17187, 11728, 1740, 19233, 5600, 4092, 4779, 6028, 3395, 16152, 19150, 2417, 11980, 11237, 8427, 18127, 3538, 9257, 607, 2078, 18457, 5802, 3435, 15019, 4256, 9221, 13465, 11742, 5788, 9528, 17493, 4607, 3131, 6616, 5356, 1550, 4617, 8827, 849, 2601, 4437, 17861, 10261, 15704, 3890, 8149, 12063, 3086, 15925, 12301, 6847, 5603, 7768, 3187, 13372, 9258, 6584, 7594, 2603, 1835, 17380, 17193, 15251, 15937, 18731, 4082, 14911, 16626, 8824, 16208, 10167, 17711, 9678, 15852, 13620, 16479, 14586, 2446, 4866, 1315, 7746, 10615, 7927, 2443, 7157, 13506, 18410, 10494]",2743,1500,3,False,1500
3129,qa factoid,play music,48,True,False,False,"{21: 26, 33: 14, 2: 18, 29: 13, 25: 57, 43: 9, 57: 16, 49: 16, 61: 14, 67: 52, 65: 21, 50: 28, 15: 53, 6: 13, 46: 15, 27: 69, 7: 65, 48: 67, 19: 21, 31: 14, 63: 26, 22: 39, 9: 79, 26: 40, 47: 15, 53: 66, 11: 19, 51: 26, 54: 9, 13: 32, 17: 37, 52: 30, 39: 27, 38: 19, 1: 6, 59: 33, 56: 23, 32: 9, 8: 25, 4: 12, 20: 26, 24: 7, 18: 31, 42: 7, 28: 31, 45: 57, 0: 13, 66: 11, 62: 11, 35: 7, 64: 15, 37: 2, 40: 25, 3: 3, 14: 5, 12: 8, 16: 15, 55: 16, 30: 13, 58: 6, 36: 4, 60: 5, 5: 3, 41: 2, 44: 2, 34: 2}","[12686, 3384, 6034, 14374, 14516, 14680, 18580, 5912, 661, 4433, 14182, 14634, 14672, 13694, 17233, 12320, 12666, 7276, 14925, 15315, 1125, 14820, 3769, 14096, 12401, 14972, 14176, 4685, 4278, 5735, 7514, 16051, 15882, 4696, 17145, 19193, 12994, 9901, 13641, 15193, 6739, 9240, 1608, 14664, 18117, 5676, 15714, 5964, 5329, 16651, 15936, 14441, 15878, 18316, 14255, 18692, 5858, 4640, 10716, 13839, 16635, 2097, 11464, 12427, 2320, 14629, 7617, 16183, 16205, 2170, 4384, 6683, 5285, 18707, 6780, 4231, 2404, 4895, 18091, 2944, 13054, 3904, 3491, 9455, 15985, 10432, 8657, 15304, 9114, 5838, 5197, 17244, 6207, 3970, 17246, 3950, 6168, 8697, 6800, 9942, 11118, 8582, 6355, 15275, 4581, 12724, 11921, 1833, 523, 7619, 15729, 176, 8576, 3101, 1573, 1283, 11796, 11277, 2547, 1738, 6806, 15187, 7129, 5179, 5854, 16373, 9231, 6270, 777, 2062, 13249, 4144, 6325, 3924, 5350, 14414, 3142, 2249, 6444, 13582, 2833, 18030, 6483, 18404, 15057, 7482, 15001, 15872, 14584, 10835, 954, 7257, 1381, 17819, 17518, 6497, 14430, 4901, 16466, 10805, 132, 7506, 755, 14427, 12119, 16613, 19042, 14994, 11257, 8042, 2144, 5966, 1580, 8010, 2550, 10684, 14088, 5037, 8764, 17076, 14185, 15984, 5299, 16601, 19182, 13197, 14561, 12605, 17010, 2703, 6715, 11207, 10188, 212, 2293, 17676, 1720, 5934, 112, 8568, 15870, 3226, 4524, 4431, 5141, 5383, 7609, 12807, 19001, 14368, 6704, 14903, 4172, 117, 18698, 1699, 16558, 7518, 10618, 2110, 10308, 7828, 6623, 17644, 4449, 951, 13858, 15106, 8402, 916, 4771, 8608, 6448, 6656, 13547, 2814, 8336, 8093, 6398, 637, 9909, 10621, 786, 14146, 17292, 9457, 3, 2884, 14785, 10504, 16361, 8181, 17690, 654, 11067, 18741, 386, 18208, 10130, 8079, 7082, 14740, 8076, 18619, 14428, 10992, 12679, 9431, 18328, 13606, 7641, 13542, 1002, 11975, 15646, 19078, 1352, 8683, 16053, 11763, 14823, 7059, 4995, 3754, 6213, 10090, 19084, 1973, 8131, 5353, 836, 13960, 3217, 4885, 9645, 16941, 14750, 13171, 9132, 1355, 4440, 15747, 8233, 6008, 12781, 16749, 13905, 18198, 5033, 2910, 16502, 1233, 965, 16926, 3944, 13518, 18213, 12739, 9972, 14609, 5764, 6128, 9532, 12680, 3672, 5458, 6822, 11547, 3163, 8040, 14081, 8369, 18182, 17541, 11552, 12451, 15074, 1783, 17730, 1690, 16992, 2490, 2459, 18065, 320, 18311, 45, 9495, 4572, 544, 12731, 16811, 15096, 14957, 4594, 16607, 2449, 7791, 13659, 8892, 1713, 17336, 6598, 13832, 10495, 18937, 3067, 3473, 12715, 13492, 14787, 16503, 17899, 16638, 2408, 7141, 10590, 2917, 14650, 12571, 4321, 2855, 1829, 3736, 3381, 11069, 16093, 15201, 14311, 9836, 18289, 16899, 897, 13981, 12223, 8884, 15721, 7778, 13648, 5737, 6550, 19249, 2715, 447, 12941, 8915, 18963, 16291, 760, 5869, 3635, 3439, 6740, 5003, 3174, 2945, 16056, 4860, 11216, 7363, 1147, 12124, 9764, 11245, 4361, 7784, 16285, 17057, 11203, 5114, 17655, 12056, 17890, 7741, 15799, 10258, 16088, 19222, 15303, 1433, 5991, 322, 2322, 3156, 9940, 7814, 17068, 16968, 10018, 1991, 11946, 8705, 10371, 4619, 11074, 2034, 15550, 11743, 18666, 13494, 14175, 13948, 15123, 11154, 10397, 1701, 4770, 839, 12085, 16500, 16241, 1535, 18782, 2221, 539, 18405, 4245, 103, 1571, 16945, 12196, 9441, 1732, 1367, 3596, 4794, 7230, 5245, 17483, 2955, 2003, 11509, 4044, 12934, 3456, 16693, 593, 4582, 14076, 10972, 1965, 7227, 14324, 8658, 3772, 8355, 11889, 1908, 2684, 10026, 1666, 16507, 5589, 9295, 8389, 2099, 18653, 13808, 19147, 6675, 10970, 2788, 19028, 16983, 16166, 9845, 8160, 11381, 10088, 10333, 11716, 14695, 12697, 4365, 3747, 17296, 11904, 74, 7047, 10639, 13094, 940, 10478, 2032, 6642, 14896, 10840, 5430, 5556, 12597, 2183, 18403, 4252, 14613, 18283, 8790, 12140, 13540, 13353, 14114, 13297, 4056, 14038, 11299, 13770, 11433, 14285, 1526, 1955, 15711, 255, 12481, 612, 1635, 4886, 357, 11434, 9524, 13106, 2607, 5391, 9406, 2331, 624, 2749, 17849, 9829, 11436, 18426, 9481, 18550, 15647, 532, 11720, 11824, 15610, 15741, 7902, 13558, 17967, 14539, 17889, 4631, 1238, 16921, 7787, 15293, 3108, 8215, 2851, 4514, 12938, 16730, 17178, 4890, 17960, 4725, 7917, 3191, 8231, 16341, 8195, 10913, 2173, 5557, 2637, 16896, 5806, 1815, 1451, 8864, 2290, 12108, 5328, 6203, 2431, 7508, 17898, 17188, 6897, 1199, 15526, 18437, 6631, 8644, 16917, 14964, 14233, 2454, 584, 4830, 7199, 4180, 14889, 5761, 13756, 6917, 7756, 18880, 15095, 1816, 14070, 16252, 7429, 16589, 1631, 15968, 15221, 12478, 18594, 1477, 5637, 12058, 1205, 13397, 9107, 18654, 1968, 3759, 13147, 14144, 14973, 12452, 18020, 13592, 17920, 13687, 11335, 7207, 418, 7834, 778, 12982, 10688, 9031, 509, 9601, 9780, 17040, 12023, 3916, 91, 6536, 18535, 7547, 15240, 707, 14533, 15064, 17012, 16805, 8637, 5969, 16221, 1940, 13307, 4717, 12615, 18220, 11028, 12170, 1743, 2376, 12415, 14220, 18827, 1294, 18543, 6977, 15309, 11778, 11842, 17103, 3857, 4637, 12162, 19169, 17166, 18237, 17818, 9507, 19022, 5790, 19112, 15611, 1118, 15184, 18703, 1817, 15530, 16579, 8437, 11839, 11378, 3537, 9205, 9217, 16272, 18759, 16828, 12002, 8348, 1723, 3481, 14115, 379, 8544, 264, 6015, 7672, 2253, 7364, 3706, 13796, 17139, 16125, 12059, 9623, 7185, 2418, 18230, 3087, 281, 4379, 1796, 8459, 4400, 17824, 2736, 16446, 13525, 15341, 3275, 7872, 1662, 7557, 4319, 15442, 7181, 10456, 4963, 17048, 16943, 12784, 3441, 5240, 9975, 13216, 17702, 11594, 13554, 6165, 19168, 16070, 3540, 3262, 10661, 4061, 13173, 2875, 17014, 4349, 10818, 8428, 16764, 14232, 8930, 15734, 17680, 7069, 15684, 17050, 18987, 6914, 6863, 19263, 10595, 150, 10039, 2722, 18223, 16444, 6559, 7258, 2661, 7699, 17136, 12773, 4247, 5723, 15194, 1696, 1500, 2807, 9893, 11835, 13240, 18313, 17107, 10265, 10244, 5570, 2862, 14049, 1012, 12861, 723, 9583, 17461, 10056, 1264, 8297, 3716, 14666, 15259, 13531, 543, 13723, 16810, 6700, 3516, 13766, 7186, 10692, 6321, 15484, 14547, 8744, 3703, 10383, 16829, 6366, 6846, 3906, 2021, 18133, 857, 279, 12232, 10212, 10541, 12325, 13475, 1225, 937, 6966, 10881, 16936, 18502, 1440, 11914, 3326, 5633, 14913, 4623, 10743, 12361, 17335, 1072, 5043, 14810, 15077, 3255, 17215, 6553, 17852, 4801, 6962, 3060, 9430, 8799, 13824, 188, 15175, 15163, 4733, 5011, 3536, 17635, 6532, 14071, 6112, 17158, 6597, 11272, 105, 19219, 5013, 12483, 201, 6848, 17033, 6367, 7859, 14702, 18844, 7053, 18694, 15670, 636, 10129, 6378, 5369, 7273, 16247, 9142, 15345, 16817, 14854, 2600, 15783, 889, 11833, 6612, 2068, 2427, 7062, 7918, 16181, 5464, 8339, 8950, 8453, 16423, 6064, 2380, 4268, 13929, 12974, 19141, 1299, 2484, 3883, 3273, 8772, 13256, 11239, 5766, 18098, 12705, 11004, 2695, 10048, 10960, 2766, 15661, 13258, 8015, 6032, 16397, 7749, 19039, 7634, 15076, 4234, 15114, 8475, 8091, 19220, 18004, 9704, 13918, 15569, 16443, 10015, 9943, 7817, 9349, 2588, 8249, 398, 5316, 15538, 18372, 13559, 2937, 2803, 16248, 6155, 630, 9911, 13190, 19157, 15788, 13248, 13148, 1320, 12074, 8471, 8798, 3213, 12418, 814, 2402, 12718, 12397, 10564, 9875, 10128, 6947, 9491, 17707, 3266, 19196, 14309, 18523, 19043, 17975, 18063, 11618, 15016, 14434, 7680, 1739, 18029, 11694, 1745, 9271, 5189, 9561, 11283, 14978, 10753, 16017, 12914, 978, 2828, 17257, 13135, 5061, 121, 6602, 16015, 19271, 12159, 1244, 8260, 13195, 15873, 12815, 14291, 14515, 118, 4892, 14985, 9551, 12654, 4739, 927, 12176, 9523, 11726, 18187, 5880, 2569, 3386, 13942, 3390, 15774, 129, 65, 12922, 8422, 12692, 16213, 11515, 2111, 8347, 10758, 14064, 4401, 17782, 15621, 6709, 14716, 4091, 13964, 8424, 4218, 7249, 11311, 11171, 18564, 14755, 7114, 14009, 14815, 294, 495, 7684, 6833, 4046, 3505, 16995, 17858, 7761, 15803, 9840, 13958, 8226, 10369, 12497, 17142, 1748, 2854, 7159, 11539, 11055, 13337, 17173, 14214, 6803, 11144, 12649, 283, 15489, 13174, 7015, 610, 7030, 18206, 14077, 15468, 14962, 8046, 7809, 17387, 16034, 16678, 1173, 3502, 12942, 15655, 16859, 7099, 1673, 446, 1365, 5881, 3713, 11697, 1897, 16001, 1702, 14149, 11876, 9341, 4325, 6923, 2001, 138, 3276, 18716, 17604, 10501, 115, 12800, 6111, 11148, 4549, 16057, 4707, 6843, 16091, 4295, 7519, 13708, 12409, 11018, 5052, 13566, 14715, 12755, 793, 10837, 1888, 12375, 3935, 5763, 11791, 11258, 13264, 11469, 4683, 8905, 1853, 11600, 4421, 2798, 5074, 18141, 13807, 8595, 8126, 13837, 8060, 6956, 11767, 14560, 9389, 15261, 1232, 12560, 7262, 11504, 3546, 4627, 1177, 517, 4008, 9219, 17696, 4148, 14124, 13243, 11235, 7561, 8331, 16320, 3591, 11341, 4015, 12028, 14929, 18601, 3528, 14065, 1510, 19191, 13833, 17616, 10869, 17689, 831, 16725, 6319, 15465, 10467, 8162, 13563, 7728, 10778, 13545, 12290, 16480, 14401, 12838, 4212, 17529, 4832, 15111, 12690, 10373, 7596, 18614, 17477, 1043, 13100, 4774, 17479, 3774, 9302, 3901, 13071, 6412, 9516, 1261, 3054, 13522, 17602, 14343, 18500, 10957, 2791, 9624, 3634, 17904, 5709, 14670, 11058, 7087, 7435, 13848, 82, 5565, 2562, 14029, 3583, 1676, 12709, 18473, 3158, 12787, 8068, 8263, 16146, 3593, 1802, 1861, 3348, 4487, 17749, 6105, 10471, 17472, 10200, 1182, 14180, 1076, 10156, 4839, 9903, 4879, 9720, 2157, 15344, 16067, 3064, 17182, 5368, 4987, 18484, 18923, 11896, 1052, 15727, 15289, 5885, 1933, 5251, 17072, 6038, 6195, 13524, 6606, 18506, 17536, 6784, 3231, 14121, 8925, 10030, 803, 13764, 146, 19268, 14099, 4130, 16372, 1537, 12248, 13718, 17187, 11728, 1740, 19233, 5600, 4092, 4779, 6028, 3395, 16152, 19150, 2417, 11980, 11237, 8427, 18127, 3538, 9257, 607, 2078, 18457, 5802, 3435, 15019, 4256, 9221, 13465, 11742, 5788, 9528, 17493, 4607, 3131, 6616, 5356, 1550, 4617, 8827, 849, 2601, 4437, 17861, 10261, 15704, 3890, 8149, 12063, 3086, 15925, 12301, 6847, 5603, 7768, 3187, 13372, 9258, 6584, 7594, 2603, 1835, 17380, 17193, 15251, 15937, 18731, 4082, 14911, 16626, 8824, 16208, 10167, 17711, 9678, 15852, 13620, 16479, 14586, 2446, 4866, 1315, 7746, 10615, 7927, 2443, 7157, 13506, 18410, 10494]",3129,1500,3,False,1500
3021,calendar query,calendar query,7,True,True,True,"{21: 26, 33: 14, 2: 18, 29: 13, 25: 57, 43: 9, 57: 16, 49: 16, 61: 14, 67: 52, 65: 21, 50: 28, 15: 53, 6: 13, 46: 15, 27: 69, 7: 65, 48: 67, 19: 21, 31: 14, 63: 26, 22: 39, 9: 79, 26: 40, 47: 15, 53: 66, 11: 19, 51: 26, 54: 9, 13: 32, 17: 37, 52: 30, 39: 27, 38: 19, 1: 6, 59: 33, 56: 23, 32: 9, 8: 25, 4: 12, 20: 26, 24: 7, 18: 31, 42: 7, 28: 31, 45: 57, 0: 13, 66: 11, 62: 11, 35: 7, 64: 15, 37: 2, 40: 25, 3: 3, 14: 5, 12: 8, 16: 15, 55: 16, 30: 13, 58: 6, 36: 4, 60: 5, 5: 3, 41: 2, 44: 2, 34: 2}","[12686, 3384, 6034, 14374, 14516, 14680, 18580, 5912, 661, 4433, 14182, 14634, 14672, 13694, 17233, 12320, 12666, 7276, 14925, 15315, 1125, 14820, 3769, 14096, 12401, 14972, 14176, 4685, 4278, 5735, 7514, 16051, 15882, 4696, 17145, 19193, 12994, 9901, 13641, 15193, 6739, 9240, 1608, 14664, 18117, 5676, 15714, 5964, 5329, 16651, 15936, 14441, 15878, 18316, 14255, 18692, 5858, 4640, 10716, 13839, 16635, 2097, 11464, 12427, 2320, 14629, 7617, 16183, 16205, 2170, 4384, 6683, 5285, 18707, 6780, 4231, 2404, 4895, 18091, 2944, 13054, 3904, 3491, 9455, 15985, 10432, 8657, 15304, 9114, 5838, 5197, 17244, 6207, 3970, 17246, 3950, 6168, 8697, 6800, 9942, 11118, 8582, 6355, 15275, 4581, 12724, 11921, 1833, 523, 7619, 15729, 176, 8576, 3101, 1573, 1283, 11796, 11277, 2547, 1738, 6806, 15187, 7129, 5179, 5854, 16373, 9231, 6270, 777, 2062, 13249, 4144, 6325, 3924, 5350, 14414, 3142, 2249, 6444, 13582, 2833, 18030, 6483, 18404, 15057, 7482, 15001, 15872, 14584, 10835, 954, 7257, 1381, 17819, 17518, 6497, 14430, 4901, 16466, 10805, 132, 7506, 755, 14427, 12119, 16613, 19042, 14994, 11257, 8042, 2144, 5966, 1580, 8010, 2550, 10684, 14088, 5037, 8764, 17076, 14185, 15984, 5299, 16601, 19182, 13197, 14561, 12605, 17010, 2703, 6715, 11207, 10188, 212, 2293, 17676, 1720, 5934, 112, 8568, 15870, 3226, 4524, 4431, 5141, 5383, 7609, 12807, 19001, 14368, 6704, 14903, 4172, 117, 18698, 1699, 16558, 7518, 10618, 2110, 10308, 7828, 6623, 17644, 4449, 951, 13858, 15106, 8402, 916, 4771, 8608, 6448, 6656, 13547, 2814, 8336, 8093, 6398, 637, 9909, 10621, 786, 14146, 17292, 9457, 3, 2884, 14785, 10504, 16361, 8181, 17690, 654, 11067, 18741, 386, 18208, 10130, 8079, 7082, 14740, 8076, 18619, 14428, 10992, 12679, 9431, 18328, 13606, 7641, 13542, 1002, 11975, 15646, 19078, 1352, 8683, 16053, 11763, 14823, 7059, 4995, 3754, 6213, 10090, 19084, 1973, 8131, 5353, 836, 13960, 3217, 4885, 9645, 16941, 14750, 13171, 9132, 1355, 4440, 15747, 8233, 6008, 12781, 16749, 13905, 18198, 5033, 2910, 16502, 1233, 965, 16926, 3944, 13518, 18213, 12739, 9972, 14609, 5764, 6128, 9532, 12680, 3672, 5458, 6822, 11547, 3163, 8040, 14081, 8369, 18182, 17541, 11552, 12451, 15074, 1783, 17730, 1690, 16992, 2490, 2459, 18065, 320, 18311, 45, 9495, 4572, 544, 12731, 16811, 15096, 14957, 4594, 16607, 2449, 7791, 13659, 8892, 1713, 17336, 6598, 13832, 10495, 18937, 3067, 3473, 12715, 13492, 14787, 16503, 17899, 16638, 2408, 7141, 10590, 2917, 14650, 12571, 4321, 2855, 1829, 3736, 3381, 11069, 16093, 15201, 14311, 9836, 18289, 16899, 897, 13981, 12223, 8884, 15721, 7778, 13648, 5737, 6550, 19249, 2715, 447, 12941, 8915, 18963, 16291, 760, 5869, 3635, 3439, 6740, 5003, 3174, 2945, 16056, 4860, 11216, 7363, 1147, 12124, 9764, 11245, 4361, 7784, 16285, 17057, 11203, 5114, 17655, 12056, 17890, 7741, 15799, 10258, 16088, 19222, 15303, 1433, 5991, 322, 2322, 3156, 9940, 7814, 17068, 16968, 10018, 1991, 11946, 8705, 10371, 4619, 11074, 2034, 15550, 11743, 18666, 13494, 14175, 13948, 15123, 11154, 10397, 1701, 4770, 839, 12085, 16500, 16241, 1535, 18782, 2221, 539, 18405, 4245, 103, 1571, 16945, 12196, 9441, 1732, 1367, 3596, 4794, 7230, 5245, 17483, 2955, 2003, 11509, 4044, 12934, 3456, 16693, 593, 4582, 14076, 10972, 1965, 7227, 14324, 8658, 3772, 8355, 11889, 1908, 2684, 10026, 1666, 16507, 5589, 9295, 8389, 2099, 18653, 13808, 19147, 6675, 10970, 2788, 19028, 16983, 16166, 9845, 8160, 11381, 10088, 10333, 11716, 14695, 12697, 4365, 3747, 17296, 11904, 74, 7047, 10639, 13094, 940, 10478, 2032, 6642, 14896, 10840, 5430, 5556, 12597, 2183, 18403, 4252, 14613, 18283, 8790, 12140, 13540, 13353, 14114, 13297, 4056, 14038, 11299, 13770, 11433, 14285, 1526, 1955, 15711, 255, 12481, 612, 1635, 4886, 357, 11434, 9524, 13106, 2607, 5391, 9406, 2331, 624, 2749, 17849, 9829, 11436, 18426, 9481, 18550, 15647, 532, 11720, 11824, 15610, 15741, 7902, 13558, 17967, 14539, 17889, 4631, 1238, 16921, 7787, 15293, 3108, 8215, 2851, 4514, 12938, 16730, 17178, 4890, 17960, 4725, 7917, 3191, 8231, 16341, 8195, 10913, 2173, 5557, 2637, 16896, 5806, 1815, 1451, 8864, 2290, 12108, 5328, 6203, 2431, 7508, 17898, 17188, 6897, 1199, 15526, 18437, 6631, 8644, 16917, 14964, 14233, 2454, 584, 4830, 7199, 4180, 14889, 5761, 13756, 6917, 7756, 18880, 15095, 1816, 14070, 16252, 7429, 16589, 1631, 15968, 15221, 12478, 18594, 1477, 5637, 12058, 1205, 13397, 9107, 18654, 1968, 3759, 13147, 14144, 14973, 12452, 18020, 13592, 17920, 13687, 11335, 7207, 418, 7834, 778, 12982, 10688, 9031, 509, 9601, 9780, 17040, 12023, 3916, 91, 6536, 18535, 7547, 15240, 707, 14533, 15064, 17012, 16805, 8637, 5969, 16221, 1940, 13307, 4717, 12615, 18220, 11028, 12170, 1743, 2376, 12415, 14220, 18827, 1294, 18543, 6977, 15309, 11778, 11842, 17103, 3857, 4637, 12162, 19169, 17166, 18237, 17818, 9507, 19022, 5790, 19112, 15611, 1118, 15184, 18703, 1817, 15530, 16579, 8437, 11839, 11378, 3537, 9205, 9217, 16272, 18759, 16828, 12002, 8348, 1723, 3481, 14115, 379, 8544, 264, 6015, 7672, 2253, 7364, 3706, 13796, 17139, 16125, 12059, 9623, 7185, 2418, 18230, 3087, 281, 4379, 1796, 8459, 4400, 17824, 2736, 16446, 13525, 15341, 3275, 7872, 1662, 7557, 4319, 15442, 7181, 10456, 4963, 17048, 16943, 12784, 3441, 5240, 9975, 13216, 17702, 11594, 13554, 6165, 19168, 16070, 3540, 3262, 10661, 4061, 13173, 2875, 17014, 4349, 10818, 8428, 16764, 14232, 8930, 15734, 17680, 7069, 15684, 17050, 18987, 6914, 6863, 19263, 10595, 150, 10039, 2722, 18223, 16444, 6559, 7258, 2661, 7699, 17136, 12773, 4247, 5723, 15194, 1696, 1500, 2807, 9893, 11835, 13240, 18313, 17107, 10265, 10244, 5570, 2862, 14049, 1012, 12861, 723, 9583, 17461, 10056, 1264, 8297, 3716, 14666, 15259, 13531, 543, 13723, 16810, 6700, 3516, 13766, 7186, 10692, 6321, 15484, 14547, 8744, 3703, 10383, 16829, 6366, 6846, 3906, 2021, 18133, 857, 279, 12232, 10212, 10541, 12325, 13475, 1225, 937, 6966, 10881, 16936, 18502, 1440, 11914, 3326, 5633, 14913, 4623, 10743, 12361, 17335, 1072, 5043, 14810, 15077, 3255, 17215, 6553, 17852, 4801, 6962, 3060, 9430, 8799, 13824, 188, 15175, 15163, 4733, 5011, 3536, 17635, 6532, 14071, 6112, 17158, 6597, 11272, 105, 19219, 5013, 12483, 201, 6848, 17033, 6367, 7859, 14702, 18844, 7053, 18694, 15670, 636, 10129, 6378, 5369, 7273, 16247, 9142, 15345, 16817, 14854, 2600, 15783, 889, 11833, 6612, 2068, 2427, 7062, 7918, 16181, 5464, 8339, 8950, 8453, 16423, 6064, 2380, 4268, 13929, 12974, 19141, 1299, 2484, 3883, 3273, 8772, 13256, 11239, 5766, 18098, 12705, 11004, 2695, 10048, 10960, 2766, 15661, 13258, 8015, 6032, 16397, 7749, 19039, 7634, 15076, 4234, 15114, 8475, 8091, 19220, 18004, 9704, 13918, 15569, 16443, 10015, 9943, 7817, 9349, 2588, 8249, 398, 5316, 15538, 18372, 13559, 2937, 2803, 16248, 6155, 630, 9911, 13190, 19157, 15788, 13248, 13148, 1320, 12074, 8471, 8798, 3213, 12418, 814, 2402, 12718, 12397, 10564, 9875, 10128, 6947, 9491, 17707, 3266, 19196, 14309, 18523, 19043, 17975, 18063, 11618, 15016, 14434, 7680, 1739, 18029, 11694, 1745, 9271, 5189, 9561, 11283, 14978, 10753, 16017, 12914, 978, 2828, 17257, 13135, 5061, 121, 6602, 16015, 19271, 12159, 1244, 8260, 13195, 15873, 12815, 14291, 14515, 118, 4892, 14985, 9551, 12654, 4739, 927, 12176, 9523, 11726, 18187, 5880, 2569, 3386, 13942, 3390, 15774, 129, 65, 12922, 8422, 12692, 16213, 11515, 2111, 8347, 10758, 14064, 4401, 17782, 15621, 6709, 14716, 4091, 13964, 8424, 4218, 7249, 11311, 11171, 18564, 14755, 7114, 14009, 14815, 294, 495, 7684, 6833, 4046, 3505, 16995, 17858, 7761, 15803, 9840, 13958, 8226, 10369, 12497, 17142, 1748, 2854, 7159, 11539, 11055, 13337, 17173, 14214, 6803, 11144, 12649, 283, 15489, 13174, 7015, 610, 7030, 18206, 14077, 15468, 14962, 8046, 7809, 17387, 16034, 16678, 1173, 3502, 12942, 15655, 16859, 7099, 1673, 446, 1365, 5881, 3713, 11697, 1897, 16001, 1702, 14149, 11876, 9341, 4325, 6923, 2001, 138, 3276, 18716, 17604, 10501, 115, 12800, 6111, 11148, 4549, 16057, 4707, 6843, 16091, 4295, 7519, 13708, 12409, 11018, 5052, 13566, 14715, 12755, 793, 10837, 1888, 12375, 3935, 5763, 11791, 11258, 13264, 11469, 4683, 8905, 1853, 11600, 4421, 2798, 5074, 18141, 13807, 8595, 8126, 13837, 8060, 6956, 11767, 14560, 9389, 15261, 1232, 12560, 7262, 11504, 3546, 4627, 1177, 517, 4008, 9219, 17696, 4148, 14124, 13243, 11235, 7561, 8331, 16320, 3591, 11341, 4015, 12028, 14929, 18601, 3528, 14065, 1510, 19191, 13833, 17616, 10869, 17689, 831, 16725, 6319, 15465, 10467, 8162, 13563, 7728, 10778, 13545, 12290, 16480, 14401, 12838, 4212, 17529, 4832, 15111, 12690, 10373, 7596, 18614, 17477, 1043, 13100, 4774, 17479, 3774, 9302, 3901, 13071, 6412, 9516, 1261, 3054, 13522, 17602, 14343, 18500, 10957, 2791, 9624, 3634, 17904, 5709, 14670, 11058, 7087, 7435, 13848, 82, 5565, 2562, 14029, 3583, 1676, 12709, 18473, 3158, 12787, 8068, 8263, 16146, 3593, 1802, 1861, 3348, 4487, 17749, 6105, 10471, 17472, 10200, 1182, 14180, 1076, 10156, 4839, 9903, 4879, 9720, 2157, 15344, 16067, 3064, 17182, 5368, 4987, 18484, 18923, 11896, 1052, 15727, 15289, 5885, 1933, 5251, 17072, 6038, 6195, 13524, 6606, 18506, 17536, 6784, 3231, 14121, 8925, 10030, 803, 13764, 146, 19268, 14099, 4130, 16372, 1537, 12248, 13718, 17187, 11728, 1740, 19233, 5600, 4092, 4779, 6028, 3395, 16152, 19150, 2417, 11980, 11237, 8427, 18127, 3538, 9257, 607, 2078, 18457, 5802, 3435, 15019, 4256, 9221, 13465, 11742, 5788, 9528, 17493, 4607, 3131, 6616, 5356, 1550, 4617, 8827, 849, 2601, 4437, 17861, 10261, 15704, 3890, 8149, 12063, 3086, 15925, 12301, 6847, 5603, 7768, 3187, 13372, 9258, 6584, 7594, 2603, 1835, 17380, 17193, 15251, 15937, 18731, 4082, 14911, 16626, 8824, 16208, 10167, 17711, 9678, 15852, 13620, 16479, 14586, 2446, 4866, 1315, 7746, 10615, 7927, 2443, 7157, 13506, 18410, 10494]",3021,1500,3,False,1500
3187,calendar query,calendar query,7,True,True,True,"{21: 26, 33: 14, 2: 18, 29: 13, 25: 57, 43: 9, 57: 16, 49: 16, 61: 14, 67: 52, 65: 21, 50: 28, 15: 53, 6: 13, 46: 15, 27: 69, 7: 65, 48: 67, 19: 21, 31: 14, 63: 26, 22: 39, 9: 79, 26: 40, 47: 15, 53: 66, 11: 19, 51: 26, 54: 9, 13: 32, 17: 37, 52: 30, 39: 27, 38: 19, 1: 6, 59: 33, 56: 23, 32: 9, 8: 25, 4: 12, 20: 26, 24: 7, 18: 31, 42: 7, 28: 31, 45: 57, 0: 13, 66: 11, 62: 11, 35: 7, 64: 15, 37: 2, 40: 25, 3: 3, 14: 5, 12: 8, 16: 15, 55: 16, 30: 13, 58: 6, 36: 4, 60: 5, 5: 3, 41: 2, 44: 2, 34: 2}","[12686, 3384, 6034, 14374, 14516, 14680, 18580, 5912, 661, 4433, 14182, 14634, 14672, 13694, 17233, 12320, 12666, 7276, 14925, 15315, 1125, 14820, 3769, 14096, 12401, 14972, 14176, 4685, 4278, 5735, 7514, 16051, 15882, 4696, 17145, 19193, 12994, 9901, 13641, 15193, 6739, 9240, 1608, 14664, 18117, 5676, 15714, 5964, 5329, 16651, 15936, 14441, 15878, 18316, 14255, 18692, 5858, 4640, 10716, 13839, 16635, 2097, 11464, 12427, 2320, 14629, 7617, 16183, 16205, 2170, 4384, 6683, 5285, 18707, 6780, 4231, 2404, 4895, 18091, 2944, 13054, 3904, 3491, 9455, 15985, 10432, 8657, 15304, 9114, 5838, 5197, 17244, 6207, 3970, 17246, 3950, 6168, 8697, 6800, 9942, 11118, 8582, 6355, 15275, 4581, 12724, 11921, 1833, 523, 7619, 15729, 176, 8576, 3101, 1573, 1283, 11796, 11277, 2547, 1738, 6806, 15187, 7129, 5179, 5854, 16373, 9231, 6270, 777, 2062, 13249, 4144, 6325, 3924, 5350, 14414, 3142, 2249, 6444, 13582, 2833, 18030, 6483, 18404, 15057, 7482, 15001, 15872, 14584, 10835, 954, 7257, 1381, 17819, 17518, 6497, 14430, 4901, 16466, 10805, 132, 7506, 755, 14427, 12119, 16613, 19042, 14994, 11257, 8042, 2144, 5966, 1580, 8010, 2550, 10684, 14088, 5037, 8764, 17076, 14185, 15984, 5299, 16601, 19182, 13197, 14561, 12605, 17010, 2703, 6715, 11207, 10188, 212, 2293, 17676, 1720, 5934, 112, 8568, 15870, 3226, 4524, 4431, 5141, 5383, 7609, 12807, 19001, 14368, 6704, 14903, 4172, 117, 18698, 1699, 16558, 7518, 10618, 2110, 10308, 7828, 6623, 17644, 4449, 951, 13858, 15106, 8402, 916, 4771, 8608, 6448, 6656, 13547, 2814, 8336, 8093, 6398, 637, 9909, 10621, 786, 14146, 17292, 9457, 3, 2884, 14785, 10504, 16361, 8181, 17690, 654, 11067, 18741, 386, 18208, 10130, 8079, 7082, 14740, 8076, 18619, 14428, 10992, 12679, 9431, 18328, 13606, 7641, 13542, 1002, 11975, 15646, 19078, 1352, 8683, 16053, 11763, 14823, 7059, 4995, 3754, 6213, 10090, 19084, 1973, 8131, 5353, 836, 13960, 3217, 4885, 9645, 16941, 14750, 13171, 9132, 1355, 4440, 15747, 8233, 6008, 12781, 16749, 13905, 18198, 5033, 2910, 16502, 1233, 965, 16926, 3944, 13518, 18213, 12739, 9972, 14609, 5764, 6128, 9532, 12680, 3672, 5458, 6822, 11547, 3163, 8040, 14081, 8369, 18182, 17541, 11552, 12451, 15074, 1783, 17730, 1690, 16992, 2490, 2459, 18065, 320, 18311, 45, 9495, 4572, 544, 12731, 16811, 15096, 14957, 4594, 16607, 2449, 7791, 13659, 8892, 1713, 17336, 6598, 13832, 10495, 18937, 3067, 3473, 12715, 13492, 14787, 16503, 17899, 16638, 2408, 7141, 10590, 2917, 14650, 12571, 4321, 2855, 1829, 3736, 3381, 11069, 16093, 15201, 14311, 9836, 18289, 16899, 897, 13981, 12223, 8884, 15721, 7778, 13648, 5737, 6550, 19249, 2715, 447, 12941, 8915, 18963, 16291, 760, 5869, 3635, 3439, 6740, 5003, 3174, 2945, 16056, 4860, 11216, 7363, 1147, 12124, 9764, 11245, 4361, 7784, 16285, 17057, 11203, 5114, 17655, 12056, 17890, 7741, 15799, 10258, 16088, 19222, 15303, 1433, 5991, 322, 2322, 3156, 9940, 7814, 17068, 16968, 10018, 1991, 11946, 8705, 10371, 4619, 11074, 2034, 15550, 11743, 18666, 13494, 14175, 13948, 15123, 11154, 10397, 1701, 4770, 839, 12085, 16500, 16241, 1535, 18782, 2221, 539, 18405, 4245, 103, 1571, 16945, 12196, 9441, 1732, 1367, 3596, 4794, 7230, 5245, 17483, 2955, 2003, 11509, 4044, 12934, 3456, 16693, 593, 4582, 14076, 10972, 1965, 7227, 14324, 8658, 3772, 8355, 11889, 1908, 2684, 10026, 1666, 16507, 5589, 9295, 8389, 2099, 18653, 13808, 19147, 6675, 10970, 2788, 19028, 16983, 16166, 9845, 8160, 11381, 10088, 10333, 11716, 14695, 12697, 4365, 3747, 17296, 11904, 74, 7047, 10639, 13094, 940, 10478, 2032, 6642, 14896, 10840, 5430, 5556, 12597, 2183, 18403, 4252, 14613, 18283, 8790, 12140, 13540, 13353, 14114, 13297, 4056, 14038, 11299, 13770, 11433, 14285, 1526, 1955, 15711, 255, 12481, 612, 1635, 4886, 357, 11434, 9524, 13106, 2607, 5391, 9406, 2331, 624, 2749, 17849, 9829, 11436, 18426, 9481, 18550, 15647, 532, 11720, 11824, 15610, 15741, 7902, 13558, 17967, 14539, 17889, 4631, 1238, 16921, 7787, 15293, 3108, 8215, 2851, 4514, 12938, 16730, 17178, 4890, 17960, 4725, 7917, 3191, 8231, 16341, 8195, 10913, 2173, 5557, 2637, 16896, 5806, 1815, 1451, 8864, 2290, 12108, 5328, 6203, 2431, 7508, 17898, 17188, 6897, 1199, 15526, 18437, 6631, 8644, 16917, 14964, 14233, 2454, 584, 4830, 7199, 4180, 14889, 5761, 13756, 6917, 7756, 18880, 15095, 1816, 14070, 16252, 7429, 16589, 1631, 15968, 15221, 12478, 18594, 1477, 5637, 12058, 1205, 13397, 9107, 18654, 1968, 3759, 13147, 14144, 14973, 12452, 18020, 13592, 17920, 13687, 11335, 7207, 418, 7834, 778, 12982, 10688, 9031, 509, 9601, 9780, 17040, 12023, 3916, 91, 6536, 18535, 7547, 15240, 707, 14533, 15064, 17012, 16805, 8637, 5969, 16221, 1940, 13307, 4717, 12615, 18220, 11028, 12170, 1743, 2376, 12415, 14220, 18827, 1294, 18543, 6977, 15309, 11778, 11842, 17103, 3857, 4637, 12162, 19169, 17166, 18237, 17818, 9507, 19022, 5790, 19112, 15611, 1118, 15184, 18703, 1817, 15530, 16579, 8437, 11839, 11378, 3537, 9205, 9217, 16272, 18759, 16828, 12002, 8348, 1723, 3481, 14115, 379, 8544, 264, 6015, 7672, 2253, 7364, 3706, 13796, 17139, 16125, 12059, 9623, 7185, 2418, 18230, 3087, 281, 4379, 1796, 8459, 4400, 17824, 2736, 16446, 13525, 15341, 3275, 7872, 1662, 7557, 4319, 15442, 7181, 10456, 4963, 17048, 16943, 12784, 3441, 5240, 9975, 13216, 17702, 11594, 13554, 6165, 19168, 16070, 3540, 3262, 10661, 4061, 13173, 2875, 17014, 4349, 10818, 8428, 16764, 14232, 8930, 15734, 17680, 7069, 15684, 17050, 18987, 6914, 6863, 19263, 10595, 150, 10039, 2722, 18223, 16444, 6559, 7258, 2661, 7699, 17136, 12773, 4247, 5723, 15194, 1696, 1500, 2807, 9893, 11835, 13240, 18313, 17107, 10265, 10244, 5570, 2862, 14049, 1012, 12861, 723, 9583, 17461, 10056, 1264, 8297, 3716, 14666, 15259, 13531, 543, 13723, 16810, 6700, 3516, 13766, 7186, 10692, 6321, 15484, 14547, 8744, 3703, 10383, 16829, 6366, 6846, 3906, 2021, 18133, 857, 279, 12232, 10212, 10541, 12325, 13475, 1225, 937, 6966, 10881, 16936, 18502, 1440, 11914, 3326, 5633, 14913, 4623, 10743, 12361, 17335, 1072, 5043, 14810, 15077, 3255, 17215, 6553, 17852, 4801, 6962, 3060, 9430, 8799, 13824, 188, 15175, 15163, 4733, 5011, 3536, 17635, 6532, 14071, 6112, 17158, 6597, 11272, 105, 19219, 5013, 12483, 201, 6848, 17033, 6367, 7859, 14702, 18844, 7053, 18694, 15670, 636, 10129, 6378, 5369, 7273, 16247, 9142, 15345, 16817, 14854, 2600, 15783, 889, 11833, 6612, 2068, 2427, 7062, 7918, 16181, 5464, 8339, 8950, 8453, 16423, 6064, 2380, 4268, 13929, 12974, 19141, 1299, 2484, 3883, 3273, 8772, 13256, 11239, 5766, 18098, 12705, 11004, 2695, 10048, 10960, 2766, 15661, 13258, 8015, 6032, 16397, 7749, 19039, 7634, 15076, 4234, 15114, 8475, 8091, 19220, 18004, 9704, 13918, 15569, 16443, 10015, 9943, 7817, 9349, 2588, 8249, 398, 5316, 15538, 18372, 13559, 2937, 2803, 16248, 6155, 630, 9911, 13190, 19157, 15788, 13248, 13148, 1320, 12074, 8471, 8798, 3213, 12418, 814, 2402, 12718, 12397, 10564, 9875, 10128, 6947, 9491, 17707, 3266, 19196, 14309, 18523, 19043, 17975, 18063, 11618, 15016, 14434, 7680, 1739, 18029, 11694, 1745, 9271, 5189, 9561, 11283, 14978, 10753, 16017, 12914, 978, 2828, 17257, 13135, 5061, 121, 6602, 16015, 19271, 12159, 1244, 8260, 13195, 15873, 12815, 14291, 14515, 118, 4892, 14985, 9551, 12654, 4739, 927, 12176, 9523, 11726, 18187, 5880, 2569, 3386, 13942, 3390, 15774, 129, 65, 12922, 8422, 12692, 16213, 11515, 2111, 8347, 10758, 14064, 4401, 17782, 15621, 6709, 14716, 4091, 13964, 8424, 4218, 7249, 11311, 11171, 18564, 14755, 7114, 14009, 14815, 294, 495, 7684, 6833, 4046, 3505, 16995, 17858, 7761, 15803, 9840, 13958, 8226, 10369, 12497, 17142, 1748, 2854, 7159, 11539, 11055, 13337, 17173, 14214, 6803, 11144, 12649, 283, 15489, 13174, 7015, 610, 7030, 18206, 14077, 15468, 14962, 8046, 7809, 17387, 16034, 16678, 1173, 3502, 12942, 15655, 16859, 7099, 1673, 446, 1365, 5881, 3713, 11697, 1897, 16001, 1702, 14149, 11876, 9341, 4325, 6923, 2001, 138, 3276, 18716, 17604, 10501, 115, 12800, 6111, 11148, 4549, 16057, 4707, 6843, 16091, 4295, 7519, 13708, 12409, 11018, 5052, 13566, 14715, 12755, 793, 10837, 1888, 12375, 3935, 5763, 11791, 11258, 13264, 11469, 4683, 8905, 1853, 11600, 4421, 2798, 5074, 18141, 13807, 8595, 8126, 13837, 8060, 6956, 11767, 14560, 9389, 15261, 1232, 12560, 7262, 11504, 3546, 4627, 1177, 517, 4008, 9219, 17696, 4148, 14124, 13243, 11235, 7561, 8331, 16320, 3591, 11341, 4015, 12028, 14929, 18601, 3528, 14065, 1510, 19191, 13833, 17616, 10869, 17689, 831, 16725, 6319, 15465, 10467, 8162, 13563, 7728, 10778, 13545, 12290, 16480, 14401, 12838, 4212, 17529, 4832, 15111, 12690, 10373, 7596, 18614, 17477, 1043, 13100, 4774, 17479, 3774, 9302, 3901, 13071, 6412, 9516, 1261, 3054, 13522, 17602, 14343, 18500, 10957, 2791, 9624, 3634, 17904, 5709, 14670, 11058, 7087, 7435, 13848, 82, 5565, 2562, 14029, 3583, 1676, 12709, 18473, 3158, 12787, 8068, 8263, 16146, 3593, 1802, 1861, 3348, 4487, 17749, 6105, 10471, 17472, 10200, 1182, 14180, 1076, 10156, 4839, 9903, 4879, 9720, 2157, 15344, 16067, 3064, 17182, 5368, 4987, 18484, 18923, 11896, 1052, 15727, 15289, 5885, 1933, 5251, 17072, 6038, 6195, 13524, 6606, 18506, 17536, 6784, 3231, 14121, 8925, 10030, 803, 13764, 146, 19268, 14099, 4130, 16372, 1537, 12248, 13718, 17187, 11728, 1740, 19233, 5600, 4092, 4779, 6028, 3395, 16152, 19150, 2417, 11980, 11237, 8427, 18127, 3538, 9257, 607, 2078, 18457, 5802, 3435, 15019, 4256, 9221, 13465, 11742, 5788, 9528, 17493, 4607, 3131, 6616, 5356, 1550, 4617, 8827, 849, 2601, 4437, 17861, 10261, 15704, 3890, 8149, 12063, 3086, 15925, 12301, 6847, 5603, 7768, 3187, 13372, 9258, 6584, 7594, 2603, 1835, 17380, 17193, 15251, 15937, 18731, 4082, 14911, 16626, 8824, 16208, 10167, 17711, 9678, 15852, 13620, 16479, 14586, 2446, 4866, 1315, 7746, 10615, 7927, 2443, 7157, 13506, 18410, 10494]",3187,1500,3,False,1500
3994,weather query,weather,67,True,True,False,"{21: 26, 33: 14, 2: 18, 29: 13, 25: 57, 43: 9, 57: 16, 49: 16, 61: 14, 67: 52, 65: 21, 50: 28, 15: 53, 6: 13, 46: 15, 27: 69, 7: 65, 48: 67, 19: 21, 31: 14, 63: 26, 22: 39, 9: 79, 26: 40, 47: 15, 53: 66, 11: 19, 51: 26, 54: 9, 13: 32, 17: 37, 52: 30, 39: 27, 38: 19, 1: 6, 59: 33, 56: 23, 32: 9, 8: 25, 4: 12, 20: 26, 24: 7, 18: 31, 42: 7, 28: 31, 45: 57, 0: 13, 66: 11, 62: 11, 35: 7, 64: 15, 37: 2, 40: 25, 3: 3, 14: 5, 12: 8, 16: 15, 55: 16, 30: 13, 58: 6, 36: 4, 60: 5, 5: 3, 41: 2, 44: 2, 34: 2}","[12686, 3384, 6034, 14374, 14516, 14680, 18580, 5912, 661, 4433, 14182, 14634, 14672, 13694, 17233, 12320, 12666, 7276, 14925, 15315, 1125, 14820, 3769, 14096, 12401, 14972, 14176, 4685, 4278, 5735, 7514, 16051, 15882, 4696, 17145, 19193, 12994, 9901, 13641, 15193, 6739, 9240, 1608, 14664, 18117, 5676, 15714, 5964, 5329, 16651, 15936, 14441, 15878, 18316, 14255, 18692, 5858, 4640, 10716, 13839, 16635, 2097, 11464, 12427, 2320, 14629, 7617, 16183, 16205, 2170, 4384, 6683, 5285, 18707, 6780, 4231, 2404, 4895, 18091, 2944, 13054, 3904, 3491, 9455, 15985, 10432, 8657, 15304, 9114, 5838, 5197, 17244, 6207, 3970, 17246, 3950, 6168, 8697, 6800, 9942, 11118, 8582, 6355, 15275, 4581, 12724, 11921, 1833, 523, 7619, 15729, 176, 8576, 3101, 1573, 1283, 11796, 11277, 2547, 1738, 6806, 15187, 7129, 5179, 5854, 16373, 9231, 6270, 777, 2062, 13249, 4144, 6325, 3924, 5350, 14414, 3142, 2249, 6444, 13582, 2833, 18030, 6483, 18404, 15057, 7482, 15001, 15872, 14584, 10835, 954, 7257, 1381, 17819, 17518, 6497, 14430, 4901, 16466, 10805, 132, 7506, 755, 14427, 12119, 16613, 19042, 14994, 11257, 8042, 2144, 5966, 1580, 8010, 2550, 10684, 14088, 5037, 8764, 17076, 14185, 15984, 5299, 16601, 19182, 13197, 14561, 12605, 17010, 2703, 6715, 11207, 10188, 212, 2293, 17676, 1720, 5934, 112, 8568, 15870, 3226, 4524, 4431, 5141, 5383, 7609, 12807, 19001, 14368, 6704, 14903, 4172, 117, 18698, 1699, 16558, 7518, 10618, 2110, 10308, 7828, 6623, 17644, 4449, 951, 13858, 15106, 8402, 916, 4771, 8608, 6448, 6656, 13547, 2814, 8336, 8093, 6398, 637, 9909, 10621, 786, 14146, 17292, 9457, 3, 2884, 14785, 10504, 16361, 8181, 17690, 654, 11067, 18741, 386, 18208, 10130, 8079, 7082, 14740, 8076, 18619, 14428, 10992, 12679, 9431, 18328, 13606, 7641, 13542, 1002, 11975, 15646, 19078, 1352, 8683, 16053, 11763, 14823, 7059, 4995, 3754, 6213, 10090, 19084, 1973, 8131, 5353, 836, 13960, 3217, 4885, 9645, 16941, 14750, 13171, 9132, 1355, 4440, 15747, 8233, 6008, 12781, 16749, 13905, 18198, 5033, 2910, 16502, 1233, 965, 16926, 3944, 13518, 18213, 12739, 9972, 14609, 5764, 6128, 9532, 12680, 3672, 5458, 6822, 11547, 3163, 8040, 14081, 8369, 18182, 17541, 11552, 12451, 15074, 1783, 17730, 1690, 16992, 2490, 2459, 18065, 320, 18311, 45, 9495, 4572, 544, 12731, 16811, 15096, 14957, 4594, 16607, 2449, 7791, 13659, 8892, 1713, 17336, 6598, 13832, 10495, 18937, 3067, 3473, 12715, 13492, 14787, 16503, 17899, 16638, 2408, 7141, 10590, 2917, 14650, 12571, 4321, 2855, 1829, 3736, 3381, 11069, 16093, 15201, 14311, 9836, 18289, 16899, 897, 13981, 12223, 8884, 15721, 7778, 13648, 5737, 6550, 19249, 2715, 447, 12941, 8915, 18963, 16291, 760, 5869, 3635, 3439, 6740, 5003, 3174, 2945, 16056, 4860, 11216, 7363, 1147, 12124, 9764, 11245, 4361, 7784, 16285, 17057, 11203, 5114, 17655, 12056, 17890, 7741, 15799, 10258, 16088, 19222, 15303, 1433, 5991, 322, 2322, 3156, 9940, 7814, 17068, 16968, 10018, 1991, 11946, 8705, 10371, 4619, 11074, 2034, 15550, 11743, 18666, 13494, 14175, 13948, 15123, 11154, 10397, 1701, 4770, 839, 12085, 16500, 16241, 1535, 18782, 2221, 539, 18405, 4245, 103, 1571, 16945, 12196, 9441, 1732, 1367, 3596, 4794, 7230, 5245, 17483, 2955, 2003, 11509, 4044, 12934, 3456, 16693, 593, 4582, 14076, 10972, 1965, 7227, 14324, 8658, 3772, 8355, 11889, 1908, 2684, 10026, 1666, 16507, 5589, 9295, 8389, 2099, 18653, 13808, 19147, 6675, 10970, 2788, 19028, 16983, 16166, 9845, 8160, 11381, 10088, 10333, 11716, 14695, 12697, 4365, 3747, 17296, 11904, 74, 7047, 10639, 13094, 940, 10478, 2032, 6642, 14896, 10840, 5430, 5556, 12597, 2183, 18403, 4252, 14613, 18283, 8790, 12140, 13540, 13353, 14114, 13297, 4056, 14038, 11299, 13770, 11433, 14285, 1526, 1955, 15711, 255, 12481, 612, 1635, 4886, 357, 11434, 9524, 13106, 2607, 5391, 9406, 2331, 624, 2749, 17849, 9829, 11436, 18426, 9481, 18550, 15647, 532, 11720, 11824, 15610, 15741, 7902, 13558, 17967, 14539, 17889, 4631, 1238, 16921, 7787, 15293, 3108, 8215, 2851, 4514, 12938, 16730, 17178, 4890, 17960, 4725, 7917, 3191, 8231, 16341, 8195, 10913, 2173, 5557, 2637, 16896, 5806, 1815, 1451, 8864, 2290, 12108, 5328, 6203, 2431, 7508, 17898, 17188, 6897, 1199, 15526, 18437, 6631, 8644, 16917, 14964, 14233, 2454, 584, 4830, 7199, 4180, 14889, 5761, 13756, 6917, 7756, 18880, 15095, 1816, 14070, 16252, 7429, 16589, 1631, 15968, 15221, 12478, 18594, 1477, 5637, 12058, 1205, 13397, 9107, 18654, 1968, 3759, 13147, 14144, 14973, 12452, 18020, 13592, 17920, 13687, 11335, 7207, 418, 7834, 778, 12982, 10688, 9031, 509, 9601, 9780, 17040, 12023, 3916, 91, 6536, 18535, 7547, 15240, 707, 14533, 15064, 17012, 16805, 8637, 5969, 16221, 1940, 13307, 4717, 12615, 18220, 11028, 12170, 1743, 2376, 12415, 14220, 18827, 1294, 18543, 6977, 15309, 11778, 11842, 17103, 3857, 4637, 12162, 19169, 17166, 18237, 17818, 9507, 19022, 5790, 19112, 15611, 1118, 15184, 18703, 1817, 15530, 16579, 8437, 11839, 11378, 3537, 9205, 9217, 16272, 18759, 16828, 12002, 8348, 1723, 3481, 14115, 379, 8544, 264, 6015, 7672, 2253, 7364, 3706, 13796, 17139, 16125, 12059, 9623, 7185, 2418, 18230, 3087, 281, 4379, 1796, 8459, 4400, 17824, 2736, 16446, 13525, 15341, 3275, 7872, 1662, 7557, 4319, 15442, 7181, 10456, 4963, 17048, 16943, 12784, 3441, 5240, 9975, 13216, 17702, 11594, 13554, 6165, 19168, 16070, 3540, 3262, 10661, 4061, 13173, 2875, 17014, 4349, 10818, 8428, 16764, 14232, 8930, 15734, 17680, 7069, 15684, 17050, 18987, 6914, 6863, 19263, 10595, 150, 10039, 2722, 18223, 16444, 6559, 7258, 2661, 7699, 17136, 12773, 4247, 5723, 15194, 1696, 1500, 2807, 9893, 11835, 13240, 18313, 17107, 10265, 10244, 5570, 2862, 14049, 1012, 12861, 723, 9583, 17461, 10056, 1264, 8297, 3716, 14666, 15259, 13531, 543, 13723, 16810, 6700, 3516, 13766, 7186, 10692, 6321, 15484, 14547, 8744, 3703, 10383, 16829, 6366, 6846, 3906, 2021, 18133, 857, 279, 12232, 10212, 10541, 12325, 13475, 1225, 937, 6966, 10881, 16936, 18502, 1440, 11914, 3326, 5633, 14913, 4623, 10743, 12361, 17335, 1072, 5043, 14810, 15077, 3255, 17215, 6553, 17852, 4801, 6962, 3060, 9430, 8799, 13824, 188, 15175, 15163, 4733, 5011, 3536, 17635, 6532, 14071, 6112, 17158, 6597, 11272, 105, 19219, 5013, 12483, 201, 6848, 17033, 6367, 7859, 14702, 18844, 7053, 18694, 15670, 636, 10129, 6378, 5369, 7273, 16247, 9142, 15345, 16817, 14854, 2600, 15783, 889, 11833, 6612, 2068, 2427, 7062, 7918, 16181, 5464, 8339, 8950, 8453, 16423, 6064, 2380, 4268, 13929, 12974, 19141, 1299, 2484, 3883, 3273, 8772, 13256, 11239, 5766, 18098, 12705, 11004, 2695, 10048, 10960, 2766, 15661, 13258, 8015, 6032, 16397, 7749, 19039, 7634, 15076, 4234, 15114, 8475, 8091, 19220, 18004, 9704, 13918, 15569, 16443, 10015, 9943, 7817, 9349, 2588, 8249, 398, 5316, 15538, 18372, 13559, 2937, 2803, 16248, 6155, 630, 9911, 13190, 19157, 15788, 13248, 13148, 1320, 12074, 8471, 8798, 3213, 12418, 814, 2402, 12718, 12397, 10564, 9875, 10128, 6947, 9491, 17707, 3266, 19196, 14309, 18523, 19043, 17975, 18063, 11618, 15016, 14434, 7680, 1739, 18029, 11694, 1745, 9271, 5189, 9561, 11283, 14978, 10753, 16017, 12914, 978, 2828, 17257, 13135, 5061, 121, 6602, 16015, 19271, 12159, 1244, 8260, 13195, 15873, 12815, 14291, 14515, 118, 4892, 14985, 9551, 12654, 4739, 927, 12176, 9523, 11726, 18187, 5880, 2569, 3386, 13942, 3390, 15774, 129, 65, 12922, 8422, 12692, 16213, 11515, 2111, 8347, 10758, 14064, 4401, 17782, 15621, 6709, 14716, 4091, 13964, 8424, 4218, 7249, 11311, 11171, 18564, 14755, 7114, 14009, 14815, 294, 495, 7684, 6833, 4046, 3505, 16995, 17858, 7761, 15803, 9840, 13958, 8226, 10369, 12497, 17142, 1748, 2854, 7159, 11539, 11055, 13337, 17173, 14214, 6803, 11144, 12649, 283, 15489, 13174, 7015, 610, 7030, 18206, 14077, 15468, 14962, 8046, 7809, 17387, 16034, 16678, 1173, 3502, 12942, 15655, 16859, 7099, 1673, 446, 1365, 5881, 3713, 11697, 1897, 16001, 1702, 14149, 11876, 9341, 4325, 6923, 2001, 138, 3276, 18716, 17604, 10501, 115, 12800, 6111, 11148, 4549, 16057, 4707, 6843, 16091, 4295, 7519, 13708, 12409, 11018, 5052, 13566, 14715, 12755, 793, 10837, 1888, 12375, 3935, 5763, 11791, 11258, 13264, 11469, 4683, 8905, 1853, 11600, 4421, 2798, 5074, 18141, 13807, 8595, 8126, 13837, 8060, 6956, 11767, 14560, 9389, 15261, 1232, 12560, 7262, 11504, 3546, 4627, 1177, 517, 4008, 9219, 17696, 4148, 14124, 13243, 11235, 7561, 8331, 16320, 3591, 11341, 4015, 12028, 14929, 18601, 3528, 14065, 1510, 19191, 13833, 17616, 10869, 17689, 831, 16725, 6319, 15465, 10467, 8162, 13563, 7728, 10778, 13545, 12290, 16480, 14401, 12838, 4212, 17529, 4832, 15111, 12690, 10373, 7596, 18614, 17477, 1043, 13100, 4774, 17479, 3774, 9302, 3901, 13071, 6412, 9516, 1261, 3054, 13522, 17602, 14343, 18500, 10957, 2791, 9624, 3634, 17904, 5709, 14670, 11058, 7087, 7435, 13848, 82, 5565, 2562, 14029, 3583, 1676, 12709, 18473, 3158, 12787, 8068, 8263, 16146, 3593, 1802, 1861, 3348, 4487, 17749, 6105, 10471, 17472, 10200, 1182, 14180, 1076, 10156, 4839, 9903, 4879, 9720, 2157, 15344, 16067, 3064, 17182, 5368, 4987, 18484, 18923, 11896, 1052, 15727, 15289, 5885, 1933, 5251, 17072, 6038, 6195, 13524, 6606, 18506, 17536, 6784, 3231, 14121, 8925, 10030, 803, 13764, 146, 19268, 14099, 4130, 16372, 1537, 12248, 13718, 17187, 11728, 1740, 19233, 5600, 4092, 4779, 6028, 3395, 16152, 19150, 2417, 11980, 11237, 8427, 18127, 3538, 9257, 607, 2078, 18457, 5802, 3435, 15019, 4256, 9221, 13465, 11742, 5788, 9528, 17493, 4607, 3131, 6616, 5356, 1550, 4617, 8827, 849, 2601, 4437, 17861, 10261, 15704, 3890, 8149, 12063, 3086, 15925, 12301, 6847, 5603, 7768, 3187, 13372, 9258, 6584, 7594, 2603, 1835, 17380, 17193, 15251, 15937, 18731, 4082, 14911, 16626, 8824, 16208, 10167, 17711, 9678, 15852, 13620, 16479, 14586, 2446, 4866, 1315, 7746, 10615, 7927, 2443, 7157, 13506, 18410, 10494]",3994,1500,3,False,1500
1543,general negate,general neg,25,True,True,False,"{21: 26, 33: 14, 2: 18, 29: 13, 25: 57, 43: 9, 57: 16, 49: 16, 61: 14, 67: 52, 65: 21, 50: 28, 15: 53, 6: 13, 46: 15, 27: 69, 7: 65, 48: 67, 19: 21, 31: 14, 63: 26, 22: 39, 9: 79, 26: 40, 47: 15, 53: 66, 11: 19, 51: 26, 54: 9, 13: 32, 17: 37, 52: 30, 39: 27, 38: 19, 1: 6, 59: 33, 56: 23, 32: 9, 8: 25, 4: 12, 20: 26, 24: 7, 18: 31, 42: 7, 28: 31, 45: 57, 0: 13, 66: 11, 62: 11, 35: 7, 64: 15, 37: 2, 40: 25, 3: 3, 14: 5, 12: 8, 16: 15, 55: 16, 30: 13, 58: 6, 36: 4, 60: 5, 5: 3, 41: 2, 44: 2, 34: 2}","[12686, 3384, 6034, 14374, 14516, 14680, 18580, 5912, 661, 4433, 14182, 14634, 14672, 13694, 17233, 12320, 12666, 7276, 14925, 15315, 1125, 14820, 3769, 14096, 12401, 14972, 14176, 4685, 4278, 5735, 7514, 16051, 15882, 4696, 17145, 19193, 12994, 9901, 13641, 15193, 6739, 9240, 1608, 14664, 18117, 5676, 15714, 5964, 5329, 16651, 15936, 14441, 15878, 18316, 14255, 18692, 5858, 4640, 10716, 13839, 16635, 2097, 11464, 12427, 2320, 14629, 7617, 16183, 16205, 2170, 4384, 6683, 5285, 18707, 6780, 4231, 2404, 4895, 18091, 2944, 13054, 3904, 3491, 9455, 15985, 10432, 8657, 15304, 9114, 5838, 5197, 17244, 6207, 3970, 17246, 3950, 6168, 8697, 6800, 9942, 11118, 8582, 6355, 15275, 4581, 12724, 11921, 1833, 523, 7619, 15729, 176, 8576, 3101, 1573, 1283, 11796, 11277, 2547, 1738, 6806, 15187, 7129, 5179, 5854, 16373, 9231, 6270, 777, 2062, 13249, 4144, 6325, 3924, 5350, 14414, 3142, 2249, 6444, 13582, 2833, 18030, 6483, 18404, 15057, 7482, 15001, 15872, 14584, 10835, 954, 7257, 1381, 17819, 17518, 6497, 14430, 4901, 16466, 10805, 132, 7506, 755, 14427, 12119, 16613, 19042, 14994, 11257, 8042, 2144, 5966, 1580, 8010, 2550, 10684, 14088, 5037, 8764, 17076, 14185, 15984, 5299, 16601, 19182, 13197, 14561, 12605, 17010, 2703, 6715, 11207, 10188, 212, 2293, 17676, 1720, 5934, 112, 8568, 15870, 3226, 4524, 4431, 5141, 5383, 7609, 12807, 19001, 14368, 6704, 14903, 4172, 117, 18698, 1699, 16558, 7518, 10618, 2110, 10308, 7828, 6623, 17644, 4449, 951, 13858, 15106, 8402, 916, 4771, 8608, 6448, 6656, 13547, 2814, 8336, 8093, 6398, 637, 9909, 10621, 786, 14146, 17292, 9457, 3, 2884, 14785, 10504, 16361, 8181, 17690, 654, 11067, 18741, 386, 18208, 10130, 8079, 7082, 14740, 8076, 18619, 14428, 10992, 12679, 9431, 18328, 13606, 7641, 13542, 1002, 11975, 15646, 19078, 1352, 8683, 16053, 11763, 14823, 7059, 4995, 3754, 6213, 10090, 19084, 1973, 8131, 5353, 836, 13960, 3217, 4885, 9645, 16941, 14750, 13171, 9132, 1355, 4440, 15747, 8233, 6008, 12781, 16749, 13905, 18198, 5033, 2910, 16502, 1233, 965, 16926, 3944, 13518, 18213, 12739, 9972, 14609, 5764, 6128, 9532, 12680, 3672, 5458, 6822, 11547, 3163, 8040, 14081, 8369, 18182, 17541, 11552, 12451, 15074, 1783, 17730, 1690, 16992, 2490, 2459, 18065, 320, 18311, 45, 9495, 4572, 544, 12731, 16811, 15096, 14957, 4594, 16607, 2449, 7791, 13659, 8892, 1713, 17336, 6598, 13832, 10495, 18937, 3067, 3473, 12715, 13492, 14787, 16503, 17899, 16638, 2408, 7141, 10590, 2917, 14650, 12571, 4321, 2855, 1829, 3736, 3381, 11069, 16093, 15201, 14311, 9836, 18289, 16899, 897, 13981, 12223, 8884, 15721, 7778, 13648, 5737, 6550, 19249, 2715, 447, 12941, 8915, 18963, 16291, 760, 5869, 3635, 3439, 6740, 5003, 3174, 2945, 16056, 4860, 11216, 7363, 1147, 12124, 9764, 11245, 4361, 7784, 16285, 17057, 11203, 5114, 17655, 12056, 17890, 7741, 15799, 10258, 16088, 19222, 15303, 1433, 5991, 322, 2322, 3156, 9940, 7814, 17068, 16968, 10018, 1991, 11946, 8705, 10371, 4619, 11074, 2034, 15550, 11743, 18666, 13494, 14175, 13948, 15123, 11154, 10397, 1701, 4770, 839, 12085, 16500, 16241, 1535, 18782, 2221, 539, 18405, 4245, 103, 1571, 16945, 12196, 9441, 1732, 1367, 3596, 4794, 7230, 5245, 17483, 2955, 2003, 11509, 4044, 12934, 3456, 16693, 593, 4582, 14076, 10972, 1965, 7227, 14324, 8658, 3772, 8355, 11889, 1908, 2684, 10026, 1666, 16507, 5589, 9295, 8389, 2099, 18653, 13808, 19147, 6675, 10970, 2788, 19028, 16983, 16166, 9845, 8160, 11381, 10088, 10333, 11716, 14695, 12697, 4365, 3747, 17296, 11904, 74, 7047, 10639, 13094, 940, 10478, 2032, 6642, 14896, 10840, 5430, 5556, 12597, 2183, 18403, 4252, 14613, 18283, 8790, 12140, 13540, 13353, 14114, 13297, 4056, 14038, 11299, 13770, 11433, 14285, 1526, 1955, 15711, 255, 12481, 612, 1635, 4886, 357, 11434, 9524, 13106, 2607, 5391, 9406, 2331, 624, 2749, 17849, 9829, 11436, 18426, 9481, 18550, 15647, 532, 11720, 11824, 15610, 15741, 7902, 13558, 17967, 14539, 17889, 4631, 1238, 16921, 7787, 15293, 3108, 8215, 2851, 4514, 12938, 16730, 17178, 4890, 17960, 4725, 7917, 3191, 8231, 16341, 8195, 10913, 2173, 5557, 2637, 16896, 5806, 1815, 1451, 8864, 2290, 12108, 5328, 6203, 2431, 7508, 17898, 17188, 6897, 1199, 15526, 18437, 6631, 8644, 16917, 14964, 14233, 2454, 584, 4830, 7199, 4180, 14889, 5761, 13756, 6917, 7756, 18880, 15095, 1816, 14070, 16252, 7429, 16589, 1631, 15968, 15221, 12478, 18594, 1477, 5637, 12058, 1205, 13397, 9107, 18654, 1968, 3759, 13147, 14144, 14973, 12452, 18020, 13592, 17920, 13687, 11335, 7207, 418, 7834, 778, 12982, 10688, 9031, 509, 9601, 9780, 17040, 12023, 3916, 91, 6536, 18535, 7547, 15240, 707, 14533, 15064, 17012, 16805, 8637, 5969, 16221, 1940, 13307, 4717, 12615, 18220, 11028, 12170, 1743, 2376, 12415, 14220, 18827, 1294, 18543, 6977, 15309, 11778, 11842, 17103, 3857, 4637, 12162, 19169, 17166, 18237, 17818, 9507, 19022, 5790, 19112, 15611, 1118, 15184, 18703, 1817, 15530, 16579, 8437, 11839, 11378, 3537, 9205, 9217, 16272, 18759, 16828, 12002, 8348, 1723, 3481, 14115, 379, 8544, 264, 6015, 7672, 2253, 7364, 3706, 13796, 17139, 16125, 12059, 9623, 7185, 2418, 18230, 3087, 281, 4379, 1796, 8459, 4400, 17824, 2736, 16446, 13525, 15341, 3275, 7872, 1662, 7557, 4319, 15442, 7181, 10456, 4963, 17048, 16943, 12784, 3441, 5240, 9975, 13216, 17702, 11594, 13554, 6165, 19168, 16070, 3540, 3262, 10661, 4061, 13173, 2875, 17014, 4349, 10818, 8428, 16764, 14232, 8930, 15734, 17680, 7069, 15684, 17050, 18987, 6914, 6863, 19263, 10595, 150, 10039, 2722, 18223, 16444, 6559, 7258, 2661, 7699, 17136, 12773, 4247, 5723, 15194, 1696, 1500, 2807, 9893, 11835, 13240, 18313, 17107, 10265, 10244, 5570, 2862, 14049, 1012, 12861, 723, 9583, 17461, 10056, 1264, 8297, 3716, 14666, 15259, 13531, 543, 13723, 16810, 6700, 3516, 13766, 7186, 10692, 6321, 15484, 14547, 8744, 3703, 10383, 16829, 6366, 6846, 3906, 2021, 18133, 857, 279, 12232, 10212, 10541, 12325, 13475, 1225, 937, 6966, 10881, 16936, 18502, 1440, 11914, 3326, 5633, 14913, 4623, 10743, 12361, 17335, 1072, 5043, 14810, 15077, 3255, 17215, 6553, 17852, 4801, 6962, 3060, 9430, 8799, 13824, 188, 15175, 15163, 4733, 5011, 3536, 17635, 6532, 14071, 6112, 17158, 6597, 11272, 105, 19219, 5013, 12483, 201, 6848, 17033, 6367, 7859, 14702, 18844, 7053, 18694, 15670, 636, 10129, 6378, 5369, 7273, 16247, 9142, 15345, 16817, 14854, 2600, 15783, 889, 11833, 6612, 2068, 2427, 7062, 7918, 16181, 5464, 8339, 8950, 8453, 16423, 6064, 2380, 4268, 13929, 12974, 19141, 1299, 2484, 3883, 3273, 8772, 13256, 11239, 5766, 18098, 12705, 11004, 2695, 10048, 10960, 2766, 15661, 13258, 8015, 6032, 16397, 7749, 19039, 7634, 15076, 4234, 15114, 8475, 8091, 19220, 18004, 9704, 13918, 15569, 16443, 10015, 9943, 7817, 9349, 2588, 8249, 398, 5316, 15538, 18372, 13559, 2937, 2803, 16248, 6155, 630, 9911, 13190, 19157, 15788, 13248, 13148, 1320, 12074, 8471, 8798, 3213, 12418, 814, 2402, 12718, 12397, 10564, 9875, 10128, 6947, 9491, 17707, 3266, 19196, 14309, 18523, 19043, 17975, 18063, 11618, 15016, 14434, 7680, 1739, 18029, 11694, 1745, 9271, 5189, 9561, 11283, 14978, 10753, 16017, 12914, 978, 2828, 17257, 13135, 5061, 121, 6602, 16015, 19271, 12159, 1244, 8260, 13195, 15873, 12815, 14291, 14515, 118, 4892, 14985, 9551, 12654, 4739, 927, 12176, 9523, 11726, 18187, 5880, 2569, 3386, 13942, 3390, 15774, 129, 65, 12922, 8422, 12692, 16213, 11515, 2111, 8347, 10758, 14064, 4401, 17782, 15621, 6709, 14716, 4091, 13964, 8424, 4218, 7249, 11311, 11171, 18564, 14755, 7114, 14009, 14815, 294, 495, 7684, 6833, 4046, 3505, 16995, 17858, 7761, 15803, 9840, 13958, 8226, 10369, 12497, 17142, 1748, 2854, 7159, 11539, 11055, 13337, 17173, 14214, 6803, 11144, 12649, 283, 15489, 13174, 7015, 610, 7030, 18206, 14077, 15468, 14962, 8046, 7809, 17387, 16034, 16678, 1173, 3502, 12942, 15655, 16859, 7099, 1673, 446, 1365, 5881, 3713, 11697, 1897, 16001, 1702, 14149, 11876, 9341, 4325, 6923, 2001, 138, 3276, 18716, 17604, 10501, 115, 12800, 6111, 11148, 4549, 16057, 4707, 6843, 16091, 4295, 7519, 13708, 12409, 11018, 5052, 13566, 14715, 12755, 793, 10837, 1888, 12375, 3935, 5763, 11791, 11258, 13264, 11469, 4683, 8905, 1853, 11600, 4421, 2798, 5074, 18141, 13807, 8595, 8126, 13837, 8060, 6956, 11767, 14560, 9389, 15261, 1232, 12560, 7262, 11504, 3546, 4627, 1177, 517, 4008, 9219, 17696, 4148, 14124, 13243, 11235, 7561, 8331, 16320, 3591, 11341, 4015, 12028, 14929, 18601, 3528, 14065, 1510, 19191, 13833, 17616, 10869, 17689, 831, 16725, 6319, 15465, 10467, 8162, 13563, 7728, 10778, 13545, 12290, 16480, 14401, 12838, 4212, 17529, 4832, 15111, 12690, 10373, 7596, 18614, 17477, 1043, 13100, 4774, 17479, 3774, 9302, 3901, 13071, 6412, 9516, 1261, 3054, 13522, 17602, 14343, 18500, 10957, 2791, 9624, 3634, 17904, 5709, 14670, 11058, 7087, 7435, 13848, 82, 5565, 2562, 14029, 3583, 1676, 12709, 18473, 3158, 12787, 8068, 8263, 16146, 3593, 1802, 1861, 3348, 4487, 17749, 6105, 10471, 17472, 10200, 1182, 14180, 1076, 10156, 4839, 9903, 4879, 9720, 2157, 15344, 16067, 3064, 17182, 5368, 4987, 18484, 18923, 11896, 1052, 15727, 15289, 5885, 1933, 5251, 17072, 6038, 6195, 13524, 6606, 18506, 17536, 6784, 3231, 14121, 8925, 10030, 803, 13764, 146, 19268, 14099, 4130, 16372, 1537, 12248, 13718, 17187, 11728, 1740, 19233, 5600, 4092, 4779, 6028, 3395, 16152, 19150, 2417, 11980, 11237, 8427, 18127, 3538, 9257, 607, 2078, 18457, 5802, 3435, 15019, 4256, 9221, 13465, 11742, 5788, 9528, 17493, 4607, 3131, 6616, 5356, 1550, 4617, 8827, 849, 2601, 4437, 17861, 10261, 15704, 3890, 8149, 12063, 3086, 15925, 12301, 6847, 5603, 7768, 3187, 13372, 9258, 6584, 7594, 2603, 1835, 17380, 17193, 15251, 15937, 18731, 4082, 14911, 16626, 8824, 16208, 10167, 17711, 9678, 15852, 13620, 16479, 14586, 2446, 4866, 1315, 7746, 10615, 7927, 2443, 7157, 13506, 18410, 10494]",1543,1500,3,False,1500
2899,cooking recipe,cooking reci,11,True,True,False,"{21: 26, 33: 14, 2: 18, 29: 13, 25: 57, 43: 9, 57: 16, 49: 16, 61: 14, 67: 52, 65: 21, 50: 28, 15: 53, 6: 13, 46: 15, 27: 69, 7: 65, 48: 67, 19: 21, 31: 14, 63: 26, 22: 39, 9: 79, 26: 40, 47: 15, 53: 66, 11: 19, 51: 26, 54: 9, 13: 32, 17: 37, 52: 30, 39: 27, 38: 19, 1: 6, 59: 33, 56: 23, 32: 9, 8: 25, 4: 12, 20: 26, 24: 7, 18: 31, 42: 7, 28: 31, 45: 57, 0: 13, 66: 11, 62: 11, 35: 7, 64: 15, 37: 2, 40: 25, 3: 3, 14: 5, 12: 8, 16: 15, 55: 16, 30: 13, 58: 6, 36: 4, 60: 5, 5: 3, 41: 2, 44: 2, 34: 2}","[12686, 3384, 6034, 14374, 14516, 14680, 18580, 5912, 661, 4433, 14182, 14634, 14672, 13694, 17233, 12320, 12666, 7276, 14925, 15315, 1125, 14820, 3769, 14096, 12401, 14972, 14176, 4685, 4278, 5735, 7514, 16051, 15882, 4696, 17145, 19193, 12994, 9901, 13641, 15193, 6739, 9240, 1608, 14664, 18117, 5676, 15714, 5964, 5329, 16651, 15936, 14441, 15878, 18316, 14255, 18692, 5858, 4640, 10716, 13839, 16635, 2097, 11464, 12427, 2320, 14629, 7617, 16183, 16205, 2170, 4384, 6683, 5285, 18707, 6780, 4231, 2404, 4895, 18091, 2944, 13054, 3904, 3491, 9455, 15985, 10432, 8657, 15304, 9114, 5838, 5197, 17244, 6207, 3970, 17246, 3950, 6168, 8697, 6800, 9942, 11118, 8582, 6355, 15275, 4581, 12724, 11921, 1833, 523, 7619, 15729, 176, 8576, 3101, 1573, 1283, 11796, 11277, 2547, 1738, 6806, 15187, 7129, 5179, 5854, 16373, 9231, 6270, 777, 2062, 13249, 4144, 6325, 3924, 5350, 14414, 3142, 2249, 6444, 13582, 2833, 18030, 6483, 18404, 15057, 7482, 15001, 15872, 14584, 10835, 954, 7257, 1381, 17819, 17518, 6497, 14430, 4901, 16466, 10805, 132, 7506, 755, 14427, 12119, 16613, 19042, 14994, 11257, 8042, 2144, 5966, 1580, 8010, 2550, 10684, 14088, 5037, 8764, 17076, 14185, 15984, 5299, 16601, 19182, 13197, 14561, 12605, 17010, 2703, 6715, 11207, 10188, 212, 2293, 17676, 1720, 5934, 112, 8568, 15870, 3226, 4524, 4431, 5141, 5383, 7609, 12807, 19001, 14368, 6704, 14903, 4172, 117, 18698, 1699, 16558, 7518, 10618, 2110, 10308, 7828, 6623, 17644, 4449, 951, 13858, 15106, 8402, 916, 4771, 8608, 6448, 6656, 13547, 2814, 8336, 8093, 6398, 637, 9909, 10621, 786, 14146, 17292, 9457, 3, 2884, 14785, 10504, 16361, 8181, 17690, 654, 11067, 18741, 386, 18208, 10130, 8079, 7082, 14740, 8076, 18619, 14428, 10992, 12679, 9431, 18328, 13606, 7641, 13542, 1002, 11975, 15646, 19078, 1352, 8683, 16053, 11763, 14823, 7059, 4995, 3754, 6213, 10090, 19084, 1973, 8131, 5353, 836, 13960, 3217, 4885, 9645, 16941, 14750, 13171, 9132, 1355, 4440, 15747, 8233, 6008, 12781, 16749, 13905, 18198, 5033, 2910, 16502, 1233, 965, 16926, 3944, 13518, 18213, 12739, 9972, 14609, 5764, 6128, 9532, 12680, 3672, 5458, 6822, 11547, 3163, 8040, 14081, 8369, 18182, 17541, 11552, 12451, 15074, 1783, 17730, 1690, 16992, 2490, 2459, 18065, 320, 18311, 45, 9495, 4572, 544, 12731, 16811, 15096, 14957, 4594, 16607, 2449, 7791, 13659, 8892, 1713, 17336, 6598, 13832, 10495, 18937, 3067, 3473, 12715, 13492, 14787, 16503, 17899, 16638, 2408, 7141, 10590, 2917, 14650, 12571, 4321, 2855, 1829, 3736, 3381, 11069, 16093, 15201, 14311, 9836, 18289, 16899, 897, 13981, 12223, 8884, 15721, 7778, 13648, 5737, 6550, 19249, 2715, 447, 12941, 8915, 18963, 16291, 760, 5869, 3635, 3439, 6740, 5003, 3174, 2945, 16056, 4860, 11216, 7363, 1147, 12124, 9764, 11245, 4361, 7784, 16285, 17057, 11203, 5114, 17655, 12056, 17890, 7741, 15799, 10258, 16088, 19222, 15303, 1433, 5991, 322, 2322, 3156, 9940, 7814, 17068, 16968, 10018, 1991, 11946, 8705, 10371, 4619, 11074, 2034, 15550, 11743, 18666, 13494, 14175, 13948, 15123, 11154, 10397, 1701, 4770, 839, 12085, 16500, 16241, 1535, 18782, 2221, 539, 18405, 4245, 103, 1571, 16945, 12196, 9441, 1732, 1367, 3596, 4794, 7230, 5245, 17483, 2955, 2003, 11509, 4044, 12934, 3456, 16693, 593, 4582, 14076, 10972, 1965, 7227, 14324, 8658, 3772, 8355, 11889, 1908, 2684, 10026, 1666, 16507, 5589, 9295, 8389, 2099, 18653, 13808, 19147, 6675, 10970, 2788, 19028, 16983, 16166, 9845, 8160, 11381, 10088, 10333, 11716, 14695, 12697, 4365, 3747, 17296, 11904, 74, 7047, 10639, 13094, 940, 10478, 2032, 6642, 14896, 10840, 5430, 5556, 12597, 2183, 18403, 4252, 14613, 18283, 8790, 12140, 13540, 13353, 14114, 13297, 4056, 14038, 11299, 13770, 11433, 14285, 1526, 1955, 15711, 255, 12481, 612, 1635, 4886, 357, 11434, 9524, 13106, 2607, 5391, 9406, 2331, 624, 2749, 17849, 9829, 11436, 18426, 9481, 18550, 15647, 532, 11720, 11824, 15610, 15741, 7902, 13558, 17967, 14539, 17889, 4631, 1238, 16921, 7787, 15293, 3108, 8215, 2851, 4514, 12938, 16730, 17178, 4890, 17960, 4725, 7917, 3191, 8231, 16341, 8195, 10913, 2173, 5557, 2637, 16896, 5806, 1815, 1451, 8864, 2290, 12108, 5328, 6203, 2431, 7508, 17898, 17188, 6897, 1199, 15526, 18437, 6631, 8644, 16917, 14964, 14233, 2454, 584, 4830, 7199, 4180, 14889, 5761, 13756, 6917, 7756, 18880, 15095, 1816, 14070, 16252, 7429, 16589, 1631, 15968, 15221, 12478, 18594, 1477, 5637, 12058, 1205, 13397, 9107, 18654, 1968, 3759, 13147, 14144, 14973, 12452, 18020, 13592, 17920, 13687, 11335, 7207, 418, 7834, 778, 12982, 10688, 9031, 509, 9601, 9780, 17040, 12023, 3916, 91, 6536, 18535, 7547, 15240, 707, 14533, 15064, 17012, 16805, 8637, 5969, 16221, 1940, 13307, 4717, 12615, 18220, 11028, 12170, 1743, 2376, 12415, 14220, 18827, 1294, 18543, 6977, 15309, 11778, 11842, 17103, 3857, 4637, 12162, 19169, 17166, 18237, 17818, 9507, 19022, 5790, 19112, 15611, 1118, 15184, 18703, 1817, 15530, 16579, 8437, 11839, 11378, 3537, 9205, 9217, 16272, 18759, 16828, 12002, 8348, 1723, 3481, 14115, 379, 8544, 264, 6015, 7672, 2253, 7364, 3706, 13796, 17139, 16125, 12059, 9623, 7185, 2418, 18230, 3087, 281, 4379, 1796, 8459, 4400, 17824, 2736, 16446, 13525, 15341, 3275, 7872, 1662, 7557, 4319, 15442, 7181, 10456, 4963, 17048, 16943, 12784, 3441, 5240, 9975, 13216, 17702, 11594, 13554, 6165, 19168, 16070, 3540, 3262, 10661, 4061, 13173, 2875, 17014, 4349, 10818, 8428, 16764, 14232, 8930, 15734, 17680, 7069, 15684, 17050, 18987, 6914, 6863, 19263, 10595, 150, 10039, 2722, 18223, 16444, 6559, 7258, 2661, 7699, 17136, 12773, 4247, 5723, 15194, 1696, 1500, 2807, 9893, 11835, 13240, 18313, 17107, 10265, 10244, 5570, 2862, 14049, 1012, 12861, 723, 9583, 17461, 10056, 1264, 8297, 3716, 14666, 15259, 13531, 543, 13723, 16810, 6700, 3516, 13766, 7186, 10692, 6321, 15484, 14547, 8744, 3703, 10383, 16829, 6366, 6846, 3906, 2021, 18133, 857, 279, 12232, 10212, 10541, 12325, 13475, 1225, 937, 6966, 10881, 16936, 18502, 1440, 11914, 3326, 5633, 14913, 4623, 10743, 12361, 17335, 1072, 5043, 14810, 15077, 3255, 17215, 6553, 17852, 4801, 6962, 3060, 9430, 8799, 13824, 188, 15175, 15163, 4733, 5011, 3536, 17635, 6532, 14071, 6112, 17158, 6597, 11272, 105, 19219, 5013, 12483, 201, 6848, 17033, 6367, 7859, 14702, 18844, 7053, 18694, 15670, 636, 10129, 6378, 5369, 7273, 16247, 9142, 15345, 16817, 14854, 2600, 15783, 889, 11833, 6612, 2068, 2427, 7062, 7918, 16181, 5464, 8339, 8950, 8453, 16423, 6064, 2380, 4268, 13929, 12974, 19141, 1299, 2484, 3883, 3273, 8772, 13256, 11239, 5766, 18098, 12705, 11004, 2695, 10048, 10960, 2766, 15661, 13258, 8015, 6032, 16397, 7749, 19039, 7634, 15076, 4234, 15114, 8475, 8091, 19220, 18004, 9704, 13918, 15569, 16443, 10015, 9943, 7817, 9349, 2588, 8249, 398, 5316, 15538, 18372, 13559, 2937, 2803, 16248, 6155, 630, 9911, 13190, 19157, 15788, 13248, 13148, 1320, 12074, 8471, 8798, 3213, 12418, 814, 2402, 12718, 12397, 10564, 9875, 10128, 6947, 9491, 17707, 3266, 19196, 14309, 18523, 19043, 17975, 18063, 11618, 15016, 14434, 7680, 1739, 18029, 11694, 1745, 9271, 5189, 9561, 11283, 14978, 10753, 16017, 12914, 978, 2828, 17257, 13135, 5061, 121, 6602, 16015, 19271, 12159, 1244, 8260, 13195, 15873, 12815, 14291, 14515, 118, 4892, 14985, 9551, 12654, 4739, 927, 12176, 9523, 11726, 18187, 5880, 2569, 3386, 13942, 3390, 15774, 129, 65, 12922, 8422, 12692, 16213, 11515, 2111, 8347, 10758, 14064, 4401, 17782, 15621, 6709, 14716, 4091, 13964, 8424, 4218, 7249, 11311, 11171, 18564, 14755, 7114, 14009, 14815, 294, 495, 7684, 6833, 4046, 3505, 16995, 17858, 7761, 15803, 9840, 13958, 8226, 10369, 12497, 17142, 1748, 2854, 7159, 11539, 11055, 13337, 17173, 14214, 6803, 11144, 12649, 283, 15489, 13174, 7015, 610, 7030, 18206, 14077, 15468, 14962, 8046, 7809, 17387, 16034, 16678, 1173, 3502, 12942, 15655, 16859, 7099, 1673, 446, 1365, 5881, 3713, 11697, 1897, 16001, 1702, 14149, 11876, 9341, 4325, 6923, 2001, 138, 3276, 18716, 17604, 10501, 115, 12800, 6111, 11148, 4549, 16057, 4707, 6843, 16091, 4295, 7519, 13708, 12409, 11018, 5052, 13566, 14715, 12755, 793, 10837, 1888, 12375, 3935, 5763, 11791, 11258, 13264, 11469, 4683, 8905, 1853, 11600, 4421, 2798, 5074, 18141, 13807, 8595, 8126, 13837, 8060, 6956, 11767, 14560, 9389, 15261, 1232, 12560, 7262, 11504, 3546, 4627, 1177, 517, 4008, 9219, 17696, 4148, 14124, 13243, 11235, 7561, 8331, 16320, 3591, 11341, 4015, 12028, 14929, 18601, 3528, 14065, 1510, 19191, 13833, 17616, 10869, 17689, 831, 16725, 6319, 15465, 10467, 8162, 13563, 7728, 10778, 13545, 12290, 16480, 14401, 12838, 4212, 17529, 4832, 15111, 12690, 10373, 7596, 18614, 17477, 1043, 13100, 4774, 17479, 3774, 9302, 3901, 13071, 6412, 9516, 1261, 3054, 13522, 17602, 14343, 18500, 10957, 2791, 9624, 3634, 17904, 5709, 14670, 11058, 7087, 7435, 13848, 82, 5565, 2562, 14029, 3583, 1676, 12709, 18473, 3158, 12787, 8068, 8263, 16146, 3593, 1802, 1861, 3348, 4487, 17749, 6105, 10471, 17472, 10200, 1182, 14180, 1076, 10156, 4839, 9903, 4879, 9720, 2157, 15344, 16067, 3064, 17182, 5368, 4987, 18484, 18923, 11896, 1052, 15727, 15289, 5885, 1933, 5251, 17072, 6038, 6195, 13524, 6606, 18506, 17536, 6784, 3231, 14121, 8925, 10030, 803, 13764, 146, 19268, 14099, 4130, 16372, 1537, 12248, 13718, 17187, 11728, 1740, 19233, 5600, 4092, 4779, 6028, 3395, 16152, 19150, 2417, 11980, 11237, 8427, 18127, 3538, 9257, 607, 2078, 18457, 5802, 3435, 15019, 4256, 9221, 13465, 11742, 5788, 9528, 17493, 4607, 3131, 6616, 5356, 1550, 4617, 8827, 849, 2601, 4437, 17861, 10261, 15704, 3890, 8149, 12063, 3086, 15925, 12301, 6847, 5603, 7768, 3187, 13372, 9258, 6584, 7594, 2603, 1835, 17380, 17193, 15251, 15937, 18731, 4082, 14911, 16626, 8824, 16208, 10167, 17711, 9678, 15852, 13620, 16479, 14586, 2446, 4866, 1315, 7746, 10615, 7927, 2443, 7157, 13506, 18410, 10494]",2899,1500,3,False,1500
3407,news query,news,45,True,True,False,"{21: 26, 33: 14, 2: 18, 29: 13, 25: 57, 43: 9, 57: 16, 49: 16, 61: 14, 67: 52, 65: 21, 50: 28, 15: 53, 6: 13, 46: 15, 27: 69, 7: 65, 48: 67, 19: 21, 31: 14, 63: 26, 22: 39, 9: 79, 26: 40, 47: 15, 53: 66, 11: 19, 51: 26, 54: 9, 13: 32, 17: 37, 52: 30, 39: 27, 38: 19, 1: 6, 59: 33, 56: 23, 32: 9, 8: 25, 4: 12, 20: 26, 24: 7, 18: 31, 42: 7, 28: 31, 45: 57, 0: 13, 66: 11, 62: 11, 35: 7, 64: 15, 37: 2, 40: 25, 3: 3, 14: 5, 12: 8, 16: 15, 55: 16, 30: 13, 58: 6, 36: 4, 60: 5, 5: 3, 41: 2, 44: 2, 34: 2}","[12686, 3384, 6034, 14374, 14516, 14680, 18580, 5912, 661, 4433, 14182, 14634, 14672, 13694, 17233, 12320, 12666, 7276, 14925, 15315, 1125, 14820, 3769, 14096, 12401, 14972, 14176, 4685, 4278, 5735, 7514, 16051, 15882, 4696, 17145, 19193, 12994, 9901, 13641, 15193, 6739, 9240, 1608, 14664, 18117, 5676, 15714, 5964, 5329, 16651, 15936, 14441, 15878, 18316, 14255, 18692, 5858, 4640, 10716, 13839, 16635, 2097, 11464, 12427, 2320, 14629, 7617, 16183, 16205, 2170, 4384, 6683, 5285, 18707, 6780, 4231, 2404, 4895, 18091, 2944, 13054, 3904, 3491, 9455, 15985, 10432, 8657, 15304, 9114, 5838, 5197, 17244, 6207, 3970, 17246, 3950, 6168, 8697, 6800, 9942, 11118, 8582, 6355, 15275, 4581, 12724, 11921, 1833, 523, 7619, 15729, 176, 8576, 3101, 1573, 1283, 11796, 11277, 2547, 1738, 6806, 15187, 7129, 5179, 5854, 16373, 9231, 6270, 777, 2062, 13249, 4144, 6325, 3924, 5350, 14414, 3142, 2249, 6444, 13582, 2833, 18030, 6483, 18404, 15057, 7482, 15001, 15872, 14584, 10835, 954, 7257, 1381, 17819, 17518, 6497, 14430, 4901, 16466, 10805, 132, 7506, 755, 14427, 12119, 16613, 19042, 14994, 11257, 8042, 2144, 5966, 1580, 8010, 2550, 10684, 14088, 5037, 8764, 17076, 14185, 15984, 5299, 16601, 19182, 13197, 14561, 12605, 17010, 2703, 6715, 11207, 10188, 212, 2293, 17676, 1720, 5934, 112, 8568, 15870, 3226, 4524, 4431, 5141, 5383, 7609, 12807, 19001, 14368, 6704, 14903, 4172, 117, 18698, 1699, 16558, 7518, 10618, 2110, 10308, 7828, 6623, 17644, 4449, 951, 13858, 15106, 8402, 916, 4771, 8608, 6448, 6656, 13547, 2814, 8336, 8093, 6398, 637, 9909, 10621, 786, 14146, 17292, 9457, 3, 2884, 14785, 10504, 16361, 8181, 17690, 654, 11067, 18741, 386, 18208, 10130, 8079, 7082, 14740, 8076, 18619, 14428, 10992, 12679, 9431, 18328, 13606, 7641, 13542, 1002, 11975, 15646, 19078, 1352, 8683, 16053, 11763, 14823, 7059, 4995, 3754, 6213, 10090, 19084, 1973, 8131, 5353, 836, 13960, 3217, 4885, 9645, 16941, 14750, 13171, 9132, 1355, 4440, 15747, 8233, 6008, 12781, 16749, 13905, 18198, 5033, 2910, 16502, 1233, 965, 16926, 3944, 13518, 18213, 12739, 9972, 14609, 5764, 6128, 9532, 12680, 3672, 5458, 6822, 11547, 3163, 8040, 14081, 8369, 18182, 17541, 11552, 12451, 15074, 1783, 17730, 1690, 16992, 2490, 2459, 18065, 320, 18311, 45, 9495, 4572, 544, 12731, 16811, 15096, 14957, 4594, 16607, 2449, 7791, 13659, 8892, 1713, 17336, 6598, 13832, 10495, 18937, 3067, 3473, 12715, 13492, 14787, 16503, 17899, 16638, 2408, 7141, 10590, 2917, 14650, 12571, 4321, 2855, 1829, 3736, 3381, 11069, 16093, 15201, 14311, 9836, 18289, 16899, 897, 13981, 12223, 8884, 15721, 7778, 13648, 5737, 6550, 19249, 2715, 447, 12941, 8915, 18963, 16291, 760, 5869, 3635, 3439, 6740, 5003, 3174, 2945, 16056, 4860, 11216, 7363, 1147, 12124, 9764, 11245, 4361, 7784, 16285, 17057, 11203, 5114, 17655, 12056, 17890, 7741, 15799, 10258, 16088, 19222, 15303, 1433, 5991, 322, 2322, 3156, 9940, 7814, 17068, 16968, 10018, 1991, 11946, 8705, 10371, 4619, 11074, 2034, 15550, 11743, 18666, 13494, 14175, 13948, 15123, 11154, 10397, 1701, 4770, 839, 12085, 16500, 16241, 1535, 18782, 2221, 539, 18405, 4245, 103, 1571, 16945, 12196, 9441, 1732, 1367, 3596, 4794, 7230, 5245, 17483, 2955, 2003, 11509, 4044, 12934, 3456, 16693, 593, 4582, 14076, 10972, 1965, 7227, 14324, 8658, 3772, 8355, 11889, 1908, 2684, 10026, 1666, 16507, 5589, 9295, 8389, 2099, 18653, 13808, 19147, 6675, 10970, 2788, 19028, 16983, 16166, 9845, 8160, 11381, 10088, 10333, 11716, 14695, 12697, 4365, 3747, 17296, 11904, 74, 7047, 10639, 13094, 940, 10478, 2032, 6642, 14896, 10840, 5430, 5556, 12597, 2183, 18403, 4252, 14613, 18283, 8790, 12140, 13540, 13353, 14114, 13297, 4056, 14038, 11299, 13770, 11433, 14285, 1526, 1955, 15711, 255, 12481, 612, 1635, 4886, 357, 11434, 9524, 13106, 2607, 5391, 9406, 2331, 624, 2749, 17849, 9829, 11436, 18426, 9481, 18550, 15647, 532, 11720, 11824, 15610, 15741, 7902, 13558, 17967, 14539, 17889, 4631, 1238, 16921, 7787, 15293, 3108, 8215, 2851, 4514, 12938, 16730, 17178, 4890, 17960, 4725, 7917, 3191, 8231, 16341, 8195, 10913, 2173, 5557, 2637, 16896, 5806, 1815, 1451, 8864, 2290, 12108, 5328, 6203, 2431, 7508, 17898, 17188, 6897, 1199, 15526, 18437, 6631, 8644, 16917, 14964, 14233, 2454, 584, 4830, 7199, 4180, 14889, 5761, 13756, 6917, 7756, 18880, 15095, 1816, 14070, 16252, 7429, 16589, 1631, 15968, 15221, 12478, 18594, 1477, 5637, 12058, 1205, 13397, 9107, 18654, 1968, 3759, 13147, 14144, 14973, 12452, 18020, 13592, 17920, 13687, 11335, 7207, 418, 7834, 778, 12982, 10688, 9031, 509, 9601, 9780, 17040, 12023, 3916, 91, 6536, 18535, 7547, 15240, 707, 14533, 15064, 17012, 16805, 8637, 5969, 16221, 1940, 13307, 4717, 12615, 18220, 11028, 12170, 1743, 2376, 12415, 14220, 18827, 1294, 18543, 6977, 15309, 11778, 11842, 17103, 3857, 4637, 12162, 19169, 17166, 18237, 17818, 9507, 19022, 5790, 19112, 15611, 1118, 15184, 18703, 1817, 15530, 16579, 8437, 11839, 11378, 3537, 9205, 9217, 16272, 18759, 16828, 12002, 8348, 1723, 3481, 14115, 379, 8544, 264, 6015, 7672, 2253, 7364, 3706, 13796, 17139, 16125, 12059, 9623, 7185, 2418, 18230, 3087, 281, 4379, 1796, 8459, 4400, 17824, 2736, 16446, 13525, 15341, 3275, 7872, 1662, 7557, 4319, 15442, 7181, 10456, 4963, 17048, 16943, 12784, 3441, 5240, 9975, 13216, 17702, 11594, 13554, 6165, 19168, 16070, 3540, 3262, 10661, 4061, 13173, 2875, 17014, 4349, 10818, 8428, 16764, 14232, 8930, 15734, 17680, 7069, 15684, 17050, 18987, 6914, 6863, 19263, 10595, 150, 10039, 2722, 18223, 16444, 6559, 7258, 2661, 7699, 17136, 12773, 4247, 5723, 15194, 1696, 1500, 2807, 9893, 11835, 13240, 18313, 17107, 10265, 10244, 5570, 2862, 14049, 1012, 12861, 723, 9583, 17461, 10056, 1264, 8297, 3716, 14666, 15259, 13531, 543, 13723, 16810, 6700, 3516, 13766, 7186, 10692, 6321, 15484, 14547, 8744, 3703, 10383, 16829, 6366, 6846, 3906, 2021, 18133, 857, 279, 12232, 10212, 10541, 12325, 13475, 1225, 937, 6966, 10881, 16936, 18502, 1440, 11914, 3326, 5633, 14913, 4623, 10743, 12361, 17335, 1072, 5043, 14810, 15077, 3255, 17215, 6553, 17852, 4801, 6962, 3060, 9430, 8799, 13824, 188, 15175, 15163, 4733, 5011, 3536, 17635, 6532, 14071, 6112, 17158, 6597, 11272, 105, 19219, 5013, 12483, 201, 6848, 17033, 6367, 7859, 14702, 18844, 7053, 18694, 15670, 636, 10129, 6378, 5369, 7273, 16247, 9142, 15345, 16817, 14854, 2600, 15783, 889, 11833, 6612, 2068, 2427, 7062, 7918, 16181, 5464, 8339, 8950, 8453, 16423, 6064, 2380, 4268, 13929, 12974, 19141, 1299, 2484, 3883, 3273, 8772, 13256, 11239, 5766, 18098, 12705, 11004, 2695, 10048, 10960, 2766, 15661, 13258, 8015, 6032, 16397, 7749, 19039, 7634, 15076, 4234, 15114, 8475, 8091, 19220, 18004, 9704, 13918, 15569, 16443, 10015, 9943, 7817, 9349, 2588, 8249, 398, 5316, 15538, 18372, 13559, 2937, 2803, 16248, 6155, 630, 9911, 13190, 19157, 15788, 13248, 13148, 1320, 12074, 8471, 8798, 3213, 12418, 814, 2402, 12718, 12397, 10564, 9875, 10128, 6947, 9491, 17707, 3266, 19196, 14309, 18523, 19043, 17975, 18063, 11618, 15016, 14434, 7680, 1739, 18029, 11694, 1745, 9271, 5189, 9561, 11283, 14978, 10753, 16017, 12914, 978, 2828, 17257, 13135, 5061, 121, 6602, 16015, 19271, 12159, 1244, 8260, 13195, 15873, 12815, 14291, 14515, 118, 4892, 14985, 9551, 12654, 4739, 927, 12176, 9523, 11726, 18187, 5880, 2569, 3386, 13942, 3390, 15774, 129, 65, 12922, 8422, 12692, 16213, 11515, 2111, 8347, 10758, 14064, 4401, 17782, 15621, 6709, 14716, 4091, 13964, 8424, 4218, 7249, 11311, 11171, 18564, 14755, 7114, 14009, 14815, 294, 495, 7684, 6833, 4046, 3505, 16995, 17858, 7761, 15803, 9840, 13958, 8226, 10369, 12497, 17142, 1748, 2854, 7159, 11539, 11055, 13337, 17173, 14214, 6803, 11144, 12649, 283, 15489, 13174, 7015, 610, 7030, 18206, 14077, 15468, 14962, 8046, 7809, 17387, 16034, 16678, 1173, 3502, 12942, 15655, 16859, 7099, 1673, 446, 1365, 5881, 3713, 11697, 1897, 16001, 1702, 14149, 11876, 9341, 4325, 6923, 2001, 138, 3276, 18716, 17604, 10501, 115, 12800, 6111, 11148, 4549, 16057, 4707, 6843, 16091, 4295, 7519, 13708, 12409, 11018, 5052, 13566, 14715, 12755, 793, 10837, 1888, 12375, 3935, 5763, 11791, 11258, 13264, 11469, 4683, 8905, 1853, 11600, 4421, 2798, 5074, 18141, 13807, 8595, 8126, 13837, 8060, 6956, 11767, 14560, 9389, 15261, 1232, 12560, 7262, 11504, 3546, 4627, 1177, 517, 4008, 9219, 17696, 4148, 14124, 13243, 11235, 7561, 8331, 16320, 3591, 11341, 4015, 12028, 14929, 18601, 3528, 14065, 1510, 19191, 13833, 17616, 10869, 17689, 831, 16725, 6319, 15465, 10467, 8162, 13563, 7728, 10778, 13545, 12290, 16480, 14401, 12838, 4212, 17529, 4832, 15111, 12690, 10373, 7596, 18614, 17477, 1043, 13100, 4774, 17479, 3774, 9302, 3901, 13071, 6412, 9516, 1261, 3054, 13522, 17602, 14343, 18500, 10957, 2791, 9624, 3634, 17904, 5709, 14670, 11058, 7087, 7435, 13848, 82, 5565, 2562, 14029, 3583, 1676, 12709, 18473, 3158, 12787, 8068, 8263, 16146, 3593, 1802, 1861, 3348, 4487, 17749, 6105, 10471, 17472, 10200, 1182, 14180, 1076, 10156, 4839, 9903, 4879, 9720, 2157, 15344, 16067, 3064, 17182, 5368, 4987, 18484, 18923, 11896, 1052, 15727, 15289, 5885, 1933, 5251, 17072, 6038, 6195, 13524, 6606, 18506, 17536, 6784, 3231, 14121, 8925, 10030, 803, 13764, 146, 19268, 14099, 4130, 16372, 1537, 12248, 13718, 17187, 11728, 1740, 19233, 5600, 4092, 4779, 6028, 3395, 16152, 19150, 2417, 11980, 11237, 8427, 18127, 3538, 9257, 607, 2078, 18457, 5802, 3435, 15019, 4256, 9221, 13465, 11742, 5788, 9528, 17493, 4607, 3131, 6616, 5356, 1550, 4617, 8827, 849, 2601, 4437, 17861, 10261, 15704, 3890, 8149, 12063, 3086, 15925, 12301, 6847, 5603, 7768, 3187, 13372, 9258, 6584, 7594, 2603, 1835, 17380, 17193, 15251, 15937, 18731, 4082, 14911, 16626, 8824, 16208, 10167, 17711, 9678, 15852, 13620, 16479, 14586, 2446, 4866, 1315, 7746, 10615, 7927, 2443, 7157, 13506, 18410, 10494]",3407,1500,3,False,1500
6290,general praise,general pra,26,True,True,False,"{21: 26, 33: 14, 2: 18, 29: 13, 25: 57, 43: 9, 57: 16, 49: 16, 61: 14, 67: 52, 65: 21, 50: 28, 15: 53, 6: 13, 46: 15, 27: 69, 7: 65, 48: 67, 19: 21, 31: 14, 63: 26, 22: 39, 9: 79, 26: 40, 47: 15, 53: 66, 11: 19, 51: 26, 54: 9, 13: 32, 17: 37, 52: 30, 39: 27, 38: 19, 1: 6, 59: 33, 56: 23, 32: 9, 8: 25, 4: 12, 20: 26, 24: 7, 18: 31, 42: 7, 28: 31, 45: 57, 0: 13, 66: 11, 62: 11, 35: 7, 64: 15, 37: 2, 40: 25, 3: 3, 14: 5, 12: 8, 16: 15, 55: 16, 30: 13, 58: 6, 36: 4, 60: 5, 5: 3, 41: 2, 44: 2, 34: 2}","[12686, 3384, 6034, 14374, 14516, 14680, 18580, 5912, 661, 4433, 14182, 14634, 14672, 13694, 17233, 12320, 12666, 7276, 14925, 15315, 1125, 14820, 3769, 14096, 12401, 14972, 14176, 4685, 4278, 5735, 7514, 16051, 15882, 4696, 17145, 19193, 12994, 9901, 13641, 15193, 6739, 9240, 1608, 14664, 18117, 5676, 15714, 5964, 5329, 16651, 15936, 14441, 15878, 18316, 14255, 18692, 5858, 4640, 10716, 13839, 16635, 2097, 11464, 12427, 2320, 14629, 7617, 16183, 16205, 2170, 4384, 6683, 5285, 18707, 6780, 4231, 2404, 4895, 18091, 2944, 13054, 3904, 3491, 9455, 15985, 10432, 8657, 15304, 9114, 5838, 5197, 17244, 6207, 3970, 17246, 3950, 6168, 8697, 6800, 9942, 11118, 8582, 6355, 15275, 4581, 12724, 11921, 1833, 523, 7619, 15729, 176, 8576, 3101, 1573, 1283, 11796, 11277, 2547, 1738, 6806, 15187, 7129, 5179, 5854, 16373, 9231, 6270, 777, 2062, 13249, 4144, 6325, 3924, 5350, 14414, 3142, 2249, 6444, 13582, 2833, 18030, 6483, 18404, 15057, 7482, 15001, 15872, 14584, 10835, 954, 7257, 1381, 17819, 17518, 6497, 14430, 4901, 16466, 10805, 132, 7506, 755, 14427, 12119, 16613, 19042, 14994, 11257, 8042, 2144, 5966, 1580, 8010, 2550, 10684, 14088, 5037, 8764, 17076, 14185, 15984, 5299, 16601, 19182, 13197, 14561, 12605, 17010, 2703, 6715, 11207, 10188, 212, 2293, 17676, 1720, 5934, 112, 8568, 15870, 3226, 4524, 4431, 5141, 5383, 7609, 12807, 19001, 14368, 6704, 14903, 4172, 117, 18698, 1699, 16558, 7518, 10618, 2110, 10308, 7828, 6623, 17644, 4449, 951, 13858, 15106, 8402, 916, 4771, 8608, 6448, 6656, 13547, 2814, 8336, 8093, 6398, 637, 9909, 10621, 786, 14146, 17292, 9457, 3, 2884, 14785, 10504, 16361, 8181, 17690, 654, 11067, 18741, 386, 18208, 10130, 8079, 7082, 14740, 8076, 18619, 14428, 10992, 12679, 9431, 18328, 13606, 7641, 13542, 1002, 11975, 15646, 19078, 1352, 8683, 16053, 11763, 14823, 7059, 4995, 3754, 6213, 10090, 19084, 1973, 8131, 5353, 836, 13960, 3217, 4885, 9645, 16941, 14750, 13171, 9132, 1355, 4440, 15747, 8233, 6008, 12781, 16749, 13905, 18198, 5033, 2910, 16502, 1233, 965, 16926, 3944, 13518, 18213, 12739, 9972, 14609, 5764, 6128, 9532, 12680, 3672, 5458, 6822, 11547, 3163, 8040, 14081, 8369, 18182, 17541, 11552, 12451, 15074, 1783, 17730, 1690, 16992, 2490, 2459, 18065, 320, 18311, 45, 9495, 4572, 544, 12731, 16811, 15096, 14957, 4594, 16607, 2449, 7791, 13659, 8892, 1713, 17336, 6598, 13832, 10495, 18937, 3067, 3473, 12715, 13492, 14787, 16503, 17899, 16638, 2408, 7141, 10590, 2917, 14650, 12571, 4321, 2855, 1829, 3736, 3381, 11069, 16093, 15201, 14311, 9836, 18289, 16899, 897, 13981, 12223, 8884, 15721, 7778, 13648, 5737, 6550, 19249, 2715, 447, 12941, 8915, 18963, 16291, 760, 5869, 3635, 3439, 6740, 5003, 3174, 2945, 16056, 4860, 11216, 7363, 1147, 12124, 9764, 11245, 4361, 7784, 16285, 17057, 11203, 5114, 17655, 12056, 17890, 7741, 15799, 10258, 16088, 19222, 15303, 1433, 5991, 322, 2322, 3156, 9940, 7814, 17068, 16968, 10018, 1991, 11946, 8705, 10371, 4619, 11074, 2034, 15550, 11743, 18666, 13494, 14175, 13948, 15123, 11154, 10397, 1701, 4770, 839, 12085, 16500, 16241, 1535, 18782, 2221, 539, 18405, 4245, 103, 1571, 16945, 12196, 9441, 1732, 1367, 3596, 4794, 7230, 5245, 17483, 2955, 2003, 11509, 4044, 12934, 3456, 16693, 593, 4582, 14076, 10972, 1965, 7227, 14324, 8658, 3772, 8355, 11889, 1908, 2684, 10026, 1666, 16507, 5589, 9295, 8389, 2099, 18653, 13808, 19147, 6675, 10970, 2788, 19028, 16983, 16166, 9845, 8160, 11381, 10088, 10333, 11716, 14695, 12697, 4365, 3747, 17296, 11904, 74, 7047, 10639, 13094, 940, 10478, 2032, 6642, 14896, 10840, 5430, 5556, 12597, 2183, 18403, 4252, 14613, 18283, 8790, 12140, 13540, 13353, 14114, 13297, 4056, 14038, 11299, 13770, 11433, 14285, 1526, 1955, 15711, 255, 12481, 612, 1635, 4886, 357, 11434, 9524, 13106, 2607, 5391, 9406, 2331, 624, 2749, 17849, 9829, 11436, 18426, 9481, 18550, 15647, 532, 11720, 11824, 15610, 15741, 7902, 13558, 17967, 14539, 17889, 4631, 1238, 16921, 7787, 15293, 3108, 8215, 2851, 4514, 12938, 16730, 17178, 4890, 17960, 4725, 7917, 3191, 8231, 16341, 8195, 10913, 2173, 5557, 2637, 16896, 5806, 1815, 1451, 8864, 2290, 12108, 5328, 6203, 2431, 7508, 17898, 17188, 6897, 1199, 15526, 18437, 6631, 8644, 16917, 14964, 14233, 2454, 584, 4830, 7199, 4180, 14889, 5761, 13756, 6917, 7756, 18880, 15095, 1816, 14070, 16252, 7429, 16589, 1631, 15968, 15221, 12478, 18594, 1477, 5637, 12058, 1205, 13397, 9107, 18654, 1968, 3759, 13147, 14144, 14973, 12452, 18020, 13592, 17920, 13687, 11335, 7207, 418, 7834, 778, 12982, 10688, 9031, 509, 9601, 9780, 17040, 12023, 3916, 91, 6536, 18535, 7547, 15240, 707, 14533, 15064, 17012, 16805, 8637, 5969, 16221, 1940, 13307, 4717, 12615, 18220, 11028, 12170, 1743, 2376, 12415, 14220, 18827, 1294, 18543, 6977, 15309, 11778, 11842, 17103, 3857, 4637, 12162, 19169, 17166, 18237, 17818, 9507, 19022, 5790, 19112, 15611, 1118, 15184, 18703, 1817, 15530, 16579, 8437, 11839, 11378, 3537, 9205, 9217, 16272, 18759, 16828, 12002, 8348, 1723, 3481, 14115, 379, 8544, 264, 6015, 7672, 2253, 7364, 3706, 13796, 17139, 16125, 12059, 9623, 7185, 2418, 18230, 3087, 281, 4379, 1796, 8459, 4400, 17824, 2736, 16446, 13525, 15341, 3275, 7872, 1662, 7557, 4319, 15442, 7181, 10456, 4963, 17048, 16943, 12784, 3441, 5240, 9975, 13216, 17702, 11594, 13554, 6165, 19168, 16070, 3540, 3262, 10661, 4061, 13173, 2875, 17014, 4349, 10818, 8428, 16764, 14232, 8930, 15734, 17680, 7069, 15684, 17050, 18987, 6914, 6863, 19263, 10595, 150, 10039, 2722, 18223, 16444, 6559, 7258, 2661, 7699, 17136, 12773, 4247, 5723, 15194, 1696, 1500, 2807, 9893, 11835, 13240, 18313, 17107, 10265, 10244, 5570, 2862, 14049, 1012, 12861, 723, 9583, 17461, 10056, 1264, 8297, 3716, 14666, 15259, 13531, 543, 13723, 16810, 6700, 3516, 13766, 7186, 10692, 6321, 15484, 14547, 8744, 3703, 10383, 16829, 6366, 6846, 3906, 2021, 18133, 857, 279, 12232, 10212, 10541, 12325, 13475, 1225, 937, 6966, 10881, 16936, 18502, 1440, 11914, 3326, 5633, 14913, 4623, 10743, 12361, 17335, 1072, 5043, 14810, 15077, 3255, 17215, 6553, 17852, 4801, 6962, 3060, 9430, 8799, 13824, 188, 15175, 15163, 4733, 5011, 3536, 17635, 6532, 14071, 6112, 17158, 6597, 11272, 105, 19219, 5013, 12483, 201, 6848, 17033, 6367, 7859, 14702, 18844, 7053, 18694, 15670, 636, 10129, 6378, 5369, 7273, 16247, 9142, 15345, 16817, 14854, 2600, 15783, 889, 11833, 6612, 2068, 2427, 7062, 7918, 16181, 5464, 8339, 8950, 8453, 16423, 6064, 2380, 4268, 13929, 12974, 19141, 1299, 2484, 3883, 3273, 8772, 13256, 11239, 5766, 18098, 12705, 11004, 2695, 10048, 10960, 2766, 15661, 13258, 8015, 6032, 16397, 7749, 19039, 7634, 15076, 4234, 15114, 8475, 8091, 19220, 18004, 9704, 13918, 15569, 16443, 10015, 9943, 7817, 9349, 2588, 8249, 398, 5316, 15538, 18372, 13559, 2937, 2803, 16248, 6155, 630, 9911, 13190, 19157, 15788, 13248, 13148, 1320, 12074, 8471, 8798, 3213, 12418, 814, 2402, 12718, 12397, 10564, 9875, 10128, 6947, 9491, 17707, 3266, 19196, 14309, 18523, 19043, 17975, 18063, 11618, 15016, 14434, 7680, 1739, 18029, 11694, 1745, 9271, 5189, 9561, 11283, 14978, 10753, 16017, 12914, 978, 2828, 17257, 13135, 5061, 121, 6602, 16015, 19271, 12159, 1244, 8260, 13195, 15873, 12815, 14291, 14515, 118, 4892, 14985, 9551, 12654, 4739, 927, 12176, 9523, 11726, 18187, 5880, 2569, 3386, 13942, 3390, 15774, 129, 65, 12922, 8422, 12692, 16213, 11515, 2111, 8347, 10758, 14064, 4401, 17782, 15621, 6709, 14716, 4091, 13964, 8424, 4218, 7249, 11311, 11171, 18564, 14755, 7114, 14009, 14815, 294, 495, 7684, 6833, 4046, 3505, 16995, 17858, 7761, 15803, 9840, 13958, 8226, 10369, 12497, 17142, 1748, 2854, 7159, 11539, 11055, 13337, 17173, 14214, 6803, 11144, 12649, 283, 15489, 13174, 7015, 610, 7030, 18206, 14077, 15468, 14962, 8046, 7809, 17387, 16034, 16678, 1173, 3502, 12942, 15655, 16859, 7099, 1673, 446, 1365, 5881, 3713, 11697, 1897, 16001, 1702, 14149, 11876, 9341, 4325, 6923, 2001, 138, 3276, 18716, 17604, 10501, 115, 12800, 6111, 11148, 4549, 16057, 4707, 6843, 16091, 4295, 7519, 13708, 12409, 11018, 5052, 13566, 14715, 12755, 793, 10837, 1888, 12375, 3935, 5763, 11791, 11258, 13264, 11469, 4683, 8905, 1853, 11600, 4421, 2798, 5074, 18141, 13807, 8595, 8126, 13837, 8060, 6956, 11767, 14560, 9389, 15261, 1232, 12560, 7262, 11504, 3546, 4627, 1177, 517, 4008, 9219, 17696, 4148, 14124, 13243, 11235, 7561, 8331, 16320, 3591, 11341, 4015, 12028, 14929, 18601, 3528, 14065, 1510, 19191, 13833, 17616, 10869, 17689, 831, 16725, 6319, 15465, 10467, 8162, 13563, 7728, 10778, 13545, 12290, 16480, 14401, 12838, 4212, 17529, 4832, 15111, 12690, 10373, 7596, 18614, 17477, 1043, 13100, 4774, 17479, 3774, 9302, 3901, 13071, 6412, 9516, 1261, 3054, 13522, 17602, 14343, 18500, 10957, 2791, 9624, 3634, 17904, 5709, 14670, 11058, 7087, 7435, 13848, 82, 5565, 2562, 14029, 3583, 1676, 12709, 18473, 3158, 12787, 8068, 8263, 16146, 3593, 1802, 1861, 3348, 4487, 17749, 6105, 10471, 17472, 10200, 1182, 14180, 1076, 10156, 4839, 9903, 4879, 9720, 2157, 15344, 16067, 3064, 17182, 5368, 4987, 18484, 18923, 11896, 1052, 15727, 15289, 5885, 1933, 5251, 17072, 6038, 6195, 13524, 6606, 18506, 17536, 6784, 3231, 14121, 8925, 10030, 803, 13764, 146, 19268, 14099, 4130, 16372, 1537, 12248, 13718, 17187, 11728, 1740, 19233, 5600, 4092, 4779, 6028, 3395, 16152, 19150, 2417, 11980, 11237, 8427, 18127, 3538, 9257, 607, 2078, 18457, 5802, 3435, 15019, 4256, 9221, 13465, 11742, 5788, 9528, 17493, 4607, 3131, 6616, 5356, 1550, 4617, 8827, 849, 2601, 4437, 17861, 10261, 15704, 3890, 8149, 12063, 3086, 15925, 12301, 6847, 5603, 7768, 3187, 13372, 9258, 6584, 7594, 2603, 1835, 17380, 17193, 15251, 15937, 18731, 4082, 14911, 16626, 8824, 16208, 10167, 17711, 9678, 15852, 13620, 16479, 14586, 2446, 4866, 1315, 7746, 10615, 7927, 2443, 7157, 13506, 18410, 10494]",6290,1500,3,False,1500
5948,qa stock,qa stock,55,True,True,True,"{21: 26, 33: 14, 2: 18, 29: 13, 25: 57, 43: 9, 57: 16, 49: 16, 61: 14, 67: 52, 65: 21, 50: 28, 15: 53, 6: 13, 46: 15, 27: 69, 7: 65, 48: 67, 19: 21, 31: 14, 63: 26, 22: 39, 9: 79, 26: 40, 47: 15, 53: 66, 11: 19, 51: 26, 54: 9, 13: 32, 17: 37, 52: 30, 39: 27, 38: 19, 1: 6, 59: 33, 56: 23, 32: 9, 8: 25, 4: 12, 20: 26, 24: 7, 18: 31, 42: 7, 28: 31, 45: 57, 0: 13, 66: 11, 62: 11, 35: 7, 64: 15, 37: 2, 40: 25, 3: 3, 14: 5, 12: 8, 16: 15, 55: 16, 30: 13, 58: 6, 36: 4, 60: 5, 5: 3, 41: 2, 44: 2, 34: 2}","[12686, 3384, 6034, 14374, 14516, 14680, 18580, 5912, 661, 4433, 14182, 14634, 14672, 13694, 17233, 12320, 12666, 7276, 14925, 15315, 1125, 14820, 3769, 14096, 12401, 14972, 14176, 4685, 4278, 5735, 7514, 16051, 15882, 4696, 17145, 19193, 12994, 9901, 13641, 15193, 6739, 9240, 1608, 14664, 18117, 5676, 15714, 5964, 5329, 16651, 15936, 14441, 15878, 18316, 14255, 18692, 5858, 4640, 10716, 13839, 16635, 2097, 11464, 12427, 2320, 14629, 7617, 16183, 16205, 2170, 4384, 6683, 5285, 18707, 6780, 4231, 2404, 4895, 18091, 2944, 13054, 3904, 3491, 9455, 15985, 10432, 8657, 15304, 9114, 5838, 5197, 17244, 6207, 3970, 17246, 3950, 6168, 8697, 6800, 9942, 11118, 8582, 6355, 15275, 4581, 12724, 11921, 1833, 523, 7619, 15729, 176, 8576, 3101, 1573, 1283, 11796, 11277, 2547, 1738, 6806, 15187, 7129, 5179, 5854, 16373, 9231, 6270, 777, 2062, 13249, 4144, 6325, 3924, 5350, 14414, 3142, 2249, 6444, 13582, 2833, 18030, 6483, 18404, 15057, 7482, 15001, 15872, 14584, 10835, 954, 7257, 1381, 17819, 17518, 6497, 14430, 4901, 16466, 10805, 132, 7506, 755, 14427, 12119, 16613, 19042, 14994, 11257, 8042, 2144, 5966, 1580, 8010, 2550, 10684, 14088, 5037, 8764, 17076, 14185, 15984, 5299, 16601, 19182, 13197, 14561, 12605, 17010, 2703, 6715, 11207, 10188, 212, 2293, 17676, 1720, 5934, 112, 8568, 15870, 3226, 4524, 4431, 5141, 5383, 7609, 12807, 19001, 14368, 6704, 14903, 4172, 117, 18698, 1699, 16558, 7518, 10618, 2110, 10308, 7828, 6623, 17644, 4449, 951, 13858, 15106, 8402, 916, 4771, 8608, 6448, 6656, 13547, 2814, 8336, 8093, 6398, 637, 9909, 10621, 786, 14146, 17292, 9457, 3, 2884, 14785, 10504, 16361, 8181, 17690, 654, 11067, 18741, 386, 18208, 10130, 8079, 7082, 14740, 8076, 18619, 14428, 10992, 12679, 9431, 18328, 13606, 7641, 13542, 1002, 11975, 15646, 19078, 1352, 8683, 16053, 11763, 14823, 7059, 4995, 3754, 6213, 10090, 19084, 1973, 8131, 5353, 836, 13960, 3217, 4885, 9645, 16941, 14750, 13171, 9132, 1355, 4440, 15747, 8233, 6008, 12781, 16749, 13905, 18198, 5033, 2910, 16502, 1233, 965, 16926, 3944, 13518, 18213, 12739, 9972, 14609, 5764, 6128, 9532, 12680, 3672, 5458, 6822, 11547, 3163, 8040, 14081, 8369, 18182, 17541, 11552, 12451, 15074, 1783, 17730, 1690, 16992, 2490, 2459, 18065, 320, 18311, 45, 9495, 4572, 544, 12731, 16811, 15096, 14957, 4594, 16607, 2449, 7791, 13659, 8892, 1713, 17336, 6598, 13832, 10495, 18937, 3067, 3473, 12715, 13492, 14787, 16503, 17899, 16638, 2408, 7141, 10590, 2917, 14650, 12571, 4321, 2855, 1829, 3736, 3381, 11069, 16093, 15201, 14311, 9836, 18289, 16899, 897, 13981, 12223, 8884, 15721, 7778, 13648, 5737, 6550, 19249, 2715, 447, 12941, 8915, 18963, 16291, 760, 5869, 3635, 3439, 6740, 5003, 3174, 2945, 16056, 4860, 11216, 7363, 1147, 12124, 9764, 11245, 4361, 7784, 16285, 17057, 11203, 5114, 17655, 12056, 17890, 7741, 15799, 10258, 16088, 19222, 15303, 1433, 5991, 322, 2322, 3156, 9940, 7814, 17068, 16968, 10018, 1991, 11946, 8705, 10371, 4619, 11074, 2034, 15550, 11743, 18666, 13494, 14175, 13948, 15123, 11154, 10397, 1701, 4770, 839, 12085, 16500, 16241, 1535, 18782, 2221, 539, 18405, 4245, 103, 1571, 16945, 12196, 9441, 1732, 1367, 3596, 4794, 7230, 5245, 17483, 2955, 2003, 11509, 4044, 12934, 3456, 16693, 593, 4582, 14076, 10972, 1965, 7227, 14324, 8658, 3772, 8355, 11889, 1908, 2684, 10026, 1666, 16507, 5589, 9295, 8389, 2099, 18653, 13808, 19147, 6675, 10970, 2788, 19028, 16983, 16166, 9845, 8160, 11381, 10088, 10333, 11716, 14695, 12697, 4365, 3747, 17296, 11904, 74, 7047, 10639, 13094, 940, 10478, 2032, 6642, 14896, 10840, 5430, 5556, 12597, 2183, 18403, 4252, 14613, 18283, 8790, 12140, 13540, 13353, 14114, 13297, 4056, 14038, 11299, 13770, 11433, 14285, 1526, 1955, 15711, 255, 12481, 612, 1635, 4886, 357, 11434, 9524, 13106, 2607, 5391, 9406, 2331, 624, 2749, 17849, 9829, 11436, 18426, 9481, 18550, 15647, 532, 11720, 11824, 15610, 15741, 7902, 13558, 17967, 14539, 17889, 4631, 1238, 16921, 7787, 15293, 3108, 8215, 2851, 4514, 12938, 16730, 17178, 4890, 17960, 4725, 7917, 3191, 8231, 16341, 8195, 10913, 2173, 5557, 2637, 16896, 5806, 1815, 1451, 8864, 2290, 12108, 5328, 6203, 2431, 7508, 17898, 17188, 6897, 1199, 15526, 18437, 6631, 8644, 16917, 14964, 14233, 2454, 584, 4830, 7199, 4180, 14889, 5761, 13756, 6917, 7756, 18880, 15095, 1816, 14070, 16252, 7429, 16589, 1631, 15968, 15221, 12478, 18594, 1477, 5637, 12058, 1205, 13397, 9107, 18654, 1968, 3759, 13147, 14144, 14973, 12452, 18020, 13592, 17920, 13687, 11335, 7207, 418, 7834, 778, 12982, 10688, 9031, 509, 9601, 9780, 17040, 12023, 3916, 91, 6536, 18535, 7547, 15240, 707, 14533, 15064, 17012, 16805, 8637, 5969, 16221, 1940, 13307, 4717, 12615, 18220, 11028, 12170, 1743, 2376, 12415, 14220, 18827, 1294, 18543, 6977, 15309, 11778, 11842, 17103, 3857, 4637, 12162, 19169, 17166, 18237, 17818, 9507, 19022, 5790, 19112, 15611, 1118, 15184, 18703, 1817, 15530, 16579, 8437, 11839, 11378, 3537, 9205, 9217, 16272, 18759, 16828, 12002, 8348, 1723, 3481, 14115, 379, 8544, 264, 6015, 7672, 2253, 7364, 3706, 13796, 17139, 16125, 12059, 9623, 7185, 2418, 18230, 3087, 281, 4379, 1796, 8459, 4400, 17824, 2736, 16446, 13525, 15341, 3275, 7872, 1662, 7557, 4319, 15442, 7181, 10456, 4963, 17048, 16943, 12784, 3441, 5240, 9975, 13216, 17702, 11594, 13554, 6165, 19168, 16070, 3540, 3262, 10661, 4061, 13173, 2875, 17014, 4349, 10818, 8428, 16764, 14232, 8930, 15734, 17680, 7069, 15684, 17050, 18987, 6914, 6863, 19263, 10595, 150, 10039, 2722, 18223, 16444, 6559, 7258, 2661, 7699, 17136, 12773, 4247, 5723, 15194, 1696, 1500, 2807, 9893, 11835, 13240, 18313, 17107, 10265, 10244, 5570, 2862, 14049, 1012, 12861, 723, 9583, 17461, 10056, 1264, 8297, 3716, 14666, 15259, 13531, 543, 13723, 16810, 6700, 3516, 13766, 7186, 10692, 6321, 15484, 14547, 8744, 3703, 10383, 16829, 6366, 6846, 3906, 2021, 18133, 857, 279, 12232, 10212, 10541, 12325, 13475, 1225, 937, 6966, 10881, 16936, 18502, 1440, 11914, 3326, 5633, 14913, 4623, 10743, 12361, 17335, 1072, 5043, 14810, 15077, 3255, 17215, 6553, 17852, 4801, 6962, 3060, 9430, 8799, 13824, 188, 15175, 15163, 4733, 5011, 3536, 17635, 6532, 14071, 6112, 17158, 6597, 11272, 105, 19219, 5013, 12483, 201, 6848, 17033, 6367, 7859, 14702, 18844, 7053, 18694, 15670, 636, 10129, 6378, 5369, 7273, 16247, 9142, 15345, 16817, 14854, 2600, 15783, 889, 11833, 6612, 2068, 2427, 7062, 7918, 16181, 5464, 8339, 8950, 8453, 16423, 6064, 2380, 4268, 13929, 12974, 19141, 1299, 2484, 3883, 3273, 8772, 13256, 11239, 5766, 18098, 12705, 11004, 2695, 10048, 10960, 2766, 15661, 13258, 8015, 6032, 16397, 7749, 19039, 7634, 15076, 4234, 15114, 8475, 8091, 19220, 18004, 9704, 13918, 15569, 16443, 10015, 9943, 7817, 9349, 2588, 8249, 398, 5316, 15538, 18372, 13559, 2937, 2803, 16248, 6155, 630, 9911, 13190, 19157, 15788, 13248, 13148, 1320, 12074, 8471, 8798, 3213, 12418, 814, 2402, 12718, 12397, 10564, 9875, 10128, 6947, 9491, 17707, 3266, 19196, 14309, 18523, 19043, 17975, 18063, 11618, 15016, 14434, 7680, 1739, 18029, 11694, 1745, 9271, 5189, 9561, 11283, 14978, 10753, 16017, 12914, 978, 2828, 17257, 13135, 5061, 121, 6602, 16015, 19271, 12159, 1244, 8260, 13195, 15873, 12815, 14291, 14515, 118, 4892, 14985, 9551, 12654, 4739, 927, 12176, 9523, 11726, 18187, 5880, 2569, 3386, 13942, 3390, 15774, 129, 65, 12922, 8422, 12692, 16213, 11515, 2111, 8347, 10758, 14064, 4401, 17782, 15621, 6709, 14716, 4091, 13964, 8424, 4218, 7249, 11311, 11171, 18564, 14755, 7114, 14009, 14815, 294, 495, 7684, 6833, 4046, 3505, 16995, 17858, 7761, 15803, 9840, 13958, 8226, 10369, 12497, 17142, 1748, 2854, 7159, 11539, 11055, 13337, 17173, 14214, 6803, 11144, 12649, 283, 15489, 13174, 7015, 610, 7030, 18206, 14077, 15468, 14962, 8046, 7809, 17387, 16034, 16678, 1173, 3502, 12942, 15655, 16859, 7099, 1673, 446, 1365, 5881, 3713, 11697, 1897, 16001, 1702, 14149, 11876, 9341, 4325, 6923, 2001, 138, 3276, 18716, 17604, 10501, 115, 12800, 6111, 11148, 4549, 16057, 4707, 6843, 16091, 4295, 7519, 13708, 12409, 11018, 5052, 13566, 14715, 12755, 793, 10837, 1888, 12375, 3935, 5763, 11791, 11258, 13264, 11469, 4683, 8905, 1853, 11600, 4421, 2798, 5074, 18141, 13807, 8595, 8126, 13837, 8060, 6956, 11767, 14560, 9389, 15261, 1232, 12560, 7262, 11504, 3546, 4627, 1177, 517, 4008, 9219, 17696, 4148, 14124, 13243, 11235, 7561, 8331, 16320, 3591, 11341, 4015, 12028, 14929, 18601, 3528, 14065, 1510, 19191, 13833, 17616, 10869, 17689, 831, 16725, 6319, 15465, 10467, 8162, 13563, 7728, 10778, 13545, 12290, 16480, 14401, 12838, 4212, 17529, 4832, 15111, 12690, 10373, 7596, 18614, 17477, 1043, 13100, 4774, 17479, 3774, 9302, 3901, 13071, 6412, 9516, 1261, 3054, 13522, 17602, 14343, 18500, 10957, 2791, 9624, 3634, 17904, 5709, 14670, 11058, 7087, 7435, 13848, 82, 5565, 2562, 14029, 3583, 1676, 12709, 18473, 3158, 12787, 8068, 8263, 16146, 3593, 1802, 1861, 3348, 4487, 17749, 6105, 10471, 17472, 10200, 1182, 14180, 1076, 10156, 4839, 9903, 4879, 9720, 2157, 15344, 16067, 3064, 17182, 5368, 4987, 18484, 18923, 11896, 1052, 15727, 15289, 5885, 1933, 5251, 17072, 6038, 6195, 13524, 6606, 18506, 17536, 6784, 3231, 14121, 8925, 10030, 803, 13764, 146, 19268, 14099, 4130, 16372, 1537, 12248, 13718, 17187, 11728, 1740, 19233, 5600, 4092, 4779, 6028, 3395, 16152, 19150, 2417, 11980, 11237, 8427, 18127, 3538, 9257, 607, 2078, 18457, 5802, 3435, 15019, 4256, 9221, 13465, 11742, 5788, 9528, 17493, 4607, 3131, 6616, 5356, 1550, 4617, 8827, 849, 2601, 4437, 17861, 10261, 15704, 3890, 8149, 12063, 3086, 15925, 12301, 6847, 5603, 7768, 3187, 13372, 9258, 6584, 7594, 2603, 1835, 17380, 17193, 15251, 15937, 18731, 4082, 14911, 16626, 8824, 16208, 10167, 17711, 9678, 15852, 13620, 16479, 14586, 2446, 4866, 1315, 7746, 10615, 7927, 2443, 7157, 13506, 18410, 10494]",5948,1500,3,False,1500
3734,play music,play music,48,True,True,True,"{21: 26, 33: 14, 2: 18, 29: 13, 25: 57, 43: 9, 57: 16, 49: 16, 61: 14, 67: 52, 65: 21, 50: 28, 15: 53, 6: 13, 46: 15, 27: 69, 7: 65, 48: 67, 19: 21, 31: 14, 63: 26, 22: 39, 9: 79, 26: 40, 47: 15, 53: 66, 11: 19, 51: 26, 54: 9, 13: 32, 17: 37, 52: 30, 39: 27, 38: 19, 1: 6, 59: 33, 56: 23, 32: 9, 8: 25, 4: 12, 20: 26, 24: 7, 18: 31, 42: 7, 28: 31, 45: 57, 0: 13, 66: 11, 62: 11, 35: 7, 64: 15, 37: 2, 40: 25, 3: 3, 14: 5, 12: 8, 16: 15, 55: 16, 30: 13, 58: 6, 36: 4, 60: 5, 5: 3, 41: 2, 44: 2, 34: 2}","[12686, 3384, 6034, 14374, 14516, 14680, 18580, 5912, 661, 4433, 14182, 14634, 14672, 13694, 17233, 12320, 12666, 7276, 14925, 15315, 1125, 14820, 3769, 14096, 12401, 14972, 14176, 4685, 4278, 5735, 7514, 16051, 15882, 4696, 17145, 19193, 12994, 9901, 13641, 15193, 6739, 9240, 1608, 14664, 18117, 5676, 15714, 5964, 5329, 16651, 15936, 14441, 15878, 18316, 14255, 18692, 5858, 4640, 10716, 13839, 16635, 2097, 11464, 12427, 2320, 14629, 7617, 16183, 16205, 2170, 4384, 6683, 5285, 18707, 6780, 4231, 2404, 4895, 18091, 2944, 13054, 3904, 3491, 9455, 15985, 10432, 8657, 15304, 9114, 5838, 5197, 17244, 6207, 3970, 17246, 3950, 6168, 8697, 6800, 9942, 11118, 8582, 6355, 15275, 4581, 12724, 11921, 1833, 523, 7619, 15729, 176, 8576, 3101, 1573, 1283, 11796, 11277, 2547, 1738, 6806, 15187, 7129, 5179, 5854, 16373, 9231, 6270, 777, 2062, 13249, 4144, 6325, 3924, 5350, 14414, 3142, 2249, 6444, 13582, 2833, 18030, 6483, 18404, 15057, 7482, 15001, 15872, 14584, 10835, 954, 7257, 1381, 17819, 17518, 6497, 14430, 4901, 16466, 10805, 132, 7506, 755, 14427, 12119, 16613, 19042, 14994, 11257, 8042, 2144, 5966, 1580, 8010, 2550, 10684, 14088, 5037, 8764, 17076, 14185, 15984, 5299, 16601, 19182, 13197, 14561, 12605, 17010, 2703, 6715, 11207, 10188, 212, 2293, 17676, 1720, 5934, 112, 8568, 15870, 3226, 4524, 4431, 5141, 5383, 7609, 12807, 19001, 14368, 6704, 14903, 4172, 117, 18698, 1699, 16558, 7518, 10618, 2110, 10308, 7828, 6623, 17644, 4449, 951, 13858, 15106, 8402, 916, 4771, 8608, 6448, 6656, 13547, 2814, 8336, 8093, 6398, 637, 9909, 10621, 786, 14146, 17292, 9457, 3, 2884, 14785, 10504, 16361, 8181, 17690, 654, 11067, 18741, 386, 18208, 10130, 8079, 7082, 14740, 8076, 18619, 14428, 10992, 12679, 9431, 18328, 13606, 7641, 13542, 1002, 11975, 15646, 19078, 1352, 8683, 16053, 11763, 14823, 7059, 4995, 3754, 6213, 10090, 19084, 1973, 8131, 5353, 836, 13960, 3217, 4885, 9645, 16941, 14750, 13171, 9132, 1355, 4440, 15747, 8233, 6008, 12781, 16749, 13905, 18198, 5033, 2910, 16502, 1233, 965, 16926, 3944, 13518, 18213, 12739, 9972, 14609, 5764, 6128, 9532, 12680, 3672, 5458, 6822, 11547, 3163, 8040, 14081, 8369, 18182, 17541, 11552, 12451, 15074, 1783, 17730, 1690, 16992, 2490, 2459, 18065, 320, 18311, 45, 9495, 4572, 544, 12731, 16811, 15096, 14957, 4594, 16607, 2449, 7791, 13659, 8892, 1713, 17336, 6598, 13832, 10495, 18937, 3067, 3473, 12715, 13492, 14787, 16503, 17899, 16638, 2408, 7141, 10590, 2917, 14650, 12571, 4321, 2855, 1829, 3736, 3381, 11069, 16093, 15201, 14311, 9836, 18289, 16899, 897, 13981, 12223, 8884, 15721, 7778, 13648, 5737, 6550, 19249, 2715, 447, 12941, 8915, 18963, 16291, 760, 5869, 3635, 3439, 6740, 5003, 3174, 2945, 16056, 4860, 11216, 7363, 1147, 12124, 9764, 11245, 4361, 7784, 16285, 17057, 11203, 5114, 17655, 12056, 17890, 7741, 15799, 10258, 16088, 19222, 15303, 1433, 5991, 322, 2322, 3156, 9940, 7814, 17068, 16968, 10018, 1991, 11946, 8705, 10371, 4619, 11074, 2034, 15550, 11743, 18666, 13494, 14175, 13948, 15123, 11154, 10397, 1701, 4770, 839, 12085, 16500, 16241, 1535, 18782, 2221, 539, 18405, 4245, 103, 1571, 16945, 12196, 9441, 1732, 1367, 3596, 4794, 7230, 5245, 17483, 2955, 2003, 11509, 4044, 12934, 3456, 16693, 593, 4582, 14076, 10972, 1965, 7227, 14324, 8658, 3772, 8355, 11889, 1908, 2684, 10026, 1666, 16507, 5589, 9295, 8389, 2099, 18653, 13808, 19147, 6675, 10970, 2788, 19028, 16983, 16166, 9845, 8160, 11381, 10088, 10333, 11716, 14695, 12697, 4365, 3747, 17296, 11904, 74, 7047, 10639, 13094, 940, 10478, 2032, 6642, 14896, 10840, 5430, 5556, 12597, 2183, 18403, 4252, 14613, 18283, 8790, 12140, 13540, 13353, 14114, 13297, 4056, 14038, 11299, 13770, 11433, 14285, 1526, 1955, 15711, 255, 12481, 612, 1635, 4886, 357, 11434, 9524, 13106, 2607, 5391, 9406, 2331, 624, 2749, 17849, 9829, 11436, 18426, 9481, 18550, 15647, 532, 11720, 11824, 15610, 15741, 7902, 13558, 17967, 14539, 17889, 4631, 1238, 16921, 7787, 15293, 3108, 8215, 2851, 4514, 12938, 16730, 17178, 4890, 17960, 4725, 7917, 3191, 8231, 16341, 8195, 10913, 2173, 5557, 2637, 16896, 5806, 1815, 1451, 8864, 2290, 12108, 5328, 6203, 2431, 7508, 17898, 17188, 6897, 1199, 15526, 18437, 6631, 8644, 16917, 14964, 14233, 2454, 584, 4830, 7199, 4180, 14889, 5761, 13756, 6917, 7756, 18880, 15095, 1816, 14070, 16252, 7429, 16589, 1631, 15968, 15221, 12478, 18594, 1477, 5637, 12058, 1205, 13397, 9107, 18654, 1968, 3759, 13147, 14144, 14973, 12452, 18020, 13592, 17920, 13687, 11335, 7207, 418, 7834, 778, 12982, 10688, 9031, 509, 9601, 9780, 17040, 12023, 3916, 91, 6536, 18535, 7547, 15240, 707, 14533, 15064, 17012, 16805, 8637, 5969, 16221, 1940, 13307, 4717, 12615, 18220, 11028, 12170, 1743, 2376, 12415, 14220, 18827, 1294, 18543, 6977, 15309, 11778, 11842, 17103, 3857, 4637, 12162, 19169, 17166, 18237, 17818, 9507, 19022, 5790, 19112, 15611, 1118, 15184, 18703, 1817, 15530, 16579, 8437, 11839, 11378, 3537, 9205, 9217, 16272, 18759, 16828, 12002, 8348, 1723, 3481, 14115, 379, 8544, 264, 6015, 7672, 2253, 7364, 3706, 13796, 17139, 16125, 12059, 9623, 7185, 2418, 18230, 3087, 281, 4379, 1796, 8459, 4400, 17824, 2736, 16446, 13525, 15341, 3275, 7872, 1662, 7557, 4319, 15442, 7181, 10456, 4963, 17048, 16943, 12784, 3441, 5240, 9975, 13216, 17702, 11594, 13554, 6165, 19168, 16070, 3540, 3262, 10661, 4061, 13173, 2875, 17014, 4349, 10818, 8428, 16764, 14232, 8930, 15734, 17680, 7069, 15684, 17050, 18987, 6914, 6863, 19263, 10595, 150, 10039, 2722, 18223, 16444, 6559, 7258, 2661, 7699, 17136, 12773, 4247, 5723, 15194, 1696, 1500, 2807, 9893, 11835, 13240, 18313, 17107, 10265, 10244, 5570, 2862, 14049, 1012, 12861, 723, 9583, 17461, 10056, 1264, 8297, 3716, 14666, 15259, 13531, 543, 13723, 16810, 6700, 3516, 13766, 7186, 10692, 6321, 15484, 14547, 8744, 3703, 10383, 16829, 6366, 6846, 3906, 2021, 18133, 857, 279, 12232, 10212, 10541, 12325, 13475, 1225, 937, 6966, 10881, 16936, 18502, 1440, 11914, 3326, 5633, 14913, 4623, 10743, 12361, 17335, 1072, 5043, 14810, 15077, 3255, 17215, 6553, 17852, 4801, 6962, 3060, 9430, 8799, 13824, 188, 15175, 15163, 4733, 5011, 3536, 17635, 6532, 14071, 6112, 17158, 6597, 11272, 105, 19219, 5013, 12483, 201, 6848, 17033, 6367, 7859, 14702, 18844, 7053, 18694, 15670, 636, 10129, 6378, 5369, 7273, 16247, 9142, 15345, 16817, 14854, 2600, 15783, 889, 11833, 6612, 2068, 2427, 7062, 7918, 16181, 5464, 8339, 8950, 8453, 16423, 6064, 2380, 4268, 13929, 12974, 19141, 1299, 2484, 3883, 3273, 8772, 13256, 11239, 5766, 18098, 12705, 11004, 2695, 10048, 10960, 2766, 15661, 13258, 8015, 6032, 16397, 7749, 19039, 7634, 15076, 4234, 15114, 8475, 8091, 19220, 18004, 9704, 13918, 15569, 16443, 10015, 9943, 7817, 9349, 2588, 8249, 398, 5316, 15538, 18372, 13559, 2937, 2803, 16248, 6155, 630, 9911, 13190, 19157, 15788, 13248, 13148, 1320, 12074, 8471, 8798, 3213, 12418, 814, 2402, 12718, 12397, 10564, 9875, 10128, 6947, 9491, 17707, 3266, 19196, 14309, 18523, 19043, 17975, 18063, 11618, 15016, 14434, 7680, 1739, 18029, 11694, 1745, 9271, 5189, 9561, 11283, 14978, 10753, 16017, 12914, 978, 2828, 17257, 13135, 5061, 121, 6602, 16015, 19271, 12159, 1244, 8260, 13195, 15873, 12815, 14291, 14515, 118, 4892, 14985, 9551, 12654, 4739, 927, 12176, 9523, 11726, 18187, 5880, 2569, 3386, 13942, 3390, 15774, 129, 65, 12922, 8422, 12692, 16213, 11515, 2111, 8347, 10758, 14064, 4401, 17782, 15621, 6709, 14716, 4091, 13964, 8424, 4218, 7249, 11311, 11171, 18564, 14755, 7114, 14009, 14815, 294, 495, 7684, 6833, 4046, 3505, 16995, 17858, 7761, 15803, 9840, 13958, 8226, 10369, 12497, 17142, 1748, 2854, 7159, 11539, 11055, 13337, 17173, 14214, 6803, 11144, 12649, 283, 15489, 13174, 7015, 610, 7030, 18206, 14077, 15468, 14962, 8046, 7809, 17387, 16034, 16678, 1173, 3502, 12942, 15655, 16859, 7099, 1673, 446, 1365, 5881, 3713, 11697, 1897, 16001, 1702, 14149, 11876, 9341, 4325, 6923, 2001, 138, 3276, 18716, 17604, 10501, 115, 12800, 6111, 11148, 4549, 16057, 4707, 6843, 16091, 4295, 7519, 13708, 12409, 11018, 5052, 13566, 14715, 12755, 793, 10837, 1888, 12375, 3935, 5763, 11791, 11258, 13264, 11469, 4683, 8905, 1853, 11600, 4421, 2798, 5074, 18141, 13807, 8595, 8126, 13837, 8060, 6956, 11767, 14560, 9389, 15261, 1232, 12560, 7262, 11504, 3546, 4627, 1177, 517, 4008, 9219, 17696, 4148, 14124, 13243, 11235, 7561, 8331, 16320, 3591, 11341, 4015, 12028, 14929, 18601, 3528, 14065, 1510, 19191, 13833, 17616, 10869, 17689, 831, 16725, 6319, 15465, 10467, 8162, 13563, 7728, 10778, 13545, 12290, 16480, 14401, 12838, 4212, 17529, 4832, 15111, 12690, 10373, 7596, 18614, 17477, 1043, 13100, 4774, 17479, 3774, 9302, 3901, 13071, 6412, 9516, 1261, 3054, 13522, 17602, 14343, 18500, 10957, 2791, 9624, 3634, 17904, 5709, 14670, 11058, 7087, 7435, 13848, 82, 5565, 2562, 14029, 3583, 1676, 12709, 18473, 3158, 12787, 8068, 8263, 16146, 3593, 1802, 1861, 3348, 4487, 17749, 6105, 10471, 17472, 10200, 1182, 14180, 1076, 10156, 4839, 9903, 4879, 9720, 2157, 15344, 16067, 3064, 17182, 5368, 4987, 18484, 18923, 11896, 1052, 15727, 15289, 5885, 1933, 5251, 17072, 6038, 6195, 13524, 6606, 18506, 17536, 6784, 3231, 14121, 8925, 10030, 803, 13764, 146, 19268, 14099, 4130, 16372, 1537, 12248, 13718, 17187, 11728, 1740, 19233, 5600, 4092, 4779, 6028, 3395, 16152, 19150, 2417, 11980, 11237, 8427, 18127, 3538, 9257, 607, 2078, 18457, 5802, 3435, 15019, 4256, 9221, 13465, 11742, 5788, 9528, 17493, 4607, 3131, 6616, 5356, 1550, 4617, 8827, 849, 2601, 4437, 17861, 10261, 15704, 3890, 8149, 12063, 3086, 15925, 12301, 6847, 5603, 7768, 3187, 13372, 9258, 6584, 7594, 2603, 1835, 17380, 17193, 15251, 15937, 18731, 4082, 14911, 16626, 8824, 16208, 10167, 17711, 9678, 15852, 13620, 16479, 14586, 2446, 4866, 1315, 7746, 10615, 7927, 2443, 7157, 13506, 18410, 10494]",3734,1500,3,False,1500
1617,play podcasts,play radio,50,True,False,False,"{21: 26, 33: 14, 2: 18, 29: 13, 25: 57, 43: 9, 57: 16, 49: 16, 61: 14, 67: 52, 65: 21, 50: 28, 15: 53, 6: 13, 46: 15, 27: 69, 7: 65, 48: 67, 19: 21, 31: 14, 63: 26, 22: 39, 9: 79, 26: 40, 47: 15, 53: 66, 11: 19, 51: 26, 54: 9, 13: 32, 17: 37, 52: 30, 39: 27, 38: 19, 1: 6, 59: 33, 56: 23, 32: 9, 8: 25, 4: 12, 20: 26, 24: 7, 18: 31, 42: 7, 28: 31, 45: 57, 0: 13, 66: 11, 62: 11, 35: 7, 64: 15, 37: 2, 40: 25, 3: 3, 14: 5, 12: 8, 16: 15, 55: 16, 30: 13, 58: 6, 36: 4, 60: 5, 5: 3, 41: 2, 44: 2, 34: 2}","[12686, 3384, 6034, 14374, 14516, 14680, 18580, 5912, 661, 4433, 14182, 14634, 14672, 13694, 17233, 12320, 12666, 7276, 14925, 15315, 1125, 14820, 3769, 14096, 12401, 14972, 14176, 4685, 4278, 5735, 7514, 16051, 15882, 4696, 17145, 19193, 12994, 9901, 13641, 15193, 6739, 9240, 1608, 14664, 18117, 5676, 15714, 5964, 5329, 16651, 15936, 14441, 15878, 18316, 14255, 18692, 5858, 4640, 10716, 13839, 16635, 2097, 11464, 12427, 2320, 14629, 7617, 16183, 16205, 2170, 4384, 6683, 5285, 18707, 6780, 4231, 2404, 4895, 18091, 2944, 13054, 3904, 3491, 9455, 15985, 10432, 8657, 15304, 9114, 5838, 5197, 17244, 6207, 3970, 17246, 3950, 6168, 8697, 6800, 9942, 11118, 8582, 6355, 15275, 4581, 12724, 11921, 1833, 523, 7619, 15729, 176, 8576, 3101, 1573, 1283, 11796, 11277, 2547, 1738, 6806, 15187, 7129, 5179, 5854, 16373, 9231, 6270, 777, 2062, 13249, 4144, 6325, 3924, 5350, 14414, 3142, 2249, 6444, 13582, 2833, 18030, 6483, 18404, 15057, 7482, 15001, 15872, 14584, 10835, 954, 7257, 1381, 17819, 17518, 6497, 14430, 4901, 16466, 10805, 132, 7506, 755, 14427, 12119, 16613, 19042, 14994, 11257, 8042, 2144, 5966, 1580, 8010, 2550, 10684, 14088, 5037, 8764, 17076, 14185, 15984, 5299, 16601, 19182, 13197, 14561, 12605, 17010, 2703, 6715, 11207, 10188, 212, 2293, 17676, 1720, 5934, 112, 8568, 15870, 3226, 4524, 4431, 5141, 5383, 7609, 12807, 19001, 14368, 6704, 14903, 4172, 117, 18698, 1699, 16558, 7518, 10618, 2110, 10308, 7828, 6623, 17644, 4449, 951, 13858, 15106, 8402, 916, 4771, 8608, 6448, 6656, 13547, 2814, 8336, 8093, 6398, 637, 9909, 10621, 786, 14146, 17292, 9457, 3, 2884, 14785, 10504, 16361, 8181, 17690, 654, 11067, 18741, 386, 18208, 10130, 8079, 7082, 14740, 8076, 18619, 14428, 10992, 12679, 9431, 18328, 13606, 7641, 13542, 1002, 11975, 15646, 19078, 1352, 8683, 16053, 11763, 14823, 7059, 4995, 3754, 6213, 10090, 19084, 1973, 8131, 5353, 836, 13960, 3217, 4885, 9645, 16941, 14750, 13171, 9132, 1355, 4440, 15747, 8233, 6008, 12781, 16749, 13905, 18198, 5033, 2910, 16502, 1233, 965, 16926, 3944, 13518, 18213, 12739, 9972, 14609, 5764, 6128, 9532, 12680, 3672, 5458, 6822, 11547, 3163, 8040, 14081, 8369, 18182, 17541, 11552, 12451, 15074, 1783, 17730, 1690, 16992, 2490, 2459, 18065, 320, 18311, 45, 9495, 4572, 544, 12731, 16811, 15096, 14957, 4594, 16607, 2449, 7791, 13659, 8892, 1713, 17336, 6598, 13832, 10495, 18937, 3067, 3473, 12715, 13492, 14787, 16503, 17899, 16638, 2408, 7141, 10590, 2917, 14650, 12571, 4321, 2855, 1829, 3736, 3381, 11069, 16093, 15201, 14311, 9836, 18289, 16899, 897, 13981, 12223, 8884, 15721, 7778, 13648, 5737, 6550, 19249, 2715, 447, 12941, 8915, 18963, 16291, 760, 5869, 3635, 3439, 6740, 5003, 3174, 2945, 16056, 4860, 11216, 7363, 1147, 12124, 9764, 11245, 4361, 7784, 16285, 17057, 11203, 5114, 17655, 12056, 17890, 7741, 15799, 10258, 16088, 19222, 15303, 1433, 5991, 322, 2322, 3156, 9940, 7814, 17068, 16968, 10018, 1991, 11946, 8705, 10371, 4619, 11074, 2034, 15550, 11743, 18666, 13494, 14175, 13948, 15123, 11154, 10397, 1701, 4770, 839, 12085, 16500, 16241, 1535, 18782, 2221, 539, 18405, 4245, 103, 1571, 16945, 12196, 9441, 1732, 1367, 3596, 4794, 7230, 5245, 17483, 2955, 2003, 11509, 4044, 12934, 3456, 16693, 593, 4582, 14076, 10972, 1965, 7227, 14324, 8658, 3772, 8355, 11889, 1908, 2684, 10026, 1666, 16507, 5589, 9295, 8389, 2099, 18653, 13808, 19147, 6675, 10970, 2788, 19028, 16983, 16166, 9845, 8160, 11381, 10088, 10333, 11716, 14695, 12697, 4365, 3747, 17296, 11904, 74, 7047, 10639, 13094, 940, 10478, 2032, 6642, 14896, 10840, 5430, 5556, 12597, 2183, 18403, 4252, 14613, 18283, 8790, 12140, 13540, 13353, 14114, 13297, 4056, 14038, 11299, 13770, 11433, 14285, 1526, 1955, 15711, 255, 12481, 612, 1635, 4886, 357, 11434, 9524, 13106, 2607, 5391, 9406, 2331, 624, 2749, 17849, 9829, 11436, 18426, 9481, 18550, 15647, 532, 11720, 11824, 15610, 15741, 7902, 13558, 17967, 14539, 17889, 4631, 1238, 16921, 7787, 15293, 3108, 8215, 2851, 4514, 12938, 16730, 17178, 4890, 17960, 4725, 7917, 3191, 8231, 16341, 8195, 10913, 2173, 5557, 2637, 16896, 5806, 1815, 1451, 8864, 2290, 12108, 5328, 6203, 2431, 7508, 17898, 17188, 6897, 1199, 15526, 18437, 6631, 8644, 16917, 14964, 14233, 2454, 584, 4830, 7199, 4180, 14889, 5761, 13756, 6917, 7756, 18880, 15095, 1816, 14070, 16252, 7429, 16589, 1631, 15968, 15221, 12478, 18594, 1477, 5637, 12058, 1205, 13397, 9107, 18654, 1968, 3759, 13147, 14144, 14973, 12452, 18020, 13592, 17920, 13687, 11335, 7207, 418, 7834, 778, 12982, 10688, 9031, 509, 9601, 9780, 17040, 12023, 3916, 91, 6536, 18535, 7547, 15240, 707, 14533, 15064, 17012, 16805, 8637, 5969, 16221, 1940, 13307, 4717, 12615, 18220, 11028, 12170, 1743, 2376, 12415, 14220, 18827, 1294, 18543, 6977, 15309, 11778, 11842, 17103, 3857, 4637, 12162, 19169, 17166, 18237, 17818, 9507, 19022, 5790, 19112, 15611, 1118, 15184, 18703, 1817, 15530, 16579, 8437, 11839, 11378, 3537, 9205, 9217, 16272, 18759, 16828, 12002, 8348, 1723, 3481, 14115, 379, 8544, 264, 6015, 7672, 2253, 7364, 3706, 13796, 17139, 16125, 12059, 9623, 7185, 2418, 18230, 3087, 281, 4379, 1796, 8459, 4400, 17824, 2736, 16446, 13525, 15341, 3275, 7872, 1662, 7557, 4319, 15442, 7181, 10456, 4963, 17048, 16943, 12784, 3441, 5240, 9975, 13216, 17702, 11594, 13554, 6165, 19168, 16070, 3540, 3262, 10661, 4061, 13173, 2875, 17014, 4349, 10818, 8428, 16764, 14232, 8930, 15734, 17680, 7069, 15684, 17050, 18987, 6914, 6863, 19263, 10595, 150, 10039, 2722, 18223, 16444, 6559, 7258, 2661, 7699, 17136, 12773, 4247, 5723, 15194, 1696, 1500, 2807, 9893, 11835, 13240, 18313, 17107, 10265, 10244, 5570, 2862, 14049, 1012, 12861, 723, 9583, 17461, 10056, 1264, 8297, 3716, 14666, 15259, 13531, 543, 13723, 16810, 6700, 3516, 13766, 7186, 10692, 6321, 15484, 14547, 8744, 3703, 10383, 16829, 6366, 6846, 3906, 2021, 18133, 857, 279, 12232, 10212, 10541, 12325, 13475, 1225, 937, 6966, 10881, 16936, 18502, 1440, 11914, 3326, 5633, 14913, 4623, 10743, 12361, 17335, 1072, 5043, 14810, 15077, 3255, 17215, 6553, 17852, 4801, 6962, 3060, 9430, 8799, 13824, 188, 15175, 15163, 4733, 5011, 3536, 17635, 6532, 14071, 6112, 17158, 6597, 11272, 105, 19219, 5013, 12483, 201, 6848, 17033, 6367, 7859, 14702, 18844, 7053, 18694, 15670, 636, 10129, 6378, 5369, 7273, 16247, 9142, 15345, 16817, 14854, 2600, 15783, 889, 11833, 6612, 2068, 2427, 7062, 7918, 16181, 5464, 8339, 8950, 8453, 16423, 6064, 2380, 4268, 13929, 12974, 19141, 1299, 2484, 3883, 3273, 8772, 13256, 11239, 5766, 18098, 12705, 11004, 2695, 10048, 10960, 2766, 15661, 13258, 8015, 6032, 16397, 7749, 19039, 7634, 15076, 4234, 15114, 8475, 8091, 19220, 18004, 9704, 13918, 15569, 16443, 10015, 9943, 7817, 9349, 2588, 8249, 398, 5316, 15538, 18372, 13559, 2937, 2803, 16248, 6155, 630, 9911, 13190, 19157, 15788, 13248, 13148, 1320, 12074, 8471, 8798, 3213, 12418, 814, 2402, 12718, 12397, 10564, 9875, 10128, 6947, 9491, 17707, 3266, 19196, 14309, 18523, 19043, 17975, 18063, 11618, 15016, 14434, 7680, 1739, 18029, 11694, 1745, 9271, 5189, 9561, 11283, 14978, 10753, 16017, 12914, 978, 2828, 17257, 13135, 5061, 121, 6602, 16015, 19271, 12159, 1244, 8260, 13195, 15873, 12815, 14291, 14515, 118, 4892, 14985, 9551, 12654, 4739, 927, 12176, 9523, 11726, 18187, 5880, 2569, 3386, 13942, 3390, 15774, 129, 65, 12922, 8422, 12692, 16213, 11515, 2111, 8347, 10758, 14064, 4401, 17782, 15621, 6709, 14716, 4091, 13964, 8424, 4218, 7249, 11311, 11171, 18564, 14755, 7114, 14009, 14815, 294, 495, 7684, 6833, 4046, 3505, 16995, 17858, 7761, 15803, 9840, 13958, 8226, 10369, 12497, 17142, 1748, 2854, 7159, 11539, 11055, 13337, 17173, 14214, 6803, 11144, 12649, 283, 15489, 13174, 7015, 610, 7030, 18206, 14077, 15468, 14962, 8046, 7809, 17387, 16034, 16678, 1173, 3502, 12942, 15655, 16859, 7099, 1673, 446, 1365, 5881, 3713, 11697, 1897, 16001, 1702, 14149, 11876, 9341, 4325, 6923, 2001, 138, 3276, 18716, 17604, 10501, 115, 12800, 6111, 11148, 4549, 16057, 4707, 6843, 16091, 4295, 7519, 13708, 12409, 11018, 5052, 13566, 14715, 12755, 793, 10837, 1888, 12375, 3935, 5763, 11791, 11258, 13264, 11469, 4683, 8905, 1853, 11600, 4421, 2798, 5074, 18141, 13807, 8595, 8126, 13837, 8060, 6956, 11767, 14560, 9389, 15261, 1232, 12560, 7262, 11504, 3546, 4627, 1177, 517, 4008, 9219, 17696, 4148, 14124, 13243, 11235, 7561, 8331, 16320, 3591, 11341, 4015, 12028, 14929, 18601, 3528, 14065, 1510, 19191, 13833, 17616, 10869, 17689, 831, 16725, 6319, 15465, 10467, 8162, 13563, 7728, 10778, 13545, 12290, 16480, 14401, 12838, 4212, 17529, 4832, 15111, 12690, 10373, 7596, 18614, 17477, 1043, 13100, 4774, 17479, 3774, 9302, 3901, 13071, 6412, 9516, 1261, 3054, 13522, 17602, 14343, 18500, 10957, 2791, 9624, 3634, 17904, 5709, 14670, 11058, 7087, 7435, 13848, 82, 5565, 2562, 14029, 3583, 1676, 12709, 18473, 3158, 12787, 8068, 8263, 16146, 3593, 1802, 1861, 3348, 4487, 17749, 6105, 10471, 17472, 10200, 1182, 14180, 1076, 10156, 4839, 9903, 4879, 9720, 2157, 15344, 16067, 3064, 17182, 5368, 4987, 18484, 18923, 11896, 1052, 15727, 15289, 5885, 1933, 5251, 17072, 6038, 6195, 13524, 6606, 18506, 17536, 6784, 3231, 14121, 8925, 10030, 803, 13764, 146, 19268, 14099, 4130, 16372, 1537, 12248, 13718, 17187, 11728, 1740, 19233, 5600, 4092, 4779, 6028, 3395, 16152, 19150, 2417, 11980, 11237, 8427, 18127, 3538, 9257, 607, 2078, 18457, 5802, 3435, 15019, 4256, 9221, 13465, 11742, 5788, 9528, 17493, 4607, 3131, 6616, 5356, 1550, 4617, 8827, 849, 2601, 4437, 17861, 10261, 15704, 3890, 8149, 12063, 3086, 15925, 12301, 6847, 5603, 7768, 3187, 13372, 9258, 6584, 7594, 2603, 1835, 17380, 17193, 15251, 15937, 18731, 4082, 14911, 16626, 8824, 16208, 10167, 17711, 9678, 15852, 13620, 16479, 14586, 2446, 4866, 1315, 7746, 10615, 7927, 2443, 7157, 13506, 18410, 10494]",1617,1500,3,False,1500
3599,general explain,general explain,22,True,True,True,"{21: 26, 33: 14, 2: 18, 29: 13, 25: 57, 43: 9, 57: 16, 49: 16, 61: 14, 67: 52, 65: 21, 50: 28, 15: 53, 6: 13, 46: 15, 27: 69, 7: 65, 48: 67, 19: 21, 31: 14, 63: 26, 22: 39, 9: 79, 26: 40, 47: 15, 53: 66, 11: 19, 51: 26, 54: 9, 13: 32, 17: 37, 52: 30, 39: 27, 38: 19, 1: 6, 59: 33, 56: 23, 32: 9, 8: 25, 4: 12, 20: 26, 24: 7, 18: 31, 42: 7, 28: 31, 45: 57, 0: 13, 66: 11, 62: 11, 35: 7, 64: 15, 37: 2, 40: 25, 3: 3, 14: 5, 12: 8, 16: 15, 55: 16, 30: 13, 58: 6, 36: 4, 60: 5, 5: 3, 41: 2, 44: 2, 34: 2}","[12686, 3384, 6034, 14374, 14516, 14680, 18580, 5912, 661, 4433, 14182, 14634, 14672, 13694, 17233, 12320, 12666, 7276, 14925, 15315, 1125, 14820, 3769, 14096, 12401, 14972, 14176, 4685, 4278, 5735, 7514, 16051, 15882, 4696, 17145, 19193, 12994, 9901, 13641, 15193, 6739, 9240, 1608, 14664, 18117, 5676, 15714, 5964, 5329, 16651, 15936, 14441, 15878, 18316, 14255, 18692, 5858, 4640, 10716, 13839, 16635, 2097, 11464, 12427, 2320, 14629, 7617, 16183, 16205, 2170, 4384, 6683, 5285, 18707, 6780, 4231, 2404, 4895, 18091, 2944, 13054, 3904, 3491, 9455, 15985, 10432, 8657, 15304, 9114, 5838, 5197, 17244, 6207, 3970, 17246, 3950, 6168, 8697, 6800, 9942, 11118, 8582, 6355, 15275, 4581, 12724, 11921, 1833, 523, 7619, 15729, 176, 8576, 3101, 1573, 1283, 11796, 11277, 2547, 1738, 6806, 15187, 7129, 5179, 5854, 16373, 9231, 6270, 777, 2062, 13249, 4144, 6325, 3924, 5350, 14414, 3142, 2249, 6444, 13582, 2833, 18030, 6483, 18404, 15057, 7482, 15001, 15872, 14584, 10835, 954, 7257, 1381, 17819, 17518, 6497, 14430, 4901, 16466, 10805, 132, 7506, 755, 14427, 12119, 16613, 19042, 14994, 11257, 8042, 2144, 5966, 1580, 8010, 2550, 10684, 14088, 5037, 8764, 17076, 14185, 15984, 5299, 16601, 19182, 13197, 14561, 12605, 17010, 2703, 6715, 11207, 10188, 212, 2293, 17676, 1720, 5934, 112, 8568, 15870, 3226, 4524, 4431, 5141, 5383, 7609, 12807, 19001, 14368, 6704, 14903, 4172, 117, 18698, 1699, 16558, 7518, 10618, 2110, 10308, 7828, 6623, 17644, 4449, 951, 13858, 15106, 8402, 916, 4771, 8608, 6448, 6656, 13547, 2814, 8336, 8093, 6398, 637, 9909, 10621, 786, 14146, 17292, 9457, 3, 2884, 14785, 10504, 16361, 8181, 17690, 654, 11067, 18741, 386, 18208, 10130, 8079, 7082, 14740, 8076, 18619, 14428, 10992, 12679, 9431, 18328, 13606, 7641, 13542, 1002, 11975, 15646, 19078, 1352, 8683, 16053, 11763, 14823, 7059, 4995, 3754, 6213, 10090, 19084, 1973, 8131, 5353, 836, 13960, 3217, 4885, 9645, 16941, 14750, 13171, 9132, 1355, 4440, 15747, 8233, 6008, 12781, 16749, 13905, 18198, 5033, 2910, 16502, 1233, 965, 16926, 3944, 13518, 18213, 12739, 9972, 14609, 5764, 6128, 9532, 12680, 3672, 5458, 6822, 11547, 3163, 8040, 14081, 8369, 18182, 17541, 11552, 12451, 15074, 1783, 17730, 1690, 16992, 2490, 2459, 18065, 320, 18311, 45, 9495, 4572, 544, 12731, 16811, 15096, 14957, 4594, 16607, 2449, 7791, 13659, 8892, 1713, 17336, 6598, 13832, 10495, 18937, 3067, 3473, 12715, 13492, 14787, 16503, 17899, 16638, 2408, 7141, 10590, 2917, 14650, 12571, 4321, 2855, 1829, 3736, 3381, 11069, 16093, 15201, 14311, 9836, 18289, 16899, 897, 13981, 12223, 8884, 15721, 7778, 13648, 5737, 6550, 19249, 2715, 447, 12941, 8915, 18963, 16291, 760, 5869, 3635, 3439, 6740, 5003, 3174, 2945, 16056, 4860, 11216, 7363, 1147, 12124, 9764, 11245, 4361, 7784, 16285, 17057, 11203, 5114, 17655, 12056, 17890, 7741, 15799, 10258, 16088, 19222, 15303, 1433, 5991, 322, 2322, 3156, 9940, 7814, 17068, 16968, 10018, 1991, 11946, 8705, 10371, 4619, 11074, 2034, 15550, 11743, 18666, 13494, 14175, 13948, 15123, 11154, 10397, 1701, 4770, 839, 12085, 16500, 16241, 1535, 18782, 2221, 539, 18405, 4245, 103, 1571, 16945, 12196, 9441, 1732, 1367, 3596, 4794, 7230, 5245, 17483, 2955, 2003, 11509, 4044, 12934, 3456, 16693, 593, 4582, 14076, 10972, 1965, 7227, 14324, 8658, 3772, 8355, 11889, 1908, 2684, 10026, 1666, 16507, 5589, 9295, 8389, 2099, 18653, 13808, 19147, 6675, 10970, 2788, 19028, 16983, 16166, 9845, 8160, 11381, 10088, 10333, 11716, 14695, 12697, 4365, 3747, 17296, 11904, 74, 7047, 10639, 13094, 940, 10478, 2032, 6642, 14896, 10840, 5430, 5556, 12597, 2183, 18403, 4252, 14613, 18283, 8790, 12140, 13540, 13353, 14114, 13297, 4056, 14038, 11299, 13770, 11433, 14285, 1526, 1955, 15711, 255, 12481, 612, 1635, 4886, 357, 11434, 9524, 13106, 2607, 5391, 9406, 2331, 624, 2749, 17849, 9829, 11436, 18426, 9481, 18550, 15647, 532, 11720, 11824, 15610, 15741, 7902, 13558, 17967, 14539, 17889, 4631, 1238, 16921, 7787, 15293, 3108, 8215, 2851, 4514, 12938, 16730, 17178, 4890, 17960, 4725, 7917, 3191, 8231, 16341, 8195, 10913, 2173, 5557, 2637, 16896, 5806, 1815, 1451, 8864, 2290, 12108, 5328, 6203, 2431, 7508, 17898, 17188, 6897, 1199, 15526, 18437, 6631, 8644, 16917, 14964, 14233, 2454, 584, 4830, 7199, 4180, 14889, 5761, 13756, 6917, 7756, 18880, 15095, 1816, 14070, 16252, 7429, 16589, 1631, 15968, 15221, 12478, 18594, 1477, 5637, 12058, 1205, 13397, 9107, 18654, 1968, 3759, 13147, 14144, 14973, 12452, 18020, 13592, 17920, 13687, 11335, 7207, 418, 7834, 778, 12982, 10688, 9031, 509, 9601, 9780, 17040, 12023, 3916, 91, 6536, 18535, 7547, 15240, 707, 14533, 15064, 17012, 16805, 8637, 5969, 16221, 1940, 13307, 4717, 12615, 18220, 11028, 12170, 1743, 2376, 12415, 14220, 18827, 1294, 18543, 6977, 15309, 11778, 11842, 17103, 3857, 4637, 12162, 19169, 17166, 18237, 17818, 9507, 19022, 5790, 19112, 15611, 1118, 15184, 18703, 1817, 15530, 16579, 8437, 11839, 11378, 3537, 9205, 9217, 16272, 18759, 16828, 12002, 8348, 1723, 3481, 14115, 379, 8544, 264, 6015, 7672, 2253, 7364, 3706, 13796, 17139, 16125, 12059, 9623, 7185, 2418, 18230, 3087, 281, 4379, 1796, 8459, 4400, 17824, 2736, 16446, 13525, 15341, 3275, 7872, 1662, 7557, 4319, 15442, 7181, 10456, 4963, 17048, 16943, 12784, 3441, 5240, 9975, 13216, 17702, 11594, 13554, 6165, 19168, 16070, 3540, 3262, 10661, 4061, 13173, 2875, 17014, 4349, 10818, 8428, 16764, 14232, 8930, 15734, 17680, 7069, 15684, 17050, 18987, 6914, 6863, 19263, 10595, 150, 10039, 2722, 18223, 16444, 6559, 7258, 2661, 7699, 17136, 12773, 4247, 5723, 15194, 1696, 1500, 2807, 9893, 11835, 13240, 18313, 17107, 10265, 10244, 5570, 2862, 14049, 1012, 12861, 723, 9583, 17461, 10056, 1264, 8297, 3716, 14666, 15259, 13531, 543, 13723, 16810, 6700, 3516, 13766, 7186, 10692, 6321, 15484, 14547, 8744, 3703, 10383, 16829, 6366, 6846, 3906, 2021, 18133, 857, 279, 12232, 10212, 10541, 12325, 13475, 1225, 937, 6966, 10881, 16936, 18502, 1440, 11914, 3326, 5633, 14913, 4623, 10743, 12361, 17335, 1072, 5043, 14810, 15077, 3255, 17215, 6553, 17852, 4801, 6962, 3060, 9430, 8799, 13824, 188, 15175, 15163, 4733, 5011, 3536, 17635, 6532, 14071, 6112, 17158, 6597, 11272, 105, 19219, 5013, 12483, 201, 6848, 17033, 6367, 7859, 14702, 18844, 7053, 18694, 15670, 636, 10129, 6378, 5369, 7273, 16247, 9142, 15345, 16817, 14854, 2600, 15783, 889, 11833, 6612, 2068, 2427, 7062, 7918, 16181, 5464, 8339, 8950, 8453, 16423, 6064, 2380, 4268, 13929, 12974, 19141, 1299, 2484, 3883, 3273, 8772, 13256, 11239, 5766, 18098, 12705, 11004, 2695, 10048, 10960, 2766, 15661, 13258, 8015, 6032, 16397, 7749, 19039, 7634, 15076, 4234, 15114, 8475, 8091, 19220, 18004, 9704, 13918, 15569, 16443, 10015, 9943, 7817, 9349, 2588, 8249, 398, 5316, 15538, 18372, 13559, 2937, 2803, 16248, 6155, 630, 9911, 13190, 19157, 15788, 13248, 13148, 1320, 12074, 8471, 8798, 3213, 12418, 814, 2402, 12718, 12397, 10564, 9875, 10128, 6947, 9491, 17707, 3266, 19196, 14309, 18523, 19043, 17975, 18063, 11618, 15016, 14434, 7680, 1739, 18029, 11694, 1745, 9271, 5189, 9561, 11283, 14978, 10753, 16017, 12914, 978, 2828, 17257, 13135, 5061, 121, 6602, 16015, 19271, 12159, 1244, 8260, 13195, 15873, 12815, 14291, 14515, 118, 4892, 14985, 9551, 12654, 4739, 927, 12176, 9523, 11726, 18187, 5880, 2569, 3386, 13942, 3390, 15774, 129, 65, 12922, 8422, 12692, 16213, 11515, 2111, 8347, 10758, 14064, 4401, 17782, 15621, 6709, 14716, 4091, 13964, 8424, 4218, 7249, 11311, 11171, 18564, 14755, 7114, 14009, 14815, 294, 495, 7684, 6833, 4046, 3505, 16995, 17858, 7761, 15803, 9840, 13958, 8226, 10369, 12497, 17142, 1748, 2854, 7159, 11539, 11055, 13337, 17173, 14214, 6803, 11144, 12649, 283, 15489, 13174, 7015, 610, 7030, 18206, 14077, 15468, 14962, 8046, 7809, 17387, 16034, 16678, 1173, 3502, 12942, 15655, 16859, 7099, 1673, 446, 1365, 5881, 3713, 11697, 1897, 16001, 1702, 14149, 11876, 9341, 4325, 6923, 2001, 138, 3276, 18716, 17604, 10501, 115, 12800, 6111, 11148, 4549, 16057, 4707, 6843, 16091, 4295, 7519, 13708, 12409, 11018, 5052, 13566, 14715, 12755, 793, 10837, 1888, 12375, 3935, 5763, 11791, 11258, 13264, 11469, 4683, 8905, 1853, 11600, 4421, 2798, 5074, 18141, 13807, 8595, 8126, 13837, 8060, 6956, 11767, 14560, 9389, 15261, 1232, 12560, 7262, 11504, 3546, 4627, 1177, 517, 4008, 9219, 17696, 4148, 14124, 13243, 11235, 7561, 8331, 16320, 3591, 11341, 4015, 12028, 14929, 18601, 3528, 14065, 1510, 19191, 13833, 17616, 10869, 17689, 831, 16725, 6319, 15465, 10467, 8162, 13563, 7728, 10778, 13545, 12290, 16480, 14401, 12838, 4212, 17529, 4832, 15111, 12690, 10373, 7596, 18614, 17477, 1043, 13100, 4774, 17479, 3774, 9302, 3901, 13071, 6412, 9516, 1261, 3054, 13522, 17602, 14343, 18500, 10957, 2791, 9624, 3634, 17904, 5709, 14670, 11058, 7087, 7435, 13848, 82, 5565, 2562, 14029, 3583, 1676, 12709, 18473, 3158, 12787, 8068, 8263, 16146, 3593, 1802, 1861, 3348, 4487, 17749, 6105, 10471, 17472, 10200, 1182, 14180, 1076, 10156, 4839, 9903, 4879, 9720, 2157, 15344, 16067, 3064, 17182, 5368, 4987, 18484, 18923, 11896, 1052, 15727, 15289, 5885, 1933, 5251, 17072, 6038, 6195, 13524, 6606, 18506, 17536, 6784, 3231, 14121, 8925, 10030, 803, 13764, 146, 19268, 14099, 4130, 16372, 1537, 12248, 13718, 17187, 11728, 1740, 19233, 5600, 4092, 4779, 6028, 3395, 16152, 19150, 2417, 11980, 11237, 8427, 18127, 3538, 9257, 607, 2078, 18457, 5802, 3435, 15019, 4256, 9221, 13465, 11742, 5788, 9528, 17493, 4607, 3131, 6616, 5356, 1550, 4617, 8827, 849, 2601, 4437, 17861, 10261, 15704, 3890, 8149, 12063, 3086, 15925, 12301, 6847, 5603, 7768, 3187, 13372, 9258, 6584, 7594, 2603, 1835, 17380, 17193, 15251, 15937, 18731, 4082, 14911, 16626, 8824, 16208, 10167, 17711, 9678, 15852, 13620, 16479, 14586, 2446, 4866, 1315, 7746, 10615, 7927, 2443, 7157, 13506, 18410, 10494]",3599,1500,3,False,1500
400,calendar set,alarm set,2,True,False,True,"{21: 26, 33: 14, 2: 18, 29: 13, 25: 57, 43: 9, 57: 16, 49: 16, 61: 14, 67: 52, 65: 21, 50: 28, 15: 53, 6: 13, 46: 15, 27: 69, 7: 65, 48: 67, 19: 21, 31: 14, 63: 26, 22: 39, 9: 79, 26: 40, 47: 15, 53: 66, 11: 19, 51: 26, 54: 9, 13: 32, 17: 37, 52: 30, 39: 27, 38: 19, 1: 6, 59: 33, 56: 23, 32: 9, 8: 25, 4: 12, 20: 26, 24: 7, 18: 31, 42: 7, 28: 31, 45: 57, 0: 13, 66: 11, 62: 11, 35: 7, 64: 15, 37: 2, 40: 25, 3: 3, 14: 5, 12: 8, 16: 15, 55: 16, 30: 13, 58: 6, 36: 4, 60: 5, 5: 3, 41: 2, 44: 2, 34: 2}","[12686, 3384, 6034, 14374, 14516, 14680, 18580, 5912, 661, 4433, 14182, 14634, 14672, 13694, 17233, 12320, 12666, 7276, 14925, 15315, 1125, 14820, 3769, 14096, 12401, 14972, 14176, 4685, 4278, 5735, 7514, 16051, 15882, 4696, 17145, 19193, 12994, 9901, 13641, 15193, 6739, 9240, 1608, 14664, 18117, 5676, 15714, 5964, 5329, 16651, 15936, 14441, 15878, 18316, 14255, 18692, 5858, 4640, 10716, 13839, 16635, 2097, 11464, 12427, 2320, 14629, 7617, 16183, 16205, 2170, 4384, 6683, 5285, 18707, 6780, 4231, 2404, 4895, 18091, 2944, 13054, 3904, 3491, 9455, 15985, 10432, 8657, 15304, 9114, 5838, 5197, 17244, 6207, 3970, 17246, 3950, 6168, 8697, 6800, 9942, 11118, 8582, 6355, 15275, 4581, 12724, 11921, 1833, 523, 7619, 15729, 176, 8576, 3101, 1573, 1283, 11796, 11277, 2547, 1738, 6806, 15187, 7129, 5179, 5854, 16373, 9231, 6270, 777, 2062, 13249, 4144, 6325, 3924, 5350, 14414, 3142, 2249, 6444, 13582, 2833, 18030, 6483, 18404, 15057, 7482, 15001, 15872, 14584, 10835, 954, 7257, 1381, 17819, 17518, 6497, 14430, 4901, 16466, 10805, 132, 7506, 755, 14427, 12119, 16613, 19042, 14994, 11257, 8042, 2144, 5966, 1580, 8010, 2550, 10684, 14088, 5037, 8764, 17076, 14185, 15984, 5299, 16601, 19182, 13197, 14561, 12605, 17010, 2703, 6715, 11207, 10188, 212, 2293, 17676, 1720, 5934, 112, 8568, 15870, 3226, 4524, 4431, 5141, 5383, 7609, 12807, 19001, 14368, 6704, 14903, 4172, 117, 18698, 1699, 16558, 7518, 10618, 2110, 10308, 7828, 6623, 17644, 4449, 951, 13858, 15106, 8402, 916, 4771, 8608, 6448, 6656, 13547, 2814, 8336, 8093, 6398, 637, 9909, 10621, 786, 14146, 17292, 9457, 3, 2884, 14785, 10504, 16361, 8181, 17690, 654, 11067, 18741, 386, 18208, 10130, 8079, 7082, 14740, 8076, 18619, 14428, 10992, 12679, 9431, 18328, 13606, 7641, 13542, 1002, 11975, 15646, 19078, 1352, 8683, 16053, 11763, 14823, 7059, 4995, 3754, 6213, 10090, 19084, 1973, 8131, 5353, 836, 13960, 3217, 4885, 9645, 16941, 14750, 13171, 9132, 1355, 4440, 15747, 8233, 6008, 12781, 16749, 13905, 18198, 5033, 2910, 16502, 1233, 965, 16926, 3944, 13518, 18213, 12739, 9972, 14609, 5764, 6128, 9532, 12680, 3672, 5458, 6822, 11547, 3163, 8040, 14081, 8369, 18182, 17541, 11552, 12451, 15074, 1783, 17730, 1690, 16992, 2490, 2459, 18065, 320, 18311, 45, 9495, 4572, 544, 12731, 16811, 15096, 14957, 4594, 16607, 2449, 7791, 13659, 8892, 1713, 17336, 6598, 13832, 10495, 18937, 3067, 3473, 12715, 13492, 14787, 16503, 17899, 16638, 2408, 7141, 10590, 2917, 14650, 12571, 4321, 2855, 1829, 3736, 3381, 11069, 16093, 15201, 14311, 9836, 18289, 16899, 897, 13981, 12223, 8884, 15721, 7778, 13648, 5737, 6550, 19249, 2715, 447, 12941, 8915, 18963, 16291, 760, 5869, 3635, 3439, 6740, 5003, 3174, 2945, 16056, 4860, 11216, 7363, 1147, 12124, 9764, 11245, 4361, 7784, 16285, 17057, 11203, 5114, 17655, 12056, 17890, 7741, 15799, 10258, 16088, 19222, 15303, 1433, 5991, 322, 2322, 3156, 9940, 7814, 17068, 16968, 10018, 1991, 11946, 8705, 10371, 4619, 11074, 2034, 15550, 11743, 18666, 13494, 14175, 13948, 15123, 11154, 10397, 1701, 4770, 839, 12085, 16500, 16241, 1535, 18782, 2221, 539, 18405, 4245, 103, 1571, 16945, 12196, 9441, 1732, 1367, 3596, 4794, 7230, 5245, 17483, 2955, 2003, 11509, 4044, 12934, 3456, 16693, 593, 4582, 14076, 10972, 1965, 7227, 14324, 8658, 3772, 8355, 11889, 1908, 2684, 10026, 1666, 16507, 5589, 9295, 8389, 2099, 18653, 13808, 19147, 6675, 10970, 2788, 19028, 16983, 16166, 9845, 8160, 11381, 10088, 10333, 11716, 14695, 12697, 4365, 3747, 17296, 11904, 74, 7047, 10639, 13094, 940, 10478, 2032, 6642, 14896, 10840, 5430, 5556, 12597, 2183, 18403, 4252, 14613, 18283, 8790, 12140, 13540, 13353, 14114, 13297, 4056, 14038, 11299, 13770, 11433, 14285, 1526, 1955, 15711, 255, 12481, 612, 1635, 4886, 357, 11434, 9524, 13106, 2607, 5391, 9406, 2331, 624, 2749, 17849, 9829, 11436, 18426, 9481, 18550, 15647, 532, 11720, 11824, 15610, 15741, 7902, 13558, 17967, 14539, 17889, 4631, 1238, 16921, 7787, 15293, 3108, 8215, 2851, 4514, 12938, 16730, 17178, 4890, 17960, 4725, 7917, 3191, 8231, 16341, 8195, 10913, 2173, 5557, 2637, 16896, 5806, 1815, 1451, 8864, 2290, 12108, 5328, 6203, 2431, 7508, 17898, 17188, 6897, 1199, 15526, 18437, 6631, 8644, 16917, 14964, 14233, 2454, 584, 4830, 7199, 4180, 14889, 5761, 13756, 6917, 7756, 18880, 15095, 1816, 14070, 16252, 7429, 16589, 1631, 15968, 15221, 12478, 18594, 1477, 5637, 12058, 1205, 13397, 9107, 18654, 1968, 3759, 13147, 14144, 14973, 12452, 18020, 13592, 17920, 13687, 11335, 7207, 418, 7834, 778, 12982, 10688, 9031, 509, 9601, 9780, 17040, 12023, 3916, 91, 6536, 18535, 7547, 15240, 707, 14533, 15064, 17012, 16805, 8637, 5969, 16221, 1940, 13307, 4717, 12615, 18220, 11028, 12170, 1743, 2376, 12415, 14220, 18827, 1294, 18543, 6977, 15309, 11778, 11842, 17103, 3857, 4637, 12162, 19169, 17166, 18237, 17818, 9507, 19022, 5790, 19112, 15611, 1118, 15184, 18703, 1817, 15530, 16579, 8437, 11839, 11378, 3537, 9205, 9217, 16272, 18759, 16828, 12002, 8348, 1723, 3481, 14115, 379, 8544, 264, 6015, 7672, 2253, 7364, 3706, 13796, 17139, 16125, 12059, 9623, 7185, 2418, 18230, 3087, 281, 4379, 1796, 8459, 4400, 17824, 2736, 16446, 13525, 15341, 3275, 7872, 1662, 7557, 4319, 15442, 7181, 10456, 4963, 17048, 16943, 12784, 3441, 5240, 9975, 13216, 17702, 11594, 13554, 6165, 19168, 16070, 3540, 3262, 10661, 4061, 13173, 2875, 17014, 4349, 10818, 8428, 16764, 14232, 8930, 15734, 17680, 7069, 15684, 17050, 18987, 6914, 6863, 19263, 10595, 150, 10039, 2722, 18223, 16444, 6559, 7258, 2661, 7699, 17136, 12773, 4247, 5723, 15194, 1696, 1500, 2807, 9893, 11835, 13240, 18313, 17107, 10265, 10244, 5570, 2862, 14049, 1012, 12861, 723, 9583, 17461, 10056, 1264, 8297, 3716, 14666, 15259, 13531, 543, 13723, 16810, 6700, 3516, 13766, 7186, 10692, 6321, 15484, 14547, 8744, 3703, 10383, 16829, 6366, 6846, 3906, 2021, 18133, 857, 279, 12232, 10212, 10541, 12325, 13475, 1225, 937, 6966, 10881, 16936, 18502, 1440, 11914, 3326, 5633, 14913, 4623, 10743, 12361, 17335, 1072, 5043, 14810, 15077, 3255, 17215, 6553, 17852, 4801, 6962, 3060, 9430, 8799, 13824, 188, 15175, 15163, 4733, 5011, 3536, 17635, 6532, 14071, 6112, 17158, 6597, 11272, 105, 19219, 5013, 12483, 201, 6848, 17033, 6367, 7859, 14702, 18844, 7053, 18694, 15670, 636, 10129, 6378, 5369, 7273, 16247, 9142, 15345, 16817, 14854, 2600, 15783, 889, 11833, 6612, 2068, 2427, 7062, 7918, 16181, 5464, 8339, 8950, 8453, 16423, 6064, 2380, 4268, 13929, 12974, 19141, 1299, 2484, 3883, 3273, 8772, 13256, 11239, 5766, 18098, 12705, 11004, 2695, 10048, 10960, 2766, 15661, 13258, 8015, 6032, 16397, 7749, 19039, 7634, 15076, 4234, 15114, 8475, 8091, 19220, 18004, 9704, 13918, 15569, 16443, 10015, 9943, 7817, 9349, 2588, 8249, 398, 5316, 15538, 18372, 13559, 2937, 2803, 16248, 6155, 630, 9911, 13190, 19157, 15788, 13248, 13148, 1320, 12074, 8471, 8798, 3213, 12418, 814, 2402, 12718, 12397, 10564, 9875, 10128, 6947, 9491, 17707, 3266, 19196, 14309, 18523, 19043, 17975, 18063, 11618, 15016, 14434, 7680, 1739, 18029, 11694, 1745, 9271, 5189, 9561, 11283, 14978, 10753, 16017, 12914, 978, 2828, 17257, 13135, 5061, 121, 6602, 16015, 19271, 12159, 1244, 8260, 13195, 15873, 12815, 14291, 14515, 118, 4892, 14985, 9551, 12654, 4739, 927, 12176, 9523, 11726, 18187, 5880, 2569, 3386, 13942, 3390, 15774, 129, 65, 12922, 8422, 12692, 16213, 11515, 2111, 8347, 10758, 14064, 4401, 17782, 15621, 6709, 14716, 4091, 13964, 8424, 4218, 7249, 11311, 11171, 18564, 14755, 7114, 14009, 14815, 294, 495, 7684, 6833, 4046, 3505, 16995, 17858, 7761, 15803, 9840, 13958, 8226, 10369, 12497, 17142, 1748, 2854, 7159, 11539, 11055, 13337, 17173, 14214, 6803, 11144, 12649, 283, 15489, 13174, 7015, 610, 7030, 18206, 14077, 15468, 14962, 8046, 7809, 17387, 16034, 16678, 1173, 3502, 12942, 15655, 16859, 7099, 1673, 446, 1365, 5881, 3713, 11697, 1897, 16001, 1702, 14149, 11876, 9341, 4325, 6923, 2001, 138, 3276, 18716, 17604, 10501, 115, 12800, 6111, 11148, 4549, 16057, 4707, 6843, 16091, 4295, 7519, 13708, 12409, 11018, 5052, 13566, 14715, 12755, 793, 10837, 1888, 12375, 3935, 5763, 11791, 11258, 13264, 11469, 4683, 8905, 1853, 11600, 4421, 2798, 5074, 18141, 13807, 8595, 8126, 13837, 8060, 6956, 11767, 14560, 9389, 15261, 1232, 12560, 7262, 11504, 3546, 4627, 1177, 517, 4008, 9219, 17696, 4148, 14124, 13243, 11235, 7561, 8331, 16320, 3591, 11341, 4015, 12028, 14929, 18601, 3528, 14065, 1510, 19191, 13833, 17616, 10869, 17689, 831, 16725, 6319, 15465, 10467, 8162, 13563, 7728, 10778, 13545, 12290, 16480, 14401, 12838, 4212, 17529, 4832, 15111, 12690, 10373, 7596, 18614, 17477, 1043, 13100, 4774, 17479, 3774, 9302, 3901, 13071, 6412, 9516, 1261, 3054, 13522, 17602, 14343, 18500, 10957, 2791, 9624, 3634, 17904, 5709, 14670, 11058, 7087, 7435, 13848, 82, 5565, 2562, 14029, 3583, 1676, 12709, 18473, 3158, 12787, 8068, 8263, 16146, 3593, 1802, 1861, 3348, 4487, 17749, 6105, 10471, 17472, 10200, 1182, 14180, 1076, 10156, 4839, 9903, 4879, 9720, 2157, 15344, 16067, 3064, 17182, 5368, 4987, 18484, 18923, 11896, 1052, 15727, 15289, 5885, 1933, 5251, 17072, 6038, 6195, 13524, 6606, 18506, 17536, 6784, 3231, 14121, 8925, 10030, 803, 13764, 146, 19268, 14099, 4130, 16372, 1537, 12248, 13718, 17187, 11728, 1740, 19233, 5600, 4092, 4779, 6028, 3395, 16152, 19150, 2417, 11980, 11237, 8427, 18127, 3538, 9257, 607, 2078, 18457, 5802, 3435, 15019, 4256, 9221, 13465, 11742, 5788, 9528, 17493, 4607, 3131, 6616, 5356, 1550, 4617, 8827, 849, 2601, 4437, 17861, 10261, 15704, 3890, 8149, 12063, 3086, 15925, 12301, 6847, 5603, 7768, 3187, 13372, 9258, 6584, 7594, 2603, 1835, 17380, 17193, 15251, 15937, 18731, 4082, 14911, 16626, 8824, 16208, 10167, 17711, 9678, 15852, 13620, 16479, 14586, 2446, 4866, 1315, 7746, 10615, 7927, 2443, 7157, 13506, 18410, 10494]",400,1500,3,False,1500
4919,iot hue light up,iot hue light up,35,True,True,True,"{21: 26, 33: 14, 2: 18, 29: 13, 25: 57, 43: 9, 57: 16, 49: 16, 61: 14, 67: 52, 65: 21, 50: 28, 15: 53, 6: 13, 46: 15, 27: 69, 7: 65, 48: 67, 19: 21, 31: 14, 63: 26, 22: 39, 9: 79, 26: 40, 47: 15, 53: 66, 11: 19, 51: 26, 54: 9, 13: 32, 17: 37, 52: 30, 39: 27, 38: 19, 1: 6, 59: 33, 56: 23, 32: 9, 8: 25, 4: 12, 20: 26, 24: 7, 18: 31, 42: 7, 28: 31, 45: 57, 0: 13, 66: 11, 62: 11, 35: 7, 64: 15, 37: 2, 40: 25, 3: 3, 14: 5, 12: 8, 16: 15, 55: 16, 30: 13, 58: 6, 36: 4, 60: 5, 5: 3, 41: 2, 44: 2, 34: 2}","[12686, 3384, 6034, 14374, 14516, 14680, 18580, 5912, 661, 4433, 14182, 14634, 14672, 13694, 17233, 12320, 12666, 7276, 14925, 15315, 1125, 14820, 3769, 14096, 12401, 14972, 14176, 4685, 4278, 5735, 7514, 16051, 15882, 4696, 17145, 19193, 12994, 9901, 13641, 15193, 6739, 9240, 1608, 14664, 18117, 5676, 15714, 5964, 5329, 16651, 15936, 14441, 15878, 18316, 14255, 18692, 5858, 4640, 10716, 13839, 16635, 2097, 11464, 12427, 2320, 14629, 7617, 16183, 16205, 2170, 4384, 6683, 5285, 18707, 6780, 4231, 2404, 4895, 18091, 2944, 13054, 3904, 3491, 9455, 15985, 10432, 8657, 15304, 9114, 5838, 5197, 17244, 6207, 3970, 17246, 3950, 6168, 8697, 6800, 9942, 11118, 8582, 6355, 15275, 4581, 12724, 11921, 1833, 523, 7619, 15729, 176, 8576, 3101, 1573, 1283, 11796, 11277, 2547, 1738, 6806, 15187, 7129, 5179, 5854, 16373, 9231, 6270, 777, 2062, 13249, 4144, 6325, 3924, 5350, 14414, 3142, 2249, 6444, 13582, 2833, 18030, 6483, 18404, 15057, 7482, 15001, 15872, 14584, 10835, 954, 7257, 1381, 17819, 17518, 6497, 14430, 4901, 16466, 10805, 132, 7506, 755, 14427, 12119, 16613, 19042, 14994, 11257, 8042, 2144, 5966, 1580, 8010, 2550, 10684, 14088, 5037, 8764, 17076, 14185, 15984, 5299, 16601, 19182, 13197, 14561, 12605, 17010, 2703, 6715, 11207, 10188, 212, 2293, 17676, 1720, 5934, 112, 8568, 15870, 3226, 4524, 4431, 5141, 5383, 7609, 12807, 19001, 14368, 6704, 14903, 4172, 117, 18698, 1699, 16558, 7518, 10618, 2110, 10308, 7828, 6623, 17644, 4449, 951, 13858, 15106, 8402, 916, 4771, 8608, 6448, 6656, 13547, 2814, 8336, 8093, 6398, 637, 9909, 10621, 786, 14146, 17292, 9457, 3, 2884, 14785, 10504, 16361, 8181, 17690, 654, 11067, 18741, 386, 18208, 10130, 8079, 7082, 14740, 8076, 18619, 14428, 10992, 12679, 9431, 18328, 13606, 7641, 13542, 1002, 11975, 15646, 19078, 1352, 8683, 16053, 11763, 14823, 7059, 4995, 3754, 6213, 10090, 19084, 1973, 8131, 5353, 836, 13960, 3217, 4885, 9645, 16941, 14750, 13171, 9132, 1355, 4440, 15747, 8233, 6008, 12781, 16749, 13905, 18198, 5033, 2910, 16502, 1233, 965, 16926, 3944, 13518, 18213, 12739, 9972, 14609, 5764, 6128, 9532, 12680, 3672, 5458, 6822, 11547, 3163, 8040, 14081, 8369, 18182, 17541, 11552, 12451, 15074, 1783, 17730, 1690, 16992, 2490, 2459, 18065, 320, 18311, 45, 9495, 4572, 544, 12731, 16811, 15096, 14957, 4594, 16607, 2449, 7791, 13659, 8892, 1713, 17336, 6598, 13832, 10495, 18937, 3067, 3473, 12715, 13492, 14787, 16503, 17899, 16638, 2408, 7141, 10590, 2917, 14650, 12571, 4321, 2855, 1829, 3736, 3381, 11069, 16093, 15201, 14311, 9836, 18289, 16899, 897, 13981, 12223, 8884, 15721, 7778, 13648, 5737, 6550, 19249, 2715, 447, 12941, 8915, 18963, 16291, 760, 5869, 3635, 3439, 6740, 5003, 3174, 2945, 16056, 4860, 11216, 7363, 1147, 12124, 9764, 11245, 4361, 7784, 16285, 17057, 11203, 5114, 17655, 12056, 17890, 7741, 15799, 10258, 16088, 19222, 15303, 1433, 5991, 322, 2322, 3156, 9940, 7814, 17068, 16968, 10018, 1991, 11946, 8705, 10371, 4619, 11074, 2034, 15550, 11743, 18666, 13494, 14175, 13948, 15123, 11154, 10397, 1701, 4770, 839, 12085, 16500, 16241, 1535, 18782, 2221, 539, 18405, 4245, 103, 1571, 16945, 12196, 9441, 1732, 1367, 3596, 4794, 7230, 5245, 17483, 2955, 2003, 11509, 4044, 12934, 3456, 16693, 593, 4582, 14076, 10972, 1965, 7227, 14324, 8658, 3772, 8355, 11889, 1908, 2684, 10026, 1666, 16507, 5589, 9295, 8389, 2099, 18653, 13808, 19147, 6675, 10970, 2788, 19028, 16983, 16166, 9845, 8160, 11381, 10088, 10333, 11716, 14695, 12697, 4365, 3747, 17296, 11904, 74, 7047, 10639, 13094, 940, 10478, 2032, 6642, 14896, 10840, 5430, 5556, 12597, 2183, 18403, 4252, 14613, 18283, 8790, 12140, 13540, 13353, 14114, 13297, 4056, 14038, 11299, 13770, 11433, 14285, 1526, 1955, 15711, 255, 12481, 612, 1635, 4886, 357, 11434, 9524, 13106, 2607, 5391, 9406, 2331, 624, 2749, 17849, 9829, 11436, 18426, 9481, 18550, 15647, 532, 11720, 11824, 15610, 15741, 7902, 13558, 17967, 14539, 17889, 4631, 1238, 16921, 7787, 15293, 3108, 8215, 2851, 4514, 12938, 16730, 17178, 4890, 17960, 4725, 7917, 3191, 8231, 16341, 8195, 10913, 2173, 5557, 2637, 16896, 5806, 1815, 1451, 8864, 2290, 12108, 5328, 6203, 2431, 7508, 17898, 17188, 6897, 1199, 15526, 18437, 6631, 8644, 16917, 14964, 14233, 2454, 584, 4830, 7199, 4180, 14889, 5761, 13756, 6917, 7756, 18880, 15095, 1816, 14070, 16252, 7429, 16589, 1631, 15968, 15221, 12478, 18594, 1477, 5637, 12058, 1205, 13397, 9107, 18654, 1968, 3759, 13147, 14144, 14973, 12452, 18020, 13592, 17920, 13687, 11335, 7207, 418, 7834, 778, 12982, 10688, 9031, 509, 9601, 9780, 17040, 12023, 3916, 91, 6536, 18535, 7547, 15240, 707, 14533, 15064, 17012, 16805, 8637, 5969, 16221, 1940, 13307, 4717, 12615, 18220, 11028, 12170, 1743, 2376, 12415, 14220, 18827, 1294, 18543, 6977, 15309, 11778, 11842, 17103, 3857, 4637, 12162, 19169, 17166, 18237, 17818, 9507, 19022, 5790, 19112, 15611, 1118, 15184, 18703, 1817, 15530, 16579, 8437, 11839, 11378, 3537, 9205, 9217, 16272, 18759, 16828, 12002, 8348, 1723, 3481, 14115, 379, 8544, 264, 6015, 7672, 2253, 7364, 3706, 13796, 17139, 16125, 12059, 9623, 7185, 2418, 18230, 3087, 281, 4379, 1796, 8459, 4400, 17824, 2736, 16446, 13525, 15341, 3275, 7872, 1662, 7557, 4319, 15442, 7181, 10456, 4963, 17048, 16943, 12784, 3441, 5240, 9975, 13216, 17702, 11594, 13554, 6165, 19168, 16070, 3540, 3262, 10661, 4061, 13173, 2875, 17014, 4349, 10818, 8428, 16764, 14232, 8930, 15734, 17680, 7069, 15684, 17050, 18987, 6914, 6863, 19263, 10595, 150, 10039, 2722, 18223, 16444, 6559, 7258, 2661, 7699, 17136, 12773, 4247, 5723, 15194, 1696, 1500, 2807, 9893, 11835, 13240, 18313, 17107, 10265, 10244, 5570, 2862, 14049, 1012, 12861, 723, 9583, 17461, 10056, 1264, 8297, 3716, 14666, 15259, 13531, 543, 13723, 16810, 6700, 3516, 13766, 7186, 10692, 6321, 15484, 14547, 8744, 3703, 10383, 16829, 6366, 6846, 3906, 2021, 18133, 857, 279, 12232, 10212, 10541, 12325, 13475, 1225, 937, 6966, 10881, 16936, 18502, 1440, 11914, 3326, 5633, 14913, 4623, 10743, 12361, 17335, 1072, 5043, 14810, 15077, 3255, 17215, 6553, 17852, 4801, 6962, 3060, 9430, 8799, 13824, 188, 15175, 15163, 4733, 5011, 3536, 17635, 6532, 14071, 6112, 17158, 6597, 11272, 105, 19219, 5013, 12483, 201, 6848, 17033, 6367, 7859, 14702, 18844, 7053, 18694, 15670, 636, 10129, 6378, 5369, 7273, 16247, 9142, 15345, 16817, 14854, 2600, 15783, 889, 11833, 6612, 2068, 2427, 7062, 7918, 16181, 5464, 8339, 8950, 8453, 16423, 6064, 2380, 4268, 13929, 12974, 19141, 1299, 2484, 3883, 3273, 8772, 13256, 11239, 5766, 18098, 12705, 11004, 2695, 10048, 10960, 2766, 15661, 13258, 8015, 6032, 16397, 7749, 19039, 7634, 15076, 4234, 15114, 8475, 8091, 19220, 18004, 9704, 13918, 15569, 16443, 10015, 9943, 7817, 9349, 2588, 8249, 398, 5316, 15538, 18372, 13559, 2937, 2803, 16248, 6155, 630, 9911, 13190, 19157, 15788, 13248, 13148, 1320, 12074, 8471, 8798, 3213, 12418, 814, 2402, 12718, 12397, 10564, 9875, 10128, 6947, 9491, 17707, 3266, 19196, 14309, 18523, 19043, 17975, 18063, 11618, 15016, 14434, 7680, 1739, 18029, 11694, 1745, 9271, 5189, 9561, 11283, 14978, 10753, 16017, 12914, 978, 2828, 17257, 13135, 5061, 121, 6602, 16015, 19271, 12159, 1244, 8260, 13195, 15873, 12815, 14291, 14515, 118, 4892, 14985, 9551, 12654, 4739, 927, 12176, 9523, 11726, 18187, 5880, 2569, 3386, 13942, 3390, 15774, 129, 65, 12922, 8422, 12692, 16213, 11515, 2111, 8347, 10758, 14064, 4401, 17782, 15621, 6709, 14716, 4091, 13964, 8424, 4218, 7249, 11311, 11171, 18564, 14755, 7114, 14009, 14815, 294, 495, 7684, 6833, 4046, 3505, 16995, 17858, 7761, 15803, 9840, 13958, 8226, 10369, 12497, 17142, 1748, 2854, 7159, 11539, 11055, 13337, 17173, 14214, 6803, 11144, 12649, 283, 15489, 13174, 7015, 610, 7030, 18206, 14077, 15468, 14962, 8046, 7809, 17387, 16034, 16678, 1173, 3502, 12942, 15655, 16859, 7099, 1673, 446, 1365, 5881, 3713, 11697, 1897, 16001, 1702, 14149, 11876, 9341, 4325, 6923, 2001, 138, 3276, 18716, 17604, 10501, 115, 12800, 6111, 11148, 4549, 16057, 4707, 6843, 16091, 4295, 7519, 13708, 12409, 11018, 5052, 13566, 14715, 12755, 793, 10837, 1888, 12375, 3935, 5763, 11791, 11258, 13264, 11469, 4683, 8905, 1853, 11600, 4421, 2798, 5074, 18141, 13807, 8595, 8126, 13837, 8060, 6956, 11767, 14560, 9389, 15261, 1232, 12560, 7262, 11504, 3546, 4627, 1177, 517, 4008, 9219, 17696, 4148, 14124, 13243, 11235, 7561, 8331, 16320, 3591, 11341, 4015, 12028, 14929, 18601, 3528, 14065, 1510, 19191, 13833, 17616, 10869, 17689, 831, 16725, 6319, 15465, 10467, 8162, 13563, 7728, 10778, 13545, 12290, 16480, 14401, 12838, 4212, 17529, 4832, 15111, 12690, 10373, 7596, 18614, 17477, 1043, 13100, 4774, 17479, 3774, 9302, 3901, 13071, 6412, 9516, 1261, 3054, 13522, 17602, 14343, 18500, 10957, 2791, 9624, 3634, 17904, 5709, 14670, 11058, 7087, 7435, 13848, 82, 5565, 2562, 14029, 3583, 1676, 12709, 18473, 3158, 12787, 8068, 8263, 16146, 3593, 1802, 1861, 3348, 4487, 17749, 6105, 10471, 17472, 10200, 1182, 14180, 1076, 10156, 4839, 9903, 4879, 9720, 2157, 15344, 16067, 3064, 17182, 5368, 4987, 18484, 18923, 11896, 1052, 15727, 15289, 5885, 1933, 5251, 17072, 6038, 6195, 13524, 6606, 18506, 17536, 6784, 3231, 14121, 8925, 10030, 803, 13764, 146, 19268, 14099, 4130, 16372, 1537, 12248, 13718, 17187, 11728, 1740, 19233, 5600, 4092, 4779, 6028, 3395, 16152, 19150, 2417, 11980, 11237, 8427, 18127, 3538, 9257, 607, 2078, 18457, 5802, 3435, 15019, 4256, 9221, 13465, 11742, 5788, 9528, 17493, 4607, 3131, 6616, 5356, 1550, 4617, 8827, 849, 2601, 4437, 17861, 10261, 15704, 3890, 8149, 12063, 3086, 15925, 12301, 6847, 5603, 7768, 3187, 13372, 9258, 6584, 7594, 2603, 1835, 17380, 17193, 15251, 15937, 18731, 4082, 14911, 16626, 8824, 16208, 10167, 17711, 9678, 15852, 13620, 16479, 14586, 2446, 4866, 1315, 7746, 10615, 7927, 2443, 7157, 13506, 18410, 10494]",4919,1500,3,False,1500
2425,general affirm,general aff,18,True,True,False,"{21: 26, 33: 14, 2: 18, 29: 13, 25: 57, 43: 9, 57: 16, 49: 16, 61: 14, 67: 52, 65: 21, 50: 28, 15: 53, 6: 13, 46: 15, 27: 69, 7: 65, 48: 67, 19: 21, 31: 14, 63: 26, 22: 39, 9: 79, 26: 40, 47: 15, 53: 66, 11: 19, 51: 26, 54: 9, 13: 32, 17: 37, 52: 30, 39: 27, 38: 19, 1: 6, 59: 33, 56: 23, 32: 9, 8: 25, 4: 12, 20: 26, 24: 7, 18: 31, 42: 7, 28: 31, 45: 57, 0: 13, 66: 11, 62: 11, 35: 7, 64: 15, 37: 2, 40: 25, 3: 3, 14: 5, 12: 8, 16: 15, 55: 16, 30: 13, 58: 6, 36: 4, 60: 5, 5: 3, 41: 2, 44: 2, 34: 2}","[12686, 3384, 6034, 14374, 14516, 14680, 18580, 5912, 661, 4433, 14182, 14634, 14672, 13694, 17233, 12320, 12666, 7276, 14925, 15315, 1125, 14820, 3769, 14096, 12401, 14972, 14176, 4685, 4278, 5735, 7514, 16051, 15882, 4696, 17145, 19193, 12994, 9901, 13641, 15193, 6739, 9240, 1608, 14664, 18117, 5676, 15714, 5964, 5329, 16651, 15936, 14441, 15878, 18316, 14255, 18692, 5858, 4640, 10716, 13839, 16635, 2097, 11464, 12427, 2320, 14629, 7617, 16183, 16205, 2170, 4384, 6683, 5285, 18707, 6780, 4231, 2404, 4895, 18091, 2944, 13054, 3904, 3491, 9455, 15985, 10432, 8657, 15304, 9114, 5838, 5197, 17244, 6207, 3970, 17246, 3950, 6168, 8697, 6800, 9942, 11118, 8582, 6355, 15275, 4581, 12724, 11921, 1833, 523, 7619, 15729, 176, 8576, 3101, 1573, 1283, 11796, 11277, 2547, 1738, 6806, 15187, 7129, 5179, 5854, 16373, 9231, 6270, 777, 2062, 13249, 4144, 6325, 3924, 5350, 14414, 3142, 2249, 6444, 13582, 2833, 18030, 6483, 18404, 15057, 7482, 15001, 15872, 14584, 10835, 954, 7257, 1381, 17819, 17518, 6497, 14430, 4901, 16466, 10805, 132, 7506, 755, 14427, 12119, 16613, 19042, 14994, 11257, 8042, 2144, 5966, 1580, 8010, 2550, 10684, 14088, 5037, 8764, 17076, 14185, 15984, 5299, 16601, 19182, 13197, 14561, 12605, 17010, 2703, 6715, 11207, 10188, 212, 2293, 17676, 1720, 5934, 112, 8568, 15870, 3226, 4524, 4431, 5141, 5383, 7609, 12807, 19001, 14368, 6704, 14903, 4172, 117, 18698, 1699, 16558, 7518, 10618, 2110, 10308, 7828, 6623, 17644, 4449, 951, 13858, 15106, 8402, 916, 4771, 8608, 6448, 6656, 13547, 2814, 8336, 8093, 6398, 637, 9909, 10621, 786, 14146, 17292, 9457, 3, 2884, 14785, 10504, 16361, 8181, 17690, 654, 11067, 18741, 386, 18208, 10130, 8079, 7082, 14740, 8076, 18619, 14428, 10992, 12679, 9431, 18328, 13606, 7641, 13542, 1002, 11975, 15646, 19078, 1352, 8683, 16053, 11763, 14823, 7059, 4995, 3754, 6213, 10090, 19084, 1973, 8131, 5353, 836, 13960, 3217, 4885, 9645, 16941, 14750, 13171, 9132, 1355, 4440, 15747, 8233, 6008, 12781, 16749, 13905, 18198, 5033, 2910, 16502, 1233, 965, 16926, 3944, 13518, 18213, 12739, 9972, 14609, 5764, 6128, 9532, 12680, 3672, 5458, 6822, 11547, 3163, 8040, 14081, 8369, 18182, 17541, 11552, 12451, 15074, 1783, 17730, 1690, 16992, 2490, 2459, 18065, 320, 18311, 45, 9495, 4572, 544, 12731, 16811, 15096, 14957, 4594, 16607, 2449, 7791, 13659, 8892, 1713, 17336, 6598, 13832, 10495, 18937, 3067, 3473, 12715, 13492, 14787, 16503, 17899, 16638, 2408, 7141, 10590, 2917, 14650, 12571, 4321, 2855, 1829, 3736, 3381, 11069, 16093, 15201, 14311, 9836, 18289, 16899, 897, 13981, 12223, 8884, 15721, 7778, 13648, 5737, 6550, 19249, 2715, 447, 12941, 8915, 18963, 16291, 760, 5869, 3635, 3439, 6740, 5003, 3174, 2945, 16056, 4860, 11216, 7363, 1147, 12124, 9764, 11245, 4361, 7784, 16285, 17057, 11203, 5114, 17655, 12056, 17890, 7741, 15799, 10258, 16088, 19222, 15303, 1433, 5991, 322, 2322, 3156, 9940, 7814, 17068, 16968, 10018, 1991, 11946, 8705, 10371, 4619, 11074, 2034, 15550, 11743, 18666, 13494, 14175, 13948, 15123, 11154, 10397, 1701, 4770, 839, 12085, 16500, 16241, 1535, 18782, 2221, 539, 18405, 4245, 103, 1571, 16945, 12196, 9441, 1732, 1367, 3596, 4794, 7230, 5245, 17483, 2955, 2003, 11509, 4044, 12934, 3456, 16693, 593, 4582, 14076, 10972, 1965, 7227, 14324, 8658, 3772, 8355, 11889, 1908, 2684, 10026, 1666, 16507, 5589, 9295, 8389, 2099, 18653, 13808, 19147, 6675, 10970, 2788, 19028, 16983, 16166, 9845, 8160, 11381, 10088, 10333, 11716, 14695, 12697, 4365, 3747, 17296, 11904, 74, 7047, 10639, 13094, 940, 10478, 2032, 6642, 14896, 10840, 5430, 5556, 12597, 2183, 18403, 4252, 14613, 18283, 8790, 12140, 13540, 13353, 14114, 13297, 4056, 14038, 11299, 13770, 11433, 14285, 1526, 1955, 15711, 255, 12481, 612, 1635, 4886, 357, 11434, 9524, 13106, 2607, 5391, 9406, 2331, 624, 2749, 17849, 9829, 11436, 18426, 9481, 18550, 15647, 532, 11720, 11824, 15610, 15741, 7902, 13558, 17967, 14539, 17889, 4631, 1238, 16921, 7787, 15293, 3108, 8215, 2851, 4514, 12938, 16730, 17178, 4890, 17960, 4725, 7917, 3191, 8231, 16341, 8195, 10913, 2173, 5557, 2637, 16896, 5806, 1815, 1451, 8864, 2290, 12108, 5328, 6203, 2431, 7508, 17898, 17188, 6897, 1199, 15526, 18437, 6631, 8644, 16917, 14964, 14233, 2454, 584, 4830, 7199, 4180, 14889, 5761, 13756, 6917, 7756, 18880, 15095, 1816, 14070, 16252, 7429, 16589, 1631, 15968, 15221, 12478, 18594, 1477, 5637, 12058, 1205, 13397, 9107, 18654, 1968, 3759, 13147, 14144, 14973, 12452, 18020, 13592, 17920, 13687, 11335, 7207, 418, 7834, 778, 12982, 10688, 9031, 509, 9601, 9780, 17040, 12023, 3916, 91, 6536, 18535, 7547, 15240, 707, 14533, 15064, 17012, 16805, 8637, 5969, 16221, 1940, 13307, 4717, 12615, 18220, 11028, 12170, 1743, 2376, 12415, 14220, 18827, 1294, 18543, 6977, 15309, 11778, 11842, 17103, 3857, 4637, 12162, 19169, 17166, 18237, 17818, 9507, 19022, 5790, 19112, 15611, 1118, 15184, 18703, 1817, 15530, 16579, 8437, 11839, 11378, 3537, 9205, 9217, 16272, 18759, 16828, 12002, 8348, 1723, 3481, 14115, 379, 8544, 264, 6015, 7672, 2253, 7364, 3706, 13796, 17139, 16125, 12059, 9623, 7185, 2418, 18230, 3087, 281, 4379, 1796, 8459, 4400, 17824, 2736, 16446, 13525, 15341, 3275, 7872, 1662, 7557, 4319, 15442, 7181, 10456, 4963, 17048, 16943, 12784, 3441, 5240, 9975, 13216, 17702, 11594, 13554, 6165, 19168, 16070, 3540, 3262, 10661, 4061, 13173, 2875, 17014, 4349, 10818, 8428, 16764, 14232, 8930, 15734, 17680, 7069, 15684, 17050, 18987, 6914, 6863, 19263, 10595, 150, 10039, 2722, 18223, 16444, 6559, 7258, 2661, 7699, 17136, 12773, 4247, 5723, 15194, 1696, 1500, 2807, 9893, 11835, 13240, 18313, 17107, 10265, 10244, 5570, 2862, 14049, 1012, 12861, 723, 9583, 17461, 10056, 1264, 8297, 3716, 14666, 15259, 13531, 543, 13723, 16810, 6700, 3516, 13766, 7186, 10692, 6321, 15484, 14547, 8744, 3703, 10383, 16829, 6366, 6846, 3906, 2021, 18133, 857, 279, 12232, 10212, 10541, 12325, 13475, 1225, 937, 6966, 10881, 16936, 18502, 1440, 11914, 3326, 5633, 14913, 4623, 10743, 12361, 17335, 1072, 5043, 14810, 15077, 3255, 17215, 6553, 17852, 4801, 6962, 3060, 9430, 8799, 13824, 188, 15175, 15163, 4733, 5011, 3536, 17635, 6532, 14071, 6112, 17158, 6597, 11272, 105, 19219, 5013, 12483, 201, 6848, 17033, 6367, 7859, 14702, 18844, 7053, 18694, 15670, 636, 10129, 6378, 5369, 7273, 16247, 9142, 15345, 16817, 14854, 2600, 15783, 889, 11833, 6612, 2068, 2427, 7062, 7918, 16181, 5464, 8339, 8950, 8453, 16423, 6064, 2380, 4268, 13929, 12974, 19141, 1299, 2484, 3883, 3273, 8772, 13256, 11239, 5766, 18098, 12705, 11004, 2695, 10048, 10960, 2766, 15661, 13258, 8015, 6032, 16397, 7749, 19039, 7634, 15076, 4234, 15114, 8475, 8091, 19220, 18004, 9704, 13918, 15569, 16443, 10015, 9943, 7817, 9349, 2588, 8249, 398, 5316, 15538, 18372, 13559, 2937, 2803, 16248, 6155, 630, 9911, 13190, 19157, 15788, 13248, 13148, 1320, 12074, 8471, 8798, 3213, 12418, 814, 2402, 12718, 12397, 10564, 9875, 10128, 6947, 9491, 17707, 3266, 19196, 14309, 18523, 19043, 17975, 18063, 11618, 15016, 14434, 7680, 1739, 18029, 11694, 1745, 9271, 5189, 9561, 11283, 14978, 10753, 16017, 12914, 978, 2828, 17257, 13135, 5061, 121, 6602, 16015, 19271, 12159, 1244, 8260, 13195, 15873, 12815, 14291, 14515, 118, 4892, 14985, 9551, 12654, 4739, 927, 12176, 9523, 11726, 18187, 5880, 2569, 3386, 13942, 3390, 15774, 129, 65, 12922, 8422, 12692, 16213, 11515, 2111, 8347, 10758, 14064, 4401, 17782, 15621, 6709, 14716, 4091, 13964, 8424, 4218, 7249, 11311, 11171, 18564, 14755, 7114, 14009, 14815, 294, 495, 7684, 6833, 4046, 3505, 16995, 17858, 7761, 15803, 9840, 13958, 8226, 10369, 12497, 17142, 1748, 2854, 7159, 11539, 11055, 13337, 17173, 14214, 6803, 11144, 12649, 283, 15489, 13174, 7015, 610, 7030, 18206, 14077, 15468, 14962, 8046, 7809, 17387, 16034, 16678, 1173, 3502, 12942, 15655, 16859, 7099, 1673, 446, 1365, 5881, 3713, 11697, 1897, 16001, 1702, 14149, 11876, 9341, 4325, 6923, 2001, 138, 3276, 18716, 17604, 10501, 115, 12800, 6111, 11148, 4549, 16057, 4707, 6843, 16091, 4295, 7519, 13708, 12409, 11018, 5052, 13566, 14715, 12755, 793, 10837, 1888, 12375, 3935, 5763, 11791, 11258, 13264, 11469, 4683, 8905, 1853, 11600, 4421, 2798, 5074, 18141, 13807, 8595, 8126, 13837, 8060, 6956, 11767, 14560, 9389, 15261, 1232, 12560, 7262, 11504, 3546, 4627, 1177, 517, 4008, 9219, 17696, 4148, 14124, 13243, 11235, 7561, 8331, 16320, 3591, 11341, 4015, 12028, 14929, 18601, 3528, 14065, 1510, 19191, 13833, 17616, 10869, 17689, 831, 16725, 6319, 15465, 10467, 8162, 13563, 7728, 10778, 13545, 12290, 16480, 14401, 12838, 4212, 17529, 4832, 15111, 12690, 10373, 7596, 18614, 17477, 1043, 13100, 4774, 17479, 3774, 9302, 3901, 13071, 6412, 9516, 1261, 3054, 13522, 17602, 14343, 18500, 10957, 2791, 9624, 3634, 17904, 5709, 14670, 11058, 7087, 7435, 13848, 82, 5565, 2562, 14029, 3583, 1676, 12709, 18473, 3158, 12787, 8068, 8263, 16146, 3593, 1802, 1861, 3348, 4487, 17749, 6105, 10471, 17472, 10200, 1182, 14180, 1076, 10156, 4839, 9903, 4879, 9720, 2157, 15344, 16067, 3064, 17182, 5368, 4987, 18484, 18923, 11896, 1052, 15727, 15289, 5885, 1933, 5251, 17072, 6038, 6195, 13524, 6606, 18506, 17536, 6784, 3231, 14121, 8925, 10030, 803, 13764, 146, 19268, 14099, 4130, 16372, 1537, 12248, 13718, 17187, 11728, 1740, 19233, 5600, 4092, 4779, 6028, 3395, 16152, 19150, 2417, 11980, 11237, 8427, 18127, 3538, 9257, 607, 2078, 18457, 5802, 3435, 15019, 4256, 9221, 13465, 11742, 5788, 9528, 17493, 4607, 3131, 6616, 5356, 1550, 4617, 8827, 849, 2601, 4437, 17861, 10261, 15704, 3890, 8149, 12063, 3086, 15925, 12301, 6847, 5603, 7768, 3187, 13372, 9258, 6584, 7594, 2603, 1835, 17380, 17193, 15251, 15937, 18731, 4082, 14911, 16626, 8824, 16208, 10167, 17711, 9678, 15852, 13620, 16479, 14586, 2446, 4866, 1315, 7746, 10615, 7927, 2443, 7157, 13506, 18410, 10494]",2425,1500,3,False,1500
5666,email sendemail,email s,17,True,True,False,"{21: 26, 33: 14, 2: 18, 29: 13, 25: 57, 43: 9, 57: 16, 49: 16, 61: 14, 67: 52, 65: 21, 50: 28, 15: 53, 6: 13, 46: 15, 27: 69, 7: 65, 48: 67, 19: 21, 31: 14, 63: 26, 22: 39, 9: 79, 26: 40, 47: 15, 53: 66, 11: 19, 51: 26, 54: 9, 13: 32, 17: 37, 52: 30, 39: 27, 38: 19, 1: 6, 59: 33, 56: 23, 32: 9, 8: 25, 4: 12, 20: 26, 24: 7, 18: 31, 42: 7, 28: 31, 45: 57, 0: 13, 66: 11, 62: 11, 35: 7, 64: 15, 37: 2, 40: 25, 3: 3, 14: 5, 12: 8, 16: 15, 55: 16, 30: 13, 58: 6, 36: 4, 60: 5, 5: 3, 41: 2, 44: 2, 34: 2}","[12686, 3384, 6034, 14374, 14516, 14680, 18580, 5912, 661, 4433, 14182, 14634, 14672, 13694, 17233, 12320, 12666, 7276, 14925, 15315, 1125, 14820, 3769, 14096, 12401, 14972, 14176, 4685, 4278, 5735, 7514, 16051, 15882, 4696, 17145, 19193, 12994, 9901, 13641, 15193, 6739, 9240, 1608, 14664, 18117, 5676, 15714, 5964, 5329, 16651, 15936, 14441, 15878, 18316, 14255, 18692, 5858, 4640, 10716, 13839, 16635, 2097, 11464, 12427, 2320, 14629, 7617, 16183, 16205, 2170, 4384, 6683, 5285, 18707, 6780, 4231, 2404, 4895, 18091, 2944, 13054, 3904, 3491, 9455, 15985, 10432, 8657, 15304, 9114, 5838, 5197, 17244, 6207, 3970, 17246, 3950, 6168, 8697, 6800, 9942, 11118, 8582, 6355, 15275, 4581, 12724, 11921, 1833, 523, 7619, 15729, 176, 8576, 3101, 1573, 1283, 11796, 11277, 2547, 1738, 6806, 15187, 7129, 5179, 5854, 16373, 9231, 6270, 777, 2062, 13249, 4144, 6325, 3924, 5350, 14414, 3142, 2249, 6444, 13582, 2833, 18030, 6483, 18404, 15057, 7482, 15001, 15872, 14584, 10835, 954, 7257, 1381, 17819, 17518, 6497, 14430, 4901, 16466, 10805, 132, 7506, 755, 14427, 12119, 16613, 19042, 14994, 11257, 8042, 2144, 5966, 1580, 8010, 2550, 10684, 14088, 5037, 8764, 17076, 14185, 15984, 5299, 16601, 19182, 13197, 14561, 12605, 17010, 2703, 6715, 11207, 10188, 212, 2293, 17676, 1720, 5934, 112, 8568, 15870, 3226, 4524, 4431, 5141, 5383, 7609, 12807, 19001, 14368, 6704, 14903, 4172, 117, 18698, 1699, 16558, 7518, 10618, 2110, 10308, 7828, 6623, 17644, 4449, 951, 13858, 15106, 8402, 916, 4771, 8608, 6448, 6656, 13547, 2814, 8336, 8093, 6398, 637, 9909, 10621, 786, 14146, 17292, 9457, 3, 2884, 14785, 10504, 16361, 8181, 17690, 654, 11067, 18741, 386, 18208, 10130, 8079, 7082, 14740, 8076, 18619, 14428, 10992, 12679, 9431, 18328, 13606, 7641, 13542, 1002, 11975, 15646, 19078, 1352, 8683, 16053, 11763, 14823, 7059, 4995, 3754, 6213, 10090, 19084, 1973, 8131, 5353, 836, 13960, 3217, 4885, 9645, 16941, 14750, 13171, 9132, 1355, 4440, 15747, 8233, 6008, 12781, 16749, 13905, 18198, 5033, 2910, 16502, 1233, 965, 16926, 3944, 13518, 18213, 12739, 9972, 14609, 5764, 6128, 9532, 12680, 3672, 5458, 6822, 11547, 3163, 8040, 14081, 8369, 18182, 17541, 11552, 12451, 15074, 1783, 17730, 1690, 16992, 2490, 2459, 18065, 320, 18311, 45, 9495, 4572, 544, 12731, 16811, 15096, 14957, 4594, 16607, 2449, 7791, 13659, 8892, 1713, 17336, 6598, 13832, 10495, 18937, 3067, 3473, 12715, 13492, 14787, 16503, 17899, 16638, 2408, 7141, 10590, 2917, 14650, 12571, 4321, 2855, 1829, 3736, 3381, 11069, 16093, 15201, 14311, 9836, 18289, 16899, 897, 13981, 12223, 8884, 15721, 7778, 13648, 5737, 6550, 19249, 2715, 447, 12941, 8915, 18963, 16291, 760, 5869, 3635, 3439, 6740, 5003, 3174, 2945, 16056, 4860, 11216, 7363, 1147, 12124, 9764, 11245, 4361, 7784, 16285, 17057, 11203, 5114, 17655, 12056, 17890, 7741, 15799, 10258, 16088, 19222, 15303, 1433, 5991, 322, 2322, 3156, 9940, 7814, 17068, 16968, 10018, 1991, 11946, 8705, 10371, 4619, 11074, 2034, 15550, 11743, 18666, 13494, 14175, 13948, 15123, 11154, 10397, 1701, 4770, 839, 12085, 16500, 16241, 1535, 18782, 2221, 539, 18405, 4245, 103, 1571, 16945, 12196, 9441, 1732, 1367, 3596, 4794, 7230, 5245, 17483, 2955, 2003, 11509, 4044, 12934, 3456, 16693, 593, 4582, 14076, 10972, 1965, 7227, 14324, 8658, 3772, 8355, 11889, 1908, 2684, 10026, 1666, 16507, 5589, 9295, 8389, 2099, 18653, 13808, 19147, 6675, 10970, 2788, 19028, 16983, 16166, 9845, 8160, 11381, 10088, 10333, 11716, 14695, 12697, 4365, 3747, 17296, 11904, 74, 7047, 10639, 13094, 940, 10478, 2032, 6642, 14896, 10840, 5430, 5556, 12597, 2183, 18403, 4252, 14613, 18283, 8790, 12140, 13540, 13353, 14114, 13297, 4056, 14038, 11299, 13770, 11433, 14285, 1526, 1955, 15711, 255, 12481, 612, 1635, 4886, 357, 11434, 9524, 13106, 2607, 5391, 9406, 2331, 624, 2749, 17849, 9829, 11436, 18426, 9481, 18550, 15647, 532, 11720, 11824, 15610, 15741, 7902, 13558, 17967, 14539, 17889, 4631, 1238, 16921, 7787, 15293, 3108, 8215, 2851, 4514, 12938, 16730, 17178, 4890, 17960, 4725, 7917, 3191, 8231, 16341, 8195, 10913, 2173, 5557, 2637, 16896, 5806, 1815, 1451, 8864, 2290, 12108, 5328, 6203, 2431, 7508, 17898, 17188, 6897, 1199, 15526, 18437, 6631, 8644, 16917, 14964, 14233, 2454, 584, 4830, 7199, 4180, 14889, 5761, 13756, 6917, 7756, 18880, 15095, 1816, 14070, 16252, 7429, 16589, 1631, 15968, 15221, 12478, 18594, 1477, 5637, 12058, 1205, 13397, 9107, 18654, 1968, 3759, 13147, 14144, 14973, 12452, 18020, 13592, 17920, 13687, 11335, 7207, 418, 7834, 778, 12982, 10688, 9031, 509, 9601, 9780, 17040, 12023, 3916, 91, 6536, 18535, 7547, 15240, 707, 14533, 15064, 17012, 16805, 8637, 5969, 16221, 1940, 13307, 4717, 12615, 18220, 11028, 12170, 1743, 2376, 12415, 14220, 18827, 1294, 18543, 6977, 15309, 11778, 11842, 17103, 3857, 4637, 12162, 19169, 17166, 18237, 17818, 9507, 19022, 5790, 19112, 15611, 1118, 15184, 18703, 1817, 15530, 16579, 8437, 11839, 11378, 3537, 9205, 9217, 16272, 18759, 16828, 12002, 8348, 1723, 3481, 14115, 379, 8544, 264, 6015, 7672, 2253, 7364, 3706, 13796, 17139, 16125, 12059, 9623, 7185, 2418, 18230, 3087, 281, 4379, 1796, 8459, 4400, 17824, 2736, 16446, 13525, 15341, 3275, 7872, 1662, 7557, 4319, 15442, 7181, 10456, 4963, 17048, 16943, 12784, 3441, 5240, 9975, 13216, 17702, 11594, 13554, 6165, 19168, 16070, 3540, 3262, 10661, 4061, 13173, 2875, 17014, 4349, 10818, 8428, 16764, 14232, 8930, 15734, 17680, 7069, 15684, 17050, 18987, 6914, 6863, 19263, 10595, 150, 10039, 2722, 18223, 16444, 6559, 7258, 2661, 7699, 17136, 12773, 4247, 5723, 15194, 1696, 1500, 2807, 9893, 11835, 13240, 18313, 17107, 10265, 10244, 5570, 2862, 14049, 1012, 12861, 723, 9583, 17461, 10056, 1264, 8297, 3716, 14666, 15259, 13531, 543, 13723, 16810, 6700, 3516, 13766, 7186, 10692, 6321, 15484, 14547, 8744, 3703, 10383, 16829, 6366, 6846, 3906, 2021, 18133, 857, 279, 12232, 10212, 10541, 12325, 13475, 1225, 937, 6966, 10881, 16936, 18502, 1440, 11914, 3326, 5633, 14913, 4623, 10743, 12361, 17335, 1072, 5043, 14810, 15077, 3255, 17215, 6553, 17852, 4801, 6962, 3060, 9430, 8799, 13824, 188, 15175, 15163, 4733, 5011, 3536, 17635, 6532, 14071, 6112, 17158, 6597, 11272, 105, 19219, 5013, 12483, 201, 6848, 17033, 6367, 7859, 14702, 18844, 7053, 18694, 15670, 636, 10129, 6378, 5369, 7273, 16247, 9142, 15345, 16817, 14854, 2600, 15783, 889, 11833, 6612, 2068, 2427, 7062, 7918, 16181, 5464, 8339, 8950, 8453, 16423, 6064, 2380, 4268, 13929, 12974, 19141, 1299, 2484, 3883, 3273, 8772, 13256, 11239, 5766, 18098, 12705, 11004, 2695, 10048, 10960, 2766, 15661, 13258, 8015, 6032, 16397, 7749, 19039, 7634, 15076, 4234, 15114, 8475, 8091, 19220, 18004, 9704, 13918, 15569, 16443, 10015, 9943, 7817, 9349, 2588, 8249, 398, 5316, 15538, 18372, 13559, 2937, 2803, 16248, 6155, 630, 9911, 13190, 19157, 15788, 13248, 13148, 1320, 12074, 8471, 8798, 3213, 12418, 814, 2402, 12718, 12397, 10564, 9875, 10128, 6947, 9491, 17707, 3266, 19196, 14309, 18523, 19043, 17975, 18063, 11618, 15016, 14434, 7680, 1739, 18029, 11694, 1745, 9271, 5189, 9561, 11283, 14978, 10753, 16017, 12914, 978, 2828, 17257, 13135, 5061, 121, 6602, 16015, 19271, 12159, 1244, 8260, 13195, 15873, 12815, 14291, 14515, 118, 4892, 14985, 9551, 12654, 4739, 927, 12176, 9523, 11726, 18187, 5880, 2569, 3386, 13942, 3390, 15774, 129, 65, 12922, 8422, 12692, 16213, 11515, 2111, 8347, 10758, 14064, 4401, 17782, 15621, 6709, 14716, 4091, 13964, 8424, 4218, 7249, 11311, 11171, 18564, 14755, 7114, 14009, 14815, 294, 495, 7684, 6833, 4046, 3505, 16995, 17858, 7761, 15803, 9840, 13958, 8226, 10369, 12497, 17142, 1748, 2854, 7159, 11539, 11055, 13337, 17173, 14214, 6803, 11144, 12649, 283, 15489, 13174, 7015, 610, 7030, 18206, 14077, 15468, 14962, 8046, 7809, 17387, 16034, 16678, 1173, 3502, 12942, 15655, 16859, 7099, 1673, 446, 1365, 5881, 3713, 11697, 1897, 16001, 1702, 14149, 11876, 9341, 4325, 6923, 2001, 138, 3276, 18716, 17604, 10501, 115, 12800, 6111, 11148, 4549, 16057, 4707, 6843, 16091, 4295, 7519, 13708, 12409, 11018, 5052, 13566, 14715, 12755, 793, 10837, 1888, 12375, 3935, 5763, 11791, 11258, 13264, 11469, 4683, 8905, 1853, 11600, 4421, 2798, 5074, 18141, 13807, 8595, 8126, 13837, 8060, 6956, 11767, 14560, 9389, 15261, 1232, 12560, 7262, 11504, 3546, 4627, 1177, 517, 4008, 9219, 17696, 4148, 14124, 13243, 11235, 7561, 8331, 16320, 3591, 11341, 4015, 12028, 14929, 18601, 3528, 14065, 1510, 19191, 13833, 17616, 10869, 17689, 831, 16725, 6319, 15465, 10467, 8162, 13563, 7728, 10778, 13545, 12290, 16480, 14401, 12838, 4212, 17529, 4832, 15111, 12690, 10373, 7596, 18614, 17477, 1043, 13100, 4774, 17479, 3774, 9302, 3901, 13071, 6412, 9516, 1261, 3054, 13522, 17602, 14343, 18500, 10957, 2791, 9624, 3634, 17904, 5709, 14670, 11058, 7087, 7435, 13848, 82, 5565, 2562, 14029, 3583, 1676, 12709, 18473, 3158, 12787, 8068, 8263, 16146, 3593, 1802, 1861, 3348, 4487, 17749, 6105, 10471, 17472, 10200, 1182, 14180, 1076, 10156, 4839, 9903, 4879, 9720, 2157, 15344, 16067, 3064, 17182, 5368, 4987, 18484, 18923, 11896, 1052, 15727, 15289, 5885, 1933, 5251, 17072, 6038, 6195, 13524, 6606, 18506, 17536, 6784, 3231, 14121, 8925, 10030, 803, 13764, 146, 19268, 14099, 4130, 16372, 1537, 12248, 13718, 17187, 11728, 1740, 19233, 5600, 4092, 4779, 6028, 3395, 16152, 19150, 2417, 11980, 11237, 8427, 18127, 3538, 9257, 607, 2078, 18457, 5802, 3435, 15019, 4256, 9221, 13465, 11742, 5788, 9528, 17493, 4607, 3131, 6616, 5356, 1550, 4617, 8827, 849, 2601, 4437, 17861, 10261, 15704, 3890, 8149, 12063, 3086, 15925, 12301, 6847, 5603, 7768, 3187, 13372, 9258, 6584, 7594, 2603, 1835, 17380, 17193, 15251, 15937, 18731, 4082, 14911, 16626, 8824, 16208, 10167, 17711, 9678, 15852, 13620, 16479, 14586, 2446, 4866, 1315, 7746, 10615, 7927, 2443, 7157, 13506, 18410, 10494]",5666,1500,3,False,1500
2362,play game,play game,47,True,True,True,"{21: 26, 33: 14, 2: 18, 29: 13, 25: 57, 43: 9, 57: 16, 49: 16, 61: 14, 67: 52, 65: 21, 50: 28, 15: 53, 6: 13, 46: 15, 27: 69, 7: 65, 48: 67, 19: 21, 31: 14, 63: 26, 22: 39, 9: 79, 26: 40, 47: 15, 53: 66, 11: 19, 51: 26, 54: 9, 13: 32, 17: 37, 52: 30, 39: 27, 38: 19, 1: 6, 59: 33, 56: 23, 32: 9, 8: 25, 4: 12, 20: 26, 24: 7, 18: 31, 42: 7, 28: 31, 45: 57, 0: 13, 66: 11, 62: 11, 35: 7, 64: 15, 37: 2, 40: 25, 3: 3, 14: 5, 12: 8, 16: 15, 55: 16, 30: 13, 58: 6, 36: 4, 60: 5, 5: 3, 41: 2, 44: 2, 34: 2}","[12686, 3384, 6034, 14374, 14516, 14680, 18580, 5912, 661, 4433, 14182, 14634, 14672, 13694, 17233, 12320, 12666, 7276, 14925, 15315, 1125, 14820, 3769, 14096, 12401, 14972, 14176, 4685, 4278, 5735, 7514, 16051, 15882, 4696, 17145, 19193, 12994, 9901, 13641, 15193, 6739, 9240, 1608, 14664, 18117, 5676, 15714, 5964, 5329, 16651, 15936, 14441, 15878, 18316, 14255, 18692, 5858, 4640, 10716, 13839, 16635, 2097, 11464, 12427, 2320, 14629, 7617, 16183, 16205, 2170, 4384, 6683, 5285, 18707, 6780, 4231, 2404, 4895, 18091, 2944, 13054, 3904, 3491, 9455, 15985, 10432, 8657, 15304, 9114, 5838, 5197, 17244, 6207, 3970, 17246, 3950, 6168, 8697, 6800, 9942, 11118, 8582, 6355, 15275, 4581, 12724, 11921, 1833, 523, 7619, 15729, 176, 8576, 3101, 1573, 1283, 11796, 11277, 2547, 1738, 6806, 15187, 7129, 5179, 5854, 16373, 9231, 6270, 777, 2062, 13249, 4144, 6325, 3924, 5350, 14414, 3142, 2249, 6444, 13582, 2833, 18030, 6483, 18404, 15057, 7482, 15001, 15872, 14584, 10835, 954, 7257, 1381, 17819, 17518, 6497, 14430, 4901, 16466, 10805, 132, 7506, 755, 14427, 12119, 16613, 19042, 14994, 11257, 8042, 2144, 5966, 1580, 8010, 2550, 10684, 14088, 5037, 8764, 17076, 14185, 15984, 5299, 16601, 19182, 13197, 14561, 12605, 17010, 2703, 6715, 11207, 10188, 212, 2293, 17676, 1720, 5934, 112, 8568, 15870, 3226, 4524, 4431, 5141, 5383, 7609, 12807, 19001, 14368, 6704, 14903, 4172, 117, 18698, 1699, 16558, 7518, 10618, 2110, 10308, 7828, 6623, 17644, 4449, 951, 13858, 15106, 8402, 916, 4771, 8608, 6448, 6656, 13547, 2814, 8336, 8093, 6398, 637, 9909, 10621, 786, 14146, 17292, 9457, 3, 2884, 14785, 10504, 16361, 8181, 17690, 654, 11067, 18741, 386, 18208, 10130, 8079, 7082, 14740, 8076, 18619, 14428, 10992, 12679, 9431, 18328, 13606, 7641, 13542, 1002, 11975, 15646, 19078, 1352, 8683, 16053, 11763, 14823, 7059, 4995, 3754, 6213, 10090, 19084, 1973, 8131, 5353, 836, 13960, 3217, 4885, 9645, 16941, 14750, 13171, 9132, 1355, 4440, 15747, 8233, 6008, 12781, 16749, 13905, 18198, 5033, 2910, 16502, 1233, 965, 16926, 3944, 13518, 18213, 12739, 9972, 14609, 5764, 6128, 9532, 12680, 3672, 5458, 6822, 11547, 3163, 8040, 14081, 8369, 18182, 17541, 11552, 12451, 15074, 1783, 17730, 1690, 16992, 2490, 2459, 18065, 320, 18311, 45, 9495, 4572, 544, 12731, 16811, 15096, 14957, 4594, 16607, 2449, 7791, 13659, 8892, 1713, 17336, 6598, 13832, 10495, 18937, 3067, 3473, 12715, 13492, 14787, 16503, 17899, 16638, 2408, 7141, 10590, 2917, 14650, 12571, 4321, 2855, 1829, 3736, 3381, 11069, 16093, 15201, 14311, 9836, 18289, 16899, 897, 13981, 12223, 8884, 15721, 7778, 13648, 5737, 6550, 19249, 2715, 447, 12941, 8915, 18963, 16291, 760, 5869, 3635, 3439, 6740, 5003, 3174, 2945, 16056, 4860, 11216, 7363, 1147, 12124, 9764, 11245, 4361, 7784, 16285, 17057, 11203, 5114, 17655, 12056, 17890, 7741, 15799, 10258, 16088, 19222, 15303, 1433, 5991, 322, 2322, 3156, 9940, 7814, 17068, 16968, 10018, 1991, 11946, 8705, 10371, 4619, 11074, 2034, 15550, 11743, 18666, 13494, 14175, 13948, 15123, 11154, 10397, 1701, 4770, 839, 12085, 16500, 16241, 1535, 18782, 2221, 539, 18405, 4245, 103, 1571, 16945, 12196, 9441, 1732, 1367, 3596, 4794, 7230, 5245, 17483, 2955, 2003, 11509, 4044, 12934, 3456, 16693, 593, 4582, 14076, 10972, 1965, 7227, 14324, 8658, 3772, 8355, 11889, 1908, 2684, 10026, 1666, 16507, 5589, 9295, 8389, 2099, 18653, 13808, 19147, 6675, 10970, 2788, 19028, 16983, 16166, 9845, 8160, 11381, 10088, 10333, 11716, 14695, 12697, 4365, 3747, 17296, 11904, 74, 7047, 10639, 13094, 940, 10478, 2032, 6642, 14896, 10840, 5430, 5556, 12597, 2183, 18403, 4252, 14613, 18283, 8790, 12140, 13540, 13353, 14114, 13297, 4056, 14038, 11299, 13770, 11433, 14285, 1526, 1955, 15711, 255, 12481, 612, 1635, 4886, 357, 11434, 9524, 13106, 2607, 5391, 9406, 2331, 624, 2749, 17849, 9829, 11436, 18426, 9481, 18550, 15647, 532, 11720, 11824, 15610, 15741, 7902, 13558, 17967, 14539, 17889, 4631, 1238, 16921, 7787, 15293, 3108, 8215, 2851, 4514, 12938, 16730, 17178, 4890, 17960, 4725, 7917, 3191, 8231, 16341, 8195, 10913, 2173, 5557, 2637, 16896, 5806, 1815, 1451, 8864, 2290, 12108, 5328, 6203, 2431, 7508, 17898, 17188, 6897, 1199, 15526, 18437, 6631, 8644, 16917, 14964, 14233, 2454, 584, 4830, 7199, 4180, 14889, 5761, 13756, 6917, 7756, 18880, 15095, 1816, 14070, 16252, 7429, 16589, 1631, 15968, 15221, 12478, 18594, 1477, 5637, 12058, 1205, 13397, 9107, 18654, 1968, 3759, 13147, 14144, 14973, 12452, 18020, 13592, 17920, 13687, 11335, 7207, 418, 7834, 778, 12982, 10688, 9031, 509, 9601, 9780, 17040, 12023, 3916, 91, 6536, 18535, 7547, 15240, 707, 14533, 15064, 17012, 16805, 8637, 5969, 16221, 1940, 13307, 4717, 12615, 18220, 11028, 12170, 1743, 2376, 12415, 14220, 18827, 1294, 18543, 6977, 15309, 11778, 11842, 17103, 3857, 4637, 12162, 19169, 17166, 18237, 17818, 9507, 19022, 5790, 19112, 15611, 1118, 15184, 18703, 1817, 15530, 16579, 8437, 11839, 11378, 3537, 9205, 9217, 16272, 18759, 16828, 12002, 8348, 1723, 3481, 14115, 379, 8544, 264, 6015, 7672, 2253, 7364, 3706, 13796, 17139, 16125, 12059, 9623, 7185, 2418, 18230, 3087, 281, 4379, 1796, 8459, 4400, 17824, 2736, 16446, 13525, 15341, 3275, 7872, 1662, 7557, 4319, 15442, 7181, 10456, 4963, 17048, 16943, 12784, 3441, 5240, 9975, 13216, 17702, 11594, 13554, 6165, 19168, 16070, 3540, 3262, 10661, 4061, 13173, 2875, 17014, 4349, 10818, 8428, 16764, 14232, 8930, 15734, 17680, 7069, 15684, 17050, 18987, 6914, 6863, 19263, 10595, 150, 10039, 2722, 18223, 16444, 6559, 7258, 2661, 7699, 17136, 12773, 4247, 5723, 15194, 1696, 1500, 2807, 9893, 11835, 13240, 18313, 17107, 10265, 10244, 5570, 2862, 14049, 1012, 12861, 723, 9583, 17461, 10056, 1264, 8297, 3716, 14666, 15259, 13531, 543, 13723, 16810, 6700, 3516, 13766, 7186, 10692, 6321, 15484, 14547, 8744, 3703, 10383, 16829, 6366, 6846, 3906, 2021, 18133, 857, 279, 12232, 10212, 10541, 12325, 13475, 1225, 937, 6966, 10881, 16936, 18502, 1440, 11914, 3326, 5633, 14913, 4623, 10743, 12361, 17335, 1072, 5043, 14810, 15077, 3255, 17215, 6553, 17852, 4801, 6962, 3060, 9430, 8799, 13824, 188, 15175, 15163, 4733, 5011, 3536, 17635, 6532, 14071, 6112, 17158, 6597, 11272, 105, 19219, 5013, 12483, 201, 6848, 17033, 6367, 7859, 14702, 18844, 7053, 18694, 15670, 636, 10129, 6378, 5369, 7273, 16247, 9142, 15345, 16817, 14854, 2600, 15783, 889, 11833, 6612, 2068, 2427, 7062, 7918, 16181, 5464, 8339, 8950, 8453, 16423, 6064, 2380, 4268, 13929, 12974, 19141, 1299, 2484, 3883, 3273, 8772, 13256, 11239, 5766, 18098, 12705, 11004, 2695, 10048, 10960, 2766, 15661, 13258, 8015, 6032, 16397, 7749, 19039, 7634, 15076, 4234, 15114, 8475, 8091, 19220, 18004, 9704, 13918, 15569, 16443, 10015, 9943, 7817, 9349, 2588, 8249, 398, 5316, 15538, 18372, 13559, 2937, 2803, 16248, 6155, 630, 9911, 13190, 19157, 15788, 13248, 13148, 1320, 12074, 8471, 8798, 3213, 12418, 814, 2402, 12718, 12397, 10564, 9875, 10128, 6947, 9491, 17707, 3266, 19196, 14309, 18523, 19043, 17975, 18063, 11618, 15016, 14434, 7680, 1739, 18029, 11694, 1745, 9271, 5189, 9561, 11283, 14978, 10753, 16017, 12914, 978, 2828, 17257, 13135, 5061, 121, 6602, 16015, 19271, 12159, 1244, 8260, 13195, 15873, 12815, 14291, 14515, 118, 4892, 14985, 9551, 12654, 4739, 927, 12176, 9523, 11726, 18187, 5880, 2569, 3386, 13942, 3390, 15774, 129, 65, 12922, 8422, 12692, 16213, 11515, 2111, 8347, 10758, 14064, 4401, 17782, 15621, 6709, 14716, 4091, 13964, 8424, 4218, 7249, 11311, 11171, 18564, 14755, 7114, 14009, 14815, 294, 495, 7684, 6833, 4046, 3505, 16995, 17858, 7761, 15803, 9840, 13958, 8226, 10369, 12497, 17142, 1748, 2854, 7159, 11539, 11055, 13337, 17173, 14214, 6803, 11144, 12649, 283, 15489, 13174, 7015, 610, 7030, 18206, 14077, 15468, 14962, 8046, 7809, 17387, 16034, 16678, 1173, 3502, 12942, 15655, 16859, 7099, 1673, 446, 1365, 5881, 3713, 11697, 1897, 16001, 1702, 14149, 11876, 9341, 4325, 6923, 2001, 138, 3276, 18716, 17604, 10501, 115, 12800, 6111, 11148, 4549, 16057, 4707, 6843, 16091, 4295, 7519, 13708, 12409, 11018, 5052, 13566, 14715, 12755, 793, 10837, 1888, 12375, 3935, 5763, 11791, 11258, 13264, 11469, 4683, 8905, 1853, 11600, 4421, 2798, 5074, 18141, 13807, 8595, 8126, 13837, 8060, 6956, 11767, 14560, 9389, 15261, 1232, 12560, 7262, 11504, 3546, 4627, 1177, 517, 4008, 9219, 17696, 4148, 14124, 13243, 11235, 7561, 8331, 16320, 3591, 11341, 4015, 12028, 14929, 18601, 3528, 14065, 1510, 19191, 13833, 17616, 10869, 17689, 831, 16725, 6319, 15465, 10467, 8162, 13563, 7728, 10778, 13545, 12290, 16480, 14401, 12838, 4212, 17529, 4832, 15111, 12690, 10373, 7596, 18614, 17477, 1043, 13100, 4774, 17479, 3774, 9302, 3901, 13071, 6412, 9516, 1261, 3054, 13522, 17602, 14343, 18500, 10957, 2791, 9624, 3634, 17904, 5709, 14670, 11058, 7087, 7435, 13848, 82, 5565, 2562, 14029, 3583, 1676, 12709, 18473, 3158, 12787, 8068, 8263, 16146, 3593, 1802, 1861, 3348, 4487, 17749, 6105, 10471, 17472, 10200, 1182, 14180, 1076, 10156, 4839, 9903, 4879, 9720, 2157, 15344, 16067, 3064, 17182, 5368, 4987, 18484, 18923, 11896, 1052, 15727, 15289, 5885, 1933, 5251, 17072, 6038, 6195, 13524, 6606, 18506, 17536, 6784, 3231, 14121, 8925, 10030, 803, 13764, 146, 19268, 14099, 4130, 16372, 1537, 12248, 13718, 17187, 11728, 1740, 19233, 5600, 4092, 4779, 6028, 3395, 16152, 19150, 2417, 11980, 11237, 8427, 18127, 3538, 9257, 607, 2078, 18457, 5802, 3435, 15019, 4256, 9221, 13465, 11742, 5788, 9528, 17493, 4607, 3131, 6616, 5356, 1550, 4617, 8827, 849, 2601, 4437, 17861, 10261, 15704, 3890, 8149, 12063, 3086, 15925, 12301, 6847, 5603, 7768, 3187, 13372, 9258, 6584, 7594, 2603, 1835, 17380, 17193, 15251, 15937, 18731, 4082, 14911, 16626, 8824, 16208, 10167, 17711, 9678, 15852, 13620, 16479, 14586, 2446, 4866, 1315, 7746, 10615, 7927, 2443, 7157, 13506, 18410, 10494]",2362,1500,3,False,1500
4622,social post,social post,59,True,True,True,"{21: 26, 33: 14, 2: 18, 29: 13, 25: 57, 43: 9, 57: 16, 49: 16, 61: 14, 67: 52, 65: 21, 50: 28, 15: 53, 6: 13, 46: 15, 27: 69, 7: 65, 48: 67, 19: 21, 31: 14, 63: 26, 22: 39, 9: 79, 26: 40, 47: 15, 53: 66, 11: 19, 51: 26, 54: 9, 13: 32, 17: 37, 52: 30, 39: 27, 38: 19, 1: 6, 59: 33, 56: 23, 32: 9, 8: 25, 4: 12, 20: 26, 24: 7, 18: 31, 42: 7, 28: 31, 45: 57, 0: 13, 66: 11, 62: 11, 35: 7, 64: 15, 37: 2, 40: 25, 3: 3, 14: 5, 12: 8, 16: 15, 55: 16, 30: 13, 58: 6, 36: 4, 60: 5, 5: 3, 41: 2, 44: 2, 34: 2}","[12686, 3384, 6034, 14374, 14516, 14680, 18580, 5912, 661, 4433, 14182, 14634, 14672, 13694, 17233, 12320, 12666, 7276, 14925, 15315, 1125, 14820, 3769, 14096, 12401, 14972, 14176, 4685, 4278, 5735, 7514, 16051, 15882, 4696, 17145, 19193, 12994, 9901, 13641, 15193, 6739, 9240, 1608, 14664, 18117, 5676, 15714, 5964, 5329, 16651, 15936, 14441, 15878, 18316, 14255, 18692, 5858, 4640, 10716, 13839, 16635, 2097, 11464, 12427, 2320, 14629, 7617, 16183, 16205, 2170, 4384, 6683, 5285, 18707, 6780, 4231, 2404, 4895, 18091, 2944, 13054, 3904, 3491, 9455, 15985, 10432, 8657, 15304, 9114, 5838, 5197, 17244, 6207, 3970, 17246, 3950, 6168, 8697, 6800, 9942, 11118, 8582, 6355, 15275, 4581, 12724, 11921, 1833, 523, 7619, 15729, 176, 8576, 3101, 1573, 1283, 11796, 11277, 2547, 1738, 6806, 15187, 7129, 5179, 5854, 16373, 9231, 6270, 777, 2062, 13249, 4144, 6325, 3924, 5350, 14414, 3142, 2249, 6444, 13582, 2833, 18030, 6483, 18404, 15057, 7482, 15001, 15872, 14584, 10835, 954, 7257, 1381, 17819, 17518, 6497, 14430, 4901, 16466, 10805, 132, 7506, 755, 14427, 12119, 16613, 19042, 14994, 11257, 8042, 2144, 5966, 1580, 8010, 2550, 10684, 14088, 5037, 8764, 17076, 14185, 15984, 5299, 16601, 19182, 13197, 14561, 12605, 17010, 2703, 6715, 11207, 10188, 212, 2293, 17676, 1720, 5934, 112, 8568, 15870, 3226, 4524, 4431, 5141, 5383, 7609, 12807, 19001, 14368, 6704, 14903, 4172, 117, 18698, 1699, 16558, 7518, 10618, 2110, 10308, 7828, 6623, 17644, 4449, 951, 13858, 15106, 8402, 916, 4771, 8608, 6448, 6656, 13547, 2814, 8336, 8093, 6398, 637, 9909, 10621, 786, 14146, 17292, 9457, 3, 2884, 14785, 10504, 16361, 8181, 17690, 654, 11067, 18741, 386, 18208, 10130, 8079, 7082, 14740, 8076, 18619, 14428, 10992, 12679, 9431, 18328, 13606, 7641, 13542, 1002, 11975, 15646, 19078, 1352, 8683, 16053, 11763, 14823, 7059, 4995, 3754, 6213, 10090, 19084, 1973, 8131, 5353, 836, 13960, 3217, 4885, 9645, 16941, 14750, 13171, 9132, 1355, 4440, 15747, 8233, 6008, 12781, 16749, 13905, 18198, 5033, 2910, 16502, 1233, 965, 16926, 3944, 13518, 18213, 12739, 9972, 14609, 5764, 6128, 9532, 12680, 3672, 5458, 6822, 11547, 3163, 8040, 14081, 8369, 18182, 17541, 11552, 12451, 15074, 1783, 17730, 1690, 16992, 2490, 2459, 18065, 320, 18311, 45, 9495, 4572, 544, 12731, 16811, 15096, 14957, 4594, 16607, 2449, 7791, 13659, 8892, 1713, 17336, 6598, 13832, 10495, 18937, 3067, 3473, 12715, 13492, 14787, 16503, 17899, 16638, 2408, 7141, 10590, 2917, 14650, 12571, 4321, 2855, 1829, 3736, 3381, 11069, 16093, 15201, 14311, 9836, 18289, 16899, 897, 13981, 12223, 8884, 15721, 7778, 13648, 5737, 6550, 19249, 2715, 447, 12941, 8915, 18963, 16291, 760, 5869, 3635, 3439, 6740, 5003, 3174, 2945, 16056, 4860, 11216, 7363, 1147, 12124, 9764, 11245, 4361, 7784, 16285, 17057, 11203, 5114, 17655, 12056, 17890, 7741, 15799, 10258, 16088, 19222, 15303, 1433, 5991, 322, 2322, 3156, 9940, 7814, 17068, 16968, 10018, 1991, 11946, 8705, 10371, 4619, 11074, 2034, 15550, 11743, 18666, 13494, 14175, 13948, 15123, 11154, 10397, 1701, 4770, 839, 12085, 16500, 16241, 1535, 18782, 2221, 539, 18405, 4245, 103, 1571, 16945, 12196, 9441, 1732, 1367, 3596, 4794, 7230, 5245, 17483, 2955, 2003, 11509, 4044, 12934, 3456, 16693, 593, 4582, 14076, 10972, 1965, 7227, 14324, 8658, 3772, 8355, 11889, 1908, 2684, 10026, 1666, 16507, 5589, 9295, 8389, 2099, 18653, 13808, 19147, 6675, 10970, 2788, 19028, 16983, 16166, 9845, 8160, 11381, 10088, 10333, 11716, 14695, 12697, 4365, 3747, 17296, 11904, 74, 7047, 10639, 13094, 940, 10478, 2032, 6642, 14896, 10840, 5430, 5556, 12597, 2183, 18403, 4252, 14613, 18283, 8790, 12140, 13540, 13353, 14114, 13297, 4056, 14038, 11299, 13770, 11433, 14285, 1526, 1955, 15711, 255, 12481, 612, 1635, 4886, 357, 11434, 9524, 13106, 2607, 5391, 9406, 2331, 624, 2749, 17849, 9829, 11436, 18426, 9481, 18550, 15647, 532, 11720, 11824, 15610, 15741, 7902, 13558, 17967, 14539, 17889, 4631, 1238, 16921, 7787, 15293, 3108, 8215, 2851, 4514, 12938, 16730, 17178, 4890, 17960, 4725, 7917, 3191, 8231, 16341, 8195, 10913, 2173, 5557, 2637, 16896, 5806, 1815, 1451, 8864, 2290, 12108, 5328, 6203, 2431, 7508, 17898, 17188, 6897, 1199, 15526, 18437, 6631, 8644, 16917, 14964, 14233, 2454, 584, 4830, 7199, 4180, 14889, 5761, 13756, 6917, 7756, 18880, 15095, 1816, 14070, 16252, 7429, 16589, 1631, 15968, 15221, 12478, 18594, 1477, 5637, 12058, 1205, 13397, 9107, 18654, 1968, 3759, 13147, 14144, 14973, 12452, 18020, 13592, 17920, 13687, 11335, 7207, 418, 7834, 778, 12982, 10688, 9031, 509, 9601, 9780, 17040, 12023, 3916, 91, 6536, 18535, 7547, 15240, 707, 14533, 15064, 17012, 16805, 8637, 5969, 16221, 1940, 13307, 4717, 12615, 18220, 11028, 12170, 1743, 2376, 12415, 14220, 18827, 1294, 18543, 6977, 15309, 11778, 11842, 17103, 3857, 4637, 12162, 19169, 17166, 18237, 17818, 9507, 19022, 5790, 19112, 15611, 1118, 15184, 18703, 1817, 15530, 16579, 8437, 11839, 11378, 3537, 9205, 9217, 16272, 18759, 16828, 12002, 8348, 1723, 3481, 14115, 379, 8544, 264, 6015, 7672, 2253, 7364, 3706, 13796, 17139, 16125, 12059, 9623, 7185, 2418, 18230, 3087, 281, 4379, 1796, 8459, 4400, 17824, 2736, 16446, 13525, 15341, 3275, 7872, 1662, 7557, 4319, 15442, 7181, 10456, 4963, 17048, 16943, 12784, 3441, 5240, 9975, 13216, 17702, 11594, 13554, 6165, 19168, 16070, 3540, 3262, 10661, 4061, 13173, 2875, 17014, 4349, 10818, 8428, 16764, 14232, 8930, 15734, 17680, 7069, 15684, 17050, 18987, 6914, 6863, 19263, 10595, 150, 10039, 2722, 18223, 16444, 6559, 7258, 2661, 7699, 17136, 12773, 4247, 5723, 15194, 1696, 1500, 2807, 9893, 11835, 13240, 18313, 17107, 10265, 10244, 5570, 2862, 14049, 1012, 12861, 723, 9583, 17461, 10056, 1264, 8297, 3716, 14666, 15259, 13531, 543, 13723, 16810, 6700, 3516, 13766, 7186, 10692, 6321, 15484, 14547, 8744, 3703, 10383, 16829, 6366, 6846, 3906, 2021, 18133, 857, 279, 12232, 10212, 10541, 12325, 13475, 1225, 937, 6966, 10881, 16936, 18502, 1440, 11914, 3326, 5633, 14913, 4623, 10743, 12361, 17335, 1072, 5043, 14810, 15077, 3255, 17215, 6553, 17852, 4801, 6962, 3060, 9430, 8799, 13824, 188, 15175, 15163, 4733, 5011, 3536, 17635, 6532, 14071, 6112, 17158, 6597, 11272, 105, 19219, 5013, 12483, 201, 6848, 17033, 6367, 7859, 14702, 18844, 7053, 18694, 15670, 636, 10129, 6378, 5369, 7273, 16247, 9142, 15345, 16817, 14854, 2600, 15783, 889, 11833, 6612, 2068, 2427, 7062, 7918, 16181, 5464, 8339, 8950, 8453, 16423, 6064, 2380, 4268, 13929, 12974, 19141, 1299, 2484, 3883, 3273, 8772, 13256, 11239, 5766, 18098, 12705, 11004, 2695, 10048, 10960, 2766, 15661, 13258, 8015, 6032, 16397, 7749, 19039, 7634, 15076, 4234, 15114, 8475, 8091, 19220, 18004, 9704, 13918, 15569, 16443, 10015, 9943, 7817, 9349, 2588, 8249, 398, 5316, 15538, 18372, 13559, 2937, 2803, 16248, 6155, 630, 9911, 13190, 19157, 15788, 13248, 13148, 1320, 12074, 8471, 8798, 3213, 12418, 814, 2402, 12718, 12397, 10564, 9875, 10128, 6947, 9491, 17707, 3266, 19196, 14309, 18523, 19043, 17975, 18063, 11618, 15016, 14434, 7680, 1739, 18029, 11694, 1745, 9271, 5189, 9561, 11283, 14978, 10753, 16017, 12914, 978, 2828, 17257, 13135, 5061, 121, 6602, 16015, 19271, 12159, 1244, 8260, 13195, 15873, 12815, 14291, 14515, 118, 4892, 14985, 9551, 12654, 4739, 927, 12176, 9523, 11726, 18187, 5880, 2569, 3386, 13942, 3390, 15774, 129, 65, 12922, 8422, 12692, 16213, 11515, 2111, 8347, 10758, 14064, 4401, 17782, 15621, 6709, 14716, 4091, 13964, 8424, 4218, 7249, 11311, 11171, 18564, 14755, 7114, 14009, 14815, 294, 495, 7684, 6833, 4046, 3505, 16995, 17858, 7761, 15803, 9840, 13958, 8226, 10369, 12497, 17142, 1748, 2854, 7159, 11539, 11055, 13337, 17173, 14214, 6803, 11144, 12649, 283, 15489, 13174, 7015, 610, 7030, 18206, 14077, 15468, 14962, 8046, 7809, 17387, 16034, 16678, 1173, 3502, 12942, 15655, 16859, 7099, 1673, 446, 1365, 5881, 3713, 11697, 1897, 16001, 1702, 14149, 11876, 9341, 4325, 6923, 2001, 138, 3276, 18716, 17604, 10501, 115, 12800, 6111, 11148, 4549, 16057, 4707, 6843, 16091, 4295, 7519, 13708, 12409, 11018, 5052, 13566, 14715, 12755, 793, 10837, 1888, 12375, 3935, 5763, 11791, 11258, 13264, 11469, 4683, 8905, 1853, 11600, 4421, 2798, 5074, 18141, 13807, 8595, 8126, 13837, 8060, 6956, 11767, 14560, 9389, 15261, 1232, 12560, 7262, 11504, 3546, 4627, 1177, 517, 4008, 9219, 17696, 4148, 14124, 13243, 11235, 7561, 8331, 16320, 3591, 11341, 4015, 12028, 14929, 18601, 3528, 14065, 1510, 19191, 13833, 17616, 10869, 17689, 831, 16725, 6319, 15465, 10467, 8162, 13563, 7728, 10778, 13545, 12290, 16480, 14401, 12838, 4212, 17529, 4832, 15111, 12690, 10373, 7596, 18614, 17477, 1043, 13100, 4774, 17479, 3774, 9302, 3901, 13071, 6412, 9516, 1261, 3054, 13522, 17602, 14343, 18500, 10957, 2791, 9624, 3634, 17904, 5709, 14670, 11058, 7087, 7435, 13848, 82, 5565, 2562, 14029, 3583, 1676, 12709, 18473, 3158, 12787, 8068, 8263, 16146, 3593, 1802, 1861, 3348, 4487, 17749, 6105, 10471, 17472, 10200, 1182, 14180, 1076, 10156, 4839, 9903, 4879, 9720, 2157, 15344, 16067, 3064, 17182, 5368, 4987, 18484, 18923, 11896, 1052, 15727, 15289, 5885, 1933, 5251, 17072, 6038, 6195, 13524, 6606, 18506, 17536, 6784, 3231, 14121, 8925, 10030, 803, 13764, 146, 19268, 14099, 4130, 16372, 1537, 12248, 13718, 17187, 11728, 1740, 19233, 5600, 4092, 4779, 6028, 3395, 16152, 19150, 2417, 11980, 11237, 8427, 18127, 3538, 9257, 607, 2078, 18457, 5802, 3435, 15019, 4256, 9221, 13465, 11742, 5788, 9528, 17493, 4607, 3131, 6616, 5356, 1550, 4617, 8827, 849, 2601, 4437, 17861, 10261, 15704, 3890, 8149, 12063, 3086, 15925, 12301, 6847, 5603, 7768, 3187, 13372, 9258, 6584, 7594, 2603, 1835, 17380, 17193, 15251, 15937, 18731, 4082, 14911, 16626, 8824, 16208, 10167, 17711, 9678, 15852, 13620, 16479, 14586, 2446, 4866, 1315, 7746, 10615, 7927, 2443, 7157, 13506, 18410, 10494]",4622,1500,3,False,1500
389,play music,email s,17,True,False,True,"{21: 26, 33: 14, 2: 18, 29: 13, 25: 57, 43: 9, 57: 16, 49: 16, 61: 14, 67: 52, 65: 21, 50: 28, 15: 53, 6: 13, 46: 15, 27: 69, 7: 65, 48: 67, 19: 21, 31: 14, 63: 26, 22: 39, 9: 79, 26: 40, 47: 15, 53: 66, 11: 19, 51: 26, 54: 9, 13: 32, 17: 37, 52: 30, 39: 27, 38: 19, 1: 6, 59: 33, 56: 23, 32: 9, 8: 25, 4: 12, 20: 26, 24: 7, 18: 31, 42: 7, 28: 31, 45: 57, 0: 13, 66: 11, 62: 11, 35: 7, 64: 15, 37: 2, 40: 25, 3: 3, 14: 5, 12: 8, 16: 15, 55: 16, 30: 13, 58: 6, 36: 4, 60: 5, 5: 3, 41: 2, 44: 2, 34: 2}","[12686, 3384, 6034, 14374, 14516, 14680, 18580, 5912, 661, 4433, 14182, 14634, 14672, 13694, 17233, 12320, 12666, 7276, 14925, 15315, 1125, 14820, 3769, 14096, 12401, 14972, 14176, 4685, 4278, 5735, 7514, 16051, 15882, 4696, 17145, 19193, 12994, 9901, 13641, 15193, 6739, 9240, 1608, 14664, 18117, 5676, 15714, 5964, 5329, 16651, 15936, 14441, 15878, 18316, 14255, 18692, 5858, 4640, 10716, 13839, 16635, 2097, 11464, 12427, 2320, 14629, 7617, 16183, 16205, 2170, 4384, 6683, 5285, 18707, 6780, 4231, 2404, 4895, 18091, 2944, 13054, 3904, 3491, 9455, 15985, 10432, 8657, 15304, 9114, 5838, 5197, 17244, 6207, 3970, 17246, 3950, 6168, 8697, 6800, 9942, 11118, 8582, 6355, 15275, 4581, 12724, 11921, 1833, 523, 7619, 15729, 176, 8576, 3101, 1573, 1283, 11796, 11277, 2547, 1738, 6806, 15187, 7129, 5179, 5854, 16373, 9231, 6270, 777, 2062, 13249, 4144, 6325, 3924, 5350, 14414, 3142, 2249, 6444, 13582, 2833, 18030, 6483, 18404, 15057, 7482, 15001, 15872, 14584, 10835, 954, 7257, 1381, 17819, 17518, 6497, 14430, 4901, 16466, 10805, 132, 7506, 755, 14427, 12119, 16613, 19042, 14994, 11257, 8042, 2144, 5966, 1580, 8010, 2550, 10684, 14088, 5037, 8764, 17076, 14185, 15984, 5299, 16601, 19182, 13197, 14561, 12605, 17010, 2703, 6715, 11207, 10188, 212, 2293, 17676, 1720, 5934, 112, 8568, 15870, 3226, 4524, 4431, 5141, 5383, 7609, 12807, 19001, 14368, 6704, 14903, 4172, 117, 18698, 1699, 16558, 7518, 10618, 2110, 10308, 7828, 6623, 17644, 4449, 951, 13858, 15106, 8402, 916, 4771, 8608, 6448, 6656, 13547, 2814, 8336, 8093, 6398, 637, 9909, 10621, 786, 14146, 17292, 9457, 3, 2884, 14785, 10504, 16361, 8181, 17690, 654, 11067, 18741, 386, 18208, 10130, 8079, 7082, 14740, 8076, 18619, 14428, 10992, 12679, 9431, 18328, 13606, 7641, 13542, 1002, 11975, 15646, 19078, 1352, 8683, 16053, 11763, 14823, 7059, 4995, 3754, 6213, 10090, 19084, 1973, 8131, 5353, 836, 13960, 3217, 4885, 9645, 16941, 14750, 13171, 9132, 1355, 4440, 15747, 8233, 6008, 12781, 16749, 13905, 18198, 5033, 2910, 16502, 1233, 965, 16926, 3944, 13518, 18213, 12739, 9972, 14609, 5764, 6128, 9532, 12680, 3672, 5458, 6822, 11547, 3163, 8040, 14081, 8369, 18182, 17541, 11552, 12451, 15074, 1783, 17730, 1690, 16992, 2490, 2459, 18065, 320, 18311, 45, 9495, 4572, 544, 12731, 16811, 15096, 14957, 4594, 16607, 2449, 7791, 13659, 8892, 1713, 17336, 6598, 13832, 10495, 18937, 3067, 3473, 12715, 13492, 14787, 16503, 17899, 16638, 2408, 7141, 10590, 2917, 14650, 12571, 4321, 2855, 1829, 3736, 3381, 11069, 16093, 15201, 14311, 9836, 18289, 16899, 897, 13981, 12223, 8884, 15721, 7778, 13648, 5737, 6550, 19249, 2715, 447, 12941, 8915, 18963, 16291, 760, 5869, 3635, 3439, 6740, 5003, 3174, 2945, 16056, 4860, 11216, 7363, 1147, 12124, 9764, 11245, 4361, 7784, 16285, 17057, 11203, 5114, 17655, 12056, 17890, 7741, 15799, 10258, 16088, 19222, 15303, 1433, 5991, 322, 2322, 3156, 9940, 7814, 17068, 16968, 10018, 1991, 11946, 8705, 10371, 4619, 11074, 2034, 15550, 11743, 18666, 13494, 14175, 13948, 15123, 11154, 10397, 1701, 4770, 839, 12085, 16500, 16241, 1535, 18782, 2221, 539, 18405, 4245, 103, 1571, 16945, 12196, 9441, 1732, 1367, 3596, 4794, 7230, 5245, 17483, 2955, 2003, 11509, 4044, 12934, 3456, 16693, 593, 4582, 14076, 10972, 1965, 7227, 14324, 8658, 3772, 8355, 11889, 1908, 2684, 10026, 1666, 16507, 5589, 9295, 8389, 2099, 18653, 13808, 19147, 6675, 10970, 2788, 19028, 16983, 16166, 9845, 8160, 11381, 10088, 10333, 11716, 14695, 12697, 4365, 3747, 17296, 11904, 74, 7047, 10639, 13094, 940, 10478, 2032, 6642, 14896, 10840, 5430, 5556, 12597, 2183, 18403, 4252, 14613, 18283, 8790, 12140, 13540, 13353, 14114, 13297, 4056, 14038, 11299, 13770, 11433, 14285, 1526, 1955, 15711, 255, 12481, 612, 1635, 4886, 357, 11434, 9524, 13106, 2607, 5391, 9406, 2331, 624, 2749, 17849, 9829, 11436, 18426, 9481, 18550, 15647, 532, 11720, 11824, 15610, 15741, 7902, 13558, 17967, 14539, 17889, 4631, 1238, 16921, 7787, 15293, 3108, 8215, 2851, 4514, 12938, 16730, 17178, 4890, 17960, 4725, 7917, 3191, 8231, 16341, 8195, 10913, 2173, 5557, 2637, 16896, 5806, 1815, 1451, 8864, 2290, 12108, 5328, 6203, 2431, 7508, 17898, 17188, 6897, 1199, 15526, 18437, 6631, 8644, 16917, 14964, 14233, 2454, 584, 4830, 7199, 4180, 14889, 5761, 13756, 6917, 7756, 18880, 15095, 1816, 14070, 16252, 7429, 16589, 1631, 15968, 15221, 12478, 18594, 1477, 5637, 12058, 1205, 13397, 9107, 18654, 1968, 3759, 13147, 14144, 14973, 12452, 18020, 13592, 17920, 13687, 11335, 7207, 418, 7834, 778, 12982, 10688, 9031, 509, 9601, 9780, 17040, 12023, 3916, 91, 6536, 18535, 7547, 15240, 707, 14533, 15064, 17012, 16805, 8637, 5969, 16221, 1940, 13307, 4717, 12615, 18220, 11028, 12170, 1743, 2376, 12415, 14220, 18827, 1294, 18543, 6977, 15309, 11778, 11842, 17103, 3857, 4637, 12162, 19169, 17166, 18237, 17818, 9507, 19022, 5790, 19112, 15611, 1118, 15184, 18703, 1817, 15530, 16579, 8437, 11839, 11378, 3537, 9205, 9217, 16272, 18759, 16828, 12002, 8348, 1723, 3481, 14115, 379, 8544, 264, 6015, 7672, 2253, 7364, 3706, 13796, 17139, 16125, 12059, 9623, 7185, 2418, 18230, 3087, 281, 4379, 1796, 8459, 4400, 17824, 2736, 16446, 13525, 15341, 3275, 7872, 1662, 7557, 4319, 15442, 7181, 10456, 4963, 17048, 16943, 12784, 3441, 5240, 9975, 13216, 17702, 11594, 13554, 6165, 19168, 16070, 3540, 3262, 10661, 4061, 13173, 2875, 17014, 4349, 10818, 8428, 16764, 14232, 8930, 15734, 17680, 7069, 15684, 17050, 18987, 6914, 6863, 19263, 10595, 150, 10039, 2722, 18223, 16444, 6559, 7258, 2661, 7699, 17136, 12773, 4247, 5723, 15194, 1696, 1500, 2807, 9893, 11835, 13240, 18313, 17107, 10265, 10244, 5570, 2862, 14049, 1012, 12861, 723, 9583, 17461, 10056, 1264, 8297, 3716, 14666, 15259, 13531, 543, 13723, 16810, 6700, 3516, 13766, 7186, 10692, 6321, 15484, 14547, 8744, 3703, 10383, 16829, 6366, 6846, 3906, 2021, 18133, 857, 279, 12232, 10212, 10541, 12325, 13475, 1225, 937, 6966, 10881, 16936, 18502, 1440, 11914, 3326, 5633, 14913, 4623, 10743, 12361, 17335, 1072, 5043, 14810, 15077, 3255, 17215, 6553, 17852, 4801, 6962, 3060, 9430, 8799, 13824, 188, 15175, 15163, 4733, 5011, 3536, 17635, 6532, 14071, 6112, 17158, 6597, 11272, 105, 19219, 5013, 12483, 201, 6848, 17033, 6367, 7859, 14702, 18844, 7053, 18694, 15670, 636, 10129, 6378, 5369, 7273, 16247, 9142, 15345, 16817, 14854, 2600, 15783, 889, 11833, 6612, 2068, 2427, 7062, 7918, 16181, 5464, 8339, 8950, 8453, 16423, 6064, 2380, 4268, 13929, 12974, 19141, 1299, 2484, 3883, 3273, 8772, 13256, 11239, 5766, 18098, 12705, 11004, 2695, 10048, 10960, 2766, 15661, 13258, 8015, 6032, 16397, 7749, 19039, 7634, 15076, 4234, 15114, 8475, 8091, 19220, 18004, 9704, 13918, 15569, 16443, 10015, 9943, 7817, 9349, 2588, 8249, 398, 5316, 15538, 18372, 13559, 2937, 2803, 16248, 6155, 630, 9911, 13190, 19157, 15788, 13248, 13148, 1320, 12074, 8471, 8798, 3213, 12418, 814, 2402, 12718, 12397, 10564, 9875, 10128, 6947, 9491, 17707, 3266, 19196, 14309, 18523, 19043, 17975, 18063, 11618, 15016, 14434, 7680, 1739, 18029, 11694, 1745, 9271, 5189, 9561, 11283, 14978, 10753, 16017, 12914, 978, 2828, 17257, 13135, 5061, 121, 6602, 16015, 19271, 12159, 1244, 8260, 13195, 15873, 12815, 14291, 14515, 118, 4892, 14985, 9551, 12654, 4739, 927, 12176, 9523, 11726, 18187, 5880, 2569, 3386, 13942, 3390, 15774, 129, 65, 12922, 8422, 12692, 16213, 11515, 2111, 8347, 10758, 14064, 4401, 17782, 15621, 6709, 14716, 4091, 13964, 8424, 4218, 7249, 11311, 11171, 18564, 14755, 7114, 14009, 14815, 294, 495, 7684, 6833, 4046, 3505, 16995, 17858, 7761, 15803, 9840, 13958, 8226, 10369, 12497, 17142, 1748, 2854, 7159, 11539, 11055, 13337, 17173, 14214, 6803, 11144, 12649, 283, 15489, 13174, 7015, 610, 7030, 18206, 14077, 15468, 14962, 8046, 7809, 17387, 16034, 16678, 1173, 3502, 12942, 15655, 16859, 7099, 1673, 446, 1365, 5881, 3713, 11697, 1897, 16001, 1702, 14149, 11876, 9341, 4325, 6923, 2001, 138, 3276, 18716, 17604, 10501, 115, 12800, 6111, 11148, 4549, 16057, 4707, 6843, 16091, 4295, 7519, 13708, 12409, 11018, 5052, 13566, 14715, 12755, 793, 10837, 1888, 12375, 3935, 5763, 11791, 11258, 13264, 11469, 4683, 8905, 1853, 11600, 4421, 2798, 5074, 18141, 13807, 8595, 8126, 13837, 8060, 6956, 11767, 14560, 9389, 15261, 1232, 12560, 7262, 11504, 3546, 4627, 1177, 517, 4008, 9219, 17696, 4148, 14124, 13243, 11235, 7561, 8331, 16320, 3591, 11341, 4015, 12028, 14929, 18601, 3528, 14065, 1510, 19191, 13833, 17616, 10869, 17689, 831, 16725, 6319, 15465, 10467, 8162, 13563, 7728, 10778, 13545, 12290, 16480, 14401, 12838, 4212, 17529, 4832, 15111, 12690, 10373, 7596, 18614, 17477, 1043, 13100, 4774, 17479, 3774, 9302, 3901, 13071, 6412, 9516, 1261, 3054, 13522, 17602, 14343, 18500, 10957, 2791, 9624, 3634, 17904, 5709, 14670, 11058, 7087, 7435, 13848, 82, 5565, 2562, 14029, 3583, 1676, 12709, 18473, 3158, 12787, 8068, 8263, 16146, 3593, 1802, 1861, 3348, 4487, 17749, 6105, 10471, 17472, 10200, 1182, 14180, 1076, 10156, 4839, 9903, 4879, 9720, 2157, 15344, 16067, 3064, 17182, 5368, 4987, 18484, 18923, 11896, 1052, 15727, 15289, 5885, 1933, 5251, 17072, 6038, 6195, 13524, 6606, 18506, 17536, 6784, 3231, 14121, 8925, 10030, 803, 13764, 146, 19268, 14099, 4130, 16372, 1537, 12248, 13718, 17187, 11728, 1740, 19233, 5600, 4092, 4779, 6028, 3395, 16152, 19150, 2417, 11980, 11237, 8427, 18127, 3538, 9257, 607, 2078, 18457, 5802, 3435, 15019, 4256, 9221, 13465, 11742, 5788, 9528, 17493, 4607, 3131, 6616, 5356, 1550, 4617, 8827, 849, 2601, 4437, 17861, 10261, 15704, 3890, 8149, 12063, 3086, 15925, 12301, 6847, 5603, 7768, 3187, 13372, 9258, 6584, 7594, 2603, 1835, 17380, 17193, 15251, 15937, 18731, 4082, 14911, 16626, 8824, 16208, 10167, 17711, 9678, 15852, 13620, 16479, 14586, 2446, 4866, 1315, 7746, 10615, 7927, 2443, 7157, 13506, 18410, 10494]",389,1500,3,False,1500
3225,play music,play music,48,True,True,True,"{21: 26, 33: 14, 2: 18, 29: 13, 25: 57, 43: 9, 57: 16, 49: 16, 61: 14, 67: 52, 65: 21, 50: 28, 15: 53, 6: 13, 46: 15, 27: 69, 7: 65, 48: 67, 19: 21, 31: 14, 63: 26, 22: 39, 9: 79, 26: 40, 47: 15, 53: 66, 11: 19, 51: 26, 54: 9, 13: 32, 17: 37, 52: 30, 39: 27, 38: 19, 1: 6, 59: 33, 56: 23, 32: 9, 8: 25, 4: 12, 20: 26, 24: 7, 18: 31, 42: 7, 28: 31, 45: 57, 0: 13, 66: 11, 62: 11, 35: 7, 64: 15, 37: 2, 40: 25, 3: 3, 14: 5, 12: 8, 16: 15, 55: 16, 30: 13, 58: 6, 36: 4, 60: 5, 5: 3, 41: 2, 44: 2, 34: 2}","[12686, 3384, 6034, 14374, 14516, 14680, 18580, 5912, 661, 4433, 14182, 14634, 14672, 13694, 17233, 12320, 12666, 7276, 14925, 15315, 1125, 14820, 3769, 14096, 12401, 14972, 14176, 4685, 4278, 5735, 7514, 16051, 15882, 4696, 17145, 19193, 12994, 9901, 13641, 15193, 6739, 9240, 1608, 14664, 18117, 5676, 15714, 5964, 5329, 16651, 15936, 14441, 15878, 18316, 14255, 18692, 5858, 4640, 10716, 13839, 16635, 2097, 11464, 12427, 2320, 14629, 7617, 16183, 16205, 2170, 4384, 6683, 5285, 18707, 6780, 4231, 2404, 4895, 18091, 2944, 13054, 3904, 3491, 9455, 15985, 10432, 8657, 15304, 9114, 5838, 5197, 17244, 6207, 3970, 17246, 3950, 6168, 8697, 6800, 9942, 11118, 8582, 6355, 15275, 4581, 12724, 11921, 1833, 523, 7619, 15729, 176, 8576, 3101, 1573, 1283, 11796, 11277, 2547, 1738, 6806, 15187, 7129, 5179, 5854, 16373, 9231, 6270, 777, 2062, 13249, 4144, 6325, 3924, 5350, 14414, 3142, 2249, 6444, 13582, 2833, 18030, 6483, 18404, 15057, 7482, 15001, 15872, 14584, 10835, 954, 7257, 1381, 17819, 17518, 6497, 14430, 4901, 16466, 10805, 132, 7506, 755, 14427, 12119, 16613, 19042, 14994, 11257, 8042, 2144, 5966, 1580, 8010, 2550, 10684, 14088, 5037, 8764, 17076, 14185, 15984, 5299, 16601, 19182, 13197, 14561, 12605, 17010, 2703, 6715, 11207, 10188, 212, 2293, 17676, 1720, 5934, 112, 8568, 15870, 3226, 4524, 4431, 5141, 5383, 7609, 12807, 19001, 14368, 6704, 14903, 4172, 117, 18698, 1699, 16558, 7518, 10618, 2110, 10308, 7828, 6623, 17644, 4449, 951, 13858, 15106, 8402, 916, 4771, 8608, 6448, 6656, 13547, 2814, 8336, 8093, 6398, 637, 9909, 10621, 786, 14146, 17292, 9457, 3, 2884, 14785, 10504, 16361, 8181, 17690, 654, 11067, 18741, 386, 18208, 10130, 8079, 7082, 14740, 8076, 18619, 14428, 10992, 12679, 9431, 18328, 13606, 7641, 13542, 1002, 11975, 15646, 19078, 1352, 8683, 16053, 11763, 14823, 7059, 4995, 3754, 6213, 10090, 19084, 1973, 8131, 5353, 836, 13960, 3217, 4885, 9645, 16941, 14750, 13171, 9132, 1355, 4440, 15747, 8233, 6008, 12781, 16749, 13905, 18198, 5033, 2910, 16502, 1233, 965, 16926, 3944, 13518, 18213, 12739, 9972, 14609, 5764, 6128, 9532, 12680, 3672, 5458, 6822, 11547, 3163, 8040, 14081, 8369, 18182, 17541, 11552, 12451, 15074, 1783, 17730, 1690, 16992, 2490, 2459, 18065, 320, 18311, 45, 9495, 4572, 544, 12731, 16811, 15096, 14957, 4594, 16607, 2449, 7791, 13659, 8892, 1713, 17336, 6598, 13832, 10495, 18937, 3067, 3473, 12715, 13492, 14787, 16503, 17899, 16638, 2408, 7141, 10590, 2917, 14650, 12571, 4321, 2855, 1829, 3736, 3381, 11069, 16093, 15201, 14311, 9836, 18289, 16899, 897, 13981, 12223, 8884, 15721, 7778, 13648, 5737, 6550, 19249, 2715, 447, 12941, 8915, 18963, 16291, 760, 5869, 3635, 3439, 6740, 5003, 3174, 2945, 16056, 4860, 11216, 7363, 1147, 12124, 9764, 11245, 4361, 7784, 16285, 17057, 11203, 5114, 17655, 12056, 17890, 7741, 15799, 10258, 16088, 19222, 15303, 1433, 5991, 322, 2322, 3156, 9940, 7814, 17068, 16968, 10018, 1991, 11946, 8705, 10371, 4619, 11074, 2034, 15550, 11743, 18666, 13494, 14175, 13948, 15123, 11154, 10397, 1701, 4770, 839, 12085, 16500, 16241, 1535, 18782, 2221, 539, 18405, 4245, 103, 1571, 16945, 12196, 9441, 1732, 1367, 3596, 4794, 7230, 5245, 17483, 2955, 2003, 11509, 4044, 12934, 3456, 16693, 593, 4582, 14076, 10972, 1965, 7227, 14324, 8658, 3772, 8355, 11889, 1908, 2684, 10026, 1666, 16507, 5589, 9295, 8389, 2099, 18653, 13808, 19147, 6675, 10970, 2788, 19028, 16983, 16166, 9845, 8160, 11381, 10088, 10333, 11716, 14695, 12697, 4365, 3747, 17296, 11904, 74, 7047, 10639, 13094, 940, 10478, 2032, 6642, 14896, 10840, 5430, 5556, 12597, 2183, 18403, 4252, 14613, 18283, 8790, 12140, 13540, 13353, 14114, 13297, 4056, 14038, 11299, 13770, 11433, 14285, 1526, 1955, 15711, 255, 12481, 612, 1635, 4886, 357, 11434, 9524, 13106, 2607, 5391, 9406, 2331, 624, 2749, 17849, 9829, 11436, 18426, 9481, 18550, 15647, 532, 11720, 11824, 15610, 15741, 7902, 13558, 17967, 14539, 17889, 4631, 1238, 16921, 7787, 15293, 3108, 8215, 2851, 4514, 12938, 16730, 17178, 4890, 17960, 4725, 7917, 3191, 8231, 16341, 8195, 10913, 2173, 5557, 2637, 16896, 5806, 1815, 1451, 8864, 2290, 12108, 5328, 6203, 2431, 7508, 17898, 17188, 6897, 1199, 15526, 18437, 6631, 8644, 16917, 14964, 14233, 2454, 584, 4830, 7199, 4180, 14889, 5761, 13756, 6917, 7756, 18880, 15095, 1816, 14070, 16252, 7429, 16589, 1631, 15968, 15221, 12478, 18594, 1477, 5637, 12058, 1205, 13397, 9107, 18654, 1968, 3759, 13147, 14144, 14973, 12452, 18020, 13592, 17920, 13687, 11335, 7207, 418, 7834, 778, 12982, 10688, 9031, 509, 9601, 9780, 17040, 12023, 3916, 91, 6536, 18535, 7547, 15240, 707, 14533, 15064, 17012, 16805, 8637, 5969, 16221, 1940, 13307, 4717, 12615, 18220, 11028, 12170, 1743, 2376, 12415, 14220, 18827, 1294, 18543, 6977, 15309, 11778, 11842, 17103, 3857, 4637, 12162, 19169, 17166, 18237, 17818, 9507, 19022, 5790, 19112, 15611, 1118, 15184, 18703, 1817, 15530, 16579, 8437, 11839, 11378, 3537, 9205, 9217, 16272, 18759, 16828, 12002, 8348, 1723, 3481, 14115, 379, 8544, 264, 6015, 7672, 2253, 7364, 3706, 13796, 17139, 16125, 12059, 9623, 7185, 2418, 18230, 3087, 281, 4379, 1796, 8459, 4400, 17824, 2736, 16446, 13525, 15341, 3275, 7872, 1662, 7557, 4319, 15442, 7181, 10456, 4963, 17048, 16943, 12784, 3441, 5240, 9975, 13216, 17702, 11594, 13554, 6165, 19168, 16070, 3540, 3262, 10661, 4061, 13173, 2875, 17014, 4349, 10818, 8428, 16764, 14232, 8930, 15734, 17680, 7069, 15684, 17050, 18987, 6914, 6863, 19263, 10595, 150, 10039, 2722, 18223, 16444, 6559, 7258, 2661, 7699, 17136, 12773, 4247, 5723, 15194, 1696, 1500, 2807, 9893, 11835, 13240, 18313, 17107, 10265, 10244, 5570, 2862, 14049, 1012, 12861, 723, 9583, 17461, 10056, 1264, 8297, 3716, 14666, 15259, 13531, 543, 13723, 16810, 6700, 3516, 13766, 7186, 10692, 6321, 15484, 14547, 8744, 3703, 10383, 16829, 6366, 6846, 3906, 2021, 18133, 857, 279, 12232, 10212, 10541, 12325, 13475, 1225, 937, 6966, 10881, 16936, 18502, 1440, 11914, 3326, 5633, 14913, 4623, 10743, 12361, 17335, 1072, 5043, 14810, 15077, 3255, 17215, 6553, 17852, 4801, 6962, 3060, 9430, 8799, 13824, 188, 15175, 15163, 4733, 5011, 3536, 17635, 6532, 14071, 6112, 17158, 6597, 11272, 105, 19219, 5013, 12483, 201, 6848, 17033, 6367, 7859, 14702, 18844, 7053, 18694, 15670, 636, 10129, 6378, 5369, 7273, 16247, 9142, 15345, 16817, 14854, 2600, 15783, 889, 11833, 6612, 2068, 2427, 7062, 7918, 16181, 5464, 8339, 8950, 8453, 16423, 6064, 2380, 4268, 13929, 12974, 19141, 1299, 2484, 3883, 3273, 8772, 13256, 11239, 5766, 18098, 12705, 11004, 2695, 10048, 10960, 2766, 15661, 13258, 8015, 6032, 16397, 7749, 19039, 7634, 15076, 4234, 15114, 8475, 8091, 19220, 18004, 9704, 13918, 15569, 16443, 10015, 9943, 7817, 9349, 2588, 8249, 398, 5316, 15538, 18372, 13559, 2937, 2803, 16248, 6155, 630, 9911, 13190, 19157, 15788, 13248, 13148, 1320, 12074, 8471, 8798, 3213, 12418, 814, 2402, 12718, 12397, 10564, 9875, 10128, 6947, 9491, 17707, 3266, 19196, 14309, 18523, 19043, 17975, 18063, 11618, 15016, 14434, 7680, 1739, 18029, 11694, 1745, 9271, 5189, 9561, 11283, 14978, 10753, 16017, 12914, 978, 2828, 17257, 13135, 5061, 121, 6602, 16015, 19271, 12159, 1244, 8260, 13195, 15873, 12815, 14291, 14515, 118, 4892, 14985, 9551, 12654, 4739, 927, 12176, 9523, 11726, 18187, 5880, 2569, 3386, 13942, 3390, 15774, 129, 65, 12922, 8422, 12692, 16213, 11515, 2111, 8347, 10758, 14064, 4401, 17782, 15621, 6709, 14716, 4091, 13964, 8424, 4218, 7249, 11311, 11171, 18564, 14755, 7114, 14009, 14815, 294, 495, 7684, 6833, 4046, 3505, 16995, 17858, 7761, 15803, 9840, 13958, 8226, 10369, 12497, 17142, 1748, 2854, 7159, 11539, 11055, 13337, 17173, 14214, 6803, 11144, 12649, 283, 15489, 13174, 7015, 610, 7030, 18206, 14077, 15468, 14962, 8046, 7809, 17387, 16034, 16678, 1173, 3502, 12942, 15655, 16859, 7099, 1673, 446, 1365, 5881, 3713, 11697, 1897, 16001, 1702, 14149, 11876, 9341, 4325, 6923, 2001, 138, 3276, 18716, 17604, 10501, 115, 12800, 6111, 11148, 4549, 16057, 4707, 6843, 16091, 4295, 7519, 13708, 12409, 11018, 5052, 13566, 14715, 12755, 793, 10837, 1888, 12375, 3935, 5763, 11791, 11258, 13264, 11469, 4683, 8905, 1853, 11600, 4421, 2798, 5074, 18141, 13807, 8595, 8126, 13837, 8060, 6956, 11767, 14560, 9389, 15261, 1232, 12560, 7262, 11504, 3546, 4627, 1177, 517, 4008, 9219, 17696, 4148, 14124, 13243, 11235, 7561, 8331, 16320, 3591, 11341, 4015, 12028, 14929, 18601, 3528, 14065, 1510, 19191, 13833, 17616, 10869, 17689, 831, 16725, 6319, 15465, 10467, 8162, 13563, 7728, 10778, 13545, 12290, 16480, 14401, 12838, 4212, 17529, 4832, 15111, 12690, 10373, 7596, 18614, 17477, 1043, 13100, 4774, 17479, 3774, 9302, 3901, 13071, 6412, 9516, 1261, 3054, 13522, 17602, 14343, 18500, 10957, 2791, 9624, 3634, 17904, 5709, 14670, 11058, 7087, 7435, 13848, 82, 5565, 2562, 14029, 3583, 1676, 12709, 18473, 3158, 12787, 8068, 8263, 16146, 3593, 1802, 1861, 3348, 4487, 17749, 6105, 10471, 17472, 10200, 1182, 14180, 1076, 10156, 4839, 9903, 4879, 9720, 2157, 15344, 16067, 3064, 17182, 5368, 4987, 18484, 18923, 11896, 1052, 15727, 15289, 5885, 1933, 5251, 17072, 6038, 6195, 13524, 6606, 18506, 17536, 6784, 3231, 14121, 8925, 10030, 803, 13764, 146, 19268, 14099, 4130, 16372, 1537, 12248, 13718, 17187, 11728, 1740, 19233, 5600, 4092, 4779, 6028, 3395, 16152, 19150, 2417, 11980, 11237, 8427, 18127, 3538, 9257, 607, 2078, 18457, 5802, 3435, 15019, 4256, 9221, 13465, 11742, 5788, 9528, 17493, 4607, 3131, 6616, 5356, 1550, 4617, 8827, 849, 2601, 4437, 17861, 10261, 15704, 3890, 8149, 12063, 3086, 15925, 12301, 6847, 5603, 7768, 3187, 13372, 9258, 6584, 7594, 2603, 1835, 17380, 17193, 15251, 15937, 18731, 4082, 14911, 16626, 8824, 16208, 10167, 17711, 9678, 15852, 13620, 16479, 14586, 2446, 4866, 1315, 7746, 10615, 7927, 2443, 7157, 13506, 18410, 10494]",3225,1500,3,False,1500
5468,general praise,general pra,26,True,True,False,"{21: 26, 33: 14, 2: 18, 29: 13, 25: 57, 43: 9, 57: 16, 49: 16, 61: 14, 67: 52, 65: 21, 50: 28, 15: 53, 6: 13, 46: 15, 27: 69, 7: 65, 48: 67, 19: 21, 31: 14, 63: 26, 22: 39, 9: 79, 26: 40, 47: 15, 53: 66, 11: 19, 51: 26, 54: 9, 13: 32, 17: 37, 52: 30, 39: 27, 38: 19, 1: 6, 59: 33, 56: 23, 32: 9, 8: 25, 4: 12, 20: 26, 24: 7, 18: 31, 42: 7, 28: 31, 45: 57, 0: 13, 66: 11, 62: 11, 35: 7, 64: 15, 37: 2, 40: 25, 3: 3, 14: 5, 12: 8, 16: 15, 55: 16, 30: 13, 58: 6, 36: 4, 60: 5, 5: 3, 41: 2, 44: 2, 34: 2}","[12686, 3384, 6034, 14374, 14516, 14680, 18580, 5912, 661, 4433, 14182, 14634, 14672, 13694, 17233, 12320, 12666, 7276, 14925, 15315, 1125, 14820, 3769, 14096, 12401, 14972, 14176, 4685, 4278, 5735, 7514, 16051, 15882, 4696, 17145, 19193, 12994, 9901, 13641, 15193, 6739, 9240, 1608, 14664, 18117, 5676, 15714, 5964, 5329, 16651, 15936, 14441, 15878, 18316, 14255, 18692, 5858, 4640, 10716, 13839, 16635, 2097, 11464, 12427, 2320, 14629, 7617, 16183, 16205, 2170, 4384, 6683, 5285, 18707, 6780, 4231, 2404, 4895, 18091, 2944, 13054, 3904, 3491, 9455, 15985, 10432, 8657, 15304, 9114, 5838, 5197, 17244, 6207, 3970, 17246, 3950, 6168, 8697, 6800, 9942, 11118, 8582, 6355, 15275, 4581, 12724, 11921, 1833, 523, 7619, 15729, 176, 8576, 3101, 1573, 1283, 11796, 11277, 2547, 1738, 6806, 15187, 7129, 5179, 5854, 16373, 9231, 6270, 777, 2062, 13249, 4144, 6325, 3924, 5350, 14414, 3142, 2249, 6444, 13582, 2833, 18030, 6483, 18404, 15057, 7482, 15001, 15872, 14584, 10835, 954, 7257, 1381, 17819, 17518, 6497, 14430, 4901, 16466, 10805, 132, 7506, 755, 14427, 12119, 16613, 19042, 14994, 11257, 8042, 2144, 5966, 1580, 8010, 2550, 10684, 14088, 5037, 8764, 17076, 14185, 15984, 5299, 16601, 19182, 13197, 14561, 12605, 17010, 2703, 6715, 11207, 10188, 212, 2293, 17676, 1720, 5934, 112, 8568, 15870, 3226, 4524, 4431, 5141, 5383, 7609, 12807, 19001, 14368, 6704, 14903, 4172, 117, 18698, 1699, 16558, 7518, 10618, 2110, 10308, 7828, 6623, 17644, 4449, 951, 13858, 15106, 8402, 916, 4771, 8608, 6448, 6656, 13547, 2814, 8336, 8093, 6398, 637, 9909, 10621, 786, 14146, 17292, 9457, 3, 2884, 14785, 10504, 16361, 8181, 17690, 654, 11067, 18741, 386, 18208, 10130, 8079, 7082, 14740, 8076, 18619, 14428, 10992, 12679, 9431, 18328, 13606, 7641, 13542, 1002, 11975, 15646, 19078, 1352, 8683, 16053, 11763, 14823, 7059, 4995, 3754, 6213, 10090, 19084, 1973, 8131, 5353, 836, 13960, 3217, 4885, 9645, 16941, 14750, 13171, 9132, 1355, 4440, 15747, 8233, 6008, 12781, 16749, 13905, 18198, 5033, 2910, 16502, 1233, 965, 16926, 3944, 13518, 18213, 12739, 9972, 14609, 5764, 6128, 9532, 12680, 3672, 5458, 6822, 11547, 3163, 8040, 14081, 8369, 18182, 17541, 11552, 12451, 15074, 1783, 17730, 1690, 16992, 2490, 2459, 18065, 320, 18311, 45, 9495, 4572, 544, 12731, 16811, 15096, 14957, 4594, 16607, 2449, 7791, 13659, 8892, 1713, 17336, 6598, 13832, 10495, 18937, 3067, 3473, 12715, 13492, 14787, 16503, 17899, 16638, 2408, 7141, 10590, 2917, 14650, 12571, 4321, 2855, 1829, 3736, 3381, 11069, 16093, 15201, 14311, 9836, 18289, 16899, 897, 13981, 12223, 8884, 15721, 7778, 13648, 5737, 6550, 19249, 2715, 447, 12941, 8915, 18963, 16291, 760, 5869, 3635, 3439, 6740, 5003, 3174, 2945, 16056, 4860, 11216, 7363, 1147, 12124, 9764, 11245, 4361, 7784, 16285, 17057, 11203, 5114, 17655, 12056, 17890, 7741, 15799, 10258, 16088, 19222, 15303, 1433, 5991, 322, 2322, 3156, 9940, 7814, 17068, 16968, 10018, 1991, 11946, 8705, 10371, 4619, 11074, 2034, 15550, 11743, 18666, 13494, 14175, 13948, 15123, 11154, 10397, 1701, 4770, 839, 12085, 16500, 16241, 1535, 18782, 2221, 539, 18405, 4245, 103, 1571, 16945, 12196, 9441, 1732, 1367, 3596, 4794, 7230, 5245, 17483, 2955, 2003, 11509, 4044, 12934, 3456, 16693, 593, 4582, 14076, 10972, 1965, 7227, 14324, 8658, 3772, 8355, 11889, 1908, 2684, 10026, 1666, 16507, 5589, 9295, 8389, 2099, 18653, 13808, 19147, 6675, 10970, 2788, 19028, 16983, 16166, 9845, 8160, 11381, 10088, 10333, 11716, 14695, 12697, 4365, 3747, 17296, 11904, 74, 7047, 10639, 13094, 940, 10478, 2032, 6642, 14896, 10840, 5430, 5556, 12597, 2183, 18403, 4252, 14613, 18283, 8790, 12140, 13540, 13353, 14114, 13297, 4056, 14038, 11299, 13770, 11433, 14285, 1526, 1955, 15711, 255, 12481, 612, 1635, 4886, 357, 11434, 9524, 13106, 2607, 5391, 9406, 2331, 624, 2749, 17849, 9829, 11436, 18426, 9481, 18550, 15647, 532, 11720, 11824, 15610, 15741, 7902, 13558, 17967, 14539, 17889, 4631, 1238, 16921, 7787, 15293, 3108, 8215, 2851, 4514, 12938, 16730, 17178, 4890, 17960, 4725, 7917, 3191, 8231, 16341, 8195, 10913, 2173, 5557, 2637, 16896, 5806, 1815, 1451, 8864, 2290, 12108, 5328, 6203, 2431, 7508, 17898, 17188, 6897, 1199, 15526, 18437, 6631, 8644, 16917, 14964, 14233, 2454, 584, 4830, 7199, 4180, 14889, 5761, 13756, 6917, 7756, 18880, 15095, 1816, 14070, 16252, 7429, 16589, 1631, 15968, 15221, 12478, 18594, 1477, 5637, 12058, 1205, 13397, 9107, 18654, 1968, 3759, 13147, 14144, 14973, 12452, 18020, 13592, 17920, 13687, 11335, 7207, 418, 7834, 778, 12982, 10688, 9031, 509, 9601, 9780, 17040, 12023, 3916, 91, 6536, 18535, 7547, 15240, 707, 14533, 15064, 17012, 16805, 8637, 5969, 16221, 1940, 13307, 4717, 12615, 18220, 11028, 12170, 1743, 2376, 12415, 14220, 18827, 1294, 18543, 6977, 15309, 11778, 11842, 17103, 3857, 4637, 12162, 19169, 17166, 18237, 17818, 9507, 19022, 5790, 19112, 15611, 1118, 15184, 18703, 1817, 15530, 16579, 8437, 11839, 11378, 3537, 9205, 9217, 16272, 18759, 16828, 12002, 8348, 1723, 3481, 14115, 379, 8544, 264, 6015, 7672, 2253, 7364, 3706, 13796, 17139, 16125, 12059, 9623, 7185, 2418, 18230, 3087, 281, 4379, 1796, 8459, 4400, 17824, 2736, 16446, 13525, 15341, 3275, 7872, 1662, 7557, 4319, 15442, 7181, 10456, 4963, 17048, 16943, 12784, 3441, 5240, 9975, 13216, 17702, 11594, 13554, 6165, 19168, 16070, 3540, 3262, 10661, 4061, 13173, 2875, 17014, 4349, 10818, 8428, 16764, 14232, 8930, 15734, 17680, 7069, 15684, 17050, 18987, 6914, 6863, 19263, 10595, 150, 10039, 2722, 18223, 16444, 6559, 7258, 2661, 7699, 17136, 12773, 4247, 5723, 15194, 1696, 1500, 2807, 9893, 11835, 13240, 18313, 17107, 10265, 10244, 5570, 2862, 14049, 1012, 12861, 723, 9583, 17461, 10056, 1264, 8297, 3716, 14666, 15259, 13531, 543, 13723, 16810, 6700, 3516, 13766, 7186, 10692, 6321, 15484, 14547, 8744, 3703, 10383, 16829, 6366, 6846, 3906, 2021, 18133, 857, 279, 12232, 10212, 10541, 12325, 13475, 1225, 937, 6966, 10881, 16936, 18502, 1440, 11914, 3326, 5633, 14913, 4623, 10743, 12361, 17335, 1072, 5043, 14810, 15077, 3255, 17215, 6553, 17852, 4801, 6962, 3060, 9430, 8799, 13824, 188, 15175, 15163, 4733, 5011, 3536, 17635, 6532, 14071, 6112, 17158, 6597, 11272, 105, 19219, 5013, 12483, 201, 6848, 17033, 6367, 7859, 14702, 18844, 7053, 18694, 15670, 636, 10129, 6378, 5369, 7273, 16247, 9142, 15345, 16817, 14854, 2600, 15783, 889, 11833, 6612, 2068, 2427, 7062, 7918, 16181, 5464, 8339, 8950, 8453, 16423, 6064, 2380, 4268, 13929, 12974, 19141, 1299, 2484, 3883, 3273, 8772, 13256, 11239, 5766, 18098, 12705, 11004, 2695, 10048, 10960, 2766, 15661, 13258, 8015, 6032, 16397, 7749, 19039, 7634, 15076, 4234, 15114, 8475, 8091, 19220, 18004, 9704, 13918, 15569, 16443, 10015, 9943, 7817, 9349, 2588, 8249, 398, 5316, 15538, 18372, 13559, 2937, 2803, 16248, 6155, 630, 9911, 13190, 19157, 15788, 13248, 13148, 1320, 12074, 8471, 8798, 3213, 12418, 814, 2402, 12718, 12397, 10564, 9875, 10128, 6947, 9491, 17707, 3266, 19196, 14309, 18523, 19043, 17975, 18063, 11618, 15016, 14434, 7680, 1739, 18029, 11694, 1745, 9271, 5189, 9561, 11283, 14978, 10753, 16017, 12914, 978, 2828, 17257, 13135, 5061, 121, 6602, 16015, 19271, 12159, 1244, 8260, 13195, 15873, 12815, 14291, 14515, 118, 4892, 14985, 9551, 12654, 4739, 927, 12176, 9523, 11726, 18187, 5880, 2569, 3386, 13942, 3390, 15774, 129, 65, 12922, 8422, 12692, 16213, 11515, 2111, 8347, 10758, 14064, 4401, 17782, 15621, 6709, 14716, 4091, 13964, 8424, 4218, 7249, 11311, 11171, 18564, 14755, 7114, 14009, 14815, 294, 495, 7684, 6833, 4046, 3505, 16995, 17858, 7761, 15803, 9840, 13958, 8226, 10369, 12497, 17142, 1748, 2854, 7159, 11539, 11055, 13337, 17173, 14214, 6803, 11144, 12649, 283, 15489, 13174, 7015, 610, 7030, 18206, 14077, 15468, 14962, 8046, 7809, 17387, 16034, 16678, 1173, 3502, 12942, 15655, 16859, 7099, 1673, 446, 1365, 5881, 3713, 11697, 1897, 16001, 1702, 14149, 11876, 9341, 4325, 6923, 2001, 138, 3276, 18716, 17604, 10501, 115, 12800, 6111, 11148, 4549, 16057, 4707, 6843, 16091, 4295, 7519, 13708, 12409, 11018, 5052, 13566, 14715, 12755, 793, 10837, 1888, 12375, 3935, 5763, 11791, 11258, 13264, 11469, 4683, 8905, 1853, 11600, 4421, 2798, 5074, 18141, 13807, 8595, 8126, 13837, 8060, 6956, 11767, 14560, 9389, 15261, 1232, 12560, 7262, 11504, 3546, 4627, 1177, 517, 4008, 9219, 17696, 4148, 14124, 13243, 11235, 7561, 8331, 16320, 3591, 11341, 4015, 12028, 14929, 18601, 3528, 14065, 1510, 19191, 13833, 17616, 10869, 17689, 831, 16725, 6319, 15465, 10467, 8162, 13563, 7728, 10778, 13545, 12290, 16480, 14401, 12838, 4212, 17529, 4832, 15111, 12690, 10373, 7596, 18614, 17477, 1043, 13100, 4774, 17479, 3774, 9302, 3901, 13071, 6412, 9516, 1261, 3054, 13522, 17602, 14343, 18500, 10957, 2791, 9624, 3634, 17904, 5709, 14670, 11058, 7087, 7435, 13848, 82, 5565, 2562, 14029, 3583, 1676, 12709, 18473, 3158, 12787, 8068, 8263, 16146, 3593, 1802, 1861, 3348, 4487, 17749, 6105, 10471, 17472, 10200, 1182, 14180, 1076, 10156, 4839, 9903, 4879, 9720, 2157, 15344, 16067, 3064, 17182, 5368, 4987, 18484, 18923, 11896, 1052, 15727, 15289, 5885, 1933, 5251, 17072, 6038, 6195, 13524, 6606, 18506, 17536, 6784, 3231, 14121, 8925, 10030, 803, 13764, 146, 19268, 14099, 4130, 16372, 1537, 12248, 13718, 17187, 11728, 1740, 19233, 5600, 4092, 4779, 6028, 3395, 16152, 19150, 2417, 11980, 11237, 8427, 18127, 3538, 9257, 607, 2078, 18457, 5802, 3435, 15019, 4256, 9221, 13465, 11742, 5788, 9528, 17493, 4607, 3131, 6616, 5356, 1550, 4617, 8827, 849, 2601, 4437, 17861, 10261, 15704, 3890, 8149, 12063, 3086, 15925, 12301, 6847, 5603, 7768, 3187, 13372, 9258, 6584, 7594, 2603, 1835, 17380, 17193, 15251, 15937, 18731, 4082, 14911, 16626, 8824, 16208, 10167, 17711, 9678, 15852, 13620, 16479, 14586, 2446, 4866, 1315, 7746, 10615, 7927, 2443, 7157, 13506, 18410, 10494]",5468,1500,3,False,1500
2822,lists create or add,lists create,38,True,True,False,"{21: 26, 33: 14, 2: 18, 29: 13, 25: 57, 43: 9, 57: 16, 49: 16, 61: 14, 67: 52, 65: 21, 50: 28, 15: 53, 6: 13, 46: 15, 27: 69, 7: 65, 48: 67, 19: 21, 31: 14, 63: 26, 22: 39, 9: 79, 26: 40, 47: 15, 53: 66, 11: 19, 51: 26, 54: 9, 13: 32, 17: 37, 52: 30, 39: 27, 38: 19, 1: 6, 59: 33, 56: 23, 32: 9, 8: 25, 4: 12, 20: 26, 24: 7, 18: 31, 42: 7, 28: 31, 45: 57, 0: 13, 66: 11, 62: 11, 35: 7, 64: 15, 37: 2, 40: 25, 3: 3, 14: 5, 12: 8, 16: 15, 55: 16, 30: 13, 58: 6, 36: 4, 60: 5, 5: 3, 41: 2, 44: 2, 34: 2}","[12686, 3384, 6034, 14374, 14516, 14680, 18580, 5912, 661, 4433, 14182, 14634, 14672, 13694, 17233, 12320, 12666, 7276, 14925, 15315, 1125, 14820, 3769, 14096, 12401, 14972, 14176, 4685, 4278, 5735, 7514, 16051, 15882, 4696, 17145, 19193, 12994, 9901, 13641, 15193, 6739, 9240, 1608, 14664, 18117, 5676, 15714, 5964, 5329, 16651, 15936, 14441, 15878, 18316, 14255, 18692, 5858, 4640, 10716, 13839, 16635, 2097, 11464, 12427, 2320, 14629, 7617, 16183, 16205, 2170, 4384, 6683, 5285, 18707, 6780, 4231, 2404, 4895, 18091, 2944, 13054, 3904, 3491, 9455, 15985, 10432, 8657, 15304, 9114, 5838, 5197, 17244, 6207, 3970, 17246, 3950, 6168, 8697, 6800, 9942, 11118, 8582, 6355, 15275, 4581, 12724, 11921, 1833, 523, 7619, 15729, 176, 8576, 3101, 1573, 1283, 11796, 11277, 2547, 1738, 6806, 15187, 7129, 5179, 5854, 16373, 9231, 6270, 777, 2062, 13249, 4144, 6325, 3924, 5350, 14414, 3142, 2249, 6444, 13582, 2833, 18030, 6483, 18404, 15057, 7482, 15001, 15872, 14584, 10835, 954, 7257, 1381, 17819, 17518, 6497, 14430, 4901, 16466, 10805, 132, 7506, 755, 14427, 12119, 16613, 19042, 14994, 11257, 8042, 2144, 5966, 1580, 8010, 2550, 10684, 14088, 5037, 8764, 17076, 14185, 15984, 5299, 16601, 19182, 13197, 14561, 12605, 17010, 2703, 6715, 11207, 10188, 212, 2293, 17676, 1720, 5934, 112, 8568, 15870, 3226, 4524, 4431, 5141, 5383, 7609, 12807, 19001, 14368, 6704, 14903, 4172, 117, 18698, 1699, 16558, 7518, 10618, 2110, 10308, 7828, 6623, 17644, 4449, 951, 13858, 15106, 8402, 916, 4771, 8608, 6448, 6656, 13547, 2814, 8336, 8093, 6398, 637, 9909, 10621, 786, 14146, 17292, 9457, 3, 2884, 14785, 10504, 16361, 8181, 17690, 654, 11067, 18741, 386, 18208, 10130, 8079, 7082, 14740, 8076, 18619, 14428, 10992, 12679, 9431, 18328, 13606, 7641, 13542, 1002, 11975, 15646, 19078, 1352, 8683, 16053, 11763, 14823, 7059, 4995, 3754, 6213, 10090, 19084, 1973, 8131, 5353, 836, 13960, 3217, 4885, 9645, 16941, 14750, 13171, 9132, 1355, 4440, 15747, 8233, 6008, 12781, 16749, 13905, 18198, 5033, 2910, 16502, 1233, 965, 16926, 3944, 13518, 18213, 12739, 9972, 14609, 5764, 6128, 9532, 12680, 3672, 5458, 6822, 11547, 3163, 8040, 14081, 8369, 18182, 17541, 11552, 12451, 15074, 1783, 17730, 1690, 16992, 2490, 2459, 18065, 320, 18311, 45, 9495, 4572, 544, 12731, 16811, 15096, 14957, 4594, 16607, 2449, 7791, 13659, 8892, 1713, 17336, 6598, 13832, 10495, 18937, 3067, 3473, 12715, 13492, 14787, 16503, 17899, 16638, 2408, 7141, 10590, 2917, 14650, 12571, 4321, 2855, 1829, 3736, 3381, 11069, 16093, 15201, 14311, 9836, 18289, 16899, 897, 13981, 12223, 8884, 15721, 7778, 13648, 5737, 6550, 19249, 2715, 447, 12941, 8915, 18963, 16291, 760, 5869, 3635, 3439, 6740, 5003, 3174, 2945, 16056, 4860, 11216, 7363, 1147, 12124, 9764, 11245, 4361, 7784, 16285, 17057, 11203, 5114, 17655, 12056, 17890, 7741, 15799, 10258, 16088, 19222, 15303, 1433, 5991, 322, 2322, 3156, 9940, 7814, 17068, 16968, 10018, 1991, 11946, 8705, 10371, 4619, 11074, 2034, 15550, 11743, 18666, 13494, 14175, 13948, 15123, 11154, 10397, 1701, 4770, 839, 12085, 16500, 16241, 1535, 18782, 2221, 539, 18405, 4245, 103, 1571, 16945, 12196, 9441, 1732, 1367, 3596, 4794, 7230, 5245, 17483, 2955, 2003, 11509, 4044, 12934, 3456, 16693, 593, 4582, 14076, 10972, 1965, 7227, 14324, 8658, 3772, 8355, 11889, 1908, 2684, 10026, 1666, 16507, 5589, 9295, 8389, 2099, 18653, 13808, 19147, 6675, 10970, 2788, 19028, 16983, 16166, 9845, 8160, 11381, 10088, 10333, 11716, 14695, 12697, 4365, 3747, 17296, 11904, 74, 7047, 10639, 13094, 940, 10478, 2032, 6642, 14896, 10840, 5430, 5556, 12597, 2183, 18403, 4252, 14613, 18283, 8790, 12140, 13540, 13353, 14114, 13297, 4056, 14038, 11299, 13770, 11433, 14285, 1526, 1955, 15711, 255, 12481, 612, 1635, 4886, 357, 11434, 9524, 13106, 2607, 5391, 9406, 2331, 624, 2749, 17849, 9829, 11436, 18426, 9481, 18550, 15647, 532, 11720, 11824, 15610, 15741, 7902, 13558, 17967, 14539, 17889, 4631, 1238, 16921, 7787, 15293, 3108, 8215, 2851, 4514, 12938, 16730, 17178, 4890, 17960, 4725, 7917, 3191, 8231, 16341, 8195, 10913, 2173, 5557, 2637, 16896, 5806, 1815, 1451, 8864, 2290, 12108, 5328, 6203, 2431, 7508, 17898, 17188, 6897, 1199, 15526, 18437, 6631, 8644, 16917, 14964, 14233, 2454, 584, 4830, 7199, 4180, 14889, 5761, 13756, 6917, 7756, 18880, 15095, 1816, 14070, 16252, 7429, 16589, 1631, 15968, 15221, 12478, 18594, 1477, 5637, 12058, 1205, 13397, 9107, 18654, 1968, 3759, 13147, 14144, 14973, 12452, 18020, 13592, 17920, 13687, 11335, 7207, 418, 7834, 778, 12982, 10688, 9031, 509, 9601, 9780, 17040, 12023, 3916, 91, 6536, 18535, 7547, 15240, 707, 14533, 15064, 17012, 16805, 8637, 5969, 16221, 1940, 13307, 4717, 12615, 18220, 11028, 12170, 1743, 2376, 12415, 14220, 18827, 1294, 18543, 6977, 15309, 11778, 11842, 17103, 3857, 4637, 12162, 19169, 17166, 18237, 17818, 9507, 19022, 5790, 19112, 15611, 1118, 15184, 18703, 1817, 15530, 16579, 8437, 11839, 11378, 3537, 9205, 9217, 16272, 18759, 16828, 12002, 8348, 1723, 3481, 14115, 379, 8544, 264, 6015, 7672, 2253, 7364, 3706, 13796, 17139, 16125, 12059, 9623, 7185, 2418, 18230, 3087, 281, 4379, 1796, 8459, 4400, 17824, 2736, 16446, 13525, 15341, 3275, 7872, 1662, 7557, 4319, 15442, 7181, 10456, 4963, 17048, 16943, 12784, 3441, 5240, 9975, 13216, 17702, 11594, 13554, 6165, 19168, 16070, 3540, 3262, 10661, 4061, 13173, 2875, 17014, 4349, 10818, 8428, 16764, 14232, 8930, 15734, 17680, 7069, 15684, 17050, 18987, 6914, 6863, 19263, 10595, 150, 10039, 2722, 18223, 16444, 6559, 7258, 2661, 7699, 17136, 12773, 4247, 5723, 15194, 1696, 1500, 2807, 9893, 11835, 13240, 18313, 17107, 10265, 10244, 5570, 2862, 14049, 1012, 12861, 723, 9583, 17461, 10056, 1264, 8297, 3716, 14666, 15259, 13531, 543, 13723, 16810, 6700, 3516, 13766, 7186, 10692, 6321, 15484, 14547, 8744, 3703, 10383, 16829, 6366, 6846, 3906, 2021, 18133, 857, 279, 12232, 10212, 10541, 12325, 13475, 1225, 937, 6966, 10881, 16936, 18502, 1440, 11914, 3326, 5633, 14913, 4623, 10743, 12361, 17335, 1072, 5043, 14810, 15077, 3255, 17215, 6553, 17852, 4801, 6962, 3060, 9430, 8799, 13824, 188, 15175, 15163, 4733, 5011, 3536, 17635, 6532, 14071, 6112, 17158, 6597, 11272, 105, 19219, 5013, 12483, 201, 6848, 17033, 6367, 7859, 14702, 18844, 7053, 18694, 15670, 636, 10129, 6378, 5369, 7273, 16247, 9142, 15345, 16817, 14854, 2600, 15783, 889, 11833, 6612, 2068, 2427, 7062, 7918, 16181, 5464, 8339, 8950, 8453, 16423, 6064, 2380, 4268, 13929, 12974, 19141, 1299, 2484, 3883, 3273, 8772, 13256, 11239, 5766, 18098, 12705, 11004, 2695, 10048, 10960, 2766, 15661, 13258, 8015, 6032, 16397, 7749, 19039, 7634, 15076, 4234, 15114, 8475, 8091, 19220, 18004, 9704, 13918, 15569, 16443, 10015, 9943, 7817, 9349, 2588, 8249, 398, 5316, 15538, 18372, 13559, 2937, 2803, 16248, 6155, 630, 9911, 13190, 19157, 15788, 13248, 13148, 1320, 12074, 8471, 8798, 3213, 12418, 814, 2402, 12718, 12397, 10564, 9875, 10128, 6947, 9491, 17707, 3266, 19196, 14309, 18523, 19043, 17975, 18063, 11618, 15016, 14434, 7680, 1739, 18029, 11694, 1745, 9271, 5189, 9561, 11283, 14978, 10753, 16017, 12914, 978, 2828, 17257, 13135, 5061, 121, 6602, 16015, 19271, 12159, 1244, 8260, 13195, 15873, 12815, 14291, 14515, 118, 4892, 14985, 9551, 12654, 4739, 927, 12176, 9523, 11726, 18187, 5880, 2569, 3386, 13942, 3390, 15774, 129, 65, 12922, 8422, 12692, 16213, 11515, 2111, 8347, 10758, 14064, 4401, 17782, 15621, 6709, 14716, 4091, 13964, 8424, 4218, 7249, 11311, 11171, 18564, 14755, 7114, 14009, 14815, 294, 495, 7684, 6833, 4046, 3505, 16995, 17858, 7761, 15803, 9840, 13958, 8226, 10369, 12497, 17142, 1748, 2854, 7159, 11539, 11055, 13337, 17173, 14214, 6803, 11144, 12649, 283, 15489, 13174, 7015, 610, 7030, 18206, 14077, 15468, 14962, 8046, 7809, 17387, 16034, 16678, 1173, 3502, 12942, 15655, 16859, 7099, 1673, 446, 1365, 5881, 3713, 11697, 1897, 16001, 1702, 14149, 11876, 9341, 4325, 6923, 2001, 138, 3276, 18716, 17604, 10501, 115, 12800, 6111, 11148, 4549, 16057, 4707, 6843, 16091, 4295, 7519, 13708, 12409, 11018, 5052, 13566, 14715, 12755, 793, 10837, 1888, 12375, 3935, 5763, 11791, 11258, 13264, 11469, 4683, 8905, 1853, 11600, 4421, 2798, 5074, 18141, 13807, 8595, 8126, 13837, 8060, 6956, 11767, 14560, 9389, 15261, 1232, 12560, 7262, 11504, 3546, 4627, 1177, 517, 4008, 9219, 17696, 4148, 14124, 13243, 11235, 7561, 8331, 16320, 3591, 11341, 4015, 12028, 14929, 18601, 3528, 14065, 1510, 19191, 13833, 17616, 10869, 17689, 831, 16725, 6319, 15465, 10467, 8162, 13563, 7728, 10778, 13545, 12290, 16480, 14401, 12838, 4212, 17529, 4832, 15111, 12690, 10373, 7596, 18614, 17477, 1043, 13100, 4774, 17479, 3774, 9302, 3901, 13071, 6412, 9516, 1261, 3054, 13522, 17602, 14343, 18500, 10957, 2791, 9624, 3634, 17904, 5709, 14670, 11058, 7087, 7435, 13848, 82, 5565, 2562, 14029, 3583, 1676, 12709, 18473, 3158, 12787, 8068, 8263, 16146, 3593, 1802, 1861, 3348, 4487, 17749, 6105, 10471, 17472, 10200, 1182, 14180, 1076, 10156, 4839, 9903, 4879, 9720, 2157, 15344, 16067, 3064, 17182, 5368, 4987, 18484, 18923, 11896, 1052, 15727, 15289, 5885, 1933, 5251, 17072, 6038, 6195, 13524, 6606, 18506, 17536, 6784, 3231, 14121, 8925, 10030, 803, 13764, 146, 19268, 14099, 4130, 16372, 1537, 12248, 13718, 17187, 11728, 1740, 19233, 5600, 4092, 4779, 6028, 3395, 16152, 19150, 2417, 11980, 11237, 8427, 18127, 3538, 9257, 607, 2078, 18457, 5802, 3435, 15019, 4256, 9221, 13465, 11742, 5788, 9528, 17493, 4607, 3131, 6616, 5356, 1550, 4617, 8827, 849, 2601, 4437, 17861, 10261, 15704, 3890, 8149, 12063, 3086, 15925, 12301, 6847, 5603, 7768, 3187, 13372, 9258, 6584, 7594, 2603, 1835, 17380, 17193, 15251, 15937, 18731, 4082, 14911, 16626, 8824, 16208, 10167, 17711, 9678, 15852, 13620, 16479, 14586, 2446, 4866, 1315, 7746, 10615, 7927, 2443, 7157, 13506, 18410, 10494]",2822,1500,3,False,1500
4134,play music,play music,48,True,True,True,"{21: 26, 33: 14, 2: 18, 29: 13, 25: 57, 43: 9, 57: 16, 49: 16, 61: 14, 67: 52, 65: 21, 50: 28, 15: 53, 6: 13, 46: 15, 27: 69, 7: 65, 48: 67, 19: 21, 31: 14, 63: 26, 22: 39, 9: 79, 26: 40, 47: 15, 53: 66, 11: 19, 51: 26, 54: 9, 13: 32, 17: 37, 52: 30, 39: 27, 38: 19, 1: 6, 59: 33, 56: 23, 32: 9, 8: 25, 4: 12, 20: 26, 24: 7, 18: 31, 42: 7, 28: 31, 45: 57, 0: 13, 66: 11, 62: 11, 35: 7, 64: 15, 37: 2, 40: 25, 3: 3, 14: 5, 12: 8, 16: 15, 55: 16, 30: 13, 58: 6, 36: 4, 60: 5, 5: 3, 41: 2, 44: 2, 34: 2}","[12686, 3384, 6034, 14374, 14516, 14680, 18580, 5912, 661, 4433, 14182, 14634, 14672, 13694, 17233, 12320, 12666, 7276, 14925, 15315, 1125, 14820, 3769, 14096, 12401, 14972, 14176, 4685, 4278, 5735, 7514, 16051, 15882, 4696, 17145, 19193, 12994, 9901, 13641, 15193, 6739, 9240, 1608, 14664, 18117, 5676, 15714, 5964, 5329, 16651, 15936, 14441, 15878, 18316, 14255, 18692, 5858, 4640, 10716, 13839, 16635, 2097, 11464, 12427, 2320, 14629, 7617, 16183, 16205, 2170, 4384, 6683, 5285, 18707, 6780, 4231, 2404, 4895, 18091, 2944, 13054, 3904, 3491, 9455, 15985, 10432, 8657, 15304, 9114, 5838, 5197, 17244, 6207, 3970, 17246, 3950, 6168, 8697, 6800, 9942, 11118, 8582, 6355, 15275, 4581, 12724, 11921, 1833, 523, 7619, 15729, 176, 8576, 3101, 1573, 1283, 11796, 11277, 2547, 1738, 6806, 15187, 7129, 5179, 5854, 16373, 9231, 6270, 777, 2062, 13249, 4144, 6325, 3924, 5350, 14414, 3142, 2249, 6444, 13582, 2833, 18030, 6483, 18404, 15057, 7482, 15001, 15872, 14584, 10835, 954, 7257, 1381, 17819, 17518, 6497, 14430, 4901, 16466, 10805, 132, 7506, 755, 14427, 12119, 16613, 19042, 14994, 11257, 8042, 2144, 5966, 1580, 8010, 2550, 10684, 14088, 5037, 8764, 17076, 14185, 15984, 5299, 16601, 19182, 13197, 14561, 12605, 17010, 2703, 6715, 11207, 10188, 212, 2293, 17676, 1720, 5934, 112, 8568, 15870, 3226, 4524, 4431, 5141, 5383, 7609, 12807, 19001, 14368, 6704, 14903, 4172, 117, 18698, 1699, 16558, 7518, 10618, 2110, 10308, 7828, 6623, 17644, 4449, 951, 13858, 15106, 8402, 916, 4771, 8608, 6448, 6656, 13547, 2814, 8336, 8093, 6398, 637, 9909, 10621, 786, 14146, 17292, 9457, 3, 2884, 14785, 10504, 16361, 8181, 17690, 654, 11067, 18741, 386, 18208, 10130, 8079, 7082, 14740, 8076, 18619, 14428, 10992, 12679, 9431, 18328, 13606, 7641, 13542, 1002, 11975, 15646, 19078, 1352, 8683, 16053, 11763, 14823, 7059, 4995, 3754, 6213, 10090, 19084, 1973, 8131, 5353, 836, 13960, 3217, 4885, 9645, 16941, 14750, 13171, 9132, 1355, 4440, 15747, 8233, 6008, 12781, 16749, 13905, 18198, 5033, 2910, 16502, 1233, 965, 16926, 3944, 13518, 18213, 12739, 9972, 14609, 5764, 6128, 9532, 12680, 3672, 5458, 6822, 11547, 3163, 8040, 14081, 8369, 18182, 17541, 11552, 12451, 15074, 1783, 17730, 1690, 16992, 2490, 2459, 18065, 320, 18311, 45, 9495, 4572, 544, 12731, 16811, 15096, 14957, 4594, 16607, 2449, 7791, 13659, 8892, 1713, 17336, 6598, 13832, 10495, 18937, 3067, 3473, 12715, 13492, 14787, 16503, 17899, 16638, 2408, 7141, 10590, 2917, 14650, 12571, 4321, 2855, 1829, 3736, 3381, 11069, 16093, 15201, 14311, 9836, 18289, 16899, 897, 13981, 12223, 8884, 15721, 7778, 13648, 5737, 6550, 19249, 2715, 447, 12941, 8915, 18963, 16291, 760, 5869, 3635, 3439, 6740, 5003, 3174, 2945, 16056, 4860, 11216, 7363, 1147, 12124, 9764, 11245, 4361, 7784, 16285, 17057, 11203, 5114, 17655, 12056, 17890, 7741, 15799, 10258, 16088, 19222, 15303, 1433, 5991, 322, 2322, 3156, 9940, 7814, 17068, 16968, 10018, 1991, 11946, 8705, 10371, 4619, 11074, 2034, 15550, 11743, 18666, 13494, 14175, 13948, 15123, 11154, 10397, 1701, 4770, 839, 12085, 16500, 16241, 1535, 18782, 2221, 539, 18405, 4245, 103, 1571, 16945, 12196, 9441, 1732, 1367, 3596, 4794, 7230, 5245, 17483, 2955, 2003, 11509, 4044, 12934, 3456, 16693, 593, 4582, 14076, 10972, 1965, 7227, 14324, 8658, 3772, 8355, 11889, 1908, 2684, 10026, 1666, 16507, 5589, 9295, 8389, 2099, 18653, 13808, 19147, 6675, 10970, 2788, 19028, 16983, 16166, 9845, 8160, 11381, 10088, 10333, 11716, 14695, 12697, 4365, 3747, 17296, 11904, 74, 7047, 10639, 13094, 940, 10478, 2032, 6642, 14896, 10840, 5430, 5556, 12597, 2183, 18403, 4252, 14613, 18283, 8790, 12140, 13540, 13353, 14114, 13297, 4056, 14038, 11299, 13770, 11433, 14285, 1526, 1955, 15711, 255, 12481, 612, 1635, 4886, 357, 11434, 9524, 13106, 2607, 5391, 9406, 2331, 624, 2749, 17849, 9829, 11436, 18426, 9481, 18550, 15647, 532, 11720, 11824, 15610, 15741, 7902, 13558, 17967, 14539, 17889, 4631, 1238, 16921, 7787, 15293, 3108, 8215, 2851, 4514, 12938, 16730, 17178, 4890, 17960, 4725, 7917, 3191, 8231, 16341, 8195, 10913, 2173, 5557, 2637, 16896, 5806, 1815, 1451, 8864, 2290, 12108, 5328, 6203, 2431, 7508, 17898, 17188, 6897, 1199, 15526, 18437, 6631, 8644, 16917, 14964, 14233, 2454, 584, 4830, 7199, 4180, 14889, 5761, 13756, 6917, 7756, 18880, 15095, 1816, 14070, 16252, 7429, 16589, 1631, 15968, 15221, 12478, 18594, 1477, 5637, 12058, 1205, 13397, 9107, 18654, 1968, 3759, 13147, 14144, 14973, 12452, 18020, 13592, 17920, 13687, 11335, 7207, 418, 7834, 778, 12982, 10688, 9031, 509, 9601, 9780, 17040, 12023, 3916, 91, 6536, 18535, 7547, 15240, 707, 14533, 15064, 17012, 16805, 8637, 5969, 16221, 1940, 13307, 4717, 12615, 18220, 11028, 12170, 1743, 2376, 12415, 14220, 18827, 1294, 18543, 6977, 15309, 11778, 11842, 17103, 3857, 4637, 12162, 19169, 17166, 18237, 17818, 9507, 19022, 5790, 19112, 15611, 1118, 15184, 18703, 1817, 15530, 16579, 8437, 11839, 11378, 3537, 9205, 9217, 16272, 18759, 16828, 12002, 8348, 1723, 3481, 14115, 379, 8544, 264, 6015, 7672, 2253, 7364, 3706, 13796, 17139, 16125, 12059, 9623, 7185, 2418, 18230, 3087, 281, 4379, 1796, 8459, 4400, 17824, 2736, 16446, 13525, 15341, 3275, 7872, 1662, 7557, 4319, 15442, 7181, 10456, 4963, 17048, 16943, 12784, 3441, 5240, 9975, 13216, 17702, 11594, 13554, 6165, 19168, 16070, 3540, 3262, 10661, 4061, 13173, 2875, 17014, 4349, 10818, 8428, 16764, 14232, 8930, 15734, 17680, 7069, 15684, 17050, 18987, 6914, 6863, 19263, 10595, 150, 10039, 2722, 18223, 16444, 6559, 7258, 2661, 7699, 17136, 12773, 4247, 5723, 15194, 1696, 1500, 2807, 9893, 11835, 13240, 18313, 17107, 10265, 10244, 5570, 2862, 14049, 1012, 12861, 723, 9583, 17461, 10056, 1264, 8297, 3716, 14666, 15259, 13531, 543, 13723, 16810, 6700, 3516, 13766, 7186, 10692, 6321, 15484, 14547, 8744, 3703, 10383, 16829, 6366, 6846, 3906, 2021, 18133, 857, 279, 12232, 10212, 10541, 12325, 13475, 1225, 937, 6966, 10881, 16936, 18502, 1440, 11914, 3326, 5633, 14913, 4623, 10743, 12361, 17335, 1072, 5043, 14810, 15077, 3255, 17215, 6553, 17852, 4801, 6962, 3060, 9430, 8799, 13824, 188, 15175, 15163, 4733, 5011, 3536, 17635, 6532, 14071, 6112, 17158, 6597, 11272, 105, 19219, 5013, 12483, 201, 6848, 17033, 6367, 7859, 14702, 18844, 7053, 18694, 15670, 636, 10129, 6378, 5369, 7273, 16247, 9142, 15345, 16817, 14854, 2600, 15783, 889, 11833, 6612, 2068, 2427, 7062, 7918, 16181, 5464, 8339, 8950, 8453, 16423, 6064, 2380, 4268, 13929, 12974, 19141, 1299, 2484, 3883, 3273, 8772, 13256, 11239, 5766, 18098, 12705, 11004, 2695, 10048, 10960, 2766, 15661, 13258, 8015, 6032, 16397, 7749, 19039, 7634, 15076, 4234, 15114, 8475, 8091, 19220, 18004, 9704, 13918, 15569, 16443, 10015, 9943, 7817, 9349, 2588, 8249, 398, 5316, 15538, 18372, 13559, 2937, 2803, 16248, 6155, 630, 9911, 13190, 19157, 15788, 13248, 13148, 1320, 12074, 8471, 8798, 3213, 12418, 814, 2402, 12718, 12397, 10564, 9875, 10128, 6947, 9491, 17707, 3266, 19196, 14309, 18523, 19043, 17975, 18063, 11618, 15016, 14434, 7680, 1739, 18029, 11694, 1745, 9271, 5189, 9561, 11283, 14978, 10753, 16017, 12914, 978, 2828, 17257, 13135, 5061, 121, 6602, 16015, 19271, 12159, 1244, 8260, 13195, 15873, 12815, 14291, 14515, 118, 4892, 14985, 9551, 12654, 4739, 927, 12176, 9523, 11726, 18187, 5880, 2569, 3386, 13942, 3390, 15774, 129, 65, 12922, 8422, 12692, 16213, 11515, 2111, 8347, 10758, 14064, 4401, 17782, 15621, 6709, 14716, 4091, 13964, 8424, 4218, 7249, 11311, 11171, 18564, 14755, 7114, 14009, 14815, 294, 495, 7684, 6833, 4046, 3505, 16995, 17858, 7761, 15803, 9840, 13958, 8226, 10369, 12497, 17142, 1748, 2854, 7159, 11539, 11055, 13337, 17173, 14214, 6803, 11144, 12649, 283, 15489, 13174, 7015, 610, 7030, 18206, 14077, 15468, 14962, 8046, 7809, 17387, 16034, 16678, 1173, 3502, 12942, 15655, 16859, 7099, 1673, 446, 1365, 5881, 3713, 11697, 1897, 16001, 1702, 14149, 11876, 9341, 4325, 6923, 2001, 138, 3276, 18716, 17604, 10501, 115, 12800, 6111, 11148, 4549, 16057, 4707, 6843, 16091, 4295, 7519, 13708, 12409, 11018, 5052, 13566, 14715, 12755, 793, 10837, 1888, 12375, 3935, 5763, 11791, 11258, 13264, 11469, 4683, 8905, 1853, 11600, 4421, 2798, 5074, 18141, 13807, 8595, 8126, 13837, 8060, 6956, 11767, 14560, 9389, 15261, 1232, 12560, 7262, 11504, 3546, 4627, 1177, 517, 4008, 9219, 17696, 4148, 14124, 13243, 11235, 7561, 8331, 16320, 3591, 11341, 4015, 12028, 14929, 18601, 3528, 14065, 1510, 19191, 13833, 17616, 10869, 17689, 831, 16725, 6319, 15465, 10467, 8162, 13563, 7728, 10778, 13545, 12290, 16480, 14401, 12838, 4212, 17529, 4832, 15111, 12690, 10373, 7596, 18614, 17477, 1043, 13100, 4774, 17479, 3774, 9302, 3901, 13071, 6412, 9516, 1261, 3054, 13522, 17602, 14343, 18500, 10957, 2791, 9624, 3634, 17904, 5709, 14670, 11058, 7087, 7435, 13848, 82, 5565, 2562, 14029, 3583, 1676, 12709, 18473, 3158, 12787, 8068, 8263, 16146, 3593, 1802, 1861, 3348, 4487, 17749, 6105, 10471, 17472, 10200, 1182, 14180, 1076, 10156, 4839, 9903, 4879, 9720, 2157, 15344, 16067, 3064, 17182, 5368, 4987, 18484, 18923, 11896, 1052, 15727, 15289, 5885, 1933, 5251, 17072, 6038, 6195, 13524, 6606, 18506, 17536, 6784, 3231, 14121, 8925, 10030, 803, 13764, 146, 19268, 14099, 4130, 16372, 1537, 12248, 13718, 17187, 11728, 1740, 19233, 5600, 4092, 4779, 6028, 3395, 16152, 19150, 2417, 11980, 11237, 8427, 18127, 3538, 9257, 607, 2078, 18457, 5802, 3435, 15019, 4256, 9221, 13465, 11742, 5788, 9528, 17493, 4607, 3131, 6616, 5356, 1550, 4617, 8827, 849, 2601, 4437, 17861, 10261, 15704, 3890, 8149, 12063, 3086, 15925, 12301, 6847, 5603, 7768, 3187, 13372, 9258, 6584, 7594, 2603, 1835, 17380, 17193, 15251, 15937, 18731, 4082, 14911, 16626, 8824, 16208, 10167, 17711, 9678, 15852, 13620, 16479, 14586, 2446, 4866, 1315, 7746, 10615, 7927, 2443, 7157, 13506, 18410, 10494]",4134,1500,3,False,1500
3945,transport query,transport tax,64,True,False,True,"{21: 26, 33: 14, 2: 18, 29: 13, 25: 57, 43: 9, 57: 16, 49: 16, 61: 14, 67: 52, 65: 21, 50: 28, 15: 53, 6: 13, 46: 15, 27: 69, 7: 65, 48: 67, 19: 21, 31: 14, 63: 26, 22: 39, 9: 79, 26: 40, 47: 15, 53: 66, 11: 19, 51: 26, 54: 9, 13: 32, 17: 37, 52: 30, 39: 27, 38: 19, 1: 6, 59: 33, 56: 23, 32: 9, 8: 25, 4: 12, 20: 26, 24: 7, 18: 31, 42: 7, 28: 31, 45: 57, 0: 13, 66: 11, 62: 11, 35: 7, 64: 15, 37: 2, 40: 25, 3: 3, 14: 5, 12: 8, 16: 15, 55: 16, 30: 13, 58: 6, 36: 4, 60: 5, 5: 3, 41: 2, 44: 2, 34: 2}","[12686, 3384, 6034, 14374, 14516, 14680, 18580, 5912, 661, 4433, 14182, 14634, 14672, 13694, 17233, 12320, 12666, 7276, 14925, 15315, 1125, 14820, 3769, 14096, 12401, 14972, 14176, 4685, 4278, 5735, 7514, 16051, 15882, 4696, 17145, 19193, 12994, 9901, 13641, 15193, 6739, 9240, 1608, 14664, 18117, 5676, 15714, 5964, 5329, 16651, 15936, 14441, 15878, 18316, 14255, 18692, 5858, 4640, 10716, 13839, 16635, 2097, 11464, 12427, 2320, 14629, 7617, 16183, 16205, 2170, 4384, 6683, 5285, 18707, 6780, 4231, 2404, 4895, 18091, 2944, 13054, 3904, 3491, 9455, 15985, 10432, 8657, 15304, 9114, 5838, 5197, 17244, 6207, 3970, 17246, 3950, 6168, 8697, 6800, 9942, 11118, 8582, 6355, 15275, 4581, 12724, 11921, 1833, 523, 7619, 15729, 176, 8576, 3101, 1573, 1283, 11796, 11277, 2547, 1738, 6806, 15187, 7129, 5179, 5854, 16373, 9231, 6270, 777, 2062, 13249, 4144, 6325, 3924, 5350, 14414, 3142, 2249, 6444, 13582, 2833, 18030, 6483, 18404, 15057, 7482, 15001, 15872, 14584, 10835, 954, 7257, 1381, 17819, 17518, 6497, 14430, 4901, 16466, 10805, 132, 7506, 755, 14427, 12119, 16613, 19042, 14994, 11257, 8042, 2144, 5966, 1580, 8010, 2550, 10684, 14088, 5037, 8764, 17076, 14185, 15984, 5299, 16601, 19182, 13197, 14561, 12605, 17010, 2703, 6715, 11207, 10188, 212, 2293, 17676, 1720, 5934, 112, 8568, 15870, 3226, 4524, 4431, 5141, 5383, 7609, 12807, 19001, 14368, 6704, 14903, 4172, 117, 18698, 1699, 16558, 7518, 10618, 2110, 10308, 7828, 6623, 17644, 4449, 951, 13858, 15106, 8402, 916, 4771, 8608, 6448, 6656, 13547, 2814, 8336, 8093, 6398, 637, 9909, 10621, 786, 14146, 17292, 9457, 3, 2884, 14785, 10504, 16361, 8181, 17690, 654, 11067, 18741, 386, 18208, 10130, 8079, 7082, 14740, 8076, 18619, 14428, 10992, 12679, 9431, 18328, 13606, 7641, 13542, 1002, 11975, 15646, 19078, 1352, 8683, 16053, 11763, 14823, 7059, 4995, 3754, 6213, 10090, 19084, 1973, 8131, 5353, 836, 13960, 3217, 4885, 9645, 16941, 14750, 13171, 9132, 1355, 4440, 15747, 8233, 6008, 12781, 16749, 13905, 18198, 5033, 2910, 16502, 1233, 965, 16926, 3944, 13518, 18213, 12739, 9972, 14609, 5764, 6128, 9532, 12680, 3672, 5458, 6822, 11547, 3163, 8040, 14081, 8369, 18182, 17541, 11552, 12451, 15074, 1783, 17730, 1690, 16992, 2490, 2459, 18065, 320, 18311, 45, 9495, 4572, 544, 12731, 16811, 15096, 14957, 4594, 16607, 2449, 7791, 13659, 8892, 1713, 17336, 6598, 13832, 10495, 18937, 3067, 3473, 12715, 13492, 14787, 16503, 17899, 16638, 2408, 7141, 10590, 2917, 14650, 12571, 4321, 2855, 1829, 3736, 3381, 11069, 16093, 15201, 14311, 9836, 18289, 16899, 897, 13981, 12223, 8884, 15721, 7778, 13648, 5737, 6550, 19249, 2715, 447, 12941, 8915, 18963, 16291, 760, 5869, 3635, 3439, 6740, 5003, 3174, 2945, 16056, 4860, 11216, 7363, 1147, 12124, 9764, 11245, 4361, 7784, 16285, 17057, 11203, 5114, 17655, 12056, 17890, 7741, 15799, 10258, 16088, 19222, 15303, 1433, 5991, 322, 2322, 3156, 9940, 7814, 17068, 16968, 10018, 1991, 11946, 8705, 10371, 4619, 11074, 2034, 15550, 11743, 18666, 13494, 14175, 13948, 15123, 11154, 10397, 1701, 4770, 839, 12085, 16500, 16241, 1535, 18782, 2221, 539, 18405, 4245, 103, 1571, 16945, 12196, 9441, 1732, 1367, 3596, 4794, 7230, 5245, 17483, 2955, 2003, 11509, 4044, 12934, 3456, 16693, 593, 4582, 14076, 10972, 1965, 7227, 14324, 8658, 3772, 8355, 11889, 1908, 2684, 10026, 1666, 16507, 5589, 9295, 8389, 2099, 18653, 13808, 19147, 6675, 10970, 2788, 19028, 16983, 16166, 9845, 8160, 11381, 10088, 10333, 11716, 14695, 12697, 4365, 3747, 17296, 11904, 74, 7047, 10639, 13094, 940, 10478, 2032, 6642, 14896, 10840, 5430, 5556, 12597, 2183, 18403, 4252, 14613, 18283, 8790, 12140, 13540, 13353, 14114, 13297, 4056, 14038, 11299, 13770, 11433, 14285, 1526, 1955, 15711, 255, 12481, 612, 1635, 4886, 357, 11434, 9524, 13106, 2607, 5391, 9406, 2331, 624, 2749, 17849, 9829, 11436, 18426, 9481, 18550, 15647, 532, 11720, 11824, 15610, 15741, 7902, 13558, 17967, 14539, 17889, 4631, 1238, 16921, 7787, 15293, 3108, 8215, 2851, 4514, 12938, 16730, 17178, 4890, 17960, 4725, 7917, 3191, 8231, 16341, 8195, 10913, 2173, 5557, 2637, 16896, 5806, 1815, 1451, 8864, 2290, 12108, 5328, 6203, 2431, 7508, 17898, 17188, 6897, 1199, 15526, 18437, 6631, 8644, 16917, 14964, 14233, 2454, 584, 4830, 7199, 4180, 14889, 5761, 13756, 6917, 7756, 18880, 15095, 1816, 14070, 16252, 7429, 16589, 1631, 15968, 15221, 12478, 18594, 1477, 5637, 12058, 1205, 13397, 9107, 18654, 1968, 3759, 13147, 14144, 14973, 12452, 18020, 13592, 17920, 13687, 11335, 7207, 418, 7834, 778, 12982, 10688, 9031, 509, 9601, 9780, 17040, 12023, 3916, 91, 6536, 18535, 7547, 15240, 707, 14533, 15064, 17012, 16805, 8637, 5969, 16221, 1940, 13307, 4717, 12615, 18220, 11028, 12170, 1743, 2376, 12415, 14220, 18827, 1294, 18543, 6977, 15309, 11778, 11842, 17103, 3857, 4637, 12162, 19169, 17166, 18237, 17818, 9507, 19022, 5790, 19112, 15611, 1118, 15184, 18703, 1817, 15530, 16579, 8437, 11839, 11378, 3537, 9205, 9217, 16272, 18759, 16828, 12002, 8348, 1723, 3481, 14115, 379, 8544, 264, 6015, 7672, 2253, 7364, 3706, 13796, 17139, 16125, 12059, 9623, 7185, 2418, 18230, 3087, 281, 4379, 1796, 8459, 4400, 17824, 2736, 16446, 13525, 15341, 3275, 7872, 1662, 7557, 4319, 15442, 7181, 10456, 4963, 17048, 16943, 12784, 3441, 5240, 9975, 13216, 17702, 11594, 13554, 6165, 19168, 16070, 3540, 3262, 10661, 4061, 13173, 2875, 17014, 4349, 10818, 8428, 16764, 14232, 8930, 15734, 17680, 7069, 15684, 17050, 18987, 6914, 6863, 19263, 10595, 150, 10039, 2722, 18223, 16444, 6559, 7258, 2661, 7699, 17136, 12773, 4247, 5723, 15194, 1696, 1500, 2807, 9893, 11835, 13240, 18313, 17107, 10265, 10244, 5570, 2862, 14049, 1012, 12861, 723, 9583, 17461, 10056, 1264, 8297, 3716, 14666, 15259, 13531, 543, 13723, 16810, 6700, 3516, 13766, 7186, 10692, 6321, 15484, 14547, 8744, 3703, 10383, 16829, 6366, 6846, 3906, 2021, 18133, 857, 279, 12232, 10212, 10541, 12325, 13475, 1225, 937, 6966, 10881, 16936, 18502, 1440, 11914, 3326, 5633, 14913, 4623, 10743, 12361, 17335, 1072, 5043, 14810, 15077, 3255, 17215, 6553, 17852, 4801, 6962, 3060, 9430, 8799, 13824, 188, 15175, 15163, 4733, 5011, 3536, 17635, 6532, 14071, 6112, 17158, 6597, 11272, 105, 19219, 5013, 12483, 201, 6848, 17033, 6367, 7859, 14702, 18844, 7053, 18694, 15670, 636, 10129, 6378, 5369, 7273, 16247, 9142, 15345, 16817, 14854, 2600, 15783, 889, 11833, 6612, 2068, 2427, 7062, 7918, 16181, 5464, 8339, 8950, 8453, 16423, 6064, 2380, 4268, 13929, 12974, 19141, 1299, 2484, 3883, 3273, 8772, 13256, 11239, 5766, 18098, 12705, 11004, 2695, 10048, 10960, 2766, 15661, 13258, 8015, 6032, 16397, 7749, 19039, 7634, 15076, 4234, 15114, 8475, 8091, 19220, 18004, 9704, 13918, 15569, 16443, 10015, 9943, 7817, 9349, 2588, 8249, 398, 5316, 15538, 18372, 13559, 2937, 2803, 16248, 6155, 630, 9911, 13190, 19157, 15788, 13248, 13148, 1320, 12074, 8471, 8798, 3213, 12418, 814, 2402, 12718, 12397, 10564, 9875, 10128, 6947, 9491, 17707, 3266, 19196, 14309, 18523, 19043, 17975, 18063, 11618, 15016, 14434, 7680, 1739, 18029, 11694, 1745, 9271, 5189, 9561, 11283, 14978, 10753, 16017, 12914, 978, 2828, 17257, 13135, 5061, 121, 6602, 16015, 19271, 12159, 1244, 8260, 13195, 15873, 12815, 14291, 14515, 118, 4892, 14985, 9551, 12654, 4739, 927, 12176, 9523, 11726, 18187, 5880, 2569, 3386, 13942, 3390, 15774, 129, 65, 12922, 8422, 12692, 16213, 11515, 2111, 8347, 10758, 14064, 4401, 17782, 15621, 6709, 14716, 4091, 13964, 8424, 4218, 7249, 11311, 11171, 18564, 14755, 7114, 14009, 14815, 294, 495, 7684, 6833, 4046, 3505, 16995, 17858, 7761, 15803, 9840, 13958, 8226, 10369, 12497, 17142, 1748, 2854, 7159, 11539, 11055, 13337, 17173, 14214, 6803, 11144, 12649, 283, 15489, 13174, 7015, 610, 7030, 18206, 14077, 15468, 14962, 8046, 7809, 17387, 16034, 16678, 1173, 3502, 12942, 15655, 16859, 7099, 1673, 446, 1365, 5881, 3713, 11697, 1897, 16001, 1702, 14149, 11876, 9341, 4325, 6923, 2001, 138, 3276, 18716, 17604, 10501, 115, 12800, 6111, 11148, 4549, 16057, 4707, 6843, 16091, 4295, 7519, 13708, 12409, 11018, 5052, 13566, 14715, 12755, 793, 10837, 1888, 12375, 3935, 5763, 11791, 11258, 13264, 11469, 4683, 8905, 1853, 11600, 4421, 2798, 5074, 18141, 13807, 8595, 8126, 13837, 8060, 6956, 11767, 14560, 9389, 15261, 1232, 12560, 7262, 11504, 3546, 4627, 1177, 517, 4008, 9219, 17696, 4148, 14124, 13243, 11235, 7561, 8331, 16320, 3591, 11341, 4015, 12028, 14929, 18601, 3528, 14065, 1510, 19191, 13833, 17616, 10869, 17689, 831, 16725, 6319, 15465, 10467, 8162, 13563, 7728, 10778, 13545, 12290, 16480, 14401, 12838, 4212, 17529, 4832, 15111, 12690, 10373, 7596, 18614, 17477, 1043, 13100, 4774, 17479, 3774, 9302, 3901, 13071, 6412, 9516, 1261, 3054, 13522, 17602, 14343, 18500, 10957, 2791, 9624, 3634, 17904, 5709, 14670, 11058, 7087, 7435, 13848, 82, 5565, 2562, 14029, 3583, 1676, 12709, 18473, 3158, 12787, 8068, 8263, 16146, 3593, 1802, 1861, 3348, 4487, 17749, 6105, 10471, 17472, 10200, 1182, 14180, 1076, 10156, 4839, 9903, 4879, 9720, 2157, 15344, 16067, 3064, 17182, 5368, 4987, 18484, 18923, 11896, 1052, 15727, 15289, 5885, 1933, 5251, 17072, 6038, 6195, 13524, 6606, 18506, 17536, 6784, 3231, 14121, 8925, 10030, 803, 13764, 146, 19268, 14099, 4130, 16372, 1537, 12248, 13718, 17187, 11728, 1740, 19233, 5600, 4092, 4779, 6028, 3395, 16152, 19150, 2417, 11980, 11237, 8427, 18127, 3538, 9257, 607, 2078, 18457, 5802, 3435, 15019, 4256, 9221, 13465, 11742, 5788, 9528, 17493, 4607, 3131, 6616, 5356, 1550, 4617, 8827, 849, 2601, 4437, 17861, 10261, 15704, 3890, 8149, 12063, 3086, 15925, 12301, 6847, 5603, 7768, 3187, 13372, 9258, 6584, 7594, 2603, 1835, 17380, 17193, 15251, 15937, 18731, 4082, 14911, 16626, 8824, 16208, 10167, 17711, 9678, 15852, 13620, 16479, 14586, 2446, 4866, 1315, 7746, 10615, 7927, 2443, 7157, 13506, 18410, 10494]",3945,1500,3,False,1500
575,iot cleaning,iot clean,29,True,True,False,"{21: 26, 33: 14, 2: 18, 29: 13, 25: 57, 43: 9, 57: 16, 49: 16, 61: 14, 67: 52, 65: 21, 50: 28, 15: 53, 6: 13, 46: 15, 27: 69, 7: 65, 48: 67, 19: 21, 31: 14, 63: 26, 22: 39, 9: 79, 26: 40, 47: 15, 53: 66, 11: 19, 51: 26, 54: 9, 13: 32, 17: 37, 52: 30, 39: 27, 38: 19, 1: 6, 59: 33, 56: 23, 32: 9, 8: 25, 4: 12, 20: 26, 24: 7, 18: 31, 42: 7, 28: 31, 45: 57, 0: 13, 66: 11, 62: 11, 35: 7, 64: 15, 37: 2, 40: 25, 3: 3, 14: 5, 12: 8, 16: 15, 55: 16, 30: 13, 58: 6, 36: 4, 60: 5, 5: 3, 41: 2, 44: 2, 34: 2}","[12686, 3384, 6034, 14374, 14516, 14680, 18580, 5912, 661, 4433, 14182, 14634, 14672, 13694, 17233, 12320, 12666, 7276, 14925, 15315, 1125, 14820, 3769, 14096, 12401, 14972, 14176, 4685, 4278, 5735, 7514, 16051, 15882, 4696, 17145, 19193, 12994, 9901, 13641, 15193, 6739, 9240, 1608, 14664, 18117, 5676, 15714, 5964, 5329, 16651, 15936, 14441, 15878, 18316, 14255, 18692, 5858, 4640, 10716, 13839, 16635, 2097, 11464, 12427, 2320, 14629, 7617, 16183, 16205, 2170, 4384, 6683, 5285, 18707, 6780, 4231, 2404, 4895, 18091, 2944, 13054, 3904, 3491, 9455, 15985, 10432, 8657, 15304, 9114, 5838, 5197, 17244, 6207, 3970, 17246, 3950, 6168, 8697, 6800, 9942, 11118, 8582, 6355, 15275, 4581, 12724, 11921, 1833, 523, 7619, 15729, 176, 8576, 3101, 1573, 1283, 11796, 11277, 2547, 1738, 6806, 15187, 7129, 5179, 5854, 16373, 9231, 6270, 777, 2062, 13249, 4144, 6325, 3924, 5350, 14414, 3142, 2249, 6444, 13582, 2833, 18030, 6483, 18404, 15057, 7482, 15001, 15872, 14584, 10835, 954, 7257, 1381, 17819, 17518, 6497, 14430, 4901, 16466, 10805, 132, 7506, 755, 14427, 12119, 16613, 19042, 14994, 11257, 8042, 2144, 5966, 1580, 8010, 2550, 10684, 14088, 5037, 8764, 17076, 14185, 15984, 5299, 16601, 19182, 13197, 14561, 12605, 17010, 2703, 6715, 11207, 10188, 212, 2293, 17676, 1720, 5934, 112, 8568, 15870, 3226, 4524, 4431, 5141, 5383, 7609, 12807, 19001, 14368, 6704, 14903, 4172, 117, 18698, 1699, 16558, 7518, 10618, 2110, 10308, 7828, 6623, 17644, 4449, 951, 13858, 15106, 8402, 916, 4771, 8608, 6448, 6656, 13547, 2814, 8336, 8093, 6398, 637, 9909, 10621, 786, 14146, 17292, 9457, 3, 2884, 14785, 10504, 16361, 8181, 17690, 654, 11067, 18741, 386, 18208, 10130, 8079, 7082, 14740, 8076, 18619, 14428, 10992, 12679, 9431, 18328, 13606, 7641, 13542, 1002, 11975, 15646, 19078, 1352, 8683, 16053, 11763, 14823, 7059, 4995, 3754, 6213, 10090, 19084, 1973, 8131, 5353, 836, 13960, 3217, 4885, 9645, 16941, 14750, 13171, 9132, 1355, 4440, 15747, 8233, 6008, 12781, 16749, 13905, 18198, 5033, 2910, 16502, 1233, 965, 16926, 3944, 13518, 18213, 12739, 9972, 14609, 5764, 6128, 9532, 12680, 3672, 5458, 6822, 11547, 3163, 8040, 14081, 8369, 18182, 17541, 11552, 12451, 15074, 1783, 17730, 1690, 16992, 2490, 2459, 18065, 320, 18311, 45, 9495, 4572, 544, 12731, 16811, 15096, 14957, 4594, 16607, 2449, 7791, 13659, 8892, 1713, 17336, 6598, 13832, 10495, 18937, 3067, 3473, 12715, 13492, 14787, 16503, 17899, 16638, 2408, 7141, 10590, 2917, 14650, 12571, 4321, 2855, 1829, 3736, 3381, 11069, 16093, 15201, 14311, 9836, 18289, 16899, 897, 13981, 12223, 8884, 15721, 7778, 13648, 5737, 6550, 19249, 2715, 447, 12941, 8915, 18963, 16291, 760, 5869, 3635, 3439, 6740, 5003, 3174, 2945, 16056, 4860, 11216, 7363, 1147, 12124, 9764, 11245, 4361, 7784, 16285, 17057, 11203, 5114, 17655, 12056, 17890, 7741, 15799, 10258, 16088, 19222, 15303, 1433, 5991, 322, 2322, 3156, 9940, 7814, 17068, 16968, 10018, 1991, 11946, 8705, 10371, 4619, 11074, 2034, 15550, 11743, 18666, 13494, 14175, 13948, 15123, 11154, 10397, 1701, 4770, 839, 12085, 16500, 16241, 1535, 18782, 2221, 539, 18405, 4245, 103, 1571, 16945, 12196, 9441, 1732, 1367, 3596, 4794, 7230, 5245, 17483, 2955, 2003, 11509, 4044, 12934, 3456, 16693, 593, 4582, 14076, 10972, 1965, 7227, 14324, 8658, 3772, 8355, 11889, 1908, 2684, 10026, 1666, 16507, 5589, 9295, 8389, 2099, 18653, 13808, 19147, 6675, 10970, 2788, 19028, 16983, 16166, 9845, 8160, 11381, 10088, 10333, 11716, 14695, 12697, 4365, 3747, 17296, 11904, 74, 7047, 10639, 13094, 940, 10478, 2032, 6642, 14896, 10840, 5430, 5556, 12597, 2183, 18403, 4252, 14613, 18283, 8790, 12140, 13540, 13353, 14114, 13297, 4056, 14038, 11299, 13770, 11433, 14285, 1526, 1955, 15711, 255, 12481, 612, 1635, 4886, 357, 11434, 9524, 13106, 2607, 5391, 9406, 2331, 624, 2749, 17849, 9829, 11436, 18426, 9481, 18550, 15647, 532, 11720, 11824, 15610, 15741, 7902, 13558, 17967, 14539, 17889, 4631, 1238, 16921, 7787, 15293, 3108, 8215, 2851, 4514, 12938, 16730, 17178, 4890, 17960, 4725, 7917, 3191, 8231, 16341, 8195, 10913, 2173, 5557, 2637, 16896, 5806, 1815, 1451, 8864, 2290, 12108, 5328, 6203, 2431, 7508, 17898, 17188, 6897, 1199, 15526, 18437, 6631, 8644, 16917, 14964, 14233, 2454, 584, 4830, 7199, 4180, 14889, 5761, 13756, 6917, 7756, 18880, 15095, 1816, 14070, 16252, 7429, 16589, 1631, 15968, 15221, 12478, 18594, 1477, 5637, 12058, 1205, 13397, 9107, 18654, 1968, 3759, 13147, 14144, 14973, 12452, 18020, 13592, 17920, 13687, 11335, 7207, 418, 7834, 778, 12982, 10688, 9031, 509, 9601, 9780, 17040, 12023, 3916, 91, 6536, 18535, 7547, 15240, 707, 14533, 15064, 17012, 16805, 8637, 5969, 16221, 1940, 13307, 4717, 12615, 18220, 11028, 12170, 1743, 2376, 12415, 14220, 18827, 1294, 18543, 6977, 15309, 11778, 11842, 17103, 3857, 4637, 12162, 19169, 17166, 18237, 17818, 9507, 19022, 5790, 19112, 15611, 1118, 15184, 18703, 1817, 15530, 16579, 8437, 11839, 11378, 3537, 9205, 9217, 16272, 18759, 16828, 12002, 8348, 1723, 3481, 14115, 379, 8544, 264, 6015, 7672, 2253, 7364, 3706, 13796, 17139, 16125, 12059, 9623, 7185, 2418, 18230, 3087, 281, 4379, 1796, 8459, 4400, 17824, 2736, 16446, 13525, 15341, 3275, 7872, 1662, 7557, 4319, 15442, 7181, 10456, 4963, 17048, 16943, 12784, 3441, 5240, 9975, 13216, 17702, 11594, 13554, 6165, 19168, 16070, 3540, 3262, 10661, 4061, 13173, 2875, 17014, 4349, 10818, 8428, 16764, 14232, 8930, 15734, 17680, 7069, 15684, 17050, 18987, 6914, 6863, 19263, 10595, 150, 10039, 2722, 18223, 16444, 6559, 7258, 2661, 7699, 17136, 12773, 4247, 5723, 15194, 1696, 1500, 2807, 9893, 11835, 13240, 18313, 17107, 10265, 10244, 5570, 2862, 14049, 1012, 12861, 723, 9583, 17461, 10056, 1264, 8297, 3716, 14666, 15259, 13531, 543, 13723, 16810, 6700, 3516, 13766, 7186, 10692, 6321, 15484, 14547, 8744, 3703, 10383, 16829, 6366, 6846, 3906, 2021, 18133, 857, 279, 12232, 10212, 10541, 12325, 13475, 1225, 937, 6966, 10881, 16936, 18502, 1440, 11914, 3326, 5633, 14913, 4623, 10743, 12361, 17335, 1072, 5043, 14810, 15077, 3255, 17215, 6553, 17852, 4801, 6962, 3060, 9430, 8799, 13824, 188, 15175, 15163, 4733, 5011, 3536, 17635, 6532, 14071, 6112, 17158, 6597, 11272, 105, 19219, 5013, 12483, 201, 6848, 17033, 6367, 7859, 14702, 18844, 7053, 18694, 15670, 636, 10129, 6378, 5369, 7273, 16247, 9142, 15345, 16817, 14854, 2600, 15783, 889, 11833, 6612, 2068, 2427, 7062, 7918, 16181, 5464, 8339, 8950, 8453, 16423, 6064, 2380, 4268, 13929, 12974, 19141, 1299, 2484, 3883, 3273, 8772, 13256, 11239, 5766, 18098, 12705, 11004, 2695, 10048, 10960, 2766, 15661, 13258, 8015, 6032, 16397, 7749, 19039, 7634, 15076, 4234, 15114, 8475, 8091, 19220, 18004, 9704, 13918, 15569, 16443, 10015, 9943, 7817, 9349, 2588, 8249, 398, 5316, 15538, 18372, 13559, 2937, 2803, 16248, 6155, 630, 9911, 13190, 19157, 15788, 13248, 13148, 1320, 12074, 8471, 8798, 3213, 12418, 814, 2402, 12718, 12397, 10564, 9875, 10128, 6947, 9491, 17707, 3266, 19196, 14309, 18523, 19043, 17975, 18063, 11618, 15016, 14434, 7680, 1739, 18029, 11694, 1745, 9271, 5189, 9561, 11283, 14978, 10753, 16017, 12914, 978, 2828, 17257, 13135, 5061, 121, 6602, 16015, 19271, 12159, 1244, 8260, 13195, 15873, 12815, 14291, 14515, 118, 4892, 14985, 9551, 12654, 4739, 927, 12176, 9523, 11726, 18187, 5880, 2569, 3386, 13942, 3390, 15774, 129, 65, 12922, 8422, 12692, 16213, 11515, 2111, 8347, 10758, 14064, 4401, 17782, 15621, 6709, 14716, 4091, 13964, 8424, 4218, 7249, 11311, 11171, 18564, 14755, 7114, 14009, 14815, 294, 495, 7684, 6833, 4046, 3505, 16995, 17858, 7761, 15803, 9840, 13958, 8226, 10369, 12497, 17142, 1748, 2854, 7159, 11539, 11055, 13337, 17173, 14214, 6803, 11144, 12649, 283, 15489, 13174, 7015, 610, 7030, 18206, 14077, 15468, 14962, 8046, 7809, 17387, 16034, 16678, 1173, 3502, 12942, 15655, 16859, 7099, 1673, 446, 1365, 5881, 3713, 11697, 1897, 16001, 1702, 14149, 11876, 9341, 4325, 6923, 2001, 138, 3276, 18716, 17604, 10501, 115, 12800, 6111, 11148, 4549, 16057, 4707, 6843, 16091, 4295, 7519, 13708, 12409, 11018, 5052, 13566, 14715, 12755, 793, 10837, 1888, 12375, 3935, 5763, 11791, 11258, 13264, 11469, 4683, 8905, 1853, 11600, 4421, 2798, 5074, 18141, 13807, 8595, 8126, 13837, 8060, 6956, 11767, 14560, 9389, 15261, 1232, 12560, 7262, 11504, 3546, 4627, 1177, 517, 4008, 9219, 17696, 4148, 14124, 13243, 11235, 7561, 8331, 16320, 3591, 11341, 4015, 12028, 14929, 18601, 3528, 14065, 1510, 19191, 13833, 17616, 10869, 17689, 831, 16725, 6319, 15465, 10467, 8162, 13563, 7728, 10778, 13545, 12290, 16480, 14401, 12838, 4212, 17529, 4832, 15111, 12690, 10373, 7596, 18614, 17477, 1043, 13100, 4774, 17479, 3774, 9302, 3901, 13071, 6412, 9516, 1261, 3054, 13522, 17602, 14343, 18500, 10957, 2791, 9624, 3634, 17904, 5709, 14670, 11058, 7087, 7435, 13848, 82, 5565, 2562, 14029, 3583, 1676, 12709, 18473, 3158, 12787, 8068, 8263, 16146, 3593, 1802, 1861, 3348, 4487, 17749, 6105, 10471, 17472, 10200, 1182, 14180, 1076, 10156, 4839, 9903, 4879, 9720, 2157, 15344, 16067, 3064, 17182, 5368, 4987, 18484, 18923, 11896, 1052, 15727, 15289, 5885, 1933, 5251, 17072, 6038, 6195, 13524, 6606, 18506, 17536, 6784, 3231, 14121, 8925, 10030, 803, 13764, 146, 19268, 14099, 4130, 16372, 1537, 12248, 13718, 17187, 11728, 1740, 19233, 5600, 4092, 4779, 6028, 3395, 16152, 19150, 2417, 11980, 11237, 8427, 18127, 3538, 9257, 607, 2078, 18457, 5802, 3435, 15019, 4256, 9221, 13465, 11742, 5788, 9528, 17493, 4607, 3131, 6616, 5356, 1550, 4617, 8827, 849, 2601, 4437, 17861, 10261, 15704, 3890, 8149, 12063, 3086, 15925, 12301, 6847, 5603, 7768, 3187, 13372, 9258, 6584, 7594, 2603, 1835, 17380, 17193, 15251, 15937, 18731, 4082, 14911, 16626, 8824, 16208, 10167, 17711, 9678, 15852, 13620, 16479, 14586, 2446, 4866, 1315, 7746, 10615, 7927, 2443, 7157, 13506, 18410, 10494]",575,1500,3,False,1500
3165,takeaway order,takeaway order,61,True,True,True,"{21: 26, 33: 14, 2: 18, 29: 13, 25: 57, 43: 9, 57: 16, 49: 16, 61: 14, 67: 52, 65: 21, 50: 28, 15: 53, 6: 13, 46: 15, 27: 69, 7: 65, 48: 67, 19: 21, 31: 14, 63: 26, 22: 39, 9: 79, 26: 40, 47: 15, 53: 66, 11: 19, 51: 26, 54: 9, 13: 32, 17: 37, 52: 30, 39: 27, 38: 19, 1: 6, 59: 33, 56: 23, 32: 9, 8: 25, 4: 12, 20: 26, 24: 7, 18: 31, 42: 7, 28: 31, 45: 57, 0: 13, 66: 11, 62: 11, 35: 7, 64: 15, 37: 2, 40: 25, 3: 3, 14: 5, 12: 8, 16: 15, 55: 16, 30: 13, 58: 6, 36: 4, 60: 5, 5: 3, 41: 2, 44: 2, 34: 2}","[12686, 3384, 6034, 14374, 14516, 14680, 18580, 5912, 661, 4433, 14182, 14634, 14672, 13694, 17233, 12320, 12666, 7276, 14925, 15315, 1125, 14820, 3769, 14096, 12401, 14972, 14176, 4685, 4278, 5735, 7514, 16051, 15882, 4696, 17145, 19193, 12994, 9901, 13641, 15193, 6739, 9240, 1608, 14664, 18117, 5676, 15714, 5964, 5329, 16651, 15936, 14441, 15878, 18316, 14255, 18692, 5858, 4640, 10716, 13839, 16635, 2097, 11464, 12427, 2320, 14629, 7617, 16183, 16205, 2170, 4384, 6683, 5285, 18707, 6780, 4231, 2404, 4895, 18091, 2944, 13054, 3904, 3491, 9455, 15985, 10432, 8657, 15304, 9114, 5838, 5197, 17244, 6207, 3970, 17246, 3950, 6168, 8697, 6800, 9942, 11118, 8582, 6355, 15275, 4581, 12724, 11921, 1833, 523, 7619, 15729, 176, 8576, 3101, 1573, 1283, 11796, 11277, 2547, 1738, 6806, 15187, 7129, 5179, 5854, 16373, 9231, 6270, 777, 2062, 13249, 4144, 6325, 3924, 5350, 14414, 3142, 2249, 6444, 13582, 2833, 18030, 6483, 18404, 15057, 7482, 15001, 15872, 14584, 10835, 954, 7257, 1381, 17819, 17518, 6497, 14430, 4901, 16466, 10805, 132, 7506, 755, 14427, 12119, 16613, 19042, 14994, 11257, 8042, 2144, 5966, 1580, 8010, 2550, 10684, 14088, 5037, 8764, 17076, 14185, 15984, 5299, 16601, 19182, 13197, 14561, 12605, 17010, 2703, 6715, 11207, 10188, 212, 2293, 17676, 1720, 5934, 112, 8568, 15870, 3226, 4524, 4431, 5141, 5383, 7609, 12807, 19001, 14368, 6704, 14903, 4172, 117, 18698, 1699, 16558, 7518, 10618, 2110, 10308, 7828, 6623, 17644, 4449, 951, 13858, 15106, 8402, 916, 4771, 8608, 6448, 6656, 13547, 2814, 8336, 8093, 6398, 637, 9909, 10621, 786, 14146, 17292, 9457, 3, 2884, 14785, 10504, 16361, 8181, 17690, 654, 11067, 18741, 386, 18208, 10130, 8079, 7082, 14740, 8076, 18619, 14428, 10992, 12679, 9431, 18328, 13606, 7641, 13542, 1002, 11975, 15646, 19078, 1352, 8683, 16053, 11763, 14823, 7059, 4995, 3754, 6213, 10090, 19084, 1973, 8131, 5353, 836, 13960, 3217, 4885, 9645, 16941, 14750, 13171, 9132, 1355, 4440, 15747, 8233, 6008, 12781, 16749, 13905, 18198, 5033, 2910, 16502, 1233, 965, 16926, 3944, 13518, 18213, 12739, 9972, 14609, 5764, 6128, 9532, 12680, 3672, 5458, 6822, 11547, 3163, 8040, 14081, 8369, 18182, 17541, 11552, 12451, 15074, 1783, 17730, 1690, 16992, 2490, 2459, 18065, 320, 18311, 45, 9495, 4572, 544, 12731, 16811, 15096, 14957, 4594, 16607, 2449, 7791, 13659, 8892, 1713, 17336, 6598, 13832, 10495, 18937, 3067, 3473, 12715, 13492, 14787, 16503, 17899, 16638, 2408, 7141, 10590, 2917, 14650, 12571, 4321, 2855, 1829, 3736, 3381, 11069, 16093, 15201, 14311, 9836, 18289, 16899, 897, 13981, 12223, 8884, 15721, 7778, 13648, 5737, 6550, 19249, 2715, 447, 12941, 8915, 18963, 16291, 760, 5869, 3635, 3439, 6740, 5003, 3174, 2945, 16056, 4860, 11216, 7363, 1147, 12124, 9764, 11245, 4361, 7784, 16285, 17057, 11203, 5114, 17655, 12056, 17890, 7741, 15799, 10258, 16088, 19222, 15303, 1433, 5991, 322, 2322, 3156, 9940, 7814, 17068, 16968, 10018, 1991, 11946, 8705, 10371, 4619, 11074, 2034, 15550, 11743, 18666, 13494, 14175, 13948, 15123, 11154, 10397, 1701, 4770, 839, 12085, 16500, 16241, 1535, 18782, 2221, 539, 18405, 4245, 103, 1571, 16945, 12196, 9441, 1732, 1367, 3596, 4794, 7230, 5245, 17483, 2955, 2003, 11509, 4044, 12934, 3456, 16693, 593, 4582, 14076, 10972, 1965, 7227, 14324, 8658, 3772, 8355, 11889, 1908, 2684, 10026, 1666, 16507, 5589, 9295, 8389, 2099, 18653, 13808, 19147, 6675, 10970, 2788, 19028, 16983, 16166, 9845, 8160, 11381, 10088, 10333, 11716, 14695, 12697, 4365, 3747, 17296, 11904, 74, 7047, 10639, 13094, 940, 10478, 2032, 6642, 14896, 10840, 5430, 5556, 12597, 2183, 18403, 4252, 14613, 18283, 8790, 12140, 13540, 13353, 14114, 13297, 4056, 14038, 11299, 13770, 11433, 14285, 1526, 1955, 15711, 255, 12481, 612, 1635, 4886, 357, 11434, 9524, 13106, 2607, 5391, 9406, 2331, 624, 2749, 17849, 9829, 11436, 18426, 9481, 18550, 15647, 532, 11720, 11824, 15610, 15741, 7902, 13558, 17967, 14539, 17889, 4631, 1238, 16921, 7787, 15293, 3108, 8215, 2851, 4514, 12938, 16730, 17178, 4890, 17960, 4725, 7917, 3191, 8231, 16341, 8195, 10913, 2173, 5557, 2637, 16896, 5806, 1815, 1451, 8864, 2290, 12108, 5328, 6203, 2431, 7508, 17898, 17188, 6897, 1199, 15526, 18437, 6631, 8644, 16917, 14964, 14233, 2454, 584, 4830, 7199, 4180, 14889, 5761, 13756, 6917, 7756, 18880, 15095, 1816, 14070, 16252, 7429, 16589, 1631, 15968, 15221, 12478, 18594, 1477, 5637, 12058, 1205, 13397, 9107, 18654, 1968, 3759, 13147, 14144, 14973, 12452, 18020, 13592, 17920, 13687, 11335, 7207, 418, 7834, 778, 12982, 10688, 9031, 509, 9601, 9780, 17040, 12023, 3916, 91, 6536, 18535, 7547, 15240, 707, 14533, 15064, 17012, 16805, 8637, 5969, 16221, 1940, 13307, 4717, 12615, 18220, 11028, 12170, 1743, 2376, 12415, 14220, 18827, 1294, 18543, 6977, 15309, 11778, 11842, 17103, 3857, 4637, 12162, 19169, 17166, 18237, 17818, 9507, 19022, 5790, 19112, 15611, 1118, 15184, 18703, 1817, 15530, 16579, 8437, 11839, 11378, 3537, 9205, 9217, 16272, 18759, 16828, 12002, 8348, 1723, 3481, 14115, 379, 8544, 264, 6015, 7672, 2253, 7364, 3706, 13796, 17139, 16125, 12059, 9623, 7185, 2418, 18230, 3087, 281, 4379, 1796, 8459, 4400, 17824, 2736, 16446, 13525, 15341, 3275, 7872, 1662, 7557, 4319, 15442, 7181, 10456, 4963, 17048, 16943, 12784, 3441, 5240, 9975, 13216, 17702, 11594, 13554, 6165, 19168, 16070, 3540, 3262, 10661, 4061, 13173, 2875, 17014, 4349, 10818, 8428, 16764, 14232, 8930, 15734, 17680, 7069, 15684, 17050, 18987, 6914, 6863, 19263, 10595, 150, 10039, 2722, 18223, 16444, 6559, 7258, 2661, 7699, 17136, 12773, 4247, 5723, 15194, 1696, 1500, 2807, 9893, 11835, 13240, 18313, 17107, 10265, 10244, 5570, 2862, 14049, 1012, 12861, 723, 9583, 17461, 10056, 1264, 8297, 3716, 14666, 15259, 13531, 543, 13723, 16810, 6700, 3516, 13766, 7186, 10692, 6321, 15484, 14547, 8744, 3703, 10383, 16829, 6366, 6846, 3906, 2021, 18133, 857, 279, 12232, 10212, 10541, 12325, 13475, 1225, 937, 6966, 10881, 16936, 18502, 1440, 11914, 3326, 5633, 14913, 4623, 10743, 12361, 17335, 1072, 5043, 14810, 15077, 3255, 17215, 6553, 17852, 4801, 6962, 3060, 9430, 8799, 13824, 188, 15175, 15163, 4733, 5011, 3536, 17635, 6532, 14071, 6112, 17158, 6597, 11272, 105, 19219, 5013, 12483, 201, 6848, 17033, 6367, 7859, 14702, 18844, 7053, 18694, 15670, 636, 10129, 6378, 5369, 7273, 16247, 9142, 15345, 16817, 14854, 2600, 15783, 889, 11833, 6612, 2068, 2427, 7062, 7918, 16181, 5464, 8339, 8950, 8453, 16423, 6064, 2380, 4268, 13929, 12974, 19141, 1299, 2484, 3883, 3273, 8772, 13256, 11239, 5766, 18098, 12705, 11004, 2695, 10048, 10960, 2766, 15661, 13258, 8015, 6032, 16397, 7749, 19039, 7634, 15076, 4234, 15114, 8475, 8091, 19220, 18004, 9704, 13918, 15569, 16443, 10015, 9943, 7817, 9349, 2588, 8249, 398, 5316, 15538, 18372, 13559, 2937, 2803, 16248, 6155, 630, 9911, 13190, 19157, 15788, 13248, 13148, 1320, 12074, 8471, 8798, 3213, 12418, 814, 2402, 12718, 12397, 10564, 9875, 10128, 6947, 9491, 17707, 3266, 19196, 14309, 18523, 19043, 17975, 18063, 11618, 15016, 14434, 7680, 1739, 18029, 11694, 1745, 9271, 5189, 9561, 11283, 14978, 10753, 16017, 12914, 978, 2828, 17257, 13135, 5061, 121, 6602, 16015, 19271, 12159, 1244, 8260, 13195, 15873, 12815, 14291, 14515, 118, 4892, 14985, 9551, 12654, 4739, 927, 12176, 9523, 11726, 18187, 5880, 2569, 3386, 13942, 3390, 15774, 129, 65, 12922, 8422, 12692, 16213, 11515, 2111, 8347, 10758, 14064, 4401, 17782, 15621, 6709, 14716, 4091, 13964, 8424, 4218, 7249, 11311, 11171, 18564, 14755, 7114, 14009, 14815, 294, 495, 7684, 6833, 4046, 3505, 16995, 17858, 7761, 15803, 9840, 13958, 8226, 10369, 12497, 17142, 1748, 2854, 7159, 11539, 11055, 13337, 17173, 14214, 6803, 11144, 12649, 283, 15489, 13174, 7015, 610, 7030, 18206, 14077, 15468, 14962, 8046, 7809, 17387, 16034, 16678, 1173, 3502, 12942, 15655, 16859, 7099, 1673, 446, 1365, 5881, 3713, 11697, 1897, 16001, 1702, 14149, 11876, 9341, 4325, 6923, 2001, 138, 3276, 18716, 17604, 10501, 115, 12800, 6111, 11148, 4549, 16057, 4707, 6843, 16091, 4295, 7519, 13708, 12409, 11018, 5052, 13566, 14715, 12755, 793, 10837, 1888, 12375, 3935, 5763, 11791, 11258, 13264, 11469, 4683, 8905, 1853, 11600, 4421, 2798, 5074, 18141, 13807, 8595, 8126, 13837, 8060, 6956, 11767, 14560, 9389, 15261, 1232, 12560, 7262, 11504, 3546, 4627, 1177, 517, 4008, 9219, 17696, 4148, 14124, 13243, 11235, 7561, 8331, 16320, 3591, 11341, 4015, 12028, 14929, 18601, 3528, 14065, 1510, 19191, 13833, 17616, 10869, 17689, 831, 16725, 6319, 15465, 10467, 8162, 13563, 7728, 10778, 13545, 12290, 16480, 14401, 12838, 4212, 17529, 4832, 15111, 12690, 10373, 7596, 18614, 17477, 1043, 13100, 4774, 17479, 3774, 9302, 3901, 13071, 6412, 9516, 1261, 3054, 13522, 17602, 14343, 18500, 10957, 2791, 9624, 3634, 17904, 5709, 14670, 11058, 7087, 7435, 13848, 82, 5565, 2562, 14029, 3583, 1676, 12709, 18473, 3158, 12787, 8068, 8263, 16146, 3593, 1802, 1861, 3348, 4487, 17749, 6105, 10471, 17472, 10200, 1182, 14180, 1076, 10156, 4839, 9903, 4879, 9720, 2157, 15344, 16067, 3064, 17182, 5368, 4987, 18484, 18923, 11896, 1052, 15727, 15289, 5885, 1933, 5251, 17072, 6038, 6195, 13524, 6606, 18506, 17536, 6784, 3231, 14121, 8925, 10030, 803, 13764, 146, 19268, 14099, 4130, 16372, 1537, 12248, 13718, 17187, 11728, 1740, 19233, 5600, 4092, 4779, 6028, 3395, 16152, 19150, 2417, 11980, 11237, 8427, 18127, 3538, 9257, 607, 2078, 18457, 5802, 3435, 15019, 4256, 9221, 13465, 11742, 5788, 9528, 17493, 4607, 3131, 6616, 5356, 1550, 4617, 8827, 849, 2601, 4437, 17861, 10261, 15704, 3890, 8149, 12063, 3086, 15925, 12301, 6847, 5603, 7768, 3187, 13372, 9258, 6584, 7594, 2603, 1835, 17380, 17193, 15251, 15937, 18731, 4082, 14911, 16626, 8824, 16208, 10167, 17711, 9678, 15852, 13620, 16479, 14586, 2446, 4866, 1315, 7746, 10615, 7927, 2443, 7157, 13506, 18410, 10494]",3165,1500,3,False,1500
5556,calendar query,general qu,27,True,False,True,"{21: 26, 33: 14, 2: 18, 29: 13, 25: 57, 43: 9, 57: 16, 49: 16, 61: 14, 67: 52, 65: 21, 50: 28, 15: 53, 6: 13, 46: 15, 27: 69, 7: 65, 48: 67, 19: 21, 31: 14, 63: 26, 22: 39, 9: 79, 26: 40, 47: 15, 53: 66, 11: 19, 51: 26, 54: 9, 13: 32, 17: 37, 52: 30, 39: 27, 38: 19, 1: 6, 59: 33, 56: 23, 32: 9, 8: 25, 4: 12, 20: 26, 24: 7, 18: 31, 42: 7, 28: 31, 45: 57, 0: 13, 66: 11, 62: 11, 35: 7, 64: 15, 37: 2, 40: 25, 3: 3, 14: 5, 12: 8, 16: 15, 55: 16, 30: 13, 58: 6, 36: 4, 60: 5, 5: 3, 41: 2, 44: 2, 34: 2}","[12686, 3384, 6034, 14374, 14516, 14680, 18580, 5912, 661, 4433, 14182, 14634, 14672, 13694, 17233, 12320, 12666, 7276, 14925, 15315, 1125, 14820, 3769, 14096, 12401, 14972, 14176, 4685, 4278, 5735, 7514, 16051, 15882, 4696, 17145, 19193, 12994, 9901, 13641, 15193, 6739, 9240, 1608, 14664, 18117, 5676, 15714, 5964, 5329, 16651, 15936, 14441, 15878, 18316, 14255, 18692, 5858, 4640, 10716, 13839, 16635, 2097, 11464, 12427, 2320, 14629, 7617, 16183, 16205, 2170, 4384, 6683, 5285, 18707, 6780, 4231, 2404, 4895, 18091, 2944, 13054, 3904, 3491, 9455, 15985, 10432, 8657, 15304, 9114, 5838, 5197, 17244, 6207, 3970, 17246, 3950, 6168, 8697, 6800, 9942, 11118, 8582, 6355, 15275, 4581, 12724, 11921, 1833, 523, 7619, 15729, 176, 8576, 3101, 1573, 1283, 11796, 11277, 2547, 1738, 6806, 15187, 7129, 5179, 5854, 16373, 9231, 6270, 777, 2062, 13249, 4144, 6325, 3924, 5350, 14414, 3142, 2249, 6444, 13582, 2833, 18030, 6483, 18404, 15057, 7482, 15001, 15872, 14584, 10835, 954, 7257, 1381, 17819, 17518, 6497, 14430, 4901, 16466, 10805, 132, 7506, 755, 14427, 12119, 16613, 19042, 14994, 11257, 8042, 2144, 5966, 1580, 8010, 2550, 10684, 14088, 5037, 8764, 17076, 14185, 15984, 5299, 16601, 19182, 13197, 14561, 12605, 17010, 2703, 6715, 11207, 10188, 212, 2293, 17676, 1720, 5934, 112, 8568, 15870, 3226, 4524, 4431, 5141, 5383, 7609, 12807, 19001, 14368, 6704, 14903, 4172, 117, 18698, 1699, 16558, 7518, 10618, 2110, 10308, 7828, 6623, 17644, 4449, 951, 13858, 15106, 8402, 916, 4771, 8608, 6448, 6656, 13547, 2814, 8336, 8093, 6398, 637, 9909, 10621, 786, 14146, 17292, 9457, 3, 2884, 14785, 10504, 16361, 8181, 17690, 654, 11067, 18741, 386, 18208, 10130, 8079, 7082, 14740, 8076, 18619, 14428, 10992, 12679, 9431, 18328, 13606, 7641, 13542, 1002, 11975, 15646, 19078, 1352, 8683, 16053, 11763, 14823, 7059, 4995, 3754, 6213, 10090, 19084, 1973, 8131, 5353, 836, 13960, 3217, 4885, 9645, 16941, 14750, 13171, 9132, 1355, 4440, 15747, 8233, 6008, 12781, 16749, 13905, 18198, 5033, 2910, 16502, 1233, 965, 16926, 3944, 13518, 18213, 12739, 9972, 14609, 5764, 6128, 9532, 12680, 3672, 5458, 6822, 11547, 3163, 8040, 14081, 8369, 18182, 17541, 11552, 12451, 15074, 1783, 17730, 1690, 16992, 2490, 2459, 18065, 320, 18311, 45, 9495, 4572, 544, 12731, 16811, 15096, 14957, 4594, 16607, 2449, 7791, 13659, 8892, 1713, 17336, 6598, 13832, 10495, 18937, 3067, 3473, 12715, 13492, 14787, 16503, 17899, 16638, 2408, 7141, 10590, 2917, 14650, 12571, 4321, 2855, 1829, 3736, 3381, 11069, 16093, 15201, 14311, 9836, 18289, 16899, 897, 13981, 12223, 8884, 15721, 7778, 13648, 5737, 6550, 19249, 2715, 447, 12941, 8915, 18963, 16291, 760, 5869, 3635, 3439, 6740, 5003, 3174, 2945, 16056, 4860, 11216, 7363, 1147, 12124, 9764, 11245, 4361, 7784, 16285, 17057, 11203, 5114, 17655, 12056, 17890, 7741, 15799, 10258, 16088, 19222, 15303, 1433, 5991, 322, 2322, 3156, 9940, 7814, 17068, 16968, 10018, 1991, 11946, 8705, 10371, 4619, 11074, 2034, 15550, 11743, 18666, 13494, 14175, 13948, 15123, 11154, 10397, 1701, 4770, 839, 12085, 16500, 16241, 1535, 18782, 2221, 539, 18405, 4245, 103, 1571, 16945, 12196, 9441, 1732, 1367, 3596, 4794, 7230, 5245, 17483, 2955, 2003, 11509, 4044, 12934, 3456, 16693, 593, 4582, 14076, 10972, 1965, 7227, 14324, 8658, 3772, 8355, 11889, 1908, 2684, 10026, 1666, 16507, 5589, 9295, 8389, 2099, 18653, 13808, 19147, 6675, 10970, 2788, 19028, 16983, 16166, 9845, 8160, 11381, 10088, 10333, 11716, 14695, 12697, 4365, 3747, 17296, 11904, 74, 7047, 10639, 13094, 940, 10478, 2032, 6642, 14896, 10840, 5430, 5556, 12597, 2183, 18403, 4252, 14613, 18283, 8790, 12140, 13540, 13353, 14114, 13297, 4056, 14038, 11299, 13770, 11433, 14285, 1526, 1955, 15711, 255, 12481, 612, 1635, 4886, 357, 11434, 9524, 13106, 2607, 5391, 9406, 2331, 624, 2749, 17849, 9829, 11436, 18426, 9481, 18550, 15647, 532, 11720, 11824, 15610, 15741, 7902, 13558, 17967, 14539, 17889, 4631, 1238, 16921, 7787, 15293, 3108, 8215, 2851, 4514, 12938, 16730, 17178, 4890, 17960, 4725, 7917, 3191, 8231, 16341, 8195, 10913, 2173, 5557, 2637, 16896, 5806, 1815, 1451, 8864, 2290, 12108, 5328, 6203, 2431, 7508, 17898, 17188, 6897, 1199, 15526, 18437, 6631, 8644, 16917, 14964, 14233, 2454, 584, 4830, 7199, 4180, 14889, 5761, 13756, 6917, 7756, 18880, 15095, 1816, 14070, 16252, 7429, 16589, 1631, 15968, 15221, 12478, 18594, 1477, 5637, 12058, 1205, 13397, 9107, 18654, 1968, 3759, 13147, 14144, 14973, 12452, 18020, 13592, 17920, 13687, 11335, 7207, 418, 7834, 778, 12982, 10688, 9031, 509, 9601, 9780, 17040, 12023, 3916, 91, 6536, 18535, 7547, 15240, 707, 14533, 15064, 17012, 16805, 8637, 5969, 16221, 1940, 13307, 4717, 12615, 18220, 11028, 12170, 1743, 2376, 12415, 14220, 18827, 1294, 18543, 6977, 15309, 11778, 11842, 17103, 3857, 4637, 12162, 19169, 17166, 18237, 17818, 9507, 19022, 5790, 19112, 15611, 1118, 15184, 18703, 1817, 15530, 16579, 8437, 11839, 11378, 3537, 9205, 9217, 16272, 18759, 16828, 12002, 8348, 1723, 3481, 14115, 379, 8544, 264, 6015, 7672, 2253, 7364, 3706, 13796, 17139, 16125, 12059, 9623, 7185, 2418, 18230, 3087, 281, 4379, 1796, 8459, 4400, 17824, 2736, 16446, 13525, 15341, 3275, 7872, 1662, 7557, 4319, 15442, 7181, 10456, 4963, 17048, 16943, 12784, 3441, 5240, 9975, 13216, 17702, 11594, 13554, 6165, 19168, 16070, 3540, 3262, 10661, 4061, 13173, 2875, 17014, 4349, 10818, 8428, 16764, 14232, 8930, 15734, 17680, 7069, 15684, 17050, 18987, 6914, 6863, 19263, 10595, 150, 10039, 2722, 18223, 16444, 6559, 7258, 2661, 7699, 17136, 12773, 4247, 5723, 15194, 1696, 1500, 2807, 9893, 11835, 13240, 18313, 17107, 10265, 10244, 5570, 2862, 14049, 1012, 12861, 723, 9583, 17461, 10056, 1264, 8297, 3716, 14666, 15259, 13531, 543, 13723, 16810, 6700, 3516, 13766, 7186, 10692, 6321, 15484, 14547, 8744, 3703, 10383, 16829, 6366, 6846, 3906, 2021, 18133, 857, 279, 12232, 10212, 10541, 12325, 13475, 1225, 937, 6966, 10881, 16936, 18502, 1440, 11914, 3326, 5633, 14913, 4623, 10743, 12361, 17335, 1072, 5043, 14810, 15077, 3255, 17215, 6553, 17852, 4801, 6962, 3060, 9430, 8799, 13824, 188, 15175, 15163, 4733, 5011, 3536, 17635, 6532, 14071, 6112, 17158, 6597, 11272, 105, 19219, 5013, 12483, 201, 6848, 17033, 6367, 7859, 14702, 18844, 7053, 18694, 15670, 636, 10129, 6378, 5369, 7273, 16247, 9142, 15345, 16817, 14854, 2600, 15783, 889, 11833, 6612, 2068, 2427, 7062, 7918, 16181, 5464, 8339, 8950, 8453, 16423, 6064, 2380, 4268, 13929, 12974, 19141, 1299, 2484, 3883, 3273, 8772, 13256, 11239, 5766, 18098, 12705, 11004, 2695, 10048, 10960, 2766, 15661, 13258, 8015, 6032, 16397, 7749, 19039, 7634, 15076, 4234, 15114, 8475, 8091, 19220, 18004, 9704, 13918, 15569, 16443, 10015, 9943, 7817, 9349, 2588, 8249, 398, 5316, 15538, 18372, 13559, 2937, 2803, 16248, 6155, 630, 9911, 13190, 19157, 15788, 13248, 13148, 1320, 12074, 8471, 8798, 3213, 12418, 814, 2402, 12718, 12397, 10564, 9875, 10128, 6947, 9491, 17707, 3266, 19196, 14309, 18523, 19043, 17975, 18063, 11618, 15016, 14434, 7680, 1739, 18029, 11694, 1745, 9271, 5189, 9561, 11283, 14978, 10753, 16017, 12914, 978, 2828, 17257, 13135, 5061, 121, 6602, 16015, 19271, 12159, 1244, 8260, 13195, 15873, 12815, 14291, 14515, 118, 4892, 14985, 9551, 12654, 4739, 927, 12176, 9523, 11726, 18187, 5880, 2569, 3386, 13942, 3390, 15774, 129, 65, 12922, 8422, 12692, 16213, 11515, 2111, 8347, 10758, 14064, 4401, 17782, 15621, 6709, 14716, 4091, 13964, 8424, 4218, 7249, 11311, 11171, 18564, 14755, 7114, 14009, 14815, 294, 495, 7684, 6833, 4046, 3505, 16995, 17858, 7761, 15803, 9840, 13958, 8226, 10369, 12497, 17142, 1748, 2854, 7159, 11539, 11055, 13337, 17173, 14214, 6803, 11144, 12649, 283, 15489, 13174, 7015, 610, 7030, 18206, 14077, 15468, 14962, 8046, 7809, 17387, 16034, 16678, 1173, 3502, 12942, 15655, 16859, 7099, 1673, 446, 1365, 5881, 3713, 11697, 1897, 16001, 1702, 14149, 11876, 9341, 4325, 6923, 2001, 138, 3276, 18716, 17604, 10501, 115, 12800, 6111, 11148, 4549, 16057, 4707, 6843, 16091, 4295, 7519, 13708, 12409, 11018, 5052, 13566, 14715, 12755, 793, 10837, 1888, 12375, 3935, 5763, 11791, 11258, 13264, 11469, 4683, 8905, 1853, 11600, 4421, 2798, 5074, 18141, 13807, 8595, 8126, 13837, 8060, 6956, 11767, 14560, 9389, 15261, 1232, 12560, 7262, 11504, 3546, 4627, 1177, 517, 4008, 9219, 17696, 4148, 14124, 13243, 11235, 7561, 8331, 16320, 3591, 11341, 4015, 12028, 14929, 18601, 3528, 14065, 1510, 19191, 13833, 17616, 10869, 17689, 831, 16725, 6319, 15465, 10467, 8162, 13563, 7728, 10778, 13545, 12290, 16480, 14401, 12838, 4212, 17529, 4832, 15111, 12690, 10373, 7596, 18614, 17477, 1043, 13100, 4774, 17479, 3774, 9302, 3901, 13071, 6412, 9516, 1261, 3054, 13522, 17602, 14343, 18500, 10957, 2791, 9624, 3634, 17904, 5709, 14670, 11058, 7087, 7435, 13848, 82, 5565, 2562, 14029, 3583, 1676, 12709, 18473, 3158, 12787, 8068, 8263, 16146, 3593, 1802, 1861, 3348, 4487, 17749, 6105, 10471, 17472, 10200, 1182, 14180, 1076, 10156, 4839, 9903, 4879, 9720, 2157, 15344, 16067, 3064, 17182, 5368, 4987, 18484, 18923, 11896, 1052, 15727, 15289, 5885, 1933, 5251, 17072, 6038, 6195, 13524, 6606, 18506, 17536, 6784, 3231, 14121, 8925, 10030, 803, 13764, 146, 19268, 14099, 4130, 16372, 1537, 12248, 13718, 17187, 11728, 1740, 19233, 5600, 4092, 4779, 6028, 3395, 16152, 19150, 2417, 11980, 11237, 8427, 18127, 3538, 9257, 607, 2078, 18457, 5802, 3435, 15019, 4256, 9221, 13465, 11742, 5788, 9528, 17493, 4607, 3131, 6616, 5356, 1550, 4617, 8827, 849, 2601, 4437, 17861, 10261, 15704, 3890, 8149, 12063, 3086, 15925, 12301, 6847, 5603, 7768, 3187, 13372, 9258, 6584, 7594, 2603, 1835, 17380, 17193, 15251, 15937, 18731, 4082, 14911, 16626, 8824, 16208, 10167, 17711, 9678, 15852, 13620, 16479, 14586, 2446, 4866, 1315, 7746, 10615, 7927, 2443, 7157, 13506, 18410, 10494]",5556,1500,3,False,1500
4990,takeaway order,takeaway order,61,True,True,True,"{21: 26, 33: 14, 2: 18, 29: 13, 25: 57, 43: 9, 57: 16, 49: 16, 61: 14, 67: 52, 65: 21, 50: 28, 15: 53, 6: 13, 46: 15, 27: 69, 7: 65, 48: 67, 19: 21, 31: 14, 63: 26, 22: 39, 9: 79, 26: 40, 47: 15, 53: 66, 11: 19, 51: 26, 54: 9, 13: 32, 17: 37, 52: 30, 39: 27, 38: 19, 1: 6, 59: 33, 56: 23, 32: 9, 8: 25, 4: 12, 20: 26, 24: 7, 18: 31, 42: 7, 28: 31, 45: 57, 0: 13, 66: 11, 62: 11, 35: 7, 64: 15, 37: 2, 40: 25, 3: 3, 14: 5, 12: 8, 16: 15, 55: 16, 30: 13, 58: 6, 36: 4, 60: 5, 5: 3, 41: 2, 44: 2, 34: 2}","[12686, 3384, 6034, 14374, 14516, 14680, 18580, 5912, 661, 4433, 14182, 14634, 14672, 13694, 17233, 12320, 12666, 7276, 14925, 15315, 1125, 14820, 3769, 14096, 12401, 14972, 14176, 4685, 4278, 5735, 7514, 16051, 15882, 4696, 17145, 19193, 12994, 9901, 13641, 15193, 6739, 9240, 1608, 14664, 18117, 5676, 15714, 5964, 5329, 16651, 15936, 14441, 15878, 18316, 14255, 18692, 5858, 4640, 10716, 13839, 16635, 2097, 11464, 12427, 2320, 14629, 7617, 16183, 16205, 2170, 4384, 6683, 5285, 18707, 6780, 4231, 2404, 4895, 18091, 2944, 13054, 3904, 3491, 9455, 15985, 10432, 8657, 15304, 9114, 5838, 5197, 17244, 6207, 3970, 17246, 3950, 6168, 8697, 6800, 9942, 11118, 8582, 6355, 15275, 4581, 12724, 11921, 1833, 523, 7619, 15729, 176, 8576, 3101, 1573, 1283, 11796, 11277, 2547, 1738, 6806, 15187, 7129, 5179, 5854, 16373, 9231, 6270, 777, 2062, 13249, 4144, 6325, 3924, 5350, 14414, 3142, 2249, 6444, 13582, 2833, 18030, 6483, 18404, 15057, 7482, 15001, 15872, 14584, 10835, 954, 7257, 1381, 17819, 17518, 6497, 14430, 4901, 16466, 10805, 132, 7506, 755, 14427, 12119, 16613, 19042, 14994, 11257, 8042, 2144, 5966, 1580, 8010, 2550, 10684, 14088, 5037, 8764, 17076, 14185, 15984, 5299, 16601, 19182, 13197, 14561, 12605, 17010, 2703, 6715, 11207, 10188, 212, 2293, 17676, 1720, 5934, 112, 8568, 15870, 3226, 4524, 4431, 5141, 5383, 7609, 12807, 19001, 14368, 6704, 14903, 4172, 117, 18698, 1699, 16558, 7518, 10618, 2110, 10308, 7828, 6623, 17644, 4449, 951, 13858, 15106, 8402, 916, 4771, 8608, 6448, 6656, 13547, 2814, 8336, 8093, 6398, 637, 9909, 10621, 786, 14146, 17292, 9457, 3, 2884, 14785, 10504, 16361, 8181, 17690, 654, 11067, 18741, 386, 18208, 10130, 8079, 7082, 14740, 8076, 18619, 14428, 10992, 12679, 9431, 18328, 13606, 7641, 13542, 1002, 11975, 15646, 19078, 1352, 8683, 16053, 11763, 14823, 7059, 4995, 3754, 6213, 10090, 19084, 1973, 8131, 5353, 836, 13960, 3217, 4885, 9645, 16941, 14750, 13171, 9132, 1355, 4440, 15747, 8233, 6008, 12781, 16749, 13905, 18198, 5033, 2910, 16502, 1233, 965, 16926, 3944, 13518, 18213, 12739, 9972, 14609, 5764, 6128, 9532, 12680, 3672, 5458, 6822, 11547, 3163, 8040, 14081, 8369, 18182, 17541, 11552, 12451, 15074, 1783, 17730, 1690, 16992, 2490, 2459, 18065, 320, 18311, 45, 9495, 4572, 544, 12731, 16811, 15096, 14957, 4594, 16607, 2449, 7791, 13659, 8892, 1713, 17336, 6598, 13832, 10495, 18937, 3067, 3473, 12715, 13492, 14787, 16503, 17899, 16638, 2408, 7141, 10590, 2917, 14650, 12571, 4321, 2855, 1829, 3736, 3381, 11069, 16093, 15201, 14311, 9836, 18289, 16899, 897, 13981, 12223, 8884, 15721, 7778, 13648, 5737, 6550, 19249, 2715, 447, 12941, 8915, 18963, 16291, 760, 5869, 3635, 3439, 6740, 5003, 3174, 2945, 16056, 4860, 11216, 7363, 1147, 12124, 9764, 11245, 4361, 7784, 16285, 17057, 11203, 5114, 17655, 12056, 17890, 7741, 15799, 10258, 16088, 19222, 15303, 1433, 5991, 322, 2322, 3156, 9940, 7814, 17068, 16968, 10018, 1991, 11946, 8705, 10371, 4619, 11074, 2034, 15550, 11743, 18666, 13494, 14175, 13948, 15123, 11154, 10397, 1701, 4770, 839, 12085, 16500, 16241, 1535, 18782, 2221, 539, 18405, 4245, 103, 1571, 16945, 12196, 9441, 1732, 1367, 3596, 4794, 7230, 5245, 17483, 2955, 2003, 11509, 4044, 12934, 3456, 16693, 593, 4582, 14076, 10972, 1965, 7227, 14324, 8658, 3772, 8355, 11889, 1908, 2684, 10026, 1666, 16507, 5589, 9295, 8389, 2099, 18653, 13808, 19147, 6675, 10970, 2788, 19028, 16983, 16166, 9845, 8160, 11381, 10088, 10333, 11716, 14695, 12697, 4365, 3747, 17296, 11904, 74, 7047, 10639, 13094, 940, 10478, 2032, 6642, 14896, 10840, 5430, 5556, 12597, 2183, 18403, 4252, 14613, 18283, 8790, 12140, 13540, 13353, 14114, 13297, 4056, 14038, 11299, 13770, 11433, 14285, 1526, 1955, 15711, 255, 12481, 612, 1635, 4886, 357, 11434, 9524, 13106, 2607, 5391, 9406, 2331, 624, 2749, 17849, 9829, 11436, 18426, 9481, 18550, 15647, 532, 11720, 11824, 15610, 15741, 7902, 13558, 17967, 14539, 17889, 4631, 1238, 16921, 7787, 15293, 3108, 8215, 2851, 4514, 12938, 16730, 17178, 4890, 17960, 4725, 7917, 3191, 8231, 16341, 8195, 10913, 2173, 5557, 2637, 16896, 5806, 1815, 1451, 8864, 2290, 12108, 5328, 6203, 2431, 7508, 17898, 17188, 6897, 1199, 15526, 18437, 6631, 8644, 16917, 14964, 14233, 2454, 584, 4830, 7199, 4180, 14889, 5761, 13756, 6917, 7756, 18880, 15095, 1816, 14070, 16252, 7429, 16589, 1631, 15968, 15221, 12478, 18594, 1477, 5637, 12058, 1205, 13397, 9107, 18654, 1968, 3759, 13147, 14144, 14973, 12452, 18020, 13592, 17920, 13687, 11335, 7207, 418, 7834, 778, 12982, 10688, 9031, 509, 9601, 9780, 17040, 12023, 3916, 91, 6536, 18535, 7547, 15240, 707, 14533, 15064, 17012, 16805, 8637, 5969, 16221, 1940, 13307, 4717, 12615, 18220, 11028, 12170, 1743, 2376, 12415, 14220, 18827, 1294, 18543, 6977, 15309, 11778, 11842, 17103, 3857, 4637, 12162, 19169, 17166, 18237, 17818, 9507, 19022, 5790, 19112, 15611, 1118, 15184, 18703, 1817, 15530, 16579, 8437, 11839, 11378, 3537, 9205, 9217, 16272, 18759, 16828, 12002, 8348, 1723, 3481, 14115, 379, 8544, 264, 6015, 7672, 2253, 7364, 3706, 13796, 17139, 16125, 12059, 9623, 7185, 2418, 18230, 3087, 281, 4379, 1796, 8459, 4400, 17824, 2736, 16446, 13525, 15341, 3275, 7872, 1662, 7557, 4319, 15442, 7181, 10456, 4963, 17048, 16943, 12784, 3441, 5240, 9975, 13216, 17702, 11594, 13554, 6165, 19168, 16070, 3540, 3262, 10661, 4061, 13173, 2875, 17014, 4349, 10818, 8428, 16764, 14232, 8930, 15734, 17680, 7069, 15684, 17050, 18987, 6914, 6863, 19263, 10595, 150, 10039, 2722, 18223, 16444, 6559, 7258, 2661, 7699, 17136, 12773, 4247, 5723, 15194, 1696, 1500, 2807, 9893, 11835, 13240, 18313, 17107, 10265, 10244, 5570, 2862, 14049, 1012, 12861, 723, 9583, 17461, 10056, 1264, 8297, 3716, 14666, 15259, 13531, 543, 13723, 16810, 6700, 3516, 13766, 7186, 10692, 6321, 15484, 14547, 8744, 3703, 10383, 16829, 6366, 6846, 3906, 2021, 18133, 857, 279, 12232, 10212, 10541, 12325, 13475, 1225, 937, 6966, 10881, 16936, 18502, 1440, 11914, 3326, 5633, 14913, 4623, 10743, 12361, 17335, 1072, 5043, 14810, 15077, 3255, 17215, 6553, 17852, 4801, 6962, 3060, 9430, 8799, 13824, 188, 15175, 15163, 4733, 5011, 3536, 17635, 6532, 14071, 6112, 17158, 6597, 11272, 105, 19219, 5013, 12483, 201, 6848, 17033, 6367, 7859, 14702, 18844, 7053, 18694, 15670, 636, 10129, 6378, 5369, 7273, 16247, 9142, 15345, 16817, 14854, 2600, 15783, 889, 11833, 6612, 2068, 2427, 7062, 7918, 16181, 5464, 8339, 8950, 8453, 16423, 6064, 2380, 4268, 13929, 12974, 19141, 1299, 2484, 3883, 3273, 8772, 13256, 11239, 5766, 18098, 12705, 11004, 2695, 10048, 10960, 2766, 15661, 13258, 8015, 6032, 16397, 7749, 19039, 7634, 15076, 4234, 15114, 8475, 8091, 19220, 18004, 9704, 13918, 15569, 16443, 10015, 9943, 7817, 9349, 2588, 8249, 398, 5316, 15538, 18372, 13559, 2937, 2803, 16248, 6155, 630, 9911, 13190, 19157, 15788, 13248, 13148, 1320, 12074, 8471, 8798, 3213, 12418, 814, 2402, 12718, 12397, 10564, 9875, 10128, 6947, 9491, 17707, 3266, 19196, 14309, 18523, 19043, 17975, 18063, 11618, 15016, 14434, 7680, 1739, 18029, 11694, 1745, 9271, 5189, 9561, 11283, 14978, 10753, 16017, 12914, 978, 2828, 17257, 13135, 5061, 121, 6602, 16015, 19271, 12159, 1244, 8260, 13195, 15873, 12815, 14291, 14515, 118, 4892, 14985, 9551, 12654, 4739, 927, 12176, 9523, 11726, 18187, 5880, 2569, 3386, 13942, 3390, 15774, 129, 65, 12922, 8422, 12692, 16213, 11515, 2111, 8347, 10758, 14064, 4401, 17782, 15621, 6709, 14716, 4091, 13964, 8424, 4218, 7249, 11311, 11171, 18564, 14755, 7114, 14009, 14815, 294, 495, 7684, 6833, 4046, 3505, 16995, 17858, 7761, 15803, 9840, 13958, 8226, 10369, 12497, 17142, 1748, 2854, 7159, 11539, 11055, 13337, 17173, 14214, 6803, 11144, 12649, 283, 15489, 13174, 7015, 610, 7030, 18206, 14077, 15468, 14962, 8046, 7809, 17387, 16034, 16678, 1173, 3502, 12942, 15655, 16859, 7099, 1673, 446, 1365, 5881, 3713, 11697, 1897, 16001, 1702, 14149, 11876, 9341, 4325, 6923, 2001, 138, 3276, 18716, 17604, 10501, 115, 12800, 6111, 11148, 4549, 16057, 4707, 6843, 16091, 4295, 7519, 13708, 12409, 11018, 5052, 13566, 14715, 12755, 793, 10837, 1888, 12375, 3935, 5763, 11791, 11258, 13264, 11469, 4683, 8905, 1853, 11600, 4421, 2798, 5074, 18141, 13807, 8595, 8126, 13837, 8060, 6956, 11767, 14560, 9389, 15261, 1232, 12560, 7262, 11504, 3546, 4627, 1177, 517, 4008, 9219, 17696, 4148, 14124, 13243, 11235, 7561, 8331, 16320, 3591, 11341, 4015, 12028, 14929, 18601, 3528, 14065, 1510, 19191, 13833, 17616, 10869, 17689, 831, 16725, 6319, 15465, 10467, 8162, 13563, 7728, 10778, 13545, 12290, 16480, 14401, 12838, 4212, 17529, 4832, 15111, 12690, 10373, 7596, 18614, 17477, 1043, 13100, 4774, 17479, 3774, 9302, 3901, 13071, 6412, 9516, 1261, 3054, 13522, 17602, 14343, 18500, 10957, 2791, 9624, 3634, 17904, 5709, 14670, 11058, 7087, 7435, 13848, 82, 5565, 2562, 14029, 3583, 1676, 12709, 18473, 3158, 12787, 8068, 8263, 16146, 3593, 1802, 1861, 3348, 4487, 17749, 6105, 10471, 17472, 10200, 1182, 14180, 1076, 10156, 4839, 9903, 4879, 9720, 2157, 15344, 16067, 3064, 17182, 5368, 4987, 18484, 18923, 11896, 1052, 15727, 15289, 5885, 1933, 5251, 17072, 6038, 6195, 13524, 6606, 18506, 17536, 6784, 3231, 14121, 8925, 10030, 803, 13764, 146, 19268, 14099, 4130, 16372, 1537, 12248, 13718, 17187, 11728, 1740, 19233, 5600, 4092, 4779, 6028, 3395, 16152, 19150, 2417, 11980, 11237, 8427, 18127, 3538, 9257, 607, 2078, 18457, 5802, 3435, 15019, 4256, 9221, 13465, 11742, 5788, 9528, 17493, 4607, 3131, 6616, 5356, 1550, 4617, 8827, 849, 2601, 4437, 17861, 10261, 15704, 3890, 8149, 12063, 3086, 15925, 12301, 6847, 5603, 7768, 3187, 13372, 9258, 6584, 7594, 2603, 1835, 17380, 17193, 15251, 15937, 18731, 4082, 14911, 16626, 8824, 16208, 10167, 17711, 9678, 15852, 13620, 16479, 14586, 2446, 4866, 1315, 7746, 10615, 7927, 2443, 7157, 13506, 18410, 10494]",4990,1500,3,False,1500
711,weather query,weather,67,True,True,False,"{21: 26, 33: 14, 2: 18, 29: 13, 25: 57, 43: 9, 57: 16, 49: 16, 61: 14, 67: 52, 65: 21, 50: 28, 15: 53, 6: 13, 46: 15, 27: 69, 7: 65, 48: 67, 19: 21, 31: 14, 63: 26, 22: 39, 9: 79, 26: 40, 47: 15, 53: 66, 11: 19, 51: 26, 54: 9, 13: 32, 17: 37, 52: 30, 39: 27, 38: 19, 1: 6, 59: 33, 56: 23, 32: 9, 8: 25, 4: 12, 20: 26, 24: 7, 18: 31, 42: 7, 28: 31, 45: 57, 0: 13, 66: 11, 62: 11, 35: 7, 64: 15, 37: 2, 40: 25, 3: 3, 14: 5, 12: 8, 16: 15, 55: 16, 30: 13, 58: 6, 36: 4, 60: 5, 5: 3, 41: 2, 44: 2, 34: 2}","[12686, 3384, 6034, 14374, 14516, 14680, 18580, 5912, 661, 4433, 14182, 14634, 14672, 13694, 17233, 12320, 12666, 7276, 14925, 15315, 1125, 14820, 3769, 14096, 12401, 14972, 14176, 4685, 4278, 5735, 7514, 16051, 15882, 4696, 17145, 19193, 12994, 9901, 13641, 15193, 6739, 9240, 1608, 14664, 18117, 5676, 15714, 5964, 5329, 16651, 15936, 14441, 15878, 18316, 14255, 18692, 5858, 4640, 10716, 13839, 16635, 2097, 11464, 12427, 2320, 14629, 7617, 16183, 16205, 2170, 4384, 6683, 5285, 18707, 6780, 4231, 2404, 4895, 18091, 2944, 13054, 3904, 3491, 9455, 15985, 10432, 8657, 15304, 9114, 5838, 5197, 17244, 6207, 3970, 17246, 3950, 6168, 8697, 6800, 9942, 11118, 8582, 6355, 15275, 4581, 12724, 11921, 1833, 523, 7619, 15729, 176, 8576, 3101, 1573, 1283, 11796, 11277, 2547, 1738, 6806, 15187, 7129, 5179, 5854, 16373, 9231, 6270, 777, 2062, 13249, 4144, 6325, 3924, 5350, 14414, 3142, 2249, 6444, 13582, 2833, 18030, 6483, 18404, 15057, 7482, 15001, 15872, 14584, 10835, 954, 7257, 1381, 17819, 17518, 6497, 14430, 4901, 16466, 10805, 132, 7506, 755, 14427, 12119, 16613, 19042, 14994, 11257, 8042, 2144, 5966, 1580, 8010, 2550, 10684, 14088, 5037, 8764, 17076, 14185, 15984, 5299, 16601, 19182, 13197, 14561, 12605, 17010, 2703, 6715, 11207, 10188, 212, 2293, 17676, 1720, 5934, 112, 8568, 15870, 3226, 4524, 4431, 5141, 5383, 7609, 12807, 19001, 14368, 6704, 14903, 4172, 117, 18698, 1699, 16558, 7518, 10618, 2110, 10308, 7828, 6623, 17644, 4449, 951, 13858, 15106, 8402, 916, 4771, 8608, 6448, 6656, 13547, 2814, 8336, 8093, 6398, 637, 9909, 10621, 786, 14146, 17292, 9457, 3, 2884, 14785, 10504, 16361, 8181, 17690, 654, 11067, 18741, 386, 18208, 10130, 8079, 7082, 14740, 8076, 18619, 14428, 10992, 12679, 9431, 18328, 13606, 7641, 13542, 1002, 11975, 15646, 19078, 1352, 8683, 16053, 11763, 14823, 7059, 4995, 3754, 6213, 10090, 19084, 1973, 8131, 5353, 836, 13960, 3217, 4885, 9645, 16941, 14750, 13171, 9132, 1355, 4440, 15747, 8233, 6008, 12781, 16749, 13905, 18198, 5033, 2910, 16502, 1233, 965, 16926, 3944, 13518, 18213, 12739, 9972, 14609, 5764, 6128, 9532, 12680, 3672, 5458, 6822, 11547, 3163, 8040, 14081, 8369, 18182, 17541, 11552, 12451, 15074, 1783, 17730, 1690, 16992, 2490, 2459, 18065, 320, 18311, 45, 9495, 4572, 544, 12731, 16811, 15096, 14957, 4594, 16607, 2449, 7791, 13659, 8892, 1713, 17336, 6598, 13832, 10495, 18937, 3067, 3473, 12715, 13492, 14787, 16503, 17899, 16638, 2408, 7141, 10590, 2917, 14650, 12571, 4321, 2855, 1829, 3736, 3381, 11069, 16093, 15201, 14311, 9836, 18289, 16899, 897, 13981, 12223, 8884, 15721, 7778, 13648, 5737, 6550, 19249, 2715, 447, 12941, 8915, 18963, 16291, 760, 5869, 3635, 3439, 6740, 5003, 3174, 2945, 16056, 4860, 11216, 7363, 1147, 12124, 9764, 11245, 4361, 7784, 16285, 17057, 11203, 5114, 17655, 12056, 17890, 7741, 15799, 10258, 16088, 19222, 15303, 1433, 5991, 322, 2322, 3156, 9940, 7814, 17068, 16968, 10018, 1991, 11946, 8705, 10371, 4619, 11074, 2034, 15550, 11743, 18666, 13494, 14175, 13948, 15123, 11154, 10397, 1701, 4770, 839, 12085, 16500, 16241, 1535, 18782, 2221, 539, 18405, 4245, 103, 1571, 16945, 12196, 9441, 1732, 1367, 3596, 4794, 7230, 5245, 17483, 2955, 2003, 11509, 4044, 12934, 3456, 16693, 593, 4582, 14076, 10972, 1965, 7227, 14324, 8658, 3772, 8355, 11889, 1908, 2684, 10026, 1666, 16507, 5589, 9295, 8389, 2099, 18653, 13808, 19147, 6675, 10970, 2788, 19028, 16983, 16166, 9845, 8160, 11381, 10088, 10333, 11716, 14695, 12697, 4365, 3747, 17296, 11904, 74, 7047, 10639, 13094, 940, 10478, 2032, 6642, 14896, 10840, 5430, 5556, 12597, 2183, 18403, 4252, 14613, 18283, 8790, 12140, 13540, 13353, 14114, 13297, 4056, 14038, 11299, 13770, 11433, 14285, 1526, 1955, 15711, 255, 12481, 612, 1635, 4886, 357, 11434, 9524, 13106, 2607, 5391, 9406, 2331, 624, 2749, 17849, 9829, 11436, 18426, 9481, 18550, 15647, 532, 11720, 11824, 15610, 15741, 7902, 13558, 17967, 14539, 17889, 4631, 1238, 16921, 7787, 15293, 3108, 8215, 2851, 4514, 12938, 16730, 17178, 4890, 17960, 4725, 7917, 3191, 8231, 16341, 8195, 10913, 2173, 5557, 2637, 16896, 5806, 1815, 1451, 8864, 2290, 12108, 5328, 6203, 2431, 7508, 17898, 17188, 6897, 1199, 15526, 18437, 6631, 8644, 16917, 14964, 14233, 2454, 584, 4830, 7199, 4180, 14889, 5761, 13756, 6917, 7756, 18880, 15095, 1816, 14070, 16252, 7429, 16589, 1631, 15968, 15221, 12478, 18594, 1477, 5637, 12058, 1205, 13397, 9107, 18654, 1968, 3759, 13147, 14144, 14973, 12452, 18020, 13592, 17920, 13687, 11335, 7207, 418, 7834, 778, 12982, 10688, 9031, 509, 9601, 9780, 17040, 12023, 3916, 91, 6536, 18535, 7547, 15240, 707, 14533, 15064, 17012, 16805, 8637, 5969, 16221, 1940, 13307, 4717, 12615, 18220, 11028, 12170, 1743, 2376, 12415, 14220, 18827, 1294, 18543, 6977, 15309, 11778, 11842, 17103, 3857, 4637, 12162, 19169, 17166, 18237, 17818, 9507, 19022, 5790, 19112, 15611, 1118, 15184, 18703, 1817, 15530, 16579, 8437, 11839, 11378, 3537, 9205, 9217, 16272, 18759, 16828, 12002, 8348, 1723, 3481, 14115, 379, 8544, 264, 6015, 7672, 2253, 7364, 3706, 13796, 17139, 16125, 12059, 9623, 7185, 2418, 18230, 3087, 281, 4379, 1796, 8459, 4400, 17824, 2736, 16446, 13525, 15341, 3275, 7872, 1662, 7557, 4319, 15442, 7181, 10456, 4963, 17048, 16943, 12784, 3441, 5240, 9975, 13216, 17702, 11594, 13554, 6165, 19168, 16070, 3540, 3262, 10661, 4061, 13173, 2875, 17014, 4349, 10818, 8428, 16764, 14232, 8930, 15734, 17680, 7069, 15684, 17050, 18987, 6914, 6863, 19263, 10595, 150, 10039, 2722, 18223, 16444, 6559, 7258, 2661, 7699, 17136, 12773, 4247, 5723, 15194, 1696, 1500, 2807, 9893, 11835, 13240, 18313, 17107, 10265, 10244, 5570, 2862, 14049, 1012, 12861, 723, 9583, 17461, 10056, 1264, 8297, 3716, 14666, 15259, 13531, 543, 13723, 16810, 6700, 3516, 13766, 7186, 10692, 6321, 15484, 14547, 8744, 3703, 10383, 16829, 6366, 6846, 3906, 2021, 18133, 857, 279, 12232, 10212, 10541, 12325, 13475, 1225, 937, 6966, 10881, 16936, 18502, 1440, 11914, 3326, 5633, 14913, 4623, 10743, 12361, 17335, 1072, 5043, 14810, 15077, 3255, 17215, 6553, 17852, 4801, 6962, 3060, 9430, 8799, 13824, 188, 15175, 15163, 4733, 5011, 3536, 17635, 6532, 14071, 6112, 17158, 6597, 11272, 105, 19219, 5013, 12483, 201, 6848, 17033, 6367, 7859, 14702, 18844, 7053, 18694, 15670, 636, 10129, 6378, 5369, 7273, 16247, 9142, 15345, 16817, 14854, 2600, 15783, 889, 11833, 6612, 2068, 2427, 7062, 7918, 16181, 5464, 8339, 8950, 8453, 16423, 6064, 2380, 4268, 13929, 12974, 19141, 1299, 2484, 3883, 3273, 8772, 13256, 11239, 5766, 18098, 12705, 11004, 2695, 10048, 10960, 2766, 15661, 13258, 8015, 6032, 16397, 7749, 19039, 7634, 15076, 4234, 15114, 8475, 8091, 19220, 18004, 9704, 13918, 15569, 16443, 10015, 9943, 7817, 9349, 2588, 8249, 398, 5316, 15538, 18372, 13559, 2937, 2803, 16248, 6155, 630, 9911, 13190, 19157, 15788, 13248, 13148, 1320, 12074, 8471, 8798, 3213, 12418, 814, 2402, 12718, 12397, 10564, 9875, 10128, 6947, 9491, 17707, 3266, 19196, 14309, 18523, 19043, 17975, 18063, 11618, 15016, 14434, 7680, 1739, 18029, 11694, 1745, 9271, 5189, 9561, 11283, 14978, 10753, 16017, 12914, 978, 2828, 17257, 13135, 5061, 121, 6602, 16015, 19271, 12159, 1244, 8260, 13195, 15873, 12815, 14291, 14515, 118, 4892, 14985, 9551, 12654, 4739, 927, 12176, 9523, 11726, 18187, 5880, 2569, 3386, 13942, 3390, 15774, 129, 65, 12922, 8422, 12692, 16213, 11515, 2111, 8347, 10758, 14064, 4401, 17782, 15621, 6709, 14716, 4091, 13964, 8424, 4218, 7249, 11311, 11171, 18564, 14755, 7114, 14009, 14815, 294, 495, 7684, 6833, 4046, 3505, 16995, 17858, 7761, 15803, 9840, 13958, 8226, 10369, 12497, 17142, 1748, 2854, 7159, 11539, 11055, 13337, 17173, 14214, 6803, 11144, 12649, 283, 15489, 13174, 7015, 610, 7030, 18206, 14077, 15468, 14962, 8046, 7809, 17387, 16034, 16678, 1173, 3502, 12942, 15655, 16859, 7099, 1673, 446, 1365, 5881, 3713, 11697, 1897, 16001, 1702, 14149, 11876, 9341, 4325, 6923, 2001, 138, 3276, 18716, 17604, 10501, 115, 12800, 6111, 11148, 4549, 16057, 4707, 6843, 16091, 4295, 7519, 13708, 12409, 11018, 5052, 13566, 14715, 12755, 793, 10837, 1888, 12375, 3935, 5763, 11791, 11258, 13264, 11469, 4683, 8905, 1853, 11600, 4421, 2798, 5074, 18141, 13807, 8595, 8126, 13837, 8060, 6956, 11767, 14560, 9389, 15261, 1232, 12560, 7262, 11504, 3546, 4627, 1177, 517, 4008, 9219, 17696, 4148, 14124, 13243, 11235, 7561, 8331, 16320, 3591, 11341, 4015, 12028, 14929, 18601, 3528, 14065, 1510, 19191, 13833, 17616, 10869, 17689, 831, 16725, 6319, 15465, 10467, 8162, 13563, 7728, 10778, 13545, 12290, 16480, 14401, 12838, 4212, 17529, 4832, 15111, 12690, 10373, 7596, 18614, 17477, 1043, 13100, 4774, 17479, 3774, 9302, 3901, 13071, 6412, 9516, 1261, 3054, 13522, 17602, 14343, 18500, 10957, 2791, 9624, 3634, 17904, 5709, 14670, 11058, 7087, 7435, 13848, 82, 5565, 2562, 14029, 3583, 1676, 12709, 18473, 3158, 12787, 8068, 8263, 16146, 3593, 1802, 1861, 3348, 4487, 17749, 6105, 10471, 17472, 10200, 1182, 14180, 1076, 10156, 4839, 9903, 4879, 9720, 2157, 15344, 16067, 3064, 17182, 5368, 4987, 18484, 18923, 11896, 1052, 15727, 15289, 5885, 1933, 5251, 17072, 6038, 6195, 13524, 6606, 18506, 17536, 6784, 3231, 14121, 8925, 10030, 803, 13764, 146, 19268, 14099, 4130, 16372, 1537, 12248, 13718, 17187, 11728, 1740, 19233, 5600, 4092, 4779, 6028, 3395, 16152, 19150, 2417, 11980, 11237, 8427, 18127, 3538, 9257, 607, 2078, 18457, 5802, 3435, 15019, 4256, 9221, 13465, 11742, 5788, 9528, 17493, 4607, 3131, 6616, 5356, 1550, 4617, 8827, 849, 2601, 4437, 17861, 10261, 15704, 3890, 8149, 12063, 3086, 15925, 12301, 6847, 5603, 7768, 3187, 13372, 9258, 6584, 7594, 2603, 1835, 17380, 17193, 15251, 15937, 18731, 4082, 14911, 16626, 8824, 16208, 10167, 17711, 9678, 15852, 13620, 16479, 14586, 2446, 4866, 1315, 7746, 10615, 7927, 2443, 7157, 13506, 18410, 10494]",711,1500,3,False,1500
1693,play audiobook,play audio,46,True,True,False,"{21: 26, 33: 14, 2: 18, 29: 13, 25: 57, 43: 9, 57: 16, 49: 16, 61: 14, 67: 52, 65: 21, 50: 28, 15: 53, 6: 13, 46: 15, 27: 69, 7: 65, 48: 67, 19: 21, 31: 14, 63: 26, 22: 39, 9: 79, 26: 40, 47: 15, 53: 66, 11: 19, 51: 26, 54: 9, 13: 32, 17: 37, 52: 30, 39: 27, 38: 19, 1: 6, 59: 33, 56: 23, 32: 9, 8: 25, 4: 12, 20: 26, 24: 7, 18: 31, 42: 7, 28: 31, 45: 57, 0: 13, 66: 11, 62: 11, 35: 7, 64: 15, 37: 2, 40: 25, 3: 3, 14: 5, 12: 8, 16: 15, 55: 16, 30: 13, 58: 6, 36: 4, 60: 5, 5: 3, 41: 2, 44: 2, 34: 2}","[12686, 3384, 6034, 14374, 14516, 14680, 18580, 5912, 661, 4433, 14182, 14634, 14672, 13694, 17233, 12320, 12666, 7276, 14925, 15315, 1125, 14820, 3769, 14096, 12401, 14972, 14176, 4685, 4278, 5735, 7514, 16051, 15882, 4696, 17145, 19193, 12994, 9901, 13641, 15193, 6739, 9240, 1608, 14664, 18117, 5676, 15714, 5964, 5329, 16651, 15936, 14441, 15878, 18316, 14255, 18692, 5858, 4640, 10716, 13839, 16635, 2097, 11464, 12427, 2320, 14629, 7617, 16183, 16205, 2170, 4384, 6683, 5285, 18707, 6780, 4231, 2404, 4895, 18091, 2944, 13054, 3904, 3491, 9455, 15985, 10432, 8657, 15304, 9114, 5838, 5197, 17244, 6207, 3970, 17246, 3950, 6168, 8697, 6800, 9942, 11118, 8582, 6355, 15275, 4581, 12724, 11921, 1833, 523, 7619, 15729, 176, 8576, 3101, 1573, 1283, 11796, 11277, 2547, 1738, 6806, 15187, 7129, 5179, 5854, 16373, 9231, 6270, 777, 2062, 13249, 4144, 6325, 3924, 5350, 14414, 3142, 2249, 6444, 13582, 2833, 18030, 6483, 18404, 15057, 7482, 15001, 15872, 14584, 10835, 954, 7257, 1381, 17819, 17518, 6497, 14430, 4901, 16466, 10805, 132, 7506, 755, 14427, 12119, 16613, 19042, 14994, 11257, 8042, 2144, 5966, 1580, 8010, 2550, 10684, 14088, 5037, 8764, 17076, 14185, 15984, 5299, 16601, 19182, 13197, 14561, 12605, 17010, 2703, 6715, 11207, 10188, 212, 2293, 17676, 1720, 5934, 112, 8568, 15870, 3226, 4524, 4431, 5141, 5383, 7609, 12807, 19001, 14368, 6704, 14903, 4172, 117, 18698, 1699, 16558, 7518, 10618, 2110, 10308, 7828, 6623, 17644, 4449, 951, 13858, 15106, 8402, 916, 4771, 8608, 6448, 6656, 13547, 2814, 8336, 8093, 6398, 637, 9909, 10621, 786, 14146, 17292, 9457, 3, 2884, 14785, 10504, 16361, 8181, 17690, 654, 11067, 18741, 386, 18208, 10130, 8079, 7082, 14740, 8076, 18619, 14428, 10992, 12679, 9431, 18328, 13606, 7641, 13542, 1002, 11975, 15646, 19078, 1352, 8683, 16053, 11763, 14823, 7059, 4995, 3754, 6213, 10090, 19084, 1973, 8131, 5353, 836, 13960, 3217, 4885, 9645, 16941, 14750, 13171, 9132, 1355, 4440, 15747, 8233, 6008, 12781, 16749, 13905, 18198, 5033, 2910, 16502, 1233, 965, 16926, 3944, 13518, 18213, 12739, 9972, 14609, 5764, 6128, 9532, 12680, 3672, 5458, 6822, 11547, 3163, 8040, 14081, 8369, 18182, 17541, 11552, 12451, 15074, 1783, 17730, 1690, 16992, 2490, 2459, 18065, 320, 18311, 45, 9495, 4572, 544, 12731, 16811, 15096, 14957, 4594, 16607, 2449, 7791, 13659, 8892, 1713, 17336, 6598, 13832, 10495, 18937, 3067, 3473, 12715, 13492, 14787, 16503, 17899, 16638, 2408, 7141, 10590, 2917, 14650, 12571, 4321, 2855, 1829, 3736, 3381, 11069, 16093, 15201, 14311, 9836, 18289, 16899, 897, 13981, 12223, 8884, 15721, 7778, 13648, 5737, 6550, 19249, 2715, 447, 12941, 8915, 18963, 16291, 760, 5869, 3635, 3439, 6740, 5003, 3174, 2945, 16056, 4860, 11216, 7363, 1147, 12124, 9764, 11245, 4361, 7784, 16285, 17057, 11203, 5114, 17655, 12056, 17890, 7741, 15799, 10258, 16088, 19222, 15303, 1433, 5991, 322, 2322, 3156, 9940, 7814, 17068, 16968, 10018, 1991, 11946, 8705, 10371, 4619, 11074, 2034, 15550, 11743, 18666, 13494, 14175, 13948, 15123, 11154, 10397, 1701, 4770, 839, 12085, 16500, 16241, 1535, 18782, 2221, 539, 18405, 4245, 103, 1571, 16945, 12196, 9441, 1732, 1367, 3596, 4794, 7230, 5245, 17483, 2955, 2003, 11509, 4044, 12934, 3456, 16693, 593, 4582, 14076, 10972, 1965, 7227, 14324, 8658, 3772, 8355, 11889, 1908, 2684, 10026, 1666, 16507, 5589, 9295, 8389, 2099, 18653, 13808, 19147, 6675, 10970, 2788, 19028, 16983, 16166, 9845, 8160, 11381, 10088, 10333, 11716, 14695, 12697, 4365, 3747, 17296, 11904, 74, 7047, 10639, 13094, 940, 10478, 2032, 6642, 14896, 10840, 5430, 5556, 12597, 2183, 18403, 4252, 14613, 18283, 8790, 12140, 13540, 13353, 14114, 13297, 4056, 14038, 11299, 13770, 11433, 14285, 1526, 1955, 15711, 255, 12481, 612, 1635, 4886, 357, 11434, 9524, 13106, 2607, 5391, 9406, 2331, 624, 2749, 17849, 9829, 11436, 18426, 9481, 18550, 15647, 532, 11720, 11824, 15610, 15741, 7902, 13558, 17967, 14539, 17889, 4631, 1238, 16921, 7787, 15293, 3108, 8215, 2851, 4514, 12938, 16730, 17178, 4890, 17960, 4725, 7917, 3191, 8231, 16341, 8195, 10913, 2173, 5557, 2637, 16896, 5806, 1815, 1451, 8864, 2290, 12108, 5328, 6203, 2431, 7508, 17898, 17188, 6897, 1199, 15526, 18437, 6631, 8644, 16917, 14964, 14233, 2454, 584, 4830, 7199, 4180, 14889, 5761, 13756, 6917, 7756, 18880, 15095, 1816, 14070, 16252, 7429, 16589, 1631, 15968, 15221, 12478, 18594, 1477, 5637, 12058, 1205, 13397, 9107, 18654, 1968, 3759, 13147, 14144, 14973, 12452, 18020, 13592, 17920, 13687, 11335, 7207, 418, 7834, 778, 12982, 10688, 9031, 509, 9601, 9780, 17040, 12023, 3916, 91, 6536, 18535, 7547, 15240, 707, 14533, 15064, 17012, 16805, 8637, 5969, 16221, 1940, 13307, 4717, 12615, 18220, 11028, 12170, 1743, 2376, 12415, 14220, 18827, 1294, 18543, 6977, 15309, 11778, 11842, 17103, 3857, 4637, 12162, 19169, 17166, 18237, 17818, 9507, 19022, 5790, 19112, 15611, 1118, 15184, 18703, 1817, 15530, 16579, 8437, 11839, 11378, 3537, 9205, 9217, 16272, 18759, 16828, 12002, 8348, 1723, 3481, 14115, 379, 8544, 264, 6015, 7672, 2253, 7364, 3706, 13796, 17139, 16125, 12059, 9623, 7185, 2418, 18230, 3087, 281, 4379, 1796, 8459, 4400, 17824, 2736, 16446, 13525, 15341, 3275, 7872, 1662, 7557, 4319, 15442, 7181, 10456, 4963, 17048, 16943, 12784, 3441, 5240, 9975, 13216, 17702, 11594, 13554, 6165, 19168, 16070, 3540, 3262, 10661, 4061, 13173, 2875, 17014, 4349, 10818, 8428, 16764, 14232, 8930, 15734, 17680, 7069, 15684, 17050, 18987, 6914, 6863, 19263, 10595, 150, 10039, 2722, 18223, 16444, 6559, 7258, 2661, 7699, 17136, 12773, 4247, 5723, 15194, 1696, 1500, 2807, 9893, 11835, 13240, 18313, 17107, 10265, 10244, 5570, 2862, 14049, 1012, 12861, 723, 9583, 17461, 10056, 1264, 8297, 3716, 14666, 15259, 13531, 543, 13723, 16810, 6700, 3516, 13766, 7186, 10692, 6321, 15484, 14547, 8744, 3703, 10383, 16829, 6366, 6846, 3906, 2021, 18133, 857, 279, 12232, 10212, 10541, 12325, 13475, 1225, 937, 6966, 10881, 16936, 18502, 1440, 11914, 3326, 5633, 14913, 4623, 10743, 12361, 17335, 1072, 5043, 14810, 15077, 3255, 17215, 6553, 17852, 4801, 6962, 3060, 9430, 8799, 13824, 188, 15175, 15163, 4733, 5011, 3536, 17635, 6532, 14071, 6112, 17158, 6597, 11272, 105, 19219, 5013, 12483, 201, 6848, 17033, 6367, 7859, 14702, 18844, 7053, 18694, 15670, 636, 10129, 6378, 5369, 7273, 16247, 9142, 15345, 16817, 14854, 2600, 15783, 889, 11833, 6612, 2068, 2427, 7062, 7918, 16181, 5464, 8339, 8950, 8453, 16423, 6064, 2380, 4268, 13929, 12974, 19141, 1299, 2484, 3883, 3273, 8772, 13256, 11239, 5766, 18098, 12705, 11004, 2695, 10048, 10960, 2766, 15661, 13258, 8015, 6032, 16397, 7749, 19039, 7634, 15076, 4234, 15114, 8475, 8091, 19220, 18004, 9704, 13918, 15569, 16443, 10015, 9943, 7817, 9349, 2588, 8249, 398, 5316, 15538, 18372, 13559, 2937, 2803, 16248, 6155, 630, 9911, 13190, 19157, 15788, 13248, 13148, 1320, 12074, 8471, 8798, 3213, 12418, 814, 2402, 12718, 12397, 10564, 9875, 10128, 6947, 9491, 17707, 3266, 19196, 14309, 18523, 19043, 17975, 18063, 11618, 15016, 14434, 7680, 1739, 18029, 11694, 1745, 9271, 5189, 9561, 11283, 14978, 10753, 16017, 12914, 978, 2828, 17257, 13135, 5061, 121, 6602, 16015, 19271, 12159, 1244, 8260, 13195, 15873, 12815, 14291, 14515, 118, 4892, 14985, 9551, 12654, 4739, 927, 12176, 9523, 11726, 18187, 5880, 2569, 3386, 13942, 3390, 15774, 129, 65, 12922, 8422, 12692, 16213, 11515, 2111, 8347, 10758, 14064, 4401, 17782, 15621, 6709, 14716, 4091, 13964, 8424, 4218, 7249, 11311, 11171, 18564, 14755, 7114, 14009, 14815, 294, 495, 7684, 6833, 4046, 3505, 16995, 17858, 7761, 15803, 9840, 13958, 8226, 10369, 12497, 17142, 1748, 2854, 7159, 11539, 11055, 13337, 17173, 14214, 6803, 11144, 12649, 283, 15489, 13174, 7015, 610, 7030, 18206, 14077, 15468, 14962, 8046, 7809, 17387, 16034, 16678, 1173, 3502, 12942, 15655, 16859, 7099, 1673, 446, 1365, 5881, 3713, 11697, 1897, 16001, 1702, 14149, 11876, 9341, 4325, 6923, 2001, 138, 3276, 18716, 17604, 10501, 115, 12800, 6111, 11148, 4549, 16057, 4707, 6843, 16091, 4295, 7519, 13708, 12409, 11018, 5052, 13566, 14715, 12755, 793, 10837, 1888, 12375, 3935, 5763, 11791, 11258, 13264, 11469, 4683, 8905, 1853, 11600, 4421, 2798, 5074, 18141, 13807, 8595, 8126, 13837, 8060, 6956, 11767, 14560, 9389, 15261, 1232, 12560, 7262, 11504, 3546, 4627, 1177, 517, 4008, 9219, 17696, 4148, 14124, 13243, 11235, 7561, 8331, 16320, 3591, 11341, 4015, 12028, 14929, 18601, 3528, 14065, 1510, 19191, 13833, 17616, 10869, 17689, 831, 16725, 6319, 15465, 10467, 8162, 13563, 7728, 10778, 13545, 12290, 16480, 14401, 12838, 4212, 17529, 4832, 15111, 12690, 10373, 7596, 18614, 17477, 1043, 13100, 4774, 17479, 3774, 9302, 3901, 13071, 6412, 9516, 1261, 3054, 13522, 17602, 14343, 18500, 10957, 2791, 9624, 3634, 17904, 5709, 14670, 11058, 7087, 7435, 13848, 82, 5565, 2562, 14029, 3583, 1676, 12709, 18473, 3158, 12787, 8068, 8263, 16146, 3593, 1802, 1861, 3348, 4487, 17749, 6105, 10471, 17472, 10200, 1182, 14180, 1076, 10156, 4839, 9903, 4879, 9720, 2157, 15344, 16067, 3064, 17182, 5368, 4987, 18484, 18923, 11896, 1052, 15727, 15289, 5885, 1933, 5251, 17072, 6038, 6195, 13524, 6606, 18506, 17536, 6784, 3231, 14121, 8925, 10030, 803, 13764, 146, 19268, 14099, 4130, 16372, 1537, 12248, 13718, 17187, 11728, 1740, 19233, 5600, 4092, 4779, 6028, 3395, 16152, 19150, 2417, 11980, 11237, 8427, 18127, 3538, 9257, 607, 2078, 18457, 5802, 3435, 15019, 4256, 9221, 13465, 11742, 5788, 9528, 17493, 4607, 3131, 6616, 5356, 1550, 4617, 8827, 849, 2601, 4437, 17861, 10261, 15704, 3890, 8149, 12063, 3086, 15925, 12301, 6847, 5603, 7768, 3187, 13372, 9258, 6584, 7594, 2603, 1835, 17380, 17193, 15251, 15937, 18731, 4082, 14911, 16626, 8824, 16208, 10167, 17711, 9678, 15852, 13620, 16479, 14586, 2446, 4866, 1315, 7746, 10615, 7927, 2443, 7157, 13506, 18410, 10494]",1693,1500,3,False,1500
2491,email query,email query,15,True,True,True,"{21: 26, 33: 14, 2: 18, 29: 13, 25: 57, 43: 9, 57: 16, 49: 16, 61: 14, 67: 52, 65: 21, 50: 28, 15: 53, 6: 13, 46: 15, 27: 69, 7: 65, 48: 67, 19: 21, 31: 14, 63: 26, 22: 39, 9: 79, 26: 40, 47: 15, 53: 66, 11: 19, 51: 26, 54: 9, 13: 32, 17: 37, 52: 30, 39: 27, 38: 19, 1: 6, 59: 33, 56: 23, 32: 9, 8: 25, 4: 12, 20: 26, 24: 7, 18: 31, 42: 7, 28: 31, 45: 57, 0: 13, 66: 11, 62: 11, 35: 7, 64: 15, 37: 2, 40: 25, 3: 3, 14: 5, 12: 8, 16: 15, 55: 16, 30: 13, 58: 6, 36: 4, 60: 5, 5: 3, 41: 2, 44: 2, 34: 2}","[12686, 3384, 6034, 14374, 14516, 14680, 18580, 5912, 661, 4433, 14182, 14634, 14672, 13694, 17233, 12320, 12666, 7276, 14925, 15315, 1125, 14820, 3769, 14096, 12401, 14972, 14176, 4685, 4278, 5735, 7514, 16051, 15882, 4696, 17145, 19193, 12994, 9901, 13641, 15193, 6739, 9240, 1608, 14664, 18117, 5676, 15714, 5964, 5329, 16651, 15936, 14441, 15878, 18316, 14255, 18692, 5858, 4640, 10716, 13839, 16635, 2097, 11464, 12427, 2320, 14629, 7617, 16183, 16205, 2170, 4384, 6683, 5285, 18707, 6780, 4231, 2404, 4895, 18091, 2944, 13054, 3904, 3491, 9455, 15985, 10432, 8657, 15304, 9114, 5838, 5197, 17244, 6207, 3970, 17246, 3950, 6168, 8697, 6800, 9942, 11118, 8582, 6355, 15275, 4581, 12724, 11921, 1833, 523, 7619, 15729, 176, 8576, 3101, 1573, 1283, 11796, 11277, 2547, 1738, 6806, 15187, 7129, 5179, 5854, 16373, 9231, 6270, 777, 2062, 13249, 4144, 6325, 3924, 5350, 14414, 3142, 2249, 6444, 13582, 2833, 18030, 6483, 18404, 15057, 7482, 15001, 15872, 14584, 10835, 954, 7257, 1381, 17819, 17518, 6497, 14430, 4901, 16466, 10805, 132, 7506, 755, 14427, 12119, 16613, 19042, 14994, 11257, 8042, 2144, 5966, 1580, 8010, 2550, 10684, 14088, 5037, 8764, 17076, 14185, 15984, 5299, 16601, 19182, 13197, 14561, 12605, 17010, 2703, 6715, 11207, 10188, 212, 2293, 17676, 1720, 5934, 112, 8568, 15870, 3226, 4524, 4431, 5141, 5383, 7609, 12807, 19001, 14368, 6704, 14903, 4172, 117, 18698, 1699, 16558, 7518, 10618, 2110, 10308, 7828, 6623, 17644, 4449, 951, 13858, 15106, 8402, 916, 4771, 8608, 6448, 6656, 13547, 2814, 8336, 8093, 6398, 637, 9909, 10621, 786, 14146, 17292, 9457, 3, 2884, 14785, 10504, 16361, 8181, 17690, 654, 11067, 18741, 386, 18208, 10130, 8079, 7082, 14740, 8076, 18619, 14428, 10992, 12679, 9431, 18328, 13606, 7641, 13542, 1002, 11975, 15646, 19078, 1352, 8683, 16053, 11763, 14823, 7059, 4995, 3754, 6213, 10090, 19084, 1973, 8131, 5353, 836, 13960, 3217, 4885, 9645, 16941, 14750, 13171, 9132, 1355, 4440, 15747, 8233, 6008, 12781, 16749, 13905, 18198, 5033, 2910, 16502, 1233, 965, 16926, 3944, 13518, 18213, 12739, 9972, 14609, 5764, 6128, 9532, 12680, 3672, 5458, 6822, 11547, 3163, 8040, 14081, 8369, 18182, 17541, 11552, 12451, 15074, 1783, 17730, 1690, 16992, 2490, 2459, 18065, 320, 18311, 45, 9495, 4572, 544, 12731, 16811, 15096, 14957, 4594, 16607, 2449, 7791, 13659, 8892, 1713, 17336, 6598, 13832, 10495, 18937, 3067, 3473, 12715, 13492, 14787, 16503, 17899, 16638, 2408, 7141, 10590, 2917, 14650, 12571, 4321, 2855, 1829, 3736, 3381, 11069, 16093, 15201, 14311, 9836, 18289, 16899, 897, 13981, 12223, 8884, 15721, 7778, 13648, 5737, 6550, 19249, 2715, 447, 12941, 8915, 18963, 16291, 760, 5869, 3635, 3439, 6740, 5003, 3174, 2945, 16056, 4860, 11216, 7363, 1147, 12124, 9764, 11245, 4361, 7784, 16285, 17057, 11203, 5114, 17655, 12056, 17890, 7741, 15799, 10258, 16088, 19222, 15303, 1433, 5991, 322, 2322, 3156, 9940, 7814, 17068, 16968, 10018, 1991, 11946, 8705, 10371, 4619, 11074, 2034, 15550, 11743, 18666, 13494, 14175, 13948, 15123, 11154, 10397, 1701, 4770, 839, 12085, 16500, 16241, 1535, 18782, 2221, 539, 18405, 4245, 103, 1571, 16945, 12196, 9441, 1732, 1367, 3596, 4794, 7230, 5245, 17483, 2955, 2003, 11509, 4044, 12934, 3456, 16693, 593, 4582, 14076, 10972, 1965, 7227, 14324, 8658, 3772, 8355, 11889, 1908, 2684, 10026, 1666, 16507, 5589, 9295, 8389, 2099, 18653, 13808, 19147, 6675, 10970, 2788, 19028, 16983, 16166, 9845, 8160, 11381, 10088, 10333, 11716, 14695, 12697, 4365, 3747, 17296, 11904, 74, 7047, 10639, 13094, 940, 10478, 2032, 6642, 14896, 10840, 5430, 5556, 12597, 2183, 18403, 4252, 14613, 18283, 8790, 12140, 13540, 13353, 14114, 13297, 4056, 14038, 11299, 13770, 11433, 14285, 1526, 1955, 15711, 255, 12481, 612, 1635, 4886, 357, 11434, 9524, 13106, 2607, 5391, 9406, 2331, 624, 2749, 17849, 9829, 11436, 18426, 9481, 18550, 15647, 532, 11720, 11824, 15610, 15741, 7902, 13558, 17967, 14539, 17889, 4631, 1238, 16921, 7787, 15293, 3108, 8215, 2851, 4514, 12938, 16730, 17178, 4890, 17960, 4725, 7917, 3191, 8231, 16341, 8195, 10913, 2173, 5557, 2637, 16896, 5806, 1815, 1451, 8864, 2290, 12108, 5328, 6203, 2431, 7508, 17898, 17188, 6897, 1199, 15526, 18437, 6631, 8644, 16917, 14964, 14233, 2454, 584, 4830, 7199, 4180, 14889, 5761, 13756, 6917, 7756, 18880, 15095, 1816, 14070, 16252, 7429, 16589, 1631, 15968, 15221, 12478, 18594, 1477, 5637, 12058, 1205, 13397, 9107, 18654, 1968, 3759, 13147, 14144, 14973, 12452, 18020, 13592, 17920, 13687, 11335, 7207, 418, 7834, 778, 12982, 10688, 9031, 509, 9601, 9780, 17040, 12023, 3916, 91, 6536, 18535, 7547, 15240, 707, 14533, 15064, 17012, 16805, 8637, 5969, 16221, 1940, 13307, 4717, 12615, 18220, 11028, 12170, 1743, 2376, 12415, 14220, 18827, 1294, 18543, 6977, 15309, 11778, 11842, 17103, 3857, 4637, 12162, 19169, 17166, 18237, 17818, 9507, 19022, 5790, 19112, 15611, 1118, 15184, 18703, 1817, 15530, 16579, 8437, 11839, 11378, 3537, 9205, 9217, 16272, 18759, 16828, 12002, 8348, 1723, 3481, 14115, 379, 8544, 264, 6015, 7672, 2253, 7364, 3706, 13796, 17139, 16125, 12059, 9623, 7185, 2418, 18230, 3087, 281, 4379, 1796, 8459, 4400, 17824, 2736, 16446, 13525, 15341, 3275, 7872, 1662, 7557, 4319, 15442, 7181, 10456, 4963, 17048, 16943, 12784, 3441, 5240, 9975, 13216, 17702, 11594, 13554, 6165, 19168, 16070, 3540, 3262, 10661, 4061, 13173, 2875, 17014, 4349, 10818, 8428, 16764, 14232, 8930, 15734, 17680, 7069, 15684, 17050, 18987, 6914, 6863, 19263, 10595, 150, 10039, 2722, 18223, 16444, 6559, 7258, 2661, 7699, 17136, 12773, 4247, 5723, 15194, 1696, 1500, 2807, 9893, 11835, 13240, 18313, 17107, 10265, 10244, 5570, 2862, 14049, 1012, 12861, 723, 9583, 17461, 10056, 1264, 8297, 3716, 14666, 15259, 13531, 543, 13723, 16810, 6700, 3516, 13766, 7186, 10692, 6321, 15484, 14547, 8744, 3703, 10383, 16829, 6366, 6846, 3906, 2021, 18133, 857, 279, 12232, 10212, 10541, 12325, 13475, 1225, 937, 6966, 10881, 16936, 18502, 1440, 11914, 3326, 5633, 14913, 4623, 10743, 12361, 17335, 1072, 5043, 14810, 15077, 3255, 17215, 6553, 17852, 4801, 6962, 3060, 9430, 8799, 13824, 188, 15175, 15163, 4733, 5011, 3536, 17635, 6532, 14071, 6112, 17158, 6597, 11272, 105, 19219, 5013, 12483, 201, 6848, 17033, 6367, 7859, 14702, 18844, 7053, 18694, 15670, 636, 10129, 6378, 5369, 7273, 16247, 9142, 15345, 16817, 14854, 2600, 15783, 889, 11833, 6612, 2068, 2427, 7062, 7918, 16181, 5464, 8339, 8950, 8453, 16423, 6064, 2380, 4268, 13929, 12974, 19141, 1299, 2484, 3883, 3273, 8772, 13256, 11239, 5766, 18098, 12705, 11004, 2695, 10048, 10960, 2766, 15661, 13258, 8015, 6032, 16397, 7749, 19039, 7634, 15076, 4234, 15114, 8475, 8091, 19220, 18004, 9704, 13918, 15569, 16443, 10015, 9943, 7817, 9349, 2588, 8249, 398, 5316, 15538, 18372, 13559, 2937, 2803, 16248, 6155, 630, 9911, 13190, 19157, 15788, 13248, 13148, 1320, 12074, 8471, 8798, 3213, 12418, 814, 2402, 12718, 12397, 10564, 9875, 10128, 6947, 9491, 17707, 3266, 19196, 14309, 18523, 19043, 17975, 18063, 11618, 15016, 14434, 7680, 1739, 18029, 11694, 1745, 9271, 5189, 9561, 11283, 14978, 10753, 16017, 12914, 978, 2828, 17257, 13135, 5061, 121, 6602, 16015, 19271, 12159, 1244, 8260, 13195, 15873, 12815, 14291, 14515, 118, 4892, 14985, 9551, 12654, 4739, 927, 12176, 9523, 11726, 18187, 5880, 2569, 3386, 13942, 3390, 15774, 129, 65, 12922, 8422, 12692, 16213, 11515, 2111, 8347, 10758, 14064, 4401, 17782, 15621, 6709, 14716, 4091, 13964, 8424, 4218, 7249, 11311, 11171, 18564, 14755, 7114, 14009, 14815, 294, 495, 7684, 6833, 4046, 3505, 16995, 17858, 7761, 15803, 9840, 13958, 8226, 10369, 12497, 17142, 1748, 2854, 7159, 11539, 11055, 13337, 17173, 14214, 6803, 11144, 12649, 283, 15489, 13174, 7015, 610, 7030, 18206, 14077, 15468, 14962, 8046, 7809, 17387, 16034, 16678, 1173, 3502, 12942, 15655, 16859, 7099, 1673, 446, 1365, 5881, 3713, 11697, 1897, 16001, 1702, 14149, 11876, 9341, 4325, 6923, 2001, 138, 3276, 18716, 17604, 10501, 115, 12800, 6111, 11148, 4549, 16057, 4707, 6843, 16091, 4295, 7519, 13708, 12409, 11018, 5052, 13566, 14715, 12755, 793, 10837, 1888, 12375, 3935, 5763, 11791, 11258, 13264, 11469, 4683, 8905, 1853, 11600, 4421, 2798, 5074, 18141, 13807, 8595, 8126, 13837, 8060, 6956, 11767, 14560, 9389, 15261, 1232, 12560, 7262, 11504, 3546, 4627, 1177, 517, 4008, 9219, 17696, 4148, 14124, 13243, 11235, 7561, 8331, 16320, 3591, 11341, 4015, 12028, 14929, 18601, 3528, 14065, 1510, 19191, 13833, 17616, 10869, 17689, 831, 16725, 6319, 15465, 10467, 8162, 13563, 7728, 10778, 13545, 12290, 16480, 14401, 12838, 4212, 17529, 4832, 15111, 12690, 10373, 7596, 18614, 17477, 1043, 13100, 4774, 17479, 3774, 9302, 3901, 13071, 6412, 9516, 1261, 3054, 13522, 17602, 14343, 18500, 10957, 2791, 9624, 3634, 17904, 5709, 14670, 11058, 7087, 7435, 13848, 82, 5565, 2562, 14029, 3583, 1676, 12709, 18473, 3158, 12787, 8068, 8263, 16146, 3593, 1802, 1861, 3348, 4487, 17749, 6105, 10471, 17472, 10200, 1182, 14180, 1076, 10156, 4839, 9903, 4879, 9720, 2157, 15344, 16067, 3064, 17182, 5368, 4987, 18484, 18923, 11896, 1052, 15727, 15289, 5885, 1933, 5251, 17072, 6038, 6195, 13524, 6606, 18506, 17536, 6784, 3231, 14121, 8925, 10030, 803, 13764, 146, 19268, 14099, 4130, 16372, 1537, 12248, 13718, 17187, 11728, 1740, 19233, 5600, 4092, 4779, 6028, 3395, 16152, 19150, 2417, 11980, 11237, 8427, 18127, 3538, 9257, 607, 2078, 18457, 5802, 3435, 15019, 4256, 9221, 13465, 11742, 5788, 9528, 17493, 4607, 3131, 6616, 5356, 1550, 4617, 8827, 849, 2601, 4437, 17861, 10261, 15704, 3890, 8149, 12063, 3086, 15925, 12301, 6847, 5603, 7768, 3187, 13372, 9258, 6584, 7594, 2603, 1835, 17380, 17193, 15251, 15937, 18731, 4082, 14911, 16626, 8824, 16208, 10167, 17711, 9678, 15852, 13620, 16479, 14586, 2446, 4866, 1315, 7746, 10615, 7927, 2443, 7157, 13506, 18410, 10494]",2491,1500,3,False,1500
5064,calendar query,calendar query,7,True,True,True,"{21: 26, 33: 14, 2: 18, 29: 13, 25: 57, 43: 9, 57: 16, 49: 16, 61: 14, 67: 52, 65: 21, 50: 28, 15: 53, 6: 13, 46: 15, 27: 69, 7: 65, 48: 67, 19: 21, 31: 14, 63: 26, 22: 39, 9: 79, 26: 40, 47: 15, 53: 66, 11: 19, 51: 26, 54: 9, 13: 32, 17: 37, 52: 30, 39: 27, 38: 19, 1: 6, 59: 33, 56: 23, 32: 9, 8: 25, 4: 12, 20: 26, 24: 7, 18: 31, 42: 7, 28: 31, 45: 57, 0: 13, 66: 11, 62: 11, 35: 7, 64: 15, 37: 2, 40: 25, 3: 3, 14: 5, 12: 8, 16: 15, 55: 16, 30: 13, 58: 6, 36: 4, 60: 5, 5: 3, 41: 2, 44: 2, 34: 2}","[12686, 3384, 6034, 14374, 14516, 14680, 18580, 5912, 661, 4433, 14182, 14634, 14672, 13694, 17233, 12320, 12666, 7276, 14925, 15315, 1125, 14820, 3769, 14096, 12401, 14972, 14176, 4685, 4278, 5735, 7514, 16051, 15882, 4696, 17145, 19193, 12994, 9901, 13641, 15193, 6739, 9240, 1608, 14664, 18117, 5676, 15714, 5964, 5329, 16651, 15936, 14441, 15878, 18316, 14255, 18692, 5858, 4640, 10716, 13839, 16635, 2097, 11464, 12427, 2320, 14629, 7617, 16183, 16205, 2170, 4384, 6683, 5285, 18707, 6780, 4231, 2404, 4895, 18091, 2944, 13054, 3904, 3491, 9455, 15985, 10432, 8657, 15304, 9114, 5838, 5197, 17244, 6207, 3970, 17246, 3950, 6168, 8697, 6800, 9942, 11118, 8582, 6355, 15275, 4581, 12724, 11921, 1833, 523, 7619, 15729, 176, 8576, 3101, 1573, 1283, 11796, 11277, 2547, 1738, 6806, 15187, 7129, 5179, 5854, 16373, 9231, 6270, 777, 2062, 13249, 4144, 6325, 3924, 5350, 14414, 3142, 2249, 6444, 13582, 2833, 18030, 6483, 18404, 15057, 7482, 15001, 15872, 14584, 10835, 954, 7257, 1381, 17819, 17518, 6497, 14430, 4901, 16466, 10805, 132, 7506, 755, 14427, 12119, 16613, 19042, 14994, 11257, 8042, 2144, 5966, 1580, 8010, 2550, 10684, 14088, 5037, 8764, 17076, 14185, 15984, 5299, 16601, 19182, 13197, 14561, 12605, 17010, 2703, 6715, 11207, 10188, 212, 2293, 17676, 1720, 5934, 112, 8568, 15870, 3226, 4524, 4431, 5141, 5383, 7609, 12807, 19001, 14368, 6704, 14903, 4172, 117, 18698, 1699, 16558, 7518, 10618, 2110, 10308, 7828, 6623, 17644, 4449, 951, 13858, 15106, 8402, 916, 4771, 8608, 6448, 6656, 13547, 2814, 8336, 8093, 6398, 637, 9909, 10621, 786, 14146, 17292, 9457, 3, 2884, 14785, 10504, 16361, 8181, 17690, 654, 11067, 18741, 386, 18208, 10130, 8079, 7082, 14740, 8076, 18619, 14428, 10992, 12679, 9431, 18328, 13606, 7641, 13542, 1002, 11975, 15646, 19078, 1352, 8683, 16053, 11763, 14823, 7059, 4995, 3754, 6213, 10090, 19084, 1973, 8131, 5353, 836, 13960, 3217, 4885, 9645, 16941, 14750, 13171, 9132, 1355, 4440, 15747, 8233, 6008, 12781, 16749, 13905, 18198, 5033, 2910, 16502, 1233, 965, 16926, 3944, 13518, 18213, 12739, 9972, 14609, 5764, 6128, 9532, 12680, 3672, 5458, 6822, 11547, 3163, 8040, 14081, 8369, 18182, 17541, 11552, 12451, 15074, 1783, 17730, 1690, 16992, 2490, 2459, 18065, 320, 18311, 45, 9495, 4572, 544, 12731, 16811, 15096, 14957, 4594, 16607, 2449, 7791, 13659, 8892, 1713, 17336, 6598, 13832, 10495, 18937, 3067, 3473, 12715, 13492, 14787, 16503, 17899, 16638, 2408, 7141, 10590, 2917, 14650, 12571, 4321, 2855, 1829, 3736, 3381, 11069, 16093, 15201, 14311, 9836, 18289, 16899, 897, 13981, 12223, 8884, 15721, 7778, 13648, 5737, 6550, 19249, 2715, 447, 12941, 8915, 18963, 16291, 760, 5869, 3635, 3439, 6740, 5003, 3174, 2945, 16056, 4860, 11216, 7363, 1147, 12124, 9764, 11245, 4361, 7784, 16285, 17057, 11203, 5114, 17655, 12056, 17890, 7741, 15799, 10258, 16088, 19222, 15303, 1433, 5991, 322, 2322, 3156, 9940, 7814, 17068, 16968, 10018, 1991, 11946, 8705, 10371, 4619, 11074, 2034, 15550, 11743, 18666, 13494, 14175, 13948, 15123, 11154, 10397, 1701, 4770, 839, 12085, 16500, 16241, 1535, 18782, 2221, 539, 18405, 4245, 103, 1571, 16945, 12196, 9441, 1732, 1367, 3596, 4794, 7230, 5245, 17483, 2955, 2003, 11509, 4044, 12934, 3456, 16693, 593, 4582, 14076, 10972, 1965, 7227, 14324, 8658, 3772, 8355, 11889, 1908, 2684, 10026, 1666, 16507, 5589, 9295, 8389, 2099, 18653, 13808, 19147, 6675, 10970, 2788, 19028, 16983, 16166, 9845, 8160, 11381, 10088, 10333, 11716, 14695, 12697, 4365, 3747, 17296, 11904, 74, 7047, 10639, 13094, 940, 10478, 2032, 6642, 14896, 10840, 5430, 5556, 12597, 2183, 18403, 4252, 14613, 18283, 8790, 12140, 13540, 13353, 14114, 13297, 4056, 14038, 11299, 13770, 11433, 14285, 1526, 1955, 15711, 255, 12481, 612, 1635, 4886, 357, 11434, 9524, 13106, 2607, 5391, 9406, 2331, 624, 2749, 17849, 9829, 11436, 18426, 9481, 18550, 15647, 532, 11720, 11824, 15610, 15741, 7902, 13558, 17967, 14539, 17889, 4631, 1238, 16921, 7787, 15293, 3108, 8215, 2851, 4514, 12938, 16730, 17178, 4890, 17960, 4725, 7917, 3191, 8231, 16341, 8195, 10913, 2173, 5557, 2637, 16896, 5806, 1815, 1451, 8864, 2290, 12108, 5328, 6203, 2431, 7508, 17898, 17188, 6897, 1199, 15526, 18437, 6631, 8644, 16917, 14964, 14233, 2454, 584, 4830, 7199, 4180, 14889, 5761, 13756, 6917, 7756, 18880, 15095, 1816, 14070, 16252, 7429, 16589, 1631, 15968, 15221, 12478, 18594, 1477, 5637, 12058, 1205, 13397, 9107, 18654, 1968, 3759, 13147, 14144, 14973, 12452, 18020, 13592, 17920, 13687, 11335, 7207, 418, 7834, 778, 12982, 10688, 9031, 509, 9601, 9780, 17040, 12023, 3916, 91, 6536, 18535, 7547, 15240, 707, 14533, 15064, 17012, 16805, 8637, 5969, 16221, 1940, 13307, 4717, 12615, 18220, 11028, 12170, 1743, 2376, 12415, 14220, 18827, 1294, 18543, 6977, 15309, 11778, 11842, 17103, 3857, 4637, 12162, 19169, 17166, 18237, 17818, 9507, 19022, 5790, 19112, 15611, 1118, 15184, 18703, 1817, 15530, 16579, 8437, 11839, 11378, 3537, 9205, 9217, 16272, 18759, 16828, 12002, 8348, 1723, 3481, 14115, 379, 8544, 264, 6015, 7672, 2253, 7364, 3706, 13796, 17139, 16125, 12059, 9623, 7185, 2418, 18230, 3087, 281, 4379, 1796, 8459, 4400, 17824, 2736, 16446, 13525, 15341, 3275, 7872, 1662, 7557, 4319, 15442, 7181, 10456, 4963, 17048, 16943, 12784, 3441, 5240, 9975, 13216, 17702, 11594, 13554, 6165, 19168, 16070, 3540, 3262, 10661, 4061, 13173, 2875, 17014, 4349, 10818, 8428, 16764, 14232, 8930, 15734, 17680, 7069, 15684, 17050, 18987, 6914, 6863, 19263, 10595, 150, 10039, 2722, 18223, 16444, 6559, 7258, 2661, 7699, 17136, 12773, 4247, 5723, 15194, 1696, 1500, 2807, 9893, 11835, 13240, 18313, 17107, 10265, 10244, 5570, 2862, 14049, 1012, 12861, 723, 9583, 17461, 10056, 1264, 8297, 3716, 14666, 15259, 13531, 543, 13723, 16810, 6700, 3516, 13766, 7186, 10692, 6321, 15484, 14547, 8744, 3703, 10383, 16829, 6366, 6846, 3906, 2021, 18133, 857, 279, 12232, 10212, 10541, 12325, 13475, 1225, 937, 6966, 10881, 16936, 18502, 1440, 11914, 3326, 5633, 14913, 4623, 10743, 12361, 17335, 1072, 5043, 14810, 15077, 3255, 17215, 6553, 17852, 4801, 6962, 3060, 9430, 8799, 13824, 188, 15175, 15163, 4733, 5011, 3536, 17635, 6532, 14071, 6112, 17158, 6597, 11272, 105, 19219, 5013, 12483, 201, 6848, 17033, 6367, 7859, 14702, 18844, 7053, 18694, 15670, 636, 10129, 6378, 5369, 7273, 16247, 9142, 15345, 16817, 14854, 2600, 15783, 889, 11833, 6612, 2068, 2427, 7062, 7918, 16181, 5464, 8339, 8950, 8453, 16423, 6064, 2380, 4268, 13929, 12974, 19141, 1299, 2484, 3883, 3273, 8772, 13256, 11239, 5766, 18098, 12705, 11004, 2695, 10048, 10960, 2766, 15661, 13258, 8015, 6032, 16397, 7749, 19039, 7634, 15076, 4234, 15114, 8475, 8091, 19220, 18004, 9704, 13918, 15569, 16443, 10015, 9943, 7817, 9349, 2588, 8249, 398, 5316, 15538, 18372, 13559, 2937, 2803, 16248, 6155, 630, 9911, 13190, 19157, 15788, 13248, 13148, 1320, 12074, 8471, 8798, 3213, 12418, 814, 2402, 12718, 12397, 10564, 9875, 10128, 6947, 9491, 17707, 3266, 19196, 14309, 18523, 19043, 17975, 18063, 11618, 15016, 14434, 7680, 1739, 18029, 11694, 1745, 9271, 5189, 9561, 11283, 14978, 10753, 16017, 12914, 978, 2828, 17257, 13135, 5061, 121, 6602, 16015, 19271, 12159, 1244, 8260, 13195, 15873, 12815, 14291, 14515, 118, 4892, 14985, 9551, 12654, 4739, 927, 12176, 9523, 11726, 18187, 5880, 2569, 3386, 13942, 3390, 15774, 129, 65, 12922, 8422, 12692, 16213, 11515, 2111, 8347, 10758, 14064, 4401, 17782, 15621, 6709, 14716, 4091, 13964, 8424, 4218, 7249, 11311, 11171, 18564, 14755, 7114, 14009, 14815, 294, 495, 7684, 6833, 4046, 3505, 16995, 17858, 7761, 15803, 9840, 13958, 8226, 10369, 12497, 17142, 1748, 2854, 7159, 11539, 11055, 13337, 17173, 14214, 6803, 11144, 12649, 283, 15489, 13174, 7015, 610, 7030, 18206, 14077, 15468, 14962, 8046, 7809, 17387, 16034, 16678, 1173, 3502, 12942, 15655, 16859, 7099, 1673, 446, 1365, 5881, 3713, 11697, 1897, 16001, 1702, 14149, 11876, 9341, 4325, 6923, 2001, 138, 3276, 18716, 17604, 10501, 115, 12800, 6111, 11148, 4549, 16057, 4707, 6843, 16091, 4295, 7519, 13708, 12409, 11018, 5052, 13566, 14715, 12755, 793, 10837, 1888, 12375, 3935, 5763, 11791, 11258, 13264, 11469, 4683, 8905, 1853, 11600, 4421, 2798, 5074, 18141, 13807, 8595, 8126, 13837, 8060, 6956, 11767, 14560, 9389, 15261, 1232, 12560, 7262, 11504, 3546, 4627, 1177, 517, 4008, 9219, 17696, 4148, 14124, 13243, 11235, 7561, 8331, 16320, 3591, 11341, 4015, 12028, 14929, 18601, 3528, 14065, 1510, 19191, 13833, 17616, 10869, 17689, 831, 16725, 6319, 15465, 10467, 8162, 13563, 7728, 10778, 13545, 12290, 16480, 14401, 12838, 4212, 17529, 4832, 15111, 12690, 10373, 7596, 18614, 17477, 1043, 13100, 4774, 17479, 3774, 9302, 3901, 13071, 6412, 9516, 1261, 3054, 13522, 17602, 14343, 18500, 10957, 2791, 9624, 3634, 17904, 5709, 14670, 11058, 7087, 7435, 13848, 82, 5565, 2562, 14029, 3583, 1676, 12709, 18473, 3158, 12787, 8068, 8263, 16146, 3593, 1802, 1861, 3348, 4487, 17749, 6105, 10471, 17472, 10200, 1182, 14180, 1076, 10156, 4839, 9903, 4879, 9720, 2157, 15344, 16067, 3064, 17182, 5368, 4987, 18484, 18923, 11896, 1052, 15727, 15289, 5885, 1933, 5251, 17072, 6038, 6195, 13524, 6606, 18506, 17536, 6784, 3231, 14121, 8925, 10030, 803, 13764, 146, 19268, 14099, 4130, 16372, 1537, 12248, 13718, 17187, 11728, 1740, 19233, 5600, 4092, 4779, 6028, 3395, 16152, 19150, 2417, 11980, 11237, 8427, 18127, 3538, 9257, 607, 2078, 18457, 5802, 3435, 15019, 4256, 9221, 13465, 11742, 5788, 9528, 17493, 4607, 3131, 6616, 5356, 1550, 4617, 8827, 849, 2601, 4437, 17861, 10261, 15704, 3890, 8149, 12063, 3086, 15925, 12301, 6847, 5603, 7768, 3187, 13372, 9258, 6584, 7594, 2603, 1835, 17380, 17193, 15251, 15937, 18731, 4082, 14911, 16626, 8824, 16208, 10167, 17711, 9678, 15852, 13620, 16479, 14586, 2446, 4866, 1315, 7746, 10615, 7927, 2443, 7157, 13506, 18410, 10494]",5064,1500,3,False,1500
853,play podcasts,play pod,49,True,True,False,"{21: 26, 33: 14, 2: 18, 29: 13, 25: 57, 43: 9, 57: 16, 49: 16, 61: 14, 67: 52, 65: 21, 50: 28, 15: 53, 6: 13, 46: 15, 27: 69, 7: 65, 48: 67, 19: 21, 31: 14, 63: 26, 22: 39, 9: 79, 26: 40, 47: 15, 53: 66, 11: 19, 51: 26, 54: 9, 13: 32, 17: 37, 52: 30, 39: 27, 38: 19, 1: 6, 59: 33, 56: 23, 32: 9, 8: 25, 4: 12, 20: 26, 24: 7, 18: 31, 42: 7, 28: 31, 45: 57, 0: 13, 66: 11, 62: 11, 35: 7, 64: 15, 37: 2, 40: 25, 3: 3, 14: 5, 12: 8, 16: 15, 55: 16, 30: 13, 58: 6, 36: 4, 60: 5, 5: 3, 41: 2, 44: 2, 34: 2}","[12686, 3384, 6034, 14374, 14516, 14680, 18580, 5912, 661, 4433, 14182, 14634, 14672, 13694, 17233, 12320, 12666, 7276, 14925, 15315, 1125, 14820, 3769, 14096, 12401, 14972, 14176, 4685, 4278, 5735, 7514, 16051, 15882, 4696, 17145, 19193, 12994, 9901, 13641, 15193, 6739, 9240, 1608, 14664, 18117, 5676, 15714, 5964, 5329, 16651, 15936, 14441, 15878, 18316, 14255, 18692, 5858, 4640, 10716, 13839, 16635, 2097, 11464, 12427, 2320, 14629, 7617, 16183, 16205, 2170, 4384, 6683, 5285, 18707, 6780, 4231, 2404, 4895, 18091, 2944, 13054, 3904, 3491, 9455, 15985, 10432, 8657, 15304, 9114, 5838, 5197, 17244, 6207, 3970, 17246, 3950, 6168, 8697, 6800, 9942, 11118, 8582, 6355, 15275, 4581, 12724, 11921, 1833, 523, 7619, 15729, 176, 8576, 3101, 1573, 1283, 11796, 11277, 2547, 1738, 6806, 15187, 7129, 5179, 5854, 16373, 9231, 6270, 777, 2062, 13249, 4144, 6325, 3924, 5350, 14414, 3142, 2249, 6444, 13582, 2833, 18030, 6483, 18404, 15057, 7482, 15001, 15872, 14584, 10835, 954, 7257, 1381, 17819, 17518, 6497, 14430, 4901, 16466, 10805, 132, 7506, 755, 14427, 12119, 16613, 19042, 14994, 11257, 8042, 2144, 5966, 1580, 8010, 2550, 10684, 14088, 5037, 8764, 17076, 14185, 15984, 5299, 16601, 19182, 13197, 14561, 12605, 17010, 2703, 6715, 11207, 10188, 212, 2293, 17676, 1720, 5934, 112, 8568, 15870, 3226, 4524, 4431, 5141, 5383, 7609, 12807, 19001, 14368, 6704, 14903, 4172, 117, 18698, 1699, 16558, 7518, 10618, 2110, 10308, 7828, 6623, 17644, 4449, 951, 13858, 15106, 8402, 916, 4771, 8608, 6448, 6656, 13547, 2814, 8336, 8093, 6398, 637, 9909, 10621, 786, 14146, 17292, 9457, 3, 2884, 14785, 10504, 16361, 8181, 17690, 654, 11067, 18741, 386, 18208, 10130, 8079, 7082, 14740, 8076, 18619, 14428, 10992, 12679, 9431, 18328, 13606, 7641, 13542, 1002, 11975, 15646, 19078, 1352, 8683, 16053, 11763, 14823, 7059, 4995, 3754, 6213, 10090, 19084, 1973, 8131, 5353, 836, 13960, 3217, 4885, 9645, 16941, 14750, 13171, 9132, 1355, 4440, 15747, 8233, 6008, 12781, 16749, 13905, 18198, 5033, 2910, 16502, 1233, 965, 16926, 3944, 13518, 18213, 12739, 9972, 14609, 5764, 6128, 9532, 12680, 3672, 5458, 6822, 11547, 3163, 8040, 14081, 8369, 18182, 17541, 11552, 12451, 15074, 1783, 17730, 1690, 16992, 2490, 2459, 18065, 320, 18311, 45, 9495, 4572, 544, 12731, 16811, 15096, 14957, 4594, 16607, 2449, 7791, 13659, 8892, 1713, 17336, 6598, 13832, 10495, 18937, 3067, 3473, 12715, 13492, 14787, 16503, 17899, 16638, 2408, 7141, 10590, 2917, 14650, 12571, 4321, 2855, 1829, 3736, 3381, 11069, 16093, 15201, 14311, 9836, 18289, 16899, 897, 13981, 12223, 8884, 15721, 7778, 13648, 5737, 6550, 19249, 2715, 447, 12941, 8915, 18963, 16291, 760, 5869, 3635, 3439, 6740, 5003, 3174, 2945, 16056, 4860, 11216, 7363, 1147, 12124, 9764, 11245, 4361, 7784, 16285, 17057, 11203, 5114, 17655, 12056, 17890, 7741, 15799, 10258, 16088, 19222, 15303, 1433, 5991, 322, 2322, 3156, 9940, 7814, 17068, 16968, 10018, 1991, 11946, 8705, 10371, 4619, 11074, 2034, 15550, 11743, 18666, 13494, 14175, 13948, 15123, 11154, 10397, 1701, 4770, 839, 12085, 16500, 16241, 1535, 18782, 2221, 539, 18405, 4245, 103, 1571, 16945, 12196, 9441, 1732, 1367, 3596, 4794, 7230, 5245, 17483, 2955, 2003, 11509, 4044, 12934, 3456, 16693, 593, 4582, 14076, 10972, 1965, 7227, 14324, 8658, 3772, 8355, 11889, 1908, 2684, 10026, 1666, 16507, 5589, 9295, 8389, 2099, 18653, 13808, 19147, 6675, 10970, 2788, 19028, 16983, 16166, 9845, 8160, 11381, 10088, 10333, 11716, 14695, 12697, 4365, 3747, 17296, 11904, 74, 7047, 10639, 13094, 940, 10478, 2032, 6642, 14896, 10840, 5430, 5556, 12597, 2183, 18403, 4252, 14613, 18283, 8790, 12140, 13540, 13353, 14114, 13297, 4056, 14038, 11299, 13770, 11433, 14285, 1526, 1955, 15711, 255, 12481, 612, 1635, 4886, 357, 11434, 9524, 13106, 2607, 5391, 9406, 2331, 624, 2749, 17849, 9829, 11436, 18426, 9481, 18550, 15647, 532, 11720, 11824, 15610, 15741, 7902, 13558, 17967, 14539, 17889, 4631, 1238, 16921, 7787, 15293, 3108, 8215, 2851, 4514, 12938, 16730, 17178, 4890, 17960, 4725, 7917, 3191, 8231, 16341, 8195, 10913, 2173, 5557, 2637, 16896, 5806, 1815, 1451, 8864, 2290, 12108, 5328, 6203, 2431, 7508, 17898, 17188, 6897, 1199, 15526, 18437, 6631, 8644, 16917, 14964, 14233, 2454, 584, 4830, 7199, 4180, 14889, 5761, 13756, 6917, 7756, 18880, 15095, 1816, 14070, 16252, 7429, 16589, 1631, 15968, 15221, 12478, 18594, 1477, 5637, 12058, 1205, 13397, 9107, 18654, 1968, 3759, 13147, 14144, 14973, 12452, 18020, 13592, 17920, 13687, 11335, 7207, 418, 7834, 778, 12982, 10688, 9031, 509, 9601, 9780, 17040, 12023, 3916, 91, 6536, 18535, 7547, 15240, 707, 14533, 15064, 17012, 16805, 8637, 5969, 16221, 1940, 13307, 4717, 12615, 18220, 11028, 12170, 1743, 2376, 12415, 14220, 18827, 1294, 18543, 6977, 15309, 11778, 11842, 17103, 3857, 4637, 12162, 19169, 17166, 18237, 17818, 9507, 19022, 5790, 19112, 15611, 1118, 15184, 18703, 1817, 15530, 16579, 8437, 11839, 11378, 3537, 9205, 9217, 16272, 18759, 16828, 12002, 8348, 1723, 3481, 14115, 379, 8544, 264, 6015, 7672, 2253, 7364, 3706, 13796, 17139, 16125, 12059, 9623, 7185, 2418, 18230, 3087, 281, 4379, 1796, 8459, 4400, 17824, 2736, 16446, 13525, 15341, 3275, 7872, 1662, 7557, 4319, 15442, 7181, 10456, 4963, 17048, 16943, 12784, 3441, 5240, 9975, 13216, 17702, 11594, 13554, 6165, 19168, 16070, 3540, 3262, 10661, 4061, 13173, 2875, 17014, 4349, 10818, 8428, 16764, 14232, 8930, 15734, 17680, 7069, 15684, 17050, 18987, 6914, 6863, 19263, 10595, 150, 10039, 2722, 18223, 16444, 6559, 7258, 2661, 7699, 17136, 12773, 4247, 5723, 15194, 1696, 1500, 2807, 9893, 11835, 13240, 18313, 17107, 10265, 10244, 5570, 2862, 14049, 1012, 12861, 723, 9583, 17461, 10056, 1264, 8297, 3716, 14666, 15259, 13531, 543, 13723, 16810, 6700, 3516, 13766, 7186, 10692, 6321, 15484, 14547, 8744, 3703, 10383, 16829, 6366, 6846, 3906, 2021, 18133, 857, 279, 12232, 10212, 10541, 12325, 13475, 1225, 937, 6966, 10881, 16936, 18502, 1440, 11914, 3326, 5633, 14913, 4623, 10743, 12361, 17335, 1072, 5043, 14810, 15077, 3255, 17215, 6553, 17852, 4801, 6962, 3060, 9430, 8799, 13824, 188, 15175, 15163, 4733, 5011, 3536, 17635, 6532, 14071, 6112, 17158, 6597, 11272, 105, 19219, 5013, 12483, 201, 6848, 17033, 6367, 7859, 14702, 18844, 7053, 18694, 15670, 636, 10129, 6378, 5369, 7273, 16247, 9142, 15345, 16817, 14854, 2600, 15783, 889, 11833, 6612, 2068, 2427, 7062, 7918, 16181, 5464, 8339, 8950, 8453, 16423, 6064, 2380, 4268, 13929, 12974, 19141, 1299, 2484, 3883, 3273, 8772, 13256, 11239, 5766, 18098, 12705, 11004, 2695, 10048, 10960, 2766, 15661, 13258, 8015, 6032, 16397, 7749, 19039, 7634, 15076, 4234, 15114, 8475, 8091, 19220, 18004, 9704, 13918, 15569, 16443, 10015, 9943, 7817, 9349, 2588, 8249, 398, 5316, 15538, 18372, 13559, 2937, 2803, 16248, 6155, 630, 9911, 13190, 19157, 15788, 13248, 13148, 1320, 12074, 8471, 8798, 3213, 12418, 814, 2402, 12718, 12397, 10564, 9875, 10128, 6947, 9491, 17707, 3266, 19196, 14309, 18523, 19043, 17975, 18063, 11618, 15016, 14434, 7680, 1739, 18029, 11694, 1745, 9271, 5189, 9561, 11283, 14978, 10753, 16017, 12914, 978, 2828, 17257, 13135, 5061, 121, 6602, 16015, 19271, 12159, 1244, 8260, 13195, 15873, 12815, 14291, 14515, 118, 4892, 14985, 9551, 12654, 4739, 927, 12176, 9523, 11726, 18187, 5880, 2569, 3386, 13942, 3390, 15774, 129, 65, 12922, 8422, 12692, 16213, 11515, 2111, 8347, 10758, 14064, 4401, 17782, 15621, 6709, 14716, 4091, 13964, 8424, 4218, 7249, 11311, 11171, 18564, 14755, 7114, 14009, 14815, 294, 495, 7684, 6833, 4046, 3505, 16995, 17858, 7761, 15803, 9840, 13958, 8226, 10369, 12497, 17142, 1748, 2854, 7159, 11539, 11055, 13337, 17173, 14214, 6803, 11144, 12649, 283, 15489, 13174, 7015, 610, 7030, 18206, 14077, 15468, 14962, 8046, 7809, 17387, 16034, 16678, 1173, 3502, 12942, 15655, 16859, 7099, 1673, 446, 1365, 5881, 3713, 11697, 1897, 16001, 1702, 14149, 11876, 9341, 4325, 6923, 2001, 138, 3276, 18716, 17604, 10501, 115, 12800, 6111, 11148, 4549, 16057, 4707, 6843, 16091, 4295, 7519, 13708, 12409, 11018, 5052, 13566, 14715, 12755, 793, 10837, 1888, 12375, 3935, 5763, 11791, 11258, 13264, 11469, 4683, 8905, 1853, 11600, 4421, 2798, 5074, 18141, 13807, 8595, 8126, 13837, 8060, 6956, 11767, 14560, 9389, 15261, 1232, 12560, 7262, 11504, 3546, 4627, 1177, 517, 4008, 9219, 17696, 4148, 14124, 13243, 11235, 7561, 8331, 16320, 3591, 11341, 4015, 12028, 14929, 18601, 3528, 14065, 1510, 19191, 13833, 17616, 10869, 17689, 831, 16725, 6319, 15465, 10467, 8162, 13563, 7728, 10778, 13545, 12290, 16480, 14401, 12838, 4212, 17529, 4832, 15111, 12690, 10373, 7596, 18614, 17477, 1043, 13100, 4774, 17479, 3774, 9302, 3901, 13071, 6412, 9516, 1261, 3054, 13522, 17602, 14343, 18500, 10957, 2791, 9624, 3634, 17904, 5709, 14670, 11058, 7087, 7435, 13848, 82, 5565, 2562, 14029, 3583, 1676, 12709, 18473, 3158, 12787, 8068, 8263, 16146, 3593, 1802, 1861, 3348, 4487, 17749, 6105, 10471, 17472, 10200, 1182, 14180, 1076, 10156, 4839, 9903, 4879, 9720, 2157, 15344, 16067, 3064, 17182, 5368, 4987, 18484, 18923, 11896, 1052, 15727, 15289, 5885, 1933, 5251, 17072, 6038, 6195, 13524, 6606, 18506, 17536, 6784, 3231, 14121, 8925, 10030, 803, 13764, 146, 19268, 14099, 4130, 16372, 1537, 12248, 13718, 17187, 11728, 1740, 19233, 5600, 4092, 4779, 6028, 3395, 16152, 19150, 2417, 11980, 11237, 8427, 18127, 3538, 9257, 607, 2078, 18457, 5802, 3435, 15019, 4256, 9221, 13465, 11742, 5788, 9528, 17493, 4607, 3131, 6616, 5356, 1550, 4617, 8827, 849, 2601, 4437, 17861, 10261, 15704, 3890, 8149, 12063, 3086, 15925, 12301, 6847, 5603, 7768, 3187, 13372, 9258, 6584, 7594, 2603, 1835, 17380, 17193, 15251, 15937, 18731, 4082, 14911, 16626, 8824, 16208, 10167, 17711, 9678, 15852, 13620, 16479, 14586, 2446, 4866, 1315, 7746, 10615, 7927, 2443, 7157, 13506, 18410, 10494]",853,1500,3,False,1500
1375,music likeness,music li,42,True,True,False,"{21: 26, 33: 14, 2: 18, 29: 13, 25: 57, 43: 9, 57: 16, 49: 16, 61: 14, 67: 52, 65: 21, 50: 28, 15: 53, 6: 13, 46: 15, 27: 69, 7: 65, 48: 67, 19: 21, 31: 14, 63: 26, 22: 39, 9: 79, 26: 40, 47: 15, 53: 66, 11: 19, 51: 26, 54: 9, 13: 32, 17: 37, 52: 30, 39: 27, 38: 19, 1: 6, 59: 33, 56: 23, 32: 9, 8: 25, 4: 12, 20: 26, 24: 7, 18: 31, 42: 7, 28: 31, 45: 57, 0: 13, 66: 11, 62: 11, 35: 7, 64: 15, 37: 2, 40: 25, 3: 3, 14: 5, 12: 8, 16: 15, 55: 16, 30: 13, 58: 6, 36: 4, 60: 5, 5: 3, 41: 2, 44: 2, 34: 2}","[12686, 3384, 6034, 14374, 14516, 14680, 18580, 5912, 661, 4433, 14182, 14634, 14672, 13694, 17233, 12320, 12666, 7276, 14925, 15315, 1125, 14820, 3769, 14096, 12401, 14972, 14176, 4685, 4278, 5735, 7514, 16051, 15882, 4696, 17145, 19193, 12994, 9901, 13641, 15193, 6739, 9240, 1608, 14664, 18117, 5676, 15714, 5964, 5329, 16651, 15936, 14441, 15878, 18316, 14255, 18692, 5858, 4640, 10716, 13839, 16635, 2097, 11464, 12427, 2320, 14629, 7617, 16183, 16205, 2170, 4384, 6683, 5285, 18707, 6780, 4231, 2404, 4895, 18091, 2944, 13054, 3904, 3491, 9455, 15985, 10432, 8657, 15304, 9114, 5838, 5197, 17244, 6207, 3970, 17246, 3950, 6168, 8697, 6800, 9942, 11118, 8582, 6355, 15275, 4581, 12724, 11921, 1833, 523, 7619, 15729, 176, 8576, 3101, 1573, 1283, 11796, 11277, 2547, 1738, 6806, 15187, 7129, 5179, 5854, 16373, 9231, 6270, 777, 2062, 13249, 4144, 6325, 3924, 5350, 14414, 3142, 2249, 6444, 13582, 2833, 18030, 6483, 18404, 15057, 7482, 15001, 15872, 14584, 10835, 954, 7257, 1381, 17819, 17518, 6497, 14430, 4901, 16466, 10805, 132, 7506, 755, 14427, 12119, 16613, 19042, 14994, 11257, 8042, 2144, 5966, 1580, 8010, 2550, 10684, 14088, 5037, 8764, 17076, 14185, 15984, 5299, 16601, 19182, 13197, 14561, 12605, 17010, 2703, 6715, 11207, 10188, 212, 2293, 17676, 1720, 5934, 112, 8568, 15870, 3226, 4524, 4431, 5141, 5383, 7609, 12807, 19001, 14368, 6704, 14903, 4172, 117, 18698, 1699, 16558, 7518, 10618, 2110, 10308, 7828, 6623, 17644, 4449, 951, 13858, 15106, 8402, 916, 4771, 8608, 6448, 6656, 13547, 2814, 8336, 8093, 6398, 637, 9909, 10621, 786, 14146, 17292, 9457, 3, 2884, 14785, 10504, 16361, 8181, 17690, 654, 11067, 18741, 386, 18208, 10130, 8079, 7082, 14740, 8076, 18619, 14428, 10992, 12679, 9431, 18328, 13606, 7641, 13542, 1002, 11975, 15646, 19078, 1352, 8683, 16053, 11763, 14823, 7059, 4995, 3754, 6213, 10090, 19084, 1973, 8131, 5353, 836, 13960, 3217, 4885, 9645, 16941, 14750, 13171, 9132, 1355, 4440, 15747, 8233, 6008, 12781, 16749, 13905, 18198, 5033, 2910, 16502, 1233, 965, 16926, 3944, 13518, 18213, 12739, 9972, 14609, 5764, 6128, 9532, 12680, 3672, 5458, 6822, 11547, 3163, 8040, 14081, 8369, 18182, 17541, 11552, 12451, 15074, 1783, 17730, 1690, 16992, 2490, 2459, 18065, 320, 18311, 45, 9495, 4572, 544, 12731, 16811, 15096, 14957, 4594, 16607, 2449, 7791, 13659, 8892, 1713, 17336, 6598, 13832, 10495, 18937, 3067, 3473, 12715, 13492, 14787, 16503, 17899, 16638, 2408, 7141, 10590, 2917, 14650, 12571, 4321, 2855, 1829, 3736, 3381, 11069, 16093, 15201, 14311, 9836, 18289, 16899, 897, 13981, 12223, 8884, 15721, 7778, 13648, 5737, 6550, 19249, 2715, 447, 12941, 8915, 18963, 16291, 760, 5869, 3635, 3439, 6740, 5003, 3174, 2945, 16056, 4860, 11216, 7363, 1147, 12124, 9764, 11245, 4361, 7784, 16285, 17057, 11203, 5114, 17655, 12056, 17890, 7741, 15799, 10258, 16088, 19222, 15303, 1433, 5991, 322, 2322, 3156, 9940, 7814, 17068, 16968, 10018, 1991, 11946, 8705, 10371, 4619, 11074, 2034, 15550, 11743, 18666, 13494, 14175, 13948, 15123, 11154, 10397, 1701, 4770, 839, 12085, 16500, 16241, 1535, 18782, 2221, 539, 18405, 4245, 103, 1571, 16945, 12196, 9441, 1732, 1367, 3596, 4794, 7230, 5245, 17483, 2955, 2003, 11509, 4044, 12934, 3456, 16693, 593, 4582, 14076, 10972, 1965, 7227, 14324, 8658, 3772, 8355, 11889, 1908, 2684, 10026, 1666, 16507, 5589, 9295, 8389, 2099, 18653, 13808, 19147, 6675, 10970, 2788, 19028, 16983, 16166, 9845, 8160, 11381, 10088, 10333, 11716, 14695, 12697, 4365, 3747, 17296, 11904, 74, 7047, 10639, 13094, 940, 10478, 2032, 6642, 14896, 10840, 5430, 5556, 12597, 2183, 18403, 4252, 14613, 18283, 8790, 12140, 13540, 13353, 14114, 13297, 4056, 14038, 11299, 13770, 11433, 14285, 1526, 1955, 15711, 255, 12481, 612, 1635, 4886, 357, 11434, 9524, 13106, 2607, 5391, 9406, 2331, 624, 2749, 17849, 9829, 11436, 18426, 9481, 18550, 15647, 532, 11720, 11824, 15610, 15741, 7902, 13558, 17967, 14539, 17889, 4631, 1238, 16921, 7787, 15293, 3108, 8215, 2851, 4514, 12938, 16730, 17178, 4890, 17960, 4725, 7917, 3191, 8231, 16341, 8195, 10913, 2173, 5557, 2637, 16896, 5806, 1815, 1451, 8864, 2290, 12108, 5328, 6203, 2431, 7508, 17898, 17188, 6897, 1199, 15526, 18437, 6631, 8644, 16917, 14964, 14233, 2454, 584, 4830, 7199, 4180, 14889, 5761, 13756, 6917, 7756, 18880, 15095, 1816, 14070, 16252, 7429, 16589, 1631, 15968, 15221, 12478, 18594, 1477, 5637, 12058, 1205, 13397, 9107, 18654, 1968, 3759, 13147, 14144, 14973, 12452, 18020, 13592, 17920, 13687, 11335, 7207, 418, 7834, 778, 12982, 10688, 9031, 509, 9601, 9780, 17040, 12023, 3916, 91, 6536, 18535, 7547, 15240, 707, 14533, 15064, 17012, 16805, 8637, 5969, 16221, 1940, 13307, 4717, 12615, 18220, 11028, 12170, 1743, 2376, 12415, 14220, 18827, 1294, 18543, 6977, 15309, 11778, 11842, 17103, 3857, 4637, 12162, 19169, 17166, 18237, 17818, 9507, 19022, 5790, 19112, 15611, 1118, 15184, 18703, 1817, 15530, 16579, 8437, 11839, 11378, 3537, 9205, 9217, 16272, 18759, 16828, 12002, 8348, 1723, 3481, 14115, 379, 8544, 264, 6015, 7672, 2253, 7364, 3706, 13796, 17139, 16125, 12059, 9623, 7185, 2418, 18230, 3087, 281, 4379, 1796, 8459, 4400, 17824, 2736, 16446, 13525, 15341, 3275, 7872, 1662, 7557, 4319, 15442, 7181, 10456, 4963, 17048, 16943, 12784, 3441, 5240, 9975, 13216, 17702, 11594, 13554, 6165, 19168, 16070, 3540, 3262, 10661, 4061, 13173, 2875, 17014, 4349, 10818, 8428, 16764, 14232, 8930, 15734, 17680, 7069, 15684, 17050, 18987, 6914, 6863, 19263, 10595, 150, 10039, 2722, 18223, 16444, 6559, 7258, 2661, 7699, 17136, 12773, 4247, 5723, 15194, 1696, 1500, 2807, 9893, 11835, 13240, 18313, 17107, 10265, 10244, 5570, 2862, 14049, 1012, 12861, 723, 9583, 17461, 10056, 1264, 8297, 3716, 14666, 15259, 13531, 543, 13723, 16810, 6700, 3516, 13766, 7186, 10692, 6321, 15484, 14547, 8744, 3703, 10383, 16829, 6366, 6846, 3906, 2021, 18133, 857, 279, 12232, 10212, 10541, 12325, 13475, 1225, 937, 6966, 10881, 16936, 18502, 1440, 11914, 3326, 5633, 14913, 4623, 10743, 12361, 17335, 1072, 5043, 14810, 15077, 3255, 17215, 6553, 17852, 4801, 6962, 3060, 9430, 8799, 13824, 188, 15175, 15163, 4733, 5011, 3536, 17635, 6532, 14071, 6112, 17158, 6597, 11272, 105, 19219, 5013, 12483, 201, 6848, 17033, 6367, 7859, 14702, 18844, 7053, 18694, 15670, 636, 10129, 6378, 5369, 7273, 16247, 9142, 15345, 16817, 14854, 2600, 15783, 889, 11833, 6612, 2068, 2427, 7062, 7918, 16181, 5464, 8339, 8950, 8453, 16423, 6064, 2380, 4268, 13929, 12974, 19141, 1299, 2484, 3883, 3273, 8772, 13256, 11239, 5766, 18098, 12705, 11004, 2695, 10048, 10960, 2766, 15661, 13258, 8015, 6032, 16397, 7749, 19039, 7634, 15076, 4234, 15114, 8475, 8091, 19220, 18004, 9704, 13918, 15569, 16443, 10015, 9943, 7817, 9349, 2588, 8249, 398, 5316, 15538, 18372, 13559, 2937, 2803, 16248, 6155, 630, 9911, 13190, 19157, 15788, 13248, 13148, 1320, 12074, 8471, 8798, 3213, 12418, 814, 2402, 12718, 12397, 10564, 9875, 10128, 6947, 9491, 17707, 3266, 19196, 14309, 18523, 19043, 17975, 18063, 11618, 15016, 14434, 7680, 1739, 18029, 11694, 1745, 9271, 5189, 9561, 11283, 14978, 10753, 16017, 12914, 978, 2828, 17257, 13135, 5061, 121, 6602, 16015, 19271, 12159, 1244, 8260, 13195, 15873, 12815, 14291, 14515, 118, 4892, 14985, 9551, 12654, 4739, 927, 12176, 9523, 11726, 18187, 5880, 2569, 3386, 13942, 3390, 15774, 129, 65, 12922, 8422, 12692, 16213, 11515, 2111, 8347, 10758, 14064, 4401, 17782, 15621, 6709, 14716, 4091, 13964, 8424, 4218, 7249, 11311, 11171, 18564, 14755, 7114, 14009, 14815, 294, 495, 7684, 6833, 4046, 3505, 16995, 17858, 7761, 15803, 9840, 13958, 8226, 10369, 12497, 17142, 1748, 2854, 7159, 11539, 11055, 13337, 17173, 14214, 6803, 11144, 12649, 283, 15489, 13174, 7015, 610, 7030, 18206, 14077, 15468, 14962, 8046, 7809, 17387, 16034, 16678, 1173, 3502, 12942, 15655, 16859, 7099, 1673, 446, 1365, 5881, 3713, 11697, 1897, 16001, 1702, 14149, 11876, 9341, 4325, 6923, 2001, 138, 3276, 18716, 17604, 10501, 115, 12800, 6111, 11148, 4549, 16057, 4707, 6843, 16091, 4295, 7519, 13708, 12409, 11018, 5052, 13566, 14715, 12755, 793, 10837, 1888, 12375, 3935, 5763, 11791, 11258, 13264, 11469, 4683, 8905, 1853, 11600, 4421, 2798, 5074, 18141, 13807, 8595, 8126, 13837, 8060, 6956, 11767, 14560, 9389, 15261, 1232, 12560, 7262, 11504, 3546, 4627, 1177, 517, 4008, 9219, 17696, 4148, 14124, 13243, 11235, 7561, 8331, 16320, 3591, 11341, 4015, 12028, 14929, 18601, 3528, 14065, 1510, 19191, 13833, 17616, 10869, 17689, 831, 16725, 6319, 15465, 10467, 8162, 13563, 7728, 10778, 13545, 12290, 16480, 14401, 12838, 4212, 17529, 4832, 15111, 12690, 10373, 7596, 18614, 17477, 1043, 13100, 4774, 17479, 3774, 9302, 3901, 13071, 6412, 9516, 1261, 3054, 13522, 17602, 14343, 18500, 10957, 2791, 9624, 3634, 17904, 5709, 14670, 11058, 7087, 7435, 13848, 82, 5565, 2562, 14029, 3583, 1676, 12709, 18473, 3158, 12787, 8068, 8263, 16146, 3593, 1802, 1861, 3348, 4487, 17749, 6105, 10471, 17472, 10200, 1182, 14180, 1076, 10156, 4839, 9903, 4879, 9720, 2157, 15344, 16067, 3064, 17182, 5368, 4987, 18484, 18923, 11896, 1052, 15727, 15289, 5885, 1933, 5251, 17072, 6038, 6195, 13524, 6606, 18506, 17536, 6784, 3231, 14121, 8925, 10030, 803, 13764, 146, 19268, 14099, 4130, 16372, 1537, 12248, 13718, 17187, 11728, 1740, 19233, 5600, 4092, 4779, 6028, 3395, 16152, 19150, 2417, 11980, 11237, 8427, 18127, 3538, 9257, 607, 2078, 18457, 5802, 3435, 15019, 4256, 9221, 13465, 11742, 5788, 9528, 17493, 4607, 3131, 6616, 5356, 1550, 4617, 8827, 849, 2601, 4437, 17861, 10261, 15704, 3890, 8149, 12063, 3086, 15925, 12301, 6847, 5603, 7768, 3187, 13372, 9258, 6584, 7594, 2603, 1835, 17380, 17193, 15251, 15937, 18731, 4082, 14911, 16626, 8824, 16208, 10167, 17711, 9678, 15852, 13620, 16479, 14586, 2446, 4866, 1315, 7746, 10615, 7927, 2443, 7157, 13506, 18410, 10494]",1375,1500,3,False,1500
2065,calendar set,calendar set,9,True,True,True,"{21: 26, 33: 14, 2: 18, 29: 13, 25: 57, 43: 9, 57: 16, 49: 16, 61: 14, 67: 52, 65: 21, 50: 28, 15: 53, 6: 13, 46: 15, 27: 69, 7: 65, 48: 67, 19: 21, 31: 14, 63: 26, 22: 39, 9: 79, 26: 40, 47: 15, 53: 66, 11: 19, 51: 26, 54: 9, 13: 32, 17: 37, 52: 30, 39: 27, 38: 19, 1: 6, 59: 33, 56: 23, 32: 9, 8: 25, 4: 12, 20: 26, 24: 7, 18: 31, 42: 7, 28: 31, 45: 57, 0: 13, 66: 11, 62: 11, 35: 7, 64: 15, 37: 2, 40: 25, 3: 3, 14: 5, 12: 8, 16: 15, 55: 16, 30: 13, 58: 6, 36: 4, 60: 5, 5: 3, 41: 2, 44: 2, 34: 2}","[12686, 3384, 6034, 14374, 14516, 14680, 18580, 5912, 661, 4433, 14182, 14634, 14672, 13694, 17233, 12320, 12666, 7276, 14925, 15315, 1125, 14820, 3769, 14096, 12401, 14972, 14176, 4685, 4278, 5735, 7514, 16051, 15882, 4696, 17145, 19193, 12994, 9901, 13641, 15193, 6739, 9240, 1608, 14664, 18117, 5676, 15714, 5964, 5329, 16651, 15936, 14441, 15878, 18316, 14255, 18692, 5858, 4640, 10716, 13839, 16635, 2097, 11464, 12427, 2320, 14629, 7617, 16183, 16205, 2170, 4384, 6683, 5285, 18707, 6780, 4231, 2404, 4895, 18091, 2944, 13054, 3904, 3491, 9455, 15985, 10432, 8657, 15304, 9114, 5838, 5197, 17244, 6207, 3970, 17246, 3950, 6168, 8697, 6800, 9942, 11118, 8582, 6355, 15275, 4581, 12724, 11921, 1833, 523, 7619, 15729, 176, 8576, 3101, 1573, 1283, 11796, 11277, 2547, 1738, 6806, 15187, 7129, 5179, 5854, 16373, 9231, 6270, 777, 2062, 13249, 4144, 6325, 3924, 5350, 14414, 3142, 2249, 6444, 13582, 2833, 18030, 6483, 18404, 15057, 7482, 15001, 15872, 14584, 10835, 954, 7257, 1381, 17819, 17518, 6497, 14430, 4901, 16466, 10805, 132, 7506, 755, 14427, 12119, 16613, 19042, 14994, 11257, 8042, 2144, 5966, 1580, 8010, 2550, 10684, 14088, 5037, 8764, 17076, 14185, 15984, 5299, 16601, 19182, 13197, 14561, 12605, 17010, 2703, 6715, 11207, 10188, 212, 2293, 17676, 1720, 5934, 112, 8568, 15870, 3226, 4524, 4431, 5141, 5383, 7609, 12807, 19001, 14368, 6704, 14903, 4172, 117, 18698, 1699, 16558, 7518, 10618, 2110, 10308, 7828, 6623, 17644, 4449, 951, 13858, 15106, 8402, 916, 4771, 8608, 6448, 6656, 13547, 2814, 8336, 8093, 6398, 637, 9909, 10621, 786, 14146, 17292, 9457, 3, 2884, 14785, 10504, 16361, 8181, 17690, 654, 11067, 18741, 386, 18208, 10130, 8079, 7082, 14740, 8076, 18619, 14428, 10992, 12679, 9431, 18328, 13606, 7641, 13542, 1002, 11975, 15646, 19078, 1352, 8683, 16053, 11763, 14823, 7059, 4995, 3754, 6213, 10090, 19084, 1973, 8131, 5353, 836, 13960, 3217, 4885, 9645, 16941, 14750, 13171, 9132, 1355, 4440, 15747, 8233, 6008, 12781, 16749, 13905, 18198, 5033, 2910, 16502, 1233, 965, 16926, 3944, 13518, 18213, 12739, 9972, 14609, 5764, 6128, 9532, 12680, 3672, 5458, 6822, 11547, 3163, 8040, 14081, 8369, 18182, 17541, 11552, 12451, 15074, 1783, 17730, 1690, 16992, 2490, 2459, 18065, 320, 18311, 45, 9495, 4572, 544, 12731, 16811, 15096, 14957, 4594, 16607, 2449, 7791, 13659, 8892, 1713, 17336, 6598, 13832, 10495, 18937, 3067, 3473, 12715, 13492, 14787, 16503, 17899, 16638, 2408, 7141, 10590, 2917, 14650, 12571, 4321, 2855, 1829, 3736, 3381, 11069, 16093, 15201, 14311, 9836, 18289, 16899, 897, 13981, 12223, 8884, 15721, 7778, 13648, 5737, 6550, 19249, 2715, 447, 12941, 8915, 18963, 16291, 760, 5869, 3635, 3439, 6740, 5003, 3174, 2945, 16056, 4860, 11216, 7363, 1147, 12124, 9764, 11245, 4361, 7784, 16285, 17057, 11203, 5114, 17655, 12056, 17890, 7741, 15799, 10258, 16088, 19222, 15303, 1433, 5991, 322, 2322, 3156, 9940, 7814, 17068, 16968, 10018, 1991, 11946, 8705, 10371, 4619, 11074, 2034, 15550, 11743, 18666, 13494, 14175, 13948, 15123, 11154, 10397, 1701, 4770, 839, 12085, 16500, 16241, 1535, 18782, 2221, 539, 18405, 4245, 103, 1571, 16945, 12196, 9441, 1732, 1367, 3596, 4794, 7230, 5245, 17483, 2955, 2003, 11509, 4044, 12934, 3456, 16693, 593, 4582, 14076, 10972, 1965, 7227, 14324, 8658, 3772, 8355, 11889, 1908, 2684, 10026, 1666, 16507, 5589, 9295, 8389, 2099, 18653, 13808, 19147, 6675, 10970, 2788, 19028, 16983, 16166, 9845, 8160, 11381, 10088, 10333, 11716, 14695, 12697, 4365, 3747, 17296, 11904, 74, 7047, 10639, 13094, 940, 10478, 2032, 6642, 14896, 10840, 5430, 5556, 12597, 2183, 18403, 4252, 14613, 18283, 8790, 12140, 13540, 13353, 14114, 13297, 4056, 14038, 11299, 13770, 11433, 14285, 1526, 1955, 15711, 255, 12481, 612, 1635, 4886, 357, 11434, 9524, 13106, 2607, 5391, 9406, 2331, 624, 2749, 17849, 9829, 11436, 18426, 9481, 18550, 15647, 532, 11720, 11824, 15610, 15741, 7902, 13558, 17967, 14539, 17889, 4631, 1238, 16921, 7787, 15293, 3108, 8215, 2851, 4514, 12938, 16730, 17178, 4890, 17960, 4725, 7917, 3191, 8231, 16341, 8195, 10913, 2173, 5557, 2637, 16896, 5806, 1815, 1451, 8864, 2290, 12108, 5328, 6203, 2431, 7508, 17898, 17188, 6897, 1199, 15526, 18437, 6631, 8644, 16917, 14964, 14233, 2454, 584, 4830, 7199, 4180, 14889, 5761, 13756, 6917, 7756, 18880, 15095, 1816, 14070, 16252, 7429, 16589, 1631, 15968, 15221, 12478, 18594, 1477, 5637, 12058, 1205, 13397, 9107, 18654, 1968, 3759, 13147, 14144, 14973, 12452, 18020, 13592, 17920, 13687, 11335, 7207, 418, 7834, 778, 12982, 10688, 9031, 509, 9601, 9780, 17040, 12023, 3916, 91, 6536, 18535, 7547, 15240, 707, 14533, 15064, 17012, 16805, 8637, 5969, 16221, 1940, 13307, 4717, 12615, 18220, 11028, 12170, 1743, 2376, 12415, 14220, 18827, 1294, 18543, 6977, 15309, 11778, 11842, 17103, 3857, 4637, 12162, 19169, 17166, 18237, 17818, 9507, 19022, 5790, 19112, 15611, 1118, 15184, 18703, 1817, 15530, 16579, 8437, 11839, 11378, 3537, 9205, 9217, 16272, 18759, 16828, 12002, 8348, 1723, 3481, 14115, 379, 8544, 264, 6015, 7672, 2253, 7364, 3706, 13796, 17139, 16125, 12059, 9623, 7185, 2418, 18230, 3087, 281, 4379, 1796, 8459, 4400, 17824, 2736, 16446, 13525, 15341, 3275, 7872, 1662, 7557, 4319, 15442, 7181, 10456, 4963, 17048, 16943, 12784, 3441, 5240, 9975, 13216, 17702, 11594, 13554, 6165, 19168, 16070, 3540, 3262, 10661, 4061, 13173, 2875, 17014, 4349, 10818, 8428, 16764, 14232, 8930, 15734, 17680, 7069, 15684, 17050, 18987, 6914, 6863, 19263, 10595, 150, 10039, 2722, 18223, 16444, 6559, 7258, 2661, 7699, 17136, 12773, 4247, 5723, 15194, 1696, 1500, 2807, 9893, 11835, 13240, 18313, 17107, 10265, 10244, 5570, 2862, 14049, 1012, 12861, 723, 9583, 17461, 10056, 1264, 8297, 3716, 14666, 15259, 13531, 543, 13723, 16810, 6700, 3516, 13766, 7186, 10692, 6321, 15484, 14547, 8744, 3703, 10383, 16829, 6366, 6846, 3906, 2021, 18133, 857, 279, 12232, 10212, 10541, 12325, 13475, 1225, 937, 6966, 10881, 16936, 18502, 1440, 11914, 3326, 5633, 14913, 4623, 10743, 12361, 17335, 1072, 5043, 14810, 15077, 3255, 17215, 6553, 17852, 4801, 6962, 3060, 9430, 8799, 13824, 188, 15175, 15163, 4733, 5011, 3536, 17635, 6532, 14071, 6112, 17158, 6597, 11272, 105, 19219, 5013, 12483, 201, 6848, 17033, 6367, 7859, 14702, 18844, 7053, 18694, 15670, 636, 10129, 6378, 5369, 7273, 16247, 9142, 15345, 16817, 14854, 2600, 15783, 889, 11833, 6612, 2068, 2427, 7062, 7918, 16181, 5464, 8339, 8950, 8453, 16423, 6064, 2380, 4268, 13929, 12974, 19141, 1299, 2484, 3883, 3273, 8772, 13256, 11239, 5766, 18098, 12705, 11004, 2695, 10048, 10960, 2766, 15661, 13258, 8015, 6032, 16397, 7749, 19039, 7634, 15076, 4234, 15114, 8475, 8091, 19220, 18004, 9704, 13918, 15569, 16443, 10015, 9943, 7817, 9349, 2588, 8249, 398, 5316, 15538, 18372, 13559, 2937, 2803, 16248, 6155, 630, 9911, 13190, 19157, 15788, 13248, 13148, 1320, 12074, 8471, 8798, 3213, 12418, 814, 2402, 12718, 12397, 10564, 9875, 10128, 6947, 9491, 17707, 3266, 19196, 14309, 18523, 19043, 17975, 18063, 11618, 15016, 14434, 7680, 1739, 18029, 11694, 1745, 9271, 5189, 9561, 11283, 14978, 10753, 16017, 12914, 978, 2828, 17257, 13135, 5061, 121, 6602, 16015, 19271, 12159, 1244, 8260, 13195, 15873, 12815, 14291, 14515, 118, 4892, 14985, 9551, 12654, 4739, 927, 12176, 9523, 11726, 18187, 5880, 2569, 3386, 13942, 3390, 15774, 129, 65, 12922, 8422, 12692, 16213, 11515, 2111, 8347, 10758, 14064, 4401, 17782, 15621, 6709, 14716, 4091, 13964, 8424, 4218, 7249, 11311, 11171, 18564, 14755, 7114, 14009, 14815, 294, 495, 7684, 6833, 4046, 3505, 16995, 17858, 7761, 15803, 9840, 13958, 8226, 10369, 12497, 17142, 1748, 2854, 7159, 11539, 11055, 13337, 17173, 14214, 6803, 11144, 12649, 283, 15489, 13174, 7015, 610, 7030, 18206, 14077, 15468, 14962, 8046, 7809, 17387, 16034, 16678, 1173, 3502, 12942, 15655, 16859, 7099, 1673, 446, 1365, 5881, 3713, 11697, 1897, 16001, 1702, 14149, 11876, 9341, 4325, 6923, 2001, 138, 3276, 18716, 17604, 10501, 115, 12800, 6111, 11148, 4549, 16057, 4707, 6843, 16091, 4295, 7519, 13708, 12409, 11018, 5052, 13566, 14715, 12755, 793, 10837, 1888, 12375, 3935, 5763, 11791, 11258, 13264, 11469, 4683, 8905, 1853, 11600, 4421, 2798, 5074, 18141, 13807, 8595, 8126, 13837, 8060, 6956, 11767, 14560, 9389, 15261, 1232, 12560, 7262, 11504, 3546, 4627, 1177, 517, 4008, 9219, 17696, 4148, 14124, 13243, 11235, 7561, 8331, 16320, 3591, 11341, 4015, 12028, 14929, 18601, 3528, 14065, 1510, 19191, 13833, 17616, 10869, 17689, 831, 16725, 6319, 15465, 10467, 8162, 13563, 7728, 10778, 13545, 12290, 16480, 14401, 12838, 4212, 17529, 4832, 15111, 12690, 10373, 7596, 18614, 17477, 1043, 13100, 4774, 17479, 3774, 9302, 3901, 13071, 6412, 9516, 1261, 3054, 13522, 17602, 14343, 18500, 10957, 2791, 9624, 3634, 17904, 5709, 14670, 11058, 7087, 7435, 13848, 82, 5565, 2562, 14029, 3583, 1676, 12709, 18473, 3158, 12787, 8068, 8263, 16146, 3593, 1802, 1861, 3348, 4487, 17749, 6105, 10471, 17472, 10200, 1182, 14180, 1076, 10156, 4839, 9903, 4879, 9720, 2157, 15344, 16067, 3064, 17182, 5368, 4987, 18484, 18923, 11896, 1052, 15727, 15289, 5885, 1933, 5251, 17072, 6038, 6195, 13524, 6606, 18506, 17536, 6784, 3231, 14121, 8925, 10030, 803, 13764, 146, 19268, 14099, 4130, 16372, 1537, 12248, 13718, 17187, 11728, 1740, 19233, 5600, 4092, 4779, 6028, 3395, 16152, 19150, 2417, 11980, 11237, 8427, 18127, 3538, 9257, 607, 2078, 18457, 5802, 3435, 15019, 4256, 9221, 13465, 11742, 5788, 9528, 17493, 4607, 3131, 6616, 5356, 1550, 4617, 8827, 849, 2601, 4437, 17861, 10261, 15704, 3890, 8149, 12063, 3086, 15925, 12301, 6847, 5603, 7768, 3187, 13372, 9258, 6584, 7594, 2603, 1835, 17380, 17193, 15251, 15937, 18731, 4082, 14911, 16626, 8824, 16208, 10167, 17711, 9678, 15852, 13620, 16479, 14586, 2446, 4866, 1315, 7746, 10615, 7927, 2443, 7157, 13506, 18410, 10494]",2065,1500,3,False,1500
5926,alarm set,alarm set,2,True,True,True,"{21: 26, 33: 14, 2: 18, 29: 13, 25: 57, 43: 9, 57: 16, 49: 16, 61: 14, 67: 52, 65: 21, 50: 28, 15: 53, 6: 13, 46: 15, 27: 69, 7: 65, 48: 67, 19: 21, 31: 14, 63: 26, 22: 39, 9: 79, 26: 40, 47: 15, 53: 66, 11: 19, 51: 26, 54: 9, 13: 32, 17: 37, 52: 30, 39: 27, 38: 19, 1: 6, 59: 33, 56: 23, 32: 9, 8: 25, 4: 12, 20: 26, 24: 7, 18: 31, 42: 7, 28: 31, 45: 57, 0: 13, 66: 11, 62: 11, 35: 7, 64: 15, 37: 2, 40: 25, 3: 3, 14: 5, 12: 8, 16: 15, 55: 16, 30: 13, 58: 6, 36: 4, 60: 5, 5: 3, 41: 2, 44: 2, 34: 2}","[12686, 3384, 6034, 14374, 14516, 14680, 18580, 5912, 661, 4433, 14182, 14634, 14672, 13694, 17233, 12320, 12666, 7276, 14925, 15315, 1125, 14820, 3769, 14096, 12401, 14972, 14176, 4685, 4278, 5735, 7514, 16051, 15882, 4696, 17145, 19193, 12994, 9901, 13641, 15193, 6739, 9240, 1608, 14664, 18117, 5676, 15714, 5964, 5329, 16651, 15936, 14441, 15878, 18316, 14255, 18692, 5858, 4640, 10716, 13839, 16635, 2097, 11464, 12427, 2320, 14629, 7617, 16183, 16205, 2170, 4384, 6683, 5285, 18707, 6780, 4231, 2404, 4895, 18091, 2944, 13054, 3904, 3491, 9455, 15985, 10432, 8657, 15304, 9114, 5838, 5197, 17244, 6207, 3970, 17246, 3950, 6168, 8697, 6800, 9942, 11118, 8582, 6355, 15275, 4581, 12724, 11921, 1833, 523, 7619, 15729, 176, 8576, 3101, 1573, 1283, 11796, 11277, 2547, 1738, 6806, 15187, 7129, 5179, 5854, 16373, 9231, 6270, 777, 2062, 13249, 4144, 6325, 3924, 5350, 14414, 3142, 2249, 6444, 13582, 2833, 18030, 6483, 18404, 15057, 7482, 15001, 15872, 14584, 10835, 954, 7257, 1381, 17819, 17518, 6497, 14430, 4901, 16466, 10805, 132, 7506, 755, 14427, 12119, 16613, 19042, 14994, 11257, 8042, 2144, 5966, 1580, 8010, 2550, 10684, 14088, 5037, 8764, 17076, 14185, 15984, 5299, 16601, 19182, 13197, 14561, 12605, 17010, 2703, 6715, 11207, 10188, 212, 2293, 17676, 1720, 5934, 112, 8568, 15870, 3226, 4524, 4431, 5141, 5383, 7609, 12807, 19001, 14368, 6704, 14903, 4172, 117, 18698, 1699, 16558, 7518, 10618, 2110, 10308, 7828, 6623, 17644, 4449, 951, 13858, 15106, 8402, 916, 4771, 8608, 6448, 6656, 13547, 2814, 8336, 8093, 6398, 637, 9909, 10621, 786, 14146, 17292, 9457, 3, 2884, 14785, 10504, 16361, 8181, 17690, 654, 11067, 18741, 386, 18208, 10130, 8079, 7082, 14740, 8076, 18619, 14428, 10992, 12679, 9431, 18328, 13606, 7641, 13542, 1002, 11975, 15646, 19078, 1352, 8683, 16053, 11763, 14823, 7059, 4995, 3754, 6213, 10090, 19084, 1973, 8131, 5353, 836, 13960, 3217, 4885, 9645, 16941, 14750, 13171, 9132, 1355, 4440, 15747, 8233, 6008, 12781, 16749, 13905, 18198, 5033, 2910, 16502, 1233, 965, 16926, 3944, 13518, 18213, 12739, 9972, 14609, 5764, 6128, 9532, 12680, 3672, 5458, 6822, 11547, 3163, 8040, 14081, 8369, 18182, 17541, 11552, 12451, 15074, 1783, 17730, 1690, 16992, 2490, 2459, 18065, 320, 18311, 45, 9495, 4572, 544, 12731, 16811, 15096, 14957, 4594, 16607, 2449, 7791, 13659, 8892, 1713, 17336, 6598, 13832, 10495, 18937, 3067, 3473, 12715, 13492, 14787, 16503, 17899, 16638, 2408, 7141, 10590, 2917, 14650, 12571, 4321, 2855, 1829, 3736, 3381, 11069, 16093, 15201, 14311, 9836, 18289, 16899, 897, 13981, 12223, 8884, 15721, 7778, 13648, 5737, 6550, 19249, 2715, 447, 12941, 8915, 18963, 16291, 760, 5869, 3635, 3439, 6740, 5003, 3174, 2945, 16056, 4860, 11216, 7363, 1147, 12124, 9764, 11245, 4361, 7784, 16285, 17057, 11203, 5114, 17655, 12056, 17890, 7741, 15799, 10258, 16088, 19222, 15303, 1433, 5991, 322, 2322, 3156, 9940, 7814, 17068, 16968, 10018, 1991, 11946, 8705, 10371, 4619, 11074, 2034, 15550, 11743, 18666, 13494, 14175, 13948, 15123, 11154, 10397, 1701, 4770, 839, 12085, 16500, 16241, 1535, 18782, 2221, 539, 18405, 4245, 103, 1571, 16945, 12196, 9441, 1732, 1367, 3596, 4794, 7230, 5245, 17483, 2955, 2003, 11509, 4044, 12934, 3456, 16693, 593, 4582, 14076, 10972, 1965, 7227, 14324, 8658, 3772, 8355, 11889, 1908, 2684, 10026, 1666, 16507, 5589, 9295, 8389, 2099, 18653, 13808, 19147, 6675, 10970, 2788, 19028, 16983, 16166, 9845, 8160, 11381, 10088, 10333, 11716, 14695, 12697, 4365, 3747, 17296, 11904, 74, 7047, 10639, 13094, 940, 10478, 2032, 6642, 14896, 10840, 5430, 5556, 12597, 2183, 18403, 4252, 14613, 18283, 8790, 12140, 13540, 13353, 14114, 13297, 4056, 14038, 11299, 13770, 11433, 14285, 1526, 1955, 15711, 255, 12481, 612, 1635, 4886, 357, 11434, 9524, 13106, 2607, 5391, 9406, 2331, 624, 2749, 17849, 9829, 11436, 18426, 9481, 18550, 15647, 532, 11720, 11824, 15610, 15741, 7902, 13558, 17967, 14539, 17889, 4631, 1238, 16921, 7787, 15293, 3108, 8215, 2851, 4514, 12938, 16730, 17178, 4890, 17960, 4725, 7917, 3191, 8231, 16341, 8195, 10913, 2173, 5557, 2637, 16896, 5806, 1815, 1451, 8864, 2290, 12108, 5328, 6203, 2431, 7508, 17898, 17188, 6897, 1199, 15526, 18437, 6631, 8644, 16917, 14964, 14233, 2454, 584, 4830, 7199, 4180, 14889, 5761, 13756, 6917, 7756, 18880, 15095, 1816, 14070, 16252, 7429, 16589, 1631, 15968, 15221, 12478, 18594, 1477, 5637, 12058, 1205, 13397, 9107, 18654, 1968, 3759, 13147, 14144, 14973, 12452, 18020, 13592, 17920, 13687, 11335, 7207, 418, 7834, 778, 12982, 10688, 9031, 509, 9601, 9780, 17040, 12023, 3916, 91, 6536, 18535, 7547, 15240, 707, 14533, 15064, 17012, 16805, 8637, 5969, 16221, 1940, 13307, 4717, 12615, 18220, 11028, 12170, 1743, 2376, 12415, 14220, 18827, 1294, 18543, 6977, 15309, 11778, 11842, 17103, 3857, 4637, 12162, 19169, 17166, 18237, 17818, 9507, 19022, 5790, 19112, 15611, 1118, 15184, 18703, 1817, 15530, 16579, 8437, 11839, 11378, 3537, 9205, 9217, 16272, 18759, 16828, 12002, 8348, 1723, 3481, 14115, 379, 8544, 264, 6015, 7672, 2253, 7364, 3706, 13796, 17139, 16125, 12059, 9623, 7185, 2418, 18230, 3087, 281, 4379, 1796, 8459, 4400, 17824, 2736, 16446, 13525, 15341, 3275, 7872, 1662, 7557, 4319, 15442, 7181, 10456, 4963, 17048, 16943, 12784, 3441, 5240, 9975, 13216, 17702, 11594, 13554, 6165, 19168, 16070, 3540, 3262, 10661, 4061, 13173, 2875, 17014, 4349, 10818, 8428, 16764, 14232, 8930, 15734, 17680, 7069, 15684, 17050, 18987, 6914, 6863, 19263, 10595, 150, 10039, 2722, 18223, 16444, 6559, 7258, 2661, 7699, 17136, 12773, 4247, 5723, 15194, 1696, 1500, 2807, 9893, 11835, 13240, 18313, 17107, 10265, 10244, 5570, 2862, 14049, 1012, 12861, 723, 9583, 17461, 10056, 1264, 8297, 3716, 14666, 15259, 13531, 543, 13723, 16810, 6700, 3516, 13766, 7186, 10692, 6321, 15484, 14547, 8744, 3703, 10383, 16829, 6366, 6846, 3906, 2021, 18133, 857, 279, 12232, 10212, 10541, 12325, 13475, 1225, 937, 6966, 10881, 16936, 18502, 1440, 11914, 3326, 5633, 14913, 4623, 10743, 12361, 17335, 1072, 5043, 14810, 15077, 3255, 17215, 6553, 17852, 4801, 6962, 3060, 9430, 8799, 13824, 188, 15175, 15163, 4733, 5011, 3536, 17635, 6532, 14071, 6112, 17158, 6597, 11272, 105, 19219, 5013, 12483, 201, 6848, 17033, 6367, 7859, 14702, 18844, 7053, 18694, 15670, 636, 10129, 6378, 5369, 7273, 16247, 9142, 15345, 16817, 14854, 2600, 15783, 889, 11833, 6612, 2068, 2427, 7062, 7918, 16181, 5464, 8339, 8950, 8453, 16423, 6064, 2380, 4268, 13929, 12974, 19141, 1299, 2484, 3883, 3273, 8772, 13256, 11239, 5766, 18098, 12705, 11004, 2695, 10048, 10960, 2766, 15661, 13258, 8015, 6032, 16397, 7749, 19039, 7634, 15076, 4234, 15114, 8475, 8091, 19220, 18004, 9704, 13918, 15569, 16443, 10015, 9943, 7817, 9349, 2588, 8249, 398, 5316, 15538, 18372, 13559, 2937, 2803, 16248, 6155, 630, 9911, 13190, 19157, 15788, 13248, 13148, 1320, 12074, 8471, 8798, 3213, 12418, 814, 2402, 12718, 12397, 10564, 9875, 10128, 6947, 9491, 17707, 3266, 19196, 14309, 18523, 19043, 17975, 18063, 11618, 15016, 14434, 7680, 1739, 18029, 11694, 1745, 9271, 5189, 9561, 11283, 14978, 10753, 16017, 12914, 978, 2828, 17257, 13135, 5061, 121, 6602, 16015, 19271, 12159, 1244, 8260, 13195, 15873, 12815, 14291, 14515, 118, 4892, 14985, 9551, 12654, 4739, 927, 12176, 9523, 11726, 18187, 5880, 2569, 3386, 13942, 3390, 15774, 129, 65, 12922, 8422, 12692, 16213, 11515, 2111, 8347, 10758, 14064, 4401, 17782, 15621, 6709, 14716, 4091, 13964, 8424, 4218, 7249, 11311, 11171, 18564, 14755, 7114, 14009, 14815, 294, 495, 7684, 6833, 4046, 3505, 16995, 17858, 7761, 15803, 9840, 13958, 8226, 10369, 12497, 17142, 1748, 2854, 7159, 11539, 11055, 13337, 17173, 14214, 6803, 11144, 12649, 283, 15489, 13174, 7015, 610, 7030, 18206, 14077, 15468, 14962, 8046, 7809, 17387, 16034, 16678, 1173, 3502, 12942, 15655, 16859, 7099, 1673, 446, 1365, 5881, 3713, 11697, 1897, 16001, 1702, 14149, 11876, 9341, 4325, 6923, 2001, 138, 3276, 18716, 17604, 10501, 115, 12800, 6111, 11148, 4549, 16057, 4707, 6843, 16091, 4295, 7519, 13708, 12409, 11018, 5052, 13566, 14715, 12755, 793, 10837, 1888, 12375, 3935, 5763, 11791, 11258, 13264, 11469, 4683, 8905, 1853, 11600, 4421, 2798, 5074, 18141, 13807, 8595, 8126, 13837, 8060, 6956, 11767, 14560, 9389, 15261, 1232, 12560, 7262, 11504, 3546, 4627, 1177, 517, 4008, 9219, 17696, 4148, 14124, 13243, 11235, 7561, 8331, 16320, 3591, 11341, 4015, 12028, 14929, 18601, 3528, 14065, 1510, 19191, 13833, 17616, 10869, 17689, 831, 16725, 6319, 15465, 10467, 8162, 13563, 7728, 10778, 13545, 12290, 16480, 14401, 12838, 4212, 17529, 4832, 15111, 12690, 10373, 7596, 18614, 17477, 1043, 13100, 4774, 17479, 3774, 9302, 3901, 13071, 6412, 9516, 1261, 3054, 13522, 17602, 14343, 18500, 10957, 2791, 9624, 3634, 17904, 5709, 14670, 11058, 7087, 7435, 13848, 82, 5565, 2562, 14029, 3583, 1676, 12709, 18473, 3158, 12787, 8068, 8263, 16146, 3593, 1802, 1861, 3348, 4487, 17749, 6105, 10471, 17472, 10200, 1182, 14180, 1076, 10156, 4839, 9903, 4879, 9720, 2157, 15344, 16067, 3064, 17182, 5368, 4987, 18484, 18923, 11896, 1052, 15727, 15289, 5885, 1933, 5251, 17072, 6038, 6195, 13524, 6606, 18506, 17536, 6784, 3231, 14121, 8925, 10030, 803, 13764, 146, 19268, 14099, 4130, 16372, 1537, 12248, 13718, 17187, 11728, 1740, 19233, 5600, 4092, 4779, 6028, 3395, 16152, 19150, 2417, 11980, 11237, 8427, 18127, 3538, 9257, 607, 2078, 18457, 5802, 3435, 15019, 4256, 9221, 13465, 11742, 5788, 9528, 17493, 4607, 3131, 6616, 5356, 1550, 4617, 8827, 849, 2601, 4437, 17861, 10261, 15704, 3890, 8149, 12063, 3086, 15925, 12301, 6847, 5603, 7768, 3187, 13372, 9258, 6584, 7594, 2603, 1835, 17380, 17193, 15251, 15937, 18731, 4082, 14911, 16626, 8824, 16208, 10167, 17711, 9678, 15852, 13620, 16479, 14586, 2446, 4866, 1315, 7746, 10615, 7927, 2443, 7157, 13506, 18410, 10494]",5926,1500,3,False,1500
4344,music likeness,play music,48,True,False,False,"{21: 26, 33: 14, 2: 18, 29: 13, 25: 57, 43: 9, 57: 16, 49: 16, 61: 14, 67: 52, 65: 21, 50: 28, 15: 53, 6: 13, 46: 15, 27: 69, 7: 65, 48: 67, 19: 21, 31: 14, 63: 26, 22: 39, 9: 79, 26: 40, 47: 15, 53: 66, 11: 19, 51: 26, 54: 9, 13: 32, 17: 37, 52: 30, 39: 27, 38: 19, 1: 6, 59: 33, 56: 23, 32: 9, 8: 25, 4: 12, 20: 26, 24: 7, 18: 31, 42: 7, 28: 31, 45: 57, 0: 13, 66: 11, 62: 11, 35: 7, 64: 15, 37: 2, 40: 25, 3: 3, 14: 5, 12: 8, 16: 15, 55: 16, 30: 13, 58: 6, 36: 4, 60: 5, 5: 3, 41: 2, 44: 2, 34: 2}","[12686, 3384, 6034, 14374, 14516, 14680, 18580, 5912, 661, 4433, 14182, 14634, 14672, 13694, 17233, 12320, 12666, 7276, 14925, 15315, 1125, 14820, 3769, 14096, 12401, 14972, 14176, 4685, 4278, 5735, 7514, 16051, 15882, 4696, 17145, 19193, 12994, 9901, 13641, 15193, 6739, 9240, 1608, 14664, 18117, 5676, 15714, 5964, 5329, 16651, 15936, 14441, 15878, 18316, 14255, 18692, 5858, 4640, 10716, 13839, 16635, 2097, 11464, 12427, 2320, 14629, 7617, 16183, 16205, 2170, 4384, 6683, 5285, 18707, 6780, 4231, 2404, 4895, 18091, 2944, 13054, 3904, 3491, 9455, 15985, 10432, 8657, 15304, 9114, 5838, 5197, 17244, 6207, 3970, 17246, 3950, 6168, 8697, 6800, 9942, 11118, 8582, 6355, 15275, 4581, 12724, 11921, 1833, 523, 7619, 15729, 176, 8576, 3101, 1573, 1283, 11796, 11277, 2547, 1738, 6806, 15187, 7129, 5179, 5854, 16373, 9231, 6270, 777, 2062, 13249, 4144, 6325, 3924, 5350, 14414, 3142, 2249, 6444, 13582, 2833, 18030, 6483, 18404, 15057, 7482, 15001, 15872, 14584, 10835, 954, 7257, 1381, 17819, 17518, 6497, 14430, 4901, 16466, 10805, 132, 7506, 755, 14427, 12119, 16613, 19042, 14994, 11257, 8042, 2144, 5966, 1580, 8010, 2550, 10684, 14088, 5037, 8764, 17076, 14185, 15984, 5299, 16601, 19182, 13197, 14561, 12605, 17010, 2703, 6715, 11207, 10188, 212, 2293, 17676, 1720, 5934, 112, 8568, 15870, 3226, 4524, 4431, 5141, 5383, 7609, 12807, 19001, 14368, 6704, 14903, 4172, 117, 18698, 1699, 16558, 7518, 10618, 2110, 10308, 7828, 6623, 17644, 4449, 951, 13858, 15106, 8402, 916, 4771, 8608, 6448, 6656, 13547, 2814, 8336, 8093, 6398, 637, 9909, 10621, 786, 14146, 17292, 9457, 3, 2884, 14785, 10504, 16361, 8181, 17690, 654, 11067, 18741, 386, 18208, 10130, 8079, 7082, 14740, 8076, 18619, 14428, 10992, 12679, 9431, 18328, 13606, 7641, 13542, 1002, 11975, 15646, 19078, 1352, 8683, 16053, 11763, 14823, 7059, 4995, 3754, 6213, 10090, 19084, 1973, 8131, 5353, 836, 13960, 3217, 4885, 9645, 16941, 14750, 13171, 9132, 1355, 4440, 15747, 8233, 6008, 12781, 16749, 13905, 18198, 5033, 2910, 16502, 1233, 965, 16926, 3944, 13518, 18213, 12739, 9972, 14609, 5764, 6128, 9532, 12680, 3672, 5458, 6822, 11547, 3163, 8040, 14081, 8369, 18182, 17541, 11552, 12451, 15074, 1783, 17730, 1690, 16992, 2490, 2459, 18065, 320, 18311, 45, 9495, 4572, 544, 12731, 16811, 15096, 14957, 4594, 16607, 2449, 7791, 13659, 8892, 1713, 17336, 6598, 13832, 10495, 18937, 3067, 3473, 12715, 13492, 14787, 16503, 17899, 16638, 2408, 7141, 10590, 2917, 14650, 12571, 4321, 2855, 1829, 3736, 3381, 11069, 16093, 15201, 14311, 9836, 18289, 16899, 897, 13981, 12223, 8884, 15721, 7778, 13648, 5737, 6550, 19249, 2715, 447, 12941, 8915, 18963, 16291, 760, 5869, 3635, 3439, 6740, 5003, 3174, 2945, 16056, 4860, 11216, 7363, 1147, 12124, 9764, 11245, 4361, 7784, 16285, 17057, 11203, 5114, 17655, 12056, 17890, 7741, 15799, 10258, 16088, 19222, 15303, 1433, 5991, 322, 2322, 3156, 9940, 7814, 17068, 16968, 10018, 1991, 11946, 8705, 10371, 4619, 11074, 2034, 15550, 11743, 18666, 13494, 14175, 13948, 15123, 11154, 10397, 1701, 4770, 839, 12085, 16500, 16241, 1535, 18782, 2221, 539, 18405, 4245, 103, 1571, 16945, 12196, 9441, 1732, 1367, 3596, 4794, 7230, 5245, 17483, 2955, 2003, 11509, 4044, 12934, 3456, 16693, 593, 4582, 14076, 10972, 1965, 7227, 14324, 8658, 3772, 8355, 11889, 1908, 2684, 10026, 1666, 16507, 5589, 9295, 8389, 2099, 18653, 13808, 19147, 6675, 10970, 2788, 19028, 16983, 16166, 9845, 8160, 11381, 10088, 10333, 11716, 14695, 12697, 4365, 3747, 17296, 11904, 74, 7047, 10639, 13094, 940, 10478, 2032, 6642, 14896, 10840, 5430, 5556, 12597, 2183, 18403, 4252, 14613, 18283, 8790, 12140, 13540, 13353, 14114, 13297, 4056, 14038, 11299, 13770, 11433, 14285, 1526, 1955, 15711, 255, 12481, 612, 1635, 4886, 357, 11434, 9524, 13106, 2607, 5391, 9406, 2331, 624, 2749, 17849, 9829, 11436, 18426, 9481, 18550, 15647, 532, 11720, 11824, 15610, 15741, 7902, 13558, 17967, 14539, 17889, 4631, 1238, 16921, 7787, 15293, 3108, 8215, 2851, 4514, 12938, 16730, 17178, 4890, 17960, 4725, 7917, 3191, 8231, 16341, 8195, 10913, 2173, 5557, 2637, 16896, 5806, 1815, 1451, 8864, 2290, 12108, 5328, 6203, 2431, 7508, 17898, 17188, 6897, 1199, 15526, 18437, 6631, 8644, 16917, 14964, 14233, 2454, 584, 4830, 7199, 4180, 14889, 5761, 13756, 6917, 7756, 18880, 15095, 1816, 14070, 16252, 7429, 16589, 1631, 15968, 15221, 12478, 18594, 1477, 5637, 12058, 1205, 13397, 9107, 18654, 1968, 3759, 13147, 14144, 14973, 12452, 18020, 13592, 17920, 13687, 11335, 7207, 418, 7834, 778, 12982, 10688, 9031, 509, 9601, 9780, 17040, 12023, 3916, 91, 6536, 18535, 7547, 15240, 707, 14533, 15064, 17012, 16805, 8637, 5969, 16221, 1940, 13307, 4717, 12615, 18220, 11028, 12170, 1743, 2376, 12415, 14220, 18827, 1294, 18543, 6977, 15309, 11778, 11842, 17103, 3857, 4637, 12162, 19169, 17166, 18237, 17818, 9507, 19022, 5790, 19112, 15611, 1118, 15184, 18703, 1817, 15530, 16579, 8437, 11839, 11378, 3537, 9205, 9217, 16272, 18759, 16828, 12002, 8348, 1723, 3481, 14115, 379, 8544, 264, 6015, 7672, 2253, 7364, 3706, 13796, 17139, 16125, 12059, 9623, 7185, 2418, 18230, 3087, 281, 4379, 1796, 8459, 4400, 17824, 2736, 16446, 13525, 15341, 3275, 7872, 1662, 7557, 4319, 15442, 7181, 10456, 4963, 17048, 16943, 12784, 3441, 5240, 9975, 13216, 17702, 11594, 13554, 6165, 19168, 16070, 3540, 3262, 10661, 4061, 13173, 2875, 17014, 4349, 10818, 8428, 16764, 14232, 8930, 15734, 17680, 7069, 15684, 17050, 18987, 6914, 6863, 19263, 10595, 150, 10039, 2722, 18223, 16444, 6559, 7258, 2661, 7699, 17136, 12773, 4247, 5723, 15194, 1696, 1500, 2807, 9893, 11835, 13240, 18313, 17107, 10265, 10244, 5570, 2862, 14049, 1012, 12861, 723, 9583, 17461, 10056, 1264, 8297, 3716, 14666, 15259, 13531, 543, 13723, 16810, 6700, 3516, 13766, 7186, 10692, 6321, 15484, 14547, 8744, 3703, 10383, 16829, 6366, 6846, 3906, 2021, 18133, 857, 279, 12232, 10212, 10541, 12325, 13475, 1225, 937, 6966, 10881, 16936, 18502, 1440, 11914, 3326, 5633, 14913, 4623, 10743, 12361, 17335, 1072, 5043, 14810, 15077, 3255, 17215, 6553, 17852, 4801, 6962, 3060, 9430, 8799, 13824, 188, 15175, 15163, 4733, 5011, 3536, 17635, 6532, 14071, 6112, 17158, 6597, 11272, 105, 19219, 5013, 12483, 201, 6848, 17033, 6367, 7859, 14702, 18844, 7053, 18694, 15670, 636, 10129, 6378, 5369, 7273, 16247, 9142, 15345, 16817, 14854, 2600, 15783, 889, 11833, 6612, 2068, 2427, 7062, 7918, 16181, 5464, 8339, 8950, 8453, 16423, 6064, 2380, 4268, 13929, 12974, 19141, 1299, 2484, 3883, 3273, 8772, 13256, 11239, 5766, 18098, 12705, 11004, 2695, 10048, 10960, 2766, 15661, 13258, 8015, 6032, 16397, 7749, 19039, 7634, 15076, 4234, 15114, 8475, 8091, 19220, 18004, 9704, 13918, 15569, 16443, 10015, 9943, 7817, 9349, 2588, 8249, 398, 5316, 15538, 18372, 13559, 2937, 2803, 16248, 6155, 630, 9911, 13190, 19157, 15788, 13248, 13148, 1320, 12074, 8471, 8798, 3213, 12418, 814, 2402, 12718, 12397, 10564, 9875, 10128, 6947, 9491, 17707, 3266, 19196, 14309, 18523, 19043, 17975, 18063, 11618, 15016, 14434, 7680, 1739, 18029, 11694, 1745, 9271, 5189, 9561, 11283, 14978, 10753, 16017, 12914, 978, 2828, 17257, 13135, 5061, 121, 6602, 16015, 19271, 12159, 1244, 8260, 13195, 15873, 12815, 14291, 14515, 118, 4892, 14985, 9551, 12654, 4739, 927, 12176, 9523, 11726, 18187, 5880, 2569, 3386, 13942, 3390, 15774, 129, 65, 12922, 8422, 12692, 16213, 11515, 2111, 8347, 10758, 14064, 4401, 17782, 15621, 6709, 14716, 4091, 13964, 8424, 4218, 7249, 11311, 11171, 18564, 14755, 7114, 14009, 14815, 294, 495, 7684, 6833, 4046, 3505, 16995, 17858, 7761, 15803, 9840, 13958, 8226, 10369, 12497, 17142, 1748, 2854, 7159, 11539, 11055, 13337, 17173, 14214, 6803, 11144, 12649, 283, 15489, 13174, 7015, 610, 7030, 18206, 14077, 15468, 14962, 8046, 7809, 17387, 16034, 16678, 1173, 3502, 12942, 15655, 16859, 7099, 1673, 446, 1365, 5881, 3713, 11697, 1897, 16001, 1702, 14149, 11876, 9341, 4325, 6923, 2001, 138, 3276, 18716, 17604, 10501, 115, 12800, 6111, 11148, 4549, 16057, 4707, 6843, 16091, 4295, 7519, 13708, 12409, 11018, 5052, 13566, 14715, 12755, 793, 10837, 1888, 12375, 3935, 5763, 11791, 11258, 13264, 11469, 4683, 8905, 1853, 11600, 4421, 2798, 5074, 18141, 13807, 8595, 8126, 13837, 8060, 6956, 11767, 14560, 9389, 15261, 1232, 12560, 7262, 11504, 3546, 4627, 1177, 517, 4008, 9219, 17696, 4148, 14124, 13243, 11235, 7561, 8331, 16320, 3591, 11341, 4015, 12028, 14929, 18601, 3528, 14065, 1510, 19191, 13833, 17616, 10869, 17689, 831, 16725, 6319, 15465, 10467, 8162, 13563, 7728, 10778, 13545, 12290, 16480, 14401, 12838, 4212, 17529, 4832, 15111, 12690, 10373, 7596, 18614, 17477, 1043, 13100, 4774, 17479, 3774, 9302, 3901, 13071, 6412, 9516, 1261, 3054, 13522, 17602, 14343, 18500, 10957, 2791, 9624, 3634, 17904, 5709, 14670, 11058, 7087, 7435, 13848, 82, 5565, 2562, 14029, 3583, 1676, 12709, 18473, 3158, 12787, 8068, 8263, 16146, 3593, 1802, 1861, 3348, 4487, 17749, 6105, 10471, 17472, 10200, 1182, 14180, 1076, 10156, 4839, 9903, 4879, 9720, 2157, 15344, 16067, 3064, 17182, 5368, 4987, 18484, 18923, 11896, 1052, 15727, 15289, 5885, 1933, 5251, 17072, 6038, 6195, 13524, 6606, 18506, 17536, 6784, 3231, 14121, 8925, 10030, 803, 13764, 146, 19268, 14099, 4130, 16372, 1537, 12248, 13718, 17187, 11728, 1740, 19233, 5600, 4092, 4779, 6028, 3395, 16152, 19150, 2417, 11980, 11237, 8427, 18127, 3538, 9257, 607, 2078, 18457, 5802, 3435, 15019, 4256, 9221, 13465, 11742, 5788, 9528, 17493, 4607, 3131, 6616, 5356, 1550, 4617, 8827, 849, 2601, 4437, 17861, 10261, 15704, 3890, 8149, 12063, 3086, 15925, 12301, 6847, 5603, 7768, 3187, 13372, 9258, 6584, 7594, 2603, 1835, 17380, 17193, 15251, 15937, 18731, 4082, 14911, 16626, 8824, 16208, 10167, 17711, 9678, 15852, 13620, 16479, 14586, 2446, 4866, 1315, 7746, 10615, 7927, 2443, 7157, 13506, 18410, 10494]",4344,1500,3,False,1500
5600,qa factoid,weather,67,True,False,False,"{21: 26, 33: 14, 2: 18, 29: 13, 25: 57, 43: 9, 57: 16, 49: 16, 61: 14, 67: 52, 65: 21, 50: 28, 15: 53, 6: 13, 46: 15, 27: 69, 7: 65, 48: 67, 19: 21, 31: 14, 63: 26, 22: 39, 9: 79, 26: 40, 47: 15, 53: 66, 11: 19, 51: 26, 54: 9, 13: 32, 17: 37, 52: 30, 39: 27, 38: 19, 1: 6, 59: 33, 56: 23, 32: 9, 8: 25, 4: 12, 20: 26, 24: 7, 18: 31, 42: 7, 28: 31, 45: 57, 0: 13, 66: 11, 62: 11, 35: 7, 64: 15, 37: 2, 40: 25, 3: 3, 14: 5, 12: 8, 16: 15, 55: 16, 30: 13, 58: 6, 36: 4, 60: 5, 5: 3, 41: 2, 44: 2, 34: 2}","[12686, 3384, 6034, 14374, 14516, 14680, 18580, 5912, 661, 4433, 14182, 14634, 14672, 13694, 17233, 12320, 12666, 7276, 14925, 15315, 1125, 14820, 3769, 14096, 12401, 14972, 14176, 4685, 4278, 5735, 7514, 16051, 15882, 4696, 17145, 19193, 12994, 9901, 13641, 15193, 6739, 9240, 1608, 14664, 18117, 5676, 15714, 5964, 5329, 16651, 15936, 14441, 15878, 18316, 14255, 18692, 5858, 4640, 10716, 13839, 16635, 2097, 11464, 12427, 2320, 14629, 7617, 16183, 16205, 2170, 4384, 6683, 5285, 18707, 6780, 4231, 2404, 4895, 18091, 2944, 13054, 3904, 3491, 9455, 15985, 10432, 8657, 15304, 9114, 5838, 5197, 17244, 6207, 3970, 17246, 3950, 6168, 8697, 6800, 9942, 11118, 8582, 6355, 15275, 4581, 12724, 11921, 1833, 523, 7619, 15729, 176, 8576, 3101, 1573, 1283, 11796, 11277, 2547, 1738, 6806, 15187, 7129, 5179, 5854, 16373, 9231, 6270, 777, 2062, 13249, 4144, 6325, 3924, 5350, 14414, 3142, 2249, 6444, 13582, 2833, 18030, 6483, 18404, 15057, 7482, 15001, 15872, 14584, 10835, 954, 7257, 1381, 17819, 17518, 6497, 14430, 4901, 16466, 10805, 132, 7506, 755, 14427, 12119, 16613, 19042, 14994, 11257, 8042, 2144, 5966, 1580, 8010, 2550, 10684, 14088, 5037, 8764, 17076, 14185, 15984, 5299, 16601, 19182, 13197, 14561, 12605, 17010, 2703, 6715, 11207, 10188, 212, 2293, 17676, 1720, 5934, 112, 8568, 15870, 3226, 4524, 4431, 5141, 5383, 7609, 12807, 19001, 14368, 6704, 14903, 4172, 117, 18698, 1699, 16558, 7518, 10618, 2110, 10308, 7828, 6623, 17644, 4449, 951, 13858, 15106, 8402, 916, 4771, 8608, 6448, 6656, 13547, 2814, 8336, 8093, 6398, 637, 9909, 10621, 786, 14146, 17292, 9457, 3, 2884, 14785, 10504, 16361, 8181, 17690, 654, 11067, 18741, 386, 18208, 10130, 8079, 7082, 14740, 8076, 18619, 14428, 10992, 12679, 9431, 18328, 13606, 7641, 13542, 1002, 11975, 15646, 19078, 1352, 8683, 16053, 11763, 14823, 7059, 4995, 3754, 6213, 10090, 19084, 1973, 8131, 5353, 836, 13960, 3217, 4885, 9645, 16941, 14750, 13171, 9132, 1355, 4440, 15747, 8233, 6008, 12781, 16749, 13905, 18198, 5033, 2910, 16502, 1233, 965, 16926, 3944, 13518, 18213, 12739, 9972, 14609, 5764, 6128, 9532, 12680, 3672, 5458, 6822, 11547, 3163, 8040, 14081, 8369, 18182, 17541, 11552, 12451, 15074, 1783, 17730, 1690, 16992, 2490, 2459, 18065, 320, 18311, 45, 9495, 4572, 544, 12731, 16811, 15096, 14957, 4594, 16607, 2449, 7791, 13659, 8892, 1713, 17336, 6598, 13832, 10495, 18937, 3067, 3473, 12715, 13492, 14787, 16503, 17899, 16638, 2408, 7141, 10590, 2917, 14650, 12571, 4321, 2855, 1829, 3736, 3381, 11069, 16093, 15201, 14311, 9836, 18289, 16899, 897, 13981, 12223, 8884, 15721, 7778, 13648, 5737, 6550, 19249, 2715, 447, 12941, 8915, 18963, 16291, 760, 5869, 3635, 3439, 6740, 5003, 3174, 2945, 16056, 4860, 11216, 7363, 1147, 12124, 9764, 11245, 4361, 7784, 16285, 17057, 11203, 5114, 17655, 12056, 17890, 7741, 15799, 10258, 16088, 19222, 15303, 1433, 5991, 322, 2322, 3156, 9940, 7814, 17068, 16968, 10018, 1991, 11946, 8705, 10371, 4619, 11074, 2034, 15550, 11743, 18666, 13494, 14175, 13948, 15123, 11154, 10397, 1701, 4770, 839, 12085, 16500, 16241, 1535, 18782, 2221, 539, 18405, 4245, 103, 1571, 16945, 12196, 9441, 1732, 1367, 3596, 4794, 7230, 5245, 17483, 2955, 2003, 11509, 4044, 12934, 3456, 16693, 593, 4582, 14076, 10972, 1965, 7227, 14324, 8658, 3772, 8355, 11889, 1908, 2684, 10026, 1666, 16507, 5589, 9295, 8389, 2099, 18653, 13808, 19147, 6675, 10970, 2788, 19028, 16983, 16166, 9845, 8160, 11381, 10088, 10333, 11716, 14695, 12697, 4365, 3747, 17296, 11904, 74, 7047, 10639, 13094, 940, 10478, 2032, 6642, 14896, 10840, 5430, 5556, 12597, 2183, 18403, 4252, 14613, 18283, 8790, 12140, 13540, 13353, 14114, 13297, 4056, 14038, 11299, 13770, 11433, 14285, 1526, 1955, 15711, 255, 12481, 612, 1635, 4886, 357, 11434, 9524, 13106, 2607, 5391, 9406, 2331, 624, 2749, 17849, 9829, 11436, 18426, 9481, 18550, 15647, 532, 11720, 11824, 15610, 15741, 7902, 13558, 17967, 14539, 17889, 4631, 1238, 16921, 7787, 15293, 3108, 8215, 2851, 4514, 12938, 16730, 17178, 4890, 17960, 4725, 7917, 3191, 8231, 16341, 8195, 10913, 2173, 5557, 2637, 16896, 5806, 1815, 1451, 8864, 2290, 12108, 5328, 6203, 2431, 7508, 17898, 17188, 6897, 1199, 15526, 18437, 6631, 8644, 16917, 14964, 14233, 2454, 584, 4830, 7199, 4180, 14889, 5761, 13756, 6917, 7756, 18880, 15095, 1816, 14070, 16252, 7429, 16589, 1631, 15968, 15221, 12478, 18594, 1477, 5637, 12058, 1205, 13397, 9107, 18654, 1968, 3759, 13147, 14144, 14973, 12452, 18020, 13592, 17920, 13687, 11335, 7207, 418, 7834, 778, 12982, 10688, 9031, 509, 9601, 9780, 17040, 12023, 3916, 91, 6536, 18535, 7547, 15240, 707, 14533, 15064, 17012, 16805, 8637, 5969, 16221, 1940, 13307, 4717, 12615, 18220, 11028, 12170, 1743, 2376, 12415, 14220, 18827, 1294, 18543, 6977, 15309, 11778, 11842, 17103, 3857, 4637, 12162, 19169, 17166, 18237, 17818, 9507, 19022, 5790, 19112, 15611, 1118, 15184, 18703, 1817, 15530, 16579, 8437, 11839, 11378, 3537, 9205, 9217, 16272, 18759, 16828, 12002, 8348, 1723, 3481, 14115, 379, 8544, 264, 6015, 7672, 2253, 7364, 3706, 13796, 17139, 16125, 12059, 9623, 7185, 2418, 18230, 3087, 281, 4379, 1796, 8459, 4400, 17824, 2736, 16446, 13525, 15341, 3275, 7872, 1662, 7557, 4319, 15442, 7181, 10456, 4963, 17048, 16943, 12784, 3441, 5240, 9975, 13216, 17702, 11594, 13554, 6165, 19168, 16070, 3540, 3262, 10661, 4061, 13173, 2875, 17014, 4349, 10818, 8428, 16764, 14232, 8930, 15734, 17680, 7069, 15684, 17050, 18987, 6914, 6863, 19263, 10595, 150, 10039, 2722, 18223, 16444, 6559, 7258, 2661, 7699, 17136, 12773, 4247, 5723, 15194, 1696, 1500, 2807, 9893, 11835, 13240, 18313, 17107, 10265, 10244, 5570, 2862, 14049, 1012, 12861, 723, 9583, 17461, 10056, 1264, 8297, 3716, 14666, 15259, 13531, 543, 13723, 16810, 6700, 3516, 13766, 7186, 10692, 6321, 15484, 14547, 8744, 3703, 10383, 16829, 6366, 6846, 3906, 2021, 18133, 857, 279, 12232, 10212, 10541, 12325, 13475, 1225, 937, 6966, 10881, 16936, 18502, 1440, 11914, 3326, 5633, 14913, 4623, 10743, 12361, 17335, 1072, 5043, 14810, 15077, 3255, 17215, 6553, 17852, 4801, 6962, 3060, 9430, 8799, 13824, 188, 15175, 15163, 4733, 5011, 3536, 17635, 6532, 14071, 6112, 17158, 6597, 11272, 105, 19219, 5013, 12483, 201, 6848, 17033, 6367, 7859, 14702, 18844, 7053, 18694, 15670, 636, 10129, 6378, 5369, 7273, 16247, 9142, 15345, 16817, 14854, 2600, 15783, 889, 11833, 6612, 2068, 2427, 7062, 7918, 16181, 5464, 8339, 8950, 8453, 16423, 6064, 2380, 4268, 13929, 12974, 19141, 1299, 2484, 3883, 3273, 8772, 13256, 11239, 5766, 18098, 12705, 11004, 2695, 10048, 10960, 2766, 15661, 13258, 8015, 6032, 16397, 7749, 19039, 7634, 15076, 4234, 15114, 8475, 8091, 19220, 18004, 9704, 13918, 15569, 16443, 10015, 9943, 7817, 9349, 2588, 8249, 398, 5316, 15538, 18372, 13559, 2937, 2803, 16248, 6155, 630, 9911, 13190, 19157, 15788, 13248, 13148, 1320, 12074, 8471, 8798, 3213, 12418, 814, 2402, 12718, 12397, 10564, 9875, 10128, 6947, 9491, 17707, 3266, 19196, 14309, 18523, 19043, 17975, 18063, 11618, 15016, 14434, 7680, 1739, 18029, 11694, 1745, 9271, 5189, 9561, 11283, 14978, 10753, 16017, 12914, 978, 2828, 17257, 13135, 5061, 121, 6602, 16015, 19271, 12159, 1244, 8260, 13195, 15873, 12815, 14291, 14515, 118, 4892, 14985, 9551, 12654, 4739, 927, 12176, 9523, 11726, 18187, 5880, 2569, 3386, 13942, 3390, 15774, 129, 65, 12922, 8422, 12692, 16213, 11515, 2111, 8347, 10758, 14064, 4401, 17782, 15621, 6709, 14716, 4091, 13964, 8424, 4218, 7249, 11311, 11171, 18564, 14755, 7114, 14009, 14815, 294, 495, 7684, 6833, 4046, 3505, 16995, 17858, 7761, 15803, 9840, 13958, 8226, 10369, 12497, 17142, 1748, 2854, 7159, 11539, 11055, 13337, 17173, 14214, 6803, 11144, 12649, 283, 15489, 13174, 7015, 610, 7030, 18206, 14077, 15468, 14962, 8046, 7809, 17387, 16034, 16678, 1173, 3502, 12942, 15655, 16859, 7099, 1673, 446, 1365, 5881, 3713, 11697, 1897, 16001, 1702, 14149, 11876, 9341, 4325, 6923, 2001, 138, 3276, 18716, 17604, 10501, 115, 12800, 6111, 11148, 4549, 16057, 4707, 6843, 16091, 4295, 7519, 13708, 12409, 11018, 5052, 13566, 14715, 12755, 793, 10837, 1888, 12375, 3935, 5763, 11791, 11258, 13264, 11469, 4683, 8905, 1853, 11600, 4421, 2798, 5074, 18141, 13807, 8595, 8126, 13837, 8060, 6956, 11767, 14560, 9389, 15261, 1232, 12560, 7262, 11504, 3546, 4627, 1177, 517, 4008, 9219, 17696, 4148, 14124, 13243, 11235, 7561, 8331, 16320, 3591, 11341, 4015, 12028, 14929, 18601, 3528, 14065, 1510, 19191, 13833, 17616, 10869, 17689, 831, 16725, 6319, 15465, 10467, 8162, 13563, 7728, 10778, 13545, 12290, 16480, 14401, 12838, 4212, 17529, 4832, 15111, 12690, 10373, 7596, 18614, 17477, 1043, 13100, 4774, 17479, 3774, 9302, 3901, 13071, 6412, 9516, 1261, 3054, 13522, 17602, 14343, 18500, 10957, 2791, 9624, 3634, 17904, 5709, 14670, 11058, 7087, 7435, 13848, 82, 5565, 2562, 14029, 3583, 1676, 12709, 18473, 3158, 12787, 8068, 8263, 16146, 3593, 1802, 1861, 3348, 4487, 17749, 6105, 10471, 17472, 10200, 1182, 14180, 1076, 10156, 4839, 9903, 4879, 9720, 2157, 15344, 16067, 3064, 17182, 5368, 4987, 18484, 18923, 11896, 1052, 15727, 15289, 5885, 1933, 5251, 17072, 6038, 6195, 13524, 6606, 18506, 17536, 6784, 3231, 14121, 8925, 10030, 803, 13764, 146, 19268, 14099, 4130, 16372, 1537, 12248, 13718, 17187, 11728, 1740, 19233, 5600, 4092, 4779, 6028, 3395, 16152, 19150, 2417, 11980, 11237, 8427, 18127, 3538, 9257, 607, 2078, 18457, 5802, 3435, 15019, 4256, 9221, 13465, 11742, 5788, 9528, 17493, 4607, 3131, 6616, 5356, 1550, 4617, 8827, 849, 2601, 4437, 17861, 10261, 15704, 3890, 8149, 12063, 3086, 15925, 12301, 6847, 5603, 7768, 3187, 13372, 9258, 6584, 7594, 2603, 1835, 17380, 17193, 15251, 15937, 18731, 4082, 14911, 16626, 8824, 16208, 10167, 17711, 9678, 15852, 13620, 16479, 14586, 2446, 4866, 1315, 7746, 10615, 7927, 2443, 7157, 13506, 18410, 10494]",5600,1500,3,False,1500
822,weather query,weather,67,True,True,False,"{21: 26, 33: 14, 2: 18, 29: 13, 25: 57, 43: 9, 57: 16, 49: 16, 61: 14, 67: 52, 65: 21, 50: 28, 15: 53, 6: 13, 46: 15, 27: 69, 7: 65, 48: 67, 19: 21, 31: 14, 63: 26, 22: 39, 9: 79, 26: 40, 47: 15, 53: 66, 11: 19, 51: 26, 54: 9, 13: 32, 17: 37, 52: 30, 39: 27, 38: 19, 1: 6, 59: 33, 56: 23, 32: 9, 8: 25, 4: 12, 20: 26, 24: 7, 18: 31, 42: 7, 28: 31, 45: 57, 0: 13, 66: 11, 62: 11, 35: 7, 64: 15, 37: 2, 40: 25, 3: 3, 14: 5, 12: 8, 16: 15, 55: 16, 30: 13, 58: 6, 36: 4, 60: 5, 5: 3, 41: 2, 44: 2, 34: 2}","[12686, 3384, 6034, 14374, 14516, 14680, 18580, 5912, 661, 4433, 14182, 14634, 14672, 13694, 17233, 12320, 12666, 7276, 14925, 15315, 1125, 14820, 3769, 14096, 12401, 14972, 14176, 4685, 4278, 5735, 7514, 16051, 15882, 4696, 17145, 19193, 12994, 9901, 13641, 15193, 6739, 9240, 1608, 14664, 18117, 5676, 15714, 5964, 5329, 16651, 15936, 14441, 15878, 18316, 14255, 18692, 5858, 4640, 10716, 13839, 16635, 2097, 11464, 12427, 2320, 14629, 7617, 16183, 16205, 2170, 4384, 6683, 5285, 18707, 6780, 4231, 2404, 4895, 18091, 2944, 13054, 3904, 3491, 9455, 15985, 10432, 8657, 15304, 9114, 5838, 5197, 17244, 6207, 3970, 17246, 3950, 6168, 8697, 6800, 9942, 11118, 8582, 6355, 15275, 4581, 12724, 11921, 1833, 523, 7619, 15729, 176, 8576, 3101, 1573, 1283, 11796, 11277, 2547, 1738, 6806, 15187, 7129, 5179, 5854, 16373, 9231, 6270, 777, 2062, 13249, 4144, 6325, 3924, 5350, 14414, 3142, 2249, 6444, 13582, 2833, 18030, 6483, 18404, 15057, 7482, 15001, 15872, 14584, 10835, 954, 7257, 1381, 17819, 17518, 6497, 14430, 4901, 16466, 10805, 132, 7506, 755, 14427, 12119, 16613, 19042, 14994, 11257, 8042, 2144, 5966, 1580, 8010, 2550, 10684, 14088, 5037, 8764, 17076, 14185, 15984, 5299, 16601, 19182, 13197, 14561, 12605, 17010, 2703, 6715, 11207, 10188, 212, 2293, 17676, 1720, 5934, 112, 8568, 15870, 3226, 4524, 4431, 5141, 5383, 7609, 12807, 19001, 14368, 6704, 14903, 4172, 117, 18698, 1699, 16558, 7518, 10618, 2110, 10308, 7828, 6623, 17644, 4449, 951, 13858, 15106, 8402, 916, 4771, 8608, 6448, 6656, 13547, 2814, 8336, 8093, 6398, 637, 9909, 10621, 786, 14146, 17292, 9457, 3, 2884, 14785, 10504, 16361, 8181, 17690, 654, 11067, 18741, 386, 18208, 10130, 8079, 7082, 14740, 8076, 18619, 14428, 10992, 12679, 9431, 18328, 13606, 7641, 13542, 1002, 11975, 15646, 19078, 1352, 8683, 16053, 11763, 14823, 7059, 4995, 3754, 6213, 10090, 19084, 1973, 8131, 5353, 836, 13960, 3217, 4885, 9645, 16941, 14750, 13171, 9132, 1355, 4440, 15747, 8233, 6008, 12781, 16749, 13905, 18198, 5033, 2910, 16502, 1233, 965, 16926, 3944, 13518, 18213, 12739, 9972, 14609, 5764, 6128, 9532, 12680, 3672, 5458, 6822, 11547, 3163, 8040, 14081, 8369, 18182, 17541, 11552, 12451, 15074, 1783, 17730, 1690, 16992, 2490, 2459, 18065, 320, 18311, 45, 9495, 4572, 544, 12731, 16811, 15096, 14957, 4594, 16607, 2449, 7791, 13659, 8892, 1713, 17336, 6598, 13832, 10495, 18937, 3067, 3473, 12715, 13492, 14787, 16503, 17899, 16638, 2408, 7141, 10590, 2917, 14650, 12571, 4321, 2855, 1829, 3736, 3381, 11069, 16093, 15201, 14311, 9836, 18289, 16899, 897, 13981, 12223, 8884, 15721, 7778, 13648, 5737, 6550, 19249, 2715, 447, 12941, 8915, 18963, 16291, 760, 5869, 3635, 3439, 6740, 5003, 3174, 2945, 16056, 4860, 11216, 7363, 1147, 12124, 9764, 11245, 4361, 7784, 16285, 17057, 11203, 5114, 17655, 12056, 17890, 7741, 15799, 10258, 16088, 19222, 15303, 1433, 5991, 322, 2322, 3156, 9940, 7814, 17068, 16968, 10018, 1991, 11946, 8705, 10371, 4619, 11074, 2034, 15550, 11743, 18666, 13494, 14175, 13948, 15123, 11154, 10397, 1701, 4770, 839, 12085, 16500, 16241, 1535, 18782, 2221, 539, 18405, 4245, 103, 1571, 16945, 12196, 9441, 1732, 1367, 3596, 4794, 7230, 5245, 17483, 2955, 2003, 11509, 4044, 12934, 3456, 16693, 593, 4582, 14076, 10972, 1965, 7227, 14324, 8658, 3772, 8355, 11889, 1908, 2684, 10026, 1666, 16507, 5589, 9295, 8389, 2099, 18653, 13808, 19147, 6675, 10970, 2788, 19028, 16983, 16166, 9845, 8160, 11381, 10088, 10333, 11716, 14695, 12697, 4365, 3747, 17296, 11904, 74, 7047, 10639, 13094, 940, 10478, 2032, 6642, 14896, 10840, 5430, 5556, 12597, 2183, 18403, 4252, 14613, 18283, 8790, 12140, 13540, 13353, 14114, 13297, 4056, 14038, 11299, 13770, 11433, 14285, 1526, 1955, 15711, 255, 12481, 612, 1635, 4886, 357, 11434, 9524, 13106, 2607, 5391, 9406, 2331, 624, 2749, 17849, 9829, 11436, 18426, 9481, 18550, 15647, 532, 11720, 11824, 15610, 15741, 7902, 13558, 17967, 14539, 17889, 4631, 1238, 16921, 7787, 15293, 3108, 8215, 2851, 4514, 12938, 16730, 17178, 4890, 17960, 4725, 7917, 3191, 8231, 16341, 8195, 10913, 2173, 5557, 2637, 16896, 5806, 1815, 1451, 8864, 2290, 12108, 5328, 6203, 2431, 7508, 17898, 17188, 6897, 1199, 15526, 18437, 6631, 8644, 16917, 14964, 14233, 2454, 584, 4830, 7199, 4180, 14889, 5761, 13756, 6917, 7756, 18880, 15095, 1816, 14070, 16252, 7429, 16589, 1631, 15968, 15221, 12478, 18594, 1477, 5637, 12058, 1205, 13397, 9107, 18654, 1968, 3759, 13147, 14144, 14973, 12452, 18020, 13592, 17920, 13687, 11335, 7207, 418, 7834, 778, 12982, 10688, 9031, 509, 9601, 9780, 17040, 12023, 3916, 91, 6536, 18535, 7547, 15240, 707, 14533, 15064, 17012, 16805, 8637, 5969, 16221, 1940, 13307, 4717, 12615, 18220, 11028, 12170, 1743, 2376, 12415, 14220, 18827, 1294, 18543, 6977, 15309, 11778, 11842, 17103, 3857, 4637, 12162, 19169, 17166, 18237, 17818, 9507, 19022, 5790, 19112, 15611, 1118, 15184, 18703, 1817, 15530, 16579, 8437, 11839, 11378, 3537, 9205, 9217, 16272, 18759, 16828, 12002, 8348, 1723, 3481, 14115, 379, 8544, 264, 6015, 7672, 2253, 7364, 3706, 13796, 17139, 16125, 12059, 9623, 7185, 2418, 18230, 3087, 281, 4379, 1796, 8459, 4400, 17824, 2736, 16446, 13525, 15341, 3275, 7872, 1662, 7557, 4319, 15442, 7181, 10456, 4963, 17048, 16943, 12784, 3441, 5240, 9975, 13216, 17702, 11594, 13554, 6165, 19168, 16070, 3540, 3262, 10661, 4061, 13173, 2875, 17014, 4349, 10818, 8428, 16764, 14232, 8930, 15734, 17680, 7069, 15684, 17050, 18987, 6914, 6863, 19263, 10595, 150, 10039, 2722, 18223, 16444, 6559, 7258, 2661, 7699, 17136, 12773, 4247, 5723, 15194, 1696, 1500, 2807, 9893, 11835, 13240, 18313, 17107, 10265, 10244, 5570, 2862, 14049, 1012, 12861, 723, 9583, 17461, 10056, 1264, 8297, 3716, 14666, 15259, 13531, 543, 13723, 16810, 6700, 3516, 13766, 7186, 10692, 6321, 15484, 14547, 8744, 3703, 10383, 16829, 6366, 6846, 3906, 2021, 18133, 857, 279, 12232, 10212, 10541, 12325, 13475, 1225, 937, 6966, 10881, 16936, 18502, 1440, 11914, 3326, 5633, 14913, 4623, 10743, 12361, 17335, 1072, 5043, 14810, 15077, 3255, 17215, 6553, 17852, 4801, 6962, 3060, 9430, 8799, 13824, 188, 15175, 15163, 4733, 5011, 3536, 17635, 6532, 14071, 6112, 17158, 6597, 11272, 105, 19219, 5013, 12483, 201, 6848, 17033, 6367, 7859, 14702, 18844, 7053, 18694, 15670, 636, 10129, 6378, 5369, 7273, 16247, 9142, 15345, 16817, 14854, 2600, 15783, 889, 11833, 6612, 2068, 2427, 7062, 7918, 16181, 5464, 8339, 8950, 8453, 16423, 6064, 2380, 4268, 13929, 12974, 19141, 1299, 2484, 3883, 3273, 8772, 13256, 11239, 5766, 18098, 12705, 11004, 2695, 10048, 10960, 2766, 15661, 13258, 8015, 6032, 16397, 7749, 19039, 7634, 15076, 4234, 15114, 8475, 8091, 19220, 18004, 9704, 13918, 15569, 16443, 10015, 9943, 7817, 9349, 2588, 8249, 398, 5316, 15538, 18372, 13559, 2937, 2803, 16248, 6155, 630, 9911, 13190, 19157, 15788, 13248, 13148, 1320, 12074, 8471, 8798, 3213, 12418, 814, 2402, 12718, 12397, 10564, 9875, 10128, 6947, 9491, 17707, 3266, 19196, 14309, 18523, 19043, 17975, 18063, 11618, 15016, 14434, 7680, 1739, 18029, 11694, 1745, 9271, 5189, 9561, 11283, 14978, 10753, 16017, 12914, 978, 2828, 17257, 13135, 5061, 121, 6602, 16015, 19271, 12159, 1244, 8260, 13195, 15873, 12815, 14291, 14515, 118, 4892, 14985, 9551, 12654, 4739, 927, 12176, 9523, 11726, 18187, 5880, 2569, 3386, 13942, 3390, 15774, 129, 65, 12922, 8422, 12692, 16213, 11515, 2111, 8347, 10758, 14064, 4401, 17782, 15621, 6709, 14716, 4091, 13964, 8424, 4218, 7249, 11311, 11171, 18564, 14755, 7114, 14009, 14815, 294, 495, 7684, 6833, 4046, 3505, 16995, 17858, 7761, 15803, 9840, 13958, 8226, 10369, 12497, 17142, 1748, 2854, 7159, 11539, 11055, 13337, 17173, 14214, 6803, 11144, 12649, 283, 15489, 13174, 7015, 610, 7030, 18206, 14077, 15468, 14962, 8046, 7809, 17387, 16034, 16678, 1173, 3502, 12942, 15655, 16859, 7099, 1673, 446, 1365, 5881, 3713, 11697, 1897, 16001, 1702, 14149, 11876, 9341, 4325, 6923, 2001, 138, 3276, 18716, 17604, 10501, 115, 12800, 6111, 11148, 4549, 16057, 4707, 6843, 16091, 4295, 7519, 13708, 12409, 11018, 5052, 13566, 14715, 12755, 793, 10837, 1888, 12375, 3935, 5763, 11791, 11258, 13264, 11469, 4683, 8905, 1853, 11600, 4421, 2798, 5074, 18141, 13807, 8595, 8126, 13837, 8060, 6956, 11767, 14560, 9389, 15261, 1232, 12560, 7262, 11504, 3546, 4627, 1177, 517, 4008, 9219, 17696, 4148, 14124, 13243, 11235, 7561, 8331, 16320, 3591, 11341, 4015, 12028, 14929, 18601, 3528, 14065, 1510, 19191, 13833, 17616, 10869, 17689, 831, 16725, 6319, 15465, 10467, 8162, 13563, 7728, 10778, 13545, 12290, 16480, 14401, 12838, 4212, 17529, 4832, 15111, 12690, 10373, 7596, 18614, 17477, 1043, 13100, 4774, 17479, 3774, 9302, 3901, 13071, 6412, 9516, 1261, 3054, 13522, 17602, 14343, 18500, 10957, 2791, 9624, 3634, 17904, 5709, 14670, 11058, 7087, 7435, 13848, 82, 5565, 2562, 14029, 3583, 1676, 12709, 18473, 3158, 12787, 8068, 8263, 16146, 3593, 1802, 1861, 3348, 4487, 17749, 6105, 10471, 17472, 10200, 1182, 14180, 1076, 10156, 4839, 9903, 4879, 9720, 2157, 15344, 16067, 3064, 17182, 5368, 4987, 18484, 18923, 11896, 1052, 15727, 15289, 5885, 1933, 5251, 17072, 6038, 6195, 13524, 6606, 18506, 17536, 6784, 3231, 14121, 8925, 10030, 803, 13764, 146, 19268, 14099, 4130, 16372, 1537, 12248, 13718, 17187, 11728, 1740, 19233, 5600, 4092, 4779, 6028, 3395, 16152, 19150, 2417, 11980, 11237, 8427, 18127, 3538, 9257, 607, 2078, 18457, 5802, 3435, 15019, 4256, 9221, 13465, 11742, 5788, 9528, 17493, 4607, 3131, 6616, 5356, 1550, 4617, 8827, 849, 2601, 4437, 17861, 10261, 15704, 3890, 8149, 12063, 3086, 15925, 12301, 6847, 5603, 7768, 3187, 13372, 9258, 6584, 7594, 2603, 1835, 17380, 17193, 15251, 15937, 18731, 4082, 14911, 16626, 8824, 16208, 10167, 17711, 9678, 15852, 13620, 16479, 14586, 2446, 4866, 1315, 7746, 10615, 7927, 2443, 7157, 13506, 18410, 10494]",822,1500,3,False,1500
1021,general command stop,general command,19,True,True,False,"{21: 26, 33: 14, 2: 18, 29: 13, 25: 57, 43: 9, 57: 16, 49: 16, 61: 14, 67: 52, 65: 21, 50: 28, 15: 53, 6: 13, 46: 15, 27: 69, 7: 65, 48: 67, 19: 21, 31: 14, 63: 26, 22: 39, 9: 79, 26: 40, 47: 15, 53: 66, 11: 19, 51: 26, 54: 9, 13: 32, 17: 37, 52: 30, 39: 27, 38: 19, 1: 6, 59: 33, 56: 23, 32: 9, 8: 25, 4: 12, 20: 26, 24: 7, 18: 31, 42: 7, 28: 31, 45: 57, 0: 13, 66: 11, 62: 11, 35: 7, 64: 15, 37: 2, 40: 25, 3: 3, 14: 5, 12: 8, 16: 15, 55: 16, 30: 13, 58: 6, 36: 4, 60: 5, 5: 3, 41: 2, 44: 2, 34: 2}","[12686, 3384, 6034, 14374, 14516, 14680, 18580, 5912, 661, 4433, 14182, 14634, 14672, 13694, 17233, 12320, 12666, 7276, 14925, 15315, 1125, 14820, 3769, 14096, 12401, 14972, 14176, 4685, 4278, 5735, 7514, 16051, 15882, 4696, 17145, 19193, 12994, 9901, 13641, 15193, 6739, 9240, 1608, 14664, 18117, 5676, 15714, 5964, 5329, 16651, 15936, 14441, 15878, 18316, 14255, 18692, 5858, 4640, 10716, 13839, 16635, 2097, 11464, 12427, 2320, 14629, 7617, 16183, 16205, 2170, 4384, 6683, 5285, 18707, 6780, 4231, 2404, 4895, 18091, 2944, 13054, 3904, 3491, 9455, 15985, 10432, 8657, 15304, 9114, 5838, 5197, 17244, 6207, 3970, 17246, 3950, 6168, 8697, 6800, 9942, 11118, 8582, 6355, 15275, 4581, 12724, 11921, 1833, 523, 7619, 15729, 176, 8576, 3101, 1573, 1283, 11796, 11277, 2547, 1738, 6806, 15187, 7129, 5179, 5854, 16373, 9231, 6270, 777, 2062, 13249, 4144, 6325, 3924, 5350, 14414, 3142, 2249, 6444, 13582, 2833, 18030, 6483, 18404, 15057, 7482, 15001, 15872, 14584, 10835, 954, 7257, 1381, 17819, 17518, 6497, 14430, 4901, 16466, 10805, 132, 7506, 755, 14427, 12119, 16613, 19042, 14994, 11257, 8042, 2144, 5966, 1580, 8010, 2550, 10684, 14088, 5037, 8764, 17076, 14185, 15984, 5299, 16601, 19182, 13197, 14561, 12605, 17010, 2703, 6715, 11207, 10188, 212, 2293, 17676, 1720, 5934, 112, 8568, 15870, 3226, 4524, 4431, 5141, 5383, 7609, 12807, 19001, 14368, 6704, 14903, 4172, 117, 18698, 1699, 16558, 7518, 10618, 2110, 10308, 7828, 6623, 17644, 4449, 951, 13858, 15106, 8402, 916, 4771, 8608, 6448, 6656, 13547, 2814, 8336, 8093, 6398, 637, 9909, 10621, 786, 14146, 17292, 9457, 3, 2884, 14785, 10504, 16361, 8181, 17690, 654, 11067, 18741, 386, 18208, 10130, 8079, 7082, 14740, 8076, 18619, 14428, 10992, 12679, 9431, 18328, 13606, 7641, 13542, 1002, 11975, 15646, 19078, 1352, 8683, 16053, 11763, 14823, 7059, 4995, 3754, 6213, 10090, 19084, 1973, 8131, 5353, 836, 13960, 3217, 4885, 9645, 16941, 14750, 13171, 9132, 1355, 4440, 15747, 8233, 6008, 12781, 16749, 13905, 18198, 5033, 2910, 16502, 1233, 965, 16926, 3944, 13518, 18213, 12739, 9972, 14609, 5764, 6128, 9532, 12680, 3672, 5458, 6822, 11547, 3163, 8040, 14081, 8369, 18182, 17541, 11552, 12451, 15074, 1783, 17730, 1690, 16992, 2490, 2459, 18065, 320, 18311, 45, 9495, 4572, 544, 12731, 16811, 15096, 14957, 4594, 16607, 2449, 7791, 13659, 8892, 1713, 17336, 6598, 13832, 10495, 18937, 3067, 3473, 12715, 13492, 14787, 16503, 17899, 16638, 2408, 7141, 10590, 2917, 14650, 12571, 4321, 2855, 1829, 3736, 3381, 11069, 16093, 15201, 14311, 9836, 18289, 16899, 897, 13981, 12223, 8884, 15721, 7778, 13648, 5737, 6550, 19249, 2715, 447, 12941, 8915, 18963, 16291, 760, 5869, 3635, 3439, 6740, 5003, 3174, 2945, 16056, 4860, 11216, 7363, 1147, 12124, 9764, 11245, 4361, 7784, 16285, 17057, 11203, 5114, 17655, 12056, 17890, 7741, 15799, 10258, 16088, 19222, 15303, 1433, 5991, 322, 2322, 3156, 9940, 7814, 17068, 16968, 10018, 1991, 11946, 8705, 10371, 4619, 11074, 2034, 15550, 11743, 18666, 13494, 14175, 13948, 15123, 11154, 10397, 1701, 4770, 839, 12085, 16500, 16241, 1535, 18782, 2221, 539, 18405, 4245, 103, 1571, 16945, 12196, 9441, 1732, 1367, 3596, 4794, 7230, 5245, 17483, 2955, 2003, 11509, 4044, 12934, 3456, 16693, 593, 4582, 14076, 10972, 1965, 7227, 14324, 8658, 3772, 8355, 11889, 1908, 2684, 10026, 1666, 16507, 5589, 9295, 8389, 2099, 18653, 13808, 19147, 6675, 10970, 2788, 19028, 16983, 16166, 9845, 8160, 11381, 10088, 10333, 11716, 14695, 12697, 4365, 3747, 17296, 11904, 74, 7047, 10639, 13094, 940, 10478, 2032, 6642, 14896, 10840, 5430, 5556, 12597, 2183, 18403, 4252, 14613, 18283, 8790, 12140, 13540, 13353, 14114, 13297, 4056, 14038, 11299, 13770, 11433, 14285, 1526, 1955, 15711, 255, 12481, 612, 1635, 4886, 357, 11434, 9524, 13106, 2607, 5391, 9406, 2331, 624, 2749, 17849, 9829, 11436, 18426, 9481, 18550, 15647, 532, 11720, 11824, 15610, 15741, 7902, 13558, 17967, 14539, 17889, 4631, 1238, 16921, 7787, 15293, 3108, 8215, 2851, 4514, 12938, 16730, 17178, 4890, 17960, 4725, 7917, 3191, 8231, 16341, 8195, 10913, 2173, 5557, 2637, 16896, 5806, 1815, 1451, 8864, 2290, 12108, 5328, 6203, 2431, 7508, 17898, 17188, 6897, 1199, 15526, 18437, 6631, 8644, 16917, 14964, 14233, 2454, 584, 4830, 7199, 4180, 14889, 5761, 13756, 6917, 7756, 18880, 15095, 1816, 14070, 16252, 7429, 16589, 1631, 15968, 15221, 12478, 18594, 1477, 5637, 12058, 1205, 13397, 9107, 18654, 1968, 3759, 13147, 14144, 14973, 12452, 18020, 13592, 17920, 13687, 11335, 7207, 418, 7834, 778, 12982, 10688, 9031, 509, 9601, 9780, 17040, 12023, 3916, 91, 6536, 18535, 7547, 15240, 707, 14533, 15064, 17012, 16805, 8637, 5969, 16221, 1940, 13307, 4717, 12615, 18220, 11028, 12170, 1743, 2376, 12415, 14220, 18827, 1294, 18543, 6977, 15309, 11778, 11842, 17103, 3857, 4637, 12162, 19169, 17166, 18237, 17818, 9507, 19022, 5790, 19112, 15611, 1118, 15184, 18703, 1817, 15530, 16579, 8437, 11839, 11378, 3537, 9205, 9217, 16272, 18759, 16828, 12002, 8348, 1723, 3481, 14115, 379, 8544, 264, 6015, 7672, 2253, 7364, 3706, 13796, 17139, 16125, 12059, 9623, 7185, 2418, 18230, 3087, 281, 4379, 1796, 8459, 4400, 17824, 2736, 16446, 13525, 15341, 3275, 7872, 1662, 7557, 4319, 15442, 7181, 10456, 4963, 17048, 16943, 12784, 3441, 5240, 9975, 13216, 17702, 11594, 13554, 6165, 19168, 16070, 3540, 3262, 10661, 4061, 13173, 2875, 17014, 4349, 10818, 8428, 16764, 14232, 8930, 15734, 17680, 7069, 15684, 17050, 18987, 6914, 6863, 19263, 10595, 150, 10039, 2722, 18223, 16444, 6559, 7258, 2661, 7699, 17136, 12773, 4247, 5723, 15194, 1696, 1500, 2807, 9893, 11835, 13240, 18313, 17107, 10265, 10244, 5570, 2862, 14049, 1012, 12861, 723, 9583, 17461, 10056, 1264, 8297, 3716, 14666, 15259, 13531, 543, 13723, 16810, 6700, 3516, 13766, 7186, 10692, 6321, 15484, 14547, 8744, 3703, 10383, 16829, 6366, 6846, 3906, 2021, 18133, 857, 279, 12232, 10212, 10541, 12325, 13475, 1225, 937, 6966, 10881, 16936, 18502, 1440, 11914, 3326, 5633, 14913, 4623, 10743, 12361, 17335, 1072, 5043, 14810, 15077, 3255, 17215, 6553, 17852, 4801, 6962, 3060, 9430, 8799, 13824, 188, 15175, 15163, 4733, 5011, 3536, 17635, 6532, 14071, 6112, 17158, 6597, 11272, 105, 19219, 5013, 12483, 201, 6848, 17033, 6367, 7859, 14702, 18844, 7053, 18694, 15670, 636, 10129, 6378, 5369, 7273, 16247, 9142, 15345, 16817, 14854, 2600, 15783, 889, 11833, 6612, 2068, 2427, 7062, 7918, 16181, 5464, 8339, 8950, 8453, 16423, 6064, 2380, 4268, 13929, 12974, 19141, 1299, 2484, 3883, 3273, 8772, 13256, 11239, 5766, 18098, 12705, 11004, 2695, 10048, 10960, 2766, 15661, 13258, 8015, 6032, 16397, 7749, 19039, 7634, 15076, 4234, 15114, 8475, 8091, 19220, 18004, 9704, 13918, 15569, 16443, 10015, 9943, 7817, 9349, 2588, 8249, 398, 5316, 15538, 18372, 13559, 2937, 2803, 16248, 6155, 630, 9911, 13190, 19157, 15788, 13248, 13148, 1320, 12074, 8471, 8798, 3213, 12418, 814, 2402, 12718, 12397, 10564, 9875, 10128, 6947, 9491, 17707, 3266, 19196, 14309, 18523, 19043, 17975, 18063, 11618, 15016, 14434, 7680, 1739, 18029, 11694, 1745, 9271, 5189, 9561, 11283, 14978, 10753, 16017, 12914, 978, 2828, 17257, 13135, 5061, 121, 6602, 16015, 19271, 12159, 1244, 8260, 13195, 15873, 12815, 14291, 14515, 118, 4892, 14985, 9551, 12654, 4739, 927, 12176, 9523, 11726, 18187, 5880, 2569, 3386, 13942, 3390, 15774, 129, 65, 12922, 8422, 12692, 16213, 11515, 2111, 8347, 10758, 14064, 4401, 17782, 15621, 6709, 14716, 4091, 13964, 8424, 4218, 7249, 11311, 11171, 18564, 14755, 7114, 14009, 14815, 294, 495, 7684, 6833, 4046, 3505, 16995, 17858, 7761, 15803, 9840, 13958, 8226, 10369, 12497, 17142, 1748, 2854, 7159, 11539, 11055, 13337, 17173, 14214, 6803, 11144, 12649, 283, 15489, 13174, 7015, 610, 7030, 18206, 14077, 15468, 14962, 8046, 7809, 17387, 16034, 16678, 1173, 3502, 12942, 15655, 16859, 7099, 1673, 446, 1365, 5881, 3713, 11697, 1897, 16001, 1702, 14149, 11876, 9341, 4325, 6923, 2001, 138, 3276, 18716, 17604, 10501, 115, 12800, 6111, 11148, 4549, 16057, 4707, 6843, 16091, 4295, 7519, 13708, 12409, 11018, 5052, 13566, 14715, 12755, 793, 10837, 1888, 12375, 3935, 5763, 11791, 11258, 13264, 11469, 4683, 8905, 1853, 11600, 4421, 2798, 5074, 18141, 13807, 8595, 8126, 13837, 8060, 6956, 11767, 14560, 9389, 15261, 1232, 12560, 7262, 11504, 3546, 4627, 1177, 517, 4008, 9219, 17696, 4148, 14124, 13243, 11235, 7561, 8331, 16320, 3591, 11341, 4015, 12028, 14929, 18601, 3528, 14065, 1510, 19191, 13833, 17616, 10869, 17689, 831, 16725, 6319, 15465, 10467, 8162, 13563, 7728, 10778, 13545, 12290, 16480, 14401, 12838, 4212, 17529, 4832, 15111, 12690, 10373, 7596, 18614, 17477, 1043, 13100, 4774, 17479, 3774, 9302, 3901, 13071, 6412, 9516, 1261, 3054, 13522, 17602, 14343, 18500, 10957, 2791, 9624, 3634, 17904, 5709, 14670, 11058, 7087, 7435, 13848, 82, 5565, 2562, 14029, 3583, 1676, 12709, 18473, 3158, 12787, 8068, 8263, 16146, 3593, 1802, 1861, 3348, 4487, 17749, 6105, 10471, 17472, 10200, 1182, 14180, 1076, 10156, 4839, 9903, 4879, 9720, 2157, 15344, 16067, 3064, 17182, 5368, 4987, 18484, 18923, 11896, 1052, 15727, 15289, 5885, 1933, 5251, 17072, 6038, 6195, 13524, 6606, 18506, 17536, 6784, 3231, 14121, 8925, 10030, 803, 13764, 146, 19268, 14099, 4130, 16372, 1537, 12248, 13718, 17187, 11728, 1740, 19233, 5600, 4092, 4779, 6028, 3395, 16152, 19150, 2417, 11980, 11237, 8427, 18127, 3538, 9257, 607, 2078, 18457, 5802, 3435, 15019, 4256, 9221, 13465, 11742, 5788, 9528, 17493, 4607, 3131, 6616, 5356, 1550, 4617, 8827, 849, 2601, 4437, 17861, 10261, 15704, 3890, 8149, 12063, 3086, 15925, 12301, 6847, 5603, 7768, 3187, 13372, 9258, 6584, 7594, 2603, 1835, 17380, 17193, 15251, 15937, 18731, 4082, 14911, 16626, 8824, 16208, 10167, 17711, 9678, 15852, 13620, 16479, 14586, 2446, 4866, 1315, 7746, 10615, 7927, 2443, 7157, 13506, 18410, 10494]",1021,1500,3,False,1500
3551,play radio,play radio,50,True,True,True,"{21: 26, 33: 14, 2: 18, 29: 13, 25: 57, 43: 9, 57: 16, 49: 16, 61: 14, 67: 52, 65: 21, 50: 28, 15: 53, 6: 13, 46: 15, 27: 69, 7: 65, 48: 67, 19: 21, 31: 14, 63: 26, 22: 39, 9: 79, 26: 40, 47: 15, 53: 66, 11: 19, 51: 26, 54: 9, 13: 32, 17: 37, 52: 30, 39: 27, 38: 19, 1: 6, 59: 33, 56: 23, 32: 9, 8: 25, 4: 12, 20: 26, 24: 7, 18: 31, 42: 7, 28: 31, 45: 57, 0: 13, 66: 11, 62: 11, 35: 7, 64: 15, 37: 2, 40: 25, 3: 3, 14: 5, 12: 8, 16: 15, 55: 16, 30: 13, 58: 6, 36: 4, 60: 5, 5: 3, 41: 2, 44: 2, 34: 2}","[12686, 3384, 6034, 14374, 14516, 14680, 18580, 5912, 661, 4433, 14182, 14634, 14672, 13694, 17233, 12320, 12666, 7276, 14925, 15315, 1125, 14820, 3769, 14096, 12401, 14972, 14176, 4685, 4278, 5735, 7514, 16051, 15882, 4696, 17145, 19193, 12994, 9901, 13641, 15193, 6739, 9240, 1608, 14664, 18117, 5676, 15714, 5964, 5329, 16651, 15936, 14441, 15878, 18316, 14255, 18692, 5858, 4640, 10716, 13839, 16635, 2097, 11464, 12427, 2320, 14629, 7617, 16183, 16205, 2170, 4384, 6683, 5285, 18707, 6780, 4231, 2404, 4895, 18091, 2944, 13054, 3904, 3491, 9455, 15985, 10432, 8657, 15304, 9114, 5838, 5197, 17244, 6207, 3970, 17246, 3950, 6168, 8697, 6800, 9942, 11118, 8582, 6355, 15275, 4581, 12724, 11921, 1833, 523, 7619, 15729, 176, 8576, 3101, 1573, 1283, 11796, 11277, 2547, 1738, 6806, 15187, 7129, 5179, 5854, 16373, 9231, 6270, 777, 2062, 13249, 4144, 6325, 3924, 5350, 14414, 3142, 2249, 6444, 13582, 2833, 18030, 6483, 18404, 15057, 7482, 15001, 15872, 14584, 10835, 954, 7257, 1381, 17819, 17518, 6497, 14430, 4901, 16466, 10805, 132, 7506, 755, 14427, 12119, 16613, 19042, 14994, 11257, 8042, 2144, 5966, 1580, 8010, 2550, 10684, 14088, 5037, 8764, 17076, 14185, 15984, 5299, 16601, 19182, 13197, 14561, 12605, 17010, 2703, 6715, 11207, 10188, 212, 2293, 17676, 1720, 5934, 112, 8568, 15870, 3226, 4524, 4431, 5141, 5383, 7609, 12807, 19001, 14368, 6704, 14903, 4172, 117, 18698, 1699, 16558, 7518, 10618, 2110, 10308, 7828, 6623, 17644, 4449, 951, 13858, 15106, 8402, 916, 4771, 8608, 6448, 6656, 13547, 2814, 8336, 8093, 6398, 637, 9909, 10621, 786, 14146, 17292, 9457, 3, 2884, 14785, 10504, 16361, 8181, 17690, 654, 11067, 18741, 386, 18208, 10130, 8079, 7082, 14740, 8076, 18619, 14428, 10992, 12679, 9431, 18328, 13606, 7641, 13542, 1002, 11975, 15646, 19078, 1352, 8683, 16053, 11763, 14823, 7059, 4995, 3754, 6213, 10090, 19084, 1973, 8131, 5353, 836, 13960, 3217, 4885, 9645, 16941, 14750, 13171, 9132, 1355, 4440, 15747, 8233, 6008, 12781, 16749, 13905, 18198, 5033, 2910, 16502, 1233, 965, 16926, 3944, 13518, 18213, 12739, 9972, 14609, 5764, 6128, 9532, 12680, 3672, 5458, 6822, 11547, 3163, 8040, 14081, 8369, 18182, 17541, 11552, 12451, 15074, 1783, 17730, 1690, 16992, 2490, 2459, 18065, 320, 18311, 45, 9495, 4572, 544, 12731, 16811, 15096, 14957, 4594, 16607, 2449, 7791, 13659, 8892, 1713, 17336, 6598, 13832, 10495, 18937, 3067, 3473, 12715, 13492, 14787, 16503, 17899, 16638, 2408, 7141, 10590, 2917, 14650, 12571, 4321, 2855, 1829, 3736, 3381, 11069, 16093, 15201, 14311, 9836, 18289, 16899, 897, 13981, 12223, 8884, 15721, 7778, 13648, 5737, 6550, 19249, 2715, 447, 12941, 8915, 18963, 16291, 760, 5869, 3635, 3439, 6740, 5003, 3174, 2945, 16056, 4860, 11216, 7363, 1147, 12124, 9764, 11245, 4361, 7784, 16285, 17057, 11203, 5114, 17655, 12056, 17890, 7741, 15799, 10258, 16088, 19222, 15303, 1433, 5991, 322, 2322, 3156, 9940, 7814, 17068, 16968, 10018, 1991, 11946, 8705, 10371, 4619, 11074, 2034, 15550, 11743, 18666, 13494, 14175, 13948, 15123, 11154, 10397, 1701, 4770, 839, 12085, 16500, 16241, 1535, 18782, 2221, 539, 18405, 4245, 103, 1571, 16945, 12196, 9441, 1732, 1367, 3596, 4794, 7230, 5245, 17483, 2955, 2003, 11509, 4044, 12934, 3456, 16693, 593, 4582, 14076, 10972, 1965, 7227, 14324, 8658, 3772, 8355, 11889, 1908, 2684, 10026, 1666, 16507, 5589, 9295, 8389, 2099, 18653, 13808, 19147, 6675, 10970, 2788, 19028, 16983, 16166, 9845, 8160, 11381, 10088, 10333, 11716, 14695, 12697, 4365, 3747, 17296, 11904, 74, 7047, 10639, 13094, 940, 10478, 2032, 6642, 14896, 10840, 5430, 5556, 12597, 2183, 18403, 4252, 14613, 18283, 8790, 12140, 13540, 13353, 14114, 13297, 4056, 14038, 11299, 13770, 11433, 14285, 1526, 1955, 15711, 255, 12481, 612, 1635, 4886, 357, 11434, 9524, 13106, 2607, 5391, 9406, 2331, 624, 2749, 17849, 9829, 11436, 18426, 9481, 18550, 15647, 532, 11720, 11824, 15610, 15741, 7902, 13558, 17967, 14539, 17889, 4631, 1238, 16921, 7787, 15293, 3108, 8215, 2851, 4514, 12938, 16730, 17178, 4890, 17960, 4725, 7917, 3191, 8231, 16341, 8195, 10913, 2173, 5557, 2637, 16896, 5806, 1815, 1451, 8864, 2290, 12108, 5328, 6203, 2431, 7508, 17898, 17188, 6897, 1199, 15526, 18437, 6631, 8644, 16917, 14964, 14233, 2454, 584, 4830, 7199, 4180, 14889, 5761, 13756, 6917, 7756, 18880, 15095, 1816, 14070, 16252, 7429, 16589, 1631, 15968, 15221, 12478, 18594, 1477, 5637, 12058, 1205, 13397, 9107, 18654, 1968, 3759, 13147, 14144, 14973, 12452, 18020, 13592, 17920, 13687, 11335, 7207, 418, 7834, 778, 12982, 10688, 9031, 509, 9601, 9780, 17040, 12023, 3916, 91, 6536, 18535, 7547, 15240, 707, 14533, 15064, 17012, 16805, 8637, 5969, 16221, 1940, 13307, 4717, 12615, 18220, 11028, 12170, 1743, 2376, 12415, 14220, 18827, 1294, 18543, 6977, 15309, 11778, 11842, 17103, 3857, 4637, 12162, 19169, 17166, 18237, 17818, 9507, 19022, 5790, 19112, 15611, 1118, 15184, 18703, 1817, 15530, 16579, 8437, 11839, 11378, 3537, 9205, 9217, 16272, 18759, 16828, 12002, 8348, 1723, 3481, 14115, 379, 8544, 264, 6015, 7672, 2253, 7364, 3706, 13796, 17139, 16125, 12059, 9623, 7185, 2418, 18230, 3087, 281, 4379, 1796, 8459, 4400, 17824, 2736, 16446, 13525, 15341, 3275, 7872, 1662, 7557, 4319, 15442, 7181, 10456, 4963, 17048, 16943, 12784, 3441, 5240, 9975, 13216, 17702, 11594, 13554, 6165, 19168, 16070, 3540, 3262, 10661, 4061, 13173, 2875, 17014, 4349, 10818, 8428, 16764, 14232, 8930, 15734, 17680, 7069, 15684, 17050, 18987, 6914, 6863, 19263, 10595, 150, 10039, 2722, 18223, 16444, 6559, 7258, 2661, 7699, 17136, 12773, 4247, 5723, 15194, 1696, 1500, 2807, 9893, 11835, 13240, 18313, 17107, 10265, 10244, 5570, 2862, 14049, 1012, 12861, 723, 9583, 17461, 10056, 1264, 8297, 3716, 14666, 15259, 13531, 543, 13723, 16810, 6700, 3516, 13766, 7186, 10692, 6321, 15484, 14547, 8744, 3703, 10383, 16829, 6366, 6846, 3906, 2021, 18133, 857, 279, 12232, 10212, 10541, 12325, 13475, 1225, 937, 6966, 10881, 16936, 18502, 1440, 11914, 3326, 5633, 14913, 4623, 10743, 12361, 17335, 1072, 5043, 14810, 15077, 3255, 17215, 6553, 17852, 4801, 6962, 3060, 9430, 8799, 13824, 188, 15175, 15163, 4733, 5011, 3536, 17635, 6532, 14071, 6112, 17158, 6597, 11272, 105, 19219, 5013, 12483, 201, 6848, 17033, 6367, 7859, 14702, 18844, 7053, 18694, 15670, 636, 10129, 6378, 5369, 7273, 16247, 9142, 15345, 16817, 14854, 2600, 15783, 889, 11833, 6612, 2068, 2427, 7062, 7918, 16181, 5464, 8339, 8950, 8453, 16423, 6064, 2380, 4268, 13929, 12974, 19141, 1299, 2484, 3883, 3273, 8772, 13256, 11239, 5766, 18098, 12705, 11004, 2695, 10048, 10960, 2766, 15661, 13258, 8015, 6032, 16397, 7749, 19039, 7634, 15076, 4234, 15114, 8475, 8091, 19220, 18004, 9704, 13918, 15569, 16443, 10015, 9943, 7817, 9349, 2588, 8249, 398, 5316, 15538, 18372, 13559, 2937, 2803, 16248, 6155, 630, 9911, 13190, 19157, 15788, 13248, 13148, 1320, 12074, 8471, 8798, 3213, 12418, 814, 2402, 12718, 12397, 10564, 9875, 10128, 6947, 9491, 17707, 3266, 19196, 14309, 18523, 19043, 17975, 18063, 11618, 15016, 14434, 7680, 1739, 18029, 11694, 1745, 9271, 5189, 9561, 11283, 14978, 10753, 16017, 12914, 978, 2828, 17257, 13135, 5061, 121, 6602, 16015, 19271, 12159, 1244, 8260, 13195, 15873, 12815, 14291, 14515, 118, 4892, 14985, 9551, 12654, 4739, 927, 12176, 9523, 11726, 18187, 5880, 2569, 3386, 13942, 3390, 15774, 129, 65, 12922, 8422, 12692, 16213, 11515, 2111, 8347, 10758, 14064, 4401, 17782, 15621, 6709, 14716, 4091, 13964, 8424, 4218, 7249, 11311, 11171, 18564, 14755, 7114, 14009, 14815, 294, 495, 7684, 6833, 4046, 3505, 16995, 17858, 7761, 15803, 9840, 13958, 8226, 10369, 12497, 17142, 1748, 2854, 7159, 11539, 11055, 13337, 17173, 14214, 6803, 11144, 12649, 283, 15489, 13174, 7015, 610, 7030, 18206, 14077, 15468, 14962, 8046, 7809, 17387, 16034, 16678, 1173, 3502, 12942, 15655, 16859, 7099, 1673, 446, 1365, 5881, 3713, 11697, 1897, 16001, 1702, 14149, 11876, 9341, 4325, 6923, 2001, 138, 3276, 18716, 17604, 10501, 115, 12800, 6111, 11148, 4549, 16057, 4707, 6843, 16091, 4295, 7519, 13708, 12409, 11018, 5052, 13566, 14715, 12755, 793, 10837, 1888, 12375, 3935, 5763, 11791, 11258, 13264, 11469, 4683, 8905, 1853, 11600, 4421, 2798, 5074, 18141, 13807, 8595, 8126, 13837, 8060, 6956, 11767, 14560, 9389, 15261, 1232, 12560, 7262, 11504, 3546, 4627, 1177, 517, 4008, 9219, 17696, 4148, 14124, 13243, 11235, 7561, 8331, 16320, 3591, 11341, 4015, 12028, 14929, 18601, 3528, 14065, 1510, 19191, 13833, 17616, 10869, 17689, 831, 16725, 6319, 15465, 10467, 8162, 13563, 7728, 10778, 13545, 12290, 16480, 14401, 12838, 4212, 17529, 4832, 15111, 12690, 10373, 7596, 18614, 17477, 1043, 13100, 4774, 17479, 3774, 9302, 3901, 13071, 6412, 9516, 1261, 3054, 13522, 17602, 14343, 18500, 10957, 2791, 9624, 3634, 17904, 5709, 14670, 11058, 7087, 7435, 13848, 82, 5565, 2562, 14029, 3583, 1676, 12709, 18473, 3158, 12787, 8068, 8263, 16146, 3593, 1802, 1861, 3348, 4487, 17749, 6105, 10471, 17472, 10200, 1182, 14180, 1076, 10156, 4839, 9903, 4879, 9720, 2157, 15344, 16067, 3064, 17182, 5368, 4987, 18484, 18923, 11896, 1052, 15727, 15289, 5885, 1933, 5251, 17072, 6038, 6195, 13524, 6606, 18506, 17536, 6784, 3231, 14121, 8925, 10030, 803, 13764, 146, 19268, 14099, 4130, 16372, 1537, 12248, 13718, 17187, 11728, 1740, 19233, 5600, 4092, 4779, 6028, 3395, 16152, 19150, 2417, 11980, 11237, 8427, 18127, 3538, 9257, 607, 2078, 18457, 5802, 3435, 15019, 4256, 9221, 13465, 11742, 5788, 9528, 17493, 4607, 3131, 6616, 5356, 1550, 4617, 8827, 849, 2601, 4437, 17861, 10261, 15704, 3890, 8149, 12063, 3086, 15925, 12301, 6847, 5603, 7768, 3187, 13372, 9258, 6584, 7594, 2603, 1835, 17380, 17193, 15251, 15937, 18731, 4082, 14911, 16626, 8824, 16208, 10167, 17711, 9678, 15852, 13620, 16479, 14586, 2446, 4866, 1315, 7746, 10615, 7927, 2443, 7157, 13506, 18410, 10494]",3551,1500,3,False,1500
3939,takeaway order,recommendation locations,57,True,False,True,"{21: 26, 33: 14, 2: 18, 29: 13, 25: 57, 43: 9, 57: 16, 49: 16, 61: 14, 67: 52, 65: 21, 50: 28, 15: 53, 6: 13, 46: 15, 27: 69, 7: 65, 48: 67, 19: 21, 31: 14, 63: 26, 22: 39, 9: 79, 26: 40, 47: 15, 53: 66, 11: 19, 51: 26, 54: 9, 13: 32, 17: 37, 52: 30, 39: 27, 38: 19, 1: 6, 59: 33, 56: 23, 32: 9, 8: 25, 4: 12, 20: 26, 24: 7, 18: 31, 42: 7, 28: 31, 45: 57, 0: 13, 66: 11, 62: 11, 35: 7, 64: 15, 37: 2, 40: 25, 3: 3, 14: 5, 12: 8, 16: 15, 55: 16, 30: 13, 58: 6, 36: 4, 60: 5, 5: 3, 41: 2, 44: 2, 34: 2}","[12686, 3384, 6034, 14374, 14516, 14680, 18580, 5912, 661, 4433, 14182, 14634, 14672, 13694, 17233, 12320, 12666, 7276, 14925, 15315, 1125, 14820, 3769, 14096, 12401, 14972, 14176, 4685, 4278, 5735, 7514, 16051, 15882, 4696, 17145, 19193, 12994, 9901, 13641, 15193, 6739, 9240, 1608, 14664, 18117, 5676, 15714, 5964, 5329, 16651, 15936, 14441, 15878, 18316, 14255, 18692, 5858, 4640, 10716, 13839, 16635, 2097, 11464, 12427, 2320, 14629, 7617, 16183, 16205, 2170, 4384, 6683, 5285, 18707, 6780, 4231, 2404, 4895, 18091, 2944, 13054, 3904, 3491, 9455, 15985, 10432, 8657, 15304, 9114, 5838, 5197, 17244, 6207, 3970, 17246, 3950, 6168, 8697, 6800, 9942, 11118, 8582, 6355, 15275, 4581, 12724, 11921, 1833, 523, 7619, 15729, 176, 8576, 3101, 1573, 1283, 11796, 11277, 2547, 1738, 6806, 15187, 7129, 5179, 5854, 16373, 9231, 6270, 777, 2062, 13249, 4144, 6325, 3924, 5350, 14414, 3142, 2249, 6444, 13582, 2833, 18030, 6483, 18404, 15057, 7482, 15001, 15872, 14584, 10835, 954, 7257, 1381, 17819, 17518, 6497, 14430, 4901, 16466, 10805, 132, 7506, 755, 14427, 12119, 16613, 19042, 14994, 11257, 8042, 2144, 5966, 1580, 8010, 2550, 10684, 14088, 5037, 8764, 17076, 14185, 15984, 5299, 16601, 19182, 13197, 14561, 12605, 17010, 2703, 6715, 11207, 10188, 212, 2293, 17676, 1720, 5934, 112, 8568, 15870, 3226, 4524, 4431, 5141, 5383, 7609, 12807, 19001, 14368, 6704, 14903, 4172, 117, 18698, 1699, 16558, 7518, 10618, 2110, 10308, 7828, 6623, 17644, 4449, 951, 13858, 15106, 8402, 916, 4771, 8608, 6448, 6656, 13547, 2814, 8336, 8093, 6398, 637, 9909, 10621, 786, 14146, 17292, 9457, 3, 2884, 14785, 10504, 16361, 8181, 17690, 654, 11067, 18741, 386, 18208, 10130, 8079, 7082, 14740, 8076, 18619, 14428, 10992, 12679, 9431, 18328, 13606, 7641, 13542, 1002, 11975, 15646, 19078, 1352, 8683, 16053, 11763, 14823, 7059, 4995, 3754, 6213, 10090, 19084, 1973, 8131, 5353, 836, 13960, 3217, 4885, 9645, 16941, 14750, 13171, 9132, 1355, 4440, 15747, 8233, 6008, 12781, 16749, 13905, 18198, 5033, 2910, 16502, 1233, 965, 16926, 3944, 13518, 18213, 12739, 9972, 14609, 5764, 6128, 9532, 12680, 3672, 5458, 6822, 11547, 3163, 8040, 14081, 8369, 18182, 17541, 11552, 12451, 15074, 1783, 17730, 1690, 16992, 2490, 2459, 18065, 320, 18311, 45, 9495, 4572, 544, 12731, 16811, 15096, 14957, 4594, 16607, 2449, 7791, 13659, 8892, 1713, 17336, 6598, 13832, 10495, 18937, 3067, 3473, 12715, 13492, 14787, 16503, 17899, 16638, 2408, 7141, 10590, 2917, 14650, 12571, 4321, 2855, 1829, 3736, 3381, 11069, 16093, 15201, 14311, 9836, 18289, 16899, 897, 13981, 12223, 8884, 15721, 7778, 13648, 5737, 6550, 19249, 2715, 447, 12941, 8915, 18963, 16291, 760, 5869, 3635, 3439, 6740, 5003, 3174, 2945, 16056, 4860, 11216, 7363, 1147, 12124, 9764, 11245, 4361, 7784, 16285, 17057, 11203, 5114, 17655, 12056, 17890, 7741, 15799, 10258, 16088, 19222, 15303, 1433, 5991, 322, 2322, 3156, 9940, 7814, 17068, 16968, 10018, 1991, 11946, 8705, 10371, 4619, 11074, 2034, 15550, 11743, 18666, 13494, 14175, 13948, 15123, 11154, 10397, 1701, 4770, 839, 12085, 16500, 16241, 1535, 18782, 2221, 539, 18405, 4245, 103, 1571, 16945, 12196, 9441, 1732, 1367, 3596, 4794, 7230, 5245, 17483, 2955, 2003, 11509, 4044, 12934, 3456, 16693, 593, 4582, 14076, 10972, 1965, 7227, 14324, 8658, 3772, 8355, 11889, 1908, 2684, 10026, 1666, 16507, 5589, 9295, 8389, 2099, 18653, 13808, 19147, 6675, 10970, 2788, 19028, 16983, 16166, 9845, 8160, 11381, 10088, 10333, 11716, 14695, 12697, 4365, 3747, 17296, 11904, 74, 7047, 10639, 13094, 940, 10478, 2032, 6642, 14896, 10840, 5430, 5556, 12597, 2183, 18403, 4252, 14613, 18283, 8790, 12140, 13540, 13353, 14114, 13297, 4056, 14038, 11299, 13770, 11433, 14285, 1526, 1955, 15711, 255, 12481, 612, 1635, 4886, 357, 11434, 9524, 13106, 2607, 5391, 9406, 2331, 624, 2749, 17849, 9829, 11436, 18426, 9481, 18550, 15647, 532, 11720, 11824, 15610, 15741, 7902, 13558, 17967, 14539, 17889, 4631, 1238, 16921, 7787, 15293, 3108, 8215, 2851, 4514, 12938, 16730, 17178, 4890, 17960, 4725, 7917, 3191, 8231, 16341, 8195, 10913, 2173, 5557, 2637, 16896, 5806, 1815, 1451, 8864, 2290, 12108, 5328, 6203, 2431, 7508, 17898, 17188, 6897, 1199, 15526, 18437, 6631, 8644, 16917, 14964, 14233, 2454, 584, 4830, 7199, 4180, 14889, 5761, 13756, 6917, 7756, 18880, 15095, 1816, 14070, 16252, 7429, 16589, 1631, 15968, 15221, 12478, 18594, 1477, 5637, 12058, 1205, 13397, 9107, 18654, 1968, 3759, 13147, 14144, 14973, 12452, 18020, 13592, 17920, 13687, 11335, 7207, 418, 7834, 778, 12982, 10688, 9031, 509, 9601, 9780, 17040, 12023, 3916, 91, 6536, 18535, 7547, 15240, 707, 14533, 15064, 17012, 16805, 8637, 5969, 16221, 1940, 13307, 4717, 12615, 18220, 11028, 12170, 1743, 2376, 12415, 14220, 18827, 1294, 18543, 6977, 15309, 11778, 11842, 17103, 3857, 4637, 12162, 19169, 17166, 18237, 17818, 9507, 19022, 5790, 19112, 15611, 1118, 15184, 18703, 1817, 15530, 16579, 8437, 11839, 11378, 3537, 9205, 9217, 16272, 18759, 16828, 12002, 8348, 1723, 3481, 14115, 379, 8544, 264, 6015, 7672, 2253, 7364, 3706, 13796, 17139, 16125, 12059, 9623, 7185, 2418, 18230, 3087, 281, 4379, 1796, 8459, 4400, 17824, 2736, 16446, 13525, 15341, 3275, 7872, 1662, 7557, 4319, 15442, 7181, 10456, 4963, 17048, 16943, 12784, 3441, 5240, 9975, 13216, 17702, 11594, 13554, 6165, 19168, 16070, 3540, 3262, 10661, 4061, 13173, 2875, 17014, 4349, 10818, 8428, 16764, 14232, 8930, 15734, 17680, 7069, 15684, 17050, 18987, 6914, 6863, 19263, 10595, 150, 10039, 2722, 18223, 16444, 6559, 7258, 2661, 7699, 17136, 12773, 4247, 5723, 15194, 1696, 1500, 2807, 9893, 11835, 13240, 18313, 17107, 10265, 10244, 5570, 2862, 14049, 1012, 12861, 723, 9583, 17461, 10056, 1264, 8297, 3716, 14666, 15259, 13531, 543, 13723, 16810, 6700, 3516, 13766, 7186, 10692, 6321, 15484, 14547, 8744, 3703, 10383, 16829, 6366, 6846, 3906, 2021, 18133, 857, 279, 12232, 10212, 10541, 12325, 13475, 1225, 937, 6966, 10881, 16936, 18502, 1440, 11914, 3326, 5633, 14913, 4623, 10743, 12361, 17335, 1072, 5043, 14810, 15077, 3255, 17215, 6553, 17852, 4801, 6962, 3060, 9430, 8799, 13824, 188, 15175, 15163, 4733, 5011, 3536, 17635, 6532, 14071, 6112, 17158, 6597, 11272, 105, 19219, 5013, 12483, 201, 6848, 17033, 6367, 7859, 14702, 18844, 7053, 18694, 15670, 636, 10129, 6378, 5369, 7273, 16247, 9142, 15345, 16817, 14854, 2600, 15783, 889, 11833, 6612, 2068, 2427, 7062, 7918, 16181, 5464, 8339, 8950, 8453, 16423, 6064, 2380, 4268, 13929, 12974, 19141, 1299, 2484, 3883, 3273, 8772, 13256, 11239, 5766, 18098, 12705, 11004, 2695, 10048, 10960, 2766, 15661, 13258, 8015, 6032, 16397, 7749, 19039, 7634, 15076, 4234, 15114, 8475, 8091, 19220, 18004, 9704, 13918, 15569, 16443, 10015, 9943, 7817, 9349, 2588, 8249, 398, 5316, 15538, 18372, 13559, 2937, 2803, 16248, 6155, 630, 9911, 13190, 19157, 15788, 13248, 13148, 1320, 12074, 8471, 8798, 3213, 12418, 814, 2402, 12718, 12397, 10564, 9875, 10128, 6947, 9491, 17707, 3266, 19196, 14309, 18523, 19043, 17975, 18063, 11618, 15016, 14434, 7680, 1739, 18029, 11694, 1745, 9271, 5189, 9561, 11283, 14978, 10753, 16017, 12914, 978, 2828, 17257, 13135, 5061, 121, 6602, 16015, 19271, 12159, 1244, 8260, 13195, 15873, 12815, 14291, 14515, 118, 4892, 14985, 9551, 12654, 4739, 927, 12176, 9523, 11726, 18187, 5880, 2569, 3386, 13942, 3390, 15774, 129, 65, 12922, 8422, 12692, 16213, 11515, 2111, 8347, 10758, 14064, 4401, 17782, 15621, 6709, 14716, 4091, 13964, 8424, 4218, 7249, 11311, 11171, 18564, 14755, 7114, 14009, 14815, 294, 495, 7684, 6833, 4046, 3505, 16995, 17858, 7761, 15803, 9840, 13958, 8226, 10369, 12497, 17142, 1748, 2854, 7159, 11539, 11055, 13337, 17173, 14214, 6803, 11144, 12649, 283, 15489, 13174, 7015, 610, 7030, 18206, 14077, 15468, 14962, 8046, 7809, 17387, 16034, 16678, 1173, 3502, 12942, 15655, 16859, 7099, 1673, 446, 1365, 5881, 3713, 11697, 1897, 16001, 1702, 14149, 11876, 9341, 4325, 6923, 2001, 138, 3276, 18716, 17604, 10501, 115, 12800, 6111, 11148, 4549, 16057, 4707, 6843, 16091, 4295, 7519, 13708, 12409, 11018, 5052, 13566, 14715, 12755, 793, 10837, 1888, 12375, 3935, 5763, 11791, 11258, 13264, 11469, 4683, 8905, 1853, 11600, 4421, 2798, 5074, 18141, 13807, 8595, 8126, 13837, 8060, 6956, 11767, 14560, 9389, 15261, 1232, 12560, 7262, 11504, 3546, 4627, 1177, 517, 4008, 9219, 17696, 4148, 14124, 13243, 11235, 7561, 8331, 16320, 3591, 11341, 4015, 12028, 14929, 18601, 3528, 14065, 1510, 19191, 13833, 17616, 10869, 17689, 831, 16725, 6319, 15465, 10467, 8162, 13563, 7728, 10778, 13545, 12290, 16480, 14401, 12838, 4212, 17529, 4832, 15111, 12690, 10373, 7596, 18614, 17477, 1043, 13100, 4774, 17479, 3774, 9302, 3901, 13071, 6412, 9516, 1261, 3054, 13522, 17602, 14343, 18500, 10957, 2791, 9624, 3634, 17904, 5709, 14670, 11058, 7087, 7435, 13848, 82, 5565, 2562, 14029, 3583, 1676, 12709, 18473, 3158, 12787, 8068, 8263, 16146, 3593, 1802, 1861, 3348, 4487, 17749, 6105, 10471, 17472, 10200, 1182, 14180, 1076, 10156, 4839, 9903, 4879, 9720, 2157, 15344, 16067, 3064, 17182, 5368, 4987, 18484, 18923, 11896, 1052, 15727, 15289, 5885, 1933, 5251, 17072, 6038, 6195, 13524, 6606, 18506, 17536, 6784, 3231, 14121, 8925, 10030, 803, 13764, 146, 19268, 14099, 4130, 16372, 1537, 12248, 13718, 17187, 11728, 1740, 19233, 5600, 4092, 4779, 6028, 3395, 16152, 19150, 2417, 11980, 11237, 8427, 18127, 3538, 9257, 607, 2078, 18457, 5802, 3435, 15019, 4256, 9221, 13465, 11742, 5788, 9528, 17493, 4607, 3131, 6616, 5356, 1550, 4617, 8827, 849, 2601, 4437, 17861, 10261, 15704, 3890, 8149, 12063, 3086, 15925, 12301, 6847, 5603, 7768, 3187, 13372, 9258, 6584, 7594, 2603, 1835, 17380, 17193, 15251, 15937, 18731, 4082, 14911, 16626, 8824, 16208, 10167, 17711, 9678, 15852, 13620, 16479, 14586, 2446, 4866, 1315, 7746, 10615, 7927, 2443, 7157, 13506, 18410, 10494]",3939,1500,3,False,1500
3772,qa factoid,general qu,27,True,False,False,"{21: 26, 33: 14, 2: 18, 29: 13, 25: 57, 43: 9, 57: 16, 49: 16, 61: 14, 67: 52, 65: 21, 50: 28, 15: 53, 6: 13, 46: 15, 27: 69, 7: 65, 48: 67, 19: 21, 31: 14, 63: 26, 22: 39, 9: 79, 26: 40, 47: 15, 53: 66, 11: 19, 51: 26, 54: 9, 13: 32, 17: 37, 52: 30, 39: 27, 38: 19, 1: 6, 59: 33, 56: 23, 32: 9, 8: 25, 4: 12, 20: 26, 24: 7, 18: 31, 42: 7, 28: 31, 45: 57, 0: 13, 66: 11, 62: 11, 35: 7, 64: 15, 37: 2, 40: 25, 3: 3, 14: 5, 12: 8, 16: 15, 55: 16, 30: 13, 58: 6, 36: 4, 60: 5, 5: 3, 41: 2, 44: 2, 34: 2}","[12686, 3384, 6034, 14374, 14516, 14680, 18580, 5912, 661, 4433, 14182, 14634, 14672, 13694, 17233, 12320, 12666, 7276, 14925, 15315, 1125, 14820, 3769, 14096, 12401, 14972, 14176, 4685, 4278, 5735, 7514, 16051, 15882, 4696, 17145, 19193, 12994, 9901, 13641, 15193, 6739, 9240, 1608, 14664, 18117, 5676, 15714, 5964, 5329, 16651, 15936, 14441, 15878, 18316, 14255, 18692, 5858, 4640, 10716, 13839, 16635, 2097, 11464, 12427, 2320, 14629, 7617, 16183, 16205, 2170, 4384, 6683, 5285, 18707, 6780, 4231, 2404, 4895, 18091, 2944, 13054, 3904, 3491, 9455, 15985, 10432, 8657, 15304, 9114, 5838, 5197, 17244, 6207, 3970, 17246, 3950, 6168, 8697, 6800, 9942, 11118, 8582, 6355, 15275, 4581, 12724, 11921, 1833, 523, 7619, 15729, 176, 8576, 3101, 1573, 1283, 11796, 11277, 2547, 1738, 6806, 15187, 7129, 5179, 5854, 16373, 9231, 6270, 777, 2062, 13249, 4144, 6325, 3924, 5350, 14414, 3142, 2249, 6444, 13582, 2833, 18030, 6483, 18404, 15057, 7482, 15001, 15872, 14584, 10835, 954, 7257, 1381, 17819, 17518, 6497, 14430, 4901, 16466, 10805, 132, 7506, 755, 14427, 12119, 16613, 19042, 14994, 11257, 8042, 2144, 5966, 1580, 8010, 2550, 10684, 14088, 5037, 8764, 17076, 14185, 15984, 5299, 16601, 19182, 13197, 14561, 12605, 17010, 2703, 6715, 11207, 10188, 212, 2293, 17676, 1720, 5934, 112, 8568, 15870, 3226, 4524, 4431, 5141, 5383, 7609, 12807, 19001, 14368, 6704, 14903, 4172, 117, 18698, 1699, 16558, 7518, 10618, 2110, 10308, 7828, 6623, 17644, 4449, 951, 13858, 15106, 8402, 916, 4771, 8608, 6448, 6656, 13547, 2814, 8336, 8093, 6398, 637, 9909, 10621, 786, 14146, 17292, 9457, 3, 2884, 14785, 10504, 16361, 8181, 17690, 654, 11067, 18741, 386, 18208, 10130, 8079, 7082, 14740, 8076, 18619, 14428, 10992, 12679, 9431, 18328, 13606, 7641, 13542, 1002, 11975, 15646, 19078, 1352, 8683, 16053, 11763, 14823, 7059, 4995, 3754, 6213, 10090, 19084, 1973, 8131, 5353, 836, 13960, 3217, 4885, 9645, 16941, 14750, 13171, 9132, 1355, 4440, 15747, 8233, 6008, 12781, 16749, 13905, 18198, 5033, 2910, 16502, 1233, 965, 16926, 3944, 13518, 18213, 12739, 9972, 14609, 5764, 6128, 9532, 12680, 3672, 5458, 6822, 11547, 3163, 8040, 14081, 8369, 18182, 17541, 11552, 12451, 15074, 1783, 17730, 1690, 16992, 2490, 2459, 18065, 320, 18311, 45, 9495, 4572, 544, 12731, 16811, 15096, 14957, 4594, 16607, 2449, 7791, 13659, 8892, 1713, 17336, 6598, 13832, 10495, 18937, 3067, 3473, 12715, 13492, 14787, 16503, 17899, 16638, 2408, 7141, 10590, 2917, 14650, 12571, 4321, 2855, 1829, 3736, 3381, 11069, 16093, 15201, 14311, 9836, 18289, 16899, 897, 13981, 12223, 8884, 15721, 7778, 13648, 5737, 6550, 19249, 2715, 447, 12941, 8915, 18963, 16291, 760, 5869, 3635, 3439, 6740, 5003, 3174, 2945, 16056, 4860, 11216, 7363, 1147, 12124, 9764, 11245, 4361, 7784, 16285, 17057, 11203, 5114, 17655, 12056, 17890, 7741, 15799, 10258, 16088, 19222, 15303, 1433, 5991, 322, 2322, 3156, 9940, 7814, 17068, 16968, 10018, 1991, 11946, 8705, 10371, 4619, 11074, 2034, 15550, 11743, 18666, 13494, 14175, 13948, 15123, 11154, 10397, 1701, 4770, 839, 12085, 16500, 16241, 1535, 18782, 2221, 539, 18405, 4245, 103, 1571, 16945, 12196, 9441, 1732, 1367, 3596, 4794, 7230, 5245, 17483, 2955, 2003, 11509, 4044, 12934, 3456, 16693, 593, 4582, 14076, 10972, 1965, 7227, 14324, 8658, 3772, 8355, 11889, 1908, 2684, 10026, 1666, 16507, 5589, 9295, 8389, 2099, 18653, 13808, 19147, 6675, 10970, 2788, 19028, 16983, 16166, 9845, 8160, 11381, 10088, 10333, 11716, 14695, 12697, 4365, 3747, 17296, 11904, 74, 7047, 10639, 13094, 940, 10478, 2032, 6642, 14896, 10840, 5430, 5556, 12597, 2183, 18403, 4252, 14613, 18283, 8790, 12140, 13540, 13353, 14114, 13297, 4056, 14038, 11299, 13770, 11433, 14285, 1526, 1955, 15711, 255, 12481, 612, 1635, 4886, 357, 11434, 9524, 13106, 2607, 5391, 9406, 2331, 624, 2749, 17849, 9829, 11436, 18426, 9481, 18550, 15647, 532, 11720, 11824, 15610, 15741, 7902, 13558, 17967, 14539, 17889, 4631, 1238, 16921, 7787, 15293, 3108, 8215, 2851, 4514, 12938, 16730, 17178, 4890, 17960, 4725, 7917, 3191, 8231, 16341, 8195, 10913, 2173, 5557, 2637, 16896, 5806, 1815, 1451, 8864, 2290, 12108, 5328, 6203, 2431, 7508, 17898, 17188, 6897, 1199, 15526, 18437, 6631, 8644, 16917, 14964, 14233, 2454, 584, 4830, 7199, 4180, 14889, 5761, 13756, 6917, 7756, 18880, 15095, 1816, 14070, 16252, 7429, 16589, 1631, 15968, 15221, 12478, 18594, 1477, 5637, 12058, 1205, 13397, 9107, 18654, 1968, 3759, 13147, 14144, 14973, 12452, 18020, 13592, 17920, 13687, 11335, 7207, 418, 7834, 778, 12982, 10688, 9031, 509, 9601, 9780, 17040, 12023, 3916, 91, 6536, 18535, 7547, 15240, 707, 14533, 15064, 17012, 16805, 8637, 5969, 16221, 1940, 13307, 4717, 12615, 18220, 11028, 12170, 1743, 2376, 12415, 14220, 18827, 1294, 18543, 6977, 15309, 11778, 11842, 17103, 3857, 4637, 12162, 19169, 17166, 18237, 17818, 9507, 19022, 5790, 19112, 15611, 1118, 15184, 18703, 1817, 15530, 16579, 8437, 11839, 11378, 3537, 9205, 9217, 16272, 18759, 16828, 12002, 8348, 1723, 3481, 14115, 379, 8544, 264, 6015, 7672, 2253, 7364, 3706, 13796, 17139, 16125, 12059, 9623, 7185, 2418, 18230, 3087, 281, 4379, 1796, 8459, 4400, 17824, 2736, 16446, 13525, 15341, 3275, 7872, 1662, 7557, 4319, 15442, 7181, 10456, 4963, 17048, 16943, 12784, 3441, 5240, 9975, 13216, 17702, 11594, 13554, 6165, 19168, 16070, 3540, 3262, 10661, 4061, 13173, 2875, 17014, 4349, 10818, 8428, 16764, 14232, 8930, 15734, 17680, 7069, 15684, 17050, 18987, 6914, 6863, 19263, 10595, 150, 10039, 2722, 18223, 16444, 6559, 7258, 2661, 7699, 17136, 12773, 4247, 5723, 15194, 1696, 1500, 2807, 9893, 11835, 13240, 18313, 17107, 10265, 10244, 5570, 2862, 14049, 1012, 12861, 723, 9583, 17461, 10056, 1264, 8297, 3716, 14666, 15259, 13531, 543, 13723, 16810, 6700, 3516, 13766, 7186, 10692, 6321, 15484, 14547, 8744, 3703, 10383, 16829, 6366, 6846, 3906, 2021, 18133, 857, 279, 12232, 10212, 10541, 12325, 13475, 1225, 937, 6966, 10881, 16936, 18502, 1440, 11914, 3326, 5633, 14913, 4623, 10743, 12361, 17335, 1072, 5043, 14810, 15077, 3255, 17215, 6553, 17852, 4801, 6962, 3060, 9430, 8799, 13824, 188, 15175, 15163, 4733, 5011, 3536, 17635, 6532, 14071, 6112, 17158, 6597, 11272, 105, 19219, 5013, 12483, 201, 6848, 17033, 6367, 7859, 14702, 18844, 7053, 18694, 15670, 636, 10129, 6378, 5369, 7273, 16247, 9142, 15345, 16817, 14854, 2600, 15783, 889, 11833, 6612, 2068, 2427, 7062, 7918, 16181, 5464, 8339, 8950, 8453, 16423, 6064, 2380, 4268, 13929, 12974, 19141, 1299, 2484, 3883, 3273, 8772, 13256, 11239, 5766, 18098, 12705, 11004, 2695, 10048, 10960, 2766, 15661, 13258, 8015, 6032, 16397, 7749, 19039, 7634, 15076, 4234, 15114, 8475, 8091, 19220, 18004, 9704, 13918, 15569, 16443, 10015, 9943, 7817, 9349, 2588, 8249, 398, 5316, 15538, 18372, 13559, 2937, 2803, 16248, 6155, 630, 9911, 13190, 19157, 15788, 13248, 13148, 1320, 12074, 8471, 8798, 3213, 12418, 814, 2402, 12718, 12397, 10564, 9875, 10128, 6947, 9491, 17707, 3266, 19196, 14309, 18523, 19043, 17975, 18063, 11618, 15016, 14434, 7680, 1739, 18029, 11694, 1745, 9271, 5189, 9561, 11283, 14978, 10753, 16017, 12914, 978, 2828, 17257, 13135, 5061, 121, 6602, 16015, 19271, 12159, 1244, 8260, 13195, 15873, 12815, 14291, 14515, 118, 4892, 14985, 9551, 12654, 4739, 927, 12176, 9523, 11726, 18187, 5880, 2569, 3386, 13942, 3390, 15774, 129, 65, 12922, 8422, 12692, 16213, 11515, 2111, 8347, 10758, 14064, 4401, 17782, 15621, 6709, 14716, 4091, 13964, 8424, 4218, 7249, 11311, 11171, 18564, 14755, 7114, 14009, 14815, 294, 495, 7684, 6833, 4046, 3505, 16995, 17858, 7761, 15803, 9840, 13958, 8226, 10369, 12497, 17142, 1748, 2854, 7159, 11539, 11055, 13337, 17173, 14214, 6803, 11144, 12649, 283, 15489, 13174, 7015, 610, 7030, 18206, 14077, 15468, 14962, 8046, 7809, 17387, 16034, 16678, 1173, 3502, 12942, 15655, 16859, 7099, 1673, 446, 1365, 5881, 3713, 11697, 1897, 16001, 1702, 14149, 11876, 9341, 4325, 6923, 2001, 138, 3276, 18716, 17604, 10501, 115, 12800, 6111, 11148, 4549, 16057, 4707, 6843, 16091, 4295, 7519, 13708, 12409, 11018, 5052, 13566, 14715, 12755, 793, 10837, 1888, 12375, 3935, 5763, 11791, 11258, 13264, 11469, 4683, 8905, 1853, 11600, 4421, 2798, 5074, 18141, 13807, 8595, 8126, 13837, 8060, 6956, 11767, 14560, 9389, 15261, 1232, 12560, 7262, 11504, 3546, 4627, 1177, 517, 4008, 9219, 17696, 4148, 14124, 13243, 11235, 7561, 8331, 16320, 3591, 11341, 4015, 12028, 14929, 18601, 3528, 14065, 1510, 19191, 13833, 17616, 10869, 17689, 831, 16725, 6319, 15465, 10467, 8162, 13563, 7728, 10778, 13545, 12290, 16480, 14401, 12838, 4212, 17529, 4832, 15111, 12690, 10373, 7596, 18614, 17477, 1043, 13100, 4774, 17479, 3774, 9302, 3901, 13071, 6412, 9516, 1261, 3054, 13522, 17602, 14343, 18500, 10957, 2791, 9624, 3634, 17904, 5709, 14670, 11058, 7087, 7435, 13848, 82, 5565, 2562, 14029, 3583, 1676, 12709, 18473, 3158, 12787, 8068, 8263, 16146, 3593, 1802, 1861, 3348, 4487, 17749, 6105, 10471, 17472, 10200, 1182, 14180, 1076, 10156, 4839, 9903, 4879, 9720, 2157, 15344, 16067, 3064, 17182, 5368, 4987, 18484, 18923, 11896, 1052, 15727, 15289, 5885, 1933, 5251, 17072, 6038, 6195, 13524, 6606, 18506, 17536, 6784, 3231, 14121, 8925, 10030, 803, 13764, 146, 19268, 14099, 4130, 16372, 1537, 12248, 13718, 17187, 11728, 1740, 19233, 5600, 4092, 4779, 6028, 3395, 16152, 19150, 2417, 11980, 11237, 8427, 18127, 3538, 9257, 607, 2078, 18457, 5802, 3435, 15019, 4256, 9221, 13465, 11742, 5788, 9528, 17493, 4607, 3131, 6616, 5356, 1550, 4617, 8827, 849, 2601, 4437, 17861, 10261, 15704, 3890, 8149, 12063, 3086, 15925, 12301, 6847, 5603, 7768, 3187, 13372, 9258, 6584, 7594, 2603, 1835, 17380, 17193, 15251, 15937, 18731, 4082, 14911, 16626, 8824, 16208, 10167, 17711, 9678, 15852, 13620, 16479, 14586, 2446, 4866, 1315, 7746, 10615, 7927, 2443, 7157, 13506, 18410, 10494]",3772,1500,3,False,1500
360,takeaway order,takeaway order,61,True,True,True,"{21: 26, 33: 14, 2: 18, 29: 13, 25: 57, 43: 9, 57: 16, 49: 16, 61: 14, 67: 52, 65: 21, 50: 28, 15: 53, 6: 13, 46: 15, 27: 69, 7: 65, 48: 67, 19: 21, 31: 14, 63: 26, 22: 39, 9: 79, 26: 40, 47: 15, 53: 66, 11: 19, 51: 26, 54: 9, 13: 32, 17: 37, 52: 30, 39: 27, 38: 19, 1: 6, 59: 33, 56: 23, 32: 9, 8: 25, 4: 12, 20: 26, 24: 7, 18: 31, 42: 7, 28: 31, 45: 57, 0: 13, 66: 11, 62: 11, 35: 7, 64: 15, 37: 2, 40: 25, 3: 3, 14: 5, 12: 8, 16: 15, 55: 16, 30: 13, 58: 6, 36: 4, 60: 5, 5: 3, 41: 2, 44: 2, 34: 2}","[12686, 3384, 6034, 14374, 14516, 14680, 18580, 5912, 661, 4433, 14182, 14634, 14672, 13694, 17233, 12320, 12666, 7276, 14925, 15315, 1125, 14820, 3769, 14096, 12401, 14972, 14176, 4685, 4278, 5735, 7514, 16051, 15882, 4696, 17145, 19193, 12994, 9901, 13641, 15193, 6739, 9240, 1608, 14664, 18117, 5676, 15714, 5964, 5329, 16651, 15936, 14441, 15878, 18316, 14255, 18692, 5858, 4640, 10716, 13839, 16635, 2097, 11464, 12427, 2320, 14629, 7617, 16183, 16205, 2170, 4384, 6683, 5285, 18707, 6780, 4231, 2404, 4895, 18091, 2944, 13054, 3904, 3491, 9455, 15985, 10432, 8657, 15304, 9114, 5838, 5197, 17244, 6207, 3970, 17246, 3950, 6168, 8697, 6800, 9942, 11118, 8582, 6355, 15275, 4581, 12724, 11921, 1833, 523, 7619, 15729, 176, 8576, 3101, 1573, 1283, 11796, 11277, 2547, 1738, 6806, 15187, 7129, 5179, 5854, 16373, 9231, 6270, 777, 2062, 13249, 4144, 6325, 3924, 5350, 14414, 3142, 2249, 6444, 13582, 2833, 18030, 6483, 18404, 15057, 7482, 15001, 15872, 14584, 10835, 954, 7257, 1381, 17819, 17518, 6497, 14430, 4901, 16466, 10805, 132, 7506, 755, 14427, 12119, 16613, 19042, 14994, 11257, 8042, 2144, 5966, 1580, 8010, 2550, 10684, 14088, 5037, 8764, 17076, 14185, 15984, 5299, 16601, 19182, 13197, 14561, 12605, 17010, 2703, 6715, 11207, 10188, 212, 2293, 17676, 1720, 5934, 112, 8568, 15870, 3226, 4524, 4431, 5141, 5383, 7609, 12807, 19001, 14368, 6704, 14903, 4172, 117, 18698, 1699, 16558, 7518, 10618, 2110, 10308, 7828, 6623, 17644, 4449, 951, 13858, 15106, 8402, 916, 4771, 8608, 6448, 6656, 13547, 2814, 8336, 8093, 6398, 637, 9909, 10621, 786, 14146, 17292, 9457, 3, 2884, 14785, 10504, 16361, 8181, 17690, 654, 11067, 18741, 386, 18208, 10130, 8079, 7082, 14740, 8076, 18619, 14428, 10992, 12679, 9431, 18328, 13606, 7641, 13542, 1002, 11975, 15646, 19078, 1352, 8683, 16053, 11763, 14823, 7059, 4995, 3754, 6213, 10090, 19084, 1973, 8131, 5353, 836, 13960, 3217, 4885, 9645, 16941, 14750, 13171, 9132, 1355, 4440, 15747, 8233, 6008, 12781, 16749, 13905, 18198, 5033, 2910, 16502, 1233, 965, 16926, 3944, 13518, 18213, 12739, 9972, 14609, 5764, 6128, 9532, 12680, 3672, 5458, 6822, 11547, 3163, 8040, 14081, 8369, 18182, 17541, 11552, 12451, 15074, 1783, 17730, 1690, 16992, 2490, 2459, 18065, 320, 18311, 45, 9495, 4572, 544, 12731, 16811, 15096, 14957, 4594, 16607, 2449, 7791, 13659, 8892, 1713, 17336, 6598, 13832, 10495, 18937, 3067, 3473, 12715, 13492, 14787, 16503, 17899, 16638, 2408, 7141, 10590, 2917, 14650, 12571, 4321, 2855, 1829, 3736, 3381, 11069, 16093, 15201, 14311, 9836, 18289, 16899, 897, 13981, 12223, 8884, 15721, 7778, 13648, 5737, 6550, 19249, 2715, 447, 12941, 8915, 18963, 16291, 760, 5869, 3635, 3439, 6740, 5003, 3174, 2945, 16056, 4860, 11216, 7363, 1147, 12124, 9764, 11245, 4361, 7784, 16285, 17057, 11203, 5114, 17655, 12056, 17890, 7741, 15799, 10258, 16088, 19222, 15303, 1433, 5991, 322, 2322, 3156, 9940, 7814, 17068, 16968, 10018, 1991, 11946, 8705, 10371, 4619, 11074, 2034, 15550, 11743, 18666, 13494, 14175, 13948, 15123, 11154, 10397, 1701, 4770, 839, 12085, 16500, 16241, 1535, 18782, 2221, 539, 18405, 4245, 103, 1571, 16945, 12196, 9441, 1732, 1367, 3596, 4794, 7230, 5245, 17483, 2955, 2003, 11509, 4044, 12934, 3456, 16693, 593, 4582, 14076, 10972, 1965, 7227, 14324, 8658, 3772, 8355, 11889, 1908, 2684, 10026, 1666, 16507, 5589, 9295, 8389, 2099, 18653, 13808, 19147, 6675, 10970, 2788, 19028, 16983, 16166, 9845, 8160, 11381, 10088, 10333, 11716, 14695, 12697, 4365, 3747, 17296, 11904, 74, 7047, 10639, 13094, 940, 10478, 2032, 6642, 14896, 10840, 5430, 5556, 12597, 2183, 18403, 4252, 14613, 18283, 8790, 12140, 13540, 13353, 14114, 13297, 4056, 14038, 11299, 13770, 11433, 14285, 1526, 1955, 15711, 255, 12481, 612, 1635, 4886, 357, 11434, 9524, 13106, 2607, 5391, 9406, 2331, 624, 2749, 17849, 9829, 11436, 18426, 9481, 18550, 15647, 532, 11720, 11824, 15610, 15741, 7902, 13558, 17967, 14539, 17889, 4631, 1238, 16921, 7787, 15293, 3108, 8215, 2851, 4514, 12938, 16730, 17178, 4890, 17960, 4725, 7917, 3191, 8231, 16341, 8195, 10913, 2173, 5557, 2637, 16896, 5806, 1815, 1451, 8864, 2290, 12108, 5328, 6203, 2431, 7508, 17898, 17188, 6897, 1199, 15526, 18437, 6631, 8644, 16917, 14964, 14233, 2454, 584, 4830, 7199, 4180, 14889, 5761, 13756, 6917, 7756, 18880, 15095, 1816, 14070, 16252, 7429, 16589, 1631, 15968, 15221, 12478, 18594, 1477, 5637, 12058, 1205, 13397, 9107, 18654, 1968, 3759, 13147, 14144, 14973, 12452, 18020, 13592, 17920, 13687, 11335, 7207, 418, 7834, 778, 12982, 10688, 9031, 509, 9601, 9780, 17040, 12023, 3916, 91, 6536, 18535, 7547, 15240, 707, 14533, 15064, 17012, 16805, 8637, 5969, 16221, 1940, 13307, 4717, 12615, 18220, 11028, 12170, 1743, 2376, 12415, 14220, 18827, 1294, 18543, 6977, 15309, 11778, 11842, 17103, 3857, 4637, 12162, 19169, 17166, 18237, 17818, 9507, 19022, 5790, 19112, 15611, 1118, 15184, 18703, 1817, 15530, 16579, 8437, 11839, 11378, 3537, 9205, 9217, 16272, 18759, 16828, 12002, 8348, 1723, 3481, 14115, 379, 8544, 264, 6015, 7672, 2253, 7364, 3706, 13796, 17139, 16125, 12059, 9623, 7185, 2418, 18230, 3087, 281, 4379, 1796, 8459, 4400, 17824, 2736, 16446, 13525, 15341, 3275, 7872, 1662, 7557, 4319, 15442, 7181, 10456, 4963, 17048, 16943, 12784, 3441, 5240, 9975, 13216, 17702, 11594, 13554, 6165, 19168, 16070, 3540, 3262, 10661, 4061, 13173, 2875, 17014, 4349, 10818, 8428, 16764, 14232, 8930, 15734, 17680, 7069, 15684, 17050, 18987, 6914, 6863, 19263, 10595, 150, 10039, 2722, 18223, 16444, 6559, 7258, 2661, 7699, 17136, 12773, 4247, 5723, 15194, 1696, 1500, 2807, 9893, 11835, 13240, 18313, 17107, 10265, 10244, 5570, 2862, 14049, 1012, 12861, 723, 9583, 17461, 10056, 1264, 8297, 3716, 14666, 15259, 13531, 543, 13723, 16810, 6700, 3516, 13766, 7186, 10692, 6321, 15484, 14547, 8744, 3703, 10383, 16829, 6366, 6846, 3906, 2021, 18133, 857, 279, 12232, 10212, 10541, 12325, 13475, 1225, 937, 6966, 10881, 16936, 18502, 1440, 11914, 3326, 5633, 14913, 4623, 10743, 12361, 17335, 1072, 5043, 14810, 15077, 3255, 17215, 6553, 17852, 4801, 6962, 3060, 9430, 8799, 13824, 188, 15175, 15163, 4733, 5011, 3536, 17635, 6532, 14071, 6112, 17158, 6597, 11272, 105, 19219, 5013, 12483, 201, 6848, 17033, 6367, 7859, 14702, 18844, 7053, 18694, 15670, 636, 10129, 6378, 5369, 7273, 16247, 9142, 15345, 16817, 14854, 2600, 15783, 889, 11833, 6612, 2068, 2427, 7062, 7918, 16181, 5464, 8339, 8950, 8453, 16423, 6064, 2380, 4268, 13929, 12974, 19141, 1299, 2484, 3883, 3273, 8772, 13256, 11239, 5766, 18098, 12705, 11004, 2695, 10048, 10960, 2766, 15661, 13258, 8015, 6032, 16397, 7749, 19039, 7634, 15076, 4234, 15114, 8475, 8091, 19220, 18004, 9704, 13918, 15569, 16443, 10015, 9943, 7817, 9349, 2588, 8249, 398, 5316, 15538, 18372, 13559, 2937, 2803, 16248, 6155, 630, 9911, 13190, 19157, 15788, 13248, 13148, 1320, 12074, 8471, 8798, 3213, 12418, 814, 2402, 12718, 12397, 10564, 9875, 10128, 6947, 9491, 17707, 3266, 19196, 14309, 18523, 19043, 17975, 18063, 11618, 15016, 14434, 7680, 1739, 18029, 11694, 1745, 9271, 5189, 9561, 11283, 14978, 10753, 16017, 12914, 978, 2828, 17257, 13135, 5061, 121, 6602, 16015, 19271, 12159, 1244, 8260, 13195, 15873, 12815, 14291, 14515, 118, 4892, 14985, 9551, 12654, 4739, 927, 12176, 9523, 11726, 18187, 5880, 2569, 3386, 13942, 3390, 15774, 129, 65, 12922, 8422, 12692, 16213, 11515, 2111, 8347, 10758, 14064, 4401, 17782, 15621, 6709, 14716, 4091, 13964, 8424, 4218, 7249, 11311, 11171, 18564, 14755, 7114, 14009, 14815, 294, 495, 7684, 6833, 4046, 3505, 16995, 17858, 7761, 15803, 9840, 13958, 8226, 10369, 12497, 17142, 1748, 2854, 7159, 11539, 11055, 13337, 17173, 14214, 6803, 11144, 12649, 283, 15489, 13174, 7015, 610, 7030, 18206, 14077, 15468, 14962, 8046, 7809, 17387, 16034, 16678, 1173, 3502, 12942, 15655, 16859, 7099, 1673, 446, 1365, 5881, 3713, 11697, 1897, 16001, 1702, 14149, 11876, 9341, 4325, 6923, 2001, 138, 3276, 18716, 17604, 10501, 115, 12800, 6111, 11148, 4549, 16057, 4707, 6843, 16091, 4295, 7519, 13708, 12409, 11018, 5052, 13566, 14715, 12755, 793, 10837, 1888, 12375, 3935, 5763, 11791, 11258, 13264, 11469, 4683, 8905, 1853, 11600, 4421, 2798, 5074, 18141, 13807, 8595, 8126, 13837, 8060, 6956, 11767, 14560, 9389, 15261, 1232, 12560, 7262, 11504, 3546, 4627, 1177, 517, 4008, 9219, 17696, 4148, 14124, 13243, 11235, 7561, 8331, 16320, 3591, 11341, 4015, 12028, 14929, 18601, 3528, 14065, 1510, 19191, 13833, 17616, 10869, 17689, 831, 16725, 6319, 15465, 10467, 8162, 13563, 7728, 10778, 13545, 12290, 16480, 14401, 12838, 4212, 17529, 4832, 15111, 12690, 10373, 7596, 18614, 17477, 1043, 13100, 4774, 17479, 3774, 9302, 3901, 13071, 6412, 9516, 1261, 3054, 13522, 17602, 14343, 18500, 10957, 2791, 9624, 3634, 17904, 5709, 14670, 11058, 7087, 7435, 13848, 82, 5565, 2562, 14029, 3583, 1676, 12709, 18473, 3158, 12787, 8068, 8263, 16146, 3593, 1802, 1861, 3348, 4487, 17749, 6105, 10471, 17472, 10200, 1182, 14180, 1076, 10156, 4839, 9903, 4879, 9720, 2157, 15344, 16067, 3064, 17182, 5368, 4987, 18484, 18923, 11896, 1052, 15727, 15289, 5885, 1933, 5251, 17072, 6038, 6195, 13524, 6606, 18506, 17536, 6784, 3231, 14121, 8925, 10030, 803, 13764, 146, 19268, 14099, 4130, 16372, 1537, 12248, 13718, 17187, 11728, 1740, 19233, 5600, 4092, 4779, 6028, 3395, 16152, 19150, 2417, 11980, 11237, 8427, 18127, 3538, 9257, 607, 2078, 18457, 5802, 3435, 15019, 4256, 9221, 13465, 11742, 5788, 9528, 17493, 4607, 3131, 6616, 5356, 1550, 4617, 8827, 849, 2601, 4437, 17861, 10261, 15704, 3890, 8149, 12063, 3086, 15925, 12301, 6847, 5603, 7768, 3187, 13372, 9258, 6584, 7594, 2603, 1835, 17380, 17193, 15251, 15937, 18731, 4082, 14911, 16626, 8824, 16208, 10167, 17711, 9678, 15852, 13620, 16479, 14586, 2446, 4866, 1315, 7746, 10615, 7927, 2443, 7157, 13506, 18410, 10494]",360,1500,3,False,1500
5095,qa definition,music query,43,True,False,True,"{21: 26, 33: 14, 2: 18, 29: 13, 25: 57, 43: 9, 57: 16, 49: 16, 61: 14, 67: 52, 65: 21, 50: 28, 15: 53, 6: 13, 46: 15, 27: 69, 7: 65, 48: 67, 19: 21, 31: 14, 63: 26, 22: 39, 9: 79, 26: 40, 47: 15, 53: 66, 11: 19, 51: 26, 54: 9, 13: 32, 17: 37, 52: 30, 39: 27, 38: 19, 1: 6, 59: 33, 56: 23, 32: 9, 8: 25, 4: 12, 20: 26, 24: 7, 18: 31, 42: 7, 28: 31, 45: 57, 0: 13, 66: 11, 62: 11, 35: 7, 64: 15, 37: 2, 40: 25, 3: 3, 14: 5, 12: 8, 16: 15, 55: 16, 30: 13, 58: 6, 36: 4, 60: 5, 5: 3, 41: 2, 44: 2, 34: 2}","[12686, 3384, 6034, 14374, 14516, 14680, 18580, 5912, 661, 4433, 14182, 14634, 14672, 13694, 17233, 12320, 12666, 7276, 14925, 15315, 1125, 14820, 3769, 14096, 12401, 14972, 14176, 4685, 4278, 5735, 7514, 16051, 15882, 4696, 17145, 19193, 12994, 9901, 13641, 15193, 6739, 9240, 1608, 14664, 18117, 5676, 15714, 5964, 5329, 16651, 15936, 14441, 15878, 18316, 14255, 18692, 5858, 4640, 10716, 13839, 16635, 2097, 11464, 12427, 2320, 14629, 7617, 16183, 16205, 2170, 4384, 6683, 5285, 18707, 6780, 4231, 2404, 4895, 18091, 2944, 13054, 3904, 3491, 9455, 15985, 10432, 8657, 15304, 9114, 5838, 5197, 17244, 6207, 3970, 17246, 3950, 6168, 8697, 6800, 9942, 11118, 8582, 6355, 15275, 4581, 12724, 11921, 1833, 523, 7619, 15729, 176, 8576, 3101, 1573, 1283, 11796, 11277, 2547, 1738, 6806, 15187, 7129, 5179, 5854, 16373, 9231, 6270, 777, 2062, 13249, 4144, 6325, 3924, 5350, 14414, 3142, 2249, 6444, 13582, 2833, 18030, 6483, 18404, 15057, 7482, 15001, 15872, 14584, 10835, 954, 7257, 1381, 17819, 17518, 6497, 14430, 4901, 16466, 10805, 132, 7506, 755, 14427, 12119, 16613, 19042, 14994, 11257, 8042, 2144, 5966, 1580, 8010, 2550, 10684, 14088, 5037, 8764, 17076, 14185, 15984, 5299, 16601, 19182, 13197, 14561, 12605, 17010, 2703, 6715, 11207, 10188, 212, 2293, 17676, 1720, 5934, 112, 8568, 15870, 3226, 4524, 4431, 5141, 5383, 7609, 12807, 19001, 14368, 6704, 14903, 4172, 117, 18698, 1699, 16558, 7518, 10618, 2110, 10308, 7828, 6623, 17644, 4449, 951, 13858, 15106, 8402, 916, 4771, 8608, 6448, 6656, 13547, 2814, 8336, 8093, 6398, 637, 9909, 10621, 786, 14146, 17292, 9457, 3, 2884, 14785, 10504, 16361, 8181, 17690, 654, 11067, 18741, 386, 18208, 10130, 8079, 7082, 14740, 8076, 18619, 14428, 10992, 12679, 9431, 18328, 13606, 7641, 13542, 1002, 11975, 15646, 19078, 1352, 8683, 16053, 11763, 14823, 7059, 4995, 3754, 6213, 10090, 19084, 1973, 8131, 5353, 836, 13960, 3217, 4885, 9645, 16941, 14750, 13171, 9132, 1355, 4440, 15747, 8233, 6008, 12781, 16749, 13905, 18198, 5033, 2910, 16502, 1233, 965, 16926, 3944, 13518, 18213, 12739, 9972, 14609, 5764, 6128, 9532, 12680, 3672, 5458, 6822, 11547, 3163, 8040, 14081, 8369, 18182, 17541, 11552, 12451, 15074, 1783, 17730, 1690, 16992, 2490, 2459, 18065, 320, 18311, 45, 9495, 4572, 544, 12731, 16811, 15096, 14957, 4594, 16607, 2449, 7791, 13659, 8892, 1713, 17336, 6598, 13832, 10495, 18937, 3067, 3473, 12715, 13492, 14787, 16503, 17899, 16638, 2408, 7141, 10590, 2917, 14650, 12571, 4321, 2855, 1829, 3736, 3381, 11069, 16093, 15201, 14311, 9836, 18289, 16899, 897, 13981, 12223, 8884, 15721, 7778, 13648, 5737, 6550, 19249, 2715, 447, 12941, 8915, 18963, 16291, 760, 5869, 3635, 3439, 6740, 5003, 3174, 2945, 16056, 4860, 11216, 7363, 1147, 12124, 9764, 11245, 4361, 7784, 16285, 17057, 11203, 5114, 17655, 12056, 17890, 7741, 15799, 10258, 16088, 19222, 15303, 1433, 5991, 322, 2322, 3156, 9940, 7814, 17068, 16968, 10018, 1991, 11946, 8705, 10371, 4619, 11074, 2034, 15550, 11743, 18666, 13494, 14175, 13948, 15123, 11154, 10397, 1701, 4770, 839, 12085, 16500, 16241, 1535, 18782, 2221, 539, 18405, 4245, 103, 1571, 16945, 12196, 9441, 1732, 1367, 3596, 4794, 7230, 5245, 17483, 2955, 2003, 11509, 4044, 12934, 3456, 16693, 593, 4582, 14076, 10972, 1965, 7227, 14324, 8658, 3772, 8355, 11889, 1908, 2684, 10026, 1666, 16507, 5589, 9295, 8389, 2099, 18653, 13808, 19147, 6675, 10970, 2788, 19028, 16983, 16166, 9845, 8160, 11381, 10088, 10333, 11716, 14695, 12697, 4365, 3747, 17296, 11904, 74, 7047, 10639, 13094, 940, 10478, 2032, 6642, 14896, 10840, 5430, 5556, 12597, 2183, 18403, 4252, 14613, 18283, 8790, 12140, 13540, 13353, 14114, 13297, 4056, 14038, 11299, 13770, 11433, 14285, 1526, 1955, 15711, 255, 12481, 612, 1635, 4886, 357, 11434, 9524, 13106, 2607, 5391, 9406, 2331, 624, 2749, 17849, 9829, 11436, 18426, 9481, 18550, 15647, 532, 11720, 11824, 15610, 15741, 7902, 13558, 17967, 14539, 17889, 4631, 1238, 16921, 7787, 15293, 3108, 8215, 2851, 4514, 12938, 16730, 17178, 4890, 17960, 4725, 7917, 3191, 8231, 16341, 8195, 10913, 2173, 5557, 2637, 16896, 5806, 1815, 1451, 8864, 2290, 12108, 5328, 6203, 2431, 7508, 17898, 17188, 6897, 1199, 15526, 18437, 6631, 8644, 16917, 14964, 14233, 2454, 584, 4830, 7199, 4180, 14889, 5761, 13756, 6917, 7756, 18880, 15095, 1816, 14070, 16252, 7429, 16589, 1631, 15968, 15221, 12478, 18594, 1477, 5637, 12058, 1205, 13397, 9107, 18654, 1968, 3759, 13147, 14144, 14973, 12452, 18020, 13592, 17920, 13687, 11335, 7207, 418, 7834, 778, 12982, 10688, 9031, 509, 9601, 9780, 17040, 12023, 3916, 91, 6536, 18535, 7547, 15240, 707, 14533, 15064, 17012, 16805, 8637, 5969, 16221, 1940, 13307, 4717, 12615, 18220, 11028, 12170, 1743, 2376, 12415, 14220, 18827, 1294, 18543, 6977, 15309, 11778, 11842, 17103, 3857, 4637, 12162, 19169, 17166, 18237, 17818, 9507, 19022, 5790, 19112, 15611, 1118, 15184, 18703, 1817, 15530, 16579, 8437, 11839, 11378, 3537, 9205, 9217, 16272, 18759, 16828, 12002, 8348, 1723, 3481, 14115, 379, 8544, 264, 6015, 7672, 2253, 7364, 3706, 13796, 17139, 16125, 12059, 9623, 7185, 2418, 18230, 3087, 281, 4379, 1796, 8459, 4400, 17824, 2736, 16446, 13525, 15341, 3275, 7872, 1662, 7557, 4319, 15442, 7181, 10456, 4963, 17048, 16943, 12784, 3441, 5240, 9975, 13216, 17702, 11594, 13554, 6165, 19168, 16070, 3540, 3262, 10661, 4061, 13173, 2875, 17014, 4349, 10818, 8428, 16764, 14232, 8930, 15734, 17680, 7069, 15684, 17050, 18987, 6914, 6863, 19263, 10595, 150, 10039, 2722, 18223, 16444, 6559, 7258, 2661, 7699, 17136, 12773, 4247, 5723, 15194, 1696, 1500, 2807, 9893, 11835, 13240, 18313, 17107, 10265, 10244, 5570, 2862, 14049, 1012, 12861, 723, 9583, 17461, 10056, 1264, 8297, 3716, 14666, 15259, 13531, 543, 13723, 16810, 6700, 3516, 13766, 7186, 10692, 6321, 15484, 14547, 8744, 3703, 10383, 16829, 6366, 6846, 3906, 2021, 18133, 857, 279, 12232, 10212, 10541, 12325, 13475, 1225, 937, 6966, 10881, 16936, 18502, 1440, 11914, 3326, 5633, 14913, 4623, 10743, 12361, 17335, 1072, 5043, 14810, 15077, 3255, 17215, 6553, 17852, 4801, 6962, 3060, 9430, 8799, 13824, 188, 15175, 15163, 4733, 5011, 3536, 17635, 6532, 14071, 6112, 17158, 6597, 11272, 105, 19219, 5013, 12483, 201, 6848, 17033, 6367, 7859, 14702, 18844, 7053, 18694, 15670, 636, 10129, 6378, 5369, 7273, 16247, 9142, 15345, 16817, 14854, 2600, 15783, 889, 11833, 6612, 2068, 2427, 7062, 7918, 16181, 5464, 8339, 8950, 8453, 16423, 6064, 2380, 4268, 13929, 12974, 19141, 1299, 2484, 3883, 3273, 8772, 13256, 11239, 5766, 18098, 12705, 11004, 2695, 10048, 10960, 2766, 15661, 13258, 8015, 6032, 16397, 7749, 19039, 7634, 15076, 4234, 15114, 8475, 8091, 19220, 18004, 9704, 13918, 15569, 16443, 10015, 9943, 7817, 9349, 2588, 8249, 398, 5316, 15538, 18372, 13559, 2937, 2803, 16248, 6155, 630, 9911, 13190, 19157, 15788, 13248, 13148, 1320, 12074, 8471, 8798, 3213, 12418, 814, 2402, 12718, 12397, 10564, 9875, 10128, 6947, 9491, 17707, 3266, 19196, 14309, 18523, 19043, 17975, 18063, 11618, 15016, 14434, 7680, 1739, 18029, 11694, 1745, 9271, 5189, 9561, 11283, 14978, 10753, 16017, 12914, 978, 2828, 17257, 13135, 5061, 121, 6602, 16015, 19271, 12159, 1244, 8260, 13195, 15873, 12815, 14291, 14515, 118, 4892, 14985, 9551, 12654, 4739, 927, 12176, 9523, 11726, 18187, 5880, 2569, 3386, 13942, 3390, 15774, 129, 65, 12922, 8422, 12692, 16213, 11515, 2111, 8347, 10758, 14064, 4401, 17782, 15621, 6709, 14716, 4091, 13964, 8424, 4218, 7249, 11311, 11171, 18564, 14755, 7114, 14009, 14815, 294, 495, 7684, 6833, 4046, 3505, 16995, 17858, 7761, 15803, 9840, 13958, 8226, 10369, 12497, 17142, 1748, 2854, 7159, 11539, 11055, 13337, 17173, 14214, 6803, 11144, 12649, 283, 15489, 13174, 7015, 610, 7030, 18206, 14077, 15468, 14962, 8046, 7809, 17387, 16034, 16678, 1173, 3502, 12942, 15655, 16859, 7099, 1673, 446, 1365, 5881, 3713, 11697, 1897, 16001, 1702, 14149, 11876, 9341, 4325, 6923, 2001, 138, 3276, 18716, 17604, 10501, 115, 12800, 6111, 11148, 4549, 16057, 4707, 6843, 16091, 4295, 7519, 13708, 12409, 11018, 5052, 13566, 14715, 12755, 793, 10837, 1888, 12375, 3935, 5763, 11791, 11258, 13264, 11469, 4683, 8905, 1853, 11600, 4421, 2798, 5074, 18141, 13807, 8595, 8126, 13837, 8060, 6956, 11767, 14560, 9389, 15261, 1232, 12560, 7262, 11504, 3546, 4627, 1177, 517, 4008, 9219, 17696, 4148, 14124, 13243, 11235, 7561, 8331, 16320, 3591, 11341, 4015, 12028, 14929, 18601, 3528, 14065, 1510, 19191, 13833, 17616, 10869, 17689, 831, 16725, 6319, 15465, 10467, 8162, 13563, 7728, 10778, 13545, 12290, 16480, 14401, 12838, 4212, 17529, 4832, 15111, 12690, 10373, 7596, 18614, 17477, 1043, 13100, 4774, 17479, 3774, 9302, 3901, 13071, 6412, 9516, 1261, 3054, 13522, 17602, 14343, 18500, 10957, 2791, 9624, 3634, 17904, 5709, 14670, 11058, 7087, 7435, 13848, 82, 5565, 2562, 14029, 3583, 1676, 12709, 18473, 3158, 12787, 8068, 8263, 16146, 3593, 1802, 1861, 3348, 4487, 17749, 6105, 10471, 17472, 10200, 1182, 14180, 1076, 10156, 4839, 9903, 4879, 9720, 2157, 15344, 16067, 3064, 17182, 5368, 4987, 18484, 18923, 11896, 1052, 15727, 15289, 5885, 1933, 5251, 17072, 6038, 6195, 13524, 6606, 18506, 17536, 6784, 3231, 14121, 8925, 10030, 803, 13764, 146, 19268, 14099, 4130, 16372, 1537, 12248, 13718, 17187, 11728, 1740, 19233, 5600, 4092, 4779, 6028, 3395, 16152, 19150, 2417, 11980, 11237, 8427, 18127, 3538, 9257, 607, 2078, 18457, 5802, 3435, 15019, 4256, 9221, 13465, 11742, 5788, 9528, 17493, 4607, 3131, 6616, 5356, 1550, 4617, 8827, 849, 2601, 4437, 17861, 10261, 15704, 3890, 8149, 12063, 3086, 15925, 12301, 6847, 5603, 7768, 3187, 13372, 9258, 6584, 7594, 2603, 1835, 17380, 17193, 15251, 15937, 18731, 4082, 14911, 16626, 8824, 16208, 10167, 17711, 9678, 15852, 13620, 16479, 14586, 2446, 4866, 1315, 7746, 10615, 7927, 2443, 7157, 13506, 18410, 10494]",5095,1500,3,False,1500
252,email query,email query,15,True,True,True,"{21: 26, 33: 14, 2: 18, 29: 13, 25: 57, 43: 9, 57: 16, 49: 16, 61: 14, 67: 52, 65: 21, 50: 28, 15: 53, 6: 13, 46: 15, 27: 69, 7: 65, 48: 67, 19: 21, 31: 14, 63: 26, 22: 39, 9: 79, 26: 40, 47: 15, 53: 66, 11: 19, 51: 26, 54: 9, 13: 32, 17: 37, 52: 30, 39: 27, 38: 19, 1: 6, 59: 33, 56: 23, 32: 9, 8: 25, 4: 12, 20: 26, 24: 7, 18: 31, 42: 7, 28: 31, 45: 57, 0: 13, 66: 11, 62: 11, 35: 7, 64: 15, 37: 2, 40: 25, 3: 3, 14: 5, 12: 8, 16: 15, 55: 16, 30: 13, 58: 6, 36: 4, 60: 5, 5: 3, 41: 2, 44: 2, 34: 2}","[12686, 3384, 6034, 14374, 14516, 14680, 18580, 5912, 661, 4433, 14182, 14634, 14672, 13694, 17233, 12320, 12666, 7276, 14925, 15315, 1125, 14820, 3769, 14096, 12401, 14972, 14176, 4685, 4278, 5735, 7514, 16051, 15882, 4696, 17145, 19193, 12994, 9901, 13641, 15193, 6739, 9240, 1608, 14664, 18117, 5676, 15714, 5964, 5329, 16651, 15936, 14441, 15878, 18316, 14255, 18692, 5858, 4640, 10716, 13839, 16635, 2097, 11464, 12427, 2320, 14629, 7617, 16183, 16205, 2170, 4384, 6683, 5285, 18707, 6780, 4231, 2404, 4895, 18091, 2944, 13054, 3904, 3491, 9455, 15985, 10432, 8657, 15304, 9114, 5838, 5197, 17244, 6207, 3970, 17246, 3950, 6168, 8697, 6800, 9942, 11118, 8582, 6355, 15275, 4581, 12724, 11921, 1833, 523, 7619, 15729, 176, 8576, 3101, 1573, 1283, 11796, 11277, 2547, 1738, 6806, 15187, 7129, 5179, 5854, 16373, 9231, 6270, 777, 2062, 13249, 4144, 6325, 3924, 5350, 14414, 3142, 2249, 6444, 13582, 2833, 18030, 6483, 18404, 15057, 7482, 15001, 15872, 14584, 10835, 954, 7257, 1381, 17819, 17518, 6497, 14430, 4901, 16466, 10805, 132, 7506, 755, 14427, 12119, 16613, 19042, 14994, 11257, 8042, 2144, 5966, 1580, 8010, 2550, 10684, 14088, 5037, 8764, 17076, 14185, 15984, 5299, 16601, 19182, 13197, 14561, 12605, 17010, 2703, 6715, 11207, 10188, 212, 2293, 17676, 1720, 5934, 112, 8568, 15870, 3226, 4524, 4431, 5141, 5383, 7609, 12807, 19001, 14368, 6704, 14903, 4172, 117, 18698, 1699, 16558, 7518, 10618, 2110, 10308, 7828, 6623, 17644, 4449, 951, 13858, 15106, 8402, 916, 4771, 8608, 6448, 6656, 13547, 2814, 8336, 8093, 6398, 637, 9909, 10621, 786, 14146, 17292, 9457, 3, 2884, 14785, 10504, 16361, 8181, 17690, 654, 11067, 18741, 386, 18208, 10130, 8079, 7082, 14740, 8076, 18619, 14428, 10992, 12679, 9431, 18328, 13606, 7641, 13542, 1002, 11975, 15646, 19078, 1352, 8683, 16053, 11763, 14823, 7059, 4995, 3754, 6213, 10090, 19084, 1973, 8131, 5353, 836, 13960, 3217, 4885, 9645, 16941, 14750, 13171, 9132, 1355, 4440, 15747, 8233, 6008, 12781, 16749, 13905, 18198, 5033, 2910, 16502, 1233, 965, 16926, 3944, 13518, 18213, 12739, 9972, 14609, 5764, 6128, 9532, 12680, 3672, 5458, 6822, 11547, 3163, 8040, 14081, 8369, 18182, 17541, 11552, 12451, 15074, 1783, 17730, 1690, 16992, 2490, 2459, 18065, 320, 18311, 45, 9495, 4572, 544, 12731, 16811, 15096, 14957, 4594, 16607, 2449, 7791, 13659, 8892, 1713, 17336, 6598, 13832, 10495, 18937, 3067, 3473, 12715, 13492, 14787, 16503, 17899, 16638, 2408, 7141, 10590, 2917, 14650, 12571, 4321, 2855, 1829, 3736, 3381, 11069, 16093, 15201, 14311, 9836, 18289, 16899, 897, 13981, 12223, 8884, 15721, 7778, 13648, 5737, 6550, 19249, 2715, 447, 12941, 8915, 18963, 16291, 760, 5869, 3635, 3439, 6740, 5003, 3174, 2945, 16056, 4860, 11216, 7363, 1147, 12124, 9764, 11245, 4361, 7784, 16285, 17057, 11203, 5114, 17655, 12056, 17890, 7741, 15799, 10258, 16088, 19222, 15303, 1433, 5991, 322, 2322, 3156, 9940, 7814, 17068, 16968, 10018, 1991, 11946, 8705, 10371, 4619, 11074, 2034, 15550, 11743, 18666, 13494, 14175, 13948, 15123, 11154, 10397, 1701, 4770, 839, 12085, 16500, 16241, 1535, 18782, 2221, 539, 18405, 4245, 103, 1571, 16945, 12196, 9441, 1732, 1367, 3596, 4794, 7230, 5245, 17483, 2955, 2003, 11509, 4044, 12934, 3456, 16693, 593, 4582, 14076, 10972, 1965, 7227, 14324, 8658, 3772, 8355, 11889, 1908, 2684, 10026, 1666, 16507, 5589, 9295, 8389, 2099, 18653, 13808, 19147, 6675, 10970, 2788, 19028, 16983, 16166, 9845, 8160, 11381, 10088, 10333, 11716, 14695, 12697, 4365, 3747, 17296, 11904, 74, 7047, 10639, 13094, 940, 10478, 2032, 6642, 14896, 10840, 5430, 5556, 12597, 2183, 18403, 4252, 14613, 18283, 8790, 12140, 13540, 13353, 14114, 13297, 4056, 14038, 11299, 13770, 11433, 14285, 1526, 1955, 15711, 255, 12481, 612, 1635, 4886, 357, 11434, 9524, 13106, 2607, 5391, 9406, 2331, 624, 2749, 17849, 9829, 11436, 18426, 9481, 18550, 15647, 532, 11720, 11824, 15610, 15741, 7902, 13558, 17967, 14539, 17889, 4631, 1238, 16921, 7787, 15293, 3108, 8215, 2851, 4514, 12938, 16730, 17178, 4890, 17960, 4725, 7917, 3191, 8231, 16341, 8195, 10913, 2173, 5557, 2637, 16896, 5806, 1815, 1451, 8864, 2290, 12108, 5328, 6203, 2431, 7508, 17898, 17188, 6897, 1199, 15526, 18437, 6631, 8644, 16917, 14964, 14233, 2454, 584, 4830, 7199, 4180, 14889, 5761, 13756, 6917, 7756, 18880, 15095, 1816, 14070, 16252, 7429, 16589, 1631, 15968, 15221, 12478, 18594, 1477, 5637, 12058, 1205, 13397, 9107, 18654, 1968, 3759, 13147, 14144, 14973, 12452, 18020, 13592, 17920, 13687, 11335, 7207, 418, 7834, 778, 12982, 10688, 9031, 509, 9601, 9780, 17040, 12023, 3916, 91, 6536, 18535, 7547, 15240, 707, 14533, 15064, 17012, 16805, 8637, 5969, 16221, 1940, 13307, 4717, 12615, 18220, 11028, 12170, 1743, 2376, 12415, 14220, 18827, 1294, 18543, 6977, 15309, 11778, 11842, 17103, 3857, 4637, 12162, 19169, 17166, 18237, 17818, 9507, 19022, 5790, 19112, 15611, 1118, 15184, 18703, 1817, 15530, 16579, 8437, 11839, 11378, 3537, 9205, 9217, 16272, 18759, 16828, 12002, 8348, 1723, 3481, 14115, 379, 8544, 264, 6015, 7672, 2253, 7364, 3706, 13796, 17139, 16125, 12059, 9623, 7185, 2418, 18230, 3087, 281, 4379, 1796, 8459, 4400, 17824, 2736, 16446, 13525, 15341, 3275, 7872, 1662, 7557, 4319, 15442, 7181, 10456, 4963, 17048, 16943, 12784, 3441, 5240, 9975, 13216, 17702, 11594, 13554, 6165, 19168, 16070, 3540, 3262, 10661, 4061, 13173, 2875, 17014, 4349, 10818, 8428, 16764, 14232, 8930, 15734, 17680, 7069, 15684, 17050, 18987, 6914, 6863, 19263, 10595, 150, 10039, 2722, 18223, 16444, 6559, 7258, 2661, 7699, 17136, 12773, 4247, 5723, 15194, 1696, 1500, 2807, 9893, 11835, 13240, 18313, 17107, 10265, 10244, 5570, 2862, 14049, 1012, 12861, 723, 9583, 17461, 10056, 1264, 8297, 3716, 14666, 15259, 13531, 543, 13723, 16810, 6700, 3516, 13766, 7186, 10692, 6321, 15484, 14547, 8744, 3703, 10383, 16829, 6366, 6846, 3906, 2021, 18133, 857, 279, 12232, 10212, 10541, 12325, 13475, 1225, 937, 6966, 10881, 16936, 18502, 1440, 11914, 3326, 5633, 14913, 4623, 10743, 12361, 17335, 1072, 5043, 14810, 15077, 3255, 17215, 6553, 17852, 4801, 6962, 3060, 9430, 8799, 13824, 188, 15175, 15163, 4733, 5011, 3536, 17635, 6532, 14071, 6112, 17158, 6597, 11272, 105, 19219, 5013, 12483, 201, 6848, 17033, 6367, 7859, 14702, 18844, 7053, 18694, 15670, 636, 10129, 6378, 5369, 7273, 16247, 9142, 15345, 16817, 14854, 2600, 15783, 889, 11833, 6612, 2068, 2427, 7062, 7918, 16181, 5464, 8339, 8950, 8453, 16423, 6064, 2380, 4268, 13929, 12974, 19141, 1299, 2484, 3883, 3273, 8772, 13256, 11239, 5766, 18098, 12705, 11004, 2695, 10048, 10960, 2766, 15661, 13258, 8015, 6032, 16397, 7749, 19039, 7634, 15076, 4234, 15114, 8475, 8091, 19220, 18004, 9704, 13918, 15569, 16443, 10015, 9943, 7817, 9349, 2588, 8249, 398, 5316, 15538, 18372, 13559, 2937, 2803, 16248, 6155, 630, 9911, 13190, 19157, 15788, 13248, 13148, 1320, 12074, 8471, 8798, 3213, 12418, 814, 2402, 12718, 12397, 10564, 9875, 10128, 6947, 9491, 17707, 3266, 19196, 14309, 18523, 19043, 17975, 18063, 11618, 15016, 14434, 7680, 1739, 18029, 11694, 1745, 9271, 5189, 9561, 11283, 14978, 10753, 16017, 12914, 978, 2828, 17257, 13135, 5061, 121, 6602, 16015, 19271, 12159, 1244, 8260, 13195, 15873, 12815, 14291, 14515, 118, 4892, 14985, 9551, 12654, 4739, 927, 12176, 9523, 11726, 18187, 5880, 2569, 3386, 13942, 3390, 15774, 129, 65, 12922, 8422, 12692, 16213, 11515, 2111, 8347, 10758, 14064, 4401, 17782, 15621, 6709, 14716, 4091, 13964, 8424, 4218, 7249, 11311, 11171, 18564, 14755, 7114, 14009, 14815, 294, 495, 7684, 6833, 4046, 3505, 16995, 17858, 7761, 15803, 9840, 13958, 8226, 10369, 12497, 17142, 1748, 2854, 7159, 11539, 11055, 13337, 17173, 14214, 6803, 11144, 12649, 283, 15489, 13174, 7015, 610, 7030, 18206, 14077, 15468, 14962, 8046, 7809, 17387, 16034, 16678, 1173, 3502, 12942, 15655, 16859, 7099, 1673, 446, 1365, 5881, 3713, 11697, 1897, 16001, 1702, 14149, 11876, 9341, 4325, 6923, 2001, 138, 3276, 18716, 17604, 10501, 115, 12800, 6111, 11148, 4549, 16057, 4707, 6843, 16091, 4295, 7519, 13708, 12409, 11018, 5052, 13566, 14715, 12755, 793, 10837, 1888, 12375, 3935, 5763, 11791, 11258, 13264, 11469, 4683, 8905, 1853, 11600, 4421, 2798, 5074, 18141, 13807, 8595, 8126, 13837, 8060, 6956, 11767, 14560, 9389, 15261, 1232, 12560, 7262, 11504, 3546, 4627, 1177, 517, 4008, 9219, 17696, 4148, 14124, 13243, 11235, 7561, 8331, 16320, 3591, 11341, 4015, 12028, 14929, 18601, 3528, 14065, 1510, 19191, 13833, 17616, 10869, 17689, 831, 16725, 6319, 15465, 10467, 8162, 13563, 7728, 10778, 13545, 12290, 16480, 14401, 12838, 4212, 17529, 4832, 15111, 12690, 10373, 7596, 18614, 17477, 1043, 13100, 4774, 17479, 3774, 9302, 3901, 13071, 6412, 9516, 1261, 3054, 13522, 17602, 14343, 18500, 10957, 2791, 9624, 3634, 17904, 5709, 14670, 11058, 7087, 7435, 13848, 82, 5565, 2562, 14029, 3583, 1676, 12709, 18473, 3158, 12787, 8068, 8263, 16146, 3593, 1802, 1861, 3348, 4487, 17749, 6105, 10471, 17472, 10200, 1182, 14180, 1076, 10156, 4839, 9903, 4879, 9720, 2157, 15344, 16067, 3064, 17182, 5368, 4987, 18484, 18923, 11896, 1052, 15727, 15289, 5885, 1933, 5251, 17072, 6038, 6195, 13524, 6606, 18506, 17536, 6784, 3231, 14121, 8925, 10030, 803, 13764, 146, 19268, 14099, 4130, 16372, 1537, 12248, 13718, 17187, 11728, 1740, 19233, 5600, 4092, 4779, 6028, 3395, 16152, 19150, 2417, 11980, 11237, 8427, 18127, 3538, 9257, 607, 2078, 18457, 5802, 3435, 15019, 4256, 9221, 13465, 11742, 5788, 9528, 17493, 4607, 3131, 6616, 5356, 1550, 4617, 8827, 849, 2601, 4437, 17861, 10261, 15704, 3890, 8149, 12063, 3086, 15925, 12301, 6847, 5603, 7768, 3187, 13372, 9258, 6584, 7594, 2603, 1835, 17380, 17193, 15251, 15937, 18731, 4082, 14911, 16626, 8824, 16208, 10167, 17711, 9678, 15852, 13620, 16479, 14586, 2446, 4866, 1315, 7746, 10615, 7927, 2443, 7157, 13506, 18410, 10494]",252,1500,3,False,1500
3598,iot hue light change,iot hue light change,31,True,True,True,"{21: 26, 33: 14, 2: 18, 29: 13, 25: 57, 43: 9, 57: 16, 49: 16, 61: 14, 67: 52, 65: 21, 50: 28, 15: 53, 6: 13, 46: 15, 27: 69, 7: 65, 48: 67, 19: 21, 31: 14, 63: 26, 22: 39, 9: 79, 26: 40, 47: 15, 53: 66, 11: 19, 51: 26, 54: 9, 13: 32, 17: 37, 52: 30, 39: 27, 38: 19, 1: 6, 59: 33, 56: 23, 32: 9, 8: 25, 4: 12, 20: 26, 24: 7, 18: 31, 42: 7, 28: 31, 45: 57, 0: 13, 66: 11, 62: 11, 35: 7, 64: 15, 37: 2, 40: 25, 3: 3, 14: 5, 12: 8, 16: 15, 55: 16, 30: 13, 58: 6, 36: 4, 60: 5, 5: 3, 41: 2, 44: 2, 34: 2}","[12686, 3384, 6034, 14374, 14516, 14680, 18580, 5912, 661, 4433, 14182, 14634, 14672, 13694, 17233, 12320, 12666, 7276, 14925, 15315, 1125, 14820, 3769, 14096, 12401, 14972, 14176, 4685, 4278, 5735, 7514, 16051, 15882, 4696, 17145, 19193, 12994, 9901, 13641, 15193, 6739, 9240, 1608, 14664, 18117, 5676, 15714, 5964, 5329, 16651, 15936, 14441, 15878, 18316, 14255, 18692, 5858, 4640, 10716, 13839, 16635, 2097, 11464, 12427, 2320, 14629, 7617, 16183, 16205, 2170, 4384, 6683, 5285, 18707, 6780, 4231, 2404, 4895, 18091, 2944, 13054, 3904, 3491, 9455, 15985, 10432, 8657, 15304, 9114, 5838, 5197, 17244, 6207, 3970, 17246, 3950, 6168, 8697, 6800, 9942, 11118, 8582, 6355, 15275, 4581, 12724, 11921, 1833, 523, 7619, 15729, 176, 8576, 3101, 1573, 1283, 11796, 11277, 2547, 1738, 6806, 15187, 7129, 5179, 5854, 16373, 9231, 6270, 777, 2062, 13249, 4144, 6325, 3924, 5350, 14414, 3142, 2249, 6444, 13582, 2833, 18030, 6483, 18404, 15057, 7482, 15001, 15872, 14584, 10835, 954, 7257, 1381, 17819, 17518, 6497, 14430, 4901, 16466, 10805, 132, 7506, 755, 14427, 12119, 16613, 19042, 14994, 11257, 8042, 2144, 5966, 1580, 8010, 2550, 10684, 14088, 5037, 8764, 17076, 14185, 15984, 5299, 16601, 19182, 13197, 14561, 12605, 17010, 2703, 6715, 11207, 10188, 212, 2293, 17676, 1720, 5934, 112, 8568, 15870, 3226, 4524, 4431, 5141, 5383, 7609, 12807, 19001, 14368, 6704, 14903, 4172, 117, 18698, 1699, 16558, 7518, 10618, 2110, 10308, 7828, 6623, 17644, 4449, 951, 13858, 15106, 8402, 916, 4771, 8608, 6448, 6656, 13547, 2814, 8336, 8093, 6398, 637, 9909, 10621, 786, 14146, 17292, 9457, 3, 2884, 14785, 10504, 16361, 8181, 17690, 654, 11067, 18741, 386, 18208, 10130, 8079, 7082, 14740, 8076, 18619, 14428, 10992, 12679, 9431, 18328, 13606, 7641, 13542, 1002, 11975, 15646, 19078, 1352, 8683, 16053, 11763, 14823, 7059, 4995, 3754, 6213, 10090, 19084, 1973, 8131, 5353, 836, 13960, 3217, 4885, 9645, 16941, 14750, 13171, 9132, 1355, 4440, 15747, 8233, 6008, 12781, 16749, 13905, 18198, 5033, 2910, 16502, 1233, 965, 16926, 3944, 13518, 18213, 12739, 9972, 14609, 5764, 6128, 9532, 12680, 3672, 5458, 6822, 11547, 3163, 8040, 14081, 8369, 18182, 17541, 11552, 12451, 15074, 1783, 17730, 1690, 16992, 2490, 2459, 18065, 320, 18311, 45, 9495, 4572, 544, 12731, 16811, 15096, 14957, 4594, 16607, 2449, 7791, 13659, 8892, 1713, 17336, 6598, 13832, 10495, 18937, 3067, 3473, 12715, 13492, 14787, 16503, 17899, 16638, 2408, 7141, 10590, 2917, 14650, 12571, 4321, 2855, 1829, 3736, 3381, 11069, 16093, 15201, 14311, 9836, 18289, 16899, 897, 13981, 12223, 8884, 15721, 7778, 13648, 5737, 6550, 19249, 2715, 447, 12941, 8915, 18963, 16291, 760, 5869, 3635, 3439, 6740, 5003, 3174, 2945, 16056, 4860, 11216, 7363, 1147, 12124, 9764, 11245, 4361, 7784, 16285, 17057, 11203, 5114, 17655, 12056, 17890, 7741, 15799, 10258, 16088, 19222, 15303, 1433, 5991, 322, 2322, 3156, 9940, 7814, 17068, 16968, 10018, 1991, 11946, 8705, 10371, 4619, 11074, 2034, 15550, 11743, 18666, 13494, 14175, 13948, 15123, 11154, 10397, 1701, 4770, 839, 12085, 16500, 16241, 1535, 18782, 2221, 539, 18405, 4245, 103, 1571, 16945, 12196, 9441, 1732, 1367, 3596, 4794, 7230, 5245, 17483, 2955, 2003, 11509, 4044, 12934, 3456, 16693, 593, 4582, 14076, 10972, 1965, 7227, 14324, 8658, 3772, 8355, 11889, 1908, 2684, 10026, 1666, 16507, 5589, 9295, 8389, 2099, 18653, 13808, 19147, 6675, 10970, 2788, 19028, 16983, 16166, 9845, 8160, 11381, 10088, 10333, 11716, 14695, 12697, 4365, 3747, 17296, 11904, 74, 7047, 10639, 13094, 940, 10478, 2032, 6642, 14896, 10840, 5430, 5556, 12597, 2183, 18403, 4252, 14613, 18283, 8790, 12140, 13540, 13353, 14114, 13297, 4056, 14038, 11299, 13770, 11433, 14285, 1526, 1955, 15711, 255, 12481, 612, 1635, 4886, 357, 11434, 9524, 13106, 2607, 5391, 9406, 2331, 624, 2749, 17849, 9829, 11436, 18426, 9481, 18550, 15647, 532, 11720, 11824, 15610, 15741, 7902, 13558, 17967, 14539, 17889, 4631, 1238, 16921, 7787, 15293, 3108, 8215, 2851, 4514, 12938, 16730, 17178, 4890, 17960, 4725, 7917, 3191, 8231, 16341, 8195, 10913, 2173, 5557, 2637, 16896, 5806, 1815, 1451, 8864, 2290, 12108, 5328, 6203, 2431, 7508, 17898, 17188, 6897, 1199, 15526, 18437, 6631, 8644, 16917, 14964, 14233, 2454, 584, 4830, 7199, 4180, 14889, 5761, 13756, 6917, 7756, 18880, 15095, 1816, 14070, 16252, 7429, 16589, 1631, 15968, 15221, 12478, 18594, 1477, 5637, 12058, 1205, 13397, 9107, 18654, 1968, 3759, 13147, 14144, 14973, 12452, 18020, 13592, 17920, 13687, 11335, 7207, 418, 7834, 778, 12982, 10688, 9031, 509, 9601, 9780, 17040, 12023, 3916, 91, 6536, 18535, 7547, 15240, 707, 14533, 15064, 17012, 16805, 8637, 5969, 16221, 1940, 13307, 4717, 12615, 18220, 11028, 12170, 1743, 2376, 12415, 14220, 18827, 1294, 18543, 6977, 15309, 11778, 11842, 17103, 3857, 4637, 12162, 19169, 17166, 18237, 17818, 9507, 19022, 5790, 19112, 15611, 1118, 15184, 18703, 1817, 15530, 16579, 8437, 11839, 11378, 3537, 9205, 9217, 16272, 18759, 16828, 12002, 8348, 1723, 3481, 14115, 379, 8544, 264, 6015, 7672, 2253, 7364, 3706, 13796, 17139, 16125, 12059, 9623, 7185, 2418, 18230, 3087, 281, 4379, 1796, 8459, 4400, 17824, 2736, 16446, 13525, 15341, 3275, 7872, 1662, 7557, 4319, 15442, 7181, 10456, 4963, 17048, 16943, 12784, 3441, 5240, 9975, 13216, 17702, 11594, 13554, 6165, 19168, 16070, 3540, 3262, 10661, 4061, 13173, 2875, 17014, 4349, 10818, 8428, 16764, 14232, 8930, 15734, 17680, 7069, 15684, 17050, 18987, 6914, 6863, 19263, 10595, 150, 10039, 2722, 18223, 16444, 6559, 7258, 2661, 7699, 17136, 12773, 4247, 5723, 15194, 1696, 1500, 2807, 9893, 11835, 13240, 18313, 17107, 10265, 10244, 5570, 2862, 14049, 1012, 12861, 723, 9583, 17461, 10056, 1264, 8297, 3716, 14666, 15259, 13531, 543, 13723, 16810, 6700, 3516, 13766, 7186, 10692, 6321, 15484, 14547, 8744, 3703, 10383, 16829, 6366, 6846, 3906, 2021, 18133, 857, 279, 12232, 10212, 10541, 12325, 13475, 1225, 937, 6966, 10881, 16936, 18502, 1440, 11914, 3326, 5633, 14913, 4623, 10743, 12361, 17335, 1072, 5043, 14810, 15077, 3255, 17215, 6553, 17852, 4801, 6962, 3060, 9430, 8799, 13824, 188, 15175, 15163, 4733, 5011, 3536, 17635, 6532, 14071, 6112, 17158, 6597, 11272, 105, 19219, 5013, 12483, 201, 6848, 17033, 6367, 7859, 14702, 18844, 7053, 18694, 15670, 636, 10129, 6378, 5369, 7273, 16247, 9142, 15345, 16817, 14854, 2600, 15783, 889, 11833, 6612, 2068, 2427, 7062, 7918, 16181, 5464, 8339, 8950, 8453, 16423, 6064, 2380, 4268, 13929, 12974, 19141, 1299, 2484, 3883, 3273, 8772, 13256, 11239, 5766, 18098, 12705, 11004, 2695, 10048, 10960, 2766, 15661, 13258, 8015, 6032, 16397, 7749, 19039, 7634, 15076, 4234, 15114, 8475, 8091, 19220, 18004, 9704, 13918, 15569, 16443, 10015, 9943, 7817, 9349, 2588, 8249, 398, 5316, 15538, 18372, 13559, 2937, 2803, 16248, 6155, 630, 9911, 13190, 19157, 15788, 13248, 13148, 1320, 12074, 8471, 8798, 3213, 12418, 814, 2402, 12718, 12397, 10564, 9875, 10128, 6947, 9491, 17707, 3266, 19196, 14309, 18523, 19043, 17975, 18063, 11618, 15016, 14434, 7680, 1739, 18029, 11694, 1745, 9271, 5189, 9561, 11283, 14978, 10753, 16017, 12914, 978, 2828, 17257, 13135, 5061, 121, 6602, 16015, 19271, 12159, 1244, 8260, 13195, 15873, 12815, 14291, 14515, 118, 4892, 14985, 9551, 12654, 4739, 927, 12176, 9523, 11726, 18187, 5880, 2569, 3386, 13942, 3390, 15774, 129, 65, 12922, 8422, 12692, 16213, 11515, 2111, 8347, 10758, 14064, 4401, 17782, 15621, 6709, 14716, 4091, 13964, 8424, 4218, 7249, 11311, 11171, 18564, 14755, 7114, 14009, 14815, 294, 495, 7684, 6833, 4046, 3505, 16995, 17858, 7761, 15803, 9840, 13958, 8226, 10369, 12497, 17142, 1748, 2854, 7159, 11539, 11055, 13337, 17173, 14214, 6803, 11144, 12649, 283, 15489, 13174, 7015, 610, 7030, 18206, 14077, 15468, 14962, 8046, 7809, 17387, 16034, 16678, 1173, 3502, 12942, 15655, 16859, 7099, 1673, 446, 1365, 5881, 3713, 11697, 1897, 16001, 1702, 14149, 11876, 9341, 4325, 6923, 2001, 138, 3276, 18716, 17604, 10501, 115, 12800, 6111, 11148, 4549, 16057, 4707, 6843, 16091, 4295, 7519, 13708, 12409, 11018, 5052, 13566, 14715, 12755, 793, 10837, 1888, 12375, 3935, 5763, 11791, 11258, 13264, 11469, 4683, 8905, 1853, 11600, 4421, 2798, 5074, 18141, 13807, 8595, 8126, 13837, 8060, 6956, 11767, 14560, 9389, 15261, 1232, 12560, 7262, 11504, 3546, 4627, 1177, 517, 4008, 9219, 17696, 4148, 14124, 13243, 11235, 7561, 8331, 16320, 3591, 11341, 4015, 12028, 14929, 18601, 3528, 14065, 1510, 19191, 13833, 17616, 10869, 17689, 831, 16725, 6319, 15465, 10467, 8162, 13563, 7728, 10778, 13545, 12290, 16480, 14401, 12838, 4212, 17529, 4832, 15111, 12690, 10373, 7596, 18614, 17477, 1043, 13100, 4774, 17479, 3774, 9302, 3901, 13071, 6412, 9516, 1261, 3054, 13522, 17602, 14343, 18500, 10957, 2791, 9624, 3634, 17904, 5709, 14670, 11058, 7087, 7435, 13848, 82, 5565, 2562, 14029, 3583, 1676, 12709, 18473, 3158, 12787, 8068, 8263, 16146, 3593, 1802, 1861, 3348, 4487, 17749, 6105, 10471, 17472, 10200, 1182, 14180, 1076, 10156, 4839, 9903, 4879, 9720, 2157, 15344, 16067, 3064, 17182, 5368, 4987, 18484, 18923, 11896, 1052, 15727, 15289, 5885, 1933, 5251, 17072, 6038, 6195, 13524, 6606, 18506, 17536, 6784, 3231, 14121, 8925, 10030, 803, 13764, 146, 19268, 14099, 4130, 16372, 1537, 12248, 13718, 17187, 11728, 1740, 19233, 5600, 4092, 4779, 6028, 3395, 16152, 19150, 2417, 11980, 11237, 8427, 18127, 3538, 9257, 607, 2078, 18457, 5802, 3435, 15019, 4256, 9221, 13465, 11742, 5788, 9528, 17493, 4607, 3131, 6616, 5356, 1550, 4617, 8827, 849, 2601, 4437, 17861, 10261, 15704, 3890, 8149, 12063, 3086, 15925, 12301, 6847, 5603, 7768, 3187, 13372, 9258, 6584, 7594, 2603, 1835, 17380, 17193, 15251, 15937, 18731, 4082, 14911, 16626, 8824, 16208, 10167, 17711, 9678, 15852, 13620, 16479, 14586, 2446, 4866, 1315, 7746, 10615, 7927, 2443, 7157, 13506, 18410, 10494]",3598,1500,3,False,1500
4832,qa factoid,qa fact,53,True,True,False,"{21: 26, 33: 14, 2: 18, 29: 13, 25: 57, 43: 9, 57: 16, 49: 16, 61: 14, 67: 52, 65: 21, 50: 28, 15: 53, 6: 13, 46: 15, 27: 69, 7: 65, 48: 67, 19: 21, 31: 14, 63: 26, 22: 39, 9: 79, 26: 40, 47: 15, 53: 66, 11: 19, 51: 26, 54: 9, 13: 32, 17: 37, 52: 30, 39: 27, 38: 19, 1: 6, 59: 33, 56: 23, 32: 9, 8: 25, 4: 12, 20: 26, 24: 7, 18: 31, 42: 7, 28: 31, 45: 57, 0: 13, 66: 11, 62: 11, 35: 7, 64: 15, 37: 2, 40: 25, 3: 3, 14: 5, 12: 8, 16: 15, 55: 16, 30: 13, 58: 6, 36: 4, 60: 5, 5: 3, 41: 2, 44: 2, 34: 2}","[12686, 3384, 6034, 14374, 14516, 14680, 18580, 5912, 661, 4433, 14182, 14634, 14672, 13694, 17233, 12320, 12666, 7276, 14925, 15315, 1125, 14820, 3769, 14096, 12401, 14972, 14176, 4685, 4278, 5735, 7514, 16051, 15882, 4696, 17145, 19193, 12994, 9901, 13641, 15193, 6739, 9240, 1608, 14664, 18117, 5676, 15714, 5964, 5329, 16651, 15936, 14441, 15878, 18316, 14255, 18692, 5858, 4640, 10716, 13839, 16635, 2097, 11464, 12427, 2320, 14629, 7617, 16183, 16205, 2170, 4384, 6683, 5285, 18707, 6780, 4231, 2404, 4895, 18091, 2944, 13054, 3904, 3491, 9455, 15985, 10432, 8657, 15304, 9114, 5838, 5197, 17244, 6207, 3970, 17246, 3950, 6168, 8697, 6800, 9942, 11118, 8582, 6355, 15275, 4581, 12724, 11921, 1833, 523, 7619, 15729, 176, 8576, 3101, 1573, 1283, 11796, 11277, 2547, 1738, 6806, 15187, 7129, 5179, 5854, 16373, 9231, 6270, 777, 2062, 13249, 4144, 6325, 3924, 5350, 14414, 3142, 2249, 6444, 13582, 2833, 18030, 6483, 18404, 15057, 7482, 15001, 15872, 14584, 10835, 954, 7257, 1381, 17819, 17518, 6497, 14430, 4901, 16466, 10805, 132, 7506, 755, 14427, 12119, 16613, 19042, 14994, 11257, 8042, 2144, 5966, 1580, 8010, 2550, 10684, 14088, 5037, 8764, 17076, 14185, 15984, 5299, 16601, 19182, 13197, 14561, 12605, 17010, 2703, 6715, 11207, 10188, 212, 2293, 17676, 1720, 5934, 112, 8568, 15870, 3226, 4524, 4431, 5141, 5383, 7609, 12807, 19001, 14368, 6704, 14903, 4172, 117, 18698, 1699, 16558, 7518, 10618, 2110, 10308, 7828, 6623, 17644, 4449, 951, 13858, 15106, 8402, 916, 4771, 8608, 6448, 6656, 13547, 2814, 8336, 8093, 6398, 637, 9909, 10621, 786, 14146, 17292, 9457, 3, 2884, 14785, 10504, 16361, 8181, 17690, 654, 11067, 18741, 386, 18208, 10130, 8079, 7082, 14740, 8076, 18619, 14428, 10992, 12679, 9431, 18328, 13606, 7641, 13542, 1002, 11975, 15646, 19078, 1352, 8683, 16053, 11763, 14823, 7059, 4995, 3754, 6213, 10090, 19084, 1973, 8131, 5353, 836, 13960, 3217, 4885, 9645, 16941, 14750, 13171, 9132, 1355, 4440, 15747, 8233, 6008, 12781, 16749, 13905, 18198, 5033, 2910, 16502, 1233, 965, 16926, 3944, 13518, 18213, 12739, 9972, 14609, 5764, 6128, 9532, 12680, 3672, 5458, 6822, 11547, 3163, 8040, 14081, 8369, 18182, 17541, 11552, 12451, 15074, 1783, 17730, 1690, 16992, 2490, 2459, 18065, 320, 18311, 45, 9495, 4572, 544, 12731, 16811, 15096, 14957, 4594, 16607, 2449, 7791, 13659, 8892, 1713, 17336, 6598, 13832, 10495, 18937, 3067, 3473, 12715, 13492, 14787, 16503, 17899, 16638, 2408, 7141, 10590, 2917, 14650, 12571, 4321, 2855, 1829, 3736, 3381, 11069, 16093, 15201, 14311, 9836, 18289, 16899, 897, 13981, 12223, 8884, 15721, 7778, 13648, 5737, 6550, 19249, 2715, 447, 12941, 8915, 18963, 16291, 760, 5869, 3635, 3439, 6740, 5003, 3174, 2945, 16056, 4860, 11216, 7363, 1147, 12124, 9764, 11245, 4361, 7784, 16285, 17057, 11203, 5114, 17655, 12056, 17890, 7741, 15799, 10258, 16088, 19222, 15303, 1433, 5991, 322, 2322, 3156, 9940, 7814, 17068, 16968, 10018, 1991, 11946, 8705, 10371, 4619, 11074, 2034, 15550, 11743, 18666, 13494, 14175, 13948, 15123, 11154, 10397, 1701, 4770, 839, 12085, 16500, 16241, 1535, 18782, 2221, 539, 18405, 4245, 103, 1571, 16945, 12196, 9441, 1732, 1367, 3596, 4794, 7230, 5245, 17483, 2955, 2003, 11509, 4044, 12934, 3456, 16693, 593, 4582, 14076, 10972, 1965, 7227, 14324, 8658, 3772, 8355, 11889, 1908, 2684, 10026, 1666, 16507, 5589, 9295, 8389, 2099, 18653, 13808, 19147, 6675, 10970, 2788, 19028, 16983, 16166, 9845, 8160, 11381, 10088, 10333, 11716, 14695, 12697, 4365, 3747, 17296, 11904, 74, 7047, 10639, 13094, 940, 10478, 2032, 6642, 14896, 10840, 5430, 5556, 12597, 2183, 18403, 4252, 14613, 18283, 8790, 12140, 13540, 13353, 14114, 13297, 4056, 14038, 11299, 13770, 11433, 14285, 1526, 1955, 15711, 255, 12481, 612, 1635, 4886, 357, 11434, 9524, 13106, 2607, 5391, 9406, 2331, 624, 2749, 17849, 9829, 11436, 18426, 9481, 18550, 15647, 532, 11720, 11824, 15610, 15741, 7902, 13558, 17967, 14539, 17889, 4631, 1238, 16921, 7787, 15293, 3108, 8215, 2851, 4514, 12938, 16730, 17178, 4890, 17960, 4725, 7917, 3191, 8231, 16341, 8195, 10913, 2173, 5557, 2637, 16896, 5806, 1815, 1451, 8864, 2290, 12108, 5328, 6203, 2431, 7508, 17898, 17188, 6897, 1199, 15526, 18437, 6631, 8644, 16917, 14964, 14233, 2454, 584, 4830, 7199, 4180, 14889, 5761, 13756, 6917, 7756, 18880, 15095, 1816, 14070, 16252, 7429, 16589, 1631, 15968, 15221, 12478, 18594, 1477, 5637, 12058, 1205, 13397, 9107, 18654, 1968, 3759, 13147, 14144, 14973, 12452, 18020, 13592, 17920, 13687, 11335, 7207, 418, 7834, 778, 12982, 10688, 9031, 509, 9601, 9780, 17040, 12023, 3916, 91, 6536, 18535, 7547, 15240, 707, 14533, 15064, 17012, 16805, 8637, 5969, 16221, 1940, 13307, 4717, 12615, 18220, 11028, 12170, 1743, 2376, 12415, 14220, 18827, 1294, 18543, 6977, 15309, 11778, 11842, 17103, 3857, 4637, 12162, 19169, 17166, 18237, 17818, 9507, 19022, 5790, 19112, 15611, 1118, 15184, 18703, 1817, 15530, 16579, 8437, 11839, 11378, 3537, 9205, 9217, 16272, 18759, 16828, 12002, 8348, 1723, 3481, 14115, 379, 8544, 264, 6015, 7672, 2253, 7364, 3706, 13796, 17139, 16125, 12059, 9623, 7185, 2418, 18230, 3087, 281, 4379, 1796, 8459, 4400, 17824, 2736, 16446, 13525, 15341, 3275, 7872, 1662, 7557, 4319, 15442, 7181, 10456, 4963, 17048, 16943, 12784, 3441, 5240, 9975, 13216, 17702, 11594, 13554, 6165, 19168, 16070, 3540, 3262, 10661, 4061, 13173, 2875, 17014, 4349, 10818, 8428, 16764, 14232, 8930, 15734, 17680, 7069, 15684, 17050, 18987, 6914, 6863, 19263, 10595, 150, 10039, 2722, 18223, 16444, 6559, 7258, 2661, 7699, 17136, 12773, 4247, 5723, 15194, 1696, 1500, 2807, 9893, 11835, 13240, 18313, 17107, 10265, 10244, 5570, 2862, 14049, 1012, 12861, 723, 9583, 17461, 10056, 1264, 8297, 3716, 14666, 15259, 13531, 543, 13723, 16810, 6700, 3516, 13766, 7186, 10692, 6321, 15484, 14547, 8744, 3703, 10383, 16829, 6366, 6846, 3906, 2021, 18133, 857, 279, 12232, 10212, 10541, 12325, 13475, 1225, 937, 6966, 10881, 16936, 18502, 1440, 11914, 3326, 5633, 14913, 4623, 10743, 12361, 17335, 1072, 5043, 14810, 15077, 3255, 17215, 6553, 17852, 4801, 6962, 3060, 9430, 8799, 13824, 188, 15175, 15163, 4733, 5011, 3536, 17635, 6532, 14071, 6112, 17158, 6597, 11272, 105, 19219, 5013, 12483, 201, 6848, 17033, 6367, 7859, 14702, 18844, 7053, 18694, 15670, 636, 10129, 6378, 5369, 7273, 16247, 9142, 15345, 16817, 14854, 2600, 15783, 889, 11833, 6612, 2068, 2427, 7062, 7918, 16181, 5464, 8339, 8950, 8453, 16423, 6064, 2380, 4268, 13929, 12974, 19141, 1299, 2484, 3883, 3273, 8772, 13256, 11239, 5766, 18098, 12705, 11004, 2695, 10048, 10960, 2766, 15661, 13258, 8015, 6032, 16397, 7749, 19039, 7634, 15076, 4234, 15114, 8475, 8091, 19220, 18004, 9704, 13918, 15569, 16443, 10015, 9943, 7817, 9349, 2588, 8249, 398, 5316, 15538, 18372, 13559, 2937, 2803, 16248, 6155, 630, 9911, 13190, 19157, 15788, 13248, 13148, 1320, 12074, 8471, 8798, 3213, 12418, 814, 2402, 12718, 12397, 10564, 9875, 10128, 6947, 9491, 17707, 3266, 19196, 14309, 18523, 19043, 17975, 18063, 11618, 15016, 14434, 7680, 1739, 18029, 11694, 1745, 9271, 5189, 9561, 11283, 14978, 10753, 16017, 12914, 978, 2828, 17257, 13135, 5061, 121, 6602, 16015, 19271, 12159, 1244, 8260, 13195, 15873, 12815, 14291, 14515, 118, 4892, 14985, 9551, 12654, 4739, 927, 12176, 9523, 11726, 18187, 5880, 2569, 3386, 13942, 3390, 15774, 129, 65, 12922, 8422, 12692, 16213, 11515, 2111, 8347, 10758, 14064, 4401, 17782, 15621, 6709, 14716, 4091, 13964, 8424, 4218, 7249, 11311, 11171, 18564, 14755, 7114, 14009, 14815, 294, 495, 7684, 6833, 4046, 3505, 16995, 17858, 7761, 15803, 9840, 13958, 8226, 10369, 12497, 17142, 1748, 2854, 7159, 11539, 11055, 13337, 17173, 14214, 6803, 11144, 12649, 283, 15489, 13174, 7015, 610, 7030, 18206, 14077, 15468, 14962, 8046, 7809, 17387, 16034, 16678, 1173, 3502, 12942, 15655, 16859, 7099, 1673, 446, 1365, 5881, 3713, 11697, 1897, 16001, 1702, 14149, 11876, 9341, 4325, 6923, 2001, 138, 3276, 18716, 17604, 10501, 115, 12800, 6111, 11148, 4549, 16057, 4707, 6843, 16091, 4295, 7519, 13708, 12409, 11018, 5052, 13566, 14715, 12755, 793, 10837, 1888, 12375, 3935, 5763, 11791, 11258, 13264, 11469, 4683, 8905, 1853, 11600, 4421, 2798, 5074, 18141, 13807, 8595, 8126, 13837, 8060, 6956, 11767, 14560, 9389, 15261, 1232, 12560, 7262, 11504, 3546, 4627, 1177, 517, 4008, 9219, 17696, 4148, 14124, 13243, 11235, 7561, 8331, 16320, 3591, 11341, 4015, 12028, 14929, 18601, 3528, 14065, 1510, 19191, 13833, 17616, 10869, 17689, 831, 16725, 6319, 15465, 10467, 8162, 13563, 7728, 10778, 13545, 12290, 16480, 14401, 12838, 4212, 17529, 4832, 15111, 12690, 10373, 7596, 18614, 17477, 1043, 13100, 4774, 17479, 3774, 9302, 3901, 13071, 6412, 9516, 1261, 3054, 13522, 17602, 14343, 18500, 10957, 2791, 9624, 3634, 17904, 5709, 14670, 11058, 7087, 7435, 13848, 82, 5565, 2562, 14029, 3583, 1676, 12709, 18473, 3158, 12787, 8068, 8263, 16146, 3593, 1802, 1861, 3348, 4487, 17749, 6105, 10471, 17472, 10200, 1182, 14180, 1076, 10156, 4839, 9903, 4879, 9720, 2157, 15344, 16067, 3064, 17182, 5368, 4987, 18484, 18923, 11896, 1052, 15727, 15289, 5885, 1933, 5251, 17072, 6038, 6195, 13524, 6606, 18506, 17536, 6784, 3231, 14121, 8925, 10030, 803, 13764, 146, 19268, 14099, 4130, 16372, 1537, 12248, 13718, 17187, 11728, 1740, 19233, 5600, 4092, 4779, 6028, 3395, 16152, 19150, 2417, 11980, 11237, 8427, 18127, 3538, 9257, 607, 2078, 18457, 5802, 3435, 15019, 4256, 9221, 13465, 11742, 5788, 9528, 17493, 4607, 3131, 6616, 5356, 1550, 4617, 8827, 849, 2601, 4437, 17861, 10261, 15704, 3890, 8149, 12063, 3086, 15925, 12301, 6847, 5603, 7768, 3187, 13372, 9258, 6584, 7594, 2603, 1835, 17380, 17193, 15251, 15937, 18731, 4082, 14911, 16626, 8824, 16208, 10167, 17711, 9678, 15852, 13620, 16479, 14586, 2446, 4866, 1315, 7746, 10615, 7927, 2443, 7157, 13506, 18410, 10494]",4832,1500,3,False,1500
2409,lists query,lists query,39,True,True,True,"{21: 26, 33: 14, 2: 18, 29: 13, 25: 57, 43: 9, 57: 16, 49: 16, 61: 14, 67: 52, 65: 21, 50: 28, 15: 53, 6: 13, 46: 15, 27: 69, 7: 65, 48: 67, 19: 21, 31: 14, 63: 26, 22: 39, 9: 79, 26: 40, 47: 15, 53: 66, 11: 19, 51: 26, 54: 9, 13: 32, 17: 37, 52: 30, 39: 27, 38: 19, 1: 6, 59: 33, 56: 23, 32: 9, 8: 25, 4: 12, 20: 26, 24: 7, 18: 31, 42: 7, 28: 31, 45: 57, 0: 13, 66: 11, 62: 11, 35: 7, 64: 15, 37: 2, 40: 25, 3: 3, 14: 5, 12: 8, 16: 15, 55: 16, 30: 13, 58: 6, 36: 4, 60: 5, 5: 3, 41: 2, 44: 2, 34: 2}","[12686, 3384, 6034, 14374, 14516, 14680, 18580, 5912, 661, 4433, 14182, 14634, 14672, 13694, 17233, 12320, 12666, 7276, 14925, 15315, 1125, 14820, 3769, 14096, 12401, 14972, 14176, 4685, 4278, 5735, 7514, 16051, 15882, 4696, 17145, 19193, 12994, 9901, 13641, 15193, 6739, 9240, 1608, 14664, 18117, 5676, 15714, 5964, 5329, 16651, 15936, 14441, 15878, 18316, 14255, 18692, 5858, 4640, 10716, 13839, 16635, 2097, 11464, 12427, 2320, 14629, 7617, 16183, 16205, 2170, 4384, 6683, 5285, 18707, 6780, 4231, 2404, 4895, 18091, 2944, 13054, 3904, 3491, 9455, 15985, 10432, 8657, 15304, 9114, 5838, 5197, 17244, 6207, 3970, 17246, 3950, 6168, 8697, 6800, 9942, 11118, 8582, 6355, 15275, 4581, 12724, 11921, 1833, 523, 7619, 15729, 176, 8576, 3101, 1573, 1283, 11796, 11277, 2547, 1738, 6806, 15187, 7129, 5179, 5854, 16373, 9231, 6270, 777, 2062, 13249, 4144, 6325, 3924, 5350, 14414, 3142, 2249, 6444, 13582, 2833, 18030, 6483, 18404, 15057, 7482, 15001, 15872, 14584, 10835, 954, 7257, 1381, 17819, 17518, 6497, 14430, 4901, 16466, 10805, 132, 7506, 755, 14427, 12119, 16613, 19042, 14994, 11257, 8042, 2144, 5966, 1580, 8010, 2550, 10684, 14088, 5037, 8764, 17076, 14185, 15984, 5299, 16601, 19182, 13197, 14561, 12605, 17010, 2703, 6715, 11207, 10188, 212, 2293, 17676, 1720, 5934, 112, 8568, 15870, 3226, 4524, 4431, 5141, 5383, 7609, 12807, 19001, 14368, 6704, 14903, 4172, 117, 18698, 1699, 16558, 7518, 10618, 2110, 10308, 7828, 6623, 17644, 4449, 951, 13858, 15106, 8402, 916, 4771, 8608, 6448, 6656, 13547, 2814, 8336, 8093, 6398, 637, 9909, 10621, 786, 14146, 17292, 9457, 3, 2884, 14785, 10504, 16361, 8181, 17690, 654, 11067, 18741, 386, 18208, 10130, 8079, 7082, 14740, 8076, 18619, 14428, 10992, 12679, 9431, 18328, 13606, 7641, 13542, 1002, 11975, 15646, 19078, 1352, 8683, 16053, 11763, 14823, 7059, 4995, 3754, 6213, 10090, 19084, 1973, 8131, 5353, 836, 13960, 3217, 4885, 9645, 16941, 14750, 13171, 9132, 1355, 4440, 15747, 8233, 6008, 12781, 16749, 13905, 18198, 5033, 2910, 16502, 1233, 965, 16926, 3944, 13518, 18213, 12739, 9972, 14609, 5764, 6128, 9532, 12680, 3672, 5458, 6822, 11547, 3163, 8040, 14081, 8369, 18182, 17541, 11552, 12451, 15074, 1783, 17730, 1690, 16992, 2490, 2459, 18065, 320, 18311, 45, 9495, 4572, 544, 12731, 16811, 15096, 14957, 4594, 16607, 2449, 7791, 13659, 8892, 1713, 17336, 6598, 13832, 10495, 18937, 3067, 3473, 12715, 13492, 14787, 16503, 17899, 16638, 2408, 7141, 10590, 2917, 14650, 12571, 4321, 2855, 1829, 3736, 3381, 11069, 16093, 15201, 14311, 9836, 18289, 16899, 897, 13981, 12223, 8884, 15721, 7778, 13648, 5737, 6550, 19249, 2715, 447, 12941, 8915, 18963, 16291, 760, 5869, 3635, 3439, 6740, 5003, 3174, 2945, 16056, 4860, 11216, 7363, 1147, 12124, 9764, 11245, 4361, 7784, 16285, 17057, 11203, 5114, 17655, 12056, 17890, 7741, 15799, 10258, 16088, 19222, 15303, 1433, 5991, 322, 2322, 3156, 9940, 7814, 17068, 16968, 10018, 1991, 11946, 8705, 10371, 4619, 11074, 2034, 15550, 11743, 18666, 13494, 14175, 13948, 15123, 11154, 10397, 1701, 4770, 839, 12085, 16500, 16241, 1535, 18782, 2221, 539, 18405, 4245, 103, 1571, 16945, 12196, 9441, 1732, 1367, 3596, 4794, 7230, 5245, 17483, 2955, 2003, 11509, 4044, 12934, 3456, 16693, 593, 4582, 14076, 10972, 1965, 7227, 14324, 8658, 3772, 8355, 11889, 1908, 2684, 10026, 1666, 16507, 5589, 9295, 8389, 2099, 18653, 13808, 19147, 6675, 10970, 2788, 19028, 16983, 16166, 9845, 8160, 11381, 10088, 10333, 11716, 14695, 12697, 4365, 3747, 17296, 11904, 74, 7047, 10639, 13094, 940, 10478, 2032, 6642, 14896, 10840, 5430, 5556, 12597, 2183, 18403, 4252, 14613, 18283, 8790, 12140, 13540, 13353, 14114, 13297, 4056, 14038, 11299, 13770, 11433, 14285, 1526, 1955, 15711, 255, 12481, 612, 1635, 4886, 357, 11434, 9524, 13106, 2607, 5391, 9406, 2331, 624, 2749, 17849, 9829, 11436, 18426, 9481, 18550, 15647, 532, 11720, 11824, 15610, 15741, 7902, 13558, 17967, 14539, 17889, 4631, 1238, 16921, 7787, 15293, 3108, 8215, 2851, 4514, 12938, 16730, 17178, 4890, 17960, 4725, 7917, 3191, 8231, 16341, 8195, 10913, 2173, 5557, 2637, 16896, 5806, 1815, 1451, 8864, 2290, 12108, 5328, 6203, 2431, 7508, 17898, 17188, 6897, 1199, 15526, 18437, 6631, 8644, 16917, 14964, 14233, 2454, 584, 4830, 7199, 4180, 14889, 5761, 13756, 6917, 7756, 18880, 15095, 1816, 14070, 16252, 7429, 16589, 1631, 15968, 15221, 12478, 18594, 1477, 5637, 12058, 1205, 13397, 9107, 18654, 1968, 3759, 13147, 14144, 14973, 12452, 18020, 13592, 17920, 13687, 11335, 7207, 418, 7834, 778, 12982, 10688, 9031, 509, 9601, 9780, 17040, 12023, 3916, 91, 6536, 18535, 7547, 15240, 707, 14533, 15064, 17012, 16805, 8637, 5969, 16221, 1940, 13307, 4717, 12615, 18220, 11028, 12170, 1743, 2376, 12415, 14220, 18827, 1294, 18543, 6977, 15309, 11778, 11842, 17103, 3857, 4637, 12162, 19169, 17166, 18237, 17818, 9507, 19022, 5790, 19112, 15611, 1118, 15184, 18703, 1817, 15530, 16579, 8437, 11839, 11378, 3537, 9205, 9217, 16272, 18759, 16828, 12002, 8348, 1723, 3481, 14115, 379, 8544, 264, 6015, 7672, 2253, 7364, 3706, 13796, 17139, 16125, 12059, 9623, 7185, 2418, 18230, 3087, 281, 4379, 1796, 8459, 4400, 17824, 2736, 16446, 13525, 15341, 3275, 7872, 1662, 7557, 4319, 15442, 7181, 10456, 4963, 17048, 16943, 12784, 3441, 5240, 9975, 13216, 17702, 11594, 13554, 6165, 19168, 16070, 3540, 3262, 10661, 4061, 13173, 2875, 17014, 4349, 10818, 8428, 16764, 14232, 8930, 15734, 17680, 7069, 15684, 17050, 18987, 6914, 6863, 19263, 10595, 150, 10039, 2722, 18223, 16444, 6559, 7258, 2661, 7699, 17136, 12773, 4247, 5723, 15194, 1696, 1500, 2807, 9893, 11835, 13240, 18313, 17107, 10265, 10244, 5570, 2862, 14049, 1012, 12861, 723, 9583, 17461, 10056, 1264, 8297, 3716, 14666, 15259, 13531, 543, 13723, 16810, 6700, 3516, 13766, 7186, 10692, 6321, 15484, 14547, 8744, 3703, 10383, 16829, 6366, 6846, 3906, 2021, 18133, 857, 279, 12232, 10212, 10541, 12325, 13475, 1225, 937, 6966, 10881, 16936, 18502, 1440, 11914, 3326, 5633, 14913, 4623, 10743, 12361, 17335, 1072, 5043, 14810, 15077, 3255, 17215, 6553, 17852, 4801, 6962, 3060, 9430, 8799, 13824, 188, 15175, 15163, 4733, 5011, 3536, 17635, 6532, 14071, 6112, 17158, 6597, 11272, 105, 19219, 5013, 12483, 201, 6848, 17033, 6367, 7859, 14702, 18844, 7053, 18694, 15670, 636, 10129, 6378, 5369, 7273, 16247, 9142, 15345, 16817, 14854, 2600, 15783, 889, 11833, 6612, 2068, 2427, 7062, 7918, 16181, 5464, 8339, 8950, 8453, 16423, 6064, 2380, 4268, 13929, 12974, 19141, 1299, 2484, 3883, 3273, 8772, 13256, 11239, 5766, 18098, 12705, 11004, 2695, 10048, 10960, 2766, 15661, 13258, 8015, 6032, 16397, 7749, 19039, 7634, 15076, 4234, 15114, 8475, 8091, 19220, 18004, 9704, 13918, 15569, 16443, 10015, 9943, 7817, 9349, 2588, 8249, 398, 5316, 15538, 18372, 13559, 2937, 2803, 16248, 6155, 630, 9911, 13190, 19157, 15788, 13248, 13148, 1320, 12074, 8471, 8798, 3213, 12418, 814, 2402, 12718, 12397, 10564, 9875, 10128, 6947, 9491, 17707, 3266, 19196, 14309, 18523, 19043, 17975, 18063, 11618, 15016, 14434, 7680, 1739, 18029, 11694, 1745, 9271, 5189, 9561, 11283, 14978, 10753, 16017, 12914, 978, 2828, 17257, 13135, 5061, 121, 6602, 16015, 19271, 12159, 1244, 8260, 13195, 15873, 12815, 14291, 14515, 118, 4892, 14985, 9551, 12654, 4739, 927, 12176, 9523, 11726, 18187, 5880, 2569, 3386, 13942, 3390, 15774, 129, 65, 12922, 8422, 12692, 16213, 11515, 2111, 8347, 10758, 14064, 4401, 17782, 15621, 6709, 14716, 4091, 13964, 8424, 4218, 7249, 11311, 11171, 18564, 14755, 7114, 14009, 14815, 294, 495, 7684, 6833, 4046, 3505, 16995, 17858, 7761, 15803, 9840, 13958, 8226, 10369, 12497, 17142, 1748, 2854, 7159, 11539, 11055, 13337, 17173, 14214, 6803, 11144, 12649, 283, 15489, 13174, 7015, 610, 7030, 18206, 14077, 15468, 14962, 8046, 7809, 17387, 16034, 16678, 1173, 3502, 12942, 15655, 16859, 7099, 1673, 446, 1365, 5881, 3713, 11697, 1897, 16001, 1702, 14149, 11876, 9341, 4325, 6923, 2001, 138, 3276, 18716, 17604, 10501, 115, 12800, 6111, 11148, 4549, 16057, 4707, 6843, 16091, 4295, 7519, 13708, 12409, 11018, 5052, 13566, 14715, 12755, 793, 10837, 1888, 12375, 3935, 5763, 11791, 11258, 13264, 11469, 4683, 8905, 1853, 11600, 4421, 2798, 5074, 18141, 13807, 8595, 8126, 13837, 8060, 6956, 11767, 14560, 9389, 15261, 1232, 12560, 7262, 11504, 3546, 4627, 1177, 517, 4008, 9219, 17696, 4148, 14124, 13243, 11235, 7561, 8331, 16320, 3591, 11341, 4015, 12028, 14929, 18601, 3528, 14065, 1510, 19191, 13833, 17616, 10869, 17689, 831, 16725, 6319, 15465, 10467, 8162, 13563, 7728, 10778, 13545, 12290, 16480, 14401, 12838, 4212, 17529, 4832, 15111, 12690, 10373, 7596, 18614, 17477, 1043, 13100, 4774, 17479, 3774, 9302, 3901, 13071, 6412, 9516, 1261, 3054, 13522, 17602, 14343, 18500, 10957, 2791, 9624, 3634, 17904, 5709, 14670, 11058, 7087, 7435, 13848, 82, 5565, 2562, 14029, 3583, 1676, 12709, 18473, 3158, 12787, 8068, 8263, 16146, 3593, 1802, 1861, 3348, 4487, 17749, 6105, 10471, 17472, 10200, 1182, 14180, 1076, 10156, 4839, 9903, 4879, 9720, 2157, 15344, 16067, 3064, 17182, 5368, 4987, 18484, 18923, 11896, 1052, 15727, 15289, 5885, 1933, 5251, 17072, 6038, 6195, 13524, 6606, 18506, 17536, 6784, 3231, 14121, 8925, 10030, 803, 13764, 146, 19268, 14099, 4130, 16372, 1537, 12248, 13718, 17187, 11728, 1740, 19233, 5600, 4092, 4779, 6028, 3395, 16152, 19150, 2417, 11980, 11237, 8427, 18127, 3538, 9257, 607, 2078, 18457, 5802, 3435, 15019, 4256, 9221, 13465, 11742, 5788, 9528, 17493, 4607, 3131, 6616, 5356, 1550, 4617, 8827, 849, 2601, 4437, 17861, 10261, 15704, 3890, 8149, 12063, 3086, 15925, 12301, 6847, 5603, 7768, 3187, 13372, 9258, 6584, 7594, 2603, 1835, 17380, 17193, 15251, 15937, 18731, 4082, 14911, 16626, 8824, 16208, 10167, 17711, 9678, 15852, 13620, 16479, 14586, 2446, 4866, 1315, 7746, 10615, 7927, 2443, 7157, 13506, 18410, 10494]",2409,1500,3,False,1500
4059,calendar query,general qu,27,True,False,True,"{21: 26, 33: 14, 2: 18, 29: 13, 25: 57, 43: 9, 57: 16, 49: 16, 61: 14, 67: 52, 65: 21, 50: 28, 15: 53, 6: 13, 46: 15, 27: 69, 7: 65, 48: 67, 19: 21, 31: 14, 63: 26, 22: 39, 9: 79, 26: 40, 47: 15, 53: 66, 11: 19, 51: 26, 54: 9, 13: 32, 17: 37, 52: 30, 39: 27, 38: 19, 1: 6, 59: 33, 56: 23, 32: 9, 8: 25, 4: 12, 20: 26, 24: 7, 18: 31, 42: 7, 28: 31, 45: 57, 0: 13, 66: 11, 62: 11, 35: 7, 64: 15, 37: 2, 40: 25, 3: 3, 14: 5, 12: 8, 16: 15, 55: 16, 30: 13, 58: 6, 36: 4, 60: 5, 5: 3, 41: 2, 44: 2, 34: 2}","[12686, 3384, 6034, 14374, 14516, 14680, 18580, 5912, 661, 4433, 14182, 14634, 14672, 13694, 17233, 12320, 12666, 7276, 14925, 15315, 1125, 14820, 3769, 14096, 12401, 14972, 14176, 4685, 4278, 5735, 7514, 16051, 15882, 4696, 17145, 19193, 12994, 9901, 13641, 15193, 6739, 9240, 1608, 14664, 18117, 5676, 15714, 5964, 5329, 16651, 15936, 14441, 15878, 18316, 14255, 18692, 5858, 4640, 10716, 13839, 16635, 2097, 11464, 12427, 2320, 14629, 7617, 16183, 16205, 2170, 4384, 6683, 5285, 18707, 6780, 4231, 2404, 4895, 18091, 2944, 13054, 3904, 3491, 9455, 15985, 10432, 8657, 15304, 9114, 5838, 5197, 17244, 6207, 3970, 17246, 3950, 6168, 8697, 6800, 9942, 11118, 8582, 6355, 15275, 4581, 12724, 11921, 1833, 523, 7619, 15729, 176, 8576, 3101, 1573, 1283, 11796, 11277, 2547, 1738, 6806, 15187, 7129, 5179, 5854, 16373, 9231, 6270, 777, 2062, 13249, 4144, 6325, 3924, 5350, 14414, 3142, 2249, 6444, 13582, 2833, 18030, 6483, 18404, 15057, 7482, 15001, 15872, 14584, 10835, 954, 7257, 1381, 17819, 17518, 6497, 14430, 4901, 16466, 10805, 132, 7506, 755, 14427, 12119, 16613, 19042, 14994, 11257, 8042, 2144, 5966, 1580, 8010, 2550, 10684, 14088, 5037, 8764, 17076, 14185, 15984, 5299, 16601, 19182, 13197, 14561, 12605, 17010, 2703, 6715, 11207, 10188, 212, 2293, 17676, 1720, 5934, 112, 8568, 15870, 3226, 4524, 4431, 5141, 5383, 7609, 12807, 19001, 14368, 6704, 14903, 4172, 117, 18698, 1699, 16558, 7518, 10618, 2110, 10308, 7828, 6623, 17644, 4449, 951, 13858, 15106, 8402, 916, 4771, 8608, 6448, 6656, 13547, 2814, 8336, 8093, 6398, 637, 9909, 10621, 786, 14146, 17292, 9457, 3, 2884, 14785, 10504, 16361, 8181, 17690, 654, 11067, 18741, 386, 18208, 10130, 8079, 7082, 14740, 8076, 18619, 14428, 10992, 12679, 9431, 18328, 13606, 7641, 13542, 1002, 11975, 15646, 19078, 1352, 8683, 16053, 11763, 14823, 7059, 4995, 3754, 6213, 10090, 19084, 1973, 8131, 5353, 836, 13960, 3217, 4885, 9645, 16941, 14750, 13171, 9132, 1355, 4440, 15747, 8233, 6008, 12781, 16749, 13905, 18198, 5033, 2910, 16502, 1233, 965, 16926, 3944, 13518, 18213, 12739, 9972, 14609, 5764, 6128, 9532, 12680, 3672, 5458, 6822, 11547, 3163, 8040, 14081, 8369, 18182, 17541, 11552, 12451, 15074, 1783, 17730, 1690, 16992, 2490, 2459, 18065, 320, 18311, 45, 9495, 4572, 544, 12731, 16811, 15096, 14957, 4594, 16607, 2449, 7791, 13659, 8892, 1713, 17336, 6598, 13832, 10495, 18937, 3067, 3473, 12715, 13492, 14787, 16503, 17899, 16638, 2408, 7141, 10590, 2917, 14650, 12571, 4321, 2855, 1829, 3736, 3381, 11069, 16093, 15201, 14311, 9836, 18289, 16899, 897, 13981, 12223, 8884, 15721, 7778, 13648, 5737, 6550, 19249, 2715, 447, 12941, 8915, 18963, 16291, 760, 5869, 3635, 3439, 6740, 5003, 3174, 2945, 16056, 4860, 11216, 7363, 1147, 12124, 9764, 11245, 4361, 7784, 16285, 17057, 11203, 5114, 17655, 12056, 17890, 7741, 15799, 10258, 16088, 19222, 15303, 1433, 5991, 322, 2322, 3156, 9940, 7814, 17068, 16968, 10018, 1991, 11946, 8705, 10371, 4619, 11074, 2034, 15550, 11743, 18666, 13494, 14175, 13948, 15123, 11154, 10397, 1701, 4770, 839, 12085, 16500, 16241, 1535, 18782, 2221, 539, 18405, 4245, 103, 1571, 16945, 12196, 9441, 1732, 1367, 3596, 4794, 7230, 5245, 17483, 2955, 2003, 11509, 4044, 12934, 3456, 16693, 593, 4582, 14076, 10972, 1965, 7227, 14324, 8658, 3772, 8355, 11889, 1908, 2684, 10026, 1666, 16507, 5589, 9295, 8389, 2099, 18653, 13808, 19147, 6675, 10970, 2788, 19028, 16983, 16166, 9845, 8160, 11381, 10088, 10333, 11716, 14695, 12697, 4365, 3747, 17296, 11904, 74, 7047, 10639, 13094, 940, 10478, 2032, 6642, 14896, 10840, 5430, 5556, 12597, 2183, 18403, 4252, 14613, 18283, 8790, 12140, 13540, 13353, 14114, 13297, 4056, 14038, 11299, 13770, 11433, 14285, 1526, 1955, 15711, 255, 12481, 612, 1635, 4886, 357, 11434, 9524, 13106, 2607, 5391, 9406, 2331, 624, 2749, 17849, 9829, 11436, 18426, 9481, 18550, 15647, 532, 11720, 11824, 15610, 15741, 7902, 13558, 17967, 14539, 17889, 4631, 1238, 16921, 7787, 15293, 3108, 8215, 2851, 4514, 12938, 16730, 17178, 4890, 17960, 4725, 7917, 3191, 8231, 16341, 8195, 10913, 2173, 5557, 2637, 16896, 5806, 1815, 1451, 8864, 2290, 12108, 5328, 6203, 2431, 7508, 17898, 17188, 6897, 1199, 15526, 18437, 6631, 8644, 16917, 14964, 14233, 2454, 584, 4830, 7199, 4180, 14889, 5761, 13756, 6917, 7756, 18880, 15095, 1816, 14070, 16252, 7429, 16589, 1631, 15968, 15221, 12478, 18594, 1477, 5637, 12058, 1205, 13397, 9107, 18654, 1968, 3759, 13147, 14144, 14973, 12452, 18020, 13592, 17920, 13687, 11335, 7207, 418, 7834, 778, 12982, 10688, 9031, 509, 9601, 9780, 17040, 12023, 3916, 91, 6536, 18535, 7547, 15240, 707, 14533, 15064, 17012, 16805, 8637, 5969, 16221, 1940, 13307, 4717, 12615, 18220, 11028, 12170, 1743, 2376, 12415, 14220, 18827, 1294, 18543, 6977, 15309, 11778, 11842, 17103, 3857, 4637, 12162, 19169, 17166, 18237, 17818, 9507, 19022, 5790, 19112, 15611, 1118, 15184, 18703, 1817, 15530, 16579, 8437, 11839, 11378, 3537, 9205, 9217, 16272, 18759, 16828, 12002, 8348, 1723, 3481, 14115, 379, 8544, 264, 6015, 7672, 2253, 7364, 3706, 13796, 17139, 16125, 12059, 9623, 7185, 2418, 18230, 3087, 281, 4379, 1796, 8459, 4400, 17824, 2736, 16446, 13525, 15341, 3275, 7872, 1662, 7557, 4319, 15442, 7181, 10456, 4963, 17048, 16943, 12784, 3441, 5240, 9975, 13216, 17702, 11594, 13554, 6165, 19168, 16070, 3540, 3262, 10661, 4061, 13173, 2875, 17014, 4349, 10818, 8428, 16764, 14232, 8930, 15734, 17680, 7069, 15684, 17050, 18987, 6914, 6863, 19263, 10595, 150, 10039, 2722, 18223, 16444, 6559, 7258, 2661, 7699, 17136, 12773, 4247, 5723, 15194, 1696, 1500, 2807, 9893, 11835, 13240, 18313, 17107, 10265, 10244, 5570, 2862, 14049, 1012, 12861, 723, 9583, 17461, 10056, 1264, 8297, 3716, 14666, 15259, 13531, 543, 13723, 16810, 6700, 3516, 13766, 7186, 10692, 6321, 15484, 14547, 8744, 3703, 10383, 16829, 6366, 6846, 3906, 2021, 18133, 857, 279, 12232, 10212, 10541, 12325, 13475, 1225, 937, 6966, 10881, 16936, 18502, 1440, 11914, 3326, 5633, 14913, 4623, 10743, 12361, 17335, 1072, 5043, 14810, 15077, 3255, 17215, 6553, 17852, 4801, 6962, 3060, 9430, 8799, 13824, 188, 15175, 15163, 4733, 5011, 3536, 17635, 6532, 14071, 6112, 17158, 6597, 11272, 105, 19219, 5013, 12483, 201, 6848, 17033, 6367, 7859, 14702, 18844, 7053, 18694, 15670, 636, 10129, 6378, 5369, 7273, 16247, 9142, 15345, 16817, 14854, 2600, 15783, 889, 11833, 6612, 2068, 2427, 7062, 7918, 16181, 5464, 8339, 8950, 8453, 16423, 6064, 2380, 4268, 13929, 12974, 19141, 1299, 2484, 3883, 3273, 8772, 13256, 11239, 5766, 18098, 12705, 11004, 2695, 10048, 10960, 2766, 15661, 13258, 8015, 6032, 16397, 7749, 19039, 7634, 15076, 4234, 15114, 8475, 8091, 19220, 18004, 9704, 13918, 15569, 16443, 10015, 9943, 7817, 9349, 2588, 8249, 398, 5316, 15538, 18372, 13559, 2937, 2803, 16248, 6155, 630, 9911, 13190, 19157, 15788, 13248, 13148, 1320, 12074, 8471, 8798, 3213, 12418, 814, 2402, 12718, 12397, 10564, 9875, 10128, 6947, 9491, 17707, 3266, 19196, 14309, 18523, 19043, 17975, 18063, 11618, 15016, 14434, 7680, 1739, 18029, 11694, 1745, 9271, 5189, 9561, 11283, 14978, 10753, 16017, 12914, 978, 2828, 17257, 13135, 5061, 121, 6602, 16015, 19271, 12159, 1244, 8260, 13195, 15873, 12815, 14291, 14515, 118, 4892, 14985, 9551, 12654, 4739, 927, 12176, 9523, 11726, 18187, 5880, 2569, 3386, 13942, 3390, 15774, 129, 65, 12922, 8422, 12692, 16213, 11515, 2111, 8347, 10758, 14064, 4401, 17782, 15621, 6709, 14716, 4091, 13964, 8424, 4218, 7249, 11311, 11171, 18564, 14755, 7114, 14009, 14815, 294, 495, 7684, 6833, 4046, 3505, 16995, 17858, 7761, 15803, 9840, 13958, 8226, 10369, 12497, 17142, 1748, 2854, 7159, 11539, 11055, 13337, 17173, 14214, 6803, 11144, 12649, 283, 15489, 13174, 7015, 610, 7030, 18206, 14077, 15468, 14962, 8046, 7809, 17387, 16034, 16678, 1173, 3502, 12942, 15655, 16859, 7099, 1673, 446, 1365, 5881, 3713, 11697, 1897, 16001, 1702, 14149, 11876, 9341, 4325, 6923, 2001, 138, 3276, 18716, 17604, 10501, 115, 12800, 6111, 11148, 4549, 16057, 4707, 6843, 16091, 4295, 7519, 13708, 12409, 11018, 5052, 13566, 14715, 12755, 793, 10837, 1888, 12375, 3935, 5763, 11791, 11258, 13264, 11469, 4683, 8905, 1853, 11600, 4421, 2798, 5074, 18141, 13807, 8595, 8126, 13837, 8060, 6956, 11767, 14560, 9389, 15261, 1232, 12560, 7262, 11504, 3546, 4627, 1177, 517, 4008, 9219, 17696, 4148, 14124, 13243, 11235, 7561, 8331, 16320, 3591, 11341, 4015, 12028, 14929, 18601, 3528, 14065, 1510, 19191, 13833, 17616, 10869, 17689, 831, 16725, 6319, 15465, 10467, 8162, 13563, 7728, 10778, 13545, 12290, 16480, 14401, 12838, 4212, 17529, 4832, 15111, 12690, 10373, 7596, 18614, 17477, 1043, 13100, 4774, 17479, 3774, 9302, 3901, 13071, 6412, 9516, 1261, 3054, 13522, 17602, 14343, 18500, 10957, 2791, 9624, 3634, 17904, 5709, 14670, 11058, 7087, 7435, 13848, 82, 5565, 2562, 14029, 3583, 1676, 12709, 18473, 3158, 12787, 8068, 8263, 16146, 3593, 1802, 1861, 3348, 4487, 17749, 6105, 10471, 17472, 10200, 1182, 14180, 1076, 10156, 4839, 9903, 4879, 9720, 2157, 15344, 16067, 3064, 17182, 5368, 4987, 18484, 18923, 11896, 1052, 15727, 15289, 5885, 1933, 5251, 17072, 6038, 6195, 13524, 6606, 18506, 17536, 6784, 3231, 14121, 8925, 10030, 803, 13764, 146, 19268, 14099, 4130, 16372, 1537, 12248, 13718, 17187, 11728, 1740, 19233, 5600, 4092, 4779, 6028, 3395, 16152, 19150, 2417, 11980, 11237, 8427, 18127, 3538, 9257, 607, 2078, 18457, 5802, 3435, 15019, 4256, 9221, 13465, 11742, 5788, 9528, 17493, 4607, 3131, 6616, 5356, 1550, 4617, 8827, 849, 2601, 4437, 17861, 10261, 15704, 3890, 8149, 12063, 3086, 15925, 12301, 6847, 5603, 7768, 3187, 13372, 9258, 6584, 7594, 2603, 1835, 17380, 17193, 15251, 15937, 18731, 4082, 14911, 16626, 8824, 16208, 10167, 17711, 9678, 15852, 13620, 16479, 14586, 2446, 4866, 1315, 7746, 10615, 7927, 2443, 7157, 13506, 18410, 10494]",4059,1500,3,False,1500
3695,weather query,weather,67,True,True,False,"{21: 26, 33: 14, 2: 18, 29: 13, 25: 57, 43: 9, 57: 16, 49: 16, 61: 14, 67: 52, 65: 21, 50: 28, 15: 53, 6: 13, 46: 15, 27: 69, 7: 65, 48: 67, 19: 21, 31: 14, 63: 26, 22: 39, 9: 79, 26: 40, 47: 15, 53: 66, 11: 19, 51: 26, 54: 9, 13: 32, 17: 37, 52: 30, 39: 27, 38: 19, 1: 6, 59: 33, 56: 23, 32: 9, 8: 25, 4: 12, 20: 26, 24: 7, 18: 31, 42: 7, 28: 31, 45: 57, 0: 13, 66: 11, 62: 11, 35: 7, 64: 15, 37: 2, 40: 25, 3: 3, 14: 5, 12: 8, 16: 15, 55: 16, 30: 13, 58: 6, 36: 4, 60: 5, 5: 3, 41: 2, 44: 2, 34: 2}","[12686, 3384, 6034, 14374, 14516, 14680, 18580, 5912, 661, 4433, 14182, 14634, 14672, 13694, 17233, 12320, 12666, 7276, 14925, 15315, 1125, 14820, 3769, 14096, 12401, 14972, 14176, 4685, 4278, 5735, 7514, 16051, 15882, 4696, 17145, 19193, 12994, 9901, 13641, 15193, 6739, 9240, 1608, 14664, 18117, 5676, 15714, 5964, 5329, 16651, 15936, 14441, 15878, 18316, 14255, 18692, 5858, 4640, 10716, 13839, 16635, 2097, 11464, 12427, 2320, 14629, 7617, 16183, 16205, 2170, 4384, 6683, 5285, 18707, 6780, 4231, 2404, 4895, 18091, 2944, 13054, 3904, 3491, 9455, 15985, 10432, 8657, 15304, 9114, 5838, 5197, 17244, 6207, 3970, 17246, 3950, 6168, 8697, 6800, 9942, 11118, 8582, 6355, 15275, 4581, 12724, 11921, 1833, 523, 7619, 15729, 176, 8576, 3101, 1573, 1283, 11796, 11277, 2547, 1738, 6806, 15187, 7129, 5179, 5854, 16373, 9231, 6270, 777, 2062, 13249, 4144, 6325, 3924, 5350, 14414, 3142, 2249, 6444, 13582, 2833, 18030, 6483, 18404, 15057, 7482, 15001, 15872, 14584, 10835, 954, 7257, 1381, 17819, 17518, 6497, 14430, 4901, 16466, 10805, 132, 7506, 755, 14427, 12119, 16613, 19042, 14994, 11257, 8042, 2144, 5966, 1580, 8010, 2550, 10684, 14088, 5037, 8764, 17076, 14185, 15984, 5299, 16601, 19182, 13197, 14561, 12605, 17010, 2703, 6715, 11207, 10188, 212, 2293, 17676, 1720, 5934, 112, 8568, 15870, 3226, 4524, 4431, 5141, 5383, 7609, 12807, 19001, 14368, 6704, 14903, 4172, 117, 18698, 1699, 16558, 7518, 10618, 2110, 10308, 7828, 6623, 17644, 4449, 951, 13858, 15106, 8402, 916, 4771, 8608, 6448, 6656, 13547, 2814, 8336, 8093, 6398, 637, 9909, 10621, 786, 14146, 17292, 9457, 3, 2884, 14785, 10504, 16361, 8181, 17690, 654, 11067, 18741, 386, 18208, 10130, 8079, 7082, 14740, 8076, 18619, 14428, 10992, 12679, 9431, 18328, 13606, 7641, 13542, 1002, 11975, 15646, 19078, 1352, 8683, 16053, 11763, 14823, 7059, 4995, 3754, 6213, 10090, 19084, 1973, 8131, 5353, 836, 13960, 3217, 4885, 9645, 16941, 14750, 13171, 9132, 1355, 4440, 15747, 8233, 6008, 12781, 16749, 13905, 18198, 5033, 2910, 16502, 1233, 965, 16926, 3944, 13518, 18213, 12739, 9972, 14609, 5764, 6128, 9532, 12680, 3672, 5458, 6822, 11547, 3163, 8040, 14081, 8369, 18182, 17541, 11552, 12451, 15074, 1783, 17730, 1690, 16992, 2490, 2459, 18065, 320, 18311, 45, 9495, 4572, 544, 12731, 16811, 15096, 14957, 4594, 16607, 2449, 7791, 13659, 8892, 1713, 17336, 6598, 13832, 10495, 18937, 3067, 3473, 12715, 13492, 14787, 16503, 17899, 16638, 2408, 7141, 10590, 2917, 14650, 12571, 4321, 2855, 1829, 3736, 3381, 11069, 16093, 15201, 14311, 9836, 18289, 16899, 897, 13981, 12223, 8884, 15721, 7778, 13648, 5737, 6550, 19249, 2715, 447, 12941, 8915, 18963, 16291, 760, 5869, 3635, 3439, 6740, 5003, 3174, 2945, 16056, 4860, 11216, 7363, 1147, 12124, 9764, 11245, 4361, 7784, 16285, 17057, 11203, 5114, 17655, 12056, 17890, 7741, 15799, 10258, 16088, 19222, 15303, 1433, 5991, 322, 2322, 3156, 9940, 7814, 17068, 16968, 10018, 1991, 11946, 8705, 10371, 4619, 11074, 2034, 15550, 11743, 18666, 13494, 14175, 13948, 15123, 11154, 10397, 1701, 4770, 839, 12085, 16500, 16241, 1535, 18782, 2221, 539, 18405, 4245, 103, 1571, 16945, 12196, 9441, 1732, 1367, 3596, 4794, 7230, 5245, 17483, 2955, 2003, 11509, 4044, 12934, 3456, 16693, 593, 4582, 14076, 10972, 1965, 7227, 14324, 8658, 3772, 8355, 11889, 1908, 2684, 10026, 1666, 16507, 5589, 9295, 8389, 2099, 18653, 13808, 19147, 6675, 10970, 2788, 19028, 16983, 16166, 9845, 8160, 11381, 10088, 10333, 11716, 14695, 12697, 4365, 3747, 17296, 11904, 74, 7047, 10639, 13094, 940, 10478, 2032, 6642, 14896, 10840, 5430, 5556, 12597, 2183, 18403, 4252, 14613, 18283, 8790, 12140, 13540, 13353, 14114, 13297, 4056, 14038, 11299, 13770, 11433, 14285, 1526, 1955, 15711, 255, 12481, 612, 1635, 4886, 357, 11434, 9524, 13106, 2607, 5391, 9406, 2331, 624, 2749, 17849, 9829, 11436, 18426, 9481, 18550, 15647, 532, 11720, 11824, 15610, 15741, 7902, 13558, 17967, 14539, 17889, 4631, 1238, 16921, 7787, 15293, 3108, 8215, 2851, 4514, 12938, 16730, 17178, 4890, 17960, 4725, 7917, 3191, 8231, 16341, 8195, 10913, 2173, 5557, 2637, 16896, 5806, 1815, 1451, 8864, 2290, 12108, 5328, 6203, 2431, 7508, 17898, 17188, 6897, 1199, 15526, 18437, 6631, 8644, 16917, 14964, 14233, 2454, 584, 4830, 7199, 4180, 14889, 5761, 13756, 6917, 7756, 18880, 15095, 1816, 14070, 16252, 7429, 16589, 1631, 15968, 15221, 12478, 18594, 1477, 5637, 12058, 1205, 13397, 9107, 18654, 1968, 3759, 13147, 14144, 14973, 12452, 18020, 13592, 17920, 13687, 11335, 7207, 418, 7834, 778, 12982, 10688, 9031, 509, 9601, 9780, 17040, 12023, 3916, 91, 6536, 18535, 7547, 15240, 707, 14533, 15064, 17012, 16805, 8637, 5969, 16221, 1940, 13307, 4717, 12615, 18220, 11028, 12170, 1743, 2376, 12415, 14220, 18827, 1294, 18543, 6977, 15309, 11778, 11842, 17103, 3857, 4637, 12162, 19169, 17166, 18237, 17818, 9507, 19022, 5790, 19112, 15611, 1118, 15184, 18703, 1817, 15530, 16579, 8437, 11839, 11378, 3537, 9205, 9217, 16272, 18759, 16828, 12002, 8348, 1723, 3481, 14115, 379, 8544, 264, 6015, 7672, 2253, 7364, 3706, 13796, 17139, 16125, 12059, 9623, 7185, 2418, 18230, 3087, 281, 4379, 1796, 8459, 4400, 17824, 2736, 16446, 13525, 15341, 3275, 7872, 1662, 7557, 4319, 15442, 7181, 10456, 4963, 17048, 16943, 12784, 3441, 5240, 9975, 13216, 17702, 11594, 13554, 6165, 19168, 16070, 3540, 3262, 10661, 4061, 13173, 2875, 17014, 4349, 10818, 8428, 16764, 14232, 8930, 15734, 17680, 7069, 15684, 17050, 18987, 6914, 6863, 19263, 10595, 150, 10039, 2722, 18223, 16444, 6559, 7258, 2661, 7699, 17136, 12773, 4247, 5723, 15194, 1696, 1500, 2807, 9893, 11835, 13240, 18313, 17107, 10265, 10244, 5570, 2862, 14049, 1012, 12861, 723, 9583, 17461, 10056, 1264, 8297, 3716, 14666, 15259, 13531, 543, 13723, 16810, 6700, 3516, 13766, 7186, 10692, 6321, 15484, 14547, 8744, 3703, 10383, 16829, 6366, 6846, 3906, 2021, 18133, 857, 279, 12232, 10212, 10541, 12325, 13475, 1225, 937, 6966, 10881, 16936, 18502, 1440, 11914, 3326, 5633, 14913, 4623, 10743, 12361, 17335, 1072, 5043, 14810, 15077, 3255, 17215, 6553, 17852, 4801, 6962, 3060, 9430, 8799, 13824, 188, 15175, 15163, 4733, 5011, 3536, 17635, 6532, 14071, 6112, 17158, 6597, 11272, 105, 19219, 5013, 12483, 201, 6848, 17033, 6367, 7859, 14702, 18844, 7053, 18694, 15670, 636, 10129, 6378, 5369, 7273, 16247, 9142, 15345, 16817, 14854, 2600, 15783, 889, 11833, 6612, 2068, 2427, 7062, 7918, 16181, 5464, 8339, 8950, 8453, 16423, 6064, 2380, 4268, 13929, 12974, 19141, 1299, 2484, 3883, 3273, 8772, 13256, 11239, 5766, 18098, 12705, 11004, 2695, 10048, 10960, 2766, 15661, 13258, 8015, 6032, 16397, 7749, 19039, 7634, 15076, 4234, 15114, 8475, 8091, 19220, 18004, 9704, 13918, 15569, 16443, 10015, 9943, 7817, 9349, 2588, 8249, 398, 5316, 15538, 18372, 13559, 2937, 2803, 16248, 6155, 630, 9911, 13190, 19157, 15788, 13248, 13148, 1320, 12074, 8471, 8798, 3213, 12418, 814, 2402, 12718, 12397, 10564, 9875, 10128, 6947, 9491, 17707, 3266, 19196, 14309, 18523, 19043, 17975, 18063, 11618, 15016, 14434, 7680, 1739, 18029, 11694, 1745, 9271, 5189, 9561, 11283, 14978, 10753, 16017, 12914, 978, 2828, 17257, 13135, 5061, 121, 6602, 16015, 19271, 12159, 1244, 8260, 13195, 15873, 12815, 14291, 14515, 118, 4892, 14985, 9551, 12654, 4739, 927, 12176, 9523, 11726, 18187, 5880, 2569, 3386, 13942, 3390, 15774, 129, 65, 12922, 8422, 12692, 16213, 11515, 2111, 8347, 10758, 14064, 4401, 17782, 15621, 6709, 14716, 4091, 13964, 8424, 4218, 7249, 11311, 11171, 18564, 14755, 7114, 14009, 14815, 294, 495, 7684, 6833, 4046, 3505, 16995, 17858, 7761, 15803, 9840, 13958, 8226, 10369, 12497, 17142, 1748, 2854, 7159, 11539, 11055, 13337, 17173, 14214, 6803, 11144, 12649, 283, 15489, 13174, 7015, 610, 7030, 18206, 14077, 15468, 14962, 8046, 7809, 17387, 16034, 16678, 1173, 3502, 12942, 15655, 16859, 7099, 1673, 446, 1365, 5881, 3713, 11697, 1897, 16001, 1702, 14149, 11876, 9341, 4325, 6923, 2001, 138, 3276, 18716, 17604, 10501, 115, 12800, 6111, 11148, 4549, 16057, 4707, 6843, 16091, 4295, 7519, 13708, 12409, 11018, 5052, 13566, 14715, 12755, 793, 10837, 1888, 12375, 3935, 5763, 11791, 11258, 13264, 11469, 4683, 8905, 1853, 11600, 4421, 2798, 5074, 18141, 13807, 8595, 8126, 13837, 8060, 6956, 11767, 14560, 9389, 15261, 1232, 12560, 7262, 11504, 3546, 4627, 1177, 517, 4008, 9219, 17696, 4148, 14124, 13243, 11235, 7561, 8331, 16320, 3591, 11341, 4015, 12028, 14929, 18601, 3528, 14065, 1510, 19191, 13833, 17616, 10869, 17689, 831, 16725, 6319, 15465, 10467, 8162, 13563, 7728, 10778, 13545, 12290, 16480, 14401, 12838, 4212, 17529, 4832, 15111, 12690, 10373, 7596, 18614, 17477, 1043, 13100, 4774, 17479, 3774, 9302, 3901, 13071, 6412, 9516, 1261, 3054, 13522, 17602, 14343, 18500, 10957, 2791, 9624, 3634, 17904, 5709, 14670, 11058, 7087, 7435, 13848, 82, 5565, 2562, 14029, 3583, 1676, 12709, 18473, 3158, 12787, 8068, 8263, 16146, 3593, 1802, 1861, 3348, 4487, 17749, 6105, 10471, 17472, 10200, 1182, 14180, 1076, 10156, 4839, 9903, 4879, 9720, 2157, 15344, 16067, 3064, 17182, 5368, 4987, 18484, 18923, 11896, 1052, 15727, 15289, 5885, 1933, 5251, 17072, 6038, 6195, 13524, 6606, 18506, 17536, 6784, 3231, 14121, 8925, 10030, 803, 13764, 146, 19268, 14099, 4130, 16372, 1537, 12248, 13718, 17187, 11728, 1740, 19233, 5600, 4092, 4779, 6028, 3395, 16152, 19150, 2417, 11980, 11237, 8427, 18127, 3538, 9257, 607, 2078, 18457, 5802, 3435, 15019, 4256, 9221, 13465, 11742, 5788, 9528, 17493, 4607, 3131, 6616, 5356, 1550, 4617, 8827, 849, 2601, 4437, 17861, 10261, 15704, 3890, 8149, 12063, 3086, 15925, 12301, 6847, 5603, 7768, 3187, 13372, 9258, 6584, 7594, 2603, 1835, 17380, 17193, 15251, 15937, 18731, 4082, 14911, 16626, 8824, 16208, 10167, 17711, 9678, 15852, 13620, 16479, 14586, 2446, 4866, 1315, 7746, 10615, 7927, 2443, 7157, 13506, 18410, 10494]",3695,1500,3,False,1500
6125,general explain,general explain,22,True,True,True,"{21: 26, 33: 14, 2: 18, 29: 13, 25: 57, 43: 9, 57: 16, 49: 16, 61: 14, 67: 52, 65: 21, 50: 28, 15: 53, 6: 13, 46: 15, 27: 69, 7: 65, 48: 67, 19: 21, 31: 14, 63: 26, 22: 39, 9: 79, 26: 40, 47: 15, 53: 66, 11: 19, 51: 26, 54: 9, 13: 32, 17: 37, 52: 30, 39: 27, 38: 19, 1: 6, 59: 33, 56: 23, 32: 9, 8: 25, 4: 12, 20: 26, 24: 7, 18: 31, 42: 7, 28: 31, 45: 57, 0: 13, 66: 11, 62: 11, 35: 7, 64: 15, 37: 2, 40: 25, 3: 3, 14: 5, 12: 8, 16: 15, 55: 16, 30: 13, 58: 6, 36: 4, 60: 5, 5: 3, 41: 2, 44: 2, 34: 2}","[12686, 3384, 6034, 14374, 14516, 14680, 18580, 5912, 661, 4433, 14182, 14634, 14672, 13694, 17233, 12320, 12666, 7276, 14925, 15315, 1125, 14820, 3769, 14096, 12401, 14972, 14176, 4685, 4278, 5735, 7514, 16051, 15882, 4696, 17145, 19193, 12994, 9901, 13641, 15193, 6739, 9240, 1608, 14664, 18117, 5676, 15714, 5964, 5329, 16651, 15936, 14441, 15878, 18316, 14255, 18692, 5858, 4640, 10716, 13839, 16635, 2097, 11464, 12427, 2320, 14629, 7617, 16183, 16205, 2170, 4384, 6683, 5285, 18707, 6780, 4231, 2404, 4895, 18091, 2944, 13054, 3904, 3491, 9455, 15985, 10432, 8657, 15304, 9114, 5838, 5197, 17244, 6207, 3970, 17246, 3950, 6168, 8697, 6800, 9942, 11118, 8582, 6355, 15275, 4581, 12724, 11921, 1833, 523, 7619, 15729, 176, 8576, 3101, 1573, 1283, 11796, 11277, 2547, 1738, 6806, 15187, 7129, 5179, 5854, 16373, 9231, 6270, 777, 2062, 13249, 4144, 6325, 3924, 5350, 14414, 3142, 2249, 6444, 13582, 2833, 18030, 6483, 18404, 15057, 7482, 15001, 15872, 14584, 10835, 954, 7257, 1381, 17819, 17518, 6497, 14430, 4901, 16466, 10805, 132, 7506, 755, 14427, 12119, 16613, 19042, 14994, 11257, 8042, 2144, 5966, 1580, 8010, 2550, 10684, 14088, 5037, 8764, 17076, 14185, 15984, 5299, 16601, 19182, 13197, 14561, 12605, 17010, 2703, 6715, 11207, 10188, 212, 2293, 17676, 1720, 5934, 112, 8568, 15870, 3226, 4524, 4431, 5141, 5383, 7609, 12807, 19001, 14368, 6704, 14903, 4172, 117, 18698, 1699, 16558, 7518, 10618, 2110, 10308, 7828, 6623, 17644, 4449, 951, 13858, 15106, 8402, 916, 4771, 8608, 6448, 6656, 13547, 2814, 8336, 8093, 6398, 637, 9909, 10621, 786, 14146, 17292, 9457, 3, 2884, 14785, 10504, 16361, 8181, 17690, 654, 11067, 18741, 386, 18208, 10130, 8079, 7082, 14740, 8076, 18619, 14428, 10992, 12679, 9431, 18328, 13606, 7641, 13542, 1002, 11975, 15646, 19078, 1352, 8683, 16053, 11763, 14823, 7059, 4995, 3754, 6213, 10090, 19084, 1973, 8131, 5353, 836, 13960, 3217, 4885, 9645, 16941, 14750, 13171, 9132, 1355, 4440, 15747, 8233, 6008, 12781, 16749, 13905, 18198, 5033, 2910, 16502, 1233, 965, 16926, 3944, 13518, 18213, 12739, 9972, 14609, 5764, 6128, 9532, 12680, 3672, 5458, 6822, 11547, 3163, 8040, 14081, 8369, 18182, 17541, 11552, 12451, 15074, 1783, 17730, 1690, 16992, 2490, 2459, 18065, 320, 18311, 45, 9495, 4572, 544, 12731, 16811, 15096, 14957, 4594, 16607, 2449, 7791, 13659, 8892, 1713, 17336, 6598, 13832, 10495, 18937, 3067, 3473, 12715, 13492, 14787, 16503, 17899, 16638, 2408, 7141, 10590, 2917, 14650, 12571, 4321, 2855, 1829, 3736, 3381, 11069, 16093, 15201, 14311, 9836, 18289, 16899, 897, 13981, 12223, 8884, 15721, 7778, 13648, 5737, 6550, 19249, 2715, 447, 12941, 8915, 18963, 16291, 760, 5869, 3635, 3439, 6740, 5003, 3174, 2945, 16056, 4860, 11216, 7363, 1147, 12124, 9764, 11245, 4361, 7784, 16285, 17057, 11203, 5114, 17655, 12056, 17890, 7741, 15799, 10258, 16088, 19222, 15303, 1433, 5991, 322, 2322, 3156, 9940, 7814, 17068, 16968, 10018, 1991, 11946, 8705, 10371, 4619, 11074, 2034, 15550, 11743, 18666, 13494, 14175, 13948, 15123, 11154, 10397, 1701, 4770, 839, 12085, 16500, 16241, 1535, 18782, 2221, 539, 18405, 4245, 103, 1571, 16945, 12196, 9441, 1732, 1367, 3596, 4794, 7230, 5245, 17483, 2955, 2003, 11509, 4044, 12934, 3456, 16693, 593, 4582, 14076, 10972, 1965, 7227, 14324, 8658, 3772, 8355, 11889, 1908, 2684, 10026, 1666, 16507, 5589, 9295, 8389, 2099, 18653, 13808, 19147, 6675, 10970, 2788, 19028, 16983, 16166, 9845, 8160, 11381, 10088, 10333, 11716, 14695, 12697, 4365, 3747, 17296, 11904, 74, 7047, 10639, 13094, 940, 10478, 2032, 6642, 14896, 10840, 5430, 5556, 12597, 2183, 18403, 4252, 14613, 18283, 8790, 12140, 13540, 13353, 14114, 13297, 4056, 14038, 11299, 13770, 11433, 14285, 1526, 1955, 15711, 255, 12481, 612, 1635, 4886, 357, 11434, 9524, 13106, 2607, 5391, 9406, 2331, 624, 2749, 17849, 9829, 11436, 18426, 9481, 18550, 15647, 532, 11720, 11824, 15610, 15741, 7902, 13558, 17967, 14539, 17889, 4631, 1238, 16921, 7787, 15293, 3108, 8215, 2851, 4514, 12938, 16730, 17178, 4890, 17960, 4725, 7917, 3191, 8231, 16341, 8195, 10913, 2173, 5557, 2637, 16896, 5806, 1815, 1451, 8864, 2290, 12108, 5328, 6203, 2431, 7508, 17898, 17188, 6897, 1199, 15526, 18437, 6631, 8644, 16917, 14964, 14233, 2454, 584, 4830, 7199, 4180, 14889, 5761, 13756, 6917, 7756, 18880, 15095, 1816, 14070, 16252, 7429, 16589, 1631, 15968, 15221, 12478, 18594, 1477, 5637, 12058, 1205, 13397, 9107, 18654, 1968, 3759, 13147, 14144, 14973, 12452, 18020, 13592, 17920, 13687, 11335, 7207, 418, 7834, 778, 12982, 10688, 9031, 509, 9601, 9780, 17040, 12023, 3916, 91, 6536, 18535, 7547, 15240, 707, 14533, 15064, 17012, 16805, 8637, 5969, 16221, 1940, 13307, 4717, 12615, 18220, 11028, 12170, 1743, 2376, 12415, 14220, 18827, 1294, 18543, 6977, 15309, 11778, 11842, 17103, 3857, 4637, 12162, 19169, 17166, 18237, 17818, 9507, 19022, 5790, 19112, 15611, 1118, 15184, 18703, 1817, 15530, 16579, 8437, 11839, 11378, 3537, 9205, 9217, 16272, 18759, 16828, 12002, 8348, 1723, 3481, 14115, 379, 8544, 264, 6015, 7672, 2253, 7364, 3706, 13796, 17139, 16125, 12059, 9623, 7185, 2418, 18230, 3087, 281, 4379, 1796, 8459, 4400, 17824, 2736, 16446, 13525, 15341, 3275, 7872, 1662, 7557, 4319, 15442, 7181, 10456, 4963, 17048, 16943, 12784, 3441, 5240, 9975, 13216, 17702, 11594, 13554, 6165, 19168, 16070, 3540, 3262, 10661, 4061, 13173, 2875, 17014, 4349, 10818, 8428, 16764, 14232, 8930, 15734, 17680, 7069, 15684, 17050, 18987, 6914, 6863, 19263, 10595, 150, 10039, 2722, 18223, 16444, 6559, 7258, 2661, 7699, 17136, 12773, 4247, 5723, 15194, 1696, 1500, 2807, 9893, 11835, 13240, 18313, 17107, 10265, 10244, 5570, 2862, 14049, 1012, 12861, 723, 9583, 17461, 10056, 1264, 8297, 3716, 14666, 15259, 13531, 543, 13723, 16810, 6700, 3516, 13766, 7186, 10692, 6321, 15484, 14547, 8744, 3703, 10383, 16829, 6366, 6846, 3906, 2021, 18133, 857, 279, 12232, 10212, 10541, 12325, 13475, 1225, 937, 6966, 10881, 16936, 18502, 1440, 11914, 3326, 5633, 14913, 4623, 10743, 12361, 17335, 1072, 5043, 14810, 15077, 3255, 17215, 6553, 17852, 4801, 6962, 3060, 9430, 8799, 13824, 188, 15175, 15163, 4733, 5011, 3536, 17635, 6532, 14071, 6112, 17158, 6597, 11272, 105, 19219, 5013, 12483, 201, 6848, 17033, 6367, 7859, 14702, 18844, 7053, 18694, 15670, 636, 10129, 6378, 5369, 7273, 16247, 9142, 15345, 16817, 14854, 2600, 15783, 889, 11833, 6612, 2068, 2427, 7062, 7918, 16181, 5464, 8339, 8950, 8453, 16423, 6064, 2380, 4268, 13929, 12974, 19141, 1299, 2484, 3883, 3273, 8772, 13256, 11239, 5766, 18098, 12705, 11004, 2695, 10048, 10960, 2766, 15661, 13258, 8015, 6032, 16397, 7749, 19039, 7634, 15076, 4234, 15114, 8475, 8091, 19220, 18004, 9704, 13918, 15569, 16443, 10015, 9943, 7817, 9349, 2588, 8249, 398, 5316, 15538, 18372, 13559, 2937, 2803, 16248, 6155, 630, 9911, 13190, 19157, 15788, 13248, 13148, 1320, 12074, 8471, 8798, 3213, 12418, 814, 2402, 12718, 12397, 10564, 9875, 10128, 6947, 9491, 17707, 3266, 19196, 14309, 18523, 19043, 17975, 18063, 11618, 15016, 14434, 7680, 1739, 18029, 11694, 1745, 9271, 5189, 9561, 11283, 14978, 10753, 16017, 12914, 978, 2828, 17257, 13135, 5061, 121, 6602, 16015, 19271, 12159, 1244, 8260, 13195, 15873, 12815, 14291, 14515, 118, 4892, 14985, 9551, 12654, 4739, 927, 12176, 9523, 11726, 18187, 5880, 2569, 3386, 13942, 3390, 15774, 129, 65, 12922, 8422, 12692, 16213, 11515, 2111, 8347, 10758, 14064, 4401, 17782, 15621, 6709, 14716, 4091, 13964, 8424, 4218, 7249, 11311, 11171, 18564, 14755, 7114, 14009, 14815, 294, 495, 7684, 6833, 4046, 3505, 16995, 17858, 7761, 15803, 9840, 13958, 8226, 10369, 12497, 17142, 1748, 2854, 7159, 11539, 11055, 13337, 17173, 14214, 6803, 11144, 12649, 283, 15489, 13174, 7015, 610, 7030, 18206, 14077, 15468, 14962, 8046, 7809, 17387, 16034, 16678, 1173, 3502, 12942, 15655, 16859, 7099, 1673, 446, 1365, 5881, 3713, 11697, 1897, 16001, 1702, 14149, 11876, 9341, 4325, 6923, 2001, 138, 3276, 18716, 17604, 10501, 115, 12800, 6111, 11148, 4549, 16057, 4707, 6843, 16091, 4295, 7519, 13708, 12409, 11018, 5052, 13566, 14715, 12755, 793, 10837, 1888, 12375, 3935, 5763, 11791, 11258, 13264, 11469, 4683, 8905, 1853, 11600, 4421, 2798, 5074, 18141, 13807, 8595, 8126, 13837, 8060, 6956, 11767, 14560, 9389, 15261, 1232, 12560, 7262, 11504, 3546, 4627, 1177, 517, 4008, 9219, 17696, 4148, 14124, 13243, 11235, 7561, 8331, 16320, 3591, 11341, 4015, 12028, 14929, 18601, 3528, 14065, 1510, 19191, 13833, 17616, 10869, 17689, 831, 16725, 6319, 15465, 10467, 8162, 13563, 7728, 10778, 13545, 12290, 16480, 14401, 12838, 4212, 17529, 4832, 15111, 12690, 10373, 7596, 18614, 17477, 1043, 13100, 4774, 17479, 3774, 9302, 3901, 13071, 6412, 9516, 1261, 3054, 13522, 17602, 14343, 18500, 10957, 2791, 9624, 3634, 17904, 5709, 14670, 11058, 7087, 7435, 13848, 82, 5565, 2562, 14029, 3583, 1676, 12709, 18473, 3158, 12787, 8068, 8263, 16146, 3593, 1802, 1861, 3348, 4487, 17749, 6105, 10471, 17472, 10200, 1182, 14180, 1076, 10156, 4839, 9903, 4879, 9720, 2157, 15344, 16067, 3064, 17182, 5368, 4987, 18484, 18923, 11896, 1052, 15727, 15289, 5885, 1933, 5251, 17072, 6038, 6195, 13524, 6606, 18506, 17536, 6784, 3231, 14121, 8925, 10030, 803, 13764, 146, 19268, 14099, 4130, 16372, 1537, 12248, 13718, 17187, 11728, 1740, 19233, 5600, 4092, 4779, 6028, 3395, 16152, 19150, 2417, 11980, 11237, 8427, 18127, 3538, 9257, 607, 2078, 18457, 5802, 3435, 15019, 4256, 9221, 13465, 11742, 5788, 9528, 17493, 4607, 3131, 6616, 5356, 1550, 4617, 8827, 849, 2601, 4437, 17861, 10261, 15704, 3890, 8149, 12063, 3086, 15925, 12301, 6847, 5603, 7768, 3187, 13372, 9258, 6584, 7594, 2603, 1835, 17380, 17193, 15251, 15937, 18731, 4082, 14911, 16626, 8824, 16208, 10167, 17711, 9678, 15852, 13620, 16479, 14586, 2446, 4866, 1315, 7746, 10615, 7927, 2443, 7157, 13506, 18410, 10494]",6125,1500,3,False,1500
4965,general negate,general neg,25,True,True,False,"{21: 26, 33: 14, 2: 18, 29: 13, 25: 57, 43: 9, 57: 16, 49: 16, 61: 14, 67: 52, 65: 21, 50: 28, 15: 53, 6: 13, 46: 15, 27: 69, 7: 65, 48: 67, 19: 21, 31: 14, 63: 26, 22: 39, 9: 79, 26: 40, 47: 15, 53: 66, 11: 19, 51: 26, 54: 9, 13: 32, 17: 37, 52: 30, 39: 27, 38: 19, 1: 6, 59: 33, 56: 23, 32: 9, 8: 25, 4: 12, 20: 26, 24: 7, 18: 31, 42: 7, 28: 31, 45: 57, 0: 13, 66: 11, 62: 11, 35: 7, 64: 15, 37: 2, 40: 25, 3: 3, 14: 5, 12: 8, 16: 15, 55: 16, 30: 13, 58: 6, 36: 4, 60: 5, 5: 3, 41: 2, 44: 2, 34: 2}","[12686, 3384, 6034, 14374, 14516, 14680, 18580, 5912, 661, 4433, 14182, 14634, 14672, 13694, 17233, 12320, 12666, 7276, 14925, 15315, 1125, 14820, 3769, 14096, 12401, 14972, 14176, 4685, 4278, 5735, 7514, 16051, 15882, 4696, 17145, 19193, 12994, 9901, 13641, 15193, 6739, 9240, 1608, 14664, 18117, 5676, 15714, 5964, 5329, 16651, 15936, 14441, 15878, 18316, 14255, 18692, 5858, 4640, 10716, 13839, 16635, 2097, 11464, 12427, 2320, 14629, 7617, 16183, 16205, 2170, 4384, 6683, 5285, 18707, 6780, 4231, 2404, 4895, 18091, 2944, 13054, 3904, 3491, 9455, 15985, 10432, 8657, 15304, 9114, 5838, 5197, 17244, 6207, 3970, 17246, 3950, 6168, 8697, 6800, 9942, 11118, 8582, 6355, 15275, 4581, 12724, 11921, 1833, 523, 7619, 15729, 176, 8576, 3101, 1573, 1283, 11796, 11277, 2547, 1738, 6806, 15187, 7129, 5179, 5854, 16373, 9231, 6270, 777, 2062, 13249, 4144, 6325, 3924, 5350, 14414, 3142, 2249, 6444, 13582, 2833, 18030, 6483, 18404, 15057, 7482, 15001, 15872, 14584, 10835, 954, 7257, 1381, 17819, 17518, 6497, 14430, 4901, 16466, 10805, 132, 7506, 755, 14427, 12119, 16613, 19042, 14994, 11257, 8042, 2144, 5966, 1580, 8010, 2550, 10684, 14088, 5037, 8764, 17076, 14185, 15984, 5299, 16601, 19182, 13197, 14561, 12605, 17010, 2703, 6715, 11207, 10188, 212, 2293, 17676, 1720, 5934, 112, 8568, 15870, 3226, 4524, 4431, 5141, 5383, 7609, 12807, 19001, 14368, 6704, 14903, 4172, 117, 18698, 1699, 16558, 7518, 10618, 2110, 10308, 7828, 6623, 17644, 4449, 951, 13858, 15106, 8402, 916, 4771, 8608, 6448, 6656, 13547, 2814, 8336, 8093, 6398, 637, 9909, 10621, 786, 14146, 17292, 9457, 3, 2884, 14785, 10504, 16361, 8181, 17690, 654, 11067, 18741, 386, 18208, 10130, 8079, 7082, 14740, 8076, 18619, 14428, 10992, 12679, 9431, 18328, 13606, 7641, 13542, 1002, 11975, 15646, 19078, 1352, 8683, 16053, 11763, 14823, 7059, 4995, 3754, 6213, 10090, 19084, 1973, 8131, 5353, 836, 13960, 3217, 4885, 9645, 16941, 14750, 13171, 9132, 1355, 4440, 15747, 8233, 6008, 12781, 16749, 13905, 18198, 5033, 2910, 16502, 1233, 965, 16926, 3944, 13518, 18213, 12739, 9972, 14609, 5764, 6128, 9532, 12680, 3672, 5458, 6822, 11547, 3163, 8040, 14081, 8369, 18182, 17541, 11552, 12451, 15074, 1783, 17730, 1690, 16992, 2490, 2459, 18065, 320, 18311, 45, 9495, 4572, 544, 12731, 16811, 15096, 14957, 4594, 16607, 2449, 7791, 13659, 8892, 1713, 17336, 6598, 13832, 10495, 18937, 3067, 3473, 12715, 13492, 14787, 16503, 17899, 16638, 2408, 7141, 10590, 2917, 14650, 12571, 4321, 2855, 1829, 3736, 3381, 11069, 16093, 15201, 14311, 9836, 18289, 16899, 897, 13981, 12223, 8884, 15721, 7778, 13648, 5737, 6550, 19249, 2715, 447, 12941, 8915, 18963, 16291, 760, 5869, 3635, 3439, 6740, 5003, 3174, 2945, 16056, 4860, 11216, 7363, 1147, 12124, 9764, 11245, 4361, 7784, 16285, 17057, 11203, 5114, 17655, 12056, 17890, 7741, 15799, 10258, 16088, 19222, 15303, 1433, 5991, 322, 2322, 3156, 9940, 7814, 17068, 16968, 10018, 1991, 11946, 8705, 10371, 4619, 11074, 2034, 15550, 11743, 18666, 13494, 14175, 13948, 15123, 11154, 10397, 1701, 4770, 839, 12085, 16500, 16241, 1535, 18782, 2221, 539, 18405, 4245, 103, 1571, 16945, 12196, 9441, 1732, 1367, 3596, 4794, 7230, 5245, 17483, 2955, 2003, 11509, 4044, 12934, 3456, 16693, 593, 4582, 14076, 10972, 1965, 7227, 14324, 8658, 3772, 8355, 11889, 1908, 2684, 10026, 1666, 16507, 5589, 9295, 8389, 2099, 18653, 13808, 19147, 6675, 10970, 2788, 19028, 16983, 16166, 9845, 8160, 11381, 10088, 10333, 11716, 14695, 12697, 4365, 3747, 17296, 11904, 74, 7047, 10639, 13094, 940, 10478, 2032, 6642, 14896, 10840, 5430, 5556, 12597, 2183, 18403, 4252, 14613, 18283, 8790, 12140, 13540, 13353, 14114, 13297, 4056, 14038, 11299, 13770, 11433, 14285, 1526, 1955, 15711, 255, 12481, 612, 1635, 4886, 357, 11434, 9524, 13106, 2607, 5391, 9406, 2331, 624, 2749, 17849, 9829, 11436, 18426, 9481, 18550, 15647, 532, 11720, 11824, 15610, 15741, 7902, 13558, 17967, 14539, 17889, 4631, 1238, 16921, 7787, 15293, 3108, 8215, 2851, 4514, 12938, 16730, 17178, 4890, 17960, 4725, 7917, 3191, 8231, 16341, 8195, 10913, 2173, 5557, 2637, 16896, 5806, 1815, 1451, 8864, 2290, 12108, 5328, 6203, 2431, 7508, 17898, 17188, 6897, 1199, 15526, 18437, 6631, 8644, 16917, 14964, 14233, 2454, 584, 4830, 7199, 4180, 14889, 5761, 13756, 6917, 7756, 18880, 15095, 1816, 14070, 16252, 7429, 16589, 1631, 15968, 15221, 12478, 18594, 1477, 5637, 12058, 1205, 13397, 9107, 18654, 1968, 3759, 13147, 14144, 14973, 12452, 18020, 13592, 17920, 13687, 11335, 7207, 418, 7834, 778, 12982, 10688, 9031, 509, 9601, 9780, 17040, 12023, 3916, 91, 6536, 18535, 7547, 15240, 707, 14533, 15064, 17012, 16805, 8637, 5969, 16221, 1940, 13307, 4717, 12615, 18220, 11028, 12170, 1743, 2376, 12415, 14220, 18827, 1294, 18543, 6977, 15309, 11778, 11842, 17103, 3857, 4637, 12162, 19169, 17166, 18237, 17818, 9507, 19022, 5790, 19112, 15611, 1118, 15184, 18703, 1817, 15530, 16579, 8437, 11839, 11378, 3537, 9205, 9217, 16272, 18759, 16828, 12002, 8348, 1723, 3481, 14115, 379, 8544, 264, 6015, 7672, 2253, 7364, 3706, 13796, 17139, 16125, 12059, 9623, 7185, 2418, 18230, 3087, 281, 4379, 1796, 8459, 4400, 17824, 2736, 16446, 13525, 15341, 3275, 7872, 1662, 7557, 4319, 15442, 7181, 10456, 4963, 17048, 16943, 12784, 3441, 5240, 9975, 13216, 17702, 11594, 13554, 6165, 19168, 16070, 3540, 3262, 10661, 4061, 13173, 2875, 17014, 4349, 10818, 8428, 16764, 14232, 8930, 15734, 17680, 7069, 15684, 17050, 18987, 6914, 6863, 19263, 10595, 150, 10039, 2722, 18223, 16444, 6559, 7258, 2661, 7699, 17136, 12773, 4247, 5723, 15194, 1696, 1500, 2807, 9893, 11835, 13240, 18313, 17107, 10265, 10244, 5570, 2862, 14049, 1012, 12861, 723, 9583, 17461, 10056, 1264, 8297, 3716, 14666, 15259, 13531, 543, 13723, 16810, 6700, 3516, 13766, 7186, 10692, 6321, 15484, 14547, 8744, 3703, 10383, 16829, 6366, 6846, 3906, 2021, 18133, 857, 279, 12232, 10212, 10541, 12325, 13475, 1225, 937, 6966, 10881, 16936, 18502, 1440, 11914, 3326, 5633, 14913, 4623, 10743, 12361, 17335, 1072, 5043, 14810, 15077, 3255, 17215, 6553, 17852, 4801, 6962, 3060, 9430, 8799, 13824, 188, 15175, 15163, 4733, 5011, 3536, 17635, 6532, 14071, 6112, 17158, 6597, 11272, 105, 19219, 5013, 12483, 201, 6848, 17033, 6367, 7859, 14702, 18844, 7053, 18694, 15670, 636, 10129, 6378, 5369, 7273, 16247, 9142, 15345, 16817, 14854, 2600, 15783, 889, 11833, 6612, 2068, 2427, 7062, 7918, 16181, 5464, 8339, 8950, 8453, 16423, 6064, 2380, 4268, 13929, 12974, 19141, 1299, 2484, 3883, 3273, 8772, 13256, 11239, 5766, 18098, 12705, 11004, 2695, 10048, 10960, 2766, 15661, 13258, 8015, 6032, 16397, 7749, 19039, 7634, 15076, 4234, 15114, 8475, 8091, 19220, 18004, 9704, 13918, 15569, 16443, 10015, 9943, 7817, 9349, 2588, 8249, 398, 5316, 15538, 18372, 13559, 2937, 2803, 16248, 6155, 630, 9911, 13190, 19157, 15788, 13248, 13148, 1320, 12074, 8471, 8798, 3213, 12418, 814, 2402, 12718, 12397, 10564, 9875, 10128, 6947, 9491, 17707, 3266, 19196, 14309, 18523, 19043, 17975, 18063, 11618, 15016, 14434, 7680, 1739, 18029, 11694, 1745, 9271, 5189, 9561, 11283, 14978, 10753, 16017, 12914, 978, 2828, 17257, 13135, 5061, 121, 6602, 16015, 19271, 12159, 1244, 8260, 13195, 15873, 12815, 14291, 14515, 118, 4892, 14985, 9551, 12654, 4739, 927, 12176, 9523, 11726, 18187, 5880, 2569, 3386, 13942, 3390, 15774, 129, 65, 12922, 8422, 12692, 16213, 11515, 2111, 8347, 10758, 14064, 4401, 17782, 15621, 6709, 14716, 4091, 13964, 8424, 4218, 7249, 11311, 11171, 18564, 14755, 7114, 14009, 14815, 294, 495, 7684, 6833, 4046, 3505, 16995, 17858, 7761, 15803, 9840, 13958, 8226, 10369, 12497, 17142, 1748, 2854, 7159, 11539, 11055, 13337, 17173, 14214, 6803, 11144, 12649, 283, 15489, 13174, 7015, 610, 7030, 18206, 14077, 15468, 14962, 8046, 7809, 17387, 16034, 16678, 1173, 3502, 12942, 15655, 16859, 7099, 1673, 446, 1365, 5881, 3713, 11697, 1897, 16001, 1702, 14149, 11876, 9341, 4325, 6923, 2001, 138, 3276, 18716, 17604, 10501, 115, 12800, 6111, 11148, 4549, 16057, 4707, 6843, 16091, 4295, 7519, 13708, 12409, 11018, 5052, 13566, 14715, 12755, 793, 10837, 1888, 12375, 3935, 5763, 11791, 11258, 13264, 11469, 4683, 8905, 1853, 11600, 4421, 2798, 5074, 18141, 13807, 8595, 8126, 13837, 8060, 6956, 11767, 14560, 9389, 15261, 1232, 12560, 7262, 11504, 3546, 4627, 1177, 517, 4008, 9219, 17696, 4148, 14124, 13243, 11235, 7561, 8331, 16320, 3591, 11341, 4015, 12028, 14929, 18601, 3528, 14065, 1510, 19191, 13833, 17616, 10869, 17689, 831, 16725, 6319, 15465, 10467, 8162, 13563, 7728, 10778, 13545, 12290, 16480, 14401, 12838, 4212, 17529, 4832, 15111, 12690, 10373, 7596, 18614, 17477, 1043, 13100, 4774, 17479, 3774, 9302, 3901, 13071, 6412, 9516, 1261, 3054, 13522, 17602, 14343, 18500, 10957, 2791, 9624, 3634, 17904, 5709, 14670, 11058, 7087, 7435, 13848, 82, 5565, 2562, 14029, 3583, 1676, 12709, 18473, 3158, 12787, 8068, 8263, 16146, 3593, 1802, 1861, 3348, 4487, 17749, 6105, 10471, 17472, 10200, 1182, 14180, 1076, 10156, 4839, 9903, 4879, 9720, 2157, 15344, 16067, 3064, 17182, 5368, 4987, 18484, 18923, 11896, 1052, 15727, 15289, 5885, 1933, 5251, 17072, 6038, 6195, 13524, 6606, 18506, 17536, 6784, 3231, 14121, 8925, 10030, 803, 13764, 146, 19268, 14099, 4130, 16372, 1537, 12248, 13718, 17187, 11728, 1740, 19233, 5600, 4092, 4779, 6028, 3395, 16152, 19150, 2417, 11980, 11237, 8427, 18127, 3538, 9257, 607, 2078, 18457, 5802, 3435, 15019, 4256, 9221, 13465, 11742, 5788, 9528, 17493, 4607, 3131, 6616, 5356, 1550, 4617, 8827, 849, 2601, 4437, 17861, 10261, 15704, 3890, 8149, 12063, 3086, 15925, 12301, 6847, 5603, 7768, 3187, 13372, 9258, 6584, 7594, 2603, 1835, 17380, 17193, 15251, 15937, 18731, 4082, 14911, 16626, 8824, 16208, 10167, 17711, 9678, 15852, 13620, 16479, 14586, 2446, 4866, 1315, 7746, 10615, 7927, 2443, 7157, 13506, 18410, 10494]",4965,1500,3,False,1500
4429,cooking recipe,cooking reci,11,True,True,False,"{21: 26, 33: 14, 2: 18, 29: 13, 25: 57, 43: 9, 57: 16, 49: 16, 61: 14, 67: 52, 65: 21, 50: 28, 15: 53, 6: 13, 46: 15, 27: 69, 7: 65, 48: 67, 19: 21, 31: 14, 63: 26, 22: 39, 9: 79, 26: 40, 47: 15, 53: 66, 11: 19, 51: 26, 54: 9, 13: 32, 17: 37, 52: 30, 39: 27, 38: 19, 1: 6, 59: 33, 56: 23, 32: 9, 8: 25, 4: 12, 20: 26, 24: 7, 18: 31, 42: 7, 28: 31, 45: 57, 0: 13, 66: 11, 62: 11, 35: 7, 64: 15, 37: 2, 40: 25, 3: 3, 14: 5, 12: 8, 16: 15, 55: 16, 30: 13, 58: 6, 36: 4, 60: 5, 5: 3, 41: 2, 44: 2, 34: 2}","[12686, 3384, 6034, 14374, 14516, 14680, 18580, 5912, 661, 4433, 14182, 14634, 14672, 13694, 17233, 12320, 12666, 7276, 14925, 15315, 1125, 14820, 3769, 14096, 12401, 14972, 14176, 4685, 4278, 5735, 7514, 16051, 15882, 4696, 17145, 19193, 12994, 9901, 13641, 15193, 6739, 9240, 1608, 14664, 18117, 5676, 15714, 5964, 5329, 16651, 15936, 14441, 15878, 18316, 14255, 18692, 5858, 4640, 10716, 13839, 16635, 2097, 11464, 12427, 2320, 14629, 7617, 16183, 16205, 2170, 4384, 6683, 5285, 18707, 6780, 4231, 2404, 4895, 18091, 2944, 13054, 3904, 3491, 9455, 15985, 10432, 8657, 15304, 9114, 5838, 5197, 17244, 6207, 3970, 17246, 3950, 6168, 8697, 6800, 9942, 11118, 8582, 6355, 15275, 4581, 12724, 11921, 1833, 523, 7619, 15729, 176, 8576, 3101, 1573, 1283, 11796, 11277, 2547, 1738, 6806, 15187, 7129, 5179, 5854, 16373, 9231, 6270, 777, 2062, 13249, 4144, 6325, 3924, 5350, 14414, 3142, 2249, 6444, 13582, 2833, 18030, 6483, 18404, 15057, 7482, 15001, 15872, 14584, 10835, 954, 7257, 1381, 17819, 17518, 6497, 14430, 4901, 16466, 10805, 132, 7506, 755, 14427, 12119, 16613, 19042, 14994, 11257, 8042, 2144, 5966, 1580, 8010, 2550, 10684, 14088, 5037, 8764, 17076, 14185, 15984, 5299, 16601, 19182, 13197, 14561, 12605, 17010, 2703, 6715, 11207, 10188, 212, 2293, 17676, 1720, 5934, 112, 8568, 15870, 3226, 4524, 4431, 5141, 5383, 7609, 12807, 19001, 14368, 6704, 14903, 4172, 117, 18698, 1699, 16558, 7518, 10618, 2110, 10308, 7828, 6623, 17644, 4449, 951, 13858, 15106, 8402, 916, 4771, 8608, 6448, 6656, 13547, 2814, 8336, 8093, 6398, 637, 9909, 10621, 786, 14146, 17292, 9457, 3, 2884, 14785, 10504, 16361, 8181, 17690, 654, 11067, 18741, 386, 18208, 10130, 8079, 7082, 14740, 8076, 18619, 14428, 10992, 12679, 9431, 18328, 13606, 7641, 13542, 1002, 11975, 15646, 19078, 1352, 8683, 16053, 11763, 14823, 7059, 4995, 3754, 6213, 10090, 19084, 1973, 8131, 5353, 836, 13960, 3217, 4885, 9645, 16941, 14750, 13171, 9132, 1355, 4440, 15747, 8233, 6008, 12781, 16749, 13905, 18198, 5033, 2910, 16502, 1233, 965, 16926, 3944, 13518, 18213, 12739, 9972, 14609, 5764, 6128, 9532, 12680, 3672, 5458, 6822, 11547, 3163, 8040, 14081, 8369, 18182, 17541, 11552, 12451, 15074, 1783, 17730, 1690, 16992, 2490, 2459, 18065, 320, 18311, 45, 9495, 4572, 544, 12731, 16811, 15096, 14957, 4594, 16607, 2449, 7791, 13659, 8892, 1713, 17336, 6598, 13832, 10495, 18937, 3067, 3473, 12715, 13492, 14787, 16503, 17899, 16638, 2408, 7141, 10590, 2917, 14650, 12571, 4321, 2855, 1829, 3736, 3381, 11069, 16093, 15201, 14311, 9836, 18289, 16899, 897, 13981, 12223, 8884, 15721, 7778, 13648, 5737, 6550, 19249, 2715, 447, 12941, 8915, 18963, 16291, 760, 5869, 3635, 3439, 6740, 5003, 3174, 2945, 16056, 4860, 11216, 7363, 1147, 12124, 9764, 11245, 4361, 7784, 16285, 17057, 11203, 5114, 17655, 12056, 17890, 7741, 15799, 10258, 16088, 19222, 15303, 1433, 5991, 322, 2322, 3156, 9940, 7814, 17068, 16968, 10018, 1991, 11946, 8705, 10371, 4619, 11074, 2034, 15550, 11743, 18666, 13494, 14175, 13948, 15123, 11154, 10397, 1701, 4770, 839, 12085, 16500, 16241, 1535, 18782, 2221, 539, 18405, 4245, 103, 1571, 16945, 12196, 9441, 1732, 1367, 3596, 4794, 7230, 5245, 17483, 2955, 2003, 11509, 4044, 12934, 3456, 16693, 593, 4582, 14076, 10972, 1965, 7227, 14324, 8658, 3772, 8355, 11889, 1908, 2684, 10026, 1666, 16507, 5589, 9295, 8389, 2099, 18653, 13808, 19147, 6675, 10970, 2788, 19028, 16983, 16166, 9845, 8160, 11381, 10088, 10333, 11716, 14695, 12697, 4365, 3747, 17296, 11904, 74, 7047, 10639, 13094, 940, 10478, 2032, 6642, 14896, 10840, 5430, 5556, 12597, 2183, 18403, 4252, 14613, 18283, 8790, 12140, 13540, 13353, 14114, 13297, 4056, 14038, 11299, 13770, 11433, 14285, 1526, 1955, 15711, 255, 12481, 612, 1635, 4886, 357, 11434, 9524, 13106, 2607, 5391, 9406, 2331, 624, 2749, 17849, 9829, 11436, 18426, 9481, 18550, 15647, 532, 11720, 11824, 15610, 15741, 7902, 13558, 17967, 14539, 17889, 4631, 1238, 16921, 7787, 15293, 3108, 8215, 2851, 4514, 12938, 16730, 17178, 4890, 17960, 4725, 7917, 3191, 8231, 16341, 8195, 10913, 2173, 5557, 2637, 16896, 5806, 1815, 1451, 8864, 2290, 12108, 5328, 6203, 2431, 7508, 17898, 17188, 6897, 1199, 15526, 18437, 6631, 8644, 16917, 14964, 14233, 2454, 584, 4830, 7199, 4180, 14889, 5761, 13756, 6917, 7756, 18880, 15095, 1816, 14070, 16252, 7429, 16589, 1631, 15968, 15221, 12478, 18594, 1477, 5637, 12058, 1205, 13397, 9107, 18654, 1968, 3759, 13147, 14144, 14973, 12452, 18020, 13592, 17920, 13687, 11335, 7207, 418, 7834, 778, 12982, 10688, 9031, 509, 9601, 9780, 17040, 12023, 3916, 91, 6536, 18535, 7547, 15240, 707, 14533, 15064, 17012, 16805, 8637, 5969, 16221, 1940, 13307, 4717, 12615, 18220, 11028, 12170, 1743, 2376, 12415, 14220, 18827, 1294, 18543, 6977, 15309, 11778, 11842, 17103, 3857, 4637, 12162, 19169, 17166, 18237, 17818, 9507, 19022, 5790, 19112, 15611, 1118, 15184, 18703, 1817, 15530, 16579, 8437, 11839, 11378, 3537, 9205, 9217, 16272, 18759, 16828, 12002, 8348, 1723, 3481, 14115, 379, 8544, 264, 6015, 7672, 2253, 7364, 3706, 13796, 17139, 16125, 12059, 9623, 7185, 2418, 18230, 3087, 281, 4379, 1796, 8459, 4400, 17824, 2736, 16446, 13525, 15341, 3275, 7872, 1662, 7557, 4319, 15442, 7181, 10456, 4963, 17048, 16943, 12784, 3441, 5240, 9975, 13216, 17702, 11594, 13554, 6165, 19168, 16070, 3540, 3262, 10661, 4061, 13173, 2875, 17014, 4349, 10818, 8428, 16764, 14232, 8930, 15734, 17680, 7069, 15684, 17050, 18987, 6914, 6863, 19263, 10595, 150, 10039, 2722, 18223, 16444, 6559, 7258, 2661, 7699, 17136, 12773, 4247, 5723, 15194, 1696, 1500, 2807, 9893, 11835, 13240, 18313, 17107, 10265, 10244, 5570, 2862, 14049, 1012, 12861, 723, 9583, 17461, 10056, 1264, 8297, 3716, 14666, 15259, 13531, 543, 13723, 16810, 6700, 3516, 13766, 7186, 10692, 6321, 15484, 14547, 8744, 3703, 10383, 16829, 6366, 6846, 3906, 2021, 18133, 857, 279, 12232, 10212, 10541, 12325, 13475, 1225, 937, 6966, 10881, 16936, 18502, 1440, 11914, 3326, 5633, 14913, 4623, 10743, 12361, 17335, 1072, 5043, 14810, 15077, 3255, 17215, 6553, 17852, 4801, 6962, 3060, 9430, 8799, 13824, 188, 15175, 15163, 4733, 5011, 3536, 17635, 6532, 14071, 6112, 17158, 6597, 11272, 105, 19219, 5013, 12483, 201, 6848, 17033, 6367, 7859, 14702, 18844, 7053, 18694, 15670, 636, 10129, 6378, 5369, 7273, 16247, 9142, 15345, 16817, 14854, 2600, 15783, 889, 11833, 6612, 2068, 2427, 7062, 7918, 16181, 5464, 8339, 8950, 8453, 16423, 6064, 2380, 4268, 13929, 12974, 19141, 1299, 2484, 3883, 3273, 8772, 13256, 11239, 5766, 18098, 12705, 11004, 2695, 10048, 10960, 2766, 15661, 13258, 8015, 6032, 16397, 7749, 19039, 7634, 15076, 4234, 15114, 8475, 8091, 19220, 18004, 9704, 13918, 15569, 16443, 10015, 9943, 7817, 9349, 2588, 8249, 398, 5316, 15538, 18372, 13559, 2937, 2803, 16248, 6155, 630, 9911, 13190, 19157, 15788, 13248, 13148, 1320, 12074, 8471, 8798, 3213, 12418, 814, 2402, 12718, 12397, 10564, 9875, 10128, 6947, 9491, 17707, 3266, 19196, 14309, 18523, 19043, 17975, 18063, 11618, 15016, 14434, 7680, 1739, 18029, 11694, 1745, 9271, 5189, 9561, 11283, 14978, 10753, 16017, 12914, 978, 2828, 17257, 13135, 5061, 121, 6602, 16015, 19271, 12159, 1244, 8260, 13195, 15873, 12815, 14291, 14515, 118, 4892, 14985, 9551, 12654, 4739, 927, 12176, 9523, 11726, 18187, 5880, 2569, 3386, 13942, 3390, 15774, 129, 65, 12922, 8422, 12692, 16213, 11515, 2111, 8347, 10758, 14064, 4401, 17782, 15621, 6709, 14716, 4091, 13964, 8424, 4218, 7249, 11311, 11171, 18564, 14755, 7114, 14009, 14815, 294, 495, 7684, 6833, 4046, 3505, 16995, 17858, 7761, 15803, 9840, 13958, 8226, 10369, 12497, 17142, 1748, 2854, 7159, 11539, 11055, 13337, 17173, 14214, 6803, 11144, 12649, 283, 15489, 13174, 7015, 610, 7030, 18206, 14077, 15468, 14962, 8046, 7809, 17387, 16034, 16678, 1173, 3502, 12942, 15655, 16859, 7099, 1673, 446, 1365, 5881, 3713, 11697, 1897, 16001, 1702, 14149, 11876, 9341, 4325, 6923, 2001, 138, 3276, 18716, 17604, 10501, 115, 12800, 6111, 11148, 4549, 16057, 4707, 6843, 16091, 4295, 7519, 13708, 12409, 11018, 5052, 13566, 14715, 12755, 793, 10837, 1888, 12375, 3935, 5763, 11791, 11258, 13264, 11469, 4683, 8905, 1853, 11600, 4421, 2798, 5074, 18141, 13807, 8595, 8126, 13837, 8060, 6956, 11767, 14560, 9389, 15261, 1232, 12560, 7262, 11504, 3546, 4627, 1177, 517, 4008, 9219, 17696, 4148, 14124, 13243, 11235, 7561, 8331, 16320, 3591, 11341, 4015, 12028, 14929, 18601, 3528, 14065, 1510, 19191, 13833, 17616, 10869, 17689, 831, 16725, 6319, 15465, 10467, 8162, 13563, 7728, 10778, 13545, 12290, 16480, 14401, 12838, 4212, 17529, 4832, 15111, 12690, 10373, 7596, 18614, 17477, 1043, 13100, 4774, 17479, 3774, 9302, 3901, 13071, 6412, 9516, 1261, 3054, 13522, 17602, 14343, 18500, 10957, 2791, 9624, 3634, 17904, 5709, 14670, 11058, 7087, 7435, 13848, 82, 5565, 2562, 14029, 3583, 1676, 12709, 18473, 3158, 12787, 8068, 8263, 16146, 3593, 1802, 1861, 3348, 4487, 17749, 6105, 10471, 17472, 10200, 1182, 14180, 1076, 10156, 4839, 9903, 4879, 9720, 2157, 15344, 16067, 3064, 17182, 5368, 4987, 18484, 18923, 11896, 1052, 15727, 15289, 5885, 1933, 5251, 17072, 6038, 6195, 13524, 6606, 18506, 17536, 6784, 3231, 14121, 8925, 10030, 803, 13764, 146, 19268, 14099, 4130, 16372, 1537, 12248, 13718, 17187, 11728, 1740, 19233, 5600, 4092, 4779, 6028, 3395, 16152, 19150, 2417, 11980, 11237, 8427, 18127, 3538, 9257, 607, 2078, 18457, 5802, 3435, 15019, 4256, 9221, 13465, 11742, 5788, 9528, 17493, 4607, 3131, 6616, 5356, 1550, 4617, 8827, 849, 2601, 4437, 17861, 10261, 15704, 3890, 8149, 12063, 3086, 15925, 12301, 6847, 5603, 7768, 3187, 13372, 9258, 6584, 7594, 2603, 1835, 17380, 17193, 15251, 15937, 18731, 4082, 14911, 16626, 8824, 16208, 10167, 17711, 9678, 15852, 13620, 16479, 14586, 2446, 4866, 1315, 7746, 10615, 7927, 2443, 7157, 13506, 18410, 10494]",4429,1500,3,False,1500
1504,email query,email query,15,True,True,True,"{21: 26, 33: 14, 2: 18, 29: 13, 25: 57, 43: 9, 57: 16, 49: 16, 61: 14, 67: 52, 65: 21, 50: 28, 15: 53, 6: 13, 46: 15, 27: 69, 7: 65, 48: 67, 19: 21, 31: 14, 63: 26, 22: 39, 9: 79, 26: 40, 47: 15, 53: 66, 11: 19, 51: 26, 54: 9, 13: 32, 17: 37, 52: 30, 39: 27, 38: 19, 1: 6, 59: 33, 56: 23, 32: 9, 8: 25, 4: 12, 20: 26, 24: 7, 18: 31, 42: 7, 28: 31, 45: 57, 0: 13, 66: 11, 62: 11, 35: 7, 64: 15, 37: 2, 40: 25, 3: 3, 14: 5, 12: 8, 16: 15, 55: 16, 30: 13, 58: 6, 36: 4, 60: 5, 5: 3, 41: 2, 44: 2, 34: 2}","[12686, 3384, 6034, 14374, 14516, 14680, 18580, 5912, 661, 4433, 14182, 14634, 14672, 13694, 17233, 12320, 12666, 7276, 14925, 15315, 1125, 14820, 3769, 14096, 12401, 14972, 14176, 4685, 4278, 5735, 7514, 16051, 15882, 4696, 17145, 19193, 12994, 9901, 13641, 15193, 6739, 9240, 1608, 14664, 18117, 5676, 15714, 5964, 5329, 16651, 15936, 14441, 15878, 18316, 14255, 18692, 5858, 4640, 10716, 13839, 16635, 2097, 11464, 12427, 2320, 14629, 7617, 16183, 16205, 2170, 4384, 6683, 5285, 18707, 6780, 4231, 2404, 4895, 18091, 2944, 13054, 3904, 3491, 9455, 15985, 10432, 8657, 15304, 9114, 5838, 5197, 17244, 6207, 3970, 17246, 3950, 6168, 8697, 6800, 9942, 11118, 8582, 6355, 15275, 4581, 12724, 11921, 1833, 523, 7619, 15729, 176, 8576, 3101, 1573, 1283, 11796, 11277, 2547, 1738, 6806, 15187, 7129, 5179, 5854, 16373, 9231, 6270, 777, 2062, 13249, 4144, 6325, 3924, 5350, 14414, 3142, 2249, 6444, 13582, 2833, 18030, 6483, 18404, 15057, 7482, 15001, 15872, 14584, 10835, 954, 7257, 1381, 17819, 17518, 6497, 14430, 4901, 16466, 10805, 132, 7506, 755, 14427, 12119, 16613, 19042, 14994, 11257, 8042, 2144, 5966, 1580, 8010, 2550, 10684, 14088, 5037, 8764, 17076, 14185, 15984, 5299, 16601, 19182, 13197, 14561, 12605, 17010, 2703, 6715, 11207, 10188, 212, 2293, 17676, 1720, 5934, 112, 8568, 15870, 3226, 4524, 4431, 5141, 5383, 7609, 12807, 19001, 14368, 6704, 14903, 4172, 117, 18698, 1699, 16558, 7518, 10618, 2110, 10308, 7828, 6623, 17644, 4449, 951, 13858, 15106, 8402, 916, 4771, 8608, 6448, 6656, 13547, 2814, 8336, 8093, 6398, 637, 9909, 10621, 786, 14146, 17292, 9457, 3, 2884, 14785, 10504, 16361, 8181, 17690, 654, 11067, 18741, 386, 18208, 10130, 8079, 7082, 14740, 8076, 18619, 14428, 10992, 12679, 9431, 18328, 13606, 7641, 13542, 1002, 11975, 15646, 19078, 1352, 8683, 16053, 11763, 14823, 7059, 4995, 3754, 6213, 10090, 19084, 1973, 8131, 5353, 836, 13960, 3217, 4885, 9645, 16941, 14750, 13171, 9132, 1355, 4440, 15747, 8233, 6008, 12781, 16749, 13905, 18198, 5033, 2910, 16502, 1233, 965, 16926, 3944, 13518, 18213, 12739, 9972, 14609, 5764, 6128, 9532, 12680, 3672, 5458, 6822, 11547, 3163, 8040, 14081, 8369, 18182, 17541, 11552, 12451, 15074, 1783, 17730, 1690, 16992, 2490, 2459, 18065, 320, 18311, 45, 9495, 4572, 544, 12731, 16811, 15096, 14957, 4594, 16607, 2449, 7791, 13659, 8892, 1713, 17336, 6598, 13832, 10495, 18937, 3067, 3473, 12715, 13492, 14787, 16503, 17899, 16638, 2408, 7141, 10590, 2917, 14650, 12571, 4321, 2855, 1829, 3736, 3381, 11069, 16093, 15201, 14311, 9836, 18289, 16899, 897, 13981, 12223, 8884, 15721, 7778, 13648, 5737, 6550, 19249, 2715, 447, 12941, 8915, 18963, 16291, 760, 5869, 3635, 3439, 6740, 5003, 3174, 2945, 16056, 4860, 11216, 7363, 1147, 12124, 9764, 11245, 4361, 7784, 16285, 17057, 11203, 5114, 17655, 12056, 17890, 7741, 15799, 10258, 16088, 19222, 15303, 1433, 5991, 322, 2322, 3156, 9940, 7814, 17068, 16968, 10018, 1991, 11946, 8705, 10371, 4619, 11074, 2034, 15550, 11743, 18666, 13494, 14175, 13948, 15123, 11154, 10397, 1701, 4770, 839, 12085, 16500, 16241, 1535, 18782, 2221, 539, 18405, 4245, 103, 1571, 16945, 12196, 9441, 1732, 1367, 3596, 4794, 7230, 5245, 17483, 2955, 2003, 11509, 4044, 12934, 3456, 16693, 593, 4582, 14076, 10972, 1965, 7227, 14324, 8658, 3772, 8355, 11889, 1908, 2684, 10026, 1666, 16507, 5589, 9295, 8389, 2099, 18653, 13808, 19147, 6675, 10970, 2788, 19028, 16983, 16166, 9845, 8160, 11381, 10088, 10333, 11716, 14695, 12697, 4365, 3747, 17296, 11904, 74, 7047, 10639, 13094, 940, 10478, 2032, 6642, 14896, 10840, 5430, 5556, 12597, 2183, 18403, 4252, 14613, 18283, 8790, 12140, 13540, 13353, 14114, 13297, 4056, 14038, 11299, 13770, 11433, 14285, 1526, 1955, 15711, 255, 12481, 612, 1635, 4886, 357, 11434, 9524, 13106, 2607, 5391, 9406, 2331, 624, 2749, 17849, 9829, 11436, 18426, 9481, 18550, 15647, 532, 11720, 11824, 15610, 15741, 7902, 13558, 17967, 14539, 17889, 4631, 1238, 16921, 7787, 15293, 3108, 8215, 2851, 4514, 12938, 16730, 17178, 4890, 17960, 4725, 7917, 3191, 8231, 16341, 8195, 10913, 2173, 5557, 2637, 16896, 5806, 1815, 1451, 8864, 2290, 12108, 5328, 6203, 2431, 7508, 17898, 17188, 6897, 1199, 15526, 18437, 6631, 8644, 16917, 14964, 14233, 2454, 584, 4830, 7199, 4180, 14889, 5761, 13756, 6917, 7756, 18880, 15095, 1816, 14070, 16252, 7429, 16589, 1631, 15968, 15221, 12478, 18594, 1477, 5637, 12058, 1205, 13397, 9107, 18654, 1968, 3759, 13147, 14144, 14973, 12452, 18020, 13592, 17920, 13687, 11335, 7207, 418, 7834, 778, 12982, 10688, 9031, 509, 9601, 9780, 17040, 12023, 3916, 91, 6536, 18535, 7547, 15240, 707, 14533, 15064, 17012, 16805, 8637, 5969, 16221, 1940, 13307, 4717, 12615, 18220, 11028, 12170, 1743, 2376, 12415, 14220, 18827, 1294, 18543, 6977, 15309, 11778, 11842, 17103, 3857, 4637, 12162, 19169, 17166, 18237, 17818, 9507, 19022, 5790, 19112, 15611, 1118, 15184, 18703, 1817, 15530, 16579, 8437, 11839, 11378, 3537, 9205, 9217, 16272, 18759, 16828, 12002, 8348, 1723, 3481, 14115, 379, 8544, 264, 6015, 7672, 2253, 7364, 3706, 13796, 17139, 16125, 12059, 9623, 7185, 2418, 18230, 3087, 281, 4379, 1796, 8459, 4400, 17824, 2736, 16446, 13525, 15341, 3275, 7872, 1662, 7557, 4319, 15442, 7181, 10456, 4963, 17048, 16943, 12784, 3441, 5240, 9975, 13216, 17702, 11594, 13554, 6165, 19168, 16070, 3540, 3262, 10661, 4061, 13173, 2875, 17014, 4349, 10818, 8428, 16764, 14232, 8930, 15734, 17680, 7069, 15684, 17050, 18987, 6914, 6863, 19263, 10595, 150, 10039, 2722, 18223, 16444, 6559, 7258, 2661, 7699, 17136, 12773, 4247, 5723, 15194, 1696, 1500, 2807, 9893, 11835, 13240, 18313, 17107, 10265, 10244, 5570, 2862, 14049, 1012, 12861, 723, 9583, 17461, 10056, 1264, 8297, 3716, 14666, 15259, 13531, 543, 13723, 16810, 6700, 3516, 13766, 7186, 10692, 6321, 15484, 14547, 8744, 3703, 10383, 16829, 6366, 6846, 3906, 2021, 18133, 857, 279, 12232, 10212, 10541, 12325, 13475, 1225, 937, 6966, 10881, 16936, 18502, 1440, 11914, 3326, 5633, 14913, 4623, 10743, 12361, 17335, 1072, 5043, 14810, 15077, 3255, 17215, 6553, 17852, 4801, 6962, 3060, 9430, 8799, 13824, 188, 15175, 15163, 4733, 5011, 3536, 17635, 6532, 14071, 6112, 17158, 6597, 11272, 105, 19219, 5013, 12483, 201, 6848, 17033, 6367, 7859, 14702, 18844, 7053, 18694, 15670, 636, 10129, 6378, 5369, 7273, 16247, 9142, 15345, 16817, 14854, 2600, 15783, 889, 11833, 6612, 2068, 2427, 7062, 7918, 16181, 5464, 8339, 8950, 8453, 16423, 6064, 2380, 4268, 13929, 12974, 19141, 1299, 2484, 3883, 3273, 8772, 13256, 11239, 5766, 18098, 12705, 11004, 2695, 10048, 10960, 2766, 15661, 13258, 8015, 6032, 16397, 7749, 19039, 7634, 15076, 4234, 15114, 8475, 8091, 19220, 18004, 9704, 13918, 15569, 16443, 10015, 9943, 7817, 9349, 2588, 8249, 398, 5316, 15538, 18372, 13559, 2937, 2803, 16248, 6155, 630, 9911, 13190, 19157, 15788, 13248, 13148, 1320, 12074, 8471, 8798, 3213, 12418, 814, 2402, 12718, 12397, 10564, 9875, 10128, 6947, 9491, 17707, 3266, 19196, 14309, 18523, 19043, 17975, 18063, 11618, 15016, 14434, 7680, 1739, 18029, 11694, 1745, 9271, 5189, 9561, 11283, 14978, 10753, 16017, 12914, 978, 2828, 17257, 13135, 5061, 121, 6602, 16015, 19271, 12159, 1244, 8260, 13195, 15873, 12815, 14291, 14515, 118, 4892, 14985, 9551, 12654, 4739, 927, 12176, 9523, 11726, 18187, 5880, 2569, 3386, 13942, 3390, 15774, 129, 65, 12922, 8422, 12692, 16213, 11515, 2111, 8347, 10758, 14064, 4401, 17782, 15621, 6709, 14716, 4091, 13964, 8424, 4218, 7249, 11311, 11171, 18564, 14755, 7114, 14009, 14815, 294, 495, 7684, 6833, 4046, 3505, 16995, 17858, 7761, 15803, 9840, 13958, 8226, 10369, 12497, 17142, 1748, 2854, 7159, 11539, 11055, 13337, 17173, 14214, 6803, 11144, 12649, 283, 15489, 13174, 7015, 610, 7030, 18206, 14077, 15468, 14962, 8046, 7809, 17387, 16034, 16678, 1173, 3502, 12942, 15655, 16859, 7099, 1673, 446, 1365, 5881, 3713, 11697, 1897, 16001, 1702, 14149, 11876, 9341, 4325, 6923, 2001, 138, 3276, 18716, 17604, 10501, 115, 12800, 6111, 11148, 4549, 16057, 4707, 6843, 16091, 4295, 7519, 13708, 12409, 11018, 5052, 13566, 14715, 12755, 793, 10837, 1888, 12375, 3935, 5763, 11791, 11258, 13264, 11469, 4683, 8905, 1853, 11600, 4421, 2798, 5074, 18141, 13807, 8595, 8126, 13837, 8060, 6956, 11767, 14560, 9389, 15261, 1232, 12560, 7262, 11504, 3546, 4627, 1177, 517, 4008, 9219, 17696, 4148, 14124, 13243, 11235, 7561, 8331, 16320, 3591, 11341, 4015, 12028, 14929, 18601, 3528, 14065, 1510, 19191, 13833, 17616, 10869, 17689, 831, 16725, 6319, 15465, 10467, 8162, 13563, 7728, 10778, 13545, 12290, 16480, 14401, 12838, 4212, 17529, 4832, 15111, 12690, 10373, 7596, 18614, 17477, 1043, 13100, 4774, 17479, 3774, 9302, 3901, 13071, 6412, 9516, 1261, 3054, 13522, 17602, 14343, 18500, 10957, 2791, 9624, 3634, 17904, 5709, 14670, 11058, 7087, 7435, 13848, 82, 5565, 2562, 14029, 3583, 1676, 12709, 18473, 3158, 12787, 8068, 8263, 16146, 3593, 1802, 1861, 3348, 4487, 17749, 6105, 10471, 17472, 10200, 1182, 14180, 1076, 10156, 4839, 9903, 4879, 9720, 2157, 15344, 16067, 3064, 17182, 5368, 4987, 18484, 18923, 11896, 1052, 15727, 15289, 5885, 1933, 5251, 17072, 6038, 6195, 13524, 6606, 18506, 17536, 6784, 3231, 14121, 8925, 10030, 803, 13764, 146, 19268, 14099, 4130, 16372, 1537, 12248, 13718, 17187, 11728, 1740, 19233, 5600, 4092, 4779, 6028, 3395, 16152, 19150, 2417, 11980, 11237, 8427, 18127, 3538, 9257, 607, 2078, 18457, 5802, 3435, 15019, 4256, 9221, 13465, 11742, 5788, 9528, 17493, 4607, 3131, 6616, 5356, 1550, 4617, 8827, 849, 2601, 4437, 17861, 10261, 15704, 3890, 8149, 12063, 3086, 15925, 12301, 6847, 5603, 7768, 3187, 13372, 9258, 6584, 7594, 2603, 1835, 17380, 17193, 15251, 15937, 18731, 4082, 14911, 16626, 8824, 16208, 10167, 17711, 9678, 15852, 13620, 16479, 14586, 2446, 4866, 1315, 7746, 10615, 7927, 2443, 7157, 13506, 18410, 10494]",1504,1500,3,False,1500
6362,qa definition,general qu,27,True,False,True,"{21: 26, 33: 14, 2: 18, 29: 13, 25: 57, 43: 9, 57: 16, 49: 16, 61: 14, 67: 52, 65: 21, 50: 28, 15: 53, 6: 13, 46: 15, 27: 69, 7: 65, 48: 67, 19: 21, 31: 14, 63: 26, 22: 39, 9: 79, 26: 40, 47: 15, 53: 66, 11: 19, 51: 26, 54: 9, 13: 32, 17: 37, 52: 30, 39: 27, 38: 19, 1: 6, 59: 33, 56: 23, 32: 9, 8: 25, 4: 12, 20: 26, 24: 7, 18: 31, 42: 7, 28: 31, 45: 57, 0: 13, 66: 11, 62: 11, 35: 7, 64: 15, 37: 2, 40: 25, 3: 3, 14: 5, 12: 8, 16: 15, 55: 16, 30: 13, 58: 6, 36: 4, 60: 5, 5: 3, 41: 2, 44: 2, 34: 2}","[12686, 3384, 6034, 14374, 14516, 14680, 18580, 5912, 661, 4433, 14182, 14634, 14672, 13694, 17233, 12320, 12666, 7276, 14925, 15315, 1125, 14820, 3769, 14096, 12401, 14972, 14176, 4685, 4278, 5735, 7514, 16051, 15882, 4696, 17145, 19193, 12994, 9901, 13641, 15193, 6739, 9240, 1608, 14664, 18117, 5676, 15714, 5964, 5329, 16651, 15936, 14441, 15878, 18316, 14255, 18692, 5858, 4640, 10716, 13839, 16635, 2097, 11464, 12427, 2320, 14629, 7617, 16183, 16205, 2170, 4384, 6683, 5285, 18707, 6780, 4231, 2404, 4895, 18091, 2944, 13054, 3904, 3491, 9455, 15985, 10432, 8657, 15304, 9114, 5838, 5197, 17244, 6207, 3970, 17246, 3950, 6168, 8697, 6800, 9942, 11118, 8582, 6355, 15275, 4581, 12724, 11921, 1833, 523, 7619, 15729, 176, 8576, 3101, 1573, 1283, 11796, 11277, 2547, 1738, 6806, 15187, 7129, 5179, 5854, 16373, 9231, 6270, 777, 2062, 13249, 4144, 6325, 3924, 5350, 14414, 3142, 2249, 6444, 13582, 2833, 18030, 6483, 18404, 15057, 7482, 15001, 15872, 14584, 10835, 954, 7257, 1381, 17819, 17518, 6497, 14430, 4901, 16466, 10805, 132, 7506, 755, 14427, 12119, 16613, 19042, 14994, 11257, 8042, 2144, 5966, 1580, 8010, 2550, 10684, 14088, 5037, 8764, 17076, 14185, 15984, 5299, 16601, 19182, 13197, 14561, 12605, 17010, 2703, 6715, 11207, 10188, 212, 2293, 17676, 1720, 5934, 112, 8568, 15870, 3226, 4524, 4431, 5141, 5383, 7609, 12807, 19001, 14368, 6704, 14903, 4172, 117, 18698, 1699, 16558, 7518, 10618, 2110, 10308, 7828, 6623, 17644, 4449, 951, 13858, 15106, 8402, 916, 4771, 8608, 6448, 6656, 13547, 2814, 8336, 8093, 6398, 637, 9909, 10621, 786, 14146, 17292, 9457, 3, 2884, 14785, 10504, 16361, 8181, 17690, 654, 11067, 18741, 386, 18208, 10130, 8079, 7082, 14740, 8076, 18619, 14428, 10992, 12679, 9431, 18328, 13606, 7641, 13542, 1002, 11975, 15646, 19078, 1352, 8683, 16053, 11763, 14823, 7059, 4995, 3754, 6213, 10090, 19084, 1973, 8131, 5353, 836, 13960, 3217, 4885, 9645, 16941, 14750, 13171, 9132, 1355, 4440, 15747, 8233, 6008, 12781, 16749, 13905, 18198, 5033, 2910, 16502, 1233, 965, 16926, 3944, 13518, 18213, 12739, 9972, 14609, 5764, 6128, 9532, 12680, 3672, 5458, 6822, 11547, 3163, 8040, 14081, 8369, 18182, 17541, 11552, 12451, 15074, 1783, 17730, 1690, 16992, 2490, 2459, 18065, 320, 18311, 45, 9495, 4572, 544, 12731, 16811, 15096, 14957, 4594, 16607, 2449, 7791, 13659, 8892, 1713, 17336, 6598, 13832, 10495, 18937, 3067, 3473, 12715, 13492, 14787, 16503, 17899, 16638, 2408, 7141, 10590, 2917, 14650, 12571, 4321, 2855, 1829, 3736, 3381, 11069, 16093, 15201, 14311, 9836, 18289, 16899, 897, 13981, 12223, 8884, 15721, 7778, 13648, 5737, 6550, 19249, 2715, 447, 12941, 8915, 18963, 16291, 760, 5869, 3635, 3439, 6740, 5003, 3174, 2945, 16056, 4860, 11216, 7363, 1147, 12124, 9764, 11245, 4361, 7784, 16285, 17057, 11203, 5114, 17655, 12056, 17890, 7741, 15799, 10258, 16088, 19222, 15303, 1433, 5991, 322, 2322, 3156, 9940, 7814, 17068, 16968, 10018, 1991, 11946, 8705, 10371, 4619, 11074, 2034, 15550, 11743, 18666, 13494, 14175, 13948, 15123, 11154, 10397, 1701, 4770, 839, 12085, 16500, 16241, 1535, 18782, 2221, 539, 18405, 4245, 103, 1571, 16945, 12196, 9441, 1732, 1367, 3596, 4794, 7230, 5245, 17483, 2955, 2003, 11509, 4044, 12934, 3456, 16693, 593, 4582, 14076, 10972, 1965, 7227, 14324, 8658, 3772, 8355, 11889, 1908, 2684, 10026, 1666, 16507, 5589, 9295, 8389, 2099, 18653, 13808, 19147, 6675, 10970, 2788, 19028, 16983, 16166, 9845, 8160, 11381, 10088, 10333, 11716, 14695, 12697, 4365, 3747, 17296, 11904, 74, 7047, 10639, 13094, 940, 10478, 2032, 6642, 14896, 10840, 5430, 5556, 12597, 2183, 18403, 4252, 14613, 18283, 8790, 12140, 13540, 13353, 14114, 13297, 4056, 14038, 11299, 13770, 11433, 14285, 1526, 1955, 15711, 255, 12481, 612, 1635, 4886, 357, 11434, 9524, 13106, 2607, 5391, 9406, 2331, 624, 2749, 17849, 9829, 11436, 18426, 9481, 18550, 15647, 532, 11720, 11824, 15610, 15741, 7902, 13558, 17967, 14539, 17889, 4631, 1238, 16921, 7787, 15293, 3108, 8215, 2851, 4514, 12938, 16730, 17178, 4890, 17960, 4725, 7917, 3191, 8231, 16341, 8195, 10913, 2173, 5557, 2637, 16896, 5806, 1815, 1451, 8864, 2290, 12108, 5328, 6203, 2431, 7508, 17898, 17188, 6897, 1199, 15526, 18437, 6631, 8644, 16917, 14964, 14233, 2454, 584, 4830, 7199, 4180, 14889, 5761, 13756, 6917, 7756, 18880, 15095, 1816, 14070, 16252, 7429, 16589, 1631, 15968, 15221, 12478, 18594, 1477, 5637, 12058, 1205, 13397, 9107, 18654, 1968, 3759, 13147, 14144, 14973, 12452, 18020, 13592, 17920, 13687, 11335, 7207, 418, 7834, 778, 12982, 10688, 9031, 509, 9601, 9780, 17040, 12023, 3916, 91, 6536, 18535, 7547, 15240, 707, 14533, 15064, 17012, 16805, 8637, 5969, 16221, 1940, 13307, 4717, 12615, 18220, 11028, 12170, 1743, 2376, 12415, 14220, 18827, 1294, 18543, 6977, 15309, 11778, 11842, 17103, 3857, 4637, 12162, 19169, 17166, 18237, 17818, 9507, 19022, 5790, 19112, 15611, 1118, 15184, 18703, 1817, 15530, 16579, 8437, 11839, 11378, 3537, 9205, 9217, 16272, 18759, 16828, 12002, 8348, 1723, 3481, 14115, 379, 8544, 264, 6015, 7672, 2253, 7364, 3706, 13796, 17139, 16125, 12059, 9623, 7185, 2418, 18230, 3087, 281, 4379, 1796, 8459, 4400, 17824, 2736, 16446, 13525, 15341, 3275, 7872, 1662, 7557, 4319, 15442, 7181, 10456, 4963, 17048, 16943, 12784, 3441, 5240, 9975, 13216, 17702, 11594, 13554, 6165, 19168, 16070, 3540, 3262, 10661, 4061, 13173, 2875, 17014, 4349, 10818, 8428, 16764, 14232, 8930, 15734, 17680, 7069, 15684, 17050, 18987, 6914, 6863, 19263, 10595, 150, 10039, 2722, 18223, 16444, 6559, 7258, 2661, 7699, 17136, 12773, 4247, 5723, 15194, 1696, 1500, 2807, 9893, 11835, 13240, 18313, 17107, 10265, 10244, 5570, 2862, 14049, 1012, 12861, 723, 9583, 17461, 10056, 1264, 8297, 3716, 14666, 15259, 13531, 543, 13723, 16810, 6700, 3516, 13766, 7186, 10692, 6321, 15484, 14547, 8744, 3703, 10383, 16829, 6366, 6846, 3906, 2021, 18133, 857, 279, 12232, 10212, 10541, 12325, 13475, 1225, 937, 6966, 10881, 16936, 18502, 1440, 11914, 3326, 5633, 14913, 4623, 10743, 12361, 17335, 1072, 5043, 14810, 15077, 3255, 17215, 6553, 17852, 4801, 6962, 3060, 9430, 8799, 13824, 188, 15175, 15163, 4733, 5011, 3536, 17635, 6532, 14071, 6112, 17158, 6597, 11272, 105, 19219, 5013, 12483, 201, 6848, 17033, 6367, 7859, 14702, 18844, 7053, 18694, 15670, 636, 10129, 6378, 5369, 7273, 16247, 9142, 15345, 16817, 14854, 2600, 15783, 889, 11833, 6612, 2068, 2427, 7062, 7918, 16181, 5464, 8339, 8950, 8453, 16423, 6064, 2380, 4268, 13929, 12974, 19141, 1299, 2484, 3883, 3273, 8772, 13256, 11239, 5766, 18098, 12705, 11004, 2695, 10048, 10960, 2766, 15661, 13258, 8015, 6032, 16397, 7749, 19039, 7634, 15076, 4234, 15114, 8475, 8091, 19220, 18004, 9704, 13918, 15569, 16443, 10015, 9943, 7817, 9349, 2588, 8249, 398, 5316, 15538, 18372, 13559, 2937, 2803, 16248, 6155, 630, 9911, 13190, 19157, 15788, 13248, 13148, 1320, 12074, 8471, 8798, 3213, 12418, 814, 2402, 12718, 12397, 10564, 9875, 10128, 6947, 9491, 17707, 3266, 19196, 14309, 18523, 19043, 17975, 18063, 11618, 15016, 14434, 7680, 1739, 18029, 11694, 1745, 9271, 5189, 9561, 11283, 14978, 10753, 16017, 12914, 978, 2828, 17257, 13135, 5061, 121, 6602, 16015, 19271, 12159, 1244, 8260, 13195, 15873, 12815, 14291, 14515, 118, 4892, 14985, 9551, 12654, 4739, 927, 12176, 9523, 11726, 18187, 5880, 2569, 3386, 13942, 3390, 15774, 129, 65, 12922, 8422, 12692, 16213, 11515, 2111, 8347, 10758, 14064, 4401, 17782, 15621, 6709, 14716, 4091, 13964, 8424, 4218, 7249, 11311, 11171, 18564, 14755, 7114, 14009, 14815, 294, 495, 7684, 6833, 4046, 3505, 16995, 17858, 7761, 15803, 9840, 13958, 8226, 10369, 12497, 17142, 1748, 2854, 7159, 11539, 11055, 13337, 17173, 14214, 6803, 11144, 12649, 283, 15489, 13174, 7015, 610, 7030, 18206, 14077, 15468, 14962, 8046, 7809, 17387, 16034, 16678, 1173, 3502, 12942, 15655, 16859, 7099, 1673, 446, 1365, 5881, 3713, 11697, 1897, 16001, 1702, 14149, 11876, 9341, 4325, 6923, 2001, 138, 3276, 18716, 17604, 10501, 115, 12800, 6111, 11148, 4549, 16057, 4707, 6843, 16091, 4295, 7519, 13708, 12409, 11018, 5052, 13566, 14715, 12755, 793, 10837, 1888, 12375, 3935, 5763, 11791, 11258, 13264, 11469, 4683, 8905, 1853, 11600, 4421, 2798, 5074, 18141, 13807, 8595, 8126, 13837, 8060, 6956, 11767, 14560, 9389, 15261, 1232, 12560, 7262, 11504, 3546, 4627, 1177, 517, 4008, 9219, 17696, 4148, 14124, 13243, 11235, 7561, 8331, 16320, 3591, 11341, 4015, 12028, 14929, 18601, 3528, 14065, 1510, 19191, 13833, 17616, 10869, 17689, 831, 16725, 6319, 15465, 10467, 8162, 13563, 7728, 10778, 13545, 12290, 16480, 14401, 12838, 4212, 17529, 4832, 15111, 12690, 10373, 7596, 18614, 17477, 1043, 13100, 4774, 17479, 3774, 9302, 3901, 13071, 6412, 9516, 1261, 3054, 13522, 17602, 14343, 18500, 10957, 2791, 9624, 3634, 17904, 5709, 14670, 11058, 7087, 7435, 13848, 82, 5565, 2562, 14029, 3583, 1676, 12709, 18473, 3158, 12787, 8068, 8263, 16146, 3593, 1802, 1861, 3348, 4487, 17749, 6105, 10471, 17472, 10200, 1182, 14180, 1076, 10156, 4839, 9903, 4879, 9720, 2157, 15344, 16067, 3064, 17182, 5368, 4987, 18484, 18923, 11896, 1052, 15727, 15289, 5885, 1933, 5251, 17072, 6038, 6195, 13524, 6606, 18506, 17536, 6784, 3231, 14121, 8925, 10030, 803, 13764, 146, 19268, 14099, 4130, 16372, 1537, 12248, 13718, 17187, 11728, 1740, 19233, 5600, 4092, 4779, 6028, 3395, 16152, 19150, 2417, 11980, 11237, 8427, 18127, 3538, 9257, 607, 2078, 18457, 5802, 3435, 15019, 4256, 9221, 13465, 11742, 5788, 9528, 17493, 4607, 3131, 6616, 5356, 1550, 4617, 8827, 849, 2601, 4437, 17861, 10261, 15704, 3890, 8149, 12063, 3086, 15925, 12301, 6847, 5603, 7768, 3187, 13372, 9258, 6584, 7594, 2603, 1835, 17380, 17193, 15251, 15937, 18731, 4082, 14911, 16626, 8824, 16208, 10167, 17711, 9678, 15852, 13620, 16479, 14586, 2446, 4866, 1315, 7746, 10615, 7927, 2443, 7157, 13506, 18410, 10494]",6362,1500,3,False,1500
3716,iot cleaning,calendar set,9,True,False,False,"{21: 26, 33: 14, 2: 18, 29: 13, 25: 57, 43: 9, 57: 16, 49: 16, 61: 14, 67: 52, 65: 21, 50: 28, 15: 53, 6: 13, 46: 15, 27: 69, 7: 65, 48: 67, 19: 21, 31: 14, 63: 26, 22: 39, 9: 79, 26: 40, 47: 15, 53: 66, 11: 19, 51: 26, 54: 9, 13: 32, 17: 37, 52: 30, 39: 27, 38: 19, 1: 6, 59: 33, 56: 23, 32: 9, 8: 25, 4: 12, 20: 26, 24: 7, 18: 31, 42: 7, 28: 31, 45: 57, 0: 13, 66: 11, 62: 11, 35: 7, 64: 15, 37: 2, 40: 25, 3: 3, 14: 5, 12: 8, 16: 15, 55: 16, 30: 13, 58: 6, 36: 4, 60: 5, 5: 3, 41: 2, 44: 2, 34: 2}","[12686, 3384, 6034, 14374, 14516, 14680, 18580, 5912, 661, 4433, 14182, 14634, 14672, 13694, 17233, 12320, 12666, 7276, 14925, 15315, 1125, 14820, 3769, 14096, 12401, 14972, 14176, 4685, 4278, 5735, 7514, 16051, 15882, 4696, 17145, 19193, 12994, 9901, 13641, 15193, 6739, 9240, 1608, 14664, 18117, 5676, 15714, 5964, 5329, 16651, 15936, 14441, 15878, 18316, 14255, 18692, 5858, 4640, 10716, 13839, 16635, 2097, 11464, 12427, 2320, 14629, 7617, 16183, 16205, 2170, 4384, 6683, 5285, 18707, 6780, 4231, 2404, 4895, 18091, 2944, 13054, 3904, 3491, 9455, 15985, 10432, 8657, 15304, 9114, 5838, 5197, 17244, 6207, 3970, 17246, 3950, 6168, 8697, 6800, 9942, 11118, 8582, 6355, 15275, 4581, 12724, 11921, 1833, 523, 7619, 15729, 176, 8576, 3101, 1573, 1283, 11796, 11277, 2547, 1738, 6806, 15187, 7129, 5179, 5854, 16373, 9231, 6270, 777, 2062, 13249, 4144, 6325, 3924, 5350, 14414, 3142, 2249, 6444, 13582, 2833, 18030, 6483, 18404, 15057, 7482, 15001, 15872, 14584, 10835, 954, 7257, 1381, 17819, 17518, 6497, 14430, 4901, 16466, 10805, 132, 7506, 755, 14427, 12119, 16613, 19042, 14994, 11257, 8042, 2144, 5966, 1580, 8010, 2550, 10684, 14088, 5037, 8764, 17076, 14185, 15984, 5299, 16601, 19182, 13197, 14561, 12605, 17010, 2703, 6715, 11207, 10188, 212, 2293, 17676, 1720, 5934, 112, 8568, 15870, 3226, 4524, 4431, 5141, 5383, 7609, 12807, 19001, 14368, 6704, 14903, 4172, 117, 18698, 1699, 16558, 7518, 10618, 2110, 10308, 7828, 6623, 17644, 4449, 951, 13858, 15106, 8402, 916, 4771, 8608, 6448, 6656, 13547, 2814, 8336, 8093, 6398, 637, 9909, 10621, 786, 14146, 17292, 9457, 3, 2884, 14785, 10504, 16361, 8181, 17690, 654, 11067, 18741, 386, 18208, 10130, 8079, 7082, 14740, 8076, 18619, 14428, 10992, 12679, 9431, 18328, 13606, 7641, 13542, 1002, 11975, 15646, 19078, 1352, 8683, 16053, 11763, 14823, 7059, 4995, 3754, 6213, 10090, 19084, 1973, 8131, 5353, 836, 13960, 3217, 4885, 9645, 16941, 14750, 13171, 9132, 1355, 4440, 15747, 8233, 6008, 12781, 16749, 13905, 18198, 5033, 2910, 16502, 1233, 965, 16926, 3944, 13518, 18213, 12739, 9972, 14609, 5764, 6128, 9532, 12680, 3672, 5458, 6822, 11547, 3163, 8040, 14081, 8369, 18182, 17541, 11552, 12451, 15074, 1783, 17730, 1690, 16992, 2490, 2459, 18065, 320, 18311, 45, 9495, 4572, 544, 12731, 16811, 15096, 14957, 4594, 16607, 2449, 7791, 13659, 8892, 1713, 17336, 6598, 13832, 10495, 18937, 3067, 3473, 12715, 13492, 14787, 16503, 17899, 16638, 2408, 7141, 10590, 2917, 14650, 12571, 4321, 2855, 1829, 3736, 3381, 11069, 16093, 15201, 14311, 9836, 18289, 16899, 897, 13981, 12223, 8884, 15721, 7778, 13648, 5737, 6550, 19249, 2715, 447, 12941, 8915, 18963, 16291, 760, 5869, 3635, 3439, 6740, 5003, 3174, 2945, 16056, 4860, 11216, 7363, 1147, 12124, 9764, 11245, 4361, 7784, 16285, 17057, 11203, 5114, 17655, 12056, 17890, 7741, 15799, 10258, 16088, 19222, 15303, 1433, 5991, 322, 2322, 3156, 9940, 7814, 17068, 16968, 10018, 1991, 11946, 8705, 10371, 4619, 11074, 2034, 15550, 11743, 18666, 13494, 14175, 13948, 15123, 11154, 10397, 1701, 4770, 839, 12085, 16500, 16241, 1535, 18782, 2221, 539, 18405, 4245, 103, 1571, 16945, 12196, 9441, 1732, 1367, 3596, 4794, 7230, 5245, 17483, 2955, 2003, 11509, 4044, 12934, 3456, 16693, 593, 4582, 14076, 10972, 1965, 7227, 14324, 8658, 3772, 8355, 11889, 1908, 2684, 10026, 1666, 16507, 5589, 9295, 8389, 2099, 18653, 13808, 19147, 6675, 10970, 2788, 19028, 16983, 16166, 9845, 8160, 11381, 10088, 10333, 11716, 14695, 12697, 4365, 3747, 17296, 11904, 74, 7047, 10639, 13094, 940, 10478, 2032, 6642, 14896, 10840, 5430, 5556, 12597, 2183, 18403, 4252, 14613, 18283, 8790, 12140, 13540, 13353, 14114, 13297, 4056, 14038, 11299, 13770, 11433, 14285, 1526, 1955, 15711, 255, 12481, 612, 1635, 4886, 357, 11434, 9524, 13106, 2607, 5391, 9406, 2331, 624, 2749, 17849, 9829, 11436, 18426, 9481, 18550, 15647, 532, 11720, 11824, 15610, 15741, 7902, 13558, 17967, 14539, 17889, 4631, 1238, 16921, 7787, 15293, 3108, 8215, 2851, 4514, 12938, 16730, 17178, 4890, 17960, 4725, 7917, 3191, 8231, 16341, 8195, 10913, 2173, 5557, 2637, 16896, 5806, 1815, 1451, 8864, 2290, 12108, 5328, 6203, 2431, 7508, 17898, 17188, 6897, 1199, 15526, 18437, 6631, 8644, 16917, 14964, 14233, 2454, 584, 4830, 7199, 4180, 14889, 5761, 13756, 6917, 7756, 18880, 15095, 1816, 14070, 16252, 7429, 16589, 1631, 15968, 15221, 12478, 18594, 1477, 5637, 12058, 1205, 13397, 9107, 18654, 1968, 3759, 13147, 14144, 14973, 12452, 18020, 13592, 17920, 13687, 11335, 7207, 418, 7834, 778, 12982, 10688, 9031, 509, 9601, 9780, 17040, 12023, 3916, 91, 6536, 18535, 7547, 15240, 707, 14533, 15064, 17012, 16805, 8637, 5969, 16221, 1940, 13307, 4717, 12615, 18220, 11028, 12170, 1743, 2376, 12415, 14220, 18827, 1294, 18543, 6977, 15309, 11778, 11842, 17103, 3857, 4637, 12162, 19169, 17166, 18237, 17818, 9507, 19022, 5790, 19112, 15611, 1118, 15184, 18703, 1817, 15530, 16579, 8437, 11839, 11378, 3537, 9205, 9217, 16272, 18759, 16828, 12002, 8348, 1723, 3481, 14115, 379, 8544, 264, 6015, 7672, 2253, 7364, 3706, 13796, 17139, 16125, 12059, 9623, 7185, 2418, 18230, 3087, 281, 4379, 1796, 8459, 4400, 17824, 2736, 16446, 13525, 15341, 3275, 7872, 1662, 7557, 4319, 15442, 7181, 10456, 4963, 17048, 16943, 12784, 3441, 5240, 9975, 13216, 17702, 11594, 13554, 6165, 19168, 16070, 3540, 3262, 10661, 4061, 13173, 2875, 17014, 4349, 10818, 8428, 16764, 14232, 8930, 15734, 17680, 7069, 15684, 17050, 18987, 6914, 6863, 19263, 10595, 150, 10039, 2722, 18223, 16444, 6559, 7258, 2661, 7699, 17136, 12773, 4247, 5723, 15194, 1696, 1500, 2807, 9893, 11835, 13240, 18313, 17107, 10265, 10244, 5570, 2862, 14049, 1012, 12861, 723, 9583, 17461, 10056, 1264, 8297, 3716, 14666, 15259, 13531, 543, 13723, 16810, 6700, 3516, 13766, 7186, 10692, 6321, 15484, 14547, 8744, 3703, 10383, 16829, 6366, 6846, 3906, 2021, 18133, 857, 279, 12232, 10212, 10541, 12325, 13475, 1225, 937, 6966, 10881, 16936, 18502, 1440, 11914, 3326, 5633, 14913, 4623, 10743, 12361, 17335, 1072, 5043, 14810, 15077, 3255, 17215, 6553, 17852, 4801, 6962, 3060, 9430, 8799, 13824, 188, 15175, 15163, 4733, 5011, 3536, 17635, 6532, 14071, 6112, 17158, 6597, 11272, 105, 19219, 5013, 12483, 201, 6848, 17033, 6367, 7859, 14702, 18844, 7053, 18694, 15670, 636, 10129, 6378, 5369, 7273, 16247, 9142, 15345, 16817, 14854, 2600, 15783, 889, 11833, 6612, 2068, 2427, 7062, 7918, 16181, 5464, 8339, 8950, 8453, 16423, 6064, 2380, 4268, 13929, 12974, 19141, 1299, 2484, 3883, 3273, 8772, 13256, 11239, 5766, 18098, 12705, 11004, 2695, 10048, 10960, 2766, 15661, 13258, 8015, 6032, 16397, 7749, 19039, 7634, 15076, 4234, 15114, 8475, 8091, 19220, 18004, 9704, 13918, 15569, 16443, 10015, 9943, 7817, 9349, 2588, 8249, 398, 5316, 15538, 18372, 13559, 2937, 2803, 16248, 6155, 630, 9911, 13190, 19157, 15788, 13248, 13148, 1320, 12074, 8471, 8798, 3213, 12418, 814, 2402, 12718, 12397, 10564, 9875, 10128, 6947, 9491, 17707, 3266, 19196, 14309, 18523, 19043, 17975, 18063, 11618, 15016, 14434, 7680, 1739, 18029, 11694, 1745, 9271, 5189, 9561, 11283, 14978, 10753, 16017, 12914, 978, 2828, 17257, 13135, 5061, 121, 6602, 16015, 19271, 12159, 1244, 8260, 13195, 15873, 12815, 14291, 14515, 118, 4892, 14985, 9551, 12654, 4739, 927, 12176, 9523, 11726, 18187, 5880, 2569, 3386, 13942, 3390, 15774, 129, 65, 12922, 8422, 12692, 16213, 11515, 2111, 8347, 10758, 14064, 4401, 17782, 15621, 6709, 14716, 4091, 13964, 8424, 4218, 7249, 11311, 11171, 18564, 14755, 7114, 14009, 14815, 294, 495, 7684, 6833, 4046, 3505, 16995, 17858, 7761, 15803, 9840, 13958, 8226, 10369, 12497, 17142, 1748, 2854, 7159, 11539, 11055, 13337, 17173, 14214, 6803, 11144, 12649, 283, 15489, 13174, 7015, 610, 7030, 18206, 14077, 15468, 14962, 8046, 7809, 17387, 16034, 16678, 1173, 3502, 12942, 15655, 16859, 7099, 1673, 446, 1365, 5881, 3713, 11697, 1897, 16001, 1702, 14149, 11876, 9341, 4325, 6923, 2001, 138, 3276, 18716, 17604, 10501, 115, 12800, 6111, 11148, 4549, 16057, 4707, 6843, 16091, 4295, 7519, 13708, 12409, 11018, 5052, 13566, 14715, 12755, 793, 10837, 1888, 12375, 3935, 5763, 11791, 11258, 13264, 11469, 4683, 8905, 1853, 11600, 4421, 2798, 5074, 18141, 13807, 8595, 8126, 13837, 8060, 6956, 11767, 14560, 9389, 15261, 1232, 12560, 7262, 11504, 3546, 4627, 1177, 517, 4008, 9219, 17696, 4148, 14124, 13243, 11235, 7561, 8331, 16320, 3591, 11341, 4015, 12028, 14929, 18601, 3528, 14065, 1510, 19191, 13833, 17616, 10869, 17689, 831, 16725, 6319, 15465, 10467, 8162, 13563, 7728, 10778, 13545, 12290, 16480, 14401, 12838, 4212, 17529, 4832, 15111, 12690, 10373, 7596, 18614, 17477, 1043, 13100, 4774, 17479, 3774, 9302, 3901, 13071, 6412, 9516, 1261, 3054, 13522, 17602, 14343, 18500, 10957, 2791, 9624, 3634, 17904, 5709, 14670, 11058, 7087, 7435, 13848, 82, 5565, 2562, 14029, 3583, 1676, 12709, 18473, 3158, 12787, 8068, 8263, 16146, 3593, 1802, 1861, 3348, 4487, 17749, 6105, 10471, 17472, 10200, 1182, 14180, 1076, 10156, 4839, 9903, 4879, 9720, 2157, 15344, 16067, 3064, 17182, 5368, 4987, 18484, 18923, 11896, 1052, 15727, 15289, 5885, 1933, 5251, 17072, 6038, 6195, 13524, 6606, 18506, 17536, 6784, 3231, 14121, 8925, 10030, 803, 13764, 146, 19268, 14099, 4130, 16372, 1537, 12248, 13718, 17187, 11728, 1740, 19233, 5600, 4092, 4779, 6028, 3395, 16152, 19150, 2417, 11980, 11237, 8427, 18127, 3538, 9257, 607, 2078, 18457, 5802, 3435, 15019, 4256, 9221, 13465, 11742, 5788, 9528, 17493, 4607, 3131, 6616, 5356, 1550, 4617, 8827, 849, 2601, 4437, 17861, 10261, 15704, 3890, 8149, 12063, 3086, 15925, 12301, 6847, 5603, 7768, 3187, 13372, 9258, 6584, 7594, 2603, 1835, 17380, 17193, 15251, 15937, 18731, 4082, 14911, 16626, 8824, 16208, 10167, 17711, 9678, 15852, 13620, 16479, 14586, 2446, 4866, 1315, 7746, 10615, 7927, 2443, 7157, 13506, 18410, 10494]",3716,1500,3,False,1500
4686,qa factoid,qa fact,53,True,True,False,"{21: 26, 33: 14, 2: 18, 29: 13, 25: 57, 43: 9, 57: 16, 49: 16, 61: 14, 67: 52, 65: 21, 50: 28, 15: 53, 6: 13, 46: 15, 27: 69, 7: 65, 48: 67, 19: 21, 31: 14, 63: 26, 22: 39, 9: 79, 26: 40, 47: 15, 53: 66, 11: 19, 51: 26, 54: 9, 13: 32, 17: 37, 52: 30, 39: 27, 38: 19, 1: 6, 59: 33, 56: 23, 32: 9, 8: 25, 4: 12, 20: 26, 24: 7, 18: 31, 42: 7, 28: 31, 45: 57, 0: 13, 66: 11, 62: 11, 35: 7, 64: 15, 37: 2, 40: 25, 3: 3, 14: 5, 12: 8, 16: 15, 55: 16, 30: 13, 58: 6, 36: 4, 60: 5, 5: 3, 41: 2, 44: 2, 34: 2}","[12686, 3384, 6034, 14374, 14516, 14680, 18580, 5912, 661, 4433, 14182, 14634, 14672, 13694, 17233, 12320, 12666, 7276, 14925, 15315, 1125, 14820, 3769, 14096, 12401, 14972, 14176, 4685, 4278, 5735, 7514, 16051, 15882, 4696, 17145, 19193, 12994, 9901, 13641, 15193, 6739, 9240, 1608, 14664, 18117, 5676, 15714, 5964, 5329, 16651, 15936, 14441, 15878, 18316, 14255, 18692, 5858, 4640, 10716, 13839, 16635, 2097, 11464, 12427, 2320, 14629, 7617, 16183, 16205, 2170, 4384, 6683, 5285, 18707, 6780, 4231, 2404, 4895, 18091, 2944, 13054, 3904, 3491, 9455, 15985, 10432, 8657, 15304, 9114, 5838, 5197, 17244, 6207, 3970, 17246, 3950, 6168, 8697, 6800, 9942, 11118, 8582, 6355, 15275, 4581, 12724, 11921, 1833, 523, 7619, 15729, 176, 8576, 3101, 1573, 1283, 11796, 11277, 2547, 1738, 6806, 15187, 7129, 5179, 5854, 16373, 9231, 6270, 777, 2062, 13249, 4144, 6325, 3924, 5350, 14414, 3142, 2249, 6444, 13582, 2833, 18030, 6483, 18404, 15057, 7482, 15001, 15872, 14584, 10835, 954, 7257, 1381, 17819, 17518, 6497, 14430, 4901, 16466, 10805, 132, 7506, 755, 14427, 12119, 16613, 19042, 14994, 11257, 8042, 2144, 5966, 1580, 8010, 2550, 10684, 14088, 5037, 8764, 17076, 14185, 15984, 5299, 16601, 19182, 13197, 14561, 12605, 17010, 2703, 6715, 11207, 10188, 212, 2293, 17676, 1720, 5934, 112, 8568, 15870, 3226, 4524, 4431, 5141, 5383, 7609, 12807, 19001, 14368, 6704, 14903, 4172, 117, 18698, 1699, 16558, 7518, 10618, 2110, 10308, 7828, 6623, 17644, 4449, 951, 13858, 15106, 8402, 916, 4771, 8608, 6448, 6656, 13547, 2814, 8336, 8093, 6398, 637, 9909, 10621, 786, 14146, 17292, 9457, 3, 2884, 14785, 10504, 16361, 8181, 17690, 654, 11067, 18741, 386, 18208, 10130, 8079, 7082, 14740, 8076, 18619, 14428, 10992, 12679, 9431, 18328, 13606, 7641, 13542, 1002, 11975, 15646, 19078, 1352, 8683, 16053, 11763, 14823, 7059, 4995, 3754, 6213, 10090, 19084, 1973, 8131, 5353, 836, 13960, 3217, 4885, 9645, 16941, 14750, 13171, 9132, 1355, 4440, 15747, 8233, 6008, 12781, 16749, 13905, 18198, 5033, 2910, 16502, 1233, 965, 16926, 3944, 13518, 18213, 12739, 9972, 14609, 5764, 6128, 9532, 12680, 3672, 5458, 6822, 11547, 3163, 8040, 14081, 8369, 18182, 17541, 11552, 12451, 15074, 1783, 17730, 1690, 16992, 2490, 2459, 18065, 320, 18311, 45, 9495, 4572, 544, 12731, 16811, 15096, 14957, 4594, 16607, 2449, 7791, 13659, 8892, 1713, 17336, 6598, 13832, 10495, 18937, 3067, 3473, 12715, 13492, 14787, 16503, 17899, 16638, 2408, 7141, 10590, 2917, 14650, 12571, 4321, 2855, 1829, 3736, 3381, 11069, 16093, 15201, 14311, 9836, 18289, 16899, 897, 13981, 12223, 8884, 15721, 7778, 13648, 5737, 6550, 19249, 2715, 447, 12941, 8915, 18963, 16291, 760, 5869, 3635, 3439, 6740, 5003, 3174, 2945, 16056, 4860, 11216, 7363, 1147, 12124, 9764, 11245, 4361, 7784, 16285, 17057, 11203, 5114, 17655, 12056, 17890, 7741, 15799, 10258, 16088, 19222, 15303, 1433, 5991, 322, 2322, 3156, 9940, 7814, 17068, 16968, 10018, 1991, 11946, 8705, 10371, 4619, 11074, 2034, 15550, 11743, 18666, 13494, 14175, 13948, 15123, 11154, 10397, 1701, 4770, 839, 12085, 16500, 16241, 1535, 18782, 2221, 539, 18405, 4245, 103, 1571, 16945, 12196, 9441, 1732, 1367, 3596, 4794, 7230, 5245, 17483, 2955, 2003, 11509, 4044, 12934, 3456, 16693, 593, 4582, 14076, 10972, 1965, 7227, 14324, 8658, 3772, 8355, 11889, 1908, 2684, 10026, 1666, 16507, 5589, 9295, 8389, 2099, 18653, 13808, 19147, 6675, 10970, 2788, 19028, 16983, 16166, 9845, 8160, 11381, 10088, 10333, 11716, 14695, 12697, 4365, 3747, 17296, 11904, 74, 7047, 10639, 13094, 940, 10478, 2032, 6642, 14896, 10840, 5430, 5556, 12597, 2183, 18403, 4252, 14613, 18283, 8790, 12140, 13540, 13353, 14114, 13297, 4056, 14038, 11299, 13770, 11433, 14285, 1526, 1955, 15711, 255, 12481, 612, 1635, 4886, 357, 11434, 9524, 13106, 2607, 5391, 9406, 2331, 624, 2749, 17849, 9829, 11436, 18426, 9481, 18550, 15647, 532, 11720, 11824, 15610, 15741, 7902, 13558, 17967, 14539, 17889, 4631, 1238, 16921, 7787, 15293, 3108, 8215, 2851, 4514, 12938, 16730, 17178, 4890, 17960, 4725, 7917, 3191, 8231, 16341, 8195, 10913, 2173, 5557, 2637, 16896, 5806, 1815, 1451, 8864, 2290, 12108, 5328, 6203, 2431, 7508, 17898, 17188, 6897, 1199, 15526, 18437, 6631, 8644, 16917, 14964, 14233, 2454, 584, 4830, 7199, 4180, 14889, 5761, 13756, 6917, 7756, 18880, 15095, 1816, 14070, 16252, 7429, 16589, 1631, 15968, 15221, 12478, 18594, 1477, 5637, 12058, 1205, 13397, 9107, 18654, 1968, 3759, 13147, 14144, 14973, 12452, 18020, 13592, 17920, 13687, 11335, 7207, 418, 7834, 778, 12982, 10688, 9031, 509, 9601, 9780, 17040, 12023, 3916, 91, 6536, 18535, 7547, 15240, 707, 14533, 15064, 17012, 16805, 8637, 5969, 16221, 1940, 13307, 4717, 12615, 18220, 11028, 12170, 1743, 2376, 12415, 14220, 18827, 1294, 18543, 6977, 15309, 11778, 11842, 17103, 3857, 4637, 12162, 19169, 17166, 18237, 17818, 9507, 19022, 5790, 19112, 15611, 1118, 15184, 18703, 1817, 15530, 16579, 8437, 11839, 11378, 3537, 9205, 9217, 16272, 18759, 16828, 12002, 8348, 1723, 3481, 14115, 379, 8544, 264, 6015, 7672, 2253, 7364, 3706, 13796, 17139, 16125, 12059, 9623, 7185, 2418, 18230, 3087, 281, 4379, 1796, 8459, 4400, 17824, 2736, 16446, 13525, 15341, 3275, 7872, 1662, 7557, 4319, 15442, 7181, 10456, 4963, 17048, 16943, 12784, 3441, 5240, 9975, 13216, 17702, 11594, 13554, 6165, 19168, 16070, 3540, 3262, 10661, 4061, 13173, 2875, 17014, 4349, 10818, 8428, 16764, 14232, 8930, 15734, 17680, 7069, 15684, 17050, 18987, 6914, 6863, 19263, 10595, 150, 10039, 2722, 18223, 16444, 6559, 7258, 2661, 7699, 17136, 12773, 4247, 5723, 15194, 1696, 1500, 2807, 9893, 11835, 13240, 18313, 17107, 10265, 10244, 5570, 2862, 14049, 1012, 12861, 723, 9583, 17461, 10056, 1264, 8297, 3716, 14666, 15259, 13531, 543, 13723, 16810, 6700, 3516, 13766, 7186, 10692, 6321, 15484, 14547, 8744, 3703, 10383, 16829, 6366, 6846, 3906, 2021, 18133, 857, 279, 12232, 10212, 10541, 12325, 13475, 1225, 937, 6966, 10881, 16936, 18502, 1440, 11914, 3326, 5633, 14913, 4623, 10743, 12361, 17335, 1072, 5043, 14810, 15077, 3255, 17215, 6553, 17852, 4801, 6962, 3060, 9430, 8799, 13824, 188, 15175, 15163, 4733, 5011, 3536, 17635, 6532, 14071, 6112, 17158, 6597, 11272, 105, 19219, 5013, 12483, 201, 6848, 17033, 6367, 7859, 14702, 18844, 7053, 18694, 15670, 636, 10129, 6378, 5369, 7273, 16247, 9142, 15345, 16817, 14854, 2600, 15783, 889, 11833, 6612, 2068, 2427, 7062, 7918, 16181, 5464, 8339, 8950, 8453, 16423, 6064, 2380, 4268, 13929, 12974, 19141, 1299, 2484, 3883, 3273, 8772, 13256, 11239, 5766, 18098, 12705, 11004, 2695, 10048, 10960, 2766, 15661, 13258, 8015, 6032, 16397, 7749, 19039, 7634, 15076, 4234, 15114, 8475, 8091, 19220, 18004, 9704, 13918, 15569, 16443, 10015, 9943, 7817, 9349, 2588, 8249, 398, 5316, 15538, 18372, 13559, 2937, 2803, 16248, 6155, 630, 9911, 13190, 19157, 15788, 13248, 13148, 1320, 12074, 8471, 8798, 3213, 12418, 814, 2402, 12718, 12397, 10564, 9875, 10128, 6947, 9491, 17707, 3266, 19196, 14309, 18523, 19043, 17975, 18063, 11618, 15016, 14434, 7680, 1739, 18029, 11694, 1745, 9271, 5189, 9561, 11283, 14978, 10753, 16017, 12914, 978, 2828, 17257, 13135, 5061, 121, 6602, 16015, 19271, 12159, 1244, 8260, 13195, 15873, 12815, 14291, 14515, 118, 4892, 14985, 9551, 12654, 4739, 927, 12176, 9523, 11726, 18187, 5880, 2569, 3386, 13942, 3390, 15774, 129, 65, 12922, 8422, 12692, 16213, 11515, 2111, 8347, 10758, 14064, 4401, 17782, 15621, 6709, 14716, 4091, 13964, 8424, 4218, 7249, 11311, 11171, 18564, 14755, 7114, 14009, 14815, 294, 495, 7684, 6833, 4046, 3505, 16995, 17858, 7761, 15803, 9840, 13958, 8226, 10369, 12497, 17142, 1748, 2854, 7159, 11539, 11055, 13337, 17173, 14214, 6803, 11144, 12649, 283, 15489, 13174, 7015, 610, 7030, 18206, 14077, 15468, 14962, 8046, 7809, 17387, 16034, 16678, 1173, 3502, 12942, 15655, 16859, 7099, 1673, 446, 1365, 5881, 3713, 11697, 1897, 16001, 1702, 14149, 11876, 9341, 4325, 6923, 2001, 138, 3276, 18716, 17604, 10501, 115, 12800, 6111, 11148, 4549, 16057, 4707, 6843, 16091, 4295, 7519, 13708, 12409, 11018, 5052, 13566, 14715, 12755, 793, 10837, 1888, 12375, 3935, 5763, 11791, 11258, 13264, 11469, 4683, 8905, 1853, 11600, 4421, 2798, 5074, 18141, 13807, 8595, 8126, 13837, 8060, 6956, 11767, 14560, 9389, 15261, 1232, 12560, 7262, 11504, 3546, 4627, 1177, 517, 4008, 9219, 17696, 4148, 14124, 13243, 11235, 7561, 8331, 16320, 3591, 11341, 4015, 12028, 14929, 18601, 3528, 14065, 1510, 19191, 13833, 17616, 10869, 17689, 831, 16725, 6319, 15465, 10467, 8162, 13563, 7728, 10778, 13545, 12290, 16480, 14401, 12838, 4212, 17529, 4832, 15111, 12690, 10373, 7596, 18614, 17477, 1043, 13100, 4774, 17479, 3774, 9302, 3901, 13071, 6412, 9516, 1261, 3054, 13522, 17602, 14343, 18500, 10957, 2791, 9624, 3634, 17904, 5709, 14670, 11058, 7087, 7435, 13848, 82, 5565, 2562, 14029, 3583, 1676, 12709, 18473, 3158, 12787, 8068, 8263, 16146, 3593, 1802, 1861, 3348, 4487, 17749, 6105, 10471, 17472, 10200, 1182, 14180, 1076, 10156, 4839, 9903, 4879, 9720, 2157, 15344, 16067, 3064, 17182, 5368, 4987, 18484, 18923, 11896, 1052, 15727, 15289, 5885, 1933, 5251, 17072, 6038, 6195, 13524, 6606, 18506, 17536, 6784, 3231, 14121, 8925, 10030, 803, 13764, 146, 19268, 14099, 4130, 16372, 1537, 12248, 13718, 17187, 11728, 1740, 19233, 5600, 4092, 4779, 6028, 3395, 16152, 19150, 2417, 11980, 11237, 8427, 18127, 3538, 9257, 607, 2078, 18457, 5802, 3435, 15019, 4256, 9221, 13465, 11742, 5788, 9528, 17493, 4607, 3131, 6616, 5356, 1550, 4617, 8827, 849, 2601, 4437, 17861, 10261, 15704, 3890, 8149, 12063, 3086, 15925, 12301, 6847, 5603, 7768, 3187, 13372, 9258, 6584, 7594, 2603, 1835, 17380, 17193, 15251, 15937, 18731, 4082, 14911, 16626, 8824, 16208, 10167, 17711, 9678, 15852, 13620, 16479, 14586, 2446, 4866, 1315, 7746, 10615, 7927, 2443, 7157, 13506, 18410, 10494]",4686,1500,3,False,1500
260,calendar query,calendar query,7,True,True,True,"{21: 26, 33: 14, 2: 18, 29: 13, 25: 57, 43: 9, 57: 16, 49: 16, 61: 14, 67: 52, 65: 21, 50: 28, 15: 53, 6: 13, 46: 15, 27: 69, 7: 65, 48: 67, 19: 21, 31: 14, 63: 26, 22: 39, 9: 79, 26: 40, 47: 15, 53: 66, 11: 19, 51: 26, 54: 9, 13: 32, 17: 37, 52: 30, 39: 27, 38: 19, 1: 6, 59: 33, 56: 23, 32: 9, 8: 25, 4: 12, 20: 26, 24: 7, 18: 31, 42: 7, 28: 31, 45: 57, 0: 13, 66: 11, 62: 11, 35: 7, 64: 15, 37: 2, 40: 25, 3: 3, 14: 5, 12: 8, 16: 15, 55: 16, 30: 13, 58: 6, 36: 4, 60: 5, 5: 3, 41: 2, 44: 2, 34: 2}","[12686, 3384, 6034, 14374, 14516, 14680, 18580, 5912, 661, 4433, 14182, 14634, 14672, 13694, 17233, 12320, 12666, 7276, 14925, 15315, 1125, 14820, 3769, 14096, 12401, 14972, 14176, 4685, 4278, 5735, 7514, 16051, 15882, 4696, 17145, 19193, 12994, 9901, 13641, 15193, 6739, 9240, 1608, 14664, 18117, 5676, 15714, 5964, 5329, 16651, 15936, 14441, 15878, 18316, 14255, 18692, 5858, 4640, 10716, 13839, 16635, 2097, 11464, 12427, 2320, 14629, 7617, 16183, 16205, 2170, 4384, 6683, 5285, 18707, 6780, 4231, 2404, 4895, 18091, 2944, 13054, 3904, 3491, 9455, 15985, 10432, 8657, 15304, 9114, 5838, 5197, 17244, 6207, 3970, 17246, 3950, 6168, 8697, 6800, 9942, 11118, 8582, 6355, 15275, 4581, 12724, 11921, 1833, 523, 7619, 15729, 176, 8576, 3101, 1573, 1283, 11796, 11277, 2547, 1738, 6806, 15187, 7129, 5179, 5854, 16373, 9231, 6270, 777, 2062, 13249, 4144, 6325, 3924, 5350, 14414, 3142, 2249, 6444, 13582, 2833, 18030, 6483, 18404, 15057, 7482, 15001, 15872, 14584, 10835, 954, 7257, 1381, 17819, 17518, 6497, 14430, 4901, 16466, 10805, 132, 7506, 755, 14427, 12119, 16613, 19042, 14994, 11257, 8042, 2144, 5966, 1580, 8010, 2550, 10684, 14088, 5037, 8764, 17076, 14185, 15984, 5299, 16601, 19182, 13197, 14561, 12605, 17010, 2703, 6715, 11207, 10188, 212, 2293, 17676, 1720, 5934, 112, 8568, 15870, 3226, 4524, 4431, 5141, 5383, 7609, 12807, 19001, 14368, 6704, 14903, 4172, 117, 18698, 1699, 16558, 7518, 10618, 2110, 10308, 7828, 6623, 17644, 4449, 951, 13858, 15106, 8402, 916, 4771, 8608, 6448, 6656, 13547, 2814, 8336, 8093, 6398, 637, 9909, 10621, 786, 14146, 17292, 9457, 3, 2884, 14785, 10504, 16361, 8181, 17690, 654, 11067, 18741, 386, 18208, 10130, 8079, 7082, 14740, 8076, 18619, 14428, 10992, 12679, 9431, 18328, 13606, 7641, 13542, 1002, 11975, 15646, 19078, 1352, 8683, 16053, 11763, 14823, 7059, 4995, 3754, 6213, 10090, 19084, 1973, 8131, 5353, 836, 13960, 3217, 4885, 9645, 16941, 14750, 13171, 9132, 1355, 4440, 15747, 8233, 6008, 12781, 16749, 13905, 18198, 5033, 2910, 16502, 1233, 965, 16926, 3944, 13518, 18213, 12739, 9972, 14609, 5764, 6128, 9532, 12680, 3672, 5458, 6822, 11547, 3163, 8040, 14081, 8369, 18182, 17541, 11552, 12451, 15074, 1783, 17730, 1690, 16992, 2490, 2459, 18065, 320, 18311, 45, 9495, 4572, 544, 12731, 16811, 15096, 14957, 4594, 16607, 2449, 7791, 13659, 8892, 1713, 17336, 6598, 13832, 10495, 18937, 3067, 3473, 12715, 13492, 14787, 16503, 17899, 16638, 2408, 7141, 10590, 2917, 14650, 12571, 4321, 2855, 1829, 3736, 3381, 11069, 16093, 15201, 14311, 9836, 18289, 16899, 897, 13981, 12223, 8884, 15721, 7778, 13648, 5737, 6550, 19249, 2715, 447, 12941, 8915, 18963, 16291, 760, 5869, 3635, 3439, 6740, 5003, 3174, 2945, 16056, 4860, 11216, 7363, 1147, 12124, 9764, 11245, 4361, 7784, 16285, 17057, 11203, 5114, 17655, 12056, 17890, 7741, 15799, 10258, 16088, 19222, 15303, 1433, 5991, 322, 2322, 3156, 9940, 7814, 17068, 16968, 10018, 1991, 11946, 8705, 10371, 4619, 11074, 2034, 15550, 11743, 18666, 13494, 14175, 13948, 15123, 11154, 10397, 1701, 4770, 839, 12085, 16500, 16241, 1535, 18782, 2221, 539, 18405, 4245, 103, 1571, 16945, 12196, 9441, 1732, 1367, 3596, 4794, 7230, 5245, 17483, 2955, 2003, 11509, 4044, 12934, 3456, 16693, 593, 4582, 14076, 10972, 1965, 7227, 14324, 8658, 3772, 8355, 11889, 1908, 2684, 10026, 1666, 16507, 5589, 9295, 8389, 2099, 18653, 13808, 19147, 6675, 10970, 2788, 19028, 16983, 16166, 9845, 8160, 11381, 10088, 10333, 11716, 14695, 12697, 4365, 3747, 17296, 11904, 74, 7047, 10639, 13094, 940, 10478, 2032, 6642, 14896, 10840, 5430, 5556, 12597, 2183, 18403, 4252, 14613, 18283, 8790, 12140, 13540, 13353, 14114, 13297, 4056, 14038, 11299, 13770, 11433, 14285, 1526, 1955, 15711, 255, 12481, 612, 1635, 4886, 357, 11434, 9524, 13106, 2607, 5391, 9406, 2331, 624, 2749, 17849, 9829, 11436, 18426, 9481, 18550, 15647, 532, 11720, 11824, 15610, 15741, 7902, 13558, 17967, 14539, 17889, 4631, 1238, 16921, 7787, 15293, 3108, 8215, 2851, 4514, 12938, 16730, 17178, 4890, 17960, 4725, 7917, 3191, 8231, 16341, 8195, 10913, 2173, 5557, 2637, 16896, 5806, 1815, 1451, 8864, 2290, 12108, 5328, 6203, 2431, 7508, 17898, 17188, 6897, 1199, 15526, 18437, 6631, 8644, 16917, 14964, 14233, 2454, 584, 4830, 7199, 4180, 14889, 5761, 13756, 6917, 7756, 18880, 15095, 1816, 14070, 16252, 7429, 16589, 1631, 15968, 15221, 12478, 18594, 1477, 5637, 12058, 1205, 13397, 9107, 18654, 1968, 3759, 13147, 14144, 14973, 12452, 18020, 13592, 17920, 13687, 11335, 7207, 418, 7834, 778, 12982, 10688, 9031, 509, 9601, 9780, 17040, 12023, 3916, 91, 6536, 18535, 7547, 15240, 707, 14533, 15064, 17012, 16805, 8637, 5969, 16221, 1940, 13307, 4717, 12615, 18220, 11028, 12170, 1743, 2376, 12415, 14220, 18827, 1294, 18543, 6977, 15309, 11778, 11842, 17103, 3857, 4637, 12162, 19169, 17166, 18237, 17818, 9507, 19022, 5790, 19112, 15611, 1118, 15184, 18703, 1817, 15530, 16579, 8437, 11839, 11378, 3537, 9205, 9217, 16272, 18759, 16828, 12002, 8348, 1723, 3481, 14115, 379, 8544, 264, 6015, 7672, 2253, 7364, 3706, 13796, 17139, 16125, 12059, 9623, 7185, 2418, 18230, 3087, 281, 4379, 1796, 8459, 4400, 17824, 2736, 16446, 13525, 15341, 3275, 7872, 1662, 7557, 4319, 15442, 7181, 10456, 4963, 17048, 16943, 12784, 3441, 5240, 9975, 13216, 17702, 11594, 13554, 6165, 19168, 16070, 3540, 3262, 10661, 4061, 13173, 2875, 17014, 4349, 10818, 8428, 16764, 14232, 8930, 15734, 17680, 7069, 15684, 17050, 18987, 6914, 6863, 19263, 10595, 150, 10039, 2722, 18223, 16444, 6559, 7258, 2661, 7699, 17136, 12773, 4247, 5723, 15194, 1696, 1500, 2807, 9893, 11835, 13240, 18313, 17107, 10265, 10244, 5570, 2862, 14049, 1012, 12861, 723, 9583, 17461, 10056, 1264, 8297, 3716, 14666, 15259, 13531, 543, 13723, 16810, 6700, 3516, 13766, 7186, 10692, 6321, 15484, 14547, 8744, 3703, 10383, 16829, 6366, 6846, 3906, 2021, 18133, 857, 279, 12232, 10212, 10541, 12325, 13475, 1225, 937, 6966, 10881, 16936, 18502, 1440, 11914, 3326, 5633, 14913, 4623, 10743, 12361, 17335, 1072, 5043, 14810, 15077, 3255, 17215, 6553, 17852, 4801, 6962, 3060, 9430, 8799, 13824, 188, 15175, 15163, 4733, 5011, 3536, 17635, 6532, 14071, 6112, 17158, 6597, 11272, 105, 19219, 5013, 12483, 201, 6848, 17033, 6367, 7859, 14702, 18844, 7053, 18694, 15670, 636, 10129, 6378, 5369, 7273, 16247, 9142, 15345, 16817, 14854, 2600, 15783, 889, 11833, 6612, 2068, 2427, 7062, 7918, 16181, 5464, 8339, 8950, 8453, 16423, 6064, 2380, 4268, 13929, 12974, 19141, 1299, 2484, 3883, 3273, 8772, 13256, 11239, 5766, 18098, 12705, 11004, 2695, 10048, 10960, 2766, 15661, 13258, 8015, 6032, 16397, 7749, 19039, 7634, 15076, 4234, 15114, 8475, 8091, 19220, 18004, 9704, 13918, 15569, 16443, 10015, 9943, 7817, 9349, 2588, 8249, 398, 5316, 15538, 18372, 13559, 2937, 2803, 16248, 6155, 630, 9911, 13190, 19157, 15788, 13248, 13148, 1320, 12074, 8471, 8798, 3213, 12418, 814, 2402, 12718, 12397, 10564, 9875, 10128, 6947, 9491, 17707, 3266, 19196, 14309, 18523, 19043, 17975, 18063, 11618, 15016, 14434, 7680, 1739, 18029, 11694, 1745, 9271, 5189, 9561, 11283, 14978, 10753, 16017, 12914, 978, 2828, 17257, 13135, 5061, 121, 6602, 16015, 19271, 12159, 1244, 8260, 13195, 15873, 12815, 14291, 14515, 118, 4892, 14985, 9551, 12654, 4739, 927, 12176, 9523, 11726, 18187, 5880, 2569, 3386, 13942, 3390, 15774, 129, 65, 12922, 8422, 12692, 16213, 11515, 2111, 8347, 10758, 14064, 4401, 17782, 15621, 6709, 14716, 4091, 13964, 8424, 4218, 7249, 11311, 11171, 18564, 14755, 7114, 14009, 14815, 294, 495, 7684, 6833, 4046, 3505, 16995, 17858, 7761, 15803, 9840, 13958, 8226, 10369, 12497, 17142, 1748, 2854, 7159, 11539, 11055, 13337, 17173, 14214, 6803, 11144, 12649, 283, 15489, 13174, 7015, 610, 7030, 18206, 14077, 15468, 14962, 8046, 7809, 17387, 16034, 16678, 1173, 3502, 12942, 15655, 16859, 7099, 1673, 446, 1365, 5881, 3713, 11697, 1897, 16001, 1702, 14149, 11876, 9341, 4325, 6923, 2001, 138, 3276, 18716, 17604, 10501, 115, 12800, 6111, 11148, 4549, 16057, 4707, 6843, 16091, 4295, 7519, 13708, 12409, 11018, 5052, 13566, 14715, 12755, 793, 10837, 1888, 12375, 3935, 5763, 11791, 11258, 13264, 11469, 4683, 8905, 1853, 11600, 4421, 2798, 5074, 18141, 13807, 8595, 8126, 13837, 8060, 6956, 11767, 14560, 9389, 15261, 1232, 12560, 7262, 11504, 3546, 4627, 1177, 517, 4008, 9219, 17696, 4148, 14124, 13243, 11235, 7561, 8331, 16320, 3591, 11341, 4015, 12028, 14929, 18601, 3528, 14065, 1510, 19191, 13833, 17616, 10869, 17689, 831, 16725, 6319, 15465, 10467, 8162, 13563, 7728, 10778, 13545, 12290, 16480, 14401, 12838, 4212, 17529, 4832, 15111, 12690, 10373, 7596, 18614, 17477, 1043, 13100, 4774, 17479, 3774, 9302, 3901, 13071, 6412, 9516, 1261, 3054, 13522, 17602, 14343, 18500, 10957, 2791, 9624, 3634, 17904, 5709, 14670, 11058, 7087, 7435, 13848, 82, 5565, 2562, 14029, 3583, 1676, 12709, 18473, 3158, 12787, 8068, 8263, 16146, 3593, 1802, 1861, 3348, 4487, 17749, 6105, 10471, 17472, 10200, 1182, 14180, 1076, 10156, 4839, 9903, 4879, 9720, 2157, 15344, 16067, 3064, 17182, 5368, 4987, 18484, 18923, 11896, 1052, 15727, 15289, 5885, 1933, 5251, 17072, 6038, 6195, 13524, 6606, 18506, 17536, 6784, 3231, 14121, 8925, 10030, 803, 13764, 146, 19268, 14099, 4130, 16372, 1537, 12248, 13718, 17187, 11728, 1740, 19233, 5600, 4092, 4779, 6028, 3395, 16152, 19150, 2417, 11980, 11237, 8427, 18127, 3538, 9257, 607, 2078, 18457, 5802, 3435, 15019, 4256, 9221, 13465, 11742, 5788, 9528, 17493, 4607, 3131, 6616, 5356, 1550, 4617, 8827, 849, 2601, 4437, 17861, 10261, 15704, 3890, 8149, 12063, 3086, 15925, 12301, 6847, 5603, 7768, 3187, 13372, 9258, 6584, 7594, 2603, 1835, 17380, 17193, 15251, 15937, 18731, 4082, 14911, 16626, 8824, 16208, 10167, 17711, 9678, 15852, 13620, 16479, 14586, 2446, 4866, 1315, 7746, 10615, 7927, 2443, 7157, 13506, 18410, 10494]",260,1500,3,False,1500
5454,iot hue light change,iot hue light change,31,True,True,True,"{21: 26, 33: 14, 2: 18, 29: 13, 25: 57, 43: 9, 57: 16, 49: 16, 61: 14, 67: 52, 65: 21, 50: 28, 15: 53, 6: 13, 46: 15, 27: 69, 7: 65, 48: 67, 19: 21, 31: 14, 63: 26, 22: 39, 9: 79, 26: 40, 47: 15, 53: 66, 11: 19, 51: 26, 54: 9, 13: 32, 17: 37, 52: 30, 39: 27, 38: 19, 1: 6, 59: 33, 56: 23, 32: 9, 8: 25, 4: 12, 20: 26, 24: 7, 18: 31, 42: 7, 28: 31, 45: 57, 0: 13, 66: 11, 62: 11, 35: 7, 64: 15, 37: 2, 40: 25, 3: 3, 14: 5, 12: 8, 16: 15, 55: 16, 30: 13, 58: 6, 36: 4, 60: 5, 5: 3, 41: 2, 44: 2, 34: 2}","[12686, 3384, 6034, 14374, 14516, 14680, 18580, 5912, 661, 4433, 14182, 14634, 14672, 13694, 17233, 12320, 12666, 7276, 14925, 15315, 1125, 14820, 3769, 14096, 12401, 14972, 14176, 4685, 4278, 5735, 7514, 16051, 15882, 4696, 17145, 19193, 12994, 9901, 13641, 15193, 6739, 9240, 1608, 14664, 18117, 5676, 15714, 5964, 5329, 16651, 15936, 14441, 15878, 18316, 14255, 18692, 5858, 4640, 10716, 13839, 16635, 2097, 11464, 12427, 2320, 14629, 7617, 16183, 16205, 2170, 4384, 6683, 5285, 18707, 6780, 4231, 2404, 4895, 18091, 2944, 13054, 3904, 3491, 9455, 15985, 10432, 8657, 15304, 9114, 5838, 5197, 17244, 6207, 3970, 17246, 3950, 6168, 8697, 6800, 9942, 11118, 8582, 6355, 15275, 4581, 12724, 11921, 1833, 523, 7619, 15729, 176, 8576, 3101, 1573, 1283, 11796, 11277, 2547, 1738, 6806, 15187, 7129, 5179, 5854, 16373, 9231, 6270, 777, 2062, 13249, 4144, 6325, 3924, 5350, 14414, 3142, 2249, 6444, 13582, 2833, 18030, 6483, 18404, 15057, 7482, 15001, 15872, 14584, 10835, 954, 7257, 1381, 17819, 17518, 6497, 14430, 4901, 16466, 10805, 132, 7506, 755, 14427, 12119, 16613, 19042, 14994, 11257, 8042, 2144, 5966, 1580, 8010, 2550, 10684, 14088, 5037, 8764, 17076, 14185, 15984, 5299, 16601, 19182, 13197, 14561, 12605, 17010, 2703, 6715, 11207, 10188, 212, 2293, 17676, 1720, 5934, 112, 8568, 15870, 3226, 4524, 4431, 5141, 5383, 7609, 12807, 19001, 14368, 6704, 14903, 4172, 117, 18698, 1699, 16558, 7518, 10618, 2110, 10308, 7828, 6623, 17644, 4449, 951, 13858, 15106, 8402, 916, 4771, 8608, 6448, 6656, 13547, 2814, 8336, 8093, 6398, 637, 9909, 10621, 786, 14146, 17292, 9457, 3, 2884, 14785, 10504, 16361, 8181, 17690, 654, 11067, 18741, 386, 18208, 10130, 8079, 7082, 14740, 8076, 18619, 14428, 10992, 12679, 9431, 18328, 13606, 7641, 13542, 1002, 11975, 15646, 19078, 1352, 8683, 16053, 11763, 14823, 7059, 4995, 3754, 6213, 10090, 19084, 1973, 8131, 5353, 836, 13960, 3217, 4885, 9645, 16941, 14750, 13171, 9132, 1355, 4440, 15747, 8233, 6008, 12781, 16749, 13905, 18198, 5033, 2910, 16502, 1233, 965, 16926, 3944, 13518, 18213, 12739, 9972, 14609, 5764, 6128, 9532, 12680, 3672, 5458, 6822, 11547, 3163, 8040, 14081, 8369, 18182, 17541, 11552, 12451, 15074, 1783, 17730, 1690, 16992, 2490, 2459, 18065, 320, 18311, 45, 9495, 4572, 544, 12731, 16811, 15096, 14957, 4594, 16607, 2449, 7791, 13659, 8892, 1713, 17336, 6598, 13832, 10495, 18937, 3067, 3473, 12715, 13492, 14787, 16503, 17899, 16638, 2408, 7141, 10590, 2917, 14650, 12571, 4321, 2855, 1829, 3736, 3381, 11069, 16093, 15201, 14311, 9836, 18289, 16899, 897, 13981, 12223, 8884, 15721, 7778, 13648, 5737, 6550, 19249, 2715, 447, 12941, 8915, 18963, 16291, 760, 5869, 3635, 3439, 6740, 5003, 3174, 2945, 16056, 4860, 11216, 7363, 1147, 12124, 9764, 11245, 4361, 7784, 16285, 17057, 11203, 5114, 17655, 12056, 17890, 7741, 15799, 10258, 16088, 19222, 15303, 1433, 5991, 322, 2322, 3156, 9940, 7814, 17068, 16968, 10018, 1991, 11946, 8705, 10371, 4619, 11074, 2034, 15550, 11743, 18666, 13494, 14175, 13948, 15123, 11154, 10397, 1701, 4770, 839, 12085, 16500, 16241, 1535, 18782, 2221, 539, 18405, 4245, 103, 1571, 16945, 12196, 9441, 1732, 1367, 3596, 4794, 7230, 5245, 17483, 2955, 2003, 11509, 4044, 12934, 3456, 16693, 593, 4582, 14076, 10972, 1965, 7227, 14324, 8658, 3772, 8355, 11889, 1908, 2684, 10026, 1666, 16507, 5589, 9295, 8389, 2099, 18653, 13808, 19147, 6675, 10970, 2788, 19028, 16983, 16166, 9845, 8160, 11381, 10088, 10333, 11716, 14695, 12697, 4365, 3747, 17296, 11904, 74, 7047, 10639, 13094, 940, 10478, 2032, 6642, 14896, 10840, 5430, 5556, 12597, 2183, 18403, 4252, 14613, 18283, 8790, 12140, 13540, 13353, 14114, 13297, 4056, 14038, 11299, 13770, 11433, 14285, 1526, 1955, 15711, 255, 12481, 612, 1635, 4886, 357, 11434, 9524, 13106, 2607, 5391, 9406, 2331, 624, 2749, 17849, 9829, 11436, 18426, 9481, 18550, 15647, 532, 11720, 11824, 15610, 15741, 7902, 13558, 17967, 14539, 17889, 4631, 1238, 16921, 7787, 15293, 3108, 8215, 2851, 4514, 12938, 16730, 17178, 4890, 17960, 4725, 7917, 3191, 8231, 16341, 8195, 10913, 2173, 5557, 2637, 16896, 5806, 1815, 1451, 8864, 2290, 12108, 5328, 6203, 2431, 7508, 17898, 17188, 6897, 1199, 15526, 18437, 6631, 8644, 16917, 14964, 14233, 2454, 584, 4830, 7199, 4180, 14889, 5761, 13756, 6917, 7756, 18880, 15095, 1816, 14070, 16252, 7429, 16589, 1631, 15968, 15221, 12478, 18594, 1477, 5637, 12058, 1205, 13397, 9107, 18654, 1968, 3759, 13147, 14144, 14973, 12452, 18020, 13592, 17920, 13687, 11335, 7207, 418, 7834, 778, 12982, 10688, 9031, 509, 9601, 9780, 17040, 12023, 3916, 91, 6536, 18535, 7547, 15240, 707, 14533, 15064, 17012, 16805, 8637, 5969, 16221, 1940, 13307, 4717, 12615, 18220, 11028, 12170, 1743, 2376, 12415, 14220, 18827, 1294, 18543, 6977, 15309, 11778, 11842, 17103, 3857, 4637, 12162, 19169, 17166, 18237, 17818, 9507, 19022, 5790, 19112, 15611, 1118, 15184, 18703, 1817, 15530, 16579, 8437, 11839, 11378, 3537, 9205, 9217, 16272, 18759, 16828, 12002, 8348, 1723, 3481, 14115, 379, 8544, 264, 6015, 7672, 2253, 7364, 3706, 13796, 17139, 16125, 12059, 9623, 7185, 2418, 18230, 3087, 281, 4379, 1796, 8459, 4400, 17824, 2736, 16446, 13525, 15341, 3275, 7872, 1662, 7557, 4319, 15442, 7181, 10456, 4963, 17048, 16943, 12784, 3441, 5240, 9975, 13216, 17702, 11594, 13554, 6165, 19168, 16070, 3540, 3262, 10661, 4061, 13173, 2875, 17014, 4349, 10818, 8428, 16764, 14232, 8930, 15734, 17680, 7069, 15684, 17050, 18987, 6914, 6863, 19263, 10595, 150, 10039, 2722, 18223, 16444, 6559, 7258, 2661, 7699, 17136, 12773, 4247, 5723, 15194, 1696, 1500, 2807, 9893, 11835, 13240, 18313, 17107, 10265, 10244, 5570, 2862, 14049, 1012, 12861, 723, 9583, 17461, 10056, 1264, 8297, 3716, 14666, 15259, 13531, 543, 13723, 16810, 6700, 3516, 13766, 7186, 10692, 6321, 15484, 14547, 8744, 3703, 10383, 16829, 6366, 6846, 3906, 2021, 18133, 857, 279, 12232, 10212, 10541, 12325, 13475, 1225, 937, 6966, 10881, 16936, 18502, 1440, 11914, 3326, 5633, 14913, 4623, 10743, 12361, 17335, 1072, 5043, 14810, 15077, 3255, 17215, 6553, 17852, 4801, 6962, 3060, 9430, 8799, 13824, 188, 15175, 15163, 4733, 5011, 3536, 17635, 6532, 14071, 6112, 17158, 6597, 11272, 105, 19219, 5013, 12483, 201, 6848, 17033, 6367, 7859, 14702, 18844, 7053, 18694, 15670, 636, 10129, 6378, 5369, 7273, 16247, 9142, 15345, 16817, 14854, 2600, 15783, 889, 11833, 6612, 2068, 2427, 7062, 7918, 16181, 5464, 8339, 8950, 8453, 16423, 6064, 2380, 4268, 13929, 12974, 19141, 1299, 2484, 3883, 3273, 8772, 13256, 11239, 5766, 18098, 12705, 11004, 2695, 10048, 10960, 2766, 15661, 13258, 8015, 6032, 16397, 7749, 19039, 7634, 15076, 4234, 15114, 8475, 8091, 19220, 18004, 9704, 13918, 15569, 16443, 10015, 9943, 7817, 9349, 2588, 8249, 398, 5316, 15538, 18372, 13559, 2937, 2803, 16248, 6155, 630, 9911, 13190, 19157, 15788, 13248, 13148, 1320, 12074, 8471, 8798, 3213, 12418, 814, 2402, 12718, 12397, 10564, 9875, 10128, 6947, 9491, 17707, 3266, 19196, 14309, 18523, 19043, 17975, 18063, 11618, 15016, 14434, 7680, 1739, 18029, 11694, 1745, 9271, 5189, 9561, 11283, 14978, 10753, 16017, 12914, 978, 2828, 17257, 13135, 5061, 121, 6602, 16015, 19271, 12159, 1244, 8260, 13195, 15873, 12815, 14291, 14515, 118, 4892, 14985, 9551, 12654, 4739, 927, 12176, 9523, 11726, 18187, 5880, 2569, 3386, 13942, 3390, 15774, 129, 65, 12922, 8422, 12692, 16213, 11515, 2111, 8347, 10758, 14064, 4401, 17782, 15621, 6709, 14716, 4091, 13964, 8424, 4218, 7249, 11311, 11171, 18564, 14755, 7114, 14009, 14815, 294, 495, 7684, 6833, 4046, 3505, 16995, 17858, 7761, 15803, 9840, 13958, 8226, 10369, 12497, 17142, 1748, 2854, 7159, 11539, 11055, 13337, 17173, 14214, 6803, 11144, 12649, 283, 15489, 13174, 7015, 610, 7030, 18206, 14077, 15468, 14962, 8046, 7809, 17387, 16034, 16678, 1173, 3502, 12942, 15655, 16859, 7099, 1673, 446, 1365, 5881, 3713, 11697, 1897, 16001, 1702, 14149, 11876, 9341, 4325, 6923, 2001, 138, 3276, 18716, 17604, 10501, 115, 12800, 6111, 11148, 4549, 16057, 4707, 6843, 16091, 4295, 7519, 13708, 12409, 11018, 5052, 13566, 14715, 12755, 793, 10837, 1888, 12375, 3935, 5763, 11791, 11258, 13264, 11469, 4683, 8905, 1853, 11600, 4421, 2798, 5074, 18141, 13807, 8595, 8126, 13837, 8060, 6956, 11767, 14560, 9389, 15261, 1232, 12560, 7262, 11504, 3546, 4627, 1177, 517, 4008, 9219, 17696, 4148, 14124, 13243, 11235, 7561, 8331, 16320, 3591, 11341, 4015, 12028, 14929, 18601, 3528, 14065, 1510, 19191, 13833, 17616, 10869, 17689, 831, 16725, 6319, 15465, 10467, 8162, 13563, 7728, 10778, 13545, 12290, 16480, 14401, 12838, 4212, 17529, 4832, 15111, 12690, 10373, 7596, 18614, 17477, 1043, 13100, 4774, 17479, 3774, 9302, 3901, 13071, 6412, 9516, 1261, 3054, 13522, 17602, 14343, 18500, 10957, 2791, 9624, 3634, 17904, 5709, 14670, 11058, 7087, 7435, 13848, 82, 5565, 2562, 14029, 3583, 1676, 12709, 18473, 3158, 12787, 8068, 8263, 16146, 3593, 1802, 1861, 3348, 4487, 17749, 6105, 10471, 17472, 10200, 1182, 14180, 1076, 10156, 4839, 9903, 4879, 9720, 2157, 15344, 16067, 3064, 17182, 5368, 4987, 18484, 18923, 11896, 1052, 15727, 15289, 5885, 1933, 5251, 17072, 6038, 6195, 13524, 6606, 18506, 17536, 6784, 3231, 14121, 8925, 10030, 803, 13764, 146, 19268, 14099, 4130, 16372, 1537, 12248, 13718, 17187, 11728, 1740, 19233, 5600, 4092, 4779, 6028, 3395, 16152, 19150, 2417, 11980, 11237, 8427, 18127, 3538, 9257, 607, 2078, 18457, 5802, 3435, 15019, 4256, 9221, 13465, 11742, 5788, 9528, 17493, 4607, 3131, 6616, 5356, 1550, 4617, 8827, 849, 2601, 4437, 17861, 10261, 15704, 3890, 8149, 12063, 3086, 15925, 12301, 6847, 5603, 7768, 3187, 13372, 9258, 6584, 7594, 2603, 1835, 17380, 17193, 15251, 15937, 18731, 4082, 14911, 16626, 8824, 16208, 10167, 17711, 9678, 15852, 13620, 16479, 14586, 2446, 4866, 1315, 7746, 10615, 7927, 2443, 7157, 13506, 18410, 10494]",5454,1500,3,False,1500
2093,play radio,play radio,50,True,True,True,"{21: 26, 33: 14, 2: 18, 29: 13, 25: 57, 43: 9, 57: 16, 49: 16, 61: 14, 67: 52, 65: 21, 50: 28, 15: 53, 6: 13, 46: 15, 27: 69, 7: 65, 48: 67, 19: 21, 31: 14, 63: 26, 22: 39, 9: 79, 26: 40, 47: 15, 53: 66, 11: 19, 51: 26, 54: 9, 13: 32, 17: 37, 52: 30, 39: 27, 38: 19, 1: 6, 59: 33, 56: 23, 32: 9, 8: 25, 4: 12, 20: 26, 24: 7, 18: 31, 42: 7, 28: 31, 45: 57, 0: 13, 66: 11, 62: 11, 35: 7, 64: 15, 37: 2, 40: 25, 3: 3, 14: 5, 12: 8, 16: 15, 55: 16, 30: 13, 58: 6, 36: 4, 60: 5, 5: 3, 41: 2, 44: 2, 34: 2}","[12686, 3384, 6034, 14374, 14516, 14680, 18580, 5912, 661, 4433, 14182, 14634, 14672, 13694, 17233, 12320, 12666, 7276, 14925, 15315, 1125, 14820, 3769, 14096, 12401, 14972, 14176, 4685, 4278, 5735, 7514, 16051, 15882, 4696, 17145, 19193, 12994, 9901, 13641, 15193, 6739, 9240, 1608, 14664, 18117, 5676, 15714, 5964, 5329, 16651, 15936, 14441, 15878, 18316, 14255, 18692, 5858, 4640, 10716, 13839, 16635, 2097, 11464, 12427, 2320, 14629, 7617, 16183, 16205, 2170, 4384, 6683, 5285, 18707, 6780, 4231, 2404, 4895, 18091, 2944, 13054, 3904, 3491, 9455, 15985, 10432, 8657, 15304, 9114, 5838, 5197, 17244, 6207, 3970, 17246, 3950, 6168, 8697, 6800, 9942, 11118, 8582, 6355, 15275, 4581, 12724, 11921, 1833, 523, 7619, 15729, 176, 8576, 3101, 1573, 1283, 11796, 11277, 2547, 1738, 6806, 15187, 7129, 5179, 5854, 16373, 9231, 6270, 777, 2062, 13249, 4144, 6325, 3924, 5350, 14414, 3142, 2249, 6444, 13582, 2833, 18030, 6483, 18404, 15057, 7482, 15001, 15872, 14584, 10835, 954, 7257, 1381, 17819, 17518, 6497, 14430, 4901, 16466, 10805, 132, 7506, 755, 14427, 12119, 16613, 19042, 14994, 11257, 8042, 2144, 5966, 1580, 8010, 2550, 10684, 14088, 5037, 8764, 17076, 14185, 15984, 5299, 16601, 19182, 13197, 14561, 12605, 17010, 2703, 6715, 11207, 10188, 212, 2293, 17676, 1720, 5934, 112, 8568, 15870, 3226, 4524, 4431, 5141, 5383, 7609, 12807, 19001, 14368, 6704, 14903, 4172, 117, 18698, 1699, 16558, 7518, 10618, 2110, 10308, 7828, 6623, 17644, 4449, 951, 13858, 15106, 8402, 916, 4771, 8608, 6448, 6656, 13547, 2814, 8336, 8093, 6398, 637, 9909, 10621, 786, 14146, 17292, 9457, 3, 2884, 14785, 10504, 16361, 8181, 17690, 654, 11067, 18741, 386, 18208, 10130, 8079, 7082, 14740, 8076, 18619, 14428, 10992, 12679, 9431, 18328, 13606, 7641, 13542, 1002, 11975, 15646, 19078, 1352, 8683, 16053, 11763, 14823, 7059, 4995, 3754, 6213, 10090, 19084, 1973, 8131, 5353, 836, 13960, 3217, 4885, 9645, 16941, 14750, 13171, 9132, 1355, 4440, 15747, 8233, 6008, 12781, 16749, 13905, 18198, 5033, 2910, 16502, 1233, 965, 16926, 3944, 13518, 18213, 12739, 9972, 14609, 5764, 6128, 9532, 12680, 3672, 5458, 6822, 11547, 3163, 8040, 14081, 8369, 18182, 17541, 11552, 12451, 15074, 1783, 17730, 1690, 16992, 2490, 2459, 18065, 320, 18311, 45, 9495, 4572, 544, 12731, 16811, 15096, 14957, 4594, 16607, 2449, 7791, 13659, 8892, 1713, 17336, 6598, 13832, 10495, 18937, 3067, 3473, 12715, 13492, 14787, 16503, 17899, 16638, 2408, 7141, 10590, 2917, 14650, 12571, 4321, 2855, 1829, 3736, 3381, 11069, 16093, 15201, 14311, 9836, 18289, 16899, 897, 13981, 12223, 8884, 15721, 7778, 13648, 5737, 6550, 19249, 2715, 447, 12941, 8915, 18963, 16291, 760, 5869, 3635, 3439, 6740, 5003, 3174, 2945, 16056, 4860, 11216, 7363, 1147, 12124, 9764, 11245, 4361, 7784, 16285, 17057, 11203, 5114, 17655, 12056, 17890, 7741, 15799, 10258, 16088, 19222, 15303, 1433, 5991, 322, 2322, 3156, 9940, 7814, 17068, 16968, 10018, 1991, 11946, 8705, 10371, 4619, 11074, 2034, 15550, 11743, 18666, 13494, 14175, 13948, 15123, 11154, 10397, 1701, 4770, 839, 12085, 16500, 16241, 1535, 18782, 2221, 539, 18405, 4245, 103, 1571, 16945, 12196, 9441, 1732, 1367, 3596, 4794, 7230, 5245, 17483, 2955, 2003, 11509, 4044, 12934, 3456, 16693, 593, 4582, 14076, 10972, 1965, 7227, 14324, 8658, 3772, 8355, 11889, 1908, 2684, 10026, 1666, 16507, 5589, 9295, 8389, 2099, 18653, 13808, 19147, 6675, 10970, 2788, 19028, 16983, 16166, 9845, 8160, 11381, 10088, 10333, 11716, 14695, 12697, 4365, 3747, 17296, 11904, 74, 7047, 10639, 13094, 940, 10478, 2032, 6642, 14896, 10840, 5430, 5556, 12597, 2183, 18403, 4252, 14613, 18283, 8790, 12140, 13540, 13353, 14114, 13297, 4056, 14038, 11299, 13770, 11433, 14285, 1526, 1955, 15711, 255, 12481, 612, 1635, 4886, 357, 11434, 9524, 13106, 2607, 5391, 9406, 2331, 624, 2749, 17849, 9829, 11436, 18426, 9481, 18550, 15647, 532, 11720, 11824, 15610, 15741, 7902, 13558, 17967, 14539, 17889, 4631, 1238, 16921, 7787, 15293, 3108, 8215, 2851, 4514, 12938, 16730, 17178, 4890, 17960, 4725, 7917, 3191, 8231, 16341, 8195, 10913, 2173, 5557, 2637, 16896, 5806, 1815, 1451, 8864, 2290, 12108, 5328, 6203, 2431, 7508, 17898, 17188, 6897, 1199, 15526, 18437, 6631, 8644, 16917, 14964, 14233, 2454, 584, 4830, 7199, 4180, 14889, 5761, 13756, 6917, 7756, 18880, 15095, 1816, 14070, 16252, 7429, 16589, 1631, 15968, 15221, 12478, 18594, 1477, 5637, 12058, 1205, 13397, 9107, 18654, 1968, 3759, 13147, 14144, 14973, 12452, 18020, 13592, 17920, 13687, 11335, 7207, 418, 7834, 778, 12982, 10688, 9031, 509, 9601, 9780, 17040, 12023, 3916, 91, 6536, 18535, 7547, 15240, 707, 14533, 15064, 17012, 16805, 8637, 5969, 16221, 1940, 13307, 4717, 12615, 18220, 11028, 12170, 1743, 2376, 12415, 14220, 18827, 1294, 18543, 6977, 15309, 11778, 11842, 17103, 3857, 4637, 12162, 19169, 17166, 18237, 17818, 9507, 19022, 5790, 19112, 15611, 1118, 15184, 18703, 1817, 15530, 16579, 8437, 11839, 11378, 3537, 9205, 9217, 16272, 18759, 16828, 12002, 8348, 1723, 3481, 14115, 379, 8544, 264, 6015, 7672, 2253, 7364, 3706, 13796, 17139, 16125, 12059, 9623, 7185, 2418, 18230, 3087, 281, 4379, 1796, 8459, 4400, 17824, 2736, 16446, 13525, 15341, 3275, 7872, 1662, 7557, 4319, 15442, 7181, 10456, 4963, 17048, 16943, 12784, 3441, 5240, 9975, 13216, 17702, 11594, 13554, 6165, 19168, 16070, 3540, 3262, 10661, 4061, 13173, 2875, 17014, 4349, 10818, 8428, 16764, 14232, 8930, 15734, 17680, 7069, 15684, 17050, 18987, 6914, 6863, 19263, 10595, 150, 10039, 2722, 18223, 16444, 6559, 7258, 2661, 7699, 17136, 12773, 4247, 5723, 15194, 1696, 1500, 2807, 9893, 11835, 13240, 18313, 17107, 10265, 10244, 5570, 2862, 14049, 1012, 12861, 723, 9583, 17461, 10056, 1264, 8297, 3716, 14666, 15259, 13531, 543, 13723, 16810, 6700, 3516, 13766, 7186, 10692, 6321, 15484, 14547, 8744, 3703, 10383, 16829, 6366, 6846, 3906, 2021, 18133, 857, 279, 12232, 10212, 10541, 12325, 13475, 1225, 937, 6966, 10881, 16936, 18502, 1440, 11914, 3326, 5633, 14913, 4623, 10743, 12361, 17335, 1072, 5043, 14810, 15077, 3255, 17215, 6553, 17852, 4801, 6962, 3060, 9430, 8799, 13824, 188, 15175, 15163, 4733, 5011, 3536, 17635, 6532, 14071, 6112, 17158, 6597, 11272, 105, 19219, 5013, 12483, 201, 6848, 17033, 6367, 7859, 14702, 18844, 7053, 18694, 15670, 636, 10129, 6378, 5369, 7273, 16247, 9142, 15345, 16817, 14854, 2600, 15783, 889, 11833, 6612, 2068, 2427, 7062, 7918, 16181, 5464, 8339, 8950, 8453, 16423, 6064, 2380, 4268, 13929, 12974, 19141, 1299, 2484, 3883, 3273, 8772, 13256, 11239, 5766, 18098, 12705, 11004, 2695, 10048, 10960, 2766, 15661, 13258, 8015, 6032, 16397, 7749, 19039, 7634, 15076, 4234, 15114, 8475, 8091, 19220, 18004, 9704, 13918, 15569, 16443, 10015, 9943, 7817, 9349, 2588, 8249, 398, 5316, 15538, 18372, 13559, 2937, 2803, 16248, 6155, 630, 9911, 13190, 19157, 15788, 13248, 13148, 1320, 12074, 8471, 8798, 3213, 12418, 814, 2402, 12718, 12397, 10564, 9875, 10128, 6947, 9491, 17707, 3266, 19196, 14309, 18523, 19043, 17975, 18063, 11618, 15016, 14434, 7680, 1739, 18029, 11694, 1745, 9271, 5189, 9561, 11283, 14978, 10753, 16017, 12914, 978, 2828, 17257, 13135, 5061, 121, 6602, 16015, 19271, 12159, 1244, 8260, 13195, 15873, 12815, 14291, 14515, 118, 4892, 14985, 9551, 12654, 4739, 927, 12176, 9523, 11726, 18187, 5880, 2569, 3386, 13942, 3390, 15774, 129, 65, 12922, 8422, 12692, 16213, 11515, 2111, 8347, 10758, 14064, 4401, 17782, 15621, 6709, 14716, 4091, 13964, 8424, 4218, 7249, 11311, 11171, 18564, 14755, 7114, 14009, 14815, 294, 495, 7684, 6833, 4046, 3505, 16995, 17858, 7761, 15803, 9840, 13958, 8226, 10369, 12497, 17142, 1748, 2854, 7159, 11539, 11055, 13337, 17173, 14214, 6803, 11144, 12649, 283, 15489, 13174, 7015, 610, 7030, 18206, 14077, 15468, 14962, 8046, 7809, 17387, 16034, 16678, 1173, 3502, 12942, 15655, 16859, 7099, 1673, 446, 1365, 5881, 3713, 11697, 1897, 16001, 1702, 14149, 11876, 9341, 4325, 6923, 2001, 138, 3276, 18716, 17604, 10501, 115, 12800, 6111, 11148, 4549, 16057, 4707, 6843, 16091, 4295, 7519, 13708, 12409, 11018, 5052, 13566, 14715, 12755, 793, 10837, 1888, 12375, 3935, 5763, 11791, 11258, 13264, 11469, 4683, 8905, 1853, 11600, 4421, 2798, 5074, 18141, 13807, 8595, 8126, 13837, 8060, 6956, 11767, 14560, 9389, 15261, 1232, 12560, 7262, 11504, 3546, 4627, 1177, 517, 4008, 9219, 17696, 4148, 14124, 13243, 11235, 7561, 8331, 16320, 3591, 11341, 4015, 12028, 14929, 18601, 3528, 14065, 1510, 19191, 13833, 17616, 10869, 17689, 831, 16725, 6319, 15465, 10467, 8162, 13563, 7728, 10778, 13545, 12290, 16480, 14401, 12838, 4212, 17529, 4832, 15111, 12690, 10373, 7596, 18614, 17477, 1043, 13100, 4774, 17479, 3774, 9302, 3901, 13071, 6412, 9516, 1261, 3054, 13522, 17602, 14343, 18500, 10957, 2791, 9624, 3634, 17904, 5709, 14670, 11058, 7087, 7435, 13848, 82, 5565, 2562, 14029, 3583, 1676, 12709, 18473, 3158, 12787, 8068, 8263, 16146, 3593, 1802, 1861, 3348, 4487, 17749, 6105, 10471, 17472, 10200, 1182, 14180, 1076, 10156, 4839, 9903, 4879, 9720, 2157, 15344, 16067, 3064, 17182, 5368, 4987, 18484, 18923, 11896, 1052, 15727, 15289, 5885, 1933, 5251, 17072, 6038, 6195, 13524, 6606, 18506, 17536, 6784, 3231, 14121, 8925, 10030, 803, 13764, 146, 19268, 14099, 4130, 16372, 1537, 12248, 13718, 17187, 11728, 1740, 19233, 5600, 4092, 4779, 6028, 3395, 16152, 19150, 2417, 11980, 11237, 8427, 18127, 3538, 9257, 607, 2078, 18457, 5802, 3435, 15019, 4256, 9221, 13465, 11742, 5788, 9528, 17493, 4607, 3131, 6616, 5356, 1550, 4617, 8827, 849, 2601, 4437, 17861, 10261, 15704, 3890, 8149, 12063, 3086, 15925, 12301, 6847, 5603, 7768, 3187, 13372, 9258, 6584, 7594, 2603, 1835, 17380, 17193, 15251, 15937, 18731, 4082, 14911, 16626, 8824, 16208, 10167, 17711, 9678, 15852, 13620, 16479, 14586, 2446, 4866, 1315, 7746, 10615, 7927, 2443, 7157, 13506, 18410, 10494]",2093,1500,3,False,1500
541,social post,social post,59,True,True,True,"{21: 26, 33: 14, 2: 18, 29: 13, 25: 57, 43: 9, 57: 16, 49: 16, 61: 14, 67: 52, 65: 21, 50: 28, 15: 53, 6: 13, 46: 15, 27: 69, 7: 65, 48: 67, 19: 21, 31: 14, 63: 26, 22: 39, 9: 79, 26: 40, 47: 15, 53: 66, 11: 19, 51: 26, 54: 9, 13: 32, 17: 37, 52: 30, 39: 27, 38: 19, 1: 6, 59: 33, 56: 23, 32: 9, 8: 25, 4: 12, 20: 26, 24: 7, 18: 31, 42: 7, 28: 31, 45: 57, 0: 13, 66: 11, 62: 11, 35: 7, 64: 15, 37: 2, 40: 25, 3: 3, 14: 5, 12: 8, 16: 15, 55: 16, 30: 13, 58: 6, 36: 4, 60: 5, 5: 3, 41: 2, 44: 2, 34: 2}","[12686, 3384, 6034, 14374, 14516, 14680, 18580, 5912, 661, 4433, 14182, 14634, 14672, 13694, 17233, 12320, 12666, 7276, 14925, 15315, 1125, 14820, 3769, 14096, 12401, 14972, 14176, 4685, 4278, 5735, 7514, 16051, 15882, 4696, 17145, 19193, 12994, 9901, 13641, 15193, 6739, 9240, 1608, 14664, 18117, 5676, 15714, 5964, 5329, 16651, 15936, 14441, 15878, 18316, 14255, 18692, 5858, 4640, 10716, 13839, 16635, 2097, 11464, 12427, 2320, 14629, 7617, 16183, 16205, 2170, 4384, 6683, 5285, 18707, 6780, 4231, 2404, 4895, 18091, 2944, 13054, 3904, 3491, 9455, 15985, 10432, 8657, 15304, 9114, 5838, 5197, 17244, 6207, 3970, 17246, 3950, 6168, 8697, 6800, 9942, 11118, 8582, 6355, 15275, 4581, 12724, 11921, 1833, 523, 7619, 15729, 176, 8576, 3101, 1573, 1283, 11796, 11277, 2547, 1738, 6806, 15187, 7129, 5179, 5854, 16373, 9231, 6270, 777, 2062, 13249, 4144, 6325, 3924, 5350, 14414, 3142, 2249, 6444, 13582, 2833, 18030, 6483, 18404, 15057, 7482, 15001, 15872, 14584, 10835, 954, 7257, 1381, 17819, 17518, 6497, 14430, 4901, 16466, 10805, 132, 7506, 755, 14427, 12119, 16613, 19042, 14994, 11257, 8042, 2144, 5966, 1580, 8010, 2550, 10684, 14088, 5037, 8764, 17076, 14185, 15984, 5299, 16601, 19182, 13197, 14561, 12605, 17010, 2703, 6715, 11207, 10188, 212, 2293, 17676, 1720, 5934, 112, 8568, 15870, 3226, 4524, 4431, 5141, 5383, 7609, 12807, 19001, 14368, 6704, 14903, 4172, 117, 18698, 1699, 16558, 7518, 10618, 2110, 10308, 7828, 6623, 17644, 4449, 951, 13858, 15106, 8402, 916, 4771, 8608, 6448, 6656, 13547, 2814, 8336, 8093, 6398, 637, 9909, 10621, 786, 14146, 17292, 9457, 3, 2884, 14785, 10504, 16361, 8181, 17690, 654, 11067, 18741, 386, 18208, 10130, 8079, 7082, 14740, 8076, 18619, 14428, 10992, 12679, 9431, 18328, 13606, 7641, 13542, 1002, 11975, 15646, 19078, 1352, 8683, 16053, 11763, 14823, 7059, 4995, 3754, 6213, 10090, 19084, 1973, 8131, 5353, 836, 13960, 3217, 4885, 9645, 16941, 14750, 13171, 9132, 1355, 4440, 15747, 8233, 6008, 12781, 16749, 13905, 18198, 5033, 2910, 16502, 1233, 965, 16926, 3944, 13518, 18213, 12739, 9972, 14609, 5764, 6128, 9532, 12680, 3672, 5458, 6822, 11547, 3163, 8040, 14081, 8369, 18182, 17541, 11552, 12451, 15074, 1783, 17730, 1690, 16992, 2490, 2459, 18065, 320, 18311, 45, 9495, 4572, 544, 12731, 16811, 15096, 14957, 4594, 16607, 2449, 7791, 13659, 8892, 1713, 17336, 6598, 13832, 10495, 18937, 3067, 3473, 12715, 13492, 14787, 16503, 17899, 16638, 2408, 7141, 10590, 2917, 14650, 12571, 4321, 2855, 1829, 3736, 3381, 11069, 16093, 15201, 14311, 9836, 18289, 16899, 897, 13981, 12223, 8884, 15721, 7778, 13648, 5737, 6550, 19249, 2715, 447, 12941, 8915, 18963, 16291, 760, 5869, 3635, 3439, 6740, 5003, 3174, 2945, 16056, 4860, 11216, 7363, 1147, 12124, 9764, 11245, 4361, 7784, 16285, 17057, 11203, 5114, 17655, 12056, 17890, 7741, 15799, 10258, 16088, 19222, 15303, 1433, 5991, 322, 2322, 3156, 9940, 7814, 17068, 16968, 10018, 1991, 11946, 8705, 10371, 4619, 11074, 2034, 15550, 11743, 18666, 13494, 14175, 13948, 15123, 11154, 10397, 1701, 4770, 839, 12085, 16500, 16241, 1535, 18782, 2221, 539, 18405, 4245, 103, 1571, 16945, 12196, 9441, 1732, 1367, 3596, 4794, 7230, 5245, 17483, 2955, 2003, 11509, 4044, 12934, 3456, 16693, 593, 4582, 14076, 10972, 1965, 7227, 14324, 8658, 3772, 8355, 11889, 1908, 2684, 10026, 1666, 16507, 5589, 9295, 8389, 2099, 18653, 13808, 19147, 6675, 10970, 2788, 19028, 16983, 16166, 9845, 8160, 11381, 10088, 10333, 11716, 14695, 12697, 4365, 3747, 17296, 11904, 74, 7047, 10639, 13094, 940, 10478, 2032, 6642, 14896, 10840, 5430, 5556, 12597, 2183, 18403, 4252, 14613, 18283, 8790, 12140, 13540, 13353, 14114, 13297, 4056, 14038, 11299, 13770, 11433, 14285, 1526, 1955, 15711, 255, 12481, 612, 1635, 4886, 357, 11434, 9524, 13106, 2607, 5391, 9406, 2331, 624, 2749, 17849, 9829, 11436, 18426, 9481, 18550, 15647, 532, 11720, 11824, 15610, 15741, 7902, 13558, 17967, 14539, 17889, 4631, 1238, 16921, 7787, 15293, 3108, 8215, 2851, 4514, 12938, 16730, 17178, 4890, 17960, 4725, 7917, 3191, 8231, 16341, 8195, 10913, 2173, 5557, 2637, 16896, 5806, 1815, 1451, 8864, 2290, 12108, 5328, 6203, 2431, 7508, 17898, 17188, 6897, 1199, 15526, 18437, 6631, 8644, 16917, 14964, 14233, 2454, 584, 4830, 7199, 4180, 14889, 5761, 13756, 6917, 7756, 18880, 15095, 1816, 14070, 16252, 7429, 16589, 1631, 15968, 15221, 12478, 18594, 1477, 5637, 12058, 1205, 13397, 9107, 18654, 1968, 3759, 13147, 14144, 14973, 12452, 18020, 13592, 17920, 13687, 11335, 7207, 418, 7834, 778, 12982, 10688, 9031, 509, 9601, 9780, 17040, 12023, 3916, 91, 6536, 18535, 7547, 15240, 707, 14533, 15064, 17012, 16805, 8637, 5969, 16221, 1940, 13307, 4717, 12615, 18220, 11028, 12170, 1743, 2376, 12415, 14220, 18827, 1294, 18543, 6977, 15309, 11778, 11842, 17103, 3857, 4637, 12162, 19169, 17166, 18237, 17818, 9507, 19022, 5790, 19112, 15611, 1118, 15184, 18703, 1817, 15530, 16579, 8437, 11839, 11378, 3537, 9205, 9217, 16272, 18759, 16828, 12002, 8348, 1723, 3481, 14115, 379, 8544, 264, 6015, 7672, 2253, 7364, 3706, 13796, 17139, 16125, 12059, 9623, 7185, 2418, 18230, 3087, 281, 4379, 1796, 8459, 4400, 17824, 2736, 16446, 13525, 15341, 3275, 7872, 1662, 7557, 4319, 15442, 7181, 10456, 4963, 17048, 16943, 12784, 3441, 5240, 9975, 13216, 17702, 11594, 13554, 6165, 19168, 16070, 3540, 3262, 10661, 4061, 13173, 2875, 17014, 4349, 10818, 8428, 16764, 14232, 8930, 15734, 17680, 7069, 15684, 17050, 18987, 6914, 6863, 19263, 10595, 150, 10039, 2722, 18223, 16444, 6559, 7258, 2661, 7699, 17136, 12773, 4247, 5723, 15194, 1696, 1500, 2807, 9893, 11835, 13240, 18313, 17107, 10265, 10244, 5570, 2862, 14049, 1012, 12861, 723, 9583, 17461, 10056, 1264, 8297, 3716, 14666, 15259, 13531, 543, 13723, 16810, 6700, 3516, 13766, 7186, 10692, 6321, 15484, 14547, 8744, 3703, 10383, 16829, 6366, 6846, 3906, 2021, 18133, 857, 279, 12232, 10212, 10541, 12325, 13475, 1225, 937, 6966, 10881, 16936, 18502, 1440, 11914, 3326, 5633, 14913, 4623, 10743, 12361, 17335, 1072, 5043, 14810, 15077, 3255, 17215, 6553, 17852, 4801, 6962, 3060, 9430, 8799, 13824, 188, 15175, 15163, 4733, 5011, 3536, 17635, 6532, 14071, 6112, 17158, 6597, 11272, 105, 19219, 5013, 12483, 201, 6848, 17033, 6367, 7859, 14702, 18844, 7053, 18694, 15670, 636, 10129, 6378, 5369, 7273, 16247, 9142, 15345, 16817, 14854, 2600, 15783, 889, 11833, 6612, 2068, 2427, 7062, 7918, 16181, 5464, 8339, 8950, 8453, 16423, 6064, 2380, 4268, 13929, 12974, 19141, 1299, 2484, 3883, 3273, 8772, 13256, 11239, 5766, 18098, 12705, 11004, 2695, 10048, 10960, 2766, 15661, 13258, 8015, 6032, 16397, 7749, 19039, 7634, 15076, 4234, 15114, 8475, 8091, 19220, 18004, 9704, 13918, 15569, 16443, 10015, 9943, 7817, 9349, 2588, 8249, 398, 5316, 15538, 18372, 13559, 2937, 2803, 16248, 6155, 630, 9911, 13190, 19157, 15788, 13248, 13148, 1320, 12074, 8471, 8798, 3213, 12418, 814, 2402, 12718, 12397, 10564, 9875, 10128, 6947, 9491, 17707, 3266, 19196, 14309, 18523, 19043, 17975, 18063, 11618, 15016, 14434, 7680, 1739, 18029, 11694, 1745, 9271, 5189, 9561, 11283, 14978, 10753, 16017, 12914, 978, 2828, 17257, 13135, 5061, 121, 6602, 16015, 19271, 12159, 1244, 8260, 13195, 15873, 12815, 14291, 14515, 118, 4892, 14985, 9551, 12654, 4739, 927, 12176, 9523, 11726, 18187, 5880, 2569, 3386, 13942, 3390, 15774, 129, 65, 12922, 8422, 12692, 16213, 11515, 2111, 8347, 10758, 14064, 4401, 17782, 15621, 6709, 14716, 4091, 13964, 8424, 4218, 7249, 11311, 11171, 18564, 14755, 7114, 14009, 14815, 294, 495, 7684, 6833, 4046, 3505, 16995, 17858, 7761, 15803, 9840, 13958, 8226, 10369, 12497, 17142, 1748, 2854, 7159, 11539, 11055, 13337, 17173, 14214, 6803, 11144, 12649, 283, 15489, 13174, 7015, 610, 7030, 18206, 14077, 15468, 14962, 8046, 7809, 17387, 16034, 16678, 1173, 3502, 12942, 15655, 16859, 7099, 1673, 446, 1365, 5881, 3713, 11697, 1897, 16001, 1702, 14149, 11876, 9341, 4325, 6923, 2001, 138, 3276, 18716, 17604, 10501, 115, 12800, 6111, 11148, 4549, 16057, 4707, 6843, 16091, 4295, 7519, 13708, 12409, 11018, 5052, 13566, 14715, 12755, 793, 10837, 1888, 12375, 3935, 5763, 11791, 11258, 13264, 11469, 4683, 8905, 1853, 11600, 4421, 2798, 5074, 18141, 13807, 8595, 8126, 13837, 8060, 6956, 11767, 14560, 9389, 15261, 1232, 12560, 7262, 11504, 3546, 4627, 1177, 517, 4008, 9219, 17696, 4148, 14124, 13243, 11235, 7561, 8331, 16320, 3591, 11341, 4015, 12028, 14929, 18601, 3528, 14065, 1510, 19191, 13833, 17616, 10869, 17689, 831, 16725, 6319, 15465, 10467, 8162, 13563, 7728, 10778, 13545, 12290, 16480, 14401, 12838, 4212, 17529, 4832, 15111, 12690, 10373, 7596, 18614, 17477, 1043, 13100, 4774, 17479, 3774, 9302, 3901, 13071, 6412, 9516, 1261, 3054, 13522, 17602, 14343, 18500, 10957, 2791, 9624, 3634, 17904, 5709, 14670, 11058, 7087, 7435, 13848, 82, 5565, 2562, 14029, 3583, 1676, 12709, 18473, 3158, 12787, 8068, 8263, 16146, 3593, 1802, 1861, 3348, 4487, 17749, 6105, 10471, 17472, 10200, 1182, 14180, 1076, 10156, 4839, 9903, 4879, 9720, 2157, 15344, 16067, 3064, 17182, 5368, 4987, 18484, 18923, 11896, 1052, 15727, 15289, 5885, 1933, 5251, 17072, 6038, 6195, 13524, 6606, 18506, 17536, 6784, 3231, 14121, 8925, 10030, 803, 13764, 146, 19268, 14099, 4130, 16372, 1537, 12248, 13718, 17187, 11728, 1740, 19233, 5600, 4092, 4779, 6028, 3395, 16152, 19150, 2417, 11980, 11237, 8427, 18127, 3538, 9257, 607, 2078, 18457, 5802, 3435, 15019, 4256, 9221, 13465, 11742, 5788, 9528, 17493, 4607, 3131, 6616, 5356, 1550, 4617, 8827, 849, 2601, 4437, 17861, 10261, 15704, 3890, 8149, 12063, 3086, 15925, 12301, 6847, 5603, 7768, 3187, 13372, 9258, 6584, 7594, 2603, 1835, 17380, 17193, 15251, 15937, 18731, 4082, 14911, 16626, 8824, 16208, 10167, 17711, 9678, 15852, 13620, 16479, 14586, 2446, 4866, 1315, 7746, 10615, 7927, 2443, 7157, 13506, 18410, 10494]",541,1500,3,False,1500
3380,weather query,calendar query,7,True,False,False,"{21: 26, 33: 14, 2: 18, 29: 13, 25: 57, 43: 9, 57: 16, 49: 16, 61: 14, 67: 52, 65: 21, 50: 28, 15: 53, 6: 13, 46: 15, 27: 69, 7: 65, 48: 67, 19: 21, 31: 14, 63: 26, 22: 39, 9: 79, 26: 40, 47: 15, 53: 66, 11: 19, 51: 26, 54: 9, 13: 32, 17: 37, 52: 30, 39: 27, 38: 19, 1: 6, 59: 33, 56: 23, 32: 9, 8: 25, 4: 12, 20: 26, 24: 7, 18: 31, 42: 7, 28: 31, 45: 57, 0: 13, 66: 11, 62: 11, 35: 7, 64: 15, 37: 2, 40: 25, 3: 3, 14: 5, 12: 8, 16: 15, 55: 16, 30: 13, 58: 6, 36: 4, 60: 5, 5: 3, 41: 2, 44: 2, 34: 2}","[12686, 3384, 6034, 14374, 14516, 14680, 18580, 5912, 661, 4433, 14182, 14634, 14672, 13694, 17233, 12320, 12666, 7276, 14925, 15315, 1125, 14820, 3769, 14096, 12401, 14972, 14176, 4685, 4278, 5735, 7514, 16051, 15882, 4696, 17145, 19193, 12994, 9901, 13641, 15193, 6739, 9240, 1608, 14664, 18117, 5676, 15714, 5964, 5329, 16651, 15936, 14441, 15878, 18316, 14255, 18692, 5858, 4640, 10716, 13839, 16635, 2097, 11464, 12427, 2320, 14629, 7617, 16183, 16205, 2170, 4384, 6683, 5285, 18707, 6780, 4231, 2404, 4895, 18091, 2944, 13054, 3904, 3491, 9455, 15985, 10432, 8657, 15304, 9114, 5838, 5197, 17244, 6207, 3970, 17246, 3950, 6168, 8697, 6800, 9942, 11118, 8582, 6355, 15275, 4581, 12724, 11921, 1833, 523, 7619, 15729, 176, 8576, 3101, 1573, 1283, 11796, 11277, 2547, 1738, 6806, 15187, 7129, 5179, 5854, 16373, 9231, 6270, 777, 2062, 13249, 4144, 6325, 3924, 5350, 14414, 3142, 2249, 6444, 13582, 2833, 18030, 6483, 18404, 15057, 7482, 15001, 15872, 14584, 10835, 954, 7257, 1381, 17819, 17518, 6497, 14430, 4901, 16466, 10805, 132, 7506, 755, 14427, 12119, 16613, 19042, 14994, 11257, 8042, 2144, 5966, 1580, 8010, 2550, 10684, 14088, 5037, 8764, 17076, 14185, 15984, 5299, 16601, 19182, 13197, 14561, 12605, 17010, 2703, 6715, 11207, 10188, 212, 2293, 17676, 1720, 5934, 112, 8568, 15870, 3226, 4524, 4431, 5141, 5383, 7609, 12807, 19001, 14368, 6704, 14903, 4172, 117, 18698, 1699, 16558, 7518, 10618, 2110, 10308, 7828, 6623, 17644, 4449, 951, 13858, 15106, 8402, 916, 4771, 8608, 6448, 6656, 13547, 2814, 8336, 8093, 6398, 637, 9909, 10621, 786, 14146, 17292, 9457, 3, 2884, 14785, 10504, 16361, 8181, 17690, 654, 11067, 18741, 386, 18208, 10130, 8079, 7082, 14740, 8076, 18619, 14428, 10992, 12679, 9431, 18328, 13606, 7641, 13542, 1002, 11975, 15646, 19078, 1352, 8683, 16053, 11763, 14823, 7059, 4995, 3754, 6213, 10090, 19084, 1973, 8131, 5353, 836, 13960, 3217, 4885, 9645, 16941, 14750, 13171, 9132, 1355, 4440, 15747, 8233, 6008, 12781, 16749, 13905, 18198, 5033, 2910, 16502, 1233, 965, 16926, 3944, 13518, 18213, 12739, 9972, 14609, 5764, 6128, 9532, 12680, 3672, 5458, 6822, 11547, 3163, 8040, 14081, 8369, 18182, 17541, 11552, 12451, 15074, 1783, 17730, 1690, 16992, 2490, 2459, 18065, 320, 18311, 45, 9495, 4572, 544, 12731, 16811, 15096, 14957, 4594, 16607, 2449, 7791, 13659, 8892, 1713, 17336, 6598, 13832, 10495, 18937, 3067, 3473, 12715, 13492, 14787, 16503, 17899, 16638, 2408, 7141, 10590, 2917, 14650, 12571, 4321, 2855, 1829, 3736, 3381, 11069, 16093, 15201, 14311, 9836, 18289, 16899, 897, 13981, 12223, 8884, 15721, 7778, 13648, 5737, 6550, 19249, 2715, 447, 12941, 8915, 18963, 16291, 760, 5869, 3635, 3439, 6740, 5003, 3174, 2945, 16056, 4860, 11216, 7363, 1147, 12124, 9764, 11245, 4361, 7784, 16285, 17057, 11203, 5114, 17655, 12056, 17890, 7741, 15799, 10258, 16088, 19222, 15303, 1433, 5991, 322, 2322, 3156, 9940, 7814, 17068, 16968, 10018, 1991, 11946, 8705, 10371, 4619, 11074, 2034, 15550, 11743, 18666, 13494, 14175, 13948, 15123, 11154, 10397, 1701, 4770, 839, 12085, 16500, 16241, 1535, 18782, 2221, 539, 18405, 4245, 103, 1571, 16945, 12196, 9441, 1732, 1367, 3596, 4794, 7230, 5245, 17483, 2955, 2003, 11509, 4044, 12934, 3456, 16693, 593, 4582, 14076, 10972, 1965, 7227, 14324, 8658, 3772, 8355, 11889, 1908, 2684, 10026, 1666, 16507, 5589, 9295, 8389, 2099, 18653, 13808, 19147, 6675, 10970, 2788, 19028, 16983, 16166, 9845, 8160, 11381, 10088, 10333, 11716, 14695, 12697, 4365, 3747, 17296, 11904, 74, 7047, 10639, 13094, 940, 10478, 2032, 6642, 14896, 10840, 5430, 5556, 12597, 2183, 18403, 4252, 14613, 18283, 8790, 12140, 13540, 13353, 14114, 13297, 4056, 14038, 11299, 13770, 11433, 14285, 1526, 1955, 15711, 255, 12481, 612, 1635, 4886, 357, 11434, 9524, 13106, 2607, 5391, 9406, 2331, 624, 2749, 17849, 9829, 11436, 18426, 9481, 18550, 15647, 532, 11720, 11824, 15610, 15741, 7902, 13558, 17967, 14539, 17889, 4631, 1238, 16921, 7787, 15293, 3108, 8215, 2851, 4514, 12938, 16730, 17178, 4890, 17960, 4725, 7917, 3191, 8231, 16341, 8195, 10913, 2173, 5557, 2637, 16896, 5806, 1815, 1451, 8864, 2290, 12108, 5328, 6203, 2431, 7508, 17898, 17188, 6897, 1199, 15526, 18437, 6631, 8644, 16917, 14964, 14233, 2454, 584, 4830, 7199, 4180, 14889, 5761, 13756, 6917, 7756, 18880, 15095, 1816, 14070, 16252, 7429, 16589, 1631, 15968, 15221, 12478, 18594, 1477, 5637, 12058, 1205, 13397, 9107, 18654, 1968, 3759, 13147, 14144, 14973, 12452, 18020, 13592, 17920, 13687, 11335, 7207, 418, 7834, 778, 12982, 10688, 9031, 509, 9601, 9780, 17040, 12023, 3916, 91, 6536, 18535, 7547, 15240, 707, 14533, 15064, 17012, 16805, 8637, 5969, 16221, 1940, 13307, 4717, 12615, 18220, 11028, 12170, 1743, 2376, 12415, 14220, 18827, 1294, 18543, 6977, 15309, 11778, 11842, 17103, 3857, 4637, 12162, 19169, 17166, 18237, 17818, 9507, 19022, 5790, 19112, 15611, 1118, 15184, 18703, 1817, 15530, 16579, 8437, 11839, 11378, 3537, 9205, 9217, 16272, 18759, 16828, 12002, 8348, 1723, 3481, 14115, 379, 8544, 264, 6015, 7672, 2253, 7364, 3706, 13796, 17139, 16125, 12059, 9623, 7185, 2418, 18230, 3087, 281, 4379, 1796, 8459, 4400, 17824, 2736, 16446, 13525, 15341, 3275, 7872, 1662, 7557, 4319, 15442, 7181, 10456, 4963, 17048, 16943, 12784, 3441, 5240, 9975, 13216, 17702, 11594, 13554, 6165, 19168, 16070, 3540, 3262, 10661, 4061, 13173, 2875, 17014, 4349, 10818, 8428, 16764, 14232, 8930, 15734, 17680, 7069, 15684, 17050, 18987, 6914, 6863, 19263, 10595, 150, 10039, 2722, 18223, 16444, 6559, 7258, 2661, 7699, 17136, 12773, 4247, 5723, 15194, 1696, 1500, 2807, 9893, 11835, 13240, 18313, 17107, 10265, 10244, 5570, 2862, 14049, 1012, 12861, 723, 9583, 17461, 10056, 1264, 8297, 3716, 14666, 15259, 13531, 543, 13723, 16810, 6700, 3516, 13766, 7186, 10692, 6321, 15484, 14547, 8744, 3703, 10383, 16829, 6366, 6846, 3906, 2021, 18133, 857, 279, 12232, 10212, 10541, 12325, 13475, 1225, 937, 6966, 10881, 16936, 18502, 1440, 11914, 3326, 5633, 14913, 4623, 10743, 12361, 17335, 1072, 5043, 14810, 15077, 3255, 17215, 6553, 17852, 4801, 6962, 3060, 9430, 8799, 13824, 188, 15175, 15163, 4733, 5011, 3536, 17635, 6532, 14071, 6112, 17158, 6597, 11272, 105, 19219, 5013, 12483, 201, 6848, 17033, 6367, 7859, 14702, 18844, 7053, 18694, 15670, 636, 10129, 6378, 5369, 7273, 16247, 9142, 15345, 16817, 14854, 2600, 15783, 889, 11833, 6612, 2068, 2427, 7062, 7918, 16181, 5464, 8339, 8950, 8453, 16423, 6064, 2380, 4268, 13929, 12974, 19141, 1299, 2484, 3883, 3273, 8772, 13256, 11239, 5766, 18098, 12705, 11004, 2695, 10048, 10960, 2766, 15661, 13258, 8015, 6032, 16397, 7749, 19039, 7634, 15076, 4234, 15114, 8475, 8091, 19220, 18004, 9704, 13918, 15569, 16443, 10015, 9943, 7817, 9349, 2588, 8249, 398, 5316, 15538, 18372, 13559, 2937, 2803, 16248, 6155, 630, 9911, 13190, 19157, 15788, 13248, 13148, 1320, 12074, 8471, 8798, 3213, 12418, 814, 2402, 12718, 12397, 10564, 9875, 10128, 6947, 9491, 17707, 3266, 19196, 14309, 18523, 19043, 17975, 18063, 11618, 15016, 14434, 7680, 1739, 18029, 11694, 1745, 9271, 5189, 9561, 11283, 14978, 10753, 16017, 12914, 978, 2828, 17257, 13135, 5061, 121, 6602, 16015, 19271, 12159, 1244, 8260, 13195, 15873, 12815, 14291, 14515, 118, 4892, 14985, 9551, 12654, 4739, 927, 12176, 9523, 11726, 18187, 5880, 2569, 3386, 13942, 3390, 15774, 129, 65, 12922, 8422, 12692, 16213, 11515, 2111, 8347, 10758, 14064, 4401, 17782, 15621, 6709, 14716, 4091, 13964, 8424, 4218, 7249, 11311, 11171, 18564, 14755, 7114, 14009, 14815, 294, 495, 7684, 6833, 4046, 3505, 16995, 17858, 7761, 15803, 9840, 13958, 8226, 10369, 12497, 17142, 1748, 2854, 7159, 11539, 11055, 13337, 17173, 14214, 6803, 11144, 12649, 283, 15489, 13174, 7015, 610, 7030, 18206, 14077, 15468, 14962, 8046, 7809, 17387, 16034, 16678, 1173, 3502, 12942, 15655, 16859, 7099, 1673, 446, 1365, 5881, 3713, 11697, 1897, 16001, 1702, 14149, 11876, 9341, 4325, 6923, 2001, 138, 3276, 18716, 17604, 10501, 115, 12800, 6111, 11148, 4549, 16057, 4707, 6843, 16091, 4295, 7519, 13708, 12409, 11018, 5052, 13566, 14715, 12755, 793, 10837, 1888, 12375, 3935, 5763, 11791, 11258, 13264, 11469, 4683, 8905, 1853, 11600, 4421, 2798, 5074, 18141, 13807, 8595, 8126, 13837, 8060, 6956, 11767, 14560, 9389, 15261, 1232, 12560, 7262, 11504, 3546, 4627, 1177, 517, 4008, 9219, 17696, 4148, 14124, 13243, 11235, 7561, 8331, 16320, 3591, 11341, 4015, 12028, 14929, 18601, 3528, 14065, 1510, 19191, 13833, 17616, 10869, 17689, 831, 16725, 6319, 15465, 10467, 8162, 13563, 7728, 10778, 13545, 12290, 16480, 14401, 12838, 4212, 17529, 4832, 15111, 12690, 10373, 7596, 18614, 17477, 1043, 13100, 4774, 17479, 3774, 9302, 3901, 13071, 6412, 9516, 1261, 3054, 13522, 17602, 14343, 18500, 10957, 2791, 9624, 3634, 17904, 5709, 14670, 11058, 7087, 7435, 13848, 82, 5565, 2562, 14029, 3583, 1676, 12709, 18473, 3158, 12787, 8068, 8263, 16146, 3593, 1802, 1861, 3348, 4487, 17749, 6105, 10471, 17472, 10200, 1182, 14180, 1076, 10156, 4839, 9903, 4879, 9720, 2157, 15344, 16067, 3064, 17182, 5368, 4987, 18484, 18923, 11896, 1052, 15727, 15289, 5885, 1933, 5251, 17072, 6038, 6195, 13524, 6606, 18506, 17536, 6784, 3231, 14121, 8925, 10030, 803, 13764, 146, 19268, 14099, 4130, 16372, 1537, 12248, 13718, 17187, 11728, 1740, 19233, 5600, 4092, 4779, 6028, 3395, 16152, 19150, 2417, 11980, 11237, 8427, 18127, 3538, 9257, 607, 2078, 18457, 5802, 3435, 15019, 4256, 9221, 13465, 11742, 5788, 9528, 17493, 4607, 3131, 6616, 5356, 1550, 4617, 8827, 849, 2601, 4437, 17861, 10261, 15704, 3890, 8149, 12063, 3086, 15925, 12301, 6847, 5603, 7768, 3187, 13372, 9258, 6584, 7594, 2603, 1835, 17380, 17193, 15251, 15937, 18731, 4082, 14911, 16626, 8824, 16208, 10167, 17711, 9678, 15852, 13620, 16479, 14586, 2446, 4866, 1315, 7746, 10615, 7927, 2443, 7157, 13506, 18410, 10494]",3380,1500,3,False,1500
6316,calendar set,calendar set,9,True,True,True,"{21: 26, 33: 14, 2: 18, 29: 13, 25: 57, 43: 9, 57: 16, 49: 16, 61: 14, 67: 52, 65: 21, 50: 28, 15: 53, 6: 13, 46: 15, 27: 69, 7: 65, 48: 67, 19: 21, 31: 14, 63: 26, 22: 39, 9: 79, 26: 40, 47: 15, 53: 66, 11: 19, 51: 26, 54: 9, 13: 32, 17: 37, 52: 30, 39: 27, 38: 19, 1: 6, 59: 33, 56: 23, 32: 9, 8: 25, 4: 12, 20: 26, 24: 7, 18: 31, 42: 7, 28: 31, 45: 57, 0: 13, 66: 11, 62: 11, 35: 7, 64: 15, 37: 2, 40: 25, 3: 3, 14: 5, 12: 8, 16: 15, 55: 16, 30: 13, 58: 6, 36: 4, 60: 5, 5: 3, 41: 2, 44: 2, 34: 2}","[12686, 3384, 6034, 14374, 14516, 14680, 18580, 5912, 661, 4433, 14182, 14634, 14672, 13694, 17233, 12320, 12666, 7276, 14925, 15315, 1125, 14820, 3769, 14096, 12401, 14972, 14176, 4685, 4278, 5735, 7514, 16051, 15882, 4696, 17145, 19193, 12994, 9901, 13641, 15193, 6739, 9240, 1608, 14664, 18117, 5676, 15714, 5964, 5329, 16651, 15936, 14441, 15878, 18316, 14255, 18692, 5858, 4640, 10716, 13839, 16635, 2097, 11464, 12427, 2320, 14629, 7617, 16183, 16205, 2170, 4384, 6683, 5285, 18707, 6780, 4231, 2404, 4895, 18091, 2944, 13054, 3904, 3491, 9455, 15985, 10432, 8657, 15304, 9114, 5838, 5197, 17244, 6207, 3970, 17246, 3950, 6168, 8697, 6800, 9942, 11118, 8582, 6355, 15275, 4581, 12724, 11921, 1833, 523, 7619, 15729, 176, 8576, 3101, 1573, 1283, 11796, 11277, 2547, 1738, 6806, 15187, 7129, 5179, 5854, 16373, 9231, 6270, 777, 2062, 13249, 4144, 6325, 3924, 5350, 14414, 3142, 2249, 6444, 13582, 2833, 18030, 6483, 18404, 15057, 7482, 15001, 15872, 14584, 10835, 954, 7257, 1381, 17819, 17518, 6497, 14430, 4901, 16466, 10805, 132, 7506, 755, 14427, 12119, 16613, 19042, 14994, 11257, 8042, 2144, 5966, 1580, 8010, 2550, 10684, 14088, 5037, 8764, 17076, 14185, 15984, 5299, 16601, 19182, 13197, 14561, 12605, 17010, 2703, 6715, 11207, 10188, 212, 2293, 17676, 1720, 5934, 112, 8568, 15870, 3226, 4524, 4431, 5141, 5383, 7609, 12807, 19001, 14368, 6704, 14903, 4172, 117, 18698, 1699, 16558, 7518, 10618, 2110, 10308, 7828, 6623, 17644, 4449, 951, 13858, 15106, 8402, 916, 4771, 8608, 6448, 6656, 13547, 2814, 8336, 8093, 6398, 637, 9909, 10621, 786, 14146, 17292, 9457, 3, 2884, 14785, 10504, 16361, 8181, 17690, 654, 11067, 18741, 386, 18208, 10130, 8079, 7082, 14740, 8076, 18619, 14428, 10992, 12679, 9431, 18328, 13606, 7641, 13542, 1002, 11975, 15646, 19078, 1352, 8683, 16053, 11763, 14823, 7059, 4995, 3754, 6213, 10090, 19084, 1973, 8131, 5353, 836, 13960, 3217, 4885, 9645, 16941, 14750, 13171, 9132, 1355, 4440, 15747, 8233, 6008, 12781, 16749, 13905, 18198, 5033, 2910, 16502, 1233, 965, 16926, 3944, 13518, 18213, 12739, 9972, 14609, 5764, 6128, 9532, 12680, 3672, 5458, 6822, 11547, 3163, 8040, 14081, 8369, 18182, 17541, 11552, 12451, 15074, 1783, 17730, 1690, 16992, 2490, 2459, 18065, 320, 18311, 45, 9495, 4572, 544, 12731, 16811, 15096, 14957, 4594, 16607, 2449, 7791, 13659, 8892, 1713, 17336, 6598, 13832, 10495, 18937, 3067, 3473, 12715, 13492, 14787, 16503, 17899, 16638, 2408, 7141, 10590, 2917, 14650, 12571, 4321, 2855, 1829, 3736, 3381, 11069, 16093, 15201, 14311, 9836, 18289, 16899, 897, 13981, 12223, 8884, 15721, 7778, 13648, 5737, 6550, 19249, 2715, 447, 12941, 8915, 18963, 16291, 760, 5869, 3635, 3439, 6740, 5003, 3174, 2945, 16056, 4860, 11216, 7363, 1147, 12124, 9764, 11245, 4361, 7784, 16285, 17057, 11203, 5114, 17655, 12056, 17890, 7741, 15799, 10258, 16088, 19222, 15303, 1433, 5991, 322, 2322, 3156, 9940, 7814, 17068, 16968, 10018, 1991, 11946, 8705, 10371, 4619, 11074, 2034, 15550, 11743, 18666, 13494, 14175, 13948, 15123, 11154, 10397, 1701, 4770, 839, 12085, 16500, 16241, 1535, 18782, 2221, 539, 18405, 4245, 103, 1571, 16945, 12196, 9441, 1732, 1367, 3596, 4794, 7230, 5245, 17483, 2955, 2003, 11509, 4044, 12934, 3456, 16693, 593, 4582, 14076, 10972, 1965, 7227, 14324, 8658, 3772, 8355, 11889, 1908, 2684, 10026, 1666, 16507, 5589, 9295, 8389, 2099, 18653, 13808, 19147, 6675, 10970, 2788, 19028, 16983, 16166, 9845, 8160, 11381, 10088, 10333, 11716, 14695, 12697, 4365, 3747, 17296, 11904, 74, 7047, 10639, 13094, 940, 10478, 2032, 6642, 14896, 10840, 5430, 5556, 12597, 2183, 18403, 4252, 14613, 18283, 8790, 12140, 13540, 13353, 14114, 13297, 4056, 14038, 11299, 13770, 11433, 14285, 1526, 1955, 15711, 255, 12481, 612, 1635, 4886, 357, 11434, 9524, 13106, 2607, 5391, 9406, 2331, 624, 2749, 17849, 9829, 11436, 18426, 9481, 18550, 15647, 532, 11720, 11824, 15610, 15741, 7902, 13558, 17967, 14539, 17889, 4631, 1238, 16921, 7787, 15293, 3108, 8215, 2851, 4514, 12938, 16730, 17178, 4890, 17960, 4725, 7917, 3191, 8231, 16341, 8195, 10913, 2173, 5557, 2637, 16896, 5806, 1815, 1451, 8864, 2290, 12108, 5328, 6203, 2431, 7508, 17898, 17188, 6897, 1199, 15526, 18437, 6631, 8644, 16917, 14964, 14233, 2454, 584, 4830, 7199, 4180, 14889, 5761, 13756, 6917, 7756, 18880, 15095, 1816, 14070, 16252, 7429, 16589, 1631, 15968, 15221, 12478, 18594, 1477, 5637, 12058, 1205, 13397, 9107, 18654, 1968, 3759, 13147, 14144, 14973, 12452, 18020, 13592, 17920, 13687, 11335, 7207, 418, 7834, 778, 12982, 10688, 9031, 509, 9601, 9780, 17040, 12023, 3916, 91, 6536, 18535, 7547, 15240, 707, 14533, 15064, 17012, 16805, 8637, 5969, 16221, 1940, 13307, 4717, 12615, 18220, 11028, 12170, 1743, 2376, 12415, 14220, 18827, 1294, 18543, 6977, 15309, 11778, 11842, 17103, 3857, 4637, 12162, 19169, 17166, 18237, 17818, 9507, 19022, 5790, 19112, 15611, 1118, 15184, 18703, 1817, 15530, 16579, 8437, 11839, 11378, 3537, 9205, 9217, 16272, 18759, 16828, 12002, 8348, 1723, 3481, 14115, 379, 8544, 264, 6015, 7672, 2253, 7364, 3706, 13796, 17139, 16125, 12059, 9623, 7185, 2418, 18230, 3087, 281, 4379, 1796, 8459, 4400, 17824, 2736, 16446, 13525, 15341, 3275, 7872, 1662, 7557, 4319, 15442, 7181, 10456, 4963, 17048, 16943, 12784, 3441, 5240, 9975, 13216, 17702, 11594, 13554, 6165, 19168, 16070, 3540, 3262, 10661, 4061, 13173, 2875, 17014, 4349, 10818, 8428, 16764, 14232, 8930, 15734, 17680, 7069, 15684, 17050, 18987, 6914, 6863, 19263, 10595, 150, 10039, 2722, 18223, 16444, 6559, 7258, 2661, 7699, 17136, 12773, 4247, 5723, 15194, 1696, 1500, 2807, 9893, 11835, 13240, 18313, 17107, 10265, 10244, 5570, 2862, 14049, 1012, 12861, 723, 9583, 17461, 10056, 1264, 8297, 3716, 14666, 15259, 13531, 543, 13723, 16810, 6700, 3516, 13766, 7186, 10692, 6321, 15484, 14547, 8744, 3703, 10383, 16829, 6366, 6846, 3906, 2021, 18133, 857, 279, 12232, 10212, 10541, 12325, 13475, 1225, 937, 6966, 10881, 16936, 18502, 1440, 11914, 3326, 5633, 14913, 4623, 10743, 12361, 17335, 1072, 5043, 14810, 15077, 3255, 17215, 6553, 17852, 4801, 6962, 3060, 9430, 8799, 13824, 188, 15175, 15163, 4733, 5011, 3536, 17635, 6532, 14071, 6112, 17158, 6597, 11272, 105, 19219, 5013, 12483, 201, 6848, 17033, 6367, 7859, 14702, 18844, 7053, 18694, 15670, 636, 10129, 6378, 5369, 7273, 16247, 9142, 15345, 16817, 14854, 2600, 15783, 889, 11833, 6612, 2068, 2427, 7062, 7918, 16181, 5464, 8339, 8950, 8453, 16423, 6064, 2380, 4268, 13929, 12974, 19141, 1299, 2484, 3883, 3273, 8772, 13256, 11239, 5766, 18098, 12705, 11004, 2695, 10048, 10960, 2766, 15661, 13258, 8015, 6032, 16397, 7749, 19039, 7634, 15076, 4234, 15114, 8475, 8091, 19220, 18004, 9704, 13918, 15569, 16443, 10015, 9943, 7817, 9349, 2588, 8249, 398, 5316, 15538, 18372, 13559, 2937, 2803, 16248, 6155, 630, 9911, 13190, 19157, 15788, 13248, 13148, 1320, 12074, 8471, 8798, 3213, 12418, 814, 2402, 12718, 12397, 10564, 9875, 10128, 6947, 9491, 17707, 3266, 19196, 14309, 18523, 19043, 17975, 18063, 11618, 15016, 14434, 7680, 1739, 18029, 11694, 1745, 9271, 5189, 9561, 11283, 14978, 10753, 16017, 12914, 978, 2828, 17257, 13135, 5061, 121, 6602, 16015, 19271, 12159, 1244, 8260, 13195, 15873, 12815, 14291, 14515, 118, 4892, 14985, 9551, 12654, 4739, 927, 12176, 9523, 11726, 18187, 5880, 2569, 3386, 13942, 3390, 15774, 129, 65, 12922, 8422, 12692, 16213, 11515, 2111, 8347, 10758, 14064, 4401, 17782, 15621, 6709, 14716, 4091, 13964, 8424, 4218, 7249, 11311, 11171, 18564, 14755, 7114, 14009, 14815, 294, 495, 7684, 6833, 4046, 3505, 16995, 17858, 7761, 15803, 9840, 13958, 8226, 10369, 12497, 17142, 1748, 2854, 7159, 11539, 11055, 13337, 17173, 14214, 6803, 11144, 12649, 283, 15489, 13174, 7015, 610, 7030, 18206, 14077, 15468, 14962, 8046, 7809, 17387, 16034, 16678, 1173, 3502, 12942, 15655, 16859, 7099, 1673, 446, 1365, 5881, 3713, 11697, 1897, 16001, 1702, 14149, 11876, 9341, 4325, 6923, 2001, 138, 3276, 18716, 17604, 10501, 115, 12800, 6111, 11148, 4549, 16057, 4707, 6843, 16091, 4295, 7519, 13708, 12409, 11018, 5052, 13566, 14715, 12755, 793, 10837, 1888, 12375, 3935, 5763, 11791, 11258, 13264, 11469, 4683, 8905, 1853, 11600, 4421, 2798, 5074, 18141, 13807, 8595, 8126, 13837, 8060, 6956, 11767, 14560, 9389, 15261, 1232, 12560, 7262, 11504, 3546, 4627, 1177, 517, 4008, 9219, 17696, 4148, 14124, 13243, 11235, 7561, 8331, 16320, 3591, 11341, 4015, 12028, 14929, 18601, 3528, 14065, 1510, 19191, 13833, 17616, 10869, 17689, 831, 16725, 6319, 15465, 10467, 8162, 13563, 7728, 10778, 13545, 12290, 16480, 14401, 12838, 4212, 17529, 4832, 15111, 12690, 10373, 7596, 18614, 17477, 1043, 13100, 4774, 17479, 3774, 9302, 3901, 13071, 6412, 9516, 1261, 3054, 13522, 17602, 14343, 18500, 10957, 2791, 9624, 3634, 17904, 5709, 14670, 11058, 7087, 7435, 13848, 82, 5565, 2562, 14029, 3583, 1676, 12709, 18473, 3158, 12787, 8068, 8263, 16146, 3593, 1802, 1861, 3348, 4487, 17749, 6105, 10471, 17472, 10200, 1182, 14180, 1076, 10156, 4839, 9903, 4879, 9720, 2157, 15344, 16067, 3064, 17182, 5368, 4987, 18484, 18923, 11896, 1052, 15727, 15289, 5885, 1933, 5251, 17072, 6038, 6195, 13524, 6606, 18506, 17536, 6784, 3231, 14121, 8925, 10030, 803, 13764, 146, 19268, 14099, 4130, 16372, 1537, 12248, 13718, 17187, 11728, 1740, 19233, 5600, 4092, 4779, 6028, 3395, 16152, 19150, 2417, 11980, 11237, 8427, 18127, 3538, 9257, 607, 2078, 18457, 5802, 3435, 15019, 4256, 9221, 13465, 11742, 5788, 9528, 17493, 4607, 3131, 6616, 5356, 1550, 4617, 8827, 849, 2601, 4437, 17861, 10261, 15704, 3890, 8149, 12063, 3086, 15925, 12301, 6847, 5603, 7768, 3187, 13372, 9258, 6584, 7594, 2603, 1835, 17380, 17193, 15251, 15937, 18731, 4082, 14911, 16626, 8824, 16208, 10167, 17711, 9678, 15852, 13620, 16479, 14586, 2446, 4866, 1315, 7746, 10615, 7927, 2443, 7157, 13506, 18410, 10494]",6316,1500,3,False,1500
5592,qa factoid,qa fact,53,True,True,False,"{21: 26, 33: 14, 2: 18, 29: 13, 25: 57, 43: 9, 57: 16, 49: 16, 61: 14, 67: 52, 65: 21, 50: 28, 15: 53, 6: 13, 46: 15, 27: 69, 7: 65, 48: 67, 19: 21, 31: 14, 63: 26, 22: 39, 9: 79, 26: 40, 47: 15, 53: 66, 11: 19, 51: 26, 54: 9, 13: 32, 17: 37, 52: 30, 39: 27, 38: 19, 1: 6, 59: 33, 56: 23, 32: 9, 8: 25, 4: 12, 20: 26, 24: 7, 18: 31, 42: 7, 28: 31, 45: 57, 0: 13, 66: 11, 62: 11, 35: 7, 64: 15, 37: 2, 40: 25, 3: 3, 14: 5, 12: 8, 16: 15, 55: 16, 30: 13, 58: 6, 36: 4, 60: 5, 5: 3, 41: 2, 44: 2, 34: 2}","[12686, 3384, 6034, 14374, 14516, 14680, 18580, 5912, 661, 4433, 14182, 14634, 14672, 13694, 17233, 12320, 12666, 7276, 14925, 15315, 1125, 14820, 3769, 14096, 12401, 14972, 14176, 4685, 4278, 5735, 7514, 16051, 15882, 4696, 17145, 19193, 12994, 9901, 13641, 15193, 6739, 9240, 1608, 14664, 18117, 5676, 15714, 5964, 5329, 16651, 15936, 14441, 15878, 18316, 14255, 18692, 5858, 4640, 10716, 13839, 16635, 2097, 11464, 12427, 2320, 14629, 7617, 16183, 16205, 2170, 4384, 6683, 5285, 18707, 6780, 4231, 2404, 4895, 18091, 2944, 13054, 3904, 3491, 9455, 15985, 10432, 8657, 15304, 9114, 5838, 5197, 17244, 6207, 3970, 17246, 3950, 6168, 8697, 6800, 9942, 11118, 8582, 6355, 15275, 4581, 12724, 11921, 1833, 523, 7619, 15729, 176, 8576, 3101, 1573, 1283, 11796, 11277, 2547, 1738, 6806, 15187, 7129, 5179, 5854, 16373, 9231, 6270, 777, 2062, 13249, 4144, 6325, 3924, 5350, 14414, 3142, 2249, 6444, 13582, 2833, 18030, 6483, 18404, 15057, 7482, 15001, 15872, 14584, 10835, 954, 7257, 1381, 17819, 17518, 6497, 14430, 4901, 16466, 10805, 132, 7506, 755, 14427, 12119, 16613, 19042, 14994, 11257, 8042, 2144, 5966, 1580, 8010, 2550, 10684, 14088, 5037, 8764, 17076, 14185, 15984, 5299, 16601, 19182, 13197, 14561, 12605, 17010, 2703, 6715, 11207, 10188, 212, 2293, 17676, 1720, 5934, 112, 8568, 15870, 3226, 4524, 4431, 5141, 5383, 7609, 12807, 19001, 14368, 6704, 14903, 4172, 117, 18698, 1699, 16558, 7518, 10618, 2110, 10308, 7828, 6623, 17644, 4449, 951, 13858, 15106, 8402, 916, 4771, 8608, 6448, 6656, 13547, 2814, 8336, 8093, 6398, 637, 9909, 10621, 786, 14146, 17292, 9457, 3, 2884, 14785, 10504, 16361, 8181, 17690, 654, 11067, 18741, 386, 18208, 10130, 8079, 7082, 14740, 8076, 18619, 14428, 10992, 12679, 9431, 18328, 13606, 7641, 13542, 1002, 11975, 15646, 19078, 1352, 8683, 16053, 11763, 14823, 7059, 4995, 3754, 6213, 10090, 19084, 1973, 8131, 5353, 836, 13960, 3217, 4885, 9645, 16941, 14750, 13171, 9132, 1355, 4440, 15747, 8233, 6008, 12781, 16749, 13905, 18198, 5033, 2910, 16502, 1233, 965, 16926, 3944, 13518, 18213, 12739, 9972, 14609, 5764, 6128, 9532, 12680, 3672, 5458, 6822, 11547, 3163, 8040, 14081, 8369, 18182, 17541, 11552, 12451, 15074, 1783, 17730, 1690, 16992, 2490, 2459, 18065, 320, 18311, 45, 9495, 4572, 544, 12731, 16811, 15096, 14957, 4594, 16607, 2449, 7791, 13659, 8892, 1713, 17336, 6598, 13832, 10495, 18937, 3067, 3473, 12715, 13492, 14787, 16503, 17899, 16638, 2408, 7141, 10590, 2917, 14650, 12571, 4321, 2855, 1829, 3736, 3381, 11069, 16093, 15201, 14311, 9836, 18289, 16899, 897, 13981, 12223, 8884, 15721, 7778, 13648, 5737, 6550, 19249, 2715, 447, 12941, 8915, 18963, 16291, 760, 5869, 3635, 3439, 6740, 5003, 3174, 2945, 16056, 4860, 11216, 7363, 1147, 12124, 9764, 11245, 4361, 7784, 16285, 17057, 11203, 5114, 17655, 12056, 17890, 7741, 15799, 10258, 16088, 19222, 15303, 1433, 5991, 322, 2322, 3156, 9940, 7814, 17068, 16968, 10018, 1991, 11946, 8705, 10371, 4619, 11074, 2034, 15550, 11743, 18666, 13494, 14175, 13948, 15123, 11154, 10397, 1701, 4770, 839, 12085, 16500, 16241, 1535, 18782, 2221, 539, 18405, 4245, 103, 1571, 16945, 12196, 9441, 1732, 1367, 3596, 4794, 7230, 5245, 17483, 2955, 2003, 11509, 4044, 12934, 3456, 16693, 593, 4582, 14076, 10972, 1965, 7227, 14324, 8658, 3772, 8355, 11889, 1908, 2684, 10026, 1666, 16507, 5589, 9295, 8389, 2099, 18653, 13808, 19147, 6675, 10970, 2788, 19028, 16983, 16166, 9845, 8160, 11381, 10088, 10333, 11716, 14695, 12697, 4365, 3747, 17296, 11904, 74, 7047, 10639, 13094, 940, 10478, 2032, 6642, 14896, 10840, 5430, 5556, 12597, 2183, 18403, 4252, 14613, 18283, 8790, 12140, 13540, 13353, 14114, 13297, 4056, 14038, 11299, 13770, 11433, 14285, 1526, 1955, 15711, 255, 12481, 612, 1635, 4886, 357, 11434, 9524, 13106, 2607, 5391, 9406, 2331, 624, 2749, 17849, 9829, 11436, 18426, 9481, 18550, 15647, 532, 11720, 11824, 15610, 15741, 7902, 13558, 17967, 14539, 17889, 4631, 1238, 16921, 7787, 15293, 3108, 8215, 2851, 4514, 12938, 16730, 17178, 4890, 17960, 4725, 7917, 3191, 8231, 16341, 8195, 10913, 2173, 5557, 2637, 16896, 5806, 1815, 1451, 8864, 2290, 12108, 5328, 6203, 2431, 7508, 17898, 17188, 6897, 1199, 15526, 18437, 6631, 8644, 16917, 14964, 14233, 2454, 584, 4830, 7199, 4180, 14889, 5761, 13756, 6917, 7756, 18880, 15095, 1816, 14070, 16252, 7429, 16589, 1631, 15968, 15221, 12478, 18594, 1477, 5637, 12058, 1205, 13397, 9107, 18654, 1968, 3759, 13147, 14144, 14973, 12452, 18020, 13592, 17920, 13687, 11335, 7207, 418, 7834, 778, 12982, 10688, 9031, 509, 9601, 9780, 17040, 12023, 3916, 91, 6536, 18535, 7547, 15240, 707, 14533, 15064, 17012, 16805, 8637, 5969, 16221, 1940, 13307, 4717, 12615, 18220, 11028, 12170, 1743, 2376, 12415, 14220, 18827, 1294, 18543, 6977, 15309, 11778, 11842, 17103, 3857, 4637, 12162, 19169, 17166, 18237, 17818, 9507, 19022, 5790, 19112, 15611, 1118, 15184, 18703, 1817, 15530, 16579, 8437, 11839, 11378, 3537, 9205, 9217, 16272, 18759, 16828, 12002, 8348, 1723, 3481, 14115, 379, 8544, 264, 6015, 7672, 2253, 7364, 3706, 13796, 17139, 16125, 12059, 9623, 7185, 2418, 18230, 3087, 281, 4379, 1796, 8459, 4400, 17824, 2736, 16446, 13525, 15341, 3275, 7872, 1662, 7557, 4319, 15442, 7181, 10456, 4963, 17048, 16943, 12784, 3441, 5240, 9975, 13216, 17702, 11594, 13554, 6165, 19168, 16070, 3540, 3262, 10661, 4061, 13173, 2875, 17014, 4349, 10818, 8428, 16764, 14232, 8930, 15734, 17680, 7069, 15684, 17050, 18987, 6914, 6863, 19263, 10595, 150, 10039, 2722, 18223, 16444, 6559, 7258, 2661, 7699, 17136, 12773, 4247, 5723, 15194, 1696, 1500, 2807, 9893, 11835, 13240, 18313, 17107, 10265, 10244, 5570, 2862, 14049, 1012, 12861, 723, 9583, 17461, 10056, 1264, 8297, 3716, 14666, 15259, 13531, 543, 13723, 16810, 6700, 3516, 13766, 7186, 10692, 6321, 15484, 14547, 8744, 3703, 10383, 16829, 6366, 6846, 3906, 2021, 18133, 857, 279, 12232, 10212, 10541, 12325, 13475, 1225, 937, 6966, 10881, 16936, 18502, 1440, 11914, 3326, 5633, 14913, 4623, 10743, 12361, 17335, 1072, 5043, 14810, 15077, 3255, 17215, 6553, 17852, 4801, 6962, 3060, 9430, 8799, 13824, 188, 15175, 15163, 4733, 5011, 3536, 17635, 6532, 14071, 6112, 17158, 6597, 11272, 105, 19219, 5013, 12483, 201, 6848, 17033, 6367, 7859, 14702, 18844, 7053, 18694, 15670, 636, 10129, 6378, 5369, 7273, 16247, 9142, 15345, 16817, 14854, 2600, 15783, 889, 11833, 6612, 2068, 2427, 7062, 7918, 16181, 5464, 8339, 8950, 8453, 16423, 6064, 2380, 4268, 13929, 12974, 19141, 1299, 2484, 3883, 3273, 8772, 13256, 11239, 5766, 18098, 12705, 11004, 2695, 10048, 10960, 2766, 15661, 13258, 8015, 6032, 16397, 7749, 19039, 7634, 15076, 4234, 15114, 8475, 8091, 19220, 18004, 9704, 13918, 15569, 16443, 10015, 9943, 7817, 9349, 2588, 8249, 398, 5316, 15538, 18372, 13559, 2937, 2803, 16248, 6155, 630, 9911, 13190, 19157, 15788, 13248, 13148, 1320, 12074, 8471, 8798, 3213, 12418, 814, 2402, 12718, 12397, 10564, 9875, 10128, 6947, 9491, 17707, 3266, 19196, 14309, 18523, 19043, 17975, 18063, 11618, 15016, 14434, 7680, 1739, 18029, 11694, 1745, 9271, 5189, 9561, 11283, 14978, 10753, 16017, 12914, 978, 2828, 17257, 13135, 5061, 121, 6602, 16015, 19271, 12159, 1244, 8260, 13195, 15873, 12815, 14291, 14515, 118, 4892, 14985, 9551, 12654, 4739, 927, 12176, 9523, 11726, 18187, 5880, 2569, 3386, 13942, 3390, 15774, 129, 65, 12922, 8422, 12692, 16213, 11515, 2111, 8347, 10758, 14064, 4401, 17782, 15621, 6709, 14716, 4091, 13964, 8424, 4218, 7249, 11311, 11171, 18564, 14755, 7114, 14009, 14815, 294, 495, 7684, 6833, 4046, 3505, 16995, 17858, 7761, 15803, 9840, 13958, 8226, 10369, 12497, 17142, 1748, 2854, 7159, 11539, 11055, 13337, 17173, 14214, 6803, 11144, 12649, 283, 15489, 13174, 7015, 610, 7030, 18206, 14077, 15468, 14962, 8046, 7809, 17387, 16034, 16678, 1173, 3502, 12942, 15655, 16859, 7099, 1673, 446, 1365, 5881, 3713, 11697, 1897, 16001, 1702, 14149, 11876, 9341, 4325, 6923, 2001, 138, 3276, 18716, 17604, 10501, 115, 12800, 6111, 11148, 4549, 16057, 4707, 6843, 16091, 4295, 7519, 13708, 12409, 11018, 5052, 13566, 14715, 12755, 793, 10837, 1888, 12375, 3935, 5763, 11791, 11258, 13264, 11469, 4683, 8905, 1853, 11600, 4421, 2798, 5074, 18141, 13807, 8595, 8126, 13837, 8060, 6956, 11767, 14560, 9389, 15261, 1232, 12560, 7262, 11504, 3546, 4627, 1177, 517, 4008, 9219, 17696, 4148, 14124, 13243, 11235, 7561, 8331, 16320, 3591, 11341, 4015, 12028, 14929, 18601, 3528, 14065, 1510, 19191, 13833, 17616, 10869, 17689, 831, 16725, 6319, 15465, 10467, 8162, 13563, 7728, 10778, 13545, 12290, 16480, 14401, 12838, 4212, 17529, 4832, 15111, 12690, 10373, 7596, 18614, 17477, 1043, 13100, 4774, 17479, 3774, 9302, 3901, 13071, 6412, 9516, 1261, 3054, 13522, 17602, 14343, 18500, 10957, 2791, 9624, 3634, 17904, 5709, 14670, 11058, 7087, 7435, 13848, 82, 5565, 2562, 14029, 3583, 1676, 12709, 18473, 3158, 12787, 8068, 8263, 16146, 3593, 1802, 1861, 3348, 4487, 17749, 6105, 10471, 17472, 10200, 1182, 14180, 1076, 10156, 4839, 9903, 4879, 9720, 2157, 15344, 16067, 3064, 17182, 5368, 4987, 18484, 18923, 11896, 1052, 15727, 15289, 5885, 1933, 5251, 17072, 6038, 6195, 13524, 6606, 18506, 17536, 6784, 3231, 14121, 8925, 10030, 803, 13764, 146, 19268, 14099, 4130, 16372, 1537, 12248, 13718, 17187, 11728, 1740, 19233, 5600, 4092, 4779, 6028, 3395, 16152, 19150, 2417, 11980, 11237, 8427, 18127, 3538, 9257, 607, 2078, 18457, 5802, 3435, 15019, 4256, 9221, 13465, 11742, 5788, 9528, 17493, 4607, 3131, 6616, 5356, 1550, 4617, 8827, 849, 2601, 4437, 17861, 10261, 15704, 3890, 8149, 12063, 3086, 15925, 12301, 6847, 5603, 7768, 3187, 13372, 9258, 6584, 7594, 2603, 1835, 17380, 17193, 15251, 15937, 18731, 4082, 14911, 16626, 8824, 16208, 10167, 17711, 9678, 15852, 13620, 16479, 14586, 2446, 4866, 1315, 7746, 10615, 7927, 2443, 7157, 13506, 18410, 10494]",5592,1500,3,False,1500
3095,transport query,transport query,63,True,True,True,"{21: 26, 33: 14, 2: 18, 29: 13, 25: 57, 43: 9, 57: 16, 49: 16, 61: 14, 67: 52, 65: 21, 50: 28, 15: 53, 6: 13, 46: 15, 27: 69, 7: 65, 48: 67, 19: 21, 31: 14, 63: 26, 22: 39, 9: 79, 26: 40, 47: 15, 53: 66, 11: 19, 51: 26, 54: 9, 13: 32, 17: 37, 52: 30, 39: 27, 38: 19, 1: 6, 59: 33, 56: 23, 32: 9, 8: 25, 4: 12, 20: 26, 24: 7, 18: 31, 42: 7, 28: 31, 45: 57, 0: 13, 66: 11, 62: 11, 35: 7, 64: 15, 37: 2, 40: 25, 3: 3, 14: 5, 12: 8, 16: 15, 55: 16, 30: 13, 58: 6, 36: 4, 60: 5, 5: 3, 41: 2, 44: 2, 34: 2}","[12686, 3384, 6034, 14374, 14516, 14680, 18580, 5912, 661, 4433, 14182, 14634, 14672, 13694, 17233, 12320, 12666, 7276, 14925, 15315, 1125, 14820, 3769, 14096, 12401, 14972, 14176, 4685, 4278, 5735, 7514, 16051, 15882, 4696, 17145, 19193, 12994, 9901, 13641, 15193, 6739, 9240, 1608, 14664, 18117, 5676, 15714, 5964, 5329, 16651, 15936, 14441, 15878, 18316, 14255, 18692, 5858, 4640, 10716, 13839, 16635, 2097, 11464, 12427, 2320, 14629, 7617, 16183, 16205, 2170, 4384, 6683, 5285, 18707, 6780, 4231, 2404, 4895, 18091, 2944, 13054, 3904, 3491, 9455, 15985, 10432, 8657, 15304, 9114, 5838, 5197, 17244, 6207, 3970, 17246, 3950, 6168, 8697, 6800, 9942, 11118, 8582, 6355, 15275, 4581, 12724, 11921, 1833, 523, 7619, 15729, 176, 8576, 3101, 1573, 1283, 11796, 11277, 2547, 1738, 6806, 15187, 7129, 5179, 5854, 16373, 9231, 6270, 777, 2062, 13249, 4144, 6325, 3924, 5350, 14414, 3142, 2249, 6444, 13582, 2833, 18030, 6483, 18404, 15057, 7482, 15001, 15872, 14584, 10835, 954, 7257, 1381, 17819, 17518, 6497, 14430, 4901, 16466, 10805, 132, 7506, 755, 14427, 12119, 16613, 19042, 14994, 11257, 8042, 2144, 5966, 1580, 8010, 2550, 10684, 14088, 5037, 8764, 17076, 14185, 15984, 5299, 16601, 19182, 13197, 14561, 12605, 17010, 2703, 6715, 11207, 10188, 212, 2293, 17676, 1720, 5934, 112, 8568, 15870, 3226, 4524, 4431, 5141, 5383, 7609, 12807, 19001, 14368, 6704, 14903, 4172, 117, 18698, 1699, 16558, 7518, 10618, 2110, 10308, 7828, 6623, 17644, 4449, 951, 13858, 15106, 8402, 916, 4771, 8608, 6448, 6656, 13547, 2814, 8336, 8093, 6398, 637, 9909, 10621, 786, 14146, 17292, 9457, 3, 2884, 14785, 10504, 16361, 8181, 17690, 654, 11067, 18741, 386, 18208, 10130, 8079, 7082, 14740, 8076, 18619, 14428, 10992, 12679, 9431, 18328, 13606, 7641, 13542, 1002, 11975, 15646, 19078, 1352, 8683, 16053, 11763, 14823, 7059, 4995, 3754, 6213, 10090, 19084, 1973, 8131, 5353, 836, 13960, 3217, 4885, 9645, 16941, 14750, 13171, 9132, 1355, 4440, 15747, 8233, 6008, 12781, 16749, 13905, 18198, 5033, 2910, 16502, 1233, 965, 16926, 3944, 13518, 18213, 12739, 9972, 14609, 5764, 6128, 9532, 12680, 3672, 5458, 6822, 11547, 3163, 8040, 14081, 8369, 18182, 17541, 11552, 12451, 15074, 1783, 17730, 1690, 16992, 2490, 2459, 18065, 320, 18311, 45, 9495, 4572, 544, 12731, 16811, 15096, 14957, 4594, 16607, 2449, 7791, 13659, 8892, 1713, 17336, 6598, 13832, 10495, 18937, 3067, 3473, 12715, 13492, 14787, 16503, 17899, 16638, 2408, 7141, 10590, 2917, 14650, 12571, 4321, 2855, 1829, 3736, 3381, 11069, 16093, 15201, 14311, 9836, 18289, 16899, 897, 13981, 12223, 8884, 15721, 7778, 13648, 5737, 6550, 19249, 2715, 447, 12941, 8915, 18963, 16291, 760, 5869, 3635, 3439, 6740, 5003, 3174, 2945, 16056, 4860, 11216, 7363, 1147, 12124, 9764, 11245, 4361, 7784, 16285, 17057, 11203, 5114, 17655, 12056, 17890, 7741, 15799, 10258, 16088, 19222, 15303, 1433, 5991, 322, 2322, 3156, 9940, 7814, 17068, 16968, 10018, 1991, 11946, 8705, 10371, 4619, 11074, 2034, 15550, 11743, 18666, 13494, 14175, 13948, 15123, 11154, 10397, 1701, 4770, 839, 12085, 16500, 16241, 1535, 18782, 2221, 539, 18405, 4245, 103, 1571, 16945, 12196, 9441, 1732, 1367, 3596, 4794, 7230, 5245, 17483, 2955, 2003, 11509, 4044, 12934, 3456, 16693, 593, 4582, 14076, 10972, 1965, 7227, 14324, 8658, 3772, 8355, 11889, 1908, 2684, 10026, 1666, 16507, 5589, 9295, 8389, 2099, 18653, 13808, 19147, 6675, 10970, 2788, 19028, 16983, 16166, 9845, 8160, 11381, 10088, 10333, 11716, 14695, 12697, 4365, 3747, 17296, 11904, 74, 7047, 10639, 13094, 940, 10478, 2032, 6642, 14896, 10840, 5430, 5556, 12597, 2183, 18403, 4252, 14613, 18283, 8790, 12140, 13540, 13353, 14114, 13297, 4056, 14038, 11299, 13770, 11433, 14285, 1526, 1955, 15711, 255, 12481, 612, 1635, 4886, 357, 11434, 9524, 13106, 2607, 5391, 9406, 2331, 624, 2749, 17849, 9829, 11436, 18426, 9481, 18550, 15647, 532, 11720, 11824, 15610, 15741, 7902, 13558, 17967, 14539, 17889, 4631, 1238, 16921, 7787, 15293, 3108, 8215, 2851, 4514, 12938, 16730, 17178, 4890, 17960, 4725, 7917, 3191, 8231, 16341, 8195, 10913, 2173, 5557, 2637, 16896, 5806, 1815, 1451, 8864, 2290, 12108, 5328, 6203, 2431, 7508, 17898, 17188, 6897, 1199, 15526, 18437, 6631, 8644, 16917, 14964, 14233, 2454, 584, 4830, 7199, 4180, 14889, 5761, 13756, 6917, 7756, 18880, 15095, 1816, 14070, 16252, 7429, 16589, 1631, 15968, 15221, 12478, 18594, 1477, 5637, 12058, 1205, 13397, 9107, 18654, 1968, 3759, 13147, 14144, 14973, 12452, 18020, 13592, 17920, 13687, 11335, 7207, 418, 7834, 778, 12982, 10688, 9031, 509, 9601, 9780, 17040, 12023, 3916, 91, 6536, 18535, 7547, 15240, 707, 14533, 15064, 17012, 16805, 8637, 5969, 16221, 1940, 13307, 4717, 12615, 18220, 11028, 12170, 1743, 2376, 12415, 14220, 18827, 1294, 18543, 6977, 15309, 11778, 11842, 17103, 3857, 4637, 12162, 19169, 17166, 18237, 17818, 9507, 19022, 5790, 19112, 15611, 1118, 15184, 18703, 1817, 15530, 16579, 8437, 11839, 11378, 3537, 9205, 9217, 16272, 18759, 16828, 12002, 8348, 1723, 3481, 14115, 379, 8544, 264, 6015, 7672, 2253, 7364, 3706, 13796, 17139, 16125, 12059, 9623, 7185, 2418, 18230, 3087, 281, 4379, 1796, 8459, 4400, 17824, 2736, 16446, 13525, 15341, 3275, 7872, 1662, 7557, 4319, 15442, 7181, 10456, 4963, 17048, 16943, 12784, 3441, 5240, 9975, 13216, 17702, 11594, 13554, 6165, 19168, 16070, 3540, 3262, 10661, 4061, 13173, 2875, 17014, 4349, 10818, 8428, 16764, 14232, 8930, 15734, 17680, 7069, 15684, 17050, 18987, 6914, 6863, 19263, 10595, 150, 10039, 2722, 18223, 16444, 6559, 7258, 2661, 7699, 17136, 12773, 4247, 5723, 15194, 1696, 1500, 2807, 9893, 11835, 13240, 18313, 17107, 10265, 10244, 5570, 2862, 14049, 1012, 12861, 723, 9583, 17461, 10056, 1264, 8297, 3716, 14666, 15259, 13531, 543, 13723, 16810, 6700, 3516, 13766, 7186, 10692, 6321, 15484, 14547, 8744, 3703, 10383, 16829, 6366, 6846, 3906, 2021, 18133, 857, 279, 12232, 10212, 10541, 12325, 13475, 1225, 937, 6966, 10881, 16936, 18502, 1440, 11914, 3326, 5633, 14913, 4623, 10743, 12361, 17335, 1072, 5043, 14810, 15077, 3255, 17215, 6553, 17852, 4801, 6962, 3060, 9430, 8799, 13824, 188, 15175, 15163, 4733, 5011, 3536, 17635, 6532, 14071, 6112, 17158, 6597, 11272, 105, 19219, 5013, 12483, 201, 6848, 17033, 6367, 7859, 14702, 18844, 7053, 18694, 15670, 636, 10129, 6378, 5369, 7273, 16247, 9142, 15345, 16817, 14854, 2600, 15783, 889, 11833, 6612, 2068, 2427, 7062, 7918, 16181, 5464, 8339, 8950, 8453, 16423, 6064, 2380, 4268, 13929, 12974, 19141, 1299, 2484, 3883, 3273, 8772, 13256, 11239, 5766, 18098, 12705, 11004, 2695, 10048, 10960, 2766, 15661, 13258, 8015, 6032, 16397, 7749, 19039, 7634, 15076, 4234, 15114, 8475, 8091, 19220, 18004, 9704, 13918, 15569, 16443, 10015, 9943, 7817, 9349, 2588, 8249, 398, 5316, 15538, 18372, 13559, 2937, 2803, 16248, 6155, 630, 9911, 13190, 19157, 15788, 13248, 13148, 1320, 12074, 8471, 8798, 3213, 12418, 814, 2402, 12718, 12397, 10564, 9875, 10128, 6947, 9491, 17707, 3266, 19196, 14309, 18523, 19043, 17975, 18063, 11618, 15016, 14434, 7680, 1739, 18029, 11694, 1745, 9271, 5189, 9561, 11283, 14978, 10753, 16017, 12914, 978, 2828, 17257, 13135, 5061, 121, 6602, 16015, 19271, 12159, 1244, 8260, 13195, 15873, 12815, 14291, 14515, 118, 4892, 14985, 9551, 12654, 4739, 927, 12176, 9523, 11726, 18187, 5880, 2569, 3386, 13942, 3390, 15774, 129, 65, 12922, 8422, 12692, 16213, 11515, 2111, 8347, 10758, 14064, 4401, 17782, 15621, 6709, 14716, 4091, 13964, 8424, 4218, 7249, 11311, 11171, 18564, 14755, 7114, 14009, 14815, 294, 495, 7684, 6833, 4046, 3505, 16995, 17858, 7761, 15803, 9840, 13958, 8226, 10369, 12497, 17142, 1748, 2854, 7159, 11539, 11055, 13337, 17173, 14214, 6803, 11144, 12649, 283, 15489, 13174, 7015, 610, 7030, 18206, 14077, 15468, 14962, 8046, 7809, 17387, 16034, 16678, 1173, 3502, 12942, 15655, 16859, 7099, 1673, 446, 1365, 5881, 3713, 11697, 1897, 16001, 1702, 14149, 11876, 9341, 4325, 6923, 2001, 138, 3276, 18716, 17604, 10501, 115, 12800, 6111, 11148, 4549, 16057, 4707, 6843, 16091, 4295, 7519, 13708, 12409, 11018, 5052, 13566, 14715, 12755, 793, 10837, 1888, 12375, 3935, 5763, 11791, 11258, 13264, 11469, 4683, 8905, 1853, 11600, 4421, 2798, 5074, 18141, 13807, 8595, 8126, 13837, 8060, 6956, 11767, 14560, 9389, 15261, 1232, 12560, 7262, 11504, 3546, 4627, 1177, 517, 4008, 9219, 17696, 4148, 14124, 13243, 11235, 7561, 8331, 16320, 3591, 11341, 4015, 12028, 14929, 18601, 3528, 14065, 1510, 19191, 13833, 17616, 10869, 17689, 831, 16725, 6319, 15465, 10467, 8162, 13563, 7728, 10778, 13545, 12290, 16480, 14401, 12838, 4212, 17529, 4832, 15111, 12690, 10373, 7596, 18614, 17477, 1043, 13100, 4774, 17479, 3774, 9302, 3901, 13071, 6412, 9516, 1261, 3054, 13522, 17602, 14343, 18500, 10957, 2791, 9624, 3634, 17904, 5709, 14670, 11058, 7087, 7435, 13848, 82, 5565, 2562, 14029, 3583, 1676, 12709, 18473, 3158, 12787, 8068, 8263, 16146, 3593, 1802, 1861, 3348, 4487, 17749, 6105, 10471, 17472, 10200, 1182, 14180, 1076, 10156, 4839, 9903, 4879, 9720, 2157, 15344, 16067, 3064, 17182, 5368, 4987, 18484, 18923, 11896, 1052, 15727, 15289, 5885, 1933, 5251, 17072, 6038, 6195, 13524, 6606, 18506, 17536, 6784, 3231, 14121, 8925, 10030, 803, 13764, 146, 19268, 14099, 4130, 16372, 1537, 12248, 13718, 17187, 11728, 1740, 19233, 5600, 4092, 4779, 6028, 3395, 16152, 19150, 2417, 11980, 11237, 8427, 18127, 3538, 9257, 607, 2078, 18457, 5802, 3435, 15019, 4256, 9221, 13465, 11742, 5788, 9528, 17493, 4607, 3131, 6616, 5356, 1550, 4617, 8827, 849, 2601, 4437, 17861, 10261, 15704, 3890, 8149, 12063, 3086, 15925, 12301, 6847, 5603, 7768, 3187, 13372, 9258, 6584, 7594, 2603, 1835, 17380, 17193, 15251, 15937, 18731, 4082, 14911, 16626, 8824, 16208, 10167, 17711, 9678, 15852, 13620, 16479, 14586, 2446, 4866, 1315, 7746, 10615, 7927, 2443, 7157, 13506, 18410, 10494]",3095,1500,3,False,1500
2437,qa definition,qa definition,52,True,True,True,"{21: 26, 33: 14, 2: 18, 29: 13, 25: 57, 43: 9, 57: 16, 49: 16, 61: 14, 67: 52, 65: 21, 50: 28, 15: 53, 6: 13, 46: 15, 27: 69, 7: 65, 48: 67, 19: 21, 31: 14, 63: 26, 22: 39, 9: 79, 26: 40, 47: 15, 53: 66, 11: 19, 51: 26, 54: 9, 13: 32, 17: 37, 52: 30, 39: 27, 38: 19, 1: 6, 59: 33, 56: 23, 32: 9, 8: 25, 4: 12, 20: 26, 24: 7, 18: 31, 42: 7, 28: 31, 45: 57, 0: 13, 66: 11, 62: 11, 35: 7, 64: 15, 37: 2, 40: 25, 3: 3, 14: 5, 12: 8, 16: 15, 55: 16, 30: 13, 58: 6, 36: 4, 60: 5, 5: 3, 41: 2, 44: 2, 34: 2}","[12686, 3384, 6034, 14374, 14516, 14680, 18580, 5912, 661, 4433, 14182, 14634, 14672, 13694, 17233, 12320, 12666, 7276, 14925, 15315, 1125, 14820, 3769, 14096, 12401, 14972, 14176, 4685, 4278, 5735, 7514, 16051, 15882, 4696, 17145, 19193, 12994, 9901, 13641, 15193, 6739, 9240, 1608, 14664, 18117, 5676, 15714, 5964, 5329, 16651, 15936, 14441, 15878, 18316, 14255, 18692, 5858, 4640, 10716, 13839, 16635, 2097, 11464, 12427, 2320, 14629, 7617, 16183, 16205, 2170, 4384, 6683, 5285, 18707, 6780, 4231, 2404, 4895, 18091, 2944, 13054, 3904, 3491, 9455, 15985, 10432, 8657, 15304, 9114, 5838, 5197, 17244, 6207, 3970, 17246, 3950, 6168, 8697, 6800, 9942, 11118, 8582, 6355, 15275, 4581, 12724, 11921, 1833, 523, 7619, 15729, 176, 8576, 3101, 1573, 1283, 11796, 11277, 2547, 1738, 6806, 15187, 7129, 5179, 5854, 16373, 9231, 6270, 777, 2062, 13249, 4144, 6325, 3924, 5350, 14414, 3142, 2249, 6444, 13582, 2833, 18030, 6483, 18404, 15057, 7482, 15001, 15872, 14584, 10835, 954, 7257, 1381, 17819, 17518, 6497, 14430, 4901, 16466, 10805, 132, 7506, 755, 14427, 12119, 16613, 19042, 14994, 11257, 8042, 2144, 5966, 1580, 8010, 2550, 10684, 14088, 5037, 8764, 17076, 14185, 15984, 5299, 16601, 19182, 13197, 14561, 12605, 17010, 2703, 6715, 11207, 10188, 212, 2293, 17676, 1720, 5934, 112, 8568, 15870, 3226, 4524, 4431, 5141, 5383, 7609, 12807, 19001, 14368, 6704, 14903, 4172, 117, 18698, 1699, 16558, 7518, 10618, 2110, 10308, 7828, 6623, 17644, 4449, 951, 13858, 15106, 8402, 916, 4771, 8608, 6448, 6656, 13547, 2814, 8336, 8093, 6398, 637, 9909, 10621, 786, 14146, 17292, 9457, 3, 2884, 14785, 10504, 16361, 8181, 17690, 654, 11067, 18741, 386, 18208, 10130, 8079, 7082, 14740, 8076, 18619, 14428, 10992, 12679, 9431, 18328, 13606, 7641, 13542, 1002, 11975, 15646, 19078, 1352, 8683, 16053, 11763, 14823, 7059, 4995, 3754, 6213, 10090, 19084, 1973, 8131, 5353, 836, 13960, 3217, 4885, 9645, 16941, 14750, 13171, 9132, 1355, 4440, 15747, 8233, 6008, 12781, 16749, 13905, 18198, 5033, 2910, 16502, 1233, 965, 16926, 3944, 13518, 18213, 12739, 9972, 14609, 5764, 6128, 9532, 12680, 3672, 5458, 6822, 11547, 3163, 8040, 14081, 8369, 18182, 17541, 11552, 12451, 15074, 1783, 17730, 1690, 16992, 2490, 2459, 18065, 320, 18311, 45, 9495, 4572, 544, 12731, 16811, 15096, 14957, 4594, 16607, 2449, 7791, 13659, 8892, 1713, 17336, 6598, 13832, 10495, 18937, 3067, 3473, 12715, 13492, 14787, 16503, 17899, 16638, 2408, 7141, 10590, 2917, 14650, 12571, 4321, 2855, 1829, 3736, 3381, 11069, 16093, 15201, 14311, 9836, 18289, 16899, 897, 13981, 12223, 8884, 15721, 7778, 13648, 5737, 6550, 19249, 2715, 447, 12941, 8915, 18963, 16291, 760, 5869, 3635, 3439, 6740, 5003, 3174, 2945, 16056, 4860, 11216, 7363, 1147, 12124, 9764, 11245, 4361, 7784, 16285, 17057, 11203, 5114, 17655, 12056, 17890, 7741, 15799, 10258, 16088, 19222, 15303, 1433, 5991, 322, 2322, 3156, 9940, 7814, 17068, 16968, 10018, 1991, 11946, 8705, 10371, 4619, 11074, 2034, 15550, 11743, 18666, 13494, 14175, 13948, 15123, 11154, 10397, 1701, 4770, 839, 12085, 16500, 16241, 1535, 18782, 2221, 539, 18405, 4245, 103, 1571, 16945, 12196, 9441, 1732, 1367, 3596, 4794, 7230, 5245, 17483, 2955, 2003, 11509, 4044, 12934, 3456, 16693, 593, 4582, 14076, 10972, 1965, 7227, 14324, 8658, 3772, 8355, 11889, 1908, 2684, 10026, 1666, 16507, 5589, 9295, 8389, 2099, 18653, 13808, 19147, 6675, 10970, 2788, 19028, 16983, 16166, 9845, 8160, 11381, 10088, 10333, 11716, 14695, 12697, 4365, 3747, 17296, 11904, 74, 7047, 10639, 13094, 940, 10478, 2032, 6642, 14896, 10840, 5430, 5556, 12597, 2183, 18403, 4252, 14613, 18283, 8790, 12140, 13540, 13353, 14114, 13297, 4056, 14038, 11299, 13770, 11433, 14285, 1526, 1955, 15711, 255, 12481, 612, 1635, 4886, 357, 11434, 9524, 13106, 2607, 5391, 9406, 2331, 624, 2749, 17849, 9829, 11436, 18426, 9481, 18550, 15647, 532, 11720, 11824, 15610, 15741, 7902, 13558, 17967, 14539, 17889, 4631, 1238, 16921, 7787, 15293, 3108, 8215, 2851, 4514, 12938, 16730, 17178, 4890, 17960, 4725, 7917, 3191, 8231, 16341, 8195, 10913, 2173, 5557, 2637, 16896, 5806, 1815, 1451, 8864, 2290, 12108, 5328, 6203, 2431, 7508, 17898, 17188, 6897, 1199, 15526, 18437, 6631, 8644, 16917, 14964, 14233, 2454, 584, 4830, 7199, 4180, 14889, 5761, 13756, 6917, 7756, 18880, 15095, 1816, 14070, 16252, 7429, 16589, 1631, 15968, 15221, 12478, 18594, 1477, 5637, 12058, 1205, 13397, 9107, 18654, 1968, 3759, 13147, 14144, 14973, 12452, 18020, 13592, 17920, 13687, 11335, 7207, 418, 7834, 778, 12982, 10688, 9031, 509, 9601, 9780, 17040, 12023, 3916, 91, 6536, 18535, 7547, 15240, 707, 14533, 15064, 17012, 16805, 8637, 5969, 16221, 1940, 13307, 4717, 12615, 18220, 11028, 12170, 1743, 2376, 12415, 14220, 18827, 1294, 18543, 6977, 15309, 11778, 11842, 17103, 3857, 4637, 12162, 19169, 17166, 18237, 17818, 9507, 19022, 5790, 19112, 15611, 1118, 15184, 18703, 1817, 15530, 16579, 8437, 11839, 11378, 3537, 9205, 9217, 16272, 18759, 16828, 12002, 8348, 1723, 3481, 14115, 379, 8544, 264, 6015, 7672, 2253, 7364, 3706, 13796, 17139, 16125, 12059, 9623, 7185, 2418, 18230, 3087, 281, 4379, 1796, 8459, 4400, 17824, 2736, 16446, 13525, 15341, 3275, 7872, 1662, 7557, 4319, 15442, 7181, 10456, 4963, 17048, 16943, 12784, 3441, 5240, 9975, 13216, 17702, 11594, 13554, 6165, 19168, 16070, 3540, 3262, 10661, 4061, 13173, 2875, 17014, 4349, 10818, 8428, 16764, 14232, 8930, 15734, 17680, 7069, 15684, 17050, 18987, 6914, 6863, 19263, 10595, 150, 10039, 2722, 18223, 16444, 6559, 7258, 2661, 7699, 17136, 12773, 4247, 5723, 15194, 1696, 1500, 2807, 9893, 11835, 13240, 18313, 17107, 10265, 10244, 5570, 2862, 14049, 1012, 12861, 723, 9583, 17461, 10056, 1264, 8297, 3716, 14666, 15259, 13531, 543, 13723, 16810, 6700, 3516, 13766, 7186, 10692, 6321, 15484, 14547, 8744, 3703, 10383, 16829, 6366, 6846, 3906, 2021, 18133, 857, 279, 12232, 10212, 10541, 12325, 13475, 1225, 937, 6966, 10881, 16936, 18502, 1440, 11914, 3326, 5633, 14913, 4623, 10743, 12361, 17335, 1072, 5043, 14810, 15077, 3255, 17215, 6553, 17852, 4801, 6962, 3060, 9430, 8799, 13824, 188, 15175, 15163, 4733, 5011, 3536, 17635, 6532, 14071, 6112, 17158, 6597, 11272, 105, 19219, 5013, 12483, 201, 6848, 17033, 6367, 7859, 14702, 18844, 7053, 18694, 15670, 636, 10129, 6378, 5369, 7273, 16247, 9142, 15345, 16817, 14854, 2600, 15783, 889, 11833, 6612, 2068, 2427, 7062, 7918, 16181, 5464, 8339, 8950, 8453, 16423, 6064, 2380, 4268, 13929, 12974, 19141, 1299, 2484, 3883, 3273, 8772, 13256, 11239, 5766, 18098, 12705, 11004, 2695, 10048, 10960, 2766, 15661, 13258, 8015, 6032, 16397, 7749, 19039, 7634, 15076, 4234, 15114, 8475, 8091, 19220, 18004, 9704, 13918, 15569, 16443, 10015, 9943, 7817, 9349, 2588, 8249, 398, 5316, 15538, 18372, 13559, 2937, 2803, 16248, 6155, 630, 9911, 13190, 19157, 15788, 13248, 13148, 1320, 12074, 8471, 8798, 3213, 12418, 814, 2402, 12718, 12397, 10564, 9875, 10128, 6947, 9491, 17707, 3266, 19196, 14309, 18523, 19043, 17975, 18063, 11618, 15016, 14434, 7680, 1739, 18029, 11694, 1745, 9271, 5189, 9561, 11283, 14978, 10753, 16017, 12914, 978, 2828, 17257, 13135, 5061, 121, 6602, 16015, 19271, 12159, 1244, 8260, 13195, 15873, 12815, 14291, 14515, 118, 4892, 14985, 9551, 12654, 4739, 927, 12176, 9523, 11726, 18187, 5880, 2569, 3386, 13942, 3390, 15774, 129, 65, 12922, 8422, 12692, 16213, 11515, 2111, 8347, 10758, 14064, 4401, 17782, 15621, 6709, 14716, 4091, 13964, 8424, 4218, 7249, 11311, 11171, 18564, 14755, 7114, 14009, 14815, 294, 495, 7684, 6833, 4046, 3505, 16995, 17858, 7761, 15803, 9840, 13958, 8226, 10369, 12497, 17142, 1748, 2854, 7159, 11539, 11055, 13337, 17173, 14214, 6803, 11144, 12649, 283, 15489, 13174, 7015, 610, 7030, 18206, 14077, 15468, 14962, 8046, 7809, 17387, 16034, 16678, 1173, 3502, 12942, 15655, 16859, 7099, 1673, 446, 1365, 5881, 3713, 11697, 1897, 16001, 1702, 14149, 11876, 9341, 4325, 6923, 2001, 138, 3276, 18716, 17604, 10501, 115, 12800, 6111, 11148, 4549, 16057, 4707, 6843, 16091, 4295, 7519, 13708, 12409, 11018, 5052, 13566, 14715, 12755, 793, 10837, 1888, 12375, 3935, 5763, 11791, 11258, 13264, 11469, 4683, 8905, 1853, 11600, 4421, 2798, 5074, 18141, 13807, 8595, 8126, 13837, 8060, 6956, 11767, 14560, 9389, 15261, 1232, 12560, 7262, 11504, 3546, 4627, 1177, 517, 4008, 9219, 17696, 4148, 14124, 13243, 11235, 7561, 8331, 16320, 3591, 11341, 4015, 12028, 14929, 18601, 3528, 14065, 1510, 19191, 13833, 17616, 10869, 17689, 831, 16725, 6319, 15465, 10467, 8162, 13563, 7728, 10778, 13545, 12290, 16480, 14401, 12838, 4212, 17529, 4832, 15111, 12690, 10373, 7596, 18614, 17477, 1043, 13100, 4774, 17479, 3774, 9302, 3901, 13071, 6412, 9516, 1261, 3054, 13522, 17602, 14343, 18500, 10957, 2791, 9624, 3634, 17904, 5709, 14670, 11058, 7087, 7435, 13848, 82, 5565, 2562, 14029, 3583, 1676, 12709, 18473, 3158, 12787, 8068, 8263, 16146, 3593, 1802, 1861, 3348, 4487, 17749, 6105, 10471, 17472, 10200, 1182, 14180, 1076, 10156, 4839, 9903, 4879, 9720, 2157, 15344, 16067, 3064, 17182, 5368, 4987, 18484, 18923, 11896, 1052, 15727, 15289, 5885, 1933, 5251, 17072, 6038, 6195, 13524, 6606, 18506, 17536, 6784, 3231, 14121, 8925, 10030, 803, 13764, 146, 19268, 14099, 4130, 16372, 1537, 12248, 13718, 17187, 11728, 1740, 19233, 5600, 4092, 4779, 6028, 3395, 16152, 19150, 2417, 11980, 11237, 8427, 18127, 3538, 9257, 607, 2078, 18457, 5802, 3435, 15019, 4256, 9221, 13465, 11742, 5788, 9528, 17493, 4607, 3131, 6616, 5356, 1550, 4617, 8827, 849, 2601, 4437, 17861, 10261, 15704, 3890, 8149, 12063, 3086, 15925, 12301, 6847, 5603, 7768, 3187, 13372, 9258, 6584, 7594, 2603, 1835, 17380, 17193, 15251, 15937, 18731, 4082, 14911, 16626, 8824, 16208, 10167, 17711, 9678, 15852, 13620, 16479, 14586, 2446, 4866, 1315, 7746, 10615, 7927, 2443, 7157, 13506, 18410, 10494]",2437,1500,3,False,1500
2890,email sendemail,email s,17,True,True,False,"{21: 26, 33: 14, 2: 18, 29: 13, 25: 57, 43: 9, 57: 16, 49: 16, 61: 14, 67: 52, 65: 21, 50: 28, 15: 53, 6: 13, 46: 15, 27: 69, 7: 65, 48: 67, 19: 21, 31: 14, 63: 26, 22: 39, 9: 79, 26: 40, 47: 15, 53: 66, 11: 19, 51: 26, 54: 9, 13: 32, 17: 37, 52: 30, 39: 27, 38: 19, 1: 6, 59: 33, 56: 23, 32: 9, 8: 25, 4: 12, 20: 26, 24: 7, 18: 31, 42: 7, 28: 31, 45: 57, 0: 13, 66: 11, 62: 11, 35: 7, 64: 15, 37: 2, 40: 25, 3: 3, 14: 5, 12: 8, 16: 15, 55: 16, 30: 13, 58: 6, 36: 4, 60: 5, 5: 3, 41: 2, 44: 2, 34: 2}","[12686, 3384, 6034, 14374, 14516, 14680, 18580, 5912, 661, 4433, 14182, 14634, 14672, 13694, 17233, 12320, 12666, 7276, 14925, 15315, 1125, 14820, 3769, 14096, 12401, 14972, 14176, 4685, 4278, 5735, 7514, 16051, 15882, 4696, 17145, 19193, 12994, 9901, 13641, 15193, 6739, 9240, 1608, 14664, 18117, 5676, 15714, 5964, 5329, 16651, 15936, 14441, 15878, 18316, 14255, 18692, 5858, 4640, 10716, 13839, 16635, 2097, 11464, 12427, 2320, 14629, 7617, 16183, 16205, 2170, 4384, 6683, 5285, 18707, 6780, 4231, 2404, 4895, 18091, 2944, 13054, 3904, 3491, 9455, 15985, 10432, 8657, 15304, 9114, 5838, 5197, 17244, 6207, 3970, 17246, 3950, 6168, 8697, 6800, 9942, 11118, 8582, 6355, 15275, 4581, 12724, 11921, 1833, 523, 7619, 15729, 176, 8576, 3101, 1573, 1283, 11796, 11277, 2547, 1738, 6806, 15187, 7129, 5179, 5854, 16373, 9231, 6270, 777, 2062, 13249, 4144, 6325, 3924, 5350, 14414, 3142, 2249, 6444, 13582, 2833, 18030, 6483, 18404, 15057, 7482, 15001, 15872, 14584, 10835, 954, 7257, 1381, 17819, 17518, 6497, 14430, 4901, 16466, 10805, 132, 7506, 755, 14427, 12119, 16613, 19042, 14994, 11257, 8042, 2144, 5966, 1580, 8010, 2550, 10684, 14088, 5037, 8764, 17076, 14185, 15984, 5299, 16601, 19182, 13197, 14561, 12605, 17010, 2703, 6715, 11207, 10188, 212, 2293, 17676, 1720, 5934, 112, 8568, 15870, 3226, 4524, 4431, 5141, 5383, 7609, 12807, 19001, 14368, 6704, 14903, 4172, 117, 18698, 1699, 16558, 7518, 10618, 2110, 10308, 7828, 6623, 17644, 4449, 951, 13858, 15106, 8402, 916, 4771, 8608, 6448, 6656, 13547, 2814, 8336, 8093, 6398, 637, 9909, 10621, 786, 14146, 17292, 9457, 3, 2884, 14785, 10504, 16361, 8181, 17690, 654, 11067, 18741, 386, 18208, 10130, 8079, 7082, 14740, 8076, 18619, 14428, 10992, 12679, 9431, 18328, 13606, 7641, 13542, 1002, 11975, 15646, 19078, 1352, 8683, 16053, 11763, 14823, 7059, 4995, 3754, 6213, 10090, 19084, 1973, 8131, 5353, 836, 13960, 3217, 4885, 9645, 16941, 14750, 13171, 9132, 1355, 4440, 15747, 8233, 6008, 12781, 16749, 13905, 18198, 5033, 2910, 16502, 1233, 965, 16926, 3944, 13518, 18213, 12739, 9972, 14609, 5764, 6128, 9532, 12680, 3672, 5458, 6822, 11547, 3163, 8040, 14081, 8369, 18182, 17541, 11552, 12451, 15074, 1783, 17730, 1690, 16992, 2490, 2459, 18065, 320, 18311, 45, 9495, 4572, 544, 12731, 16811, 15096, 14957, 4594, 16607, 2449, 7791, 13659, 8892, 1713, 17336, 6598, 13832, 10495, 18937, 3067, 3473, 12715, 13492, 14787, 16503, 17899, 16638, 2408, 7141, 10590, 2917, 14650, 12571, 4321, 2855, 1829, 3736, 3381, 11069, 16093, 15201, 14311, 9836, 18289, 16899, 897, 13981, 12223, 8884, 15721, 7778, 13648, 5737, 6550, 19249, 2715, 447, 12941, 8915, 18963, 16291, 760, 5869, 3635, 3439, 6740, 5003, 3174, 2945, 16056, 4860, 11216, 7363, 1147, 12124, 9764, 11245, 4361, 7784, 16285, 17057, 11203, 5114, 17655, 12056, 17890, 7741, 15799, 10258, 16088, 19222, 15303, 1433, 5991, 322, 2322, 3156, 9940, 7814, 17068, 16968, 10018, 1991, 11946, 8705, 10371, 4619, 11074, 2034, 15550, 11743, 18666, 13494, 14175, 13948, 15123, 11154, 10397, 1701, 4770, 839, 12085, 16500, 16241, 1535, 18782, 2221, 539, 18405, 4245, 103, 1571, 16945, 12196, 9441, 1732, 1367, 3596, 4794, 7230, 5245, 17483, 2955, 2003, 11509, 4044, 12934, 3456, 16693, 593, 4582, 14076, 10972, 1965, 7227, 14324, 8658, 3772, 8355, 11889, 1908, 2684, 10026, 1666, 16507, 5589, 9295, 8389, 2099, 18653, 13808, 19147, 6675, 10970, 2788, 19028, 16983, 16166, 9845, 8160, 11381, 10088, 10333, 11716, 14695, 12697, 4365, 3747, 17296, 11904, 74, 7047, 10639, 13094, 940, 10478, 2032, 6642, 14896, 10840, 5430, 5556, 12597, 2183, 18403, 4252, 14613, 18283, 8790, 12140, 13540, 13353, 14114, 13297, 4056, 14038, 11299, 13770, 11433, 14285, 1526, 1955, 15711, 255, 12481, 612, 1635, 4886, 357, 11434, 9524, 13106, 2607, 5391, 9406, 2331, 624, 2749, 17849, 9829, 11436, 18426, 9481, 18550, 15647, 532, 11720, 11824, 15610, 15741, 7902, 13558, 17967, 14539, 17889, 4631, 1238, 16921, 7787, 15293, 3108, 8215, 2851, 4514, 12938, 16730, 17178, 4890, 17960, 4725, 7917, 3191, 8231, 16341, 8195, 10913, 2173, 5557, 2637, 16896, 5806, 1815, 1451, 8864, 2290, 12108, 5328, 6203, 2431, 7508, 17898, 17188, 6897, 1199, 15526, 18437, 6631, 8644, 16917, 14964, 14233, 2454, 584, 4830, 7199, 4180, 14889, 5761, 13756, 6917, 7756, 18880, 15095, 1816, 14070, 16252, 7429, 16589, 1631, 15968, 15221, 12478, 18594, 1477, 5637, 12058, 1205, 13397, 9107, 18654, 1968, 3759, 13147, 14144, 14973, 12452, 18020, 13592, 17920, 13687, 11335, 7207, 418, 7834, 778, 12982, 10688, 9031, 509, 9601, 9780, 17040, 12023, 3916, 91, 6536, 18535, 7547, 15240, 707, 14533, 15064, 17012, 16805, 8637, 5969, 16221, 1940, 13307, 4717, 12615, 18220, 11028, 12170, 1743, 2376, 12415, 14220, 18827, 1294, 18543, 6977, 15309, 11778, 11842, 17103, 3857, 4637, 12162, 19169, 17166, 18237, 17818, 9507, 19022, 5790, 19112, 15611, 1118, 15184, 18703, 1817, 15530, 16579, 8437, 11839, 11378, 3537, 9205, 9217, 16272, 18759, 16828, 12002, 8348, 1723, 3481, 14115, 379, 8544, 264, 6015, 7672, 2253, 7364, 3706, 13796, 17139, 16125, 12059, 9623, 7185, 2418, 18230, 3087, 281, 4379, 1796, 8459, 4400, 17824, 2736, 16446, 13525, 15341, 3275, 7872, 1662, 7557, 4319, 15442, 7181, 10456, 4963, 17048, 16943, 12784, 3441, 5240, 9975, 13216, 17702, 11594, 13554, 6165, 19168, 16070, 3540, 3262, 10661, 4061, 13173, 2875, 17014, 4349, 10818, 8428, 16764, 14232, 8930, 15734, 17680, 7069, 15684, 17050, 18987, 6914, 6863, 19263, 10595, 150, 10039, 2722, 18223, 16444, 6559, 7258, 2661, 7699, 17136, 12773, 4247, 5723, 15194, 1696, 1500, 2807, 9893, 11835, 13240, 18313, 17107, 10265, 10244, 5570, 2862, 14049, 1012, 12861, 723, 9583, 17461, 10056, 1264, 8297, 3716, 14666, 15259, 13531, 543, 13723, 16810, 6700, 3516, 13766, 7186, 10692, 6321, 15484, 14547, 8744, 3703, 10383, 16829, 6366, 6846, 3906, 2021, 18133, 857, 279, 12232, 10212, 10541, 12325, 13475, 1225, 937, 6966, 10881, 16936, 18502, 1440, 11914, 3326, 5633, 14913, 4623, 10743, 12361, 17335, 1072, 5043, 14810, 15077, 3255, 17215, 6553, 17852, 4801, 6962, 3060, 9430, 8799, 13824, 188, 15175, 15163, 4733, 5011, 3536, 17635, 6532, 14071, 6112, 17158, 6597, 11272, 105, 19219, 5013, 12483, 201, 6848, 17033, 6367, 7859, 14702, 18844, 7053, 18694, 15670, 636, 10129, 6378, 5369, 7273, 16247, 9142, 15345, 16817, 14854, 2600, 15783, 889, 11833, 6612, 2068, 2427, 7062, 7918, 16181, 5464, 8339, 8950, 8453, 16423, 6064, 2380, 4268, 13929, 12974, 19141, 1299, 2484, 3883, 3273, 8772, 13256, 11239, 5766, 18098, 12705, 11004, 2695, 10048, 10960, 2766, 15661, 13258, 8015, 6032, 16397, 7749, 19039, 7634, 15076, 4234, 15114, 8475, 8091, 19220, 18004, 9704, 13918, 15569, 16443, 10015, 9943, 7817, 9349, 2588, 8249, 398, 5316, 15538, 18372, 13559, 2937, 2803, 16248, 6155, 630, 9911, 13190, 19157, 15788, 13248, 13148, 1320, 12074, 8471, 8798, 3213, 12418, 814, 2402, 12718, 12397, 10564, 9875, 10128, 6947, 9491, 17707, 3266, 19196, 14309, 18523, 19043, 17975, 18063, 11618, 15016, 14434, 7680, 1739, 18029, 11694, 1745, 9271, 5189, 9561, 11283, 14978, 10753, 16017, 12914, 978, 2828, 17257, 13135, 5061, 121, 6602, 16015, 19271, 12159, 1244, 8260, 13195, 15873, 12815, 14291, 14515, 118, 4892, 14985, 9551, 12654, 4739, 927, 12176, 9523, 11726, 18187, 5880, 2569, 3386, 13942, 3390, 15774, 129, 65, 12922, 8422, 12692, 16213, 11515, 2111, 8347, 10758, 14064, 4401, 17782, 15621, 6709, 14716, 4091, 13964, 8424, 4218, 7249, 11311, 11171, 18564, 14755, 7114, 14009, 14815, 294, 495, 7684, 6833, 4046, 3505, 16995, 17858, 7761, 15803, 9840, 13958, 8226, 10369, 12497, 17142, 1748, 2854, 7159, 11539, 11055, 13337, 17173, 14214, 6803, 11144, 12649, 283, 15489, 13174, 7015, 610, 7030, 18206, 14077, 15468, 14962, 8046, 7809, 17387, 16034, 16678, 1173, 3502, 12942, 15655, 16859, 7099, 1673, 446, 1365, 5881, 3713, 11697, 1897, 16001, 1702, 14149, 11876, 9341, 4325, 6923, 2001, 138, 3276, 18716, 17604, 10501, 115, 12800, 6111, 11148, 4549, 16057, 4707, 6843, 16091, 4295, 7519, 13708, 12409, 11018, 5052, 13566, 14715, 12755, 793, 10837, 1888, 12375, 3935, 5763, 11791, 11258, 13264, 11469, 4683, 8905, 1853, 11600, 4421, 2798, 5074, 18141, 13807, 8595, 8126, 13837, 8060, 6956, 11767, 14560, 9389, 15261, 1232, 12560, 7262, 11504, 3546, 4627, 1177, 517, 4008, 9219, 17696, 4148, 14124, 13243, 11235, 7561, 8331, 16320, 3591, 11341, 4015, 12028, 14929, 18601, 3528, 14065, 1510, 19191, 13833, 17616, 10869, 17689, 831, 16725, 6319, 15465, 10467, 8162, 13563, 7728, 10778, 13545, 12290, 16480, 14401, 12838, 4212, 17529, 4832, 15111, 12690, 10373, 7596, 18614, 17477, 1043, 13100, 4774, 17479, 3774, 9302, 3901, 13071, 6412, 9516, 1261, 3054, 13522, 17602, 14343, 18500, 10957, 2791, 9624, 3634, 17904, 5709, 14670, 11058, 7087, 7435, 13848, 82, 5565, 2562, 14029, 3583, 1676, 12709, 18473, 3158, 12787, 8068, 8263, 16146, 3593, 1802, 1861, 3348, 4487, 17749, 6105, 10471, 17472, 10200, 1182, 14180, 1076, 10156, 4839, 9903, 4879, 9720, 2157, 15344, 16067, 3064, 17182, 5368, 4987, 18484, 18923, 11896, 1052, 15727, 15289, 5885, 1933, 5251, 17072, 6038, 6195, 13524, 6606, 18506, 17536, 6784, 3231, 14121, 8925, 10030, 803, 13764, 146, 19268, 14099, 4130, 16372, 1537, 12248, 13718, 17187, 11728, 1740, 19233, 5600, 4092, 4779, 6028, 3395, 16152, 19150, 2417, 11980, 11237, 8427, 18127, 3538, 9257, 607, 2078, 18457, 5802, 3435, 15019, 4256, 9221, 13465, 11742, 5788, 9528, 17493, 4607, 3131, 6616, 5356, 1550, 4617, 8827, 849, 2601, 4437, 17861, 10261, 15704, 3890, 8149, 12063, 3086, 15925, 12301, 6847, 5603, 7768, 3187, 13372, 9258, 6584, 7594, 2603, 1835, 17380, 17193, 15251, 15937, 18731, 4082, 14911, 16626, 8824, 16208, 10167, 17711, 9678, 15852, 13620, 16479, 14586, 2446, 4866, 1315, 7746, 10615, 7927, 2443, 7157, 13506, 18410, 10494]",2890,1500,3,False,1500
6132,social query,social query,60,True,True,True,"{21: 26, 33: 14, 2: 18, 29: 13, 25: 57, 43: 9, 57: 16, 49: 16, 61: 14, 67: 52, 65: 21, 50: 28, 15: 53, 6: 13, 46: 15, 27: 69, 7: 65, 48: 67, 19: 21, 31: 14, 63: 26, 22: 39, 9: 79, 26: 40, 47: 15, 53: 66, 11: 19, 51: 26, 54: 9, 13: 32, 17: 37, 52: 30, 39: 27, 38: 19, 1: 6, 59: 33, 56: 23, 32: 9, 8: 25, 4: 12, 20: 26, 24: 7, 18: 31, 42: 7, 28: 31, 45: 57, 0: 13, 66: 11, 62: 11, 35: 7, 64: 15, 37: 2, 40: 25, 3: 3, 14: 5, 12: 8, 16: 15, 55: 16, 30: 13, 58: 6, 36: 4, 60: 5, 5: 3, 41: 2, 44: 2, 34: 2}","[12686, 3384, 6034, 14374, 14516, 14680, 18580, 5912, 661, 4433, 14182, 14634, 14672, 13694, 17233, 12320, 12666, 7276, 14925, 15315, 1125, 14820, 3769, 14096, 12401, 14972, 14176, 4685, 4278, 5735, 7514, 16051, 15882, 4696, 17145, 19193, 12994, 9901, 13641, 15193, 6739, 9240, 1608, 14664, 18117, 5676, 15714, 5964, 5329, 16651, 15936, 14441, 15878, 18316, 14255, 18692, 5858, 4640, 10716, 13839, 16635, 2097, 11464, 12427, 2320, 14629, 7617, 16183, 16205, 2170, 4384, 6683, 5285, 18707, 6780, 4231, 2404, 4895, 18091, 2944, 13054, 3904, 3491, 9455, 15985, 10432, 8657, 15304, 9114, 5838, 5197, 17244, 6207, 3970, 17246, 3950, 6168, 8697, 6800, 9942, 11118, 8582, 6355, 15275, 4581, 12724, 11921, 1833, 523, 7619, 15729, 176, 8576, 3101, 1573, 1283, 11796, 11277, 2547, 1738, 6806, 15187, 7129, 5179, 5854, 16373, 9231, 6270, 777, 2062, 13249, 4144, 6325, 3924, 5350, 14414, 3142, 2249, 6444, 13582, 2833, 18030, 6483, 18404, 15057, 7482, 15001, 15872, 14584, 10835, 954, 7257, 1381, 17819, 17518, 6497, 14430, 4901, 16466, 10805, 132, 7506, 755, 14427, 12119, 16613, 19042, 14994, 11257, 8042, 2144, 5966, 1580, 8010, 2550, 10684, 14088, 5037, 8764, 17076, 14185, 15984, 5299, 16601, 19182, 13197, 14561, 12605, 17010, 2703, 6715, 11207, 10188, 212, 2293, 17676, 1720, 5934, 112, 8568, 15870, 3226, 4524, 4431, 5141, 5383, 7609, 12807, 19001, 14368, 6704, 14903, 4172, 117, 18698, 1699, 16558, 7518, 10618, 2110, 10308, 7828, 6623, 17644, 4449, 951, 13858, 15106, 8402, 916, 4771, 8608, 6448, 6656, 13547, 2814, 8336, 8093, 6398, 637, 9909, 10621, 786, 14146, 17292, 9457, 3, 2884, 14785, 10504, 16361, 8181, 17690, 654, 11067, 18741, 386, 18208, 10130, 8079, 7082, 14740, 8076, 18619, 14428, 10992, 12679, 9431, 18328, 13606, 7641, 13542, 1002, 11975, 15646, 19078, 1352, 8683, 16053, 11763, 14823, 7059, 4995, 3754, 6213, 10090, 19084, 1973, 8131, 5353, 836, 13960, 3217, 4885, 9645, 16941, 14750, 13171, 9132, 1355, 4440, 15747, 8233, 6008, 12781, 16749, 13905, 18198, 5033, 2910, 16502, 1233, 965, 16926, 3944, 13518, 18213, 12739, 9972, 14609, 5764, 6128, 9532, 12680, 3672, 5458, 6822, 11547, 3163, 8040, 14081, 8369, 18182, 17541, 11552, 12451, 15074, 1783, 17730, 1690, 16992, 2490, 2459, 18065, 320, 18311, 45, 9495, 4572, 544, 12731, 16811, 15096, 14957, 4594, 16607, 2449, 7791, 13659, 8892, 1713, 17336, 6598, 13832, 10495, 18937, 3067, 3473, 12715, 13492, 14787, 16503, 17899, 16638, 2408, 7141, 10590, 2917, 14650, 12571, 4321, 2855, 1829, 3736, 3381, 11069, 16093, 15201, 14311, 9836, 18289, 16899, 897, 13981, 12223, 8884, 15721, 7778, 13648, 5737, 6550, 19249, 2715, 447, 12941, 8915, 18963, 16291, 760, 5869, 3635, 3439, 6740, 5003, 3174, 2945, 16056, 4860, 11216, 7363, 1147, 12124, 9764, 11245, 4361, 7784, 16285, 17057, 11203, 5114, 17655, 12056, 17890, 7741, 15799, 10258, 16088, 19222, 15303, 1433, 5991, 322, 2322, 3156, 9940, 7814, 17068, 16968, 10018, 1991, 11946, 8705, 10371, 4619, 11074, 2034, 15550, 11743, 18666, 13494, 14175, 13948, 15123, 11154, 10397, 1701, 4770, 839, 12085, 16500, 16241, 1535, 18782, 2221, 539, 18405, 4245, 103, 1571, 16945, 12196, 9441, 1732, 1367, 3596, 4794, 7230, 5245, 17483, 2955, 2003, 11509, 4044, 12934, 3456, 16693, 593, 4582, 14076, 10972, 1965, 7227, 14324, 8658, 3772, 8355, 11889, 1908, 2684, 10026, 1666, 16507, 5589, 9295, 8389, 2099, 18653, 13808, 19147, 6675, 10970, 2788, 19028, 16983, 16166, 9845, 8160, 11381, 10088, 10333, 11716, 14695, 12697, 4365, 3747, 17296, 11904, 74, 7047, 10639, 13094, 940, 10478, 2032, 6642, 14896, 10840, 5430, 5556, 12597, 2183, 18403, 4252, 14613, 18283, 8790, 12140, 13540, 13353, 14114, 13297, 4056, 14038, 11299, 13770, 11433, 14285, 1526, 1955, 15711, 255, 12481, 612, 1635, 4886, 357, 11434, 9524, 13106, 2607, 5391, 9406, 2331, 624, 2749, 17849, 9829, 11436, 18426, 9481, 18550, 15647, 532, 11720, 11824, 15610, 15741, 7902, 13558, 17967, 14539, 17889, 4631, 1238, 16921, 7787, 15293, 3108, 8215, 2851, 4514, 12938, 16730, 17178, 4890, 17960, 4725, 7917, 3191, 8231, 16341, 8195, 10913, 2173, 5557, 2637, 16896, 5806, 1815, 1451, 8864, 2290, 12108, 5328, 6203, 2431, 7508, 17898, 17188, 6897, 1199, 15526, 18437, 6631, 8644, 16917, 14964, 14233, 2454, 584, 4830, 7199, 4180, 14889, 5761, 13756, 6917, 7756, 18880, 15095, 1816, 14070, 16252, 7429, 16589, 1631, 15968, 15221, 12478, 18594, 1477, 5637, 12058, 1205, 13397, 9107, 18654, 1968, 3759, 13147, 14144, 14973, 12452, 18020, 13592, 17920, 13687, 11335, 7207, 418, 7834, 778, 12982, 10688, 9031, 509, 9601, 9780, 17040, 12023, 3916, 91, 6536, 18535, 7547, 15240, 707, 14533, 15064, 17012, 16805, 8637, 5969, 16221, 1940, 13307, 4717, 12615, 18220, 11028, 12170, 1743, 2376, 12415, 14220, 18827, 1294, 18543, 6977, 15309, 11778, 11842, 17103, 3857, 4637, 12162, 19169, 17166, 18237, 17818, 9507, 19022, 5790, 19112, 15611, 1118, 15184, 18703, 1817, 15530, 16579, 8437, 11839, 11378, 3537, 9205, 9217, 16272, 18759, 16828, 12002, 8348, 1723, 3481, 14115, 379, 8544, 264, 6015, 7672, 2253, 7364, 3706, 13796, 17139, 16125, 12059, 9623, 7185, 2418, 18230, 3087, 281, 4379, 1796, 8459, 4400, 17824, 2736, 16446, 13525, 15341, 3275, 7872, 1662, 7557, 4319, 15442, 7181, 10456, 4963, 17048, 16943, 12784, 3441, 5240, 9975, 13216, 17702, 11594, 13554, 6165, 19168, 16070, 3540, 3262, 10661, 4061, 13173, 2875, 17014, 4349, 10818, 8428, 16764, 14232, 8930, 15734, 17680, 7069, 15684, 17050, 18987, 6914, 6863, 19263, 10595, 150, 10039, 2722, 18223, 16444, 6559, 7258, 2661, 7699, 17136, 12773, 4247, 5723, 15194, 1696, 1500, 2807, 9893, 11835, 13240, 18313, 17107, 10265, 10244, 5570, 2862, 14049, 1012, 12861, 723, 9583, 17461, 10056, 1264, 8297, 3716, 14666, 15259, 13531, 543, 13723, 16810, 6700, 3516, 13766, 7186, 10692, 6321, 15484, 14547, 8744, 3703, 10383, 16829, 6366, 6846, 3906, 2021, 18133, 857, 279, 12232, 10212, 10541, 12325, 13475, 1225, 937, 6966, 10881, 16936, 18502, 1440, 11914, 3326, 5633, 14913, 4623, 10743, 12361, 17335, 1072, 5043, 14810, 15077, 3255, 17215, 6553, 17852, 4801, 6962, 3060, 9430, 8799, 13824, 188, 15175, 15163, 4733, 5011, 3536, 17635, 6532, 14071, 6112, 17158, 6597, 11272, 105, 19219, 5013, 12483, 201, 6848, 17033, 6367, 7859, 14702, 18844, 7053, 18694, 15670, 636, 10129, 6378, 5369, 7273, 16247, 9142, 15345, 16817, 14854, 2600, 15783, 889, 11833, 6612, 2068, 2427, 7062, 7918, 16181, 5464, 8339, 8950, 8453, 16423, 6064, 2380, 4268, 13929, 12974, 19141, 1299, 2484, 3883, 3273, 8772, 13256, 11239, 5766, 18098, 12705, 11004, 2695, 10048, 10960, 2766, 15661, 13258, 8015, 6032, 16397, 7749, 19039, 7634, 15076, 4234, 15114, 8475, 8091, 19220, 18004, 9704, 13918, 15569, 16443, 10015, 9943, 7817, 9349, 2588, 8249, 398, 5316, 15538, 18372, 13559, 2937, 2803, 16248, 6155, 630, 9911, 13190, 19157, 15788, 13248, 13148, 1320, 12074, 8471, 8798, 3213, 12418, 814, 2402, 12718, 12397, 10564, 9875, 10128, 6947, 9491, 17707, 3266, 19196, 14309, 18523, 19043, 17975, 18063, 11618, 15016, 14434, 7680, 1739, 18029, 11694, 1745, 9271, 5189, 9561, 11283, 14978, 10753, 16017, 12914, 978, 2828, 17257, 13135, 5061, 121, 6602, 16015, 19271, 12159, 1244, 8260, 13195, 15873, 12815, 14291, 14515, 118, 4892, 14985, 9551, 12654, 4739, 927, 12176, 9523, 11726, 18187, 5880, 2569, 3386, 13942, 3390, 15774, 129, 65, 12922, 8422, 12692, 16213, 11515, 2111, 8347, 10758, 14064, 4401, 17782, 15621, 6709, 14716, 4091, 13964, 8424, 4218, 7249, 11311, 11171, 18564, 14755, 7114, 14009, 14815, 294, 495, 7684, 6833, 4046, 3505, 16995, 17858, 7761, 15803, 9840, 13958, 8226, 10369, 12497, 17142, 1748, 2854, 7159, 11539, 11055, 13337, 17173, 14214, 6803, 11144, 12649, 283, 15489, 13174, 7015, 610, 7030, 18206, 14077, 15468, 14962, 8046, 7809, 17387, 16034, 16678, 1173, 3502, 12942, 15655, 16859, 7099, 1673, 446, 1365, 5881, 3713, 11697, 1897, 16001, 1702, 14149, 11876, 9341, 4325, 6923, 2001, 138, 3276, 18716, 17604, 10501, 115, 12800, 6111, 11148, 4549, 16057, 4707, 6843, 16091, 4295, 7519, 13708, 12409, 11018, 5052, 13566, 14715, 12755, 793, 10837, 1888, 12375, 3935, 5763, 11791, 11258, 13264, 11469, 4683, 8905, 1853, 11600, 4421, 2798, 5074, 18141, 13807, 8595, 8126, 13837, 8060, 6956, 11767, 14560, 9389, 15261, 1232, 12560, 7262, 11504, 3546, 4627, 1177, 517, 4008, 9219, 17696, 4148, 14124, 13243, 11235, 7561, 8331, 16320, 3591, 11341, 4015, 12028, 14929, 18601, 3528, 14065, 1510, 19191, 13833, 17616, 10869, 17689, 831, 16725, 6319, 15465, 10467, 8162, 13563, 7728, 10778, 13545, 12290, 16480, 14401, 12838, 4212, 17529, 4832, 15111, 12690, 10373, 7596, 18614, 17477, 1043, 13100, 4774, 17479, 3774, 9302, 3901, 13071, 6412, 9516, 1261, 3054, 13522, 17602, 14343, 18500, 10957, 2791, 9624, 3634, 17904, 5709, 14670, 11058, 7087, 7435, 13848, 82, 5565, 2562, 14029, 3583, 1676, 12709, 18473, 3158, 12787, 8068, 8263, 16146, 3593, 1802, 1861, 3348, 4487, 17749, 6105, 10471, 17472, 10200, 1182, 14180, 1076, 10156, 4839, 9903, 4879, 9720, 2157, 15344, 16067, 3064, 17182, 5368, 4987, 18484, 18923, 11896, 1052, 15727, 15289, 5885, 1933, 5251, 17072, 6038, 6195, 13524, 6606, 18506, 17536, 6784, 3231, 14121, 8925, 10030, 803, 13764, 146, 19268, 14099, 4130, 16372, 1537, 12248, 13718, 17187, 11728, 1740, 19233, 5600, 4092, 4779, 6028, 3395, 16152, 19150, 2417, 11980, 11237, 8427, 18127, 3538, 9257, 607, 2078, 18457, 5802, 3435, 15019, 4256, 9221, 13465, 11742, 5788, 9528, 17493, 4607, 3131, 6616, 5356, 1550, 4617, 8827, 849, 2601, 4437, 17861, 10261, 15704, 3890, 8149, 12063, 3086, 15925, 12301, 6847, 5603, 7768, 3187, 13372, 9258, 6584, 7594, 2603, 1835, 17380, 17193, 15251, 15937, 18731, 4082, 14911, 16626, 8824, 16208, 10167, 17711, 9678, 15852, 13620, 16479, 14586, 2446, 4866, 1315, 7746, 10615, 7927, 2443, 7157, 13506, 18410, 10494]",6132,1500,3,False,1500
3271,calendar set,calendar set,9,True,True,True,"{21: 26, 33: 14, 2: 18, 29: 13, 25: 57, 43: 9, 57: 16, 49: 16, 61: 14, 67: 52, 65: 21, 50: 28, 15: 53, 6: 13, 46: 15, 27: 69, 7: 65, 48: 67, 19: 21, 31: 14, 63: 26, 22: 39, 9: 79, 26: 40, 47: 15, 53: 66, 11: 19, 51: 26, 54: 9, 13: 32, 17: 37, 52: 30, 39: 27, 38: 19, 1: 6, 59: 33, 56: 23, 32: 9, 8: 25, 4: 12, 20: 26, 24: 7, 18: 31, 42: 7, 28: 31, 45: 57, 0: 13, 66: 11, 62: 11, 35: 7, 64: 15, 37: 2, 40: 25, 3: 3, 14: 5, 12: 8, 16: 15, 55: 16, 30: 13, 58: 6, 36: 4, 60: 5, 5: 3, 41: 2, 44: 2, 34: 2}","[12686, 3384, 6034, 14374, 14516, 14680, 18580, 5912, 661, 4433, 14182, 14634, 14672, 13694, 17233, 12320, 12666, 7276, 14925, 15315, 1125, 14820, 3769, 14096, 12401, 14972, 14176, 4685, 4278, 5735, 7514, 16051, 15882, 4696, 17145, 19193, 12994, 9901, 13641, 15193, 6739, 9240, 1608, 14664, 18117, 5676, 15714, 5964, 5329, 16651, 15936, 14441, 15878, 18316, 14255, 18692, 5858, 4640, 10716, 13839, 16635, 2097, 11464, 12427, 2320, 14629, 7617, 16183, 16205, 2170, 4384, 6683, 5285, 18707, 6780, 4231, 2404, 4895, 18091, 2944, 13054, 3904, 3491, 9455, 15985, 10432, 8657, 15304, 9114, 5838, 5197, 17244, 6207, 3970, 17246, 3950, 6168, 8697, 6800, 9942, 11118, 8582, 6355, 15275, 4581, 12724, 11921, 1833, 523, 7619, 15729, 176, 8576, 3101, 1573, 1283, 11796, 11277, 2547, 1738, 6806, 15187, 7129, 5179, 5854, 16373, 9231, 6270, 777, 2062, 13249, 4144, 6325, 3924, 5350, 14414, 3142, 2249, 6444, 13582, 2833, 18030, 6483, 18404, 15057, 7482, 15001, 15872, 14584, 10835, 954, 7257, 1381, 17819, 17518, 6497, 14430, 4901, 16466, 10805, 132, 7506, 755, 14427, 12119, 16613, 19042, 14994, 11257, 8042, 2144, 5966, 1580, 8010, 2550, 10684, 14088, 5037, 8764, 17076, 14185, 15984, 5299, 16601, 19182, 13197, 14561, 12605, 17010, 2703, 6715, 11207, 10188, 212, 2293, 17676, 1720, 5934, 112, 8568, 15870, 3226, 4524, 4431, 5141, 5383, 7609, 12807, 19001, 14368, 6704, 14903, 4172, 117, 18698, 1699, 16558, 7518, 10618, 2110, 10308, 7828, 6623, 17644, 4449, 951, 13858, 15106, 8402, 916, 4771, 8608, 6448, 6656, 13547, 2814, 8336, 8093, 6398, 637, 9909, 10621, 786, 14146, 17292, 9457, 3, 2884, 14785, 10504, 16361, 8181, 17690, 654, 11067, 18741, 386, 18208, 10130, 8079, 7082, 14740, 8076, 18619, 14428, 10992, 12679, 9431, 18328, 13606, 7641, 13542, 1002, 11975, 15646, 19078, 1352, 8683, 16053, 11763, 14823, 7059, 4995, 3754, 6213, 10090, 19084, 1973, 8131, 5353, 836, 13960, 3217, 4885, 9645, 16941, 14750, 13171, 9132, 1355, 4440, 15747, 8233, 6008, 12781, 16749, 13905, 18198, 5033, 2910, 16502, 1233, 965, 16926, 3944, 13518, 18213, 12739, 9972, 14609, 5764, 6128, 9532, 12680, 3672, 5458, 6822, 11547, 3163, 8040, 14081, 8369, 18182, 17541, 11552, 12451, 15074, 1783, 17730, 1690, 16992, 2490, 2459, 18065, 320, 18311, 45, 9495, 4572, 544, 12731, 16811, 15096, 14957, 4594, 16607, 2449, 7791, 13659, 8892, 1713, 17336, 6598, 13832, 10495, 18937, 3067, 3473, 12715, 13492, 14787, 16503, 17899, 16638, 2408, 7141, 10590, 2917, 14650, 12571, 4321, 2855, 1829, 3736, 3381, 11069, 16093, 15201, 14311, 9836, 18289, 16899, 897, 13981, 12223, 8884, 15721, 7778, 13648, 5737, 6550, 19249, 2715, 447, 12941, 8915, 18963, 16291, 760, 5869, 3635, 3439, 6740, 5003, 3174, 2945, 16056, 4860, 11216, 7363, 1147, 12124, 9764, 11245, 4361, 7784, 16285, 17057, 11203, 5114, 17655, 12056, 17890, 7741, 15799, 10258, 16088, 19222, 15303, 1433, 5991, 322, 2322, 3156, 9940, 7814, 17068, 16968, 10018, 1991, 11946, 8705, 10371, 4619, 11074, 2034, 15550, 11743, 18666, 13494, 14175, 13948, 15123, 11154, 10397, 1701, 4770, 839, 12085, 16500, 16241, 1535, 18782, 2221, 539, 18405, 4245, 103, 1571, 16945, 12196, 9441, 1732, 1367, 3596, 4794, 7230, 5245, 17483, 2955, 2003, 11509, 4044, 12934, 3456, 16693, 593, 4582, 14076, 10972, 1965, 7227, 14324, 8658, 3772, 8355, 11889, 1908, 2684, 10026, 1666, 16507, 5589, 9295, 8389, 2099, 18653, 13808, 19147, 6675, 10970, 2788, 19028, 16983, 16166, 9845, 8160, 11381, 10088, 10333, 11716, 14695, 12697, 4365, 3747, 17296, 11904, 74, 7047, 10639, 13094, 940, 10478, 2032, 6642, 14896, 10840, 5430, 5556, 12597, 2183, 18403, 4252, 14613, 18283, 8790, 12140, 13540, 13353, 14114, 13297, 4056, 14038, 11299, 13770, 11433, 14285, 1526, 1955, 15711, 255, 12481, 612, 1635, 4886, 357, 11434, 9524, 13106, 2607, 5391, 9406, 2331, 624, 2749, 17849, 9829, 11436, 18426, 9481, 18550, 15647, 532, 11720, 11824, 15610, 15741, 7902, 13558, 17967, 14539, 17889, 4631, 1238, 16921, 7787, 15293, 3108, 8215, 2851, 4514, 12938, 16730, 17178, 4890, 17960, 4725, 7917, 3191, 8231, 16341, 8195, 10913, 2173, 5557, 2637, 16896, 5806, 1815, 1451, 8864, 2290, 12108, 5328, 6203, 2431, 7508, 17898, 17188, 6897, 1199, 15526, 18437, 6631, 8644, 16917, 14964, 14233, 2454, 584, 4830, 7199, 4180, 14889, 5761, 13756, 6917, 7756, 18880, 15095, 1816, 14070, 16252, 7429, 16589, 1631, 15968, 15221, 12478, 18594, 1477, 5637, 12058, 1205, 13397, 9107, 18654, 1968, 3759, 13147, 14144, 14973, 12452, 18020, 13592, 17920, 13687, 11335, 7207, 418, 7834, 778, 12982, 10688, 9031, 509, 9601, 9780, 17040, 12023, 3916, 91, 6536, 18535, 7547, 15240, 707, 14533, 15064, 17012, 16805, 8637, 5969, 16221, 1940, 13307, 4717, 12615, 18220, 11028, 12170, 1743, 2376, 12415, 14220, 18827, 1294, 18543, 6977, 15309, 11778, 11842, 17103, 3857, 4637, 12162, 19169, 17166, 18237, 17818, 9507, 19022, 5790, 19112, 15611, 1118, 15184, 18703, 1817, 15530, 16579, 8437, 11839, 11378, 3537, 9205, 9217, 16272, 18759, 16828, 12002, 8348, 1723, 3481, 14115, 379, 8544, 264, 6015, 7672, 2253, 7364, 3706, 13796, 17139, 16125, 12059, 9623, 7185, 2418, 18230, 3087, 281, 4379, 1796, 8459, 4400, 17824, 2736, 16446, 13525, 15341, 3275, 7872, 1662, 7557, 4319, 15442, 7181, 10456, 4963, 17048, 16943, 12784, 3441, 5240, 9975, 13216, 17702, 11594, 13554, 6165, 19168, 16070, 3540, 3262, 10661, 4061, 13173, 2875, 17014, 4349, 10818, 8428, 16764, 14232, 8930, 15734, 17680, 7069, 15684, 17050, 18987, 6914, 6863, 19263, 10595, 150, 10039, 2722, 18223, 16444, 6559, 7258, 2661, 7699, 17136, 12773, 4247, 5723, 15194, 1696, 1500, 2807, 9893, 11835, 13240, 18313, 17107, 10265, 10244, 5570, 2862, 14049, 1012, 12861, 723, 9583, 17461, 10056, 1264, 8297, 3716, 14666, 15259, 13531, 543, 13723, 16810, 6700, 3516, 13766, 7186, 10692, 6321, 15484, 14547, 8744, 3703, 10383, 16829, 6366, 6846, 3906, 2021, 18133, 857, 279, 12232, 10212, 10541, 12325, 13475, 1225, 937, 6966, 10881, 16936, 18502, 1440, 11914, 3326, 5633, 14913, 4623, 10743, 12361, 17335, 1072, 5043, 14810, 15077, 3255, 17215, 6553, 17852, 4801, 6962, 3060, 9430, 8799, 13824, 188, 15175, 15163, 4733, 5011, 3536, 17635, 6532, 14071, 6112, 17158, 6597, 11272, 105, 19219, 5013, 12483, 201, 6848, 17033, 6367, 7859, 14702, 18844, 7053, 18694, 15670, 636, 10129, 6378, 5369, 7273, 16247, 9142, 15345, 16817, 14854, 2600, 15783, 889, 11833, 6612, 2068, 2427, 7062, 7918, 16181, 5464, 8339, 8950, 8453, 16423, 6064, 2380, 4268, 13929, 12974, 19141, 1299, 2484, 3883, 3273, 8772, 13256, 11239, 5766, 18098, 12705, 11004, 2695, 10048, 10960, 2766, 15661, 13258, 8015, 6032, 16397, 7749, 19039, 7634, 15076, 4234, 15114, 8475, 8091, 19220, 18004, 9704, 13918, 15569, 16443, 10015, 9943, 7817, 9349, 2588, 8249, 398, 5316, 15538, 18372, 13559, 2937, 2803, 16248, 6155, 630, 9911, 13190, 19157, 15788, 13248, 13148, 1320, 12074, 8471, 8798, 3213, 12418, 814, 2402, 12718, 12397, 10564, 9875, 10128, 6947, 9491, 17707, 3266, 19196, 14309, 18523, 19043, 17975, 18063, 11618, 15016, 14434, 7680, 1739, 18029, 11694, 1745, 9271, 5189, 9561, 11283, 14978, 10753, 16017, 12914, 978, 2828, 17257, 13135, 5061, 121, 6602, 16015, 19271, 12159, 1244, 8260, 13195, 15873, 12815, 14291, 14515, 118, 4892, 14985, 9551, 12654, 4739, 927, 12176, 9523, 11726, 18187, 5880, 2569, 3386, 13942, 3390, 15774, 129, 65, 12922, 8422, 12692, 16213, 11515, 2111, 8347, 10758, 14064, 4401, 17782, 15621, 6709, 14716, 4091, 13964, 8424, 4218, 7249, 11311, 11171, 18564, 14755, 7114, 14009, 14815, 294, 495, 7684, 6833, 4046, 3505, 16995, 17858, 7761, 15803, 9840, 13958, 8226, 10369, 12497, 17142, 1748, 2854, 7159, 11539, 11055, 13337, 17173, 14214, 6803, 11144, 12649, 283, 15489, 13174, 7015, 610, 7030, 18206, 14077, 15468, 14962, 8046, 7809, 17387, 16034, 16678, 1173, 3502, 12942, 15655, 16859, 7099, 1673, 446, 1365, 5881, 3713, 11697, 1897, 16001, 1702, 14149, 11876, 9341, 4325, 6923, 2001, 138, 3276, 18716, 17604, 10501, 115, 12800, 6111, 11148, 4549, 16057, 4707, 6843, 16091, 4295, 7519, 13708, 12409, 11018, 5052, 13566, 14715, 12755, 793, 10837, 1888, 12375, 3935, 5763, 11791, 11258, 13264, 11469, 4683, 8905, 1853, 11600, 4421, 2798, 5074, 18141, 13807, 8595, 8126, 13837, 8060, 6956, 11767, 14560, 9389, 15261, 1232, 12560, 7262, 11504, 3546, 4627, 1177, 517, 4008, 9219, 17696, 4148, 14124, 13243, 11235, 7561, 8331, 16320, 3591, 11341, 4015, 12028, 14929, 18601, 3528, 14065, 1510, 19191, 13833, 17616, 10869, 17689, 831, 16725, 6319, 15465, 10467, 8162, 13563, 7728, 10778, 13545, 12290, 16480, 14401, 12838, 4212, 17529, 4832, 15111, 12690, 10373, 7596, 18614, 17477, 1043, 13100, 4774, 17479, 3774, 9302, 3901, 13071, 6412, 9516, 1261, 3054, 13522, 17602, 14343, 18500, 10957, 2791, 9624, 3634, 17904, 5709, 14670, 11058, 7087, 7435, 13848, 82, 5565, 2562, 14029, 3583, 1676, 12709, 18473, 3158, 12787, 8068, 8263, 16146, 3593, 1802, 1861, 3348, 4487, 17749, 6105, 10471, 17472, 10200, 1182, 14180, 1076, 10156, 4839, 9903, 4879, 9720, 2157, 15344, 16067, 3064, 17182, 5368, 4987, 18484, 18923, 11896, 1052, 15727, 15289, 5885, 1933, 5251, 17072, 6038, 6195, 13524, 6606, 18506, 17536, 6784, 3231, 14121, 8925, 10030, 803, 13764, 146, 19268, 14099, 4130, 16372, 1537, 12248, 13718, 17187, 11728, 1740, 19233, 5600, 4092, 4779, 6028, 3395, 16152, 19150, 2417, 11980, 11237, 8427, 18127, 3538, 9257, 607, 2078, 18457, 5802, 3435, 15019, 4256, 9221, 13465, 11742, 5788, 9528, 17493, 4607, 3131, 6616, 5356, 1550, 4617, 8827, 849, 2601, 4437, 17861, 10261, 15704, 3890, 8149, 12063, 3086, 15925, 12301, 6847, 5603, 7768, 3187, 13372, 9258, 6584, 7594, 2603, 1835, 17380, 17193, 15251, 15937, 18731, 4082, 14911, 16626, 8824, 16208, 10167, 17711, 9678, 15852, 13620, 16479, 14586, 2446, 4866, 1315, 7746, 10615, 7927, 2443, 7157, 13506, 18410, 10494]",3271,1500,3,False,1500
688,general praise,general pra,26,True,True,False,"{21: 26, 33: 14, 2: 18, 29: 13, 25: 57, 43: 9, 57: 16, 49: 16, 61: 14, 67: 52, 65: 21, 50: 28, 15: 53, 6: 13, 46: 15, 27: 69, 7: 65, 48: 67, 19: 21, 31: 14, 63: 26, 22: 39, 9: 79, 26: 40, 47: 15, 53: 66, 11: 19, 51: 26, 54: 9, 13: 32, 17: 37, 52: 30, 39: 27, 38: 19, 1: 6, 59: 33, 56: 23, 32: 9, 8: 25, 4: 12, 20: 26, 24: 7, 18: 31, 42: 7, 28: 31, 45: 57, 0: 13, 66: 11, 62: 11, 35: 7, 64: 15, 37: 2, 40: 25, 3: 3, 14: 5, 12: 8, 16: 15, 55: 16, 30: 13, 58: 6, 36: 4, 60: 5, 5: 3, 41: 2, 44: 2, 34: 2}","[12686, 3384, 6034, 14374, 14516, 14680, 18580, 5912, 661, 4433, 14182, 14634, 14672, 13694, 17233, 12320, 12666, 7276, 14925, 15315, 1125, 14820, 3769, 14096, 12401, 14972, 14176, 4685, 4278, 5735, 7514, 16051, 15882, 4696, 17145, 19193, 12994, 9901, 13641, 15193, 6739, 9240, 1608, 14664, 18117, 5676, 15714, 5964, 5329, 16651, 15936, 14441, 15878, 18316, 14255, 18692, 5858, 4640, 10716, 13839, 16635, 2097, 11464, 12427, 2320, 14629, 7617, 16183, 16205, 2170, 4384, 6683, 5285, 18707, 6780, 4231, 2404, 4895, 18091, 2944, 13054, 3904, 3491, 9455, 15985, 10432, 8657, 15304, 9114, 5838, 5197, 17244, 6207, 3970, 17246, 3950, 6168, 8697, 6800, 9942, 11118, 8582, 6355, 15275, 4581, 12724, 11921, 1833, 523, 7619, 15729, 176, 8576, 3101, 1573, 1283, 11796, 11277, 2547, 1738, 6806, 15187, 7129, 5179, 5854, 16373, 9231, 6270, 777, 2062, 13249, 4144, 6325, 3924, 5350, 14414, 3142, 2249, 6444, 13582, 2833, 18030, 6483, 18404, 15057, 7482, 15001, 15872, 14584, 10835, 954, 7257, 1381, 17819, 17518, 6497, 14430, 4901, 16466, 10805, 132, 7506, 755, 14427, 12119, 16613, 19042, 14994, 11257, 8042, 2144, 5966, 1580, 8010, 2550, 10684, 14088, 5037, 8764, 17076, 14185, 15984, 5299, 16601, 19182, 13197, 14561, 12605, 17010, 2703, 6715, 11207, 10188, 212, 2293, 17676, 1720, 5934, 112, 8568, 15870, 3226, 4524, 4431, 5141, 5383, 7609, 12807, 19001, 14368, 6704, 14903, 4172, 117, 18698, 1699, 16558, 7518, 10618, 2110, 10308, 7828, 6623, 17644, 4449, 951, 13858, 15106, 8402, 916, 4771, 8608, 6448, 6656, 13547, 2814, 8336, 8093, 6398, 637, 9909, 10621, 786, 14146, 17292, 9457, 3, 2884, 14785, 10504, 16361, 8181, 17690, 654, 11067, 18741, 386, 18208, 10130, 8079, 7082, 14740, 8076, 18619, 14428, 10992, 12679, 9431, 18328, 13606, 7641, 13542, 1002, 11975, 15646, 19078, 1352, 8683, 16053, 11763, 14823, 7059, 4995, 3754, 6213, 10090, 19084, 1973, 8131, 5353, 836, 13960, 3217, 4885, 9645, 16941, 14750, 13171, 9132, 1355, 4440, 15747, 8233, 6008, 12781, 16749, 13905, 18198, 5033, 2910, 16502, 1233, 965, 16926, 3944, 13518, 18213, 12739, 9972, 14609, 5764, 6128, 9532, 12680, 3672, 5458, 6822, 11547, 3163, 8040, 14081, 8369, 18182, 17541, 11552, 12451, 15074, 1783, 17730, 1690, 16992, 2490, 2459, 18065, 320, 18311, 45, 9495, 4572, 544, 12731, 16811, 15096, 14957, 4594, 16607, 2449, 7791, 13659, 8892, 1713, 17336, 6598, 13832, 10495, 18937, 3067, 3473, 12715, 13492, 14787, 16503, 17899, 16638, 2408, 7141, 10590, 2917, 14650, 12571, 4321, 2855, 1829, 3736, 3381, 11069, 16093, 15201, 14311, 9836, 18289, 16899, 897, 13981, 12223, 8884, 15721, 7778, 13648, 5737, 6550, 19249, 2715, 447, 12941, 8915, 18963, 16291, 760, 5869, 3635, 3439, 6740, 5003, 3174, 2945, 16056, 4860, 11216, 7363, 1147, 12124, 9764, 11245, 4361, 7784, 16285, 17057, 11203, 5114, 17655, 12056, 17890, 7741, 15799, 10258, 16088, 19222, 15303, 1433, 5991, 322, 2322, 3156, 9940, 7814, 17068, 16968, 10018, 1991, 11946, 8705, 10371, 4619, 11074, 2034, 15550, 11743, 18666, 13494, 14175, 13948, 15123, 11154, 10397, 1701, 4770, 839, 12085, 16500, 16241, 1535, 18782, 2221, 539, 18405, 4245, 103, 1571, 16945, 12196, 9441, 1732, 1367, 3596, 4794, 7230, 5245, 17483, 2955, 2003, 11509, 4044, 12934, 3456, 16693, 593, 4582, 14076, 10972, 1965, 7227, 14324, 8658, 3772, 8355, 11889, 1908, 2684, 10026, 1666, 16507, 5589, 9295, 8389, 2099, 18653, 13808, 19147, 6675, 10970, 2788, 19028, 16983, 16166, 9845, 8160, 11381, 10088, 10333, 11716, 14695, 12697, 4365, 3747, 17296, 11904, 74, 7047, 10639, 13094, 940, 10478, 2032, 6642, 14896, 10840, 5430, 5556, 12597, 2183, 18403, 4252, 14613, 18283, 8790, 12140, 13540, 13353, 14114, 13297, 4056, 14038, 11299, 13770, 11433, 14285, 1526, 1955, 15711, 255, 12481, 612, 1635, 4886, 357, 11434, 9524, 13106, 2607, 5391, 9406, 2331, 624, 2749, 17849, 9829, 11436, 18426, 9481, 18550, 15647, 532, 11720, 11824, 15610, 15741, 7902, 13558, 17967, 14539, 17889, 4631, 1238, 16921, 7787, 15293, 3108, 8215, 2851, 4514, 12938, 16730, 17178, 4890, 17960, 4725, 7917, 3191, 8231, 16341, 8195, 10913, 2173, 5557, 2637, 16896, 5806, 1815, 1451, 8864, 2290, 12108, 5328, 6203, 2431, 7508, 17898, 17188, 6897, 1199, 15526, 18437, 6631, 8644, 16917, 14964, 14233, 2454, 584, 4830, 7199, 4180, 14889, 5761, 13756, 6917, 7756, 18880, 15095, 1816, 14070, 16252, 7429, 16589, 1631, 15968, 15221, 12478, 18594, 1477, 5637, 12058, 1205, 13397, 9107, 18654, 1968, 3759, 13147, 14144, 14973, 12452, 18020, 13592, 17920, 13687, 11335, 7207, 418, 7834, 778, 12982, 10688, 9031, 509, 9601, 9780, 17040, 12023, 3916, 91, 6536, 18535, 7547, 15240, 707, 14533, 15064, 17012, 16805, 8637, 5969, 16221, 1940, 13307, 4717, 12615, 18220, 11028, 12170, 1743, 2376, 12415, 14220, 18827, 1294, 18543, 6977, 15309, 11778, 11842, 17103, 3857, 4637, 12162, 19169, 17166, 18237, 17818, 9507, 19022, 5790, 19112, 15611, 1118, 15184, 18703, 1817, 15530, 16579, 8437, 11839, 11378, 3537, 9205, 9217, 16272, 18759, 16828, 12002, 8348, 1723, 3481, 14115, 379, 8544, 264, 6015, 7672, 2253, 7364, 3706, 13796, 17139, 16125, 12059, 9623, 7185, 2418, 18230, 3087, 281, 4379, 1796, 8459, 4400, 17824, 2736, 16446, 13525, 15341, 3275, 7872, 1662, 7557, 4319, 15442, 7181, 10456, 4963, 17048, 16943, 12784, 3441, 5240, 9975, 13216, 17702, 11594, 13554, 6165, 19168, 16070, 3540, 3262, 10661, 4061, 13173, 2875, 17014, 4349, 10818, 8428, 16764, 14232, 8930, 15734, 17680, 7069, 15684, 17050, 18987, 6914, 6863, 19263, 10595, 150, 10039, 2722, 18223, 16444, 6559, 7258, 2661, 7699, 17136, 12773, 4247, 5723, 15194, 1696, 1500, 2807, 9893, 11835, 13240, 18313, 17107, 10265, 10244, 5570, 2862, 14049, 1012, 12861, 723, 9583, 17461, 10056, 1264, 8297, 3716, 14666, 15259, 13531, 543, 13723, 16810, 6700, 3516, 13766, 7186, 10692, 6321, 15484, 14547, 8744, 3703, 10383, 16829, 6366, 6846, 3906, 2021, 18133, 857, 279, 12232, 10212, 10541, 12325, 13475, 1225, 937, 6966, 10881, 16936, 18502, 1440, 11914, 3326, 5633, 14913, 4623, 10743, 12361, 17335, 1072, 5043, 14810, 15077, 3255, 17215, 6553, 17852, 4801, 6962, 3060, 9430, 8799, 13824, 188, 15175, 15163, 4733, 5011, 3536, 17635, 6532, 14071, 6112, 17158, 6597, 11272, 105, 19219, 5013, 12483, 201, 6848, 17033, 6367, 7859, 14702, 18844, 7053, 18694, 15670, 636, 10129, 6378, 5369, 7273, 16247, 9142, 15345, 16817, 14854, 2600, 15783, 889, 11833, 6612, 2068, 2427, 7062, 7918, 16181, 5464, 8339, 8950, 8453, 16423, 6064, 2380, 4268, 13929, 12974, 19141, 1299, 2484, 3883, 3273, 8772, 13256, 11239, 5766, 18098, 12705, 11004, 2695, 10048, 10960, 2766, 15661, 13258, 8015, 6032, 16397, 7749, 19039, 7634, 15076, 4234, 15114, 8475, 8091, 19220, 18004, 9704, 13918, 15569, 16443, 10015, 9943, 7817, 9349, 2588, 8249, 398, 5316, 15538, 18372, 13559, 2937, 2803, 16248, 6155, 630, 9911, 13190, 19157, 15788, 13248, 13148, 1320, 12074, 8471, 8798, 3213, 12418, 814, 2402, 12718, 12397, 10564, 9875, 10128, 6947, 9491, 17707, 3266, 19196, 14309, 18523, 19043, 17975, 18063, 11618, 15016, 14434, 7680, 1739, 18029, 11694, 1745, 9271, 5189, 9561, 11283, 14978, 10753, 16017, 12914, 978, 2828, 17257, 13135, 5061, 121, 6602, 16015, 19271, 12159, 1244, 8260, 13195, 15873, 12815, 14291, 14515, 118, 4892, 14985, 9551, 12654, 4739, 927, 12176, 9523, 11726, 18187, 5880, 2569, 3386, 13942, 3390, 15774, 129, 65, 12922, 8422, 12692, 16213, 11515, 2111, 8347, 10758, 14064, 4401, 17782, 15621, 6709, 14716, 4091, 13964, 8424, 4218, 7249, 11311, 11171, 18564, 14755, 7114, 14009, 14815, 294, 495, 7684, 6833, 4046, 3505, 16995, 17858, 7761, 15803, 9840, 13958, 8226, 10369, 12497, 17142, 1748, 2854, 7159, 11539, 11055, 13337, 17173, 14214, 6803, 11144, 12649, 283, 15489, 13174, 7015, 610, 7030, 18206, 14077, 15468, 14962, 8046, 7809, 17387, 16034, 16678, 1173, 3502, 12942, 15655, 16859, 7099, 1673, 446, 1365, 5881, 3713, 11697, 1897, 16001, 1702, 14149, 11876, 9341, 4325, 6923, 2001, 138, 3276, 18716, 17604, 10501, 115, 12800, 6111, 11148, 4549, 16057, 4707, 6843, 16091, 4295, 7519, 13708, 12409, 11018, 5052, 13566, 14715, 12755, 793, 10837, 1888, 12375, 3935, 5763, 11791, 11258, 13264, 11469, 4683, 8905, 1853, 11600, 4421, 2798, 5074, 18141, 13807, 8595, 8126, 13837, 8060, 6956, 11767, 14560, 9389, 15261, 1232, 12560, 7262, 11504, 3546, 4627, 1177, 517, 4008, 9219, 17696, 4148, 14124, 13243, 11235, 7561, 8331, 16320, 3591, 11341, 4015, 12028, 14929, 18601, 3528, 14065, 1510, 19191, 13833, 17616, 10869, 17689, 831, 16725, 6319, 15465, 10467, 8162, 13563, 7728, 10778, 13545, 12290, 16480, 14401, 12838, 4212, 17529, 4832, 15111, 12690, 10373, 7596, 18614, 17477, 1043, 13100, 4774, 17479, 3774, 9302, 3901, 13071, 6412, 9516, 1261, 3054, 13522, 17602, 14343, 18500, 10957, 2791, 9624, 3634, 17904, 5709, 14670, 11058, 7087, 7435, 13848, 82, 5565, 2562, 14029, 3583, 1676, 12709, 18473, 3158, 12787, 8068, 8263, 16146, 3593, 1802, 1861, 3348, 4487, 17749, 6105, 10471, 17472, 10200, 1182, 14180, 1076, 10156, 4839, 9903, 4879, 9720, 2157, 15344, 16067, 3064, 17182, 5368, 4987, 18484, 18923, 11896, 1052, 15727, 15289, 5885, 1933, 5251, 17072, 6038, 6195, 13524, 6606, 18506, 17536, 6784, 3231, 14121, 8925, 10030, 803, 13764, 146, 19268, 14099, 4130, 16372, 1537, 12248, 13718, 17187, 11728, 1740, 19233, 5600, 4092, 4779, 6028, 3395, 16152, 19150, 2417, 11980, 11237, 8427, 18127, 3538, 9257, 607, 2078, 18457, 5802, 3435, 15019, 4256, 9221, 13465, 11742, 5788, 9528, 17493, 4607, 3131, 6616, 5356, 1550, 4617, 8827, 849, 2601, 4437, 17861, 10261, 15704, 3890, 8149, 12063, 3086, 15925, 12301, 6847, 5603, 7768, 3187, 13372, 9258, 6584, 7594, 2603, 1835, 17380, 17193, 15251, 15937, 18731, 4082, 14911, 16626, 8824, 16208, 10167, 17711, 9678, 15852, 13620, 16479, 14586, 2446, 4866, 1315, 7746, 10615, 7927, 2443, 7157, 13506, 18410, 10494]",688,1500,3,False,1500
2661,qa factoid,qa fact,53,True,True,False,"{21: 26, 33: 14, 2: 18, 29: 13, 25: 57, 43: 9, 57: 16, 49: 16, 61: 14, 67: 52, 65: 21, 50: 28, 15: 53, 6: 13, 46: 15, 27: 69, 7: 65, 48: 67, 19: 21, 31: 14, 63: 26, 22: 39, 9: 79, 26: 40, 47: 15, 53: 66, 11: 19, 51: 26, 54: 9, 13: 32, 17: 37, 52: 30, 39: 27, 38: 19, 1: 6, 59: 33, 56: 23, 32: 9, 8: 25, 4: 12, 20: 26, 24: 7, 18: 31, 42: 7, 28: 31, 45: 57, 0: 13, 66: 11, 62: 11, 35: 7, 64: 15, 37: 2, 40: 25, 3: 3, 14: 5, 12: 8, 16: 15, 55: 16, 30: 13, 58: 6, 36: 4, 60: 5, 5: 3, 41: 2, 44: 2, 34: 2}","[12686, 3384, 6034, 14374, 14516, 14680, 18580, 5912, 661, 4433, 14182, 14634, 14672, 13694, 17233, 12320, 12666, 7276, 14925, 15315, 1125, 14820, 3769, 14096, 12401, 14972, 14176, 4685, 4278, 5735, 7514, 16051, 15882, 4696, 17145, 19193, 12994, 9901, 13641, 15193, 6739, 9240, 1608, 14664, 18117, 5676, 15714, 5964, 5329, 16651, 15936, 14441, 15878, 18316, 14255, 18692, 5858, 4640, 10716, 13839, 16635, 2097, 11464, 12427, 2320, 14629, 7617, 16183, 16205, 2170, 4384, 6683, 5285, 18707, 6780, 4231, 2404, 4895, 18091, 2944, 13054, 3904, 3491, 9455, 15985, 10432, 8657, 15304, 9114, 5838, 5197, 17244, 6207, 3970, 17246, 3950, 6168, 8697, 6800, 9942, 11118, 8582, 6355, 15275, 4581, 12724, 11921, 1833, 523, 7619, 15729, 176, 8576, 3101, 1573, 1283, 11796, 11277, 2547, 1738, 6806, 15187, 7129, 5179, 5854, 16373, 9231, 6270, 777, 2062, 13249, 4144, 6325, 3924, 5350, 14414, 3142, 2249, 6444, 13582, 2833, 18030, 6483, 18404, 15057, 7482, 15001, 15872, 14584, 10835, 954, 7257, 1381, 17819, 17518, 6497, 14430, 4901, 16466, 10805, 132, 7506, 755, 14427, 12119, 16613, 19042, 14994, 11257, 8042, 2144, 5966, 1580, 8010, 2550, 10684, 14088, 5037, 8764, 17076, 14185, 15984, 5299, 16601, 19182, 13197, 14561, 12605, 17010, 2703, 6715, 11207, 10188, 212, 2293, 17676, 1720, 5934, 112, 8568, 15870, 3226, 4524, 4431, 5141, 5383, 7609, 12807, 19001, 14368, 6704, 14903, 4172, 117, 18698, 1699, 16558, 7518, 10618, 2110, 10308, 7828, 6623, 17644, 4449, 951, 13858, 15106, 8402, 916, 4771, 8608, 6448, 6656, 13547, 2814, 8336, 8093, 6398, 637, 9909, 10621, 786, 14146, 17292, 9457, 3, 2884, 14785, 10504, 16361, 8181, 17690, 654, 11067, 18741, 386, 18208, 10130, 8079, 7082, 14740, 8076, 18619, 14428, 10992, 12679, 9431, 18328, 13606, 7641, 13542, 1002, 11975, 15646, 19078, 1352, 8683, 16053, 11763, 14823, 7059, 4995, 3754, 6213, 10090, 19084, 1973, 8131, 5353, 836, 13960, 3217, 4885, 9645, 16941, 14750, 13171, 9132, 1355, 4440, 15747, 8233, 6008, 12781, 16749, 13905, 18198, 5033, 2910, 16502, 1233, 965, 16926, 3944, 13518, 18213, 12739, 9972, 14609, 5764, 6128, 9532, 12680, 3672, 5458, 6822, 11547, 3163, 8040, 14081, 8369, 18182, 17541, 11552, 12451, 15074, 1783, 17730, 1690, 16992, 2490, 2459, 18065, 320, 18311, 45, 9495, 4572, 544, 12731, 16811, 15096, 14957, 4594, 16607, 2449, 7791, 13659, 8892, 1713, 17336, 6598, 13832, 10495, 18937, 3067, 3473, 12715, 13492, 14787, 16503, 17899, 16638, 2408, 7141, 10590, 2917, 14650, 12571, 4321, 2855, 1829, 3736, 3381, 11069, 16093, 15201, 14311, 9836, 18289, 16899, 897, 13981, 12223, 8884, 15721, 7778, 13648, 5737, 6550, 19249, 2715, 447, 12941, 8915, 18963, 16291, 760, 5869, 3635, 3439, 6740, 5003, 3174, 2945, 16056, 4860, 11216, 7363, 1147, 12124, 9764, 11245, 4361, 7784, 16285, 17057, 11203, 5114, 17655, 12056, 17890, 7741, 15799, 10258, 16088, 19222, 15303, 1433, 5991, 322, 2322, 3156, 9940, 7814, 17068, 16968, 10018, 1991, 11946, 8705, 10371, 4619, 11074, 2034, 15550, 11743, 18666, 13494, 14175, 13948, 15123, 11154, 10397, 1701, 4770, 839, 12085, 16500, 16241, 1535, 18782, 2221, 539, 18405, 4245, 103, 1571, 16945, 12196, 9441, 1732, 1367, 3596, 4794, 7230, 5245, 17483, 2955, 2003, 11509, 4044, 12934, 3456, 16693, 593, 4582, 14076, 10972, 1965, 7227, 14324, 8658, 3772, 8355, 11889, 1908, 2684, 10026, 1666, 16507, 5589, 9295, 8389, 2099, 18653, 13808, 19147, 6675, 10970, 2788, 19028, 16983, 16166, 9845, 8160, 11381, 10088, 10333, 11716, 14695, 12697, 4365, 3747, 17296, 11904, 74, 7047, 10639, 13094, 940, 10478, 2032, 6642, 14896, 10840, 5430, 5556, 12597, 2183, 18403, 4252, 14613, 18283, 8790, 12140, 13540, 13353, 14114, 13297, 4056, 14038, 11299, 13770, 11433, 14285, 1526, 1955, 15711, 255, 12481, 612, 1635, 4886, 357, 11434, 9524, 13106, 2607, 5391, 9406, 2331, 624, 2749, 17849, 9829, 11436, 18426, 9481, 18550, 15647, 532, 11720, 11824, 15610, 15741, 7902, 13558, 17967, 14539, 17889, 4631, 1238, 16921, 7787, 15293, 3108, 8215, 2851, 4514, 12938, 16730, 17178, 4890, 17960, 4725, 7917, 3191, 8231, 16341, 8195, 10913, 2173, 5557, 2637, 16896, 5806, 1815, 1451, 8864, 2290, 12108, 5328, 6203, 2431, 7508, 17898, 17188, 6897, 1199, 15526, 18437, 6631, 8644, 16917, 14964, 14233, 2454, 584, 4830, 7199, 4180, 14889, 5761, 13756, 6917, 7756, 18880, 15095, 1816, 14070, 16252, 7429, 16589, 1631, 15968, 15221, 12478, 18594, 1477, 5637, 12058, 1205, 13397, 9107, 18654, 1968, 3759, 13147, 14144, 14973, 12452, 18020, 13592, 17920, 13687, 11335, 7207, 418, 7834, 778, 12982, 10688, 9031, 509, 9601, 9780, 17040, 12023, 3916, 91, 6536, 18535, 7547, 15240, 707, 14533, 15064, 17012, 16805, 8637, 5969, 16221, 1940, 13307, 4717, 12615, 18220, 11028, 12170, 1743, 2376, 12415, 14220, 18827, 1294, 18543, 6977, 15309, 11778, 11842, 17103, 3857, 4637, 12162, 19169, 17166, 18237, 17818, 9507, 19022, 5790, 19112, 15611, 1118, 15184, 18703, 1817, 15530, 16579, 8437, 11839, 11378, 3537, 9205, 9217, 16272, 18759, 16828, 12002, 8348, 1723, 3481, 14115, 379, 8544, 264, 6015, 7672, 2253, 7364, 3706, 13796, 17139, 16125, 12059, 9623, 7185, 2418, 18230, 3087, 281, 4379, 1796, 8459, 4400, 17824, 2736, 16446, 13525, 15341, 3275, 7872, 1662, 7557, 4319, 15442, 7181, 10456, 4963, 17048, 16943, 12784, 3441, 5240, 9975, 13216, 17702, 11594, 13554, 6165, 19168, 16070, 3540, 3262, 10661, 4061, 13173, 2875, 17014, 4349, 10818, 8428, 16764, 14232, 8930, 15734, 17680, 7069, 15684, 17050, 18987, 6914, 6863, 19263, 10595, 150, 10039, 2722, 18223, 16444, 6559, 7258, 2661, 7699, 17136, 12773, 4247, 5723, 15194, 1696, 1500, 2807, 9893, 11835, 13240, 18313, 17107, 10265, 10244, 5570, 2862, 14049, 1012, 12861, 723, 9583, 17461, 10056, 1264, 8297, 3716, 14666, 15259, 13531, 543, 13723, 16810, 6700, 3516, 13766, 7186, 10692, 6321, 15484, 14547, 8744, 3703, 10383, 16829, 6366, 6846, 3906, 2021, 18133, 857, 279, 12232, 10212, 10541, 12325, 13475, 1225, 937, 6966, 10881, 16936, 18502, 1440, 11914, 3326, 5633, 14913, 4623, 10743, 12361, 17335, 1072, 5043, 14810, 15077, 3255, 17215, 6553, 17852, 4801, 6962, 3060, 9430, 8799, 13824, 188, 15175, 15163, 4733, 5011, 3536, 17635, 6532, 14071, 6112, 17158, 6597, 11272, 105, 19219, 5013, 12483, 201, 6848, 17033, 6367, 7859, 14702, 18844, 7053, 18694, 15670, 636, 10129, 6378, 5369, 7273, 16247, 9142, 15345, 16817, 14854, 2600, 15783, 889, 11833, 6612, 2068, 2427, 7062, 7918, 16181, 5464, 8339, 8950, 8453, 16423, 6064, 2380, 4268, 13929, 12974, 19141, 1299, 2484, 3883, 3273, 8772, 13256, 11239, 5766, 18098, 12705, 11004, 2695, 10048, 10960, 2766, 15661, 13258, 8015, 6032, 16397, 7749, 19039, 7634, 15076, 4234, 15114, 8475, 8091, 19220, 18004, 9704, 13918, 15569, 16443, 10015, 9943, 7817, 9349, 2588, 8249, 398, 5316, 15538, 18372, 13559, 2937, 2803, 16248, 6155, 630, 9911, 13190, 19157, 15788, 13248, 13148, 1320, 12074, 8471, 8798, 3213, 12418, 814, 2402, 12718, 12397, 10564, 9875, 10128, 6947, 9491, 17707, 3266, 19196, 14309, 18523, 19043, 17975, 18063, 11618, 15016, 14434, 7680, 1739, 18029, 11694, 1745, 9271, 5189, 9561, 11283, 14978, 10753, 16017, 12914, 978, 2828, 17257, 13135, 5061, 121, 6602, 16015, 19271, 12159, 1244, 8260, 13195, 15873, 12815, 14291, 14515, 118, 4892, 14985, 9551, 12654, 4739, 927, 12176, 9523, 11726, 18187, 5880, 2569, 3386, 13942, 3390, 15774, 129, 65, 12922, 8422, 12692, 16213, 11515, 2111, 8347, 10758, 14064, 4401, 17782, 15621, 6709, 14716, 4091, 13964, 8424, 4218, 7249, 11311, 11171, 18564, 14755, 7114, 14009, 14815, 294, 495, 7684, 6833, 4046, 3505, 16995, 17858, 7761, 15803, 9840, 13958, 8226, 10369, 12497, 17142, 1748, 2854, 7159, 11539, 11055, 13337, 17173, 14214, 6803, 11144, 12649, 283, 15489, 13174, 7015, 610, 7030, 18206, 14077, 15468, 14962, 8046, 7809, 17387, 16034, 16678, 1173, 3502, 12942, 15655, 16859, 7099, 1673, 446, 1365, 5881, 3713, 11697, 1897, 16001, 1702, 14149, 11876, 9341, 4325, 6923, 2001, 138, 3276, 18716, 17604, 10501, 115, 12800, 6111, 11148, 4549, 16057, 4707, 6843, 16091, 4295, 7519, 13708, 12409, 11018, 5052, 13566, 14715, 12755, 793, 10837, 1888, 12375, 3935, 5763, 11791, 11258, 13264, 11469, 4683, 8905, 1853, 11600, 4421, 2798, 5074, 18141, 13807, 8595, 8126, 13837, 8060, 6956, 11767, 14560, 9389, 15261, 1232, 12560, 7262, 11504, 3546, 4627, 1177, 517, 4008, 9219, 17696, 4148, 14124, 13243, 11235, 7561, 8331, 16320, 3591, 11341, 4015, 12028, 14929, 18601, 3528, 14065, 1510, 19191, 13833, 17616, 10869, 17689, 831, 16725, 6319, 15465, 10467, 8162, 13563, 7728, 10778, 13545, 12290, 16480, 14401, 12838, 4212, 17529, 4832, 15111, 12690, 10373, 7596, 18614, 17477, 1043, 13100, 4774, 17479, 3774, 9302, 3901, 13071, 6412, 9516, 1261, 3054, 13522, 17602, 14343, 18500, 10957, 2791, 9624, 3634, 17904, 5709, 14670, 11058, 7087, 7435, 13848, 82, 5565, 2562, 14029, 3583, 1676, 12709, 18473, 3158, 12787, 8068, 8263, 16146, 3593, 1802, 1861, 3348, 4487, 17749, 6105, 10471, 17472, 10200, 1182, 14180, 1076, 10156, 4839, 9903, 4879, 9720, 2157, 15344, 16067, 3064, 17182, 5368, 4987, 18484, 18923, 11896, 1052, 15727, 15289, 5885, 1933, 5251, 17072, 6038, 6195, 13524, 6606, 18506, 17536, 6784, 3231, 14121, 8925, 10030, 803, 13764, 146, 19268, 14099, 4130, 16372, 1537, 12248, 13718, 17187, 11728, 1740, 19233, 5600, 4092, 4779, 6028, 3395, 16152, 19150, 2417, 11980, 11237, 8427, 18127, 3538, 9257, 607, 2078, 18457, 5802, 3435, 15019, 4256, 9221, 13465, 11742, 5788, 9528, 17493, 4607, 3131, 6616, 5356, 1550, 4617, 8827, 849, 2601, 4437, 17861, 10261, 15704, 3890, 8149, 12063, 3086, 15925, 12301, 6847, 5603, 7768, 3187, 13372, 9258, 6584, 7594, 2603, 1835, 17380, 17193, 15251, 15937, 18731, 4082, 14911, 16626, 8824, 16208, 10167, 17711, 9678, 15852, 13620, 16479, 14586, 2446, 4866, 1315, 7746, 10615, 7927, 2443, 7157, 13506, 18410, 10494]",2661,1500,3,False,1500
1996,alarm query,alarm query,0,True,True,True,"{21: 26, 33: 14, 2: 18, 29: 13, 25: 57, 43: 9, 57: 16, 49: 16, 61: 14, 67: 52, 65: 21, 50: 28, 15: 53, 6: 13, 46: 15, 27: 69, 7: 65, 48: 67, 19: 21, 31: 14, 63: 26, 22: 39, 9: 79, 26: 40, 47: 15, 53: 66, 11: 19, 51: 26, 54: 9, 13: 32, 17: 37, 52: 30, 39: 27, 38: 19, 1: 6, 59: 33, 56: 23, 32: 9, 8: 25, 4: 12, 20: 26, 24: 7, 18: 31, 42: 7, 28: 31, 45: 57, 0: 13, 66: 11, 62: 11, 35: 7, 64: 15, 37: 2, 40: 25, 3: 3, 14: 5, 12: 8, 16: 15, 55: 16, 30: 13, 58: 6, 36: 4, 60: 5, 5: 3, 41: 2, 44: 2, 34: 2}","[12686, 3384, 6034, 14374, 14516, 14680, 18580, 5912, 661, 4433, 14182, 14634, 14672, 13694, 17233, 12320, 12666, 7276, 14925, 15315, 1125, 14820, 3769, 14096, 12401, 14972, 14176, 4685, 4278, 5735, 7514, 16051, 15882, 4696, 17145, 19193, 12994, 9901, 13641, 15193, 6739, 9240, 1608, 14664, 18117, 5676, 15714, 5964, 5329, 16651, 15936, 14441, 15878, 18316, 14255, 18692, 5858, 4640, 10716, 13839, 16635, 2097, 11464, 12427, 2320, 14629, 7617, 16183, 16205, 2170, 4384, 6683, 5285, 18707, 6780, 4231, 2404, 4895, 18091, 2944, 13054, 3904, 3491, 9455, 15985, 10432, 8657, 15304, 9114, 5838, 5197, 17244, 6207, 3970, 17246, 3950, 6168, 8697, 6800, 9942, 11118, 8582, 6355, 15275, 4581, 12724, 11921, 1833, 523, 7619, 15729, 176, 8576, 3101, 1573, 1283, 11796, 11277, 2547, 1738, 6806, 15187, 7129, 5179, 5854, 16373, 9231, 6270, 777, 2062, 13249, 4144, 6325, 3924, 5350, 14414, 3142, 2249, 6444, 13582, 2833, 18030, 6483, 18404, 15057, 7482, 15001, 15872, 14584, 10835, 954, 7257, 1381, 17819, 17518, 6497, 14430, 4901, 16466, 10805, 132, 7506, 755, 14427, 12119, 16613, 19042, 14994, 11257, 8042, 2144, 5966, 1580, 8010, 2550, 10684, 14088, 5037, 8764, 17076, 14185, 15984, 5299, 16601, 19182, 13197, 14561, 12605, 17010, 2703, 6715, 11207, 10188, 212, 2293, 17676, 1720, 5934, 112, 8568, 15870, 3226, 4524, 4431, 5141, 5383, 7609, 12807, 19001, 14368, 6704, 14903, 4172, 117, 18698, 1699, 16558, 7518, 10618, 2110, 10308, 7828, 6623, 17644, 4449, 951, 13858, 15106, 8402, 916, 4771, 8608, 6448, 6656, 13547, 2814, 8336, 8093, 6398, 637, 9909, 10621, 786, 14146, 17292, 9457, 3, 2884, 14785, 10504, 16361, 8181, 17690, 654, 11067, 18741, 386, 18208, 10130, 8079, 7082, 14740, 8076, 18619, 14428, 10992, 12679, 9431, 18328, 13606, 7641, 13542, 1002, 11975, 15646, 19078, 1352, 8683, 16053, 11763, 14823, 7059, 4995, 3754, 6213, 10090, 19084, 1973, 8131, 5353, 836, 13960, 3217, 4885, 9645, 16941, 14750, 13171, 9132, 1355, 4440, 15747, 8233, 6008, 12781, 16749, 13905, 18198, 5033, 2910, 16502, 1233, 965, 16926, 3944, 13518, 18213, 12739, 9972, 14609, 5764, 6128, 9532, 12680, 3672, 5458, 6822, 11547, 3163, 8040, 14081, 8369, 18182, 17541, 11552, 12451, 15074, 1783, 17730, 1690, 16992, 2490, 2459, 18065, 320, 18311, 45, 9495, 4572, 544, 12731, 16811, 15096, 14957, 4594, 16607, 2449, 7791, 13659, 8892, 1713, 17336, 6598, 13832, 10495, 18937, 3067, 3473, 12715, 13492, 14787, 16503, 17899, 16638, 2408, 7141, 10590, 2917, 14650, 12571, 4321, 2855, 1829, 3736, 3381, 11069, 16093, 15201, 14311, 9836, 18289, 16899, 897, 13981, 12223, 8884, 15721, 7778, 13648, 5737, 6550, 19249, 2715, 447, 12941, 8915, 18963, 16291, 760, 5869, 3635, 3439, 6740, 5003, 3174, 2945, 16056, 4860, 11216, 7363, 1147, 12124, 9764, 11245, 4361, 7784, 16285, 17057, 11203, 5114, 17655, 12056, 17890, 7741, 15799, 10258, 16088, 19222, 15303, 1433, 5991, 322, 2322, 3156, 9940, 7814, 17068, 16968, 10018, 1991, 11946, 8705, 10371, 4619, 11074, 2034, 15550, 11743, 18666, 13494, 14175, 13948, 15123, 11154, 10397, 1701, 4770, 839, 12085, 16500, 16241, 1535, 18782, 2221, 539, 18405, 4245, 103, 1571, 16945, 12196, 9441, 1732, 1367, 3596, 4794, 7230, 5245, 17483, 2955, 2003, 11509, 4044, 12934, 3456, 16693, 593, 4582, 14076, 10972, 1965, 7227, 14324, 8658, 3772, 8355, 11889, 1908, 2684, 10026, 1666, 16507, 5589, 9295, 8389, 2099, 18653, 13808, 19147, 6675, 10970, 2788, 19028, 16983, 16166, 9845, 8160, 11381, 10088, 10333, 11716, 14695, 12697, 4365, 3747, 17296, 11904, 74, 7047, 10639, 13094, 940, 10478, 2032, 6642, 14896, 10840, 5430, 5556, 12597, 2183, 18403, 4252, 14613, 18283, 8790, 12140, 13540, 13353, 14114, 13297, 4056, 14038, 11299, 13770, 11433, 14285, 1526, 1955, 15711, 255, 12481, 612, 1635, 4886, 357, 11434, 9524, 13106, 2607, 5391, 9406, 2331, 624, 2749, 17849, 9829, 11436, 18426, 9481, 18550, 15647, 532, 11720, 11824, 15610, 15741, 7902, 13558, 17967, 14539, 17889, 4631, 1238, 16921, 7787, 15293, 3108, 8215, 2851, 4514, 12938, 16730, 17178, 4890, 17960, 4725, 7917, 3191, 8231, 16341, 8195, 10913, 2173, 5557, 2637, 16896, 5806, 1815, 1451, 8864, 2290, 12108, 5328, 6203, 2431, 7508, 17898, 17188, 6897, 1199, 15526, 18437, 6631, 8644, 16917, 14964, 14233, 2454, 584, 4830, 7199, 4180, 14889, 5761, 13756, 6917, 7756, 18880, 15095, 1816, 14070, 16252, 7429, 16589, 1631, 15968, 15221, 12478, 18594, 1477, 5637, 12058, 1205, 13397, 9107, 18654, 1968, 3759, 13147, 14144, 14973, 12452, 18020, 13592, 17920, 13687, 11335, 7207, 418, 7834, 778, 12982, 10688, 9031, 509, 9601, 9780, 17040, 12023, 3916, 91, 6536, 18535, 7547, 15240, 707, 14533, 15064, 17012, 16805, 8637, 5969, 16221, 1940, 13307, 4717, 12615, 18220, 11028, 12170, 1743, 2376, 12415, 14220, 18827, 1294, 18543, 6977, 15309, 11778, 11842, 17103, 3857, 4637, 12162, 19169, 17166, 18237, 17818, 9507, 19022, 5790, 19112, 15611, 1118, 15184, 18703, 1817, 15530, 16579, 8437, 11839, 11378, 3537, 9205, 9217, 16272, 18759, 16828, 12002, 8348, 1723, 3481, 14115, 379, 8544, 264, 6015, 7672, 2253, 7364, 3706, 13796, 17139, 16125, 12059, 9623, 7185, 2418, 18230, 3087, 281, 4379, 1796, 8459, 4400, 17824, 2736, 16446, 13525, 15341, 3275, 7872, 1662, 7557, 4319, 15442, 7181, 10456, 4963, 17048, 16943, 12784, 3441, 5240, 9975, 13216, 17702, 11594, 13554, 6165, 19168, 16070, 3540, 3262, 10661, 4061, 13173, 2875, 17014, 4349, 10818, 8428, 16764, 14232, 8930, 15734, 17680, 7069, 15684, 17050, 18987, 6914, 6863, 19263, 10595, 150, 10039, 2722, 18223, 16444, 6559, 7258, 2661, 7699, 17136, 12773, 4247, 5723, 15194, 1696, 1500, 2807, 9893, 11835, 13240, 18313, 17107, 10265, 10244, 5570, 2862, 14049, 1012, 12861, 723, 9583, 17461, 10056, 1264, 8297, 3716, 14666, 15259, 13531, 543, 13723, 16810, 6700, 3516, 13766, 7186, 10692, 6321, 15484, 14547, 8744, 3703, 10383, 16829, 6366, 6846, 3906, 2021, 18133, 857, 279, 12232, 10212, 10541, 12325, 13475, 1225, 937, 6966, 10881, 16936, 18502, 1440, 11914, 3326, 5633, 14913, 4623, 10743, 12361, 17335, 1072, 5043, 14810, 15077, 3255, 17215, 6553, 17852, 4801, 6962, 3060, 9430, 8799, 13824, 188, 15175, 15163, 4733, 5011, 3536, 17635, 6532, 14071, 6112, 17158, 6597, 11272, 105, 19219, 5013, 12483, 201, 6848, 17033, 6367, 7859, 14702, 18844, 7053, 18694, 15670, 636, 10129, 6378, 5369, 7273, 16247, 9142, 15345, 16817, 14854, 2600, 15783, 889, 11833, 6612, 2068, 2427, 7062, 7918, 16181, 5464, 8339, 8950, 8453, 16423, 6064, 2380, 4268, 13929, 12974, 19141, 1299, 2484, 3883, 3273, 8772, 13256, 11239, 5766, 18098, 12705, 11004, 2695, 10048, 10960, 2766, 15661, 13258, 8015, 6032, 16397, 7749, 19039, 7634, 15076, 4234, 15114, 8475, 8091, 19220, 18004, 9704, 13918, 15569, 16443, 10015, 9943, 7817, 9349, 2588, 8249, 398, 5316, 15538, 18372, 13559, 2937, 2803, 16248, 6155, 630, 9911, 13190, 19157, 15788, 13248, 13148, 1320, 12074, 8471, 8798, 3213, 12418, 814, 2402, 12718, 12397, 10564, 9875, 10128, 6947, 9491, 17707, 3266, 19196, 14309, 18523, 19043, 17975, 18063, 11618, 15016, 14434, 7680, 1739, 18029, 11694, 1745, 9271, 5189, 9561, 11283, 14978, 10753, 16017, 12914, 978, 2828, 17257, 13135, 5061, 121, 6602, 16015, 19271, 12159, 1244, 8260, 13195, 15873, 12815, 14291, 14515, 118, 4892, 14985, 9551, 12654, 4739, 927, 12176, 9523, 11726, 18187, 5880, 2569, 3386, 13942, 3390, 15774, 129, 65, 12922, 8422, 12692, 16213, 11515, 2111, 8347, 10758, 14064, 4401, 17782, 15621, 6709, 14716, 4091, 13964, 8424, 4218, 7249, 11311, 11171, 18564, 14755, 7114, 14009, 14815, 294, 495, 7684, 6833, 4046, 3505, 16995, 17858, 7761, 15803, 9840, 13958, 8226, 10369, 12497, 17142, 1748, 2854, 7159, 11539, 11055, 13337, 17173, 14214, 6803, 11144, 12649, 283, 15489, 13174, 7015, 610, 7030, 18206, 14077, 15468, 14962, 8046, 7809, 17387, 16034, 16678, 1173, 3502, 12942, 15655, 16859, 7099, 1673, 446, 1365, 5881, 3713, 11697, 1897, 16001, 1702, 14149, 11876, 9341, 4325, 6923, 2001, 138, 3276, 18716, 17604, 10501, 115, 12800, 6111, 11148, 4549, 16057, 4707, 6843, 16091, 4295, 7519, 13708, 12409, 11018, 5052, 13566, 14715, 12755, 793, 10837, 1888, 12375, 3935, 5763, 11791, 11258, 13264, 11469, 4683, 8905, 1853, 11600, 4421, 2798, 5074, 18141, 13807, 8595, 8126, 13837, 8060, 6956, 11767, 14560, 9389, 15261, 1232, 12560, 7262, 11504, 3546, 4627, 1177, 517, 4008, 9219, 17696, 4148, 14124, 13243, 11235, 7561, 8331, 16320, 3591, 11341, 4015, 12028, 14929, 18601, 3528, 14065, 1510, 19191, 13833, 17616, 10869, 17689, 831, 16725, 6319, 15465, 10467, 8162, 13563, 7728, 10778, 13545, 12290, 16480, 14401, 12838, 4212, 17529, 4832, 15111, 12690, 10373, 7596, 18614, 17477, 1043, 13100, 4774, 17479, 3774, 9302, 3901, 13071, 6412, 9516, 1261, 3054, 13522, 17602, 14343, 18500, 10957, 2791, 9624, 3634, 17904, 5709, 14670, 11058, 7087, 7435, 13848, 82, 5565, 2562, 14029, 3583, 1676, 12709, 18473, 3158, 12787, 8068, 8263, 16146, 3593, 1802, 1861, 3348, 4487, 17749, 6105, 10471, 17472, 10200, 1182, 14180, 1076, 10156, 4839, 9903, 4879, 9720, 2157, 15344, 16067, 3064, 17182, 5368, 4987, 18484, 18923, 11896, 1052, 15727, 15289, 5885, 1933, 5251, 17072, 6038, 6195, 13524, 6606, 18506, 17536, 6784, 3231, 14121, 8925, 10030, 803, 13764, 146, 19268, 14099, 4130, 16372, 1537, 12248, 13718, 17187, 11728, 1740, 19233, 5600, 4092, 4779, 6028, 3395, 16152, 19150, 2417, 11980, 11237, 8427, 18127, 3538, 9257, 607, 2078, 18457, 5802, 3435, 15019, 4256, 9221, 13465, 11742, 5788, 9528, 17493, 4607, 3131, 6616, 5356, 1550, 4617, 8827, 849, 2601, 4437, 17861, 10261, 15704, 3890, 8149, 12063, 3086, 15925, 12301, 6847, 5603, 7768, 3187, 13372, 9258, 6584, 7594, 2603, 1835, 17380, 17193, 15251, 15937, 18731, 4082, 14911, 16626, 8824, 16208, 10167, 17711, 9678, 15852, 13620, 16479, 14586, 2446, 4866, 1315, 7746, 10615, 7927, 2443, 7157, 13506, 18410, 10494]",1996,1500,3,False,1500
239,general praise,general pra,26,True,True,False,"{21: 26, 33: 14, 2: 18, 29: 13, 25: 57, 43: 9, 57: 16, 49: 16, 61: 14, 67: 52, 65: 21, 50: 28, 15: 53, 6: 13, 46: 15, 27: 69, 7: 65, 48: 67, 19: 21, 31: 14, 63: 26, 22: 39, 9: 79, 26: 40, 47: 15, 53: 66, 11: 19, 51: 26, 54: 9, 13: 32, 17: 37, 52: 30, 39: 27, 38: 19, 1: 6, 59: 33, 56: 23, 32: 9, 8: 25, 4: 12, 20: 26, 24: 7, 18: 31, 42: 7, 28: 31, 45: 57, 0: 13, 66: 11, 62: 11, 35: 7, 64: 15, 37: 2, 40: 25, 3: 3, 14: 5, 12: 8, 16: 15, 55: 16, 30: 13, 58: 6, 36: 4, 60: 5, 5: 3, 41: 2, 44: 2, 34: 2}","[12686, 3384, 6034, 14374, 14516, 14680, 18580, 5912, 661, 4433, 14182, 14634, 14672, 13694, 17233, 12320, 12666, 7276, 14925, 15315, 1125, 14820, 3769, 14096, 12401, 14972, 14176, 4685, 4278, 5735, 7514, 16051, 15882, 4696, 17145, 19193, 12994, 9901, 13641, 15193, 6739, 9240, 1608, 14664, 18117, 5676, 15714, 5964, 5329, 16651, 15936, 14441, 15878, 18316, 14255, 18692, 5858, 4640, 10716, 13839, 16635, 2097, 11464, 12427, 2320, 14629, 7617, 16183, 16205, 2170, 4384, 6683, 5285, 18707, 6780, 4231, 2404, 4895, 18091, 2944, 13054, 3904, 3491, 9455, 15985, 10432, 8657, 15304, 9114, 5838, 5197, 17244, 6207, 3970, 17246, 3950, 6168, 8697, 6800, 9942, 11118, 8582, 6355, 15275, 4581, 12724, 11921, 1833, 523, 7619, 15729, 176, 8576, 3101, 1573, 1283, 11796, 11277, 2547, 1738, 6806, 15187, 7129, 5179, 5854, 16373, 9231, 6270, 777, 2062, 13249, 4144, 6325, 3924, 5350, 14414, 3142, 2249, 6444, 13582, 2833, 18030, 6483, 18404, 15057, 7482, 15001, 15872, 14584, 10835, 954, 7257, 1381, 17819, 17518, 6497, 14430, 4901, 16466, 10805, 132, 7506, 755, 14427, 12119, 16613, 19042, 14994, 11257, 8042, 2144, 5966, 1580, 8010, 2550, 10684, 14088, 5037, 8764, 17076, 14185, 15984, 5299, 16601, 19182, 13197, 14561, 12605, 17010, 2703, 6715, 11207, 10188, 212, 2293, 17676, 1720, 5934, 112, 8568, 15870, 3226, 4524, 4431, 5141, 5383, 7609, 12807, 19001, 14368, 6704, 14903, 4172, 117, 18698, 1699, 16558, 7518, 10618, 2110, 10308, 7828, 6623, 17644, 4449, 951, 13858, 15106, 8402, 916, 4771, 8608, 6448, 6656, 13547, 2814, 8336, 8093, 6398, 637, 9909, 10621, 786, 14146, 17292, 9457, 3, 2884, 14785, 10504, 16361, 8181, 17690, 654, 11067, 18741, 386, 18208, 10130, 8079, 7082, 14740, 8076, 18619, 14428, 10992, 12679, 9431, 18328, 13606, 7641, 13542, 1002, 11975, 15646, 19078, 1352, 8683, 16053, 11763, 14823, 7059, 4995, 3754, 6213, 10090, 19084, 1973, 8131, 5353, 836, 13960, 3217, 4885, 9645, 16941, 14750, 13171, 9132, 1355, 4440, 15747, 8233, 6008, 12781, 16749, 13905, 18198, 5033, 2910, 16502, 1233, 965, 16926, 3944, 13518, 18213, 12739, 9972, 14609, 5764, 6128, 9532, 12680, 3672, 5458, 6822, 11547, 3163, 8040, 14081, 8369, 18182, 17541, 11552, 12451, 15074, 1783, 17730, 1690, 16992, 2490, 2459, 18065, 320, 18311, 45, 9495, 4572, 544, 12731, 16811, 15096, 14957, 4594, 16607, 2449, 7791, 13659, 8892, 1713, 17336, 6598, 13832, 10495, 18937, 3067, 3473, 12715, 13492, 14787, 16503, 17899, 16638, 2408, 7141, 10590, 2917, 14650, 12571, 4321, 2855, 1829, 3736, 3381, 11069, 16093, 15201, 14311, 9836, 18289, 16899, 897, 13981, 12223, 8884, 15721, 7778, 13648, 5737, 6550, 19249, 2715, 447, 12941, 8915, 18963, 16291, 760, 5869, 3635, 3439, 6740, 5003, 3174, 2945, 16056, 4860, 11216, 7363, 1147, 12124, 9764, 11245, 4361, 7784, 16285, 17057, 11203, 5114, 17655, 12056, 17890, 7741, 15799, 10258, 16088, 19222, 15303, 1433, 5991, 322, 2322, 3156, 9940, 7814, 17068, 16968, 10018, 1991, 11946, 8705, 10371, 4619, 11074, 2034, 15550, 11743, 18666, 13494, 14175, 13948, 15123, 11154, 10397, 1701, 4770, 839, 12085, 16500, 16241, 1535, 18782, 2221, 539, 18405, 4245, 103, 1571, 16945, 12196, 9441, 1732, 1367, 3596, 4794, 7230, 5245, 17483, 2955, 2003, 11509, 4044, 12934, 3456, 16693, 593, 4582, 14076, 10972, 1965, 7227, 14324, 8658, 3772, 8355, 11889, 1908, 2684, 10026, 1666, 16507, 5589, 9295, 8389, 2099, 18653, 13808, 19147, 6675, 10970, 2788, 19028, 16983, 16166, 9845, 8160, 11381, 10088, 10333, 11716, 14695, 12697, 4365, 3747, 17296, 11904, 74, 7047, 10639, 13094, 940, 10478, 2032, 6642, 14896, 10840, 5430, 5556, 12597, 2183, 18403, 4252, 14613, 18283, 8790, 12140, 13540, 13353, 14114, 13297, 4056, 14038, 11299, 13770, 11433, 14285, 1526, 1955, 15711, 255, 12481, 612, 1635, 4886, 357, 11434, 9524, 13106, 2607, 5391, 9406, 2331, 624, 2749, 17849, 9829, 11436, 18426, 9481, 18550, 15647, 532, 11720, 11824, 15610, 15741, 7902, 13558, 17967, 14539, 17889, 4631, 1238, 16921, 7787, 15293, 3108, 8215, 2851, 4514, 12938, 16730, 17178, 4890, 17960, 4725, 7917, 3191, 8231, 16341, 8195, 10913, 2173, 5557, 2637, 16896, 5806, 1815, 1451, 8864, 2290, 12108, 5328, 6203, 2431, 7508, 17898, 17188, 6897, 1199, 15526, 18437, 6631, 8644, 16917, 14964, 14233, 2454, 584, 4830, 7199, 4180, 14889, 5761, 13756, 6917, 7756, 18880, 15095, 1816, 14070, 16252, 7429, 16589, 1631, 15968, 15221, 12478, 18594, 1477, 5637, 12058, 1205, 13397, 9107, 18654, 1968, 3759, 13147, 14144, 14973, 12452, 18020, 13592, 17920, 13687, 11335, 7207, 418, 7834, 778, 12982, 10688, 9031, 509, 9601, 9780, 17040, 12023, 3916, 91, 6536, 18535, 7547, 15240, 707, 14533, 15064, 17012, 16805, 8637, 5969, 16221, 1940, 13307, 4717, 12615, 18220, 11028, 12170, 1743, 2376, 12415, 14220, 18827, 1294, 18543, 6977, 15309, 11778, 11842, 17103, 3857, 4637, 12162, 19169, 17166, 18237, 17818, 9507, 19022, 5790, 19112, 15611, 1118, 15184, 18703, 1817, 15530, 16579, 8437, 11839, 11378, 3537, 9205, 9217, 16272, 18759, 16828, 12002, 8348, 1723, 3481, 14115, 379, 8544, 264, 6015, 7672, 2253, 7364, 3706, 13796, 17139, 16125, 12059, 9623, 7185, 2418, 18230, 3087, 281, 4379, 1796, 8459, 4400, 17824, 2736, 16446, 13525, 15341, 3275, 7872, 1662, 7557, 4319, 15442, 7181, 10456, 4963, 17048, 16943, 12784, 3441, 5240, 9975, 13216, 17702, 11594, 13554, 6165, 19168, 16070, 3540, 3262, 10661, 4061, 13173, 2875, 17014, 4349, 10818, 8428, 16764, 14232, 8930, 15734, 17680, 7069, 15684, 17050, 18987, 6914, 6863, 19263, 10595, 150, 10039, 2722, 18223, 16444, 6559, 7258, 2661, 7699, 17136, 12773, 4247, 5723, 15194, 1696, 1500, 2807, 9893, 11835, 13240, 18313, 17107, 10265, 10244, 5570, 2862, 14049, 1012, 12861, 723, 9583, 17461, 10056, 1264, 8297, 3716, 14666, 15259, 13531, 543, 13723, 16810, 6700, 3516, 13766, 7186, 10692, 6321, 15484, 14547, 8744, 3703, 10383, 16829, 6366, 6846, 3906, 2021, 18133, 857, 279, 12232, 10212, 10541, 12325, 13475, 1225, 937, 6966, 10881, 16936, 18502, 1440, 11914, 3326, 5633, 14913, 4623, 10743, 12361, 17335, 1072, 5043, 14810, 15077, 3255, 17215, 6553, 17852, 4801, 6962, 3060, 9430, 8799, 13824, 188, 15175, 15163, 4733, 5011, 3536, 17635, 6532, 14071, 6112, 17158, 6597, 11272, 105, 19219, 5013, 12483, 201, 6848, 17033, 6367, 7859, 14702, 18844, 7053, 18694, 15670, 636, 10129, 6378, 5369, 7273, 16247, 9142, 15345, 16817, 14854, 2600, 15783, 889, 11833, 6612, 2068, 2427, 7062, 7918, 16181, 5464, 8339, 8950, 8453, 16423, 6064, 2380, 4268, 13929, 12974, 19141, 1299, 2484, 3883, 3273, 8772, 13256, 11239, 5766, 18098, 12705, 11004, 2695, 10048, 10960, 2766, 15661, 13258, 8015, 6032, 16397, 7749, 19039, 7634, 15076, 4234, 15114, 8475, 8091, 19220, 18004, 9704, 13918, 15569, 16443, 10015, 9943, 7817, 9349, 2588, 8249, 398, 5316, 15538, 18372, 13559, 2937, 2803, 16248, 6155, 630, 9911, 13190, 19157, 15788, 13248, 13148, 1320, 12074, 8471, 8798, 3213, 12418, 814, 2402, 12718, 12397, 10564, 9875, 10128, 6947, 9491, 17707, 3266, 19196, 14309, 18523, 19043, 17975, 18063, 11618, 15016, 14434, 7680, 1739, 18029, 11694, 1745, 9271, 5189, 9561, 11283, 14978, 10753, 16017, 12914, 978, 2828, 17257, 13135, 5061, 121, 6602, 16015, 19271, 12159, 1244, 8260, 13195, 15873, 12815, 14291, 14515, 118, 4892, 14985, 9551, 12654, 4739, 927, 12176, 9523, 11726, 18187, 5880, 2569, 3386, 13942, 3390, 15774, 129, 65, 12922, 8422, 12692, 16213, 11515, 2111, 8347, 10758, 14064, 4401, 17782, 15621, 6709, 14716, 4091, 13964, 8424, 4218, 7249, 11311, 11171, 18564, 14755, 7114, 14009, 14815, 294, 495, 7684, 6833, 4046, 3505, 16995, 17858, 7761, 15803, 9840, 13958, 8226, 10369, 12497, 17142, 1748, 2854, 7159, 11539, 11055, 13337, 17173, 14214, 6803, 11144, 12649, 283, 15489, 13174, 7015, 610, 7030, 18206, 14077, 15468, 14962, 8046, 7809, 17387, 16034, 16678, 1173, 3502, 12942, 15655, 16859, 7099, 1673, 446, 1365, 5881, 3713, 11697, 1897, 16001, 1702, 14149, 11876, 9341, 4325, 6923, 2001, 138, 3276, 18716, 17604, 10501, 115, 12800, 6111, 11148, 4549, 16057, 4707, 6843, 16091, 4295, 7519, 13708, 12409, 11018, 5052, 13566, 14715, 12755, 793, 10837, 1888, 12375, 3935, 5763, 11791, 11258, 13264, 11469, 4683, 8905, 1853, 11600, 4421, 2798, 5074, 18141, 13807, 8595, 8126, 13837, 8060, 6956, 11767, 14560, 9389, 15261, 1232, 12560, 7262, 11504, 3546, 4627, 1177, 517, 4008, 9219, 17696, 4148, 14124, 13243, 11235, 7561, 8331, 16320, 3591, 11341, 4015, 12028, 14929, 18601, 3528, 14065, 1510, 19191, 13833, 17616, 10869, 17689, 831, 16725, 6319, 15465, 10467, 8162, 13563, 7728, 10778, 13545, 12290, 16480, 14401, 12838, 4212, 17529, 4832, 15111, 12690, 10373, 7596, 18614, 17477, 1043, 13100, 4774, 17479, 3774, 9302, 3901, 13071, 6412, 9516, 1261, 3054, 13522, 17602, 14343, 18500, 10957, 2791, 9624, 3634, 17904, 5709, 14670, 11058, 7087, 7435, 13848, 82, 5565, 2562, 14029, 3583, 1676, 12709, 18473, 3158, 12787, 8068, 8263, 16146, 3593, 1802, 1861, 3348, 4487, 17749, 6105, 10471, 17472, 10200, 1182, 14180, 1076, 10156, 4839, 9903, 4879, 9720, 2157, 15344, 16067, 3064, 17182, 5368, 4987, 18484, 18923, 11896, 1052, 15727, 15289, 5885, 1933, 5251, 17072, 6038, 6195, 13524, 6606, 18506, 17536, 6784, 3231, 14121, 8925, 10030, 803, 13764, 146, 19268, 14099, 4130, 16372, 1537, 12248, 13718, 17187, 11728, 1740, 19233, 5600, 4092, 4779, 6028, 3395, 16152, 19150, 2417, 11980, 11237, 8427, 18127, 3538, 9257, 607, 2078, 18457, 5802, 3435, 15019, 4256, 9221, 13465, 11742, 5788, 9528, 17493, 4607, 3131, 6616, 5356, 1550, 4617, 8827, 849, 2601, 4437, 17861, 10261, 15704, 3890, 8149, 12063, 3086, 15925, 12301, 6847, 5603, 7768, 3187, 13372, 9258, 6584, 7594, 2603, 1835, 17380, 17193, 15251, 15937, 18731, 4082, 14911, 16626, 8824, 16208, 10167, 17711, 9678, 15852, 13620, 16479, 14586, 2446, 4866, 1315, 7746, 10615, 7927, 2443, 7157, 13506, 18410, 10494]",239,1500,3,False,1500
1092,calendar set,calendar set,9,True,True,True,"{21: 26, 33: 14, 2: 18, 29: 13, 25: 57, 43: 9, 57: 16, 49: 16, 61: 14, 67: 52, 65: 21, 50: 28, 15: 53, 6: 13, 46: 15, 27: 69, 7: 65, 48: 67, 19: 21, 31: 14, 63: 26, 22: 39, 9: 79, 26: 40, 47: 15, 53: 66, 11: 19, 51: 26, 54: 9, 13: 32, 17: 37, 52: 30, 39: 27, 38: 19, 1: 6, 59: 33, 56: 23, 32: 9, 8: 25, 4: 12, 20: 26, 24: 7, 18: 31, 42: 7, 28: 31, 45: 57, 0: 13, 66: 11, 62: 11, 35: 7, 64: 15, 37: 2, 40: 25, 3: 3, 14: 5, 12: 8, 16: 15, 55: 16, 30: 13, 58: 6, 36: 4, 60: 5, 5: 3, 41: 2, 44: 2, 34: 2}","[12686, 3384, 6034, 14374, 14516, 14680, 18580, 5912, 661, 4433, 14182, 14634, 14672, 13694, 17233, 12320, 12666, 7276, 14925, 15315, 1125, 14820, 3769, 14096, 12401, 14972, 14176, 4685, 4278, 5735, 7514, 16051, 15882, 4696, 17145, 19193, 12994, 9901, 13641, 15193, 6739, 9240, 1608, 14664, 18117, 5676, 15714, 5964, 5329, 16651, 15936, 14441, 15878, 18316, 14255, 18692, 5858, 4640, 10716, 13839, 16635, 2097, 11464, 12427, 2320, 14629, 7617, 16183, 16205, 2170, 4384, 6683, 5285, 18707, 6780, 4231, 2404, 4895, 18091, 2944, 13054, 3904, 3491, 9455, 15985, 10432, 8657, 15304, 9114, 5838, 5197, 17244, 6207, 3970, 17246, 3950, 6168, 8697, 6800, 9942, 11118, 8582, 6355, 15275, 4581, 12724, 11921, 1833, 523, 7619, 15729, 176, 8576, 3101, 1573, 1283, 11796, 11277, 2547, 1738, 6806, 15187, 7129, 5179, 5854, 16373, 9231, 6270, 777, 2062, 13249, 4144, 6325, 3924, 5350, 14414, 3142, 2249, 6444, 13582, 2833, 18030, 6483, 18404, 15057, 7482, 15001, 15872, 14584, 10835, 954, 7257, 1381, 17819, 17518, 6497, 14430, 4901, 16466, 10805, 132, 7506, 755, 14427, 12119, 16613, 19042, 14994, 11257, 8042, 2144, 5966, 1580, 8010, 2550, 10684, 14088, 5037, 8764, 17076, 14185, 15984, 5299, 16601, 19182, 13197, 14561, 12605, 17010, 2703, 6715, 11207, 10188, 212, 2293, 17676, 1720, 5934, 112, 8568, 15870, 3226, 4524, 4431, 5141, 5383, 7609, 12807, 19001, 14368, 6704, 14903, 4172, 117, 18698, 1699, 16558, 7518, 10618, 2110, 10308, 7828, 6623, 17644, 4449, 951, 13858, 15106, 8402, 916, 4771, 8608, 6448, 6656, 13547, 2814, 8336, 8093, 6398, 637, 9909, 10621, 786, 14146, 17292, 9457, 3, 2884, 14785, 10504, 16361, 8181, 17690, 654, 11067, 18741, 386, 18208, 10130, 8079, 7082, 14740, 8076, 18619, 14428, 10992, 12679, 9431, 18328, 13606, 7641, 13542, 1002, 11975, 15646, 19078, 1352, 8683, 16053, 11763, 14823, 7059, 4995, 3754, 6213, 10090, 19084, 1973, 8131, 5353, 836, 13960, 3217, 4885, 9645, 16941, 14750, 13171, 9132, 1355, 4440, 15747, 8233, 6008, 12781, 16749, 13905, 18198, 5033, 2910, 16502, 1233, 965, 16926, 3944, 13518, 18213, 12739, 9972, 14609, 5764, 6128, 9532, 12680, 3672, 5458, 6822, 11547, 3163, 8040, 14081, 8369, 18182, 17541, 11552, 12451, 15074, 1783, 17730, 1690, 16992, 2490, 2459, 18065, 320, 18311, 45, 9495, 4572, 544, 12731, 16811, 15096, 14957, 4594, 16607, 2449, 7791, 13659, 8892, 1713, 17336, 6598, 13832, 10495, 18937, 3067, 3473, 12715, 13492, 14787, 16503, 17899, 16638, 2408, 7141, 10590, 2917, 14650, 12571, 4321, 2855, 1829, 3736, 3381, 11069, 16093, 15201, 14311, 9836, 18289, 16899, 897, 13981, 12223, 8884, 15721, 7778, 13648, 5737, 6550, 19249, 2715, 447, 12941, 8915, 18963, 16291, 760, 5869, 3635, 3439, 6740, 5003, 3174, 2945, 16056, 4860, 11216, 7363, 1147, 12124, 9764, 11245, 4361, 7784, 16285, 17057, 11203, 5114, 17655, 12056, 17890, 7741, 15799, 10258, 16088, 19222, 15303, 1433, 5991, 322, 2322, 3156, 9940, 7814, 17068, 16968, 10018, 1991, 11946, 8705, 10371, 4619, 11074, 2034, 15550, 11743, 18666, 13494, 14175, 13948, 15123, 11154, 10397, 1701, 4770, 839, 12085, 16500, 16241, 1535, 18782, 2221, 539, 18405, 4245, 103, 1571, 16945, 12196, 9441, 1732, 1367, 3596, 4794, 7230, 5245, 17483, 2955, 2003, 11509, 4044, 12934, 3456, 16693, 593, 4582, 14076, 10972, 1965, 7227, 14324, 8658, 3772, 8355, 11889, 1908, 2684, 10026, 1666, 16507, 5589, 9295, 8389, 2099, 18653, 13808, 19147, 6675, 10970, 2788, 19028, 16983, 16166, 9845, 8160, 11381, 10088, 10333, 11716, 14695, 12697, 4365, 3747, 17296, 11904, 74, 7047, 10639, 13094, 940, 10478, 2032, 6642, 14896, 10840, 5430, 5556, 12597, 2183, 18403, 4252, 14613, 18283, 8790, 12140, 13540, 13353, 14114, 13297, 4056, 14038, 11299, 13770, 11433, 14285, 1526, 1955, 15711, 255, 12481, 612, 1635, 4886, 357, 11434, 9524, 13106, 2607, 5391, 9406, 2331, 624, 2749, 17849, 9829, 11436, 18426, 9481, 18550, 15647, 532, 11720, 11824, 15610, 15741, 7902, 13558, 17967, 14539, 17889, 4631, 1238, 16921, 7787, 15293, 3108, 8215, 2851, 4514, 12938, 16730, 17178, 4890, 17960, 4725, 7917, 3191, 8231, 16341, 8195, 10913, 2173, 5557, 2637, 16896, 5806, 1815, 1451, 8864, 2290, 12108, 5328, 6203, 2431, 7508, 17898, 17188, 6897, 1199, 15526, 18437, 6631, 8644, 16917, 14964, 14233, 2454, 584, 4830, 7199, 4180, 14889, 5761, 13756, 6917, 7756, 18880, 15095, 1816, 14070, 16252, 7429, 16589, 1631, 15968, 15221, 12478, 18594, 1477, 5637, 12058, 1205, 13397, 9107, 18654, 1968, 3759, 13147, 14144, 14973, 12452, 18020, 13592, 17920, 13687, 11335, 7207, 418, 7834, 778, 12982, 10688, 9031, 509, 9601, 9780, 17040, 12023, 3916, 91, 6536, 18535, 7547, 15240, 707, 14533, 15064, 17012, 16805, 8637, 5969, 16221, 1940, 13307, 4717, 12615, 18220, 11028, 12170, 1743, 2376, 12415, 14220, 18827, 1294, 18543, 6977, 15309, 11778, 11842, 17103, 3857, 4637, 12162, 19169, 17166, 18237, 17818, 9507, 19022, 5790, 19112, 15611, 1118, 15184, 18703, 1817, 15530, 16579, 8437, 11839, 11378, 3537, 9205, 9217, 16272, 18759, 16828, 12002, 8348, 1723, 3481, 14115, 379, 8544, 264, 6015, 7672, 2253, 7364, 3706, 13796, 17139, 16125, 12059, 9623, 7185, 2418, 18230, 3087, 281, 4379, 1796, 8459, 4400, 17824, 2736, 16446, 13525, 15341, 3275, 7872, 1662, 7557, 4319, 15442, 7181, 10456, 4963, 17048, 16943, 12784, 3441, 5240, 9975, 13216, 17702, 11594, 13554, 6165, 19168, 16070, 3540, 3262, 10661, 4061, 13173, 2875, 17014, 4349, 10818, 8428, 16764, 14232, 8930, 15734, 17680, 7069, 15684, 17050, 18987, 6914, 6863, 19263, 10595, 150, 10039, 2722, 18223, 16444, 6559, 7258, 2661, 7699, 17136, 12773, 4247, 5723, 15194, 1696, 1500, 2807, 9893, 11835, 13240, 18313, 17107, 10265, 10244, 5570, 2862, 14049, 1012, 12861, 723, 9583, 17461, 10056, 1264, 8297, 3716, 14666, 15259, 13531, 543, 13723, 16810, 6700, 3516, 13766, 7186, 10692, 6321, 15484, 14547, 8744, 3703, 10383, 16829, 6366, 6846, 3906, 2021, 18133, 857, 279, 12232, 10212, 10541, 12325, 13475, 1225, 937, 6966, 10881, 16936, 18502, 1440, 11914, 3326, 5633, 14913, 4623, 10743, 12361, 17335, 1072, 5043, 14810, 15077, 3255, 17215, 6553, 17852, 4801, 6962, 3060, 9430, 8799, 13824, 188, 15175, 15163, 4733, 5011, 3536, 17635, 6532, 14071, 6112, 17158, 6597, 11272, 105, 19219, 5013, 12483, 201, 6848, 17033, 6367, 7859, 14702, 18844, 7053, 18694, 15670, 636, 10129, 6378, 5369, 7273, 16247, 9142, 15345, 16817, 14854, 2600, 15783, 889, 11833, 6612, 2068, 2427, 7062, 7918, 16181, 5464, 8339, 8950, 8453, 16423, 6064, 2380, 4268, 13929, 12974, 19141, 1299, 2484, 3883, 3273, 8772, 13256, 11239, 5766, 18098, 12705, 11004, 2695, 10048, 10960, 2766, 15661, 13258, 8015, 6032, 16397, 7749, 19039, 7634, 15076, 4234, 15114, 8475, 8091, 19220, 18004, 9704, 13918, 15569, 16443, 10015, 9943, 7817, 9349, 2588, 8249, 398, 5316, 15538, 18372, 13559, 2937, 2803, 16248, 6155, 630, 9911, 13190, 19157, 15788, 13248, 13148, 1320, 12074, 8471, 8798, 3213, 12418, 814, 2402, 12718, 12397, 10564, 9875, 10128, 6947, 9491, 17707, 3266, 19196, 14309, 18523, 19043, 17975, 18063, 11618, 15016, 14434, 7680, 1739, 18029, 11694, 1745, 9271, 5189, 9561, 11283, 14978, 10753, 16017, 12914, 978, 2828, 17257, 13135, 5061, 121, 6602, 16015, 19271, 12159, 1244, 8260, 13195, 15873, 12815, 14291, 14515, 118, 4892, 14985, 9551, 12654, 4739, 927, 12176, 9523, 11726, 18187, 5880, 2569, 3386, 13942, 3390, 15774, 129, 65, 12922, 8422, 12692, 16213, 11515, 2111, 8347, 10758, 14064, 4401, 17782, 15621, 6709, 14716, 4091, 13964, 8424, 4218, 7249, 11311, 11171, 18564, 14755, 7114, 14009, 14815, 294, 495, 7684, 6833, 4046, 3505, 16995, 17858, 7761, 15803, 9840, 13958, 8226, 10369, 12497, 17142, 1748, 2854, 7159, 11539, 11055, 13337, 17173, 14214, 6803, 11144, 12649, 283, 15489, 13174, 7015, 610, 7030, 18206, 14077, 15468, 14962, 8046, 7809, 17387, 16034, 16678, 1173, 3502, 12942, 15655, 16859, 7099, 1673, 446, 1365, 5881, 3713, 11697, 1897, 16001, 1702, 14149, 11876, 9341, 4325, 6923, 2001, 138, 3276, 18716, 17604, 10501, 115, 12800, 6111, 11148, 4549, 16057, 4707, 6843, 16091, 4295, 7519, 13708, 12409, 11018, 5052, 13566, 14715, 12755, 793, 10837, 1888, 12375, 3935, 5763, 11791, 11258, 13264, 11469, 4683, 8905, 1853, 11600, 4421, 2798, 5074, 18141, 13807, 8595, 8126, 13837, 8060, 6956, 11767, 14560, 9389, 15261, 1232, 12560, 7262, 11504, 3546, 4627, 1177, 517, 4008, 9219, 17696, 4148, 14124, 13243, 11235, 7561, 8331, 16320, 3591, 11341, 4015, 12028, 14929, 18601, 3528, 14065, 1510, 19191, 13833, 17616, 10869, 17689, 831, 16725, 6319, 15465, 10467, 8162, 13563, 7728, 10778, 13545, 12290, 16480, 14401, 12838, 4212, 17529, 4832, 15111, 12690, 10373, 7596, 18614, 17477, 1043, 13100, 4774, 17479, 3774, 9302, 3901, 13071, 6412, 9516, 1261, 3054, 13522, 17602, 14343, 18500, 10957, 2791, 9624, 3634, 17904, 5709, 14670, 11058, 7087, 7435, 13848, 82, 5565, 2562, 14029, 3583, 1676, 12709, 18473, 3158, 12787, 8068, 8263, 16146, 3593, 1802, 1861, 3348, 4487, 17749, 6105, 10471, 17472, 10200, 1182, 14180, 1076, 10156, 4839, 9903, 4879, 9720, 2157, 15344, 16067, 3064, 17182, 5368, 4987, 18484, 18923, 11896, 1052, 15727, 15289, 5885, 1933, 5251, 17072, 6038, 6195, 13524, 6606, 18506, 17536, 6784, 3231, 14121, 8925, 10030, 803, 13764, 146, 19268, 14099, 4130, 16372, 1537, 12248, 13718, 17187, 11728, 1740, 19233, 5600, 4092, 4779, 6028, 3395, 16152, 19150, 2417, 11980, 11237, 8427, 18127, 3538, 9257, 607, 2078, 18457, 5802, 3435, 15019, 4256, 9221, 13465, 11742, 5788, 9528, 17493, 4607, 3131, 6616, 5356, 1550, 4617, 8827, 849, 2601, 4437, 17861, 10261, 15704, 3890, 8149, 12063, 3086, 15925, 12301, 6847, 5603, 7768, 3187, 13372, 9258, 6584, 7594, 2603, 1835, 17380, 17193, 15251, 15937, 18731, 4082, 14911, 16626, 8824, 16208, 10167, 17711, 9678, 15852, 13620, 16479, 14586, 2446, 4866, 1315, 7746, 10615, 7927, 2443, 7157, 13506, 18410, 10494]",1092,1500,3,False,1500
3615,play music,lists remove,40,True,False,True,"{21: 26, 33: 14, 2: 18, 29: 13, 25: 57, 43: 9, 57: 16, 49: 16, 61: 14, 67: 52, 65: 21, 50: 28, 15: 53, 6: 13, 46: 15, 27: 69, 7: 65, 48: 67, 19: 21, 31: 14, 63: 26, 22: 39, 9: 79, 26: 40, 47: 15, 53: 66, 11: 19, 51: 26, 54: 9, 13: 32, 17: 37, 52: 30, 39: 27, 38: 19, 1: 6, 59: 33, 56: 23, 32: 9, 8: 25, 4: 12, 20: 26, 24: 7, 18: 31, 42: 7, 28: 31, 45: 57, 0: 13, 66: 11, 62: 11, 35: 7, 64: 15, 37: 2, 40: 25, 3: 3, 14: 5, 12: 8, 16: 15, 55: 16, 30: 13, 58: 6, 36: 4, 60: 5, 5: 3, 41: 2, 44: 2, 34: 2}","[12686, 3384, 6034, 14374, 14516, 14680, 18580, 5912, 661, 4433, 14182, 14634, 14672, 13694, 17233, 12320, 12666, 7276, 14925, 15315, 1125, 14820, 3769, 14096, 12401, 14972, 14176, 4685, 4278, 5735, 7514, 16051, 15882, 4696, 17145, 19193, 12994, 9901, 13641, 15193, 6739, 9240, 1608, 14664, 18117, 5676, 15714, 5964, 5329, 16651, 15936, 14441, 15878, 18316, 14255, 18692, 5858, 4640, 10716, 13839, 16635, 2097, 11464, 12427, 2320, 14629, 7617, 16183, 16205, 2170, 4384, 6683, 5285, 18707, 6780, 4231, 2404, 4895, 18091, 2944, 13054, 3904, 3491, 9455, 15985, 10432, 8657, 15304, 9114, 5838, 5197, 17244, 6207, 3970, 17246, 3950, 6168, 8697, 6800, 9942, 11118, 8582, 6355, 15275, 4581, 12724, 11921, 1833, 523, 7619, 15729, 176, 8576, 3101, 1573, 1283, 11796, 11277, 2547, 1738, 6806, 15187, 7129, 5179, 5854, 16373, 9231, 6270, 777, 2062, 13249, 4144, 6325, 3924, 5350, 14414, 3142, 2249, 6444, 13582, 2833, 18030, 6483, 18404, 15057, 7482, 15001, 15872, 14584, 10835, 954, 7257, 1381, 17819, 17518, 6497, 14430, 4901, 16466, 10805, 132, 7506, 755, 14427, 12119, 16613, 19042, 14994, 11257, 8042, 2144, 5966, 1580, 8010, 2550, 10684, 14088, 5037, 8764, 17076, 14185, 15984, 5299, 16601, 19182, 13197, 14561, 12605, 17010, 2703, 6715, 11207, 10188, 212, 2293, 17676, 1720, 5934, 112, 8568, 15870, 3226, 4524, 4431, 5141, 5383, 7609, 12807, 19001, 14368, 6704, 14903, 4172, 117, 18698, 1699, 16558, 7518, 10618, 2110, 10308, 7828, 6623, 17644, 4449, 951, 13858, 15106, 8402, 916, 4771, 8608, 6448, 6656, 13547, 2814, 8336, 8093, 6398, 637, 9909, 10621, 786, 14146, 17292, 9457, 3, 2884, 14785, 10504, 16361, 8181, 17690, 654, 11067, 18741, 386, 18208, 10130, 8079, 7082, 14740, 8076, 18619, 14428, 10992, 12679, 9431, 18328, 13606, 7641, 13542, 1002, 11975, 15646, 19078, 1352, 8683, 16053, 11763, 14823, 7059, 4995, 3754, 6213, 10090, 19084, 1973, 8131, 5353, 836, 13960, 3217, 4885, 9645, 16941, 14750, 13171, 9132, 1355, 4440, 15747, 8233, 6008, 12781, 16749, 13905, 18198, 5033, 2910, 16502, 1233, 965, 16926, 3944, 13518, 18213, 12739, 9972, 14609, 5764, 6128, 9532, 12680, 3672, 5458, 6822, 11547, 3163, 8040, 14081, 8369, 18182, 17541, 11552, 12451, 15074, 1783, 17730, 1690, 16992, 2490, 2459, 18065, 320, 18311, 45, 9495, 4572, 544, 12731, 16811, 15096, 14957, 4594, 16607, 2449, 7791, 13659, 8892, 1713, 17336, 6598, 13832, 10495, 18937, 3067, 3473, 12715, 13492, 14787, 16503, 17899, 16638, 2408, 7141, 10590, 2917, 14650, 12571, 4321, 2855, 1829, 3736, 3381, 11069, 16093, 15201, 14311, 9836, 18289, 16899, 897, 13981, 12223, 8884, 15721, 7778, 13648, 5737, 6550, 19249, 2715, 447, 12941, 8915, 18963, 16291, 760, 5869, 3635, 3439, 6740, 5003, 3174, 2945, 16056, 4860, 11216, 7363, 1147, 12124, 9764, 11245, 4361, 7784, 16285, 17057, 11203, 5114, 17655, 12056, 17890, 7741, 15799, 10258, 16088, 19222, 15303, 1433, 5991, 322, 2322, 3156, 9940, 7814, 17068, 16968, 10018, 1991, 11946, 8705, 10371, 4619, 11074, 2034, 15550, 11743, 18666, 13494, 14175, 13948, 15123, 11154, 10397, 1701, 4770, 839, 12085, 16500, 16241, 1535, 18782, 2221, 539, 18405, 4245, 103, 1571, 16945, 12196, 9441, 1732, 1367, 3596, 4794, 7230, 5245, 17483, 2955, 2003, 11509, 4044, 12934, 3456, 16693, 593, 4582, 14076, 10972, 1965, 7227, 14324, 8658, 3772, 8355, 11889, 1908, 2684, 10026, 1666, 16507, 5589, 9295, 8389, 2099, 18653, 13808, 19147, 6675, 10970, 2788, 19028, 16983, 16166, 9845, 8160, 11381, 10088, 10333, 11716, 14695, 12697, 4365, 3747, 17296, 11904, 74, 7047, 10639, 13094, 940, 10478, 2032, 6642, 14896, 10840, 5430, 5556, 12597, 2183, 18403, 4252, 14613, 18283, 8790, 12140, 13540, 13353, 14114, 13297, 4056, 14038, 11299, 13770, 11433, 14285, 1526, 1955, 15711, 255, 12481, 612, 1635, 4886, 357, 11434, 9524, 13106, 2607, 5391, 9406, 2331, 624, 2749, 17849, 9829, 11436, 18426, 9481, 18550, 15647, 532, 11720, 11824, 15610, 15741, 7902, 13558, 17967, 14539, 17889, 4631, 1238, 16921, 7787, 15293, 3108, 8215, 2851, 4514, 12938, 16730, 17178, 4890, 17960, 4725, 7917, 3191, 8231, 16341, 8195, 10913, 2173, 5557, 2637, 16896, 5806, 1815, 1451, 8864, 2290, 12108, 5328, 6203, 2431, 7508, 17898, 17188, 6897, 1199, 15526, 18437, 6631, 8644, 16917, 14964, 14233, 2454, 584, 4830, 7199, 4180, 14889, 5761, 13756, 6917, 7756, 18880, 15095, 1816, 14070, 16252, 7429, 16589, 1631, 15968, 15221, 12478, 18594, 1477, 5637, 12058, 1205, 13397, 9107, 18654, 1968, 3759, 13147, 14144, 14973, 12452, 18020, 13592, 17920, 13687, 11335, 7207, 418, 7834, 778, 12982, 10688, 9031, 509, 9601, 9780, 17040, 12023, 3916, 91, 6536, 18535, 7547, 15240, 707, 14533, 15064, 17012, 16805, 8637, 5969, 16221, 1940, 13307, 4717, 12615, 18220, 11028, 12170, 1743, 2376, 12415, 14220, 18827, 1294, 18543, 6977, 15309, 11778, 11842, 17103, 3857, 4637, 12162, 19169, 17166, 18237, 17818, 9507, 19022, 5790, 19112, 15611, 1118, 15184, 18703, 1817, 15530, 16579, 8437, 11839, 11378, 3537, 9205, 9217, 16272, 18759, 16828, 12002, 8348, 1723, 3481, 14115, 379, 8544, 264, 6015, 7672, 2253, 7364, 3706, 13796, 17139, 16125, 12059, 9623, 7185, 2418, 18230, 3087, 281, 4379, 1796, 8459, 4400, 17824, 2736, 16446, 13525, 15341, 3275, 7872, 1662, 7557, 4319, 15442, 7181, 10456, 4963, 17048, 16943, 12784, 3441, 5240, 9975, 13216, 17702, 11594, 13554, 6165, 19168, 16070, 3540, 3262, 10661, 4061, 13173, 2875, 17014, 4349, 10818, 8428, 16764, 14232, 8930, 15734, 17680, 7069, 15684, 17050, 18987, 6914, 6863, 19263, 10595, 150, 10039, 2722, 18223, 16444, 6559, 7258, 2661, 7699, 17136, 12773, 4247, 5723, 15194, 1696, 1500, 2807, 9893, 11835, 13240, 18313, 17107, 10265, 10244, 5570, 2862, 14049, 1012, 12861, 723, 9583, 17461, 10056, 1264, 8297, 3716, 14666, 15259, 13531, 543, 13723, 16810, 6700, 3516, 13766, 7186, 10692, 6321, 15484, 14547, 8744, 3703, 10383, 16829, 6366, 6846, 3906, 2021, 18133, 857, 279, 12232, 10212, 10541, 12325, 13475, 1225, 937, 6966, 10881, 16936, 18502, 1440, 11914, 3326, 5633, 14913, 4623, 10743, 12361, 17335, 1072, 5043, 14810, 15077, 3255, 17215, 6553, 17852, 4801, 6962, 3060, 9430, 8799, 13824, 188, 15175, 15163, 4733, 5011, 3536, 17635, 6532, 14071, 6112, 17158, 6597, 11272, 105, 19219, 5013, 12483, 201, 6848, 17033, 6367, 7859, 14702, 18844, 7053, 18694, 15670, 636, 10129, 6378, 5369, 7273, 16247, 9142, 15345, 16817, 14854, 2600, 15783, 889, 11833, 6612, 2068, 2427, 7062, 7918, 16181, 5464, 8339, 8950, 8453, 16423, 6064, 2380, 4268, 13929, 12974, 19141, 1299, 2484, 3883, 3273, 8772, 13256, 11239, 5766, 18098, 12705, 11004, 2695, 10048, 10960, 2766, 15661, 13258, 8015, 6032, 16397, 7749, 19039, 7634, 15076, 4234, 15114, 8475, 8091, 19220, 18004, 9704, 13918, 15569, 16443, 10015, 9943, 7817, 9349, 2588, 8249, 398, 5316, 15538, 18372, 13559, 2937, 2803, 16248, 6155, 630, 9911, 13190, 19157, 15788, 13248, 13148, 1320, 12074, 8471, 8798, 3213, 12418, 814, 2402, 12718, 12397, 10564, 9875, 10128, 6947, 9491, 17707, 3266, 19196, 14309, 18523, 19043, 17975, 18063, 11618, 15016, 14434, 7680, 1739, 18029, 11694, 1745, 9271, 5189, 9561, 11283, 14978, 10753, 16017, 12914, 978, 2828, 17257, 13135, 5061, 121, 6602, 16015, 19271, 12159, 1244, 8260, 13195, 15873, 12815, 14291, 14515, 118, 4892, 14985, 9551, 12654, 4739, 927, 12176, 9523, 11726, 18187, 5880, 2569, 3386, 13942, 3390, 15774, 129, 65, 12922, 8422, 12692, 16213, 11515, 2111, 8347, 10758, 14064, 4401, 17782, 15621, 6709, 14716, 4091, 13964, 8424, 4218, 7249, 11311, 11171, 18564, 14755, 7114, 14009, 14815, 294, 495, 7684, 6833, 4046, 3505, 16995, 17858, 7761, 15803, 9840, 13958, 8226, 10369, 12497, 17142, 1748, 2854, 7159, 11539, 11055, 13337, 17173, 14214, 6803, 11144, 12649, 283, 15489, 13174, 7015, 610, 7030, 18206, 14077, 15468, 14962, 8046, 7809, 17387, 16034, 16678, 1173, 3502, 12942, 15655, 16859, 7099, 1673, 446, 1365, 5881, 3713, 11697, 1897, 16001, 1702, 14149, 11876, 9341, 4325, 6923, 2001, 138, 3276, 18716, 17604, 10501, 115, 12800, 6111, 11148, 4549, 16057, 4707, 6843, 16091, 4295, 7519, 13708, 12409, 11018, 5052, 13566, 14715, 12755, 793, 10837, 1888, 12375, 3935, 5763, 11791, 11258, 13264, 11469, 4683, 8905, 1853, 11600, 4421, 2798, 5074, 18141, 13807, 8595, 8126, 13837, 8060, 6956, 11767, 14560, 9389, 15261, 1232, 12560, 7262, 11504, 3546, 4627, 1177, 517, 4008, 9219, 17696, 4148, 14124, 13243, 11235, 7561, 8331, 16320, 3591, 11341, 4015, 12028, 14929, 18601, 3528, 14065, 1510, 19191, 13833, 17616, 10869, 17689, 831, 16725, 6319, 15465, 10467, 8162, 13563, 7728, 10778, 13545, 12290, 16480, 14401, 12838, 4212, 17529, 4832, 15111, 12690, 10373, 7596, 18614, 17477, 1043, 13100, 4774, 17479, 3774, 9302, 3901, 13071, 6412, 9516, 1261, 3054, 13522, 17602, 14343, 18500, 10957, 2791, 9624, 3634, 17904, 5709, 14670, 11058, 7087, 7435, 13848, 82, 5565, 2562, 14029, 3583, 1676, 12709, 18473, 3158, 12787, 8068, 8263, 16146, 3593, 1802, 1861, 3348, 4487, 17749, 6105, 10471, 17472, 10200, 1182, 14180, 1076, 10156, 4839, 9903, 4879, 9720, 2157, 15344, 16067, 3064, 17182, 5368, 4987, 18484, 18923, 11896, 1052, 15727, 15289, 5885, 1933, 5251, 17072, 6038, 6195, 13524, 6606, 18506, 17536, 6784, 3231, 14121, 8925, 10030, 803, 13764, 146, 19268, 14099, 4130, 16372, 1537, 12248, 13718, 17187, 11728, 1740, 19233, 5600, 4092, 4779, 6028, 3395, 16152, 19150, 2417, 11980, 11237, 8427, 18127, 3538, 9257, 607, 2078, 18457, 5802, 3435, 15019, 4256, 9221, 13465, 11742, 5788, 9528, 17493, 4607, 3131, 6616, 5356, 1550, 4617, 8827, 849, 2601, 4437, 17861, 10261, 15704, 3890, 8149, 12063, 3086, 15925, 12301, 6847, 5603, 7768, 3187, 13372, 9258, 6584, 7594, 2603, 1835, 17380, 17193, 15251, 15937, 18731, 4082, 14911, 16626, 8824, 16208, 10167, 17711, 9678, 15852, 13620, 16479, 14586, 2446, 4866, 1315, 7746, 10615, 7927, 2443, 7157, 13506, 18410, 10494]",3615,1500,3,False,1500
1387,takeaway order,takeaway order,61,True,True,True,"{21: 26, 33: 14, 2: 18, 29: 13, 25: 57, 43: 9, 57: 16, 49: 16, 61: 14, 67: 52, 65: 21, 50: 28, 15: 53, 6: 13, 46: 15, 27: 69, 7: 65, 48: 67, 19: 21, 31: 14, 63: 26, 22: 39, 9: 79, 26: 40, 47: 15, 53: 66, 11: 19, 51: 26, 54: 9, 13: 32, 17: 37, 52: 30, 39: 27, 38: 19, 1: 6, 59: 33, 56: 23, 32: 9, 8: 25, 4: 12, 20: 26, 24: 7, 18: 31, 42: 7, 28: 31, 45: 57, 0: 13, 66: 11, 62: 11, 35: 7, 64: 15, 37: 2, 40: 25, 3: 3, 14: 5, 12: 8, 16: 15, 55: 16, 30: 13, 58: 6, 36: 4, 60: 5, 5: 3, 41: 2, 44: 2, 34: 2}","[12686, 3384, 6034, 14374, 14516, 14680, 18580, 5912, 661, 4433, 14182, 14634, 14672, 13694, 17233, 12320, 12666, 7276, 14925, 15315, 1125, 14820, 3769, 14096, 12401, 14972, 14176, 4685, 4278, 5735, 7514, 16051, 15882, 4696, 17145, 19193, 12994, 9901, 13641, 15193, 6739, 9240, 1608, 14664, 18117, 5676, 15714, 5964, 5329, 16651, 15936, 14441, 15878, 18316, 14255, 18692, 5858, 4640, 10716, 13839, 16635, 2097, 11464, 12427, 2320, 14629, 7617, 16183, 16205, 2170, 4384, 6683, 5285, 18707, 6780, 4231, 2404, 4895, 18091, 2944, 13054, 3904, 3491, 9455, 15985, 10432, 8657, 15304, 9114, 5838, 5197, 17244, 6207, 3970, 17246, 3950, 6168, 8697, 6800, 9942, 11118, 8582, 6355, 15275, 4581, 12724, 11921, 1833, 523, 7619, 15729, 176, 8576, 3101, 1573, 1283, 11796, 11277, 2547, 1738, 6806, 15187, 7129, 5179, 5854, 16373, 9231, 6270, 777, 2062, 13249, 4144, 6325, 3924, 5350, 14414, 3142, 2249, 6444, 13582, 2833, 18030, 6483, 18404, 15057, 7482, 15001, 15872, 14584, 10835, 954, 7257, 1381, 17819, 17518, 6497, 14430, 4901, 16466, 10805, 132, 7506, 755, 14427, 12119, 16613, 19042, 14994, 11257, 8042, 2144, 5966, 1580, 8010, 2550, 10684, 14088, 5037, 8764, 17076, 14185, 15984, 5299, 16601, 19182, 13197, 14561, 12605, 17010, 2703, 6715, 11207, 10188, 212, 2293, 17676, 1720, 5934, 112, 8568, 15870, 3226, 4524, 4431, 5141, 5383, 7609, 12807, 19001, 14368, 6704, 14903, 4172, 117, 18698, 1699, 16558, 7518, 10618, 2110, 10308, 7828, 6623, 17644, 4449, 951, 13858, 15106, 8402, 916, 4771, 8608, 6448, 6656, 13547, 2814, 8336, 8093, 6398, 637, 9909, 10621, 786, 14146, 17292, 9457, 3, 2884, 14785, 10504, 16361, 8181, 17690, 654, 11067, 18741, 386, 18208, 10130, 8079, 7082, 14740, 8076, 18619, 14428, 10992, 12679, 9431, 18328, 13606, 7641, 13542, 1002, 11975, 15646, 19078, 1352, 8683, 16053, 11763, 14823, 7059, 4995, 3754, 6213, 10090, 19084, 1973, 8131, 5353, 836, 13960, 3217, 4885, 9645, 16941, 14750, 13171, 9132, 1355, 4440, 15747, 8233, 6008, 12781, 16749, 13905, 18198, 5033, 2910, 16502, 1233, 965, 16926, 3944, 13518, 18213, 12739, 9972, 14609, 5764, 6128, 9532, 12680, 3672, 5458, 6822, 11547, 3163, 8040, 14081, 8369, 18182, 17541, 11552, 12451, 15074, 1783, 17730, 1690, 16992, 2490, 2459, 18065, 320, 18311, 45, 9495, 4572, 544, 12731, 16811, 15096, 14957, 4594, 16607, 2449, 7791, 13659, 8892, 1713, 17336, 6598, 13832, 10495, 18937, 3067, 3473, 12715, 13492, 14787, 16503, 17899, 16638, 2408, 7141, 10590, 2917, 14650, 12571, 4321, 2855, 1829, 3736, 3381, 11069, 16093, 15201, 14311, 9836, 18289, 16899, 897, 13981, 12223, 8884, 15721, 7778, 13648, 5737, 6550, 19249, 2715, 447, 12941, 8915, 18963, 16291, 760, 5869, 3635, 3439, 6740, 5003, 3174, 2945, 16056, 4860, 11216, 7363, 1147, 12124, 9764, 11245, 4361, 7784, 16285, 17057, 11203, 5114, 17655, 12056, 17890, 7741, 15799, 10258, 16088, 19222, 15303, 1433, 5991, 322, 2322, 3156, 9940, 7814, 17068, 16968, 10018, 1991, 11946, 8705, 10371, 4619, 11074, 2034, 15550, 11743, 18666, 13494, 14175, 13948, 15123, 11154, 10397, 1701, 4770, 839, 12085, 16500, 16241, 1535, 18782, 2221, 539, 18405, 4245, 103, 1571, 16945, 12196, 9441, 1732, 1367, 3596, 4794, 7230, 5245, 17483, 2955, 2003, 11509, 4044, 12934, 3456, 16693, 593, 4582, 14076, 10972, 1965, 7227, 14324, 8658, 3772, 8355, 11889, 1908, 2684, 10026, 1666, 16507, 5589, 9295, 8389, 2099, 18653, 13808, 19147, 6675, 10970, 2788, 19028, 16983, 16166, 9845, 8160, 11381, 10088, 10333, 11716, 14695, 12697, 4365, 3747, 17296, 11904, 74, 7047, 10639, 13094, 940, 10478, 2032, 6642, 14896, 10840, 5430, 5556, 12597, 2183, 18403, 4252, 14613, 18283, 8790, 12140, 13540, 13353, 14114, 13297, 4056, 14038, 11299, 13770, 11433, 14285, 1526, 1955, 15711, 255, 12481, 612, 1635, 4886, 357, 11434, 9524, 13106, 2607, 5391, 9406, 2331, 624, 2749, 17849, 9829, 11436, 18426, 9481, 18550, 15647, 532, 11720, 11824, 15610, 15741, 7902, 13558, 17967, 14539, 17889, 4631, 1238, 16921, 7787, 15293, 3108, 8215, 2851, 4514, 12938, 16730, 17178, 4890, 17960, 4725, 7917, 3191, 8231, 16341, 8195, 10913, 2173, 5557, 2637, 16896, 5806, 1815, 1451, 8864, 2290, 12108, 5328, 6203, 2431, 7508, 17898, 17188, 6897, 1199, 15526, 18437, 6631, 8644, 16917, 14964, 14233, 2454, 584, 4830, 7199, 4180, 14889, 5761, 13756, 6917, 7756, 18880, 15095, 1816, 14070, 16252, 7429, 16589, 1631, 15968, 15221, 12478, 18594, 1477, 5637, 12058, 1205, 13397, 9107, 18654, 1968, 3759, 13147, 14144, 14973, 12452, 18020, 13592, 17920, 13687, 11335, 7207, 418, 7834, 778, 12982, 10688, 9031, 509, 9601, 9780, 17040, 12023, 3916, 91, 6536, 18535, 7547, 15240, 707, 14533, 15064, 17012, 16805, 8637, 5969, 16221, 1940, 13307, 4717, 12615, 18220, 11028, 12170, 1743, 2376, 12415, 14220, 18827, 1294, 18543, 6977, 15309, 11778, 11842, 17103, 3857, 4637, 12162, 19169, 17166, 18237, 17818, 9507, 19022, 5790, 19112, 15611, 1118, 15184, 18703, 1817, 15530, 16579, 8437, 11839, 11378, 3537, 9205, 9217, 16272, 18759, 16828, 12002, 8348, 1723, 3481, 14115, 379, 8544, 264, 6015, 7672, 2253, 7364, 3706, 13796, 17139, 16125, 12059, 9623, 7185, 2418, 18230, 3087, 281, 4379, 1796, 8459, 4400, 17824, 2736, 16446, 13525, 15341, 3275, 7872, 1662, 7557, 4319, 15442, 7181, 10456, 4963, 17048, 16943, 12784, 3441, 5240, 9975, 13216, 17702, 11594, 13554, 6165, 19168, 16070, 3540, 3262, 10661, 4061, 13173, 2875, 17014, 4349, 10818, 8428, 16764, 14232, 8930, 15734, 17680, 7069, 15684, 17050, 18987, 6914, 6863, 19263, 10595, 150, 10039, 2722, 18223, 16444, 6559, 7258, 2661, 7699, 17136, 12773, 4247, 5723, 15194, 1696, 1500, 2807, 9893, 11835, 13240, 18313, 17107, 10265, 10244, 5570, 2862, 14049, 1012, 12861, 723, 9583, 17461, 10056, 1264, 8297, 3716, 14666, 15259, 13531, 543, 13723, 16810, 6700, 3516, 13766, 7186, 10692, 6321, 15484, 14547, 8744, 3703, 10383, 16829, 6366, 6846, 3906, 2021, 18133, 857, 279, 12232, 10212, 10541, 12325, 13475, 1225, 937, 6966, 10881, 16936, 18502, 1440, 11914, 3326, 5633, 14913, 4623, 10743, 12361, 17335, 1072, 5043, 14810, 15077, 3255, 17215, 6553, 17852, 4801, 6962, 3060, 9430, 8799, 13824, 188, 15175, 15163, 4733, 5011, 3536, 17635, 6532, 14071, 6112, 17158, 6597, 11272, 105, 19219, 5013, 12483, 201, 6848, 17033, 6367, 7859, 14702, 18844, 7053, 18694, 15670, 636, 10129, 6378, 5369, 7273, 16247, 9142, 15345, 16817, 14854, 2600, 15783, 889, 11833, 6612, 2068, 2427, 7062, 7918, 16181, 5464, 8339, 8950, 8453, 16423, 6064, 2380, 4268, 13929, 12974, 19141, 1299, 2484, 3883, 3273, 8772, 13256, 11239, 5766, 18098, 12705, 11004, 2695, 10048, 10960, 2766, 15661, 13258, 8015, 6032, 16397, 7749, 19039, 7634, 15076, 4234, 15114, 8475, 8091, 19220, 18004, 9704, 13918, 15569, 16443, 10015, 9943, 7817, 9349, 2588, 8249, 398, 5316, 15538, 18372, 13559, 2937, 2803, 16248, 6155, 630, 9911, 13190, 19157, 15788, 13248, 13148, 1320, 12074, 8471, 8798, 3213, 12418, 814, 2402, 12718, 12397, 10564, 9875, 10128, 6947, 9491, 17707, 3266, 19196, 14309, 18523, 19043, 17975, 18063, 11618, 15016, 14434, 7680, 1739, 18029, 11694, 1745, 9271, 5189, 9561, 11283, 14978, 10753, 16017, 12914, 978, 2828, 17257, 13135, 5061, 121, 6602, 16015, 19271, 12159, 1244, 8260, 13195, 15873, 12815, 14291, 14515, 118, 4892, 14985, 9551, 12654, 4739, 927, 12176, 9523, 11726, 18187, 5880, 2569, 3386, 13942, 3390, 15774, 129, 65, 12922, 8422, 12692, 16213, 11515, 2111, 8347, 10758, 14064, 4401, 17782, 15621, 6709, 14716, 4091, 13964, 8424, 4218, 7249, 11311, 11171, 18564, 14755, 7114, 14009, 14815, 294, 495, 7684, 6833, 4046, 3505, 16995, 17858, 7761, 15803, 9840, 13958, 8226, 10369, 12497, 17142, 1748, 2854, 7159, 11539, 11055, 13337, 17173, 14214, 6803, 11144, 12649, 283, 15489, 13174, 7015, 610, 7030, 18206, 14077, 15468, 14962, 8046, 7809, 17387, 16034, 16678, 1173, 3502, 12942, 15655, 16859, 7099, 1673, 446, 1365, 5881, 3713, 11697, 1897, 16001, 1702, 14149, 11876, 9341, 4325, 6923, 2001, 138, 3276, 18716, 17604, 10501, 115, 12800, 6111, 11148, 4549, 16057, 4707, 6843, 16091, 4295, 7519, 13708, 12409, 11018, 5052, 13566, 14715, 12755, 793, 10837, 1888, 12375, 3935, 5763, 11791, 11258, 13264, 11469, 4683, 8905, 1853, 11600, 4421, 2798, 5074, 18141, 13807, 8595, 8126, 13837, 8060, 6956, 11767, 14560, 9389, 15261, 1232, 12560, 7262, 11504, 3546, 4627, 1177, 517, 4008, 9219, 17696, 4148, 14124, 13243, 11235, 7561, 8331, 16320, 3591, 11341, 4015, 12028, 14929, 18601, 3528, 14065, 1510, 19191, 13833, 17616, 10869, 17689, 831, 16725, 6319, 15465, 10467, 8162, 13563, 7728, 10778, 13545, 12290, 16480, 14401, 12838, 4212, 17529, 4832, 15111, 12690, 10373, 7596, 18614, 17477, 1043, 13100, 4774, 17479, 3774, 9302, 3901, 13071, 6412, 9516, 1261, 3054, 13522, 17602, 14343, 18500, 10957, 2791, 9624, 3634, 17904, 5709, 14670, 11058, 7087, 7435, 13848, 82, 5565, 2562, 14029, 3583, 1676, 12709, 18473, 3158, 12787, 8068, 8263, 16146, 3593, 1802, 1861, 3348, 4487, 17749, 6105, 10471, 17472, 10200, 1182, 14180, 1076, 10156, 4839, 9903, 4879, 9720, 2157, 15344, 16067, 3064, 17182, 5368, 4987, 18484, 18923, 11896, 1052, 15727, 15289, 5885, 1933, 5251, 17072, 6038, 6195, 13524, 6606, 18506, 17536, 6784, 3231, 14121, 8925, 10030, 803, 13764, 146, 19268, 14099, 4130, 16372, 1537, 12248, 13718, 17187, 11728, 1740, 19233, 5600, 4092, 4779, 6028, 3395, 16152, 19150, 2417, 11980, 11237, 8427, 18127, 3538, 9257, 607, 2078, 18457, 5802, 3435, 15019, 4256, 9221, 13465, 11742, 5788, 9528, 17493, 4607, 3131, 6616, 5356, 1550, 4617, 8827, 849, 2601, 4437, 17861, 10261, 15704, 3890, 8149, 12063, 3086, 15925, 12301, 6847, 5603, 7768, 3187, 13372, 9258, 6584, 7594, 2603, 1835, 17380, 17193, 15251, 15937, 18731, 4082, 14911, 16626, 8824, 16208, 10167, 17711, 9678, 15852, 13620, 16479, 14586, 2446, 4866, 1315, 7746, 10615, 7927, 2443, 7157, 13506, 18410, 10494]",1387,1500,3,False,1500
4638,general praise,general pra,26,True,True,False,"{21: 26, 33: 14, 2: 18, 29: 13, 25: 57, 43: 9, 57: 16, 49: 16, 61: 14, 67: 52, 65: 21, 50: 28, 15: 53, 6: 13, 46: 15, 27: 69, 7: 65, 48: 67, 19: 21, 31: 14, 63: 26, 22: 39, 9: 79, 26: 40, 47: 15, 53: 66, 11: 19, 51: 26, 54: 9, 13: 32, 17: 37, 52: 30, 39: 27, 38: 19, 1: 6, 59: 33, 56: 23, 32: 9, 8: 25, 4: 12, 20: 26, 24: 7, 18: 31, 42: 7, 28: 31, 45: 57, 0: 13, 66: 11, 62: 11, 35: 7, 64: 15, 37: 2, 40: 25, 3: 3, 14: 5, 12: 8, 16: 15, 55: 16, 30: 13, 58: 6, 36: 4, 60: 5, 5: 3, 41: 2, 44: 2, 34: 2}","[12686, 3384, 6034, 14374, 14516, 14680, 18580, 5912, 661, 4433, 14182, 14634, 14672, 13694, 17233, 12320, 12666, 7276, 14925, 15315, 1125, 14820, 3769, 14096, 12401, 14972, 14176, 4685, 4278, 5735, 7514, 16051, 15882, 4696, 17145, 19193, 12994, 9901, 13641, 15193, 6739, 9240, 1608, 14664, 18117, 5676, 15714, 5964, 5329, 16651, 15936, 14441, 15878, 18316, 14255, 18692, 5858, 4640, 10716, 13839, 16635, 2097, 11464, 12427, 2320, 14629, 7617, 16183, 16205, 2170, 4384, 6683, 5285, 18707, 6780, 4231, 2404, 4895, 18091, 2944, 13054, 3904, 3491, 9455, 15985, 10432, 8657, 15304, 9114, 5838, 5197, 17244, 6207, 3970, 17246, 3950, 6168, 8697, 6800, 9942, 11118, 8582, 6355, 15275, 4581, 12724, 11921, 1833, 523, 7619, 15729, 176, 8576, 3101, 1573, 1283, 11796, 11277, 2547, 1738, 6806, 15187, 7129, 5179, 5854, 16373, 9231, 6270, 777, 2062, 13249, 4144, 6325, 3924, 5350, 14414, 3142, 2249, 6444, 13582, 2833, 18030, 6483, 18404, 15057, 7482, 15001, 15872, 14584, 10835, 954, 7257, 1381, 17819, 17518, 6497, 14430, 4901, 16466, 10805, 132, 7506, 755, 14427, 12119, 16613, 19042, 14994, 11257, 8042, 2144, 5966, 1580, 8010, 2550, 10684, 14088, 5037, 8764, 17076, 14185, 15984, 5299, 16601, 19182, 13197, 14561, 12605, 17010, 2703, 6715, 11207, 10188, 212, 2293, 17676, 1720, 5934, 112, 8568, 15870, 3226, 4524, 4431, 5141, 5383, 7609, 12807, 19001, 14368, 6704, 14903, 4172, 117, 18698, 1699, 16558, 7518, 10618, 2110, 10308, 7828, 6623, 17644, 4449, 951, 13858, 15106, 8402, 916, 4771, 8608, 6448, 6656, 13547, 2814, 8336, 8093, 6398, 637, 9909, 10621, 786, 14146, 17292, 9457, 3, 2884, 14785, 10504, 16361, 8181, 17690, 654, 11067, 18741, 386, 18208, 10130, 8079, 7082, 14740, 8076, 18619, 14428, 10992, 12679, 9431, 18328, 13606, 7641, 13542, 1002, 11975, 15646, 19078, 1352, 8683, 16053, 11763, 14823, 7059, 4995, 3754, 6213, 10090, 19084, 1973, 8131, 5353, 836, 13960, 3217, 4885, 9645, 16941, 14750, 13171, 9132, 1355, 4440, 15747, 8233, 6008, 12781, 16749, 13905, 18198, 5033, 2910, 16502, 1233, 965, 16926, 3944, 13518, 18213, 12739, 9972, 14609, 5764, 6128, 9532, 12680, 3672, 5458, 6822, 11547, 3163, 8040, 14081, 8369, 18182, 17541, 11552, 12451, 15074, 1783, 17730, 1690, 16992, 2490, 2459, 18065, 320, 18311, 45, 9495, 4572, 544, 12731, 16811, 15096, 14957, 4594, 16607, 2449, 7791, 13659, 8892, 1713, 17336, 6598, 13832, 10495, 18937, 3067, 3473, 12715, 13492, 14787, 16503, 17899, 16638, 2408, 7141, 10590, 2917, 14650, 12571, 4321, 2855, 1829, 3736, 3381, 11069, 16093, 15201, 14311, 9836, 18289, 16899, 897, 13981, 12223, 8884, 15721, 7778, 13648, 5737, 6550, 19249, 2715, 447, 12941, 8915, 18963, 16291, 760, 5869, 3635, 3439, 6740, 5003, 3174, 2945, 16056, 4860, 11216, 7363, 1147, 12124, 9764, 11245, 4361, 7784, 16285, 17057, 11203, 5114, 17655, 12056, 17890, 7741, 15799, 10258, 16088, 19222, 15303, 1433, 5991, 322, 2322, 3156, 9940, 7814, 17068, 16968, 10018, 1991, 11946, 8705, 10371, 4619, 11074, 2034, 15550, 11743, 18666, 13494, 14175, 13948, 15123, 11154, 10397, 1701, 4770, 839, 12085, 16500, 16241, 1535, 18782, 2221, 539, 18405, 4245, 103, 1571, 16945, 12196, 9441, 1732, 1367, 3596, 4794, 7230, 5245, 17483, 2955, 2003, 11509, 4044, 12934, 3456, 16693, 593, 4582, 14076, 10972, 1965, 7227, 14324, 8658, 3772, 8355, 11889, 1908, 2684, 10026, 1666, 16507, 5589, 9295, 8389, 2099, 18653, 13808, 19147, 6675, 10970, 2788, 19028, 16983, 16166, 9845, 8160, 11381, 10088, 10333, 11716, 14695, 12697, 4365, 3747, 17296, 11904, 74, 7047, 10639, 13094, 940, 10478, 2032, 6642, 14896, 10840, 5430, 5556, 12597, 2183, 18403, 4252, 14613, 18283, 8790, 12140, 13540, 13353, 14114, 13297, 4056, 14038, 11299, 13770, 11433, 14285, 1526, 1955, 15711, 255, 12481, 612, 1635, 4886, 357, 11434, 9524, 13106, 2607, 5391, 9406, 2331, 624, 2749, 17849, 9829, 11436, 18426, 9481, 18550, 15647, 532, 11720, 11824, 15610, 15741, 7902, 13558, 17967, 14539, 17889, 4631, 1238, 16921, 7787, 15293, 3108, 8215, 2851, 4514, 12938, 16730, 17178, 4890, 17960, 4725, 7917, 3191, 8231, 16341, 8195, 10913, 2173, 5557, 2637, 16896, 5806, 1815, 1451, 8864, 2290, 12108, 5328, 6203, 2431, 7508, 17898, 17188, 6897, 1199, 15526, 18437, 6631, 8644, 16917, 14964, 14233, 2454, 584, 4830, 7199, 4180, 14889, 5761, 13756, 6917, 7756, 18880, 15095, 1816, 14070, 16252, 7429, 16589, 1631, 15968, 15221, 12478, 18594, 1477, 5637, 12058, 1205, 13397, 9107, 18654, 1968, 3759, 13147, 14144, 14973, 12452, 18020, 13592, 17920, 13687, 11335, 7207, 418, 7834, 778, 12982, 10688, 9031, 509, 9601, 9780, 17040, 12023, 3916, 91, 6536, 18535, 7547, 15240, 707, 14533, 15064, 17012, 16805, 8637, 5969, 16221, 1940, 13307, 4717, 12615, 18220, 11028, 12170, 1743, 2376, 12415, 14220, 18827, 1294, 18543, 6977, 15309, 11778, 11842, 17103, 3857, 4637, 12162, 19169, 17166, 18237, 17818, 9507, 19022, 5790, 19112, 15611, 1118, 15184, 18703, 1817, 15530, 16579, 8437, 11839, 11378, 3537, 9205, 9217, 16272, 18759, 16828, 12002, 8348, 1723, 3481, 14115, 379, 8544, 264, 6015, 7672, 2253, 7364, 3706, 13796, 17139, 16125, 12059, 9623, 7185, 2418, 18230, 3087, 281, 4379, 1796, 8459, 4400, 17824, 2736, 16446, 13525, 15341, 3275, 7872, 1662, 7557, 4319, 15442, 7181, 10456, 4963, 17048, 16943, 12784, 3441, 5240, 9975, 13216, 17702, 11594, 13554, 6165, 19168, 16070, 3540, 3262, 10661, 4061, 13173, 2875, 17014, 4349, 10818, 8428, 16764, 14232, 8930, 15734, 17680, 7069, 15684, 17050, 18987, 6914, 6863, 19263, 10595, 150, 10039, 2722, 18223, 16444, 6559, 7258, 2661, 7699, 17136, 12773, 4247, 5723, 15194, 1696, 1500, 2807, 9893, 11835, 13240, 18313, 17107, 10265, 10244, 5570, 2862, 14049, 1012, 12861, 723, 9583, 17461, 10056, 1264, 8297, 3716, 14666, 15259, 13531, 543, 13723, 16810, 6700, 3516, 13766, 7186, 10692, 6321, 15484, 14547, 8744, 3703, 10383, 16829, 6366, 6846, 3906, 2021, 18133, 857, 279, 12232, 10212, 10541, 12325, 13475, 1225, 937, 6966, 10881, 16936, 18502, 1440, 11914, 3326, 5633, 14913, 4623, 10743, 12361, 17335, 1072, 5043, 14810, 15077, 3255, 17215, 6553, 17852, 4801, 6962, 3060, 9430, 8799, 13824, 188, 15175, 15163, 4733, 5011, 3536, 17635, 6532, 14071, 6112, 17158, 6597, 11272, 105, 19219, 5013, 12483, 201, 6848, 17033, 6367, 7859, 14702, 18844, 7053, 18694, 15670, 636, 10129, 6378, 5369, 7273, 16247, 9142, 15345, 16817, 14854, 2600, 15783, 889, 11833, 6612, 2068, 2427, 7062, 7918, 16181, 5464, 8339, 8950, 8453, 16423, 6064, 2380, 4268, 13929, 12974, 19141, 1299, 2484, 3883, 3273, 8772, 13256, 11239, 5766, 18098, 12705, 11004, 2695, 10048, 10960, 2766, 15661, 13258, 8015, 6032, 16397, 7749, 19039, 7634, 15076, 4234, 15114, 8475, 8091, 19220, 18004, 9704, 13918, 15569, 16443, 10015, 9943, 7817, 9349, 2588, 8249, 398, 5316, 15538, 18372, 13559, 2937, 2803, 16248, 6155, 630, 9911, 13190, 19157, 15788, 13248, 13148, 1320, 12074, 8471, 8798, 3213, 12418, 814, 2402, 12718, 12397, 10564, 9875, 10128, 6947, 9491, 17707, 3266, 19196, 14309, 18523, 19043, 17975, 18063, 11618, 15016, 14434, 7680, 1739, 18029, 11694, 1745, 9271, 5189, 9561, 11283, 14978, 10753, 16017, 12914, 978, 2828, 17257, 13135, 5061, 121, 6602, 16015, 19271, 12159, 1244, 8260, 13195, 15873, 12815, 14291, 14515, 118, 4892, 14985, 9551, 12654, 4739, 927, 12176, 9523, 11726, 18187, 5880, 2569, 3386, 13942, 3390, 15774, 129, 65, 12922, 8422, 12692, 16213, 11515, 2111, 8347, 10758, 14064, 4401, 17782, 15621, 6709, 14716, 4091, 13964, 8424, 4218, 7249, 11311, 11171, 18564, 14755, 7114, 14009, 14815, 294, 495, 7684, 6833, 4046, 3505, 16995, 17858, 7761, 15803, 9840, 13958, 8226, 10369, 12497, 17142, 1748, 2854, 7159, 11539, 11055, 13337, 17173, 14214, 6803, 11144, 12649, 283, 15489, 13174, 7015, 610, 7030, 18206, 14077, 15468, 14962, 8046, 7809, 17387, 16034, 16678, 1173, 3502, 12942, 15655, 16859, 7099, 1673, 446, 1365, 5881, 3713, 11697, 1897, 16001, 1702, 14149, 11876, 9341, 4325, 6923, 2001, 138, 3276, 18716, 17604, 10501, 115, 12800, 6111, 11148, 4549, 16057, 4707, 6843, 16091, 4295, 7519, 13708, 12409, 11018, 5052, 13566, 14715, 12755, 793, 10837, 1888, 12375, 3935, 5763, 11791, 11258, 13264, 11469, 4683, 8905, 1853, 11600, 4421, 2798, 5074, 18141, 13807, 8595, 8126, 13837, 8060, 6956, 11767, 14560, 9389, 15261, 1232, 12560, 7262, 11504, 3546, 4627, 1177, 517, 4008, 9219, 17696, 4148, 14124, 13243, 11235, 7561, 8331, 16320, 3591, 11341, 4015, 12028, 14929, 18601, 3528, 14065, 1510, 19191, 13833, 17616, 10869, 17689, 831, 16725, 6319, 15465, 10467, 8162, 13563, 7728, 10778, 13545, 12290, 16480, 14401, 12838, 4212, 17529, 4832, 15111, 12690, 10373, 7596, 18614, 17477, 1043, 13100, 4774, 17479, 3774, 9302, 3901, 13071, 6412, 9516, 1261, 3054, 13522, 17602, 14343, 18500, 10957, 2791, 9624, 3634, 17904, 5709, 14670, 11058, 7087, 7435, 13848, 82, 5565, 2562, 14029, 3583, 1676, 12709, 18473, 3158, 12787, 8068, 8263, 16146, 3593, 1802, 1861, 3348, 4487, 17749, 6105, 10471, 17472, 10200, 1182, 14180, 1076, 10156, 4839, 9903, 4879, 9720, 2157, 15344, 16067, 3064, 17182, 5368, 4987, 18484, 18923, 11896, 1052, 15727, 15289, 5885, 1933, 5251, 17072, 6038, 6195, 13524, 6606, 18506, 17536, 6784, 3231, 14121, 8925, 10030, 803, 13764, 146, 19268, 14099, 4130, 16372, 1537, 12248, 13718, 17187, 11728, 1740, 19233, 5600, 4092, 4779, 6028, 3395, 16152, 19150, 2417, 11980, 11237, 8427, 18127, 3538, 9257, 607, 2078, 18457, 5802, 3435, 15019, 4256, 9221, 13465, 11742, 5788, 9528, 17493, 4607, 3131, 6616, 5356, 1550, 4617, 8827, 849, 2601, 4437, 17861, 10261, 15704, 3890, 8149, 12063, 3086, 15925, 12301, 6847, 5603, 7768, 3187, 13372, 9258, 6584, 7594, 2603, 1835, 17380, 17193, 15251, 15937, 18731, 4082, 14911, 16626, 8824, 16208, 10167, 17711, 9678, 15852, 13620, 16479, 14586, 2446, 4866, 1315, 7746, 10615, 7927, 2443, 7157, 13506, 18410, 10494]",4638,1500,3,False,1500
3753,play music,play music,48,True,True,True,"{21: 26, 33: 14, 2: 18, 29: 13, 25: 57, 43: 9, 57: 16, 49: 16, 61: 14, 67: 52, 65: 21, 50: 28, 15: 53, 6: 13, 46: 15, 27: 69, 7: 65, 48: 67, 19: 21, 31: 14, 63: 26, 22: 39, 9: 79, 26: 40, 47: 15, 53: 66, 11: 19, 51: 26, 54: 9, 13: 32, 17: 37, 52: 30, 39: 27, 38: 19, 1: 6, 59: 33, 56: 23, 32: 9, 8: 25, 4: 12, 20: 26, 24: 7, 18: 31, 42: 7, 28: 31, 45: 57, 0: 13, 66: 11, 62: 11, 35: 7, 64: 15, 37: 2, 40: 25, 3: 3, 14: 5, 12: 8, 16: 15, 55: 16, 30: 13, 58: 6, 36: 4, 60: 5, 5: 3, 41: 2, 44: 2, 34: 2}","[12686, 3384, 6034, 14374, 14516, 14680, 18580, 5912, 661, 4433, 14182, 14634, 14672, 13694, 17233, 12320, 12666, 7276, 14925, 15315, 1125, 14820, 3769, 14096, 12401, 14972, 14176, 4685, 4278, 5735, 7514, 16051, 15882, 4696, 17145, 19193, 12994, 9901, 13641, 15193, 6739, 9240, 1608, 14664, 18117, 5676, 15714, 5964, 5329, 16651, 15936, 14441, 15878, 18316, 14255, 18692, 5858, 4640, 10716, 13839, 16635, 2097, 11464, 12427, 2320, 14629, 7617, 16183, 16205, 2170, 4384, 6683, 5285, 18707, 6780, 4231, 2404, 4895, 18091, 2944, 13054, 3904, 3491, 9455, 15985, 10432, 8657, 15304, 9114, 5838, 5197, 17244, 6207, 3970, 17246, 3950, 6168, 8697, 6800, 9942, 11118, 8582, 6355, 15275, 4581, 12724, 11921, 1833, 523, 7619, 15729, 176, 8576, 3101, 1573, 1283, 11796, 11277, 2547, 1738, 6806, 15187, 7129, 5179, 5854, 16373, 9231, 6270, 777, 2062, 13249, 4144, 6325, 3924, 5350, 14414, 3142, 2249, 6444, 13582, 2833, 18030, 6483, 18404, 15057, 7482, 15001, 15872, 14584, 10835, 954, 7257, 1381, 17819, 17518, 6497, 14430, 4901, 16466, 10805, 132, 7506, 755, 14427, 12119, 16613, 19042, 14994, 11257, 8042, 2144, 5966, 1580, 8010, 2550, 10684, 14088, 5037, 8764, 17076, 14185, 15984, 5299, 16601, 19182, 13197, 14561, 12605, 17010, 2703, 6715, 11207, 10188, 212, 2293, 17676, 1720, 5934, 112, 8568, 15870, 3226, 4524, 4431, 5141, 5383, 7609, 12807, 19001, 14368, 6704, 14903, 4172, 117, 18698, 1699, 16558, 7518, 10618, 2110, 10308, 7828, 6623, 17644, 4449, 951, 13858, 15106, 8402, 916, 4771, 8608, 6448, 6656, 13547, 2814, 8336, 8093, 6398, 637, 9909, 10621, 786, 14146, 17292, 9457, 3, 2884, 14785, 10504, 16361, 8181, 17690, 654, 11067, 18741, 386, 18208, 10130, 8079, 7082, 14740, 8076, 18619, 14428, 10992, 12679, 9431, 18328, 13606, 7641, 13542, 1002, 11975, 15646, 19078, 1352, 8683, 16053, 11763, 14823, 7059, 4995, 3754, 6213, 10090, 19084, 1973, 8131, 5353, 836, 13960, 3217, 4885, 9645, 16941, 14750, 13171, 9132, 1355, 4440, 15747, 8233, 6008, 12781, 16749, 13905, 18198, 5033, 2910, 16502, 1233, 965, 16926, 3944, 13518, 18213, 12739, 9972, 14609, 5764, 6128, 9532, 12680, 3672, 5458, 6822, 11547, 3163, 8040, 14081, 8369, 18182, 17541, 11552, 12451, 15074, 1783, 17730, 1690, 16992, 2490, 2459, 18065, 320, 18311, 45, 9495, 4572, 544, 12731, 16811, 15096, 14957, 4594, 16607, 2449, 7791, 13659, 8892, 1713, 17336, 6598, 13832, 10495, 18937, 3067, 3473, 12715, 13492, 14787, 16503, 17899, 16638, 2408, 7141, 10590, 2917, 14650, 12571, 4321, 2855, 1829, 3736, 3381, 11069, 16093, 15201, 14311, 9836, 18289, 16899, 897, 13981, 12223, 8884, 15721, 7778, 13648, 5737, 6550, 19249, 2715, 447, 12941, 8915, 18963, 16291, 760, 5869, 3635, 3439, 6740, 5003, 3174, 2945, 16056, 4860, 11216, 7363, 1147, 12124, 9764, 11245, 4361, 7784, 16285, 17057, 11203, 5114, 17655, 12056, 17890, 7741, 15799, 10258, 16088, 19222, 15303, 1433, 5991, 322, 2322, 3156, 9940, 7814, 17068, 16968, 10018, 1991, 11946, 8705, 10371, 4619, 11074, 2034, 15550, 11743, 18666, 13494, 14175, 13948, 15123, 11154, 10397, 1701, 4770, 839, 12085, 16500, 16241, 1535, 18782, 2221, 539, 18405, 4245, 103, 1571, 16945, 12196, 9441, 1732, 1367, 3596, 4794, 7230, 5245, 17483, 2955, 2003, 11509, 4044, 12934, 3456, 16693, 593, 4582, 14076, 10972, 1965, 7227, 14324, 8658, 3772, 8355, 11889, 1908, 2684, 10026, 1666, 16507, 5589, 9295, 8389, 2099, 18653, 13808, 19147, 6675, 10970, 2788, 19028, 16983, 16166, 9845, 8160, 11381, 10088, 10333, 11716, 14695, 12697, 4365, 3747, 17296, 11904, 74, 7047, 10639, 13094, 940, 10478, 2032, 6642, 14896, 10840, 5430, 5556, 12597, 2183, 18403, 4252, 14613, 18283, 8790, 12140, 13540, 13353, 14114, 13297, 4056, 14038, 11299, 13770, 11433, 14285, 1526, 1955, 15711, 255, 12481, 612, 1635, 4886, 357, 11434, 9524, 13106, 2607, 5391, 9406, 2331, 624, 2749, 17849, 9829, 11436, 18426, 9481, 18550, 15647, 532, 11720, 11824, 15610, 15741, 7902, 13558, 17967, 14539, 17889, 4631, 1238, 16921, 7787, 15293, 3108, 8215, 2851, 4514, 12938, 16730, 17178, 4890, 17960, 4725, 7917, 3191, 8231, 16341, 8195, 10913, 2173, 5557, 2637, 16896, 5806, 1815, 1451, 8864, 2290, 12108, 5328, 6203, 2431, 7508, 17898, 17188, 6897, 1199, 15526, 18437, 6631, 8644, 16917, 14964, 14233, 2454, 584, 4830, 7199, 4180, 14889, 5761, 13756, 6917, 7756, 18880, 15095, 1816, 14070, 16252, 7429, 16589, 1631, 15968, 15221, 12478, 18594, 1477, 5637, 12058, 1205, 13397, 9107, 18654, 1968, 3759, 13147, 14144, 14973, 12452, 18020, 13592, 17920, 13687, 11335, 7207, 418, 7834, 778, 12982, 10688, 9031, 509, 9601, 9780, 17040, 12023, 3916, 91, 6536, 18535, 7547, 15240, 707, 14533, 15064, 17012, 16805, 8637, 5969, 16221, 1940, 13307, 4717, 12615, 18220, 11028, 12170, 1743, 2376, 12415, 14220, 18827, 1294, 18543, 6977, 15309, 11778, 11842, 17103, 3857, 4637, 12162, 19169, 17166, 18237, 17818, 9507, 19022, 5790, 19112, 15611, 1118, 15184, 18703, 1817, 15530, 16579, 8437, 11839, 11378, 3537, 9205, 9217, 16272, 18759, 16828, 12002, 8348, 1723, 3481, 14115, 379, 8544, 264, 6015, 7672, 2253, 7364, 3706, 13796, 17139, 16125, 12059, 9623, 7185, 2418, 18230, 3087, 281, 4379, 1796, 8459, 4400, 17824, 2736, 16446, 13525, 15341, 3275, 7872, 1662, 7557, 4319, 15442, 7181, 10456, 4963, 17048, 16943, 12784, 3441, 5240, 9975, 13216, 17702, 11594, 13554, 6165, 19168, 16070, 3540, 3262, 10661, 4061, 13173, 2875, 17014, 4349, 10818, 8428, 16764, 14232, 8930, 15734, 17680, 7069, 15684, 17050, 18987, 6914, 6863, 19263, 10595, 150, 10039, 2722, 18223, 16444, 6559, 7258, 2661, 7699, 17136, 12773, 4247, 5723, 15194, 1696, 1500, 2807, 9893, 11835, 13240, 18313, 17107, 10265, 10244, 5570, 2862, 14049, 1012, 12861, 723, 9583, 17461, 10056, 1264, 8297, 3716, 14666, 15259, 13531, 543, 13723, 16810, 6700, 3516, 13766, 7186, 10692, 6321, 15484, 14547, 8744, 3703, 10383, 16829, 6366, 6846, 3906, 2021, 18133, 857, 279, 12232, 10212, 10541, 12325, 13475, 1225, 937, 6966, 10881, 16936, 18502, 1440, 11914, 3326, 5633, 14913, 4623, 10743, 12361, 17335, 1072, 5043, 14810, 15077, 3255, 17215, 6553, 17852, 4801, 6962, 3060, 9430, 8799, 13824, 188, 15175, 15163, 4733, 5011, 3536, 17635, 6532, 14071, 6112, 17158, 6597, 11272, 105, 19219, 5013, 12483, 201, 6848, 17033, 6367, 7859, 14702, 18844, 7053, 18694, 15670, 636, 10129, 6378, 5369, 7273, 16247, 9142, 15345, 16817, 14854, 2600, 15783, 889, 11833, 6612, 2068, 2427, 7062, 7918, 16181, 5464, 8339, 8950, 8453, 16423, 6064, 2380, 4268, 13929, 12974, 19141, 1299, 2484, 3883, 3273, 8772, 13256, 11239, 5766, 18098, 12705, 11004, 2695, 10048, 10960, 2766, 15661, 13258, 8015, 6032, 16397, 7749, 19039, 7634, 15076, 4234, 15114, 8475, 8091, 19220, 18004, 9704, 13918, 15569, 16443, 10015, 9943, 7817, 9349, 2588, 8249, 398, 5316, 15538, 18372, 13559, 2937, 2803, 16248, 6155, 630, 9911, 13190, 19157, 15788, 13248, 13148, 1320, 12074, 8471, 8798, 3213, 12418, 814, 2402, 12718, 12397, 10564, 9875, 10128, 6947, 9491, 17707, 3266, 19196, 14309, 18523, 19043, 17975, 18063, 11618, 15016, 14434, 7680, 1739, 18029, 11694, 1745, 9271, 5189, 9561, 11283, 14978, 10753, 16017, 12914, 978, 2828, 17257, 13135, 5061, 121, 6602, 16015, 19271, 12159, 1244, 8260, 13195, 15873, 12815, 14291, 14515, 118, 4892, 14985, 9551, 12654, 4739, 927, 12176, 9523, 11726, 18187, 5880, 2569, 3386, 13942, 3390, 15774, 129, 65, 12922, 8422, 12692, 16213, 11515, 2111, 8347, 10758, 14064, 4401, 17782, 15621, 6709, 14716, 4091, 13964, 8424, 4218, 7249, 11311, 11171, 18564, 14755, 7114, 14009, 14815, 294, 495, 7684, 6833, 4046, 3505, 16995, 17858, 7761, 15803, 9840, 13958, 8226, 10369, 12497, 17142, 1748, 2854, 7159, 11539, 11055, 13337, 17173, 14214, 6803, 11144, 12649, 283, 15489, 13174, 7015, 610, 7030, 18206, 14077, 15468, 14962, 8046, 7809, 17387, 16034, 16678, 1173, 3502, 12942, 15655, 16859, 7099, 1673, 446, 1365, 5881, 3713, 11697, 1897, 16001, 1702, 14149, 11876, 9341, 4325, 6923, 2001, 138, 3276, 18716, 17604, 10501, 115, 12800, 6111, 11148, 4549, 16057, 4707, 6843, 16091, 4295, 7519, 13708, 12409, 11018, 5052, 13566, 14715, 12755, 793, 10837, 1888, 12375, 3935, 5763, 11791, 11258, 13264, 11469, 4683, 8905, 1853, 11600, 4421, 2798, 5074, 18141, 13807, 8595, 8126, 13837, 8060, 6956, 11767, 14560, 9389, 15261, 1232, 12560, 7262, 11504, 3546, 4627, 1177, 517, 4008, 9219, 17696, 4148, 14124, 13243, 11235, 7561, 8331, 16320, 3591, 11341, 4015, 12028, 14929, 18601, 3528, 14065, 1510, 19191, 13833, 17616, 10869, 17689, 831, 16725, 6319, 15465, 10467, 8162, 13563, 7728, 10778, 13545, 12290, 16480, 14401, 12838, 4212, 17529, 4832, 15111, 12690, 10373, 7596, 18614, 17477, 1043, 13100, 4774, 17479, 3774, 9302, 3901, 13071, 6412, 9516, 1261, 3054, 13522, 17602, 14343, 18500, 10957, 2791, 9624, 3634, 17904, 5709, 14670, 11058, 7087, 7435, 13848, 82, 5565, 2562, 14029, 3583, 1676, 12709, 18473, 3158, 12787, 8068, 8263, 16146, 3593, 1802, 1861, 3348, 4487, 17749, 6105, 10471, 17472, 10200, 1182, 14180, 1076, 10156, 4839, 9903, 4879, 9720, 2157, 15344, 16067, 3064, 17182, 5368, 4987, 18484, 18923, 11896, 1052, 15727, 15289, 5885, 1933, 5251, 17072, 6038, 6195, 13524, 6606, 18506, 17536, 6784, 3231, 14121, 8925, 10030, 803, 13764, 146, 19268, 14099, 4130, 16372, 1537, 12248, 13718, 17187, 11728, 1740, 19233, 5600, 4092, 4779, 6028, 3395, 16152, 19150, 2417, 11980, 11237, 8427, 18127, 3538, 9257, 607, 2078, 18457, 5802, 3435, 15019, 4256, 9221, 13465, 11742, 5788, 9528, 17493, 4607, 3131, 6616, 5356, 1550, 4617, 8827, 849, 2601, 4437, 17861, 10261, 15704, 3890, 8149, 12063, 3086, 15925, 12301, 6847, 5603, 7768, 3187, 13372, 9258, 6584, 7594, 2603, 1835, 17380, 17193, 15251, 15937, 18731, 4082, 14911, 16626, 8824, 16208, 10167, 17711, 9678, 15852, 13620, 16479, 14586, 2446, 4866, 1315, 7746, 10615, 7927, 2443, 7157, 13506, 18410, 10494]",3753,1500,3,False,1500
3746,lists query,lists query,39,True,True,True,"{21: 26, 33: 14, 2: 18, 29: 13, 25: 57, 43: 9, 57: 16, 49: 16, 61: 14, 67: 52, 65: 21, 50: 28, 15: 53, 6: 13, 46: 15, 27: 69, 7: 65, 48: 67, 19: 21, 31: 14, 63: 26, 22: 39, 9: 79, 26: 40, 47: 15, 53: 66, 11: 19, 51: 26, 54: 9, 13: 32, 17: 37, 52: 30, 39: 27, 38: 19, 1: 6, 59: 33, 56: 23, 32: 9, 8: 25, 4: 12, 20: 26, 24: 7, 18: 31, 42: 7, 28: 31, 45: 57, 0: 13, 66: 11, 62: 11, 35: 7, 64: 15, 37: 2, 40: 25, 3: 3, 14: 5, 12: 8, 16: 15, 55: 16, 30: 13, 58: 6, 36: 4, 60: 5, 5: 3, 41: 2, 44: 2, 34: 2}","[12686, 3384, 6034, 14374, 14516, 14680, 18580, 5912, 661, 4433, 14182, 14634, 14672, 13694, 17233, 12320, 12666, 7276, 14925, 15315, 1125, 14820, 3769, 14096, 12401, 14972, 14176, 4685, 4278, 5735, 7514, 16051, 15882, 4696, 17145, 19193, 12994, 9901, 13641, 15193, 6739, 9240, 1608, 14664, 18117, 5676, 15714, 5964, 5329, 16651, 15936, 14441, 15878, 18316, 14255, 18692, 5858, 4640, 10716, 13839, 16635, 2097, 11464, 12427, 2320, 14629, 7617, 16183, 16205, 2170, 4384, 6683, 5285, 18707, 6780, 4231, 2404, 4895, 18091, 2944, 13054, 3904, 3491, 9455, 15985, 10432, 8657, 15304, 9114, 5838, 5197, 17244, 6207, 3970, 17246, 3950, 6168, 8697, 6800, 9942, 11118, 8582, 6355, 15275, 4581, 12724, 11921, 1833, 523, 7619, 15729, 176, 8576, 3101, 1573, 1283, 11796, 11277, 2547, 1738, 6806, 15187, 7129, 5179, 5854, 16373, 9231, 6270, 777, 2062, 13249, 4144, 6325, 3924, 5350, 14414, 3142, 2249, 6444, 13582, 2833, 18030, 6483, 18404, 15057, 7482, 15001, 15872, 14584, 10835, 954, 7257, 1381, 17819, 17518, 6497, 14430, 4901, 16466, 10805, 132, 7506, 755, 14427, 12119, 16613, 19042, 14994, 11257, 8042, 2144, 5966, 1580, 8010, 2550, 10684, 14088, 5037, 8764, 17076, 14185, 15984, 5299, 16601, 19182, 13197, 14561, 12605, 17010, 2703, 6715, 11207, 10188, 212, 2293, 17676, 1720, 5934, 112, 8568, 15870, 3226, 4524, 4431, 5141, 5383, 7609, 12807, 19001, 14368, 6704, 14903, 4172, 117, 18698, 1699, 16558, 7518, 10618, 2110, 10308, 7828, 6623, 17644, 4449, 951, 13858, 15106, 8402, 916, 4771, 8608, 6448, 6656, 13547, 2814, 8336, 8093, 6398, 637, 9909, 10621, 786, 14146, 17292, 9457, 3, 2884, 14785, 10504, 16361, 8181, 17690, 654, 11067, 18741, 386, 18208, 10130, 8079, 7082, 14740, 8076, 18619, 14428, 10992, 12679, 9431, 18328, 13606, 7641, 13542, 1002, 11975, 15646, 19078, 1352, 8683, 16053, 11763, 14823, 7059, 4995, 3754, 6213, 10090, 19084, 1973, 8131, 5353, 836, 13960, 3217, 4885, 9645, 16941, 14750, 13171, 9132, 1355, 4440, 15747, 8233, 6008, 12781, 16749, 13905, 18198, 5033, 2910, 16502, 1233, 965, 16926, 3944, 13518, 18213, 12739, 9972, 14609, 5764, 6128, 9532, 12680, 3672, 5458, 6822, 11547, 3163, 8040, 14081, 8369, 18182, 17541, 11552, 12451, 15074, 1783, 17730, 1690, 16992, 2490, 2459, 18065, 320, 18311, 45, 9495, 4572, 544, 12731, 16811, 15096, 14957, 4594, 16607, 2449, 7791, 13659, 8892, 1713, 17336, 6598, 13832, 10495, 18937, 3067, 3473, 12715, 13492, 14787, 16503, 17899, 16638, 2408, 7141, 10590, 2917, 14650, 12571, 4321, 2855, 1829, 3736, 3381, 11069, 16093, 15201, 14311, 9836, 18289, 16899, 897, 13981, 12223, 8884, 15721, 7778, 13648, 5737, 6550, 19249, 2715, 447, 12941, 8915, 18963, 16291, 760, 5869, 3635, 3439, 6740, 5003, 3174, 2945, 16056, 4860, 11216, 7363, 1147, 12124, 9764, 11245, 4361, 7784, 16285, 17057, 11203, 5114, 17655, 12056, 17890, 7741, 15799, 10258, 16088, 19222, 15303, 1433, 5991, 322, 2322, 3156, 9940, 7814, 17068, 16968, 10018, 1991, 11946, 8705, 10371, 4619, 11074, 2034, 15550, 11743, 18666, 13494, 14175, 13948, 15123, 11154, 10397, 1701, 4770, 839, 12085, 16500, 16241, 1535, 18782, 2221, 539, 18405, 4245, 103, 1571, 16945, 12196, 9441, 1732, 1367, 3596, 4794, 7230, 5245, 17483, 2955, 2003, 11509, 4044, 12934, 3456, 16693, 593, 4582, 14076, 10972, 1965, 7227, 14324, 8658, 3772, 8355, 11889, 1908, 2684, 10026, 1666, 16507, 5589, 9295, 8389, 2099, 18653, 13808, 19147, 6675, 10970, 2788, 19028, 16983, 16166, 9845, 8160, 11381, 10088, 10333, 11716, 14695, 12697, 4365, 3747, 17296, 11904, 74, 7047, 10639, 13094, 940, 10478, 2032, 6642, 14896, 10840, 5430, 5556, 12597, 2183, 18403, 4252, 14613, 18283, 8790, 12140, 13540, 13353, 14114, 13297, 4056, 14038, 11299, 13770, 11433, 14285, 1526, 1955, 15711, 255, 12481, 612, 1635, 4886, 357, 11434, 9524, 13106, 2607, 5391, 9406, 2331, 624, 2749, 17849, 9829, 11436, 18426, 9481, 18550, 15647, 532, 11720, 11824, 15610, 15741, 7902, 13558, 17967, 14539, 17889, 4631, 1238, 16921, 7787, 15293, 3108, 8215, 2851, 4514, 12938, 16730, 17178, 4890, 17960, 4725, 7917, 3191, 8231, 16341, 8195, 10913, 2173, 5557, 2637, 16896, 5806, 1815, 1451, 8864, 2290, 12108, 5328, 6203, 2431, 7508, 17898, 17188, 6897, 1199, 15526, 18437, 6631, 8644, 16917, 14964, 14233, 2454, 584, 4830, 7199, 4180, 14889, 5761, 13756, 6917, 7756, 18880, 15095, 1816, 14070, 16252, 7429, 16589, 1631, 15968, 15221, 12478, 18594, 1477, 5637, 12058, 1205, 13397, 9107, 18654, 1968, 3759, 13147, 14144, 14973, 12452, 18020, 13592, 17920, 13687, 11335, 7207, 418, 7834, 778, 12982, 10688, 9031, 509, 9601, 9780, 17040, 12023, 3916, 91, 6536, 18535, 7547, 15240, 707, 14533, 15064, 17012, 16805, 8637, 5969, 16221, 1940, 13307, 4717, 12615, 18220, 11028, 12170, 1743, 2376, 12415, 14220, 18827, 1294, 18543, 6977, 15309, 11778, 11842, 17103, 3857, 4637, 12162, 19169, 17166, 18237, 17818, 9507, 19022, 5790, 19112, 15611, 1118, 15184, 18703, 1817, 15530, 16579, 8437, 11839, 11378, 3537, 9205, 9217, 16272, 18759, 16828, 12002, 8348, 1723, 3481, 14115, 379, 8544, 264, 6015, 7672, 2253, 7364, 3706, 13796, 17139, 16125, 12059, 9623, 7185, 2418, 18230, 3087, 281, 4379, 1796, 8459, 4400, 17824, 2736, 16446, 13525, 15341, 3275, 7872, 1662, 7557, 4319, 15442, 7181, 10456, 4963, 17048, 16943, 12784, 3441, 5240, 9975, 13216, 17702, 11594, 13554, 6165, 19168, 16070, 3540, 3262, 10661, 4061, 13173, 2875, 17014, 4349, 10818, 8428, 16764, 14232, 8930, 15734, 17680, 7069, 15684, 17050, 18987, 6914, 6863, 19263, 10595, 150, 10039, 2722, 18223, 16444, 6559, 7258, 2661, 7699, 17136, 12773, 4247, 5723, 15194, 1696, 1500, 2807, 9893, 11835, 13240, 18313, 17107, 10265, 10244, 5570, 2862, 14049, 1012, 12861, 723, 9583, 17461, 10056, 1264, 8297, 3716, 14666, 15259, 13531, 543, 13723, 16810, 6700, 3516, 13766, 7186, 10692, 6321, 15484, 14547, 8744, 3703, 10383, 16829, 6366, 6846, 3906, 2021, 18133, 857, 279, 12232, 10212, 10541, 12325, 13475, 1225, 937, 6966, 10881, 16936, 18502, 1440, 11914, 3326, 5633, 14913, 4623, 10743, 12361, 17335, 1072, 5043, 14810, 15077, 3255, 17215, 6553, 17852, 4801, 6962, 3060, 9430, 8799, 13824, 188, 15175, 15163, 4733, 5011, 3536, 17635, 6532, 14071, 6112, 17158, 6597, 11272, 105, 19219, 5013, 12483, 201, 6848, 17033, 6367, 7859, 14702, 18844, 7053, 18694, 15670, 636, 10129, 6378, 5369, 7273, 16247, 9142, 15345, 16817, 14854, 2600, 15783, 889, 11833, 6612, 2068, 2427, 7062, 7918, 16181, 5464, 8339, 8950, 8453, 16423, 6064, 2380, 4268, 13929, 12974, 19141, 1299, 2484, 3883, 3273, 8772, 13256, 11239, 5766, 18098, 12705, 11004, 2695, 10048, 10960, 2766, 15661, 13258, 8015, 6032, 16397, 7749, 19039, 7634, 15076, 4234, 15114, 8475, 8091, 19220, 18004, 9704, 13918, 15569, 16443, 10015, 9943, 7817, 9349, 2588, 8249, 398, 5316, 15538, 18372, 13559, 2937, 2803, 16248, 6155, 630, 9911, 13190, 19157, 15788, 13248, 13148, 1320, 12074, 8471, 8798, 3213, 12418, 814, 2402, 12718, 12397, 10564, 9875, 10128, 6947, 9491, 17707, 3266, 19196, 14309, 18523, 19043, 17975, 18063, 11618, 15016, 14434, 7680, 1739, 18029, 11694, 1745, 9271, 5189, 9561, 11283, 14978, 10753, 16017, 12914, 978, 2828, 17257, 13135, 5061, 121, 6602, 16015, 19271, 12159, 1244, 8260, 13195, 15873, 12815, 14291, 14515, 118, 4892, 14985, 9551, 12654, 4739, 927, 12176, 9523, 11726, 18187, 5880, 2569, 3386, 13942, 3390, 15774, 129, 65, 12922, 8422, 12692, 16213, 11515, 2111, 8347, 10758, 14064, 4401, 17782, 15621, 6709, 14716, 4091, 13964, 8424, 4218, 7249, 11311, 11171, 18564, 14755, 7114, 14009, 14815, 294, 495, 7684, 6833, 4046, 3505, 16995, 17858, 7761, 15803, 9840, 13958, 8226, 10369, 12497, 17142, 1748, 2854, 7159, 11539, 11055, 13337, 17173, 14214, 6803, 11144, 12649, 283, 15489, 13174, 7015, 610, 7030, 18206, 14077, 15468, 14962, 8046, 7809, 17387, 16034, 16678, 1173, 3502, 12942, 15655, 16859, 7099, 1673, 446, 1365, 5881, 3713, 11697, 1897, 16001, 1702, 14149, 11876, 9341, 4325, 6923, 2001, 138, 3276, 18716, 17604, 10501, 115, 12800, 6111, 11148, 4549, 16057, 4707, 6843, 16091, 4295, 7519, 13708, 12409, 11018, 5052, 13566, 14715, 12755, 793, 10837, 1888, 12375, 3935, 5763, 11791, 11258, 13264, 11469, 4683, 8905, 1853, 11600, 4421, 2798, 5074, 18141, 13807, 8595, 8126, 13837, 8060, 6956, 11767, 14560, 9389, 15261, 1232, 12560, 7262, 11504, 3546, 4627, 1177, 517, 4008, 9219, 17696, 4148, 14124, 13243, 11235, 7561, 8331, 16320, 3591, 11341, 4015, 12028, 14929, 18601, 3528, 14065, 1510, 19191, 13833, 17616, 10869, 17689, 831, 16725, 6319, 15465, 10467, 8162, 13563, 7728, 10778, 13545, 12290, 16480, 14401, 12838, 4212, 17529, 4832, 15111, 12690, 10373, 7596, 18614, 17477, 1043, 13100, 4774, 17479, 3774, 9302, 3901, 13071, 6412, 9516, 1261, 3054, 13522, 17602, 14343, 18500, 10957, 2791, 9624, 3634, 17904, 5709, 14670, 11058, 7087, 7435, 13848, 82, 5565, 2562, 14029, 3583, 1676, 12709, 18473, 3158, 12787, 8068, 8263, 16146, 3593, 1802, 1861, 3348, 4487, 17749, 6105, 10471, 17472, 10200, 1182, 14180, 1076, 10156, 4839, 9903, 4879, 9720, 2157, 15344, 16067, 3064, 17182, 5368, 4987, 18484, 18923, 11896, 1052, 15727, 15289, 5885, 1933, 5251, 17072, 6038, 6195, 13524, 6606, 18506, 17536, 6784, 3231, 14121, 8925, 10030, 803, 13764, 146, 19268, 14099, 4130, 16372, 1537, 12248, 13718, 17187, 11728, 1740, 19233, 5600, 4092, 4779, 6028, 3395, 16152, 19150, 2417, 11980, 11237, 8427, 18127, 3538, 9257, 607, 2078, 18457, 5802, 3435, 15019, 4256, 9221, 13465, 11742, 5788, 9528, 17493, 4607, 3131, 6616, 5356, 1550, 4617, 8827, 849, 2601, 4437, 17861, 10261, 15704, 3890, 8149, 12063, 3086, 15925, 12301, 6847, 5603, 7768, 3187, 13372, 9258, 6584, 7594, 2603, 1835, 17380, 17193, 15251, 15937, 18731, 4082, 14911, 16626, 8824, 16208, 10167, 17711, 9678, 15852, 13620, 16479, 14586, 2446, 4866, 1315, 7746, 10615, 7927, 2443, 7157, 13506, 18410, 10494]",3746,1500,3,False,1500
945,general command stop,general command,19,True,True,False,"{21: 26, 33: 14, 2: 18, 29: 13, 25: 57, 43: 9, 57: 16, 49: 16, 61: 14, 67: 52, 65: 21, 50: 28, 15: 53, 6: 13, 46: 15, 27: 69, 7: 65, 48: 67, 19: 21, 31: 14, 63: 26, 22: 39, 9: 79, 26: 40, 47: 15, 53: 66, 11: 19, 51: 26, 54: 9, 13: 32, 17: 37, 52: 30, 39: 27, 38: 19, 1: 6, 59: 33, 56: 23, 32: 9, 8: 25, 4: 12, 20: 26, 24: 7, 18: 31, 42: 7, 28: 31, 45: 57, 0: 13, 66: 11, 62: 11, 35: 7, 64: 15, 37: 2, 40: 25, 3: 3, 14: 5, 12: 8, 16: 15, 55: 16, 30: 13, 58: 6, 36: 4, 60: 5, 5: 3, 41: 2, 44: 2, 34: 2}","[12686, 3384, 6034, 14374, 14516, 14680, 18580, 5912, 661, 4433, 14182, 14634, 14672, 13694, 17233, 12320, 12666, 7276, 14925, 15315, 1125, 14820, 3769, 14096, 12401, 14972, 14176, 4685, 4278, 5735, 7514, 16051, 15882, 4696, 17145, 19193, 12994, 9901, 13641, 15193, 6739, 9240, 1608, 14664, 18117, 5676, 15714, 5964, 5329, 16651, 15936, 14441, 15878, 18316, 14255, 18692, 5858, 4640, 10716, 13839, 16635, 2097, 11464, 12427, 2320, 14629, 7617, 16183, 16205, 2170, 4384, 6683, 5285, 18707, 6780, 4231, 2404, 4895, 18091, 2944, 13054, 3904, 3491, 9455, 15985, 10432, 8657, 15304, 9114, 5838, 5197, 17244, 6207, 3970, 17246, 3950, 6168, 8697, 6800, 9942, 11118, 8582, 6355, 15275, 4581, 12724, 11921, 1833, 523, 7619, 15729, 176, 8576, 3101, 1573, 1283, 11796, 11277, 2547, 1738, 6806, 15187, 7129, 5179, 5854, 16373, 9231, 6270, 777, 2062, 13249, 4144, 6325, 3924, 5350, 14414, 3142, 2249, 6444, 13582, 2833, 18030, 6483, 18404, 15057, 7482, 15001, 15872, 14584, 10835, 954, 7257, 1381, 17819, 17518, 6497, 14430, 4901, 16466, 10805, 132, 7506, 755, 14427, 12119, 16613, 19042, 14994, 11257, 8042, 2144, 5966, 1580, 8010, 2550, 10684, 14088, 5037, 8764, 17076, 14185, 15984, 5299, 16601, 19182, 13197, 14561, 12605, 17010, 2703, 6715, 11207, 10188, 212, 2293, 17676, 1720, 5934, 112, 8568, 15870, 3226, 4524, 4431, 5141, 5383, 7609, 12807, 19001, 14368, 6704, 14903, 4172, 117, 18698, 1699, 16558, 7518, 10618, 2110, 10308, 7828, 6623, 17644, 4449, 951, 13858, 15106, 8402, 916, 4771, 8608, 6448, 6656, 13547, 2814, 8336, 8093, 6398, 637, 9909, 10621, 786, 14146, 17292, 9457, 3, 2884, 14785, 10504, 16361, 8181, 17690, 654, 11067, 18741, 386, 18208, 10130, 8079, 7082, 14740, 8076, 18619, 14428, 10992, 12679, 9431, 18328, 13606, 7641, 13542, 1002, 11975, 15646, 19078, 1352, 8683, 16053, 11763, 14823, 7059, 4995, 3754, 6213, 10090, 19084, 1973, 8131, 5353, 836, 13960, 3217, 4885, 9645, 16941, 14750, 13171, 9132, 1355, 4440, 15747, 8233, 6008, 12781, 16749, 13905, 18198, 5033, 2910, 16502, 1233, 965, 16926, 3944, 13518, 18213, 12739, 9972, 14609, 5764, 6128, 9532, 12680, 3672, 5458, 6822, 11547, 3163, 8040, 14081, 8369, 18182, 17541, 11552, 12451, 15074, 1783, 17730, 1690, 16992, 2490, 2459, 18065, 320, 18311, 45, 9495, 4572, 544, 12731, 16811, 15096, 14957, 4594, 16607, 2449, 7791, 13659, 8892, 1713, 17336, 6598, 13832, 10495, 18937, 3067, 3473, 12715, 13492, 14787, 16503, 17899, 16638, 2408, 7141, 10590, 2917, 14650, 12571, 4321, 2855, 1829, 3736, 3381, 11069, 16093, 15201, 14311, 9836, 18289, 16899, 897, 13981, 12223, 8884, 15721, 7778, 13648, 5737, 6550, 19249, 2715, 447, 12941, 8915, 18963, 16291, 760, 5869, 3635, 3439, 6740, 5003, 3174, 2945, 16056, 4860, 11216, 7363, 1147, 12124, 9764, 11245, 4361, 7784, 16285, 17057, 11203, 5114, 17655, 12056, 17890, 7741, 15799, 10258, 16088, 19222, 15303, 1433, 5991, 322, 2322, 3156, 9940, 7814, 17068, 16968, 10018, 1991, 11946, 8705, 10371, 4619, 11074, 2034, 15550, 11743, 18666, 13494, 14175, 13948, 15123, 11154, 10397, 1701, 4770, 839, 12085, 16500, 16241, 1535, 18782, 2221, 539, 18405, 4245, 103, 1571, 16945, 12196, 9441, 1732, 1367, 3596, 4794, 7230, 5245, 17483, 2955, 2003, 11509, 4044, 12934, 3456, 16693, 593, 4582, 14076, 10972, 1965, 7227, 14324, 8658, 3772, 8355, 11889, 1908, 2684, 10026, 1666, 16507, 5589, 9295, 8389, 2099, 18653, 13808, 19147, 6675, 10970, 2788, 19028, 16983, 16166, 9845, 8160, 11381, 10088, 10333, 11716, 14695, 12697, 4365, 3747, 17296, 11904, 74, 7047, 10639, 13094, 940, 10478, 2032, 6642, 14896, 10840, 5430, 5556, 12597, 2183, 18403, 4252, 14613, 18283, 8790, 12140, 13540, 13353, 14114, 13297, 4056, 14038, 11299, 13770, 11433, 14285, 1526, 1955, 15711, 255, 12481, 612, 1635, 4886, 357, 11434, 9524, 13106, 2607, 5391, 9406, 2331, 624, 2749, 17849, 9829, 11436, 18426, 9481, 18550, 15647, 532, 11720, 11824, 15610, 15741, 7902, 13558, 17967, 14539, 17889, 4631, 1238, 16921, 7787, 15293, 3108, 8215, 2851, 4514, 12938, 16730, 17178, 4890, 17960, 4725, 7917, 3191, 8231, 16341, 8195, 10913, 2173, 5557, 2637, 16896, 5806, 1815, 1451, 8864, 2290, 12108, 5328, 6203, 2431, 7508, 17898, 17188, 6897, 1199, 15526, 18437, 6631, 8644, 16917, 14964, 14233, 2454, 584, 4830, 7199, 4180, 14889, 5761, 13756, 6917, 7756, 18880, 15095, 1816, 14070, 16252, 7429, 16589, 1631, 15968, 15221, 12478, 18594, 1477, 5637, 12058, 1205, 13397, 9107, 18654, 1968, 3759, 13147, 14144, 14973, 12452, 18020, 13592, 17920, 13687, 11335, 7207, 418, 7834, 778, 12982, 10688, 9031, 509, 9601, 9780, 17040, 12023, 3916, 91, 6536, 18535, 7547, 15240, 707, 14533, 15064, 17012, 16805, 8637, 5969, 16221, 1940, 13307, 4717, 12615, 18220, 11028, 12170, 1743, 2376, 12415, 14220, 18827, 1294, 18543, 6977, 15309, 11778, 11842, 17103, 3857, 4637, 12162, 19169, 17166, 18237, 17818, 9507, 19022, 5790, 19112, 15611, 1118, 15184, 18703, 1817, 15530, 16579, 8437, 11839, 11378, 3537, 9205, 9217, 16272, 18759, 16828, 12002, 8348, 1723, 3481, 14115, 379, 8544, 264, 6015, 7672, 2253, 7364, 3706, 13796, 17139, 16125, 12059, 9623, 7185, 2418, 18230, 3087, 281, 4379, 1796, 8459, 4400, 17824, 2736, 16446, 13525, 15341, 3275, 7872, 1662, 7557, 4319, 15442, 7181, 10456, 4963, 17048, 16943, 12784, 3441, 5240, 9975, 13216, 17702, 11594, 13554, 6165, 19168, 16070, 3540, 3262, 10661, 4061, 13173, 2875, 17014, 4349, 10818, 8428, 16764, 14232, 8930, 15734, 17680, 7069, 15684, 17050, 18987, 6914, 6863, 19263, 10595, 150, 10039, 2722, 18223, 16444, 6559, 7258, 2661, 7699, 17136, 12773, 4247, 5723, 15194, 1696, 1500, 2807, 9893, 11835, 13240, 18313, 17107, 10265, 10244, 5570, 2862, 14049, 1012, 12861, 723, 9583, 17461, 10056, 1264, 8297, 3716, 14666, 15259, 13531, 543, 13723, 16810, 6700, 3516, 13766, 7186, 10692, 6321, 15484, 14547, 8744, 3703, 10383, 16829, 6366, 6846, 3906, 2021, 18133, 857, 279, 12232, 10212, 10541, 12325, 13475, 1225, 937, 6966, 10881, 16936, 18502, 1440, 11914, 3326, 5633, 14913, 4623, 10743, 12361, 17335, 1072, 5043, 14810, 15077, 3255, 17215, 6553, 17852, 4801, 6962, 3060, 9430, 8799, 13824, 188, 15175, 15163, 4733, 5011, 3536, 17635, 6532, 14071, 6112, 17158, 6597, 11272, 105, 19219, 5013, 12483, 201, 6848, 17033, 6367, 7859, 14702, 18844, 7053, 18694, 15670, 636, 10129, 6378, 5369, 7273, 16247, 9142, 15345, 16817, 14854, 2600, 15783, 889, 11833, 6612, 2068, 2427, 7062, 7918, 16181, 5464, 8339, 8950, 8453, 16423, 6064, 2380, 4268, 13929, 12974, 19141, 1299, 2484, 3883, 3273, 8772, 13256, 11239, 5766, 18098, 12705, 11004, 2695, 10048, 10960, 2766, 15661, 13258, 8015, 6032, 16397, 7749, 19039, 7634, 15076, 4234, 15114, 8475, 8091, 19220, 18004, 9704, 13918, 15569, 16443, 10015, 9943, 7817, 9349, 2588, 8249, 398, 5316, 15538, 18372, 13559, 2937, 2803, 16248, 6155, 630, 9911, 13190, 19157, 15788, 13248, 13148, 1320, 12074, 8471, 8798, 3213, 12418, 814, 2402, 12718, 12397, 10564, 9875, 10128, 6947, 9491, 17707, 3266, 19196, 14309, 18523, 19043, 17975, 18063, 11618, 15016, 14434, 7680, 1739, 18029, 11694, 1745, 9271, 5189, 9561, 11283, 14978, 10753, 16017, 12914, 978, 2828, 17257, 13135, 5061, 121, 6602, 16015, 19271, 12159, 1244, 8260, 13195, 15873, 12815, 14291, 14515, 118, 4892, 14985, 9551, 12654, 4739, 927, 12176, 9523, 11726, 18187, 5880, 2569, 3386, 13942, 3390, 15774, 129, 65, 12922, 8422, 12692, 16213, 11515, 2111, 8347, 10758, 14064, 4401, 17782, 15621, 6709, 14716, 4091, 13964, 8424, 4218, 7249, 11311, 11171, 18564, 14755, 7114, 14009, 14815, 294, 495, 7684, 6833, 4046, 3505, 16995, 17858, 7761, 15803, 9840, 13958, 8226, 10369, 12497, 17142, 1748, 2854, 7159, 11539, 11055, 13337, 17173, 14214, 6803, 11144, 12649, 283, 15489, 13174, 7015, 610, 7030, 18206, 14077, 15468, 14962, 8046, 7809, 17387, 16034, 16678, 1173, 3502, 12942, 15655, 16859, 7099, 1673, 446, 1365, 5881, 3713, 11697, 1897, 16001, 1702, 14149, 11876, 9341, 4325, 6923, 2001, 138, 3276, 18716, 17604, 10501, 115, 12800, 6111, 11148, 4549, 16057, 4707, 6843, 16091, 4295, 7519, 13708, 12409, 11018, 5052, 13566, 14715, 12755, 793, 10837, 1888, 12375, 3935, 5763, 11791, 11258, 13264, 11469, 4683, 8905, 1853, 11600, 4421, 2798, 5074, 18141, 13807, 8595, 8126, 13837, 8060, 6956, 11767, 14560, 9389, 15261, 1232, 12560, 7262, 11504, 3546, 4627, 1177, 517, 4008, 9219, 17696, 4148, 14124, 13243, 11235, 7561, 8331, 16320, 3591, 11341, 4015, 12028, 14929, 18601, 3528, 14065, 1510, 19191, 13833, 17616, 10869, 17689, 831, 16725, 6319, 15465, 10467, 8162, 13563, 7728, 10778, 13545, 12290, 16480, 14401, 12838, 4212, 17529, 4832, 15111, 12690, 10373, 7596, 18614, 17477, 1043, 13100, 4774, 17479, 3774, 9302, 3901, 13071, 6412, 9516, 1261, 3054, 13522, 17602, 14343, 18500, 10957, 2791, 9624, 3634, 17904, 5709, 14670, 11058, 7087, 7435, 13848, 82, 5565, 2562, 14029, 3583, 1676, 12709, 18473, 3158, 12787, 8068, 8263, 16146, 3593, 1802, 1861, 3348, 4487, 17749, 6105, 10471, 17472, 10200, 1182, 14180, 1076, 10156, 4839, 9903, 4879, 9720, 2157, 15344, 16067, 3064, 17182, 5368, 4987, 18484, 18923, 11896, 1052, 15727, 15289, 5885, 1933, 5251, 17072, 6038, 6195, 13524, 6606, 18506, 17536, 6784, 3231, 14121, 8925, 10030, 803, 13764, 146, 19268, 14099, 4130, 16372, 1537, 12248, 13718, 17187, 11728, 1740, 19233, 5600, 4092, 4779, 6028, 3395, 16152, 19150, 2417, 11980, 11237, 8427, 18127, 3538, 9257, 607, 2078, 18457, 5802, 3435, 15019, 4256, 9221, 13465, 11742, 5788, 9528, 17493, 4607, 3131, 6616, 5356, 1550, 4617, 8827, 849, 2601, 4437, 17861, 10261, 15704, 3890, 8149, 12063, 3086, 15925, 12301, 6847, 5603, 7768, 3187, 13372, 9258, 6584, 7594, 2603, 1835, 17380, 17193, 15251, 15937, 18731, 4082, 14911, 16626, 8824, 16208, 10167, 17711, 9678, 15852, 13620, 16479, 14586, 2446, 4866, 1315, 7746, 10615, 7927, 2443, 7157, 13506, 18410, 10494]",945,1500,3,False,1500
3861,transport query,transport tax,64,True,False,True,"{21: 26, 33: 14, 2: 18, 29: 13, 25: 57, 43: 9, 57: 16, 49: 16, 61: 14, 67: 52, 65: 21, 50: 28, 15: 53, 6: 13, 46: 15, 27: 69, 7: 65, 48: 67, 19: 21, 31: 14, 63: 26, 22: 39, 9: 79, 26: 40, 47: 15, 53: 66, 11: 19, 51: 26, 54: 9, 13: 32, 17: 37, 52: 30, 39: 27, 38: 19, 1: 6, 59: 33, 56: 23, 32: 9, 8: 25, 4: 12, 20: 26, 24: 7, 18: 31, 42: 7, 28: 31, 45: 57, 0: 13, 66: 11, 62: 11, 35: 7, 64: 15, 37: 2, 40: 25, 3: 3, 14: 5, 12: 8, 16: 15, 55: 16, 30: 13, 58: 6, 36: 4, 60: 5, 5: 3, 41: 2, 44: 2, 34: 2}","[12686, 3384, 6034, 14374, 14516, 14680, 18580, 5912, 661, 4433, 14182, 14634, 14672, 13694, 17233, 12320, 12666, 7276, 14925, 15315, 1125, 14820, 3769, 14096, 12401, 14972, 14176, 4685, 4278, 5735, 7514, 16051, 15882, 4696, 17145, 19193, 12994, 9901, 13641, 15193, 6739, 9240, 1608, 14664, 18117, 5676, 15714, 5964, 5329, 16651, 15936, 14441, 15878, 18316, 14255, 18692, 5858, 4640, 10716, 13839, 16635, 2097, 11464, 12427, 2320, 14629, 7617, 16183, 16205, 2170, 4384, 6683, 5285, 18707, 6780, 4231, 2404, 4895, 18091, 2944, 13054, 3904, 3491, 9455, 15985, 10432, 8657, 15304, 9114, 5838, 5197, 17244, 6207, 3970, 17246, 3950, 6168, 8697, 6800, 9942, 11118, 8582, 6355, 15275, 4581, 12724, 11921, 1833, 523, 7619, 15729, 176, 8576, 3101, 1573, 1283, 11796, 11277, 2547, 1738, 6806, 15187, 7129, 5179, 5854, 16373, 9231, 6270, 777, 2062, 13249, 4144, 6325, 3924, 5350, 14414, 3142, 2249, 6444, 13582, 2833, 18030, 6483, 18404, 15057, 7482, 15001, 15872, 14584, 10835, 954, 7257, 1381, 17819, 17518, 6497, 14430, 4901, 16466, 10805, 132, 7506, 755, 14427, 12119, 16613, 19042, 14994, 11257, 8042, 2144, 5966, 1580, 8010, 2550, 10684, 14088, 5037, 8764, 17076, 14185, 15984, 5299, 16601, 19182, 13197, 14561, 12605, 17010, 2703, 6715, 11207, 10188, 212, 2293, 17676, 1720, 5934, 112, 8568, 15870, 3226, 4524, 4431, 5141, 5383, 7609, 12807, 19001, 14368, 6704, 14903, 4172, 117, 18698, 1699, 16558, 7518, 10618, 2110, 10308, 7828, 6623, 17644, 4449, 951, 13858, 15106, 8402, 916, 4771, 8608, 6448, 6656, 13547, 2814, 8336, 8093, 6398, 637, 9909, 10621, 786, 14146, 17292, 9457, 3, 2884, 14785, 10504, 16361, 8181, 17690, 654, 11067, 18741, 386, 18208, 10130, 8079, 7082, 14740, 8076, 18619, 14428, 10992, 12679, 9431, 18328, 13606, 7641, 13542, 1002, 11975, 15646, 19078, 1352, 8683, 16053, 11763, 14823, 7059, 4995, 3754, 6213, 10090, 19084, 1973, 8131, 5353, 836, 13960, 3217, 4885, 9645, 16941, 14750, 13171, 9132, 1355, 4440, 15747, 8233, 6008, 12781, 16749, 13905, 18198, 5033, 2910, 16502, 1233, 965, 16926, 3944, 13518, 18213, 12739, 9972, 14609, 5764, 6128, 9532, 12680, 3672, 5458, 6822, 11547, 3163, 8040, 14081, 8369, 18182, 17541, 11552, 12451, 15074, 1783, 17730, 1690, 16992, 2490, 2459, 18065, 320, 18311, 45, 9495, 4572, 544, 12731, 16811, 15096, 14957, 4594, 16607, 2449, 7791, 13659, 8892, 1713, 17336, 6598, 13832, 10495, 18937, 3067, 3473, 12715, 13492, 14787, 16503, 17899, 16638, 2408, 7141, 10590, 2917, 14650, 12571, 4321, 2855, 1829, 3736, 3381, 11069, 16093, 15201, 14311, 9836, 18289, 16899, 897, 13981, 12223, 8884, 15721, 7778, 13648, 5737, 6550, 19249, 2715, 447, 12941, 8915, 18963, 16291, 760, 5869, 3635, 3439, 6740, 5003, 3174, 2945, 16056, 4860, 11216, 7363, 1147, 12124, 9764, 11245, 4361, 7784, 16285, 17057, 11203, 5114, 17655, 12056, 17890, 7741, 15799, 10258, 16088, 19222, 15303, 1433, 5991, 322, 2322, 3156, 9940, 7814, 17068, 16968, 10018, 1991, 11946, 8705, 10371, 4619, 11074, 2034, 15550, 11743, 18666, 13494, 14175, 13948, 15123, 11154, 10397, 1701, 4770, 839, 12085, 16500, 16241, 1535, 18782, 2221, 539, 18405, 4245, 103, 1571, 16945, 12196, 9441, 1732, 1367, 3596, 4794, 7230, 5245, 17483, 2955, 2003, 11509, 4044, 12934, 3456, 16693, 593, 4582, 14076, 10972, 1965, 7227, 14324, 8658, 3772, 8355, 11889, 1908, 2684, 10026, 1666, 16507, 5589, 9295, 8389, 2099, 18653, 13808, 19147, 6675, 10970, 2788, 19028, 16983, 16166, 9845, 8160, 11381, 10088, 10333, 11716, 14695, 12697, 4365, 3747, 17296, 11904, 74, 7047, 10639, 13094, 940, 10478, 2032, 6642, 14896, 10840, 5430, 5556, 12597, 2183, 18403, 4252, 14613, 18283, 8790, 12140, 13540, 13353, 14114, 13297, 4056, 14038, 11299, 13770, 11433, 14285, 1526, 1955, 15711, 255, 12481, 612, 1635, 4886, 357, 11434, 9524, 13106, 2607, 5391, 9406, 2331, 624, 2749, 17849, 9829, 11436, 18426, 9481, 18550, 15647, 532, 11720, 11824, 15610, 15741, 7902, 13558, 17967, 14539, 17889, 4631, 1238, 16921, 7787, 15293, 3108, 8215, 2851, 4514, 12938, 16730, 17178, 4890, 17960, 4725, 7917, 3191, 8231, 16341, 8195, 10913, 2173, 5557, 2637, 16896, 5806, 1815, 1451, 8864, 2290, 12108, 5328, 6203, 2431, 7508, 17898, 17188, 6897, 1199, 15526, 18437, 6631, 8644, 16917, 14964, 14233, 2454, 584, 4830, 7199, 4180, 14889, 5761, 13756, 6917, 7756, 18880, 15095, 1816, 14070, 16252, 7429, 16589, 1631, 15968, 15221, 12478, 18594, 1477, 5637, 12058, 1205, 13397, 9107, 18654, 1968, 3759, 13147, 14144, 14973, 12452, 18020, 13592, 17920, 13687, 11335, 7207, 418, 7834, 778, 12982, 10688, 9031, 509, 9601, 9780, 17040, 12023, 3916, 91, 6536, 18535, 7547, 15240, 707, 14533, 15064, 17012, 16805, 8637, 5969, 16221, 1940, 13307, 4717, 12615, 18220, 11028, 12170, 1743, 2376, 12415, 14220, 18827, 1294, 18543, 6977, 15309, 11778, 11842, 17103, 3857, 4637, 12162, 19169, 17166, 18237, 17818, 9507, 19022, 5790, 19112, 15611, 1118, 15184, 18703, 1817, 15530, 16579, 8437, 11839, 11378, 3537, 9205, 9217, 16272, 18759, 16828, 12002, 8348, 1723, 3481, 14115, 379, 8544, 264, 6015, 7672, 2253, 7364, 3706, 13796, 17139, 16125, 12059, 9623, 7185, 2418, 18230, 3087, 281, 4379, 1796, 8459, 4400, 17824, 2736, 16446, 13525, 15341, 3275, 7872, 1662, 7557, 4319, 15442, 7181, 10456, 4963, 17048, 16943, 12784, 3441, 5240, 9975, 13216, 17702, 11594, 13554, 6165, 19168, 16070, 3540, 3262, 10661, 4061, 13173, 2875, 17014, 4349, 10818, 8428, 16764, 14232, 8930, 15734, 17680, 7069, 15684, 17050, 18987, 6914, 6863, 19263, 10595, 150, 10039, 2722, 18223, 16444, 6559, 7258, 2661, 7699, 17136, 12773, 4247, 5723, 15194, 1696, 1500, 2807, 9893, 11835, 13240, 18313, 17107, 10265, 10244, 5570, 2862, 14049, 1012, 12861, 723, 9583, 17461, 10056, 1264, 8297, 3716, 14666, 15259, 13531, 543, 13723, 16810, 6700, 3516, 13766, 7186, 10692, 6321, 15484, 14547, 8744, 3703, 10383, 16829, 6366, 6846, 3906, 2021, 18133, 857, 279, 12232, 10212, 10541, 12325, 13475, 1225, 937, 6966, 10881, 16936, 18502, 1440, 11914, 3326, 5633, 14913, 4623, 10743, 12361, 17335, 1072, 5043, 14810, 15077, 3255, 17215, 6553, 17852, 4801, 6962, 3060, 9430, 8799, 13824, 188, 15175, 15163, 4733, 5011, 3536, 17635, 6532, 14071, 6112, 17158, 6597, 11272, 105, 19219, 5013, 12483, 201, 6848, 17033, 6367, 7859, 14702, 18844, 7053, 18694, 15670, 636, 10129, 6378, 5369, 7273, 16247, 9142, 15345, 16817, 14854, 2600, 15783, 889, 11833, 6612, 2068, 2427, 7062, 7918, 16181, 5464, 8339, 8950, 8453, 16423, 6064, 2380, 4268, 13929, 12974, 19141, 1299, 2484, 3883, 3273, 8772, 13256, 11239, 5766, 18098, 12705, 11004, 2695, 10048, 10960, 2766, 15661, 13258, 8015, 6032, 16397, 7749, 19039, 7634, 15076, 4234, 15114, 8475, 8091, 19220, 18004, 9704, 13918, 15569, 16443, 10015, 9943, 7817, 9349, 2588, 8249, 398, 5316, 15538, 18372, 13559, 2937, 2803, 16248, 6155, 630, 9911, 13190, 19157, 15788, 13248, 13148, 1320, 12074, 8471, 8798, 3213, 12418, 814, 2402, 12718, 12397, 10564, 9875, 10128, 6947, 9491, 17707, 3266, 19196, 14309, 18523, 19043, 17975, 18063, 11618, 15016, 14434, 7680, 1739, 18029, 11694, 1745, 9271, 5189, 9561, 11283, 14978, 10753, 16017, 12914, 978, 2828, 17257, 13135, 5061, 121, 6602, 16015, 19271, 12159, 1244, 8260, 13195, 15873, 12815, 14291, 14515, 118, 4892, 14985, 9551, 12654, 4739, 927, 12176, 9523, 11726, 18187, 5880, 2569, 3386, 13942, 3390, 15774, 129, 65, 12922, 8422, 12692, 16213, 11515, 2111, 8347, 10758, 14064, 4401, 17782, 15621, 6709, 14716, 4091, 13964, 8424, 4218, 7249, 11311, 11171, 18564, 14755, 7114, 14009, 14815, 294, 495, 7684, 6833, 4046, 3505, 16995, 17858, 7761, 15803, 9840, 13958, 8226, 10369, 12497, 17142, 1748, 2854, 7159, 11539, 11055, 13337, 17173, 14214, 6803, 11144, 12649, 283, 15489, 13174, 7015, 610, 7030, 18206, 14077, 15468, 14962, 8046, 7809, 17387, 16034, 16678, 1173, 3502, 12942, 15655, 16859, 7099, 1673, 446, 1365, 5881, 3713, 11697, 1897, 16001, 1702, 14149, 11876, 9341, 4325, 6923, 2001, 138, 3276, 18716, 17604, 10501, 115, 12800, 6111, 11148, 4549, 16057, 4707, 6843, 16091, 4295, 7519, 13708, 12409, 11018, 5052, 13566, 14715, 12755, 793, 10837, 1888, 12375, 3935, 5763, 11791, 11258, 13264, 11469, 4683, 8905, 1853, 11600, 4421, 2798, 5074, 18141, 13807, 8595, 8126, 13837, 8060, 6956, 11767, 14560, 9389, 15261, 1232, 12560, 7262, 11504, 3546, 4627, 1177, 517, 4008, 9219, 17696, 4148, 14124, 13243, 11235, 7561, 8331, 16320, 3591, 11341, 4015, 12028, 14929, 18601, 3528, 14065, 1510, 19191, 13833, 17616, 10869, 17689, 831, 16725, 6319, 15465, 10467, 8162, 13563, 7728, 10778, 13545, 12290, 16480, 14401, 12838, 4212, 17529, 4832, 15111, 12690, 10373, 7596, 18614, 17477, 1043, 13100, 4774, 17479, 3774, 9302, 3901, 13071, 6412, 9516, 1261, 3054, 13522, 17602, 14343, 18500, 10957, 2791, 9624, 3634, 17904, 5709, 14670, 11058, 7087, 7435, 13848, 82, 5565, 2562, 14029, 3583, 1676, 12709, 18473, 3158, 12787, 8068, 8263, 16146, 3593, 1802, 1861, 3348, 4487, 17749, 6105, 10471, 17472, 10200, 1182, 14180, 1076, 10156, 4839, 9903, 4879, 9720, 2157, 15344, 16067, 3064, 17182, 5368, 4987, 18484, 18923, 11896, 1052, 15727, 15289, 5885, 1933, 5251, 17072, 6038, 6195, 13524, 6606, 18506, 17536, 6784, 3231, 14121, 8925, 10030, 803, 13764, 146, 19268, 14099, 4130, 16372, 1537, 12248, 13718, 17187, 11728, 1740, 19233, 5600, 4092, 4779, 6028, 3395, 16152, 19150, 2417, 11980, 11237, 8427, 18127, 3538, 9257, 607, 2078, 18457, 5802, 3435, 15019, 4256, 9221, 13465, 11742, 5788, 9528, 17493, 4607, 3131, 6616, 5356, 1550, 4617, 8827, 849, 2601, 4437, 17861, 10261, 15704, 3890, 8149, 12063, 3086, 15925, 12301, 6847, 5603, 7768, 3187, 13372, 9258, 6584, 7594, 2603, 1835, 17380, 17193, 15251, 15937, 18731, 4082, 14911, 16626, 8824, 16208, 10167, 17711, 9678, 15852, 13620, 16479, 14586, 2446, 4866, 1315, 7746, 10615, 7927, 2443, 7157, 13506, 18410, 10494]",3861,1500,3,False,1500
3123,calendar remove,calendar remove,8,True,True,True,"{21: 26, 33: 14, 2: 18, 29: 13, 25: 57, 43: 9, 57: 16, 49: 16, 61: 14, 67: 52, 65: 21, 50: 28, 15: 53, 6: 13, 46: 15, 27: 69, 7: 65, 48: 67, 19: 21, 31: 14, 63: 26, 22: 39, 9: 79, 26: 40, 47: 15, 53: 66, 11: 19, 51: 26, 54: 9, 13: 32, 17: 37, 52: 30, 39: 27, 38: 19, 1: 6, 59: 33, 56: 23, 32: 9, 8: 25, 4: 12, 20: 26, 24: 7, 18: 31, 42: 7, 28: 31, 45: 57, 0: 13, 66: 11, 62: 11, 35: 7, 64: 15, 37: 2, 40: 25, 3: 3, 14: 5, 12: 8, 16: 15, 55: 16, 30: 13, 58: 6, 36: 4, 60: 5, 5: 3, 41: 2, 44: 2, 34: 2}","[12686, 3384, 6034, 14374, 14516, 14680, 18580, 5912, 661, 4433, 14182, 14634, 14672, 13694, 17233, 12320, 12666, 7276, 14925, 15315, 1125, 14820, 3769, 14096, 12401, 14972, 14176, 4685, 4278, 5735, 7514, 16051, 15882, 4696, 17145, 19193, 12994, 9901, 13641, 15193, 6739, 9240, 1608, 14664, 18117, 5676, 15714, 5964, 5329, 16651, 15936, 14441, 15878, 18316, 14255, 18692, 5858, 4640, 10716, 13839, 16635, 2097, 11464, 12427, 2320, 14629, 7617, 16183, 16205, 2170, 4384, 6683, 5285, 18707, 6780, 4231, 2404, 4895, 18091, 2944, 13054, 3904, 3491, 9455, 15985, 10432, 8657, 15304, 9114, 5838, 5197, 17244, 6207, 3970, 17246, 3950, 6168, 8697, 6800, 9942, 11118, 8582, 6355, 15275, 4581, 12724, 11921, 1833, 523, 7619, 15729, 176, 8576, 3101, 1573, 1283, 11796, 11277, 2547, 1738, 6806, 15187, 7129, 5179, 5854, 16373, 9231, 6270, 777, 2062, 13249, 4144, 6325, 3924, 5350, 14414, 3142, 2249, 6444, 13582, 2833, 18030, 6483, 18404, 15057, 7482, 15001, 15872, 14584, 10835, 954, 7257, 1381, 17819, 17518, 6497, 14430, 4901, 16466, 10805, 132, 7506, 755, 14427, 12119, 16613, 19042, 14994, 11257, 8042, 2144, 5966, 1580, 8010, 2550, 10684, 14088, 5037, 8764, 17076, 14185, 15984, 5299, 16601, 19182, 13197, 14561, 12605, 17010, 2703, 6715, 11207, 10188, 212, 2293, 17676, 1720, 5934, 112, 8568, 15870, 3226, 4524, 4431, 5141, 5383, 7609, 12807, 19001, 14368, 6704, 14903, 4172, 117, 18698, 1699, 16558, 7518, 10618, 2110, 10308, 7828, 6623, 17644, 4449, 951, 13858, 15106, 8402, 916, 4771, 8608, 6448, 6656, 13547, 2814, 8336, 8093, 6398, 637, 9909, 10621, 786, 14146, 17292, 9457, 3, 2884, 14785, 10504, 16361, 8181, 17690, 654, 11067, 18741, 386, 18208, 10130, 8079, 7082, 14740, 8076, 18619, 14428, 10992, 12679, 9431, 18328, 13606, 7641, 13542, 1002, 11975, 15646, 19078, 1352, 8683, 16053, 11763, 14823, 7059, 4995, 3754, 6213, 10090, 19084, 1973, 8131, 5353, 836, 13960, 3217, 4885, 9645, 16941, 14750, 13171, 9132, 1355, 4440, 15747, 8233, 6008, 12781, 16749, 13905, 18198, 5033, 2910, 16502, 1233, 965, 16926, 3944, 13518, 18213, 12739, 9972, 14609, 5764, 6128, 9532, 12680, 3672, 5458, 6822, 11547, 3163, 8040, 14081, 8369, 18182, 17541, 11552, 12451, 15074, 1783, 17730, 1690, 16992, 2490, 2459, 18065, 320, 18311, 45, 9495, 4572, 544, 12731, 16811, 15096, 14957, 4594, 16607, 2449, 7791, 13659, 8892, 1713, 17336, 6598, 13832, 10495, 18937, 3067, 3473, 12715, 13492, 14787, 16503, 17899, 16638, 2408, 7141, 10590, 2917, 14650, 12571, 4321, 2855, 1829, 3736, 3381, 11069, 16093, 15201, 14311, 9836, 18289, 16899, 897, 13981, 12223, 8884, 15721, 7778, 13648, 5737, 6550, 19249, 2715, 447, 12941, 8915, 18963, 16291, 760, 5869, 3635, 3439, 6740, 5003, 3174, 2945, 16056, 4860, 11216, 7363, 1147, 12124, 9764, 11245, 4361, 7784, 16285, 17057, 11203, 5114, 17655, 12056, 17890, 7741, 15799, 10258, 16088, 19222, 15303, 1433, 5991, 322, 2322, 3156, 9940, 7814, 17068, 16968, 10018, 1991, 11946, 8705, 10371, 4619, 11074, 2034, 15550, 11743, 18666, 13494, 14175, 13948, 15123, 11154, 10397, 1701, 4770, 839, 12085, 16500, 16241, 1535, 18782, 2221, 539, 18405, 4245, 103, 1571, 16945, 12196, 9441, 1732, 1367, 3596, 4794, 7230, 5245, 17483, 2955, 2003, 11509, 4044, 12934, 3456, 16693, 593, 4582, 14076, 10972, 1965, 7227, 14324, 8658, 3772, 8355, 11889, 1908, 2684, 10026, 1666, 16507, 5589, 9295, 8389, 2099, 18653, 13808, 19147, 6675, 10970, 2788, 19028, 16983, 16166, 9845, 8160, 11381, 10088, 10333, 11716, 14695, 12697, 4365, 3747, 17296, 11904, 74, 7047, 10639, 13094, 940, 10478, 2032, 6642, 14896, 10840, 5430, 5556, 12597, 2183, 18403, 4252, 14613, 18283, 8790, 12140, 13540, 13353, 14114, 13297, 4056, 14038, 11299, 13770, 11433, 14285, 1526, 1955, 15711, 255, 12481, 612, 1635, 4886, 357, 11434, 9524, 13106, 2607, 5391, 9406, 2331, 624, 2749, 17849, 9829, 11436, 18426, 9481, 18550, 15647, 532, 11720, 11824, 15610, 15741, 7902, 13558, 17967, 14539, 17889, 4631, 1238, 16921, 7787, 15293, 3108, 8215, 2851, 4514, 12938, 16730, 17178, 4890, 17960, 4725, 7917, 3191, 8231, 16341, 8195, 10913, 2173, 5557, 2637, 16896, 5806, 1815, 1451, 8864, 2290, 12108, 5328, 6203, 2431, 7508, 17898, 17188, 6897, 1199, 15526, 18437, 6631, 8644, 16917, 14964, 14233, 2454, 584, 4830, 7199, 4180, 14889, 5761, 13756, 6917, 7756, 18880, 15095, 1816, 14070, 16252, 7429, 16589, 1631, 15968, 15221, 12478, 18594, 1477, 5637, 12058, 1205, 13397, 9107, 18654, 1968, 3759, 13147, 14144, 14973, 12452, 18020, 13592, 17920, 13687, 11335, 7207, 418, 7834, 778, 12982, 10688, 9031, 509, 9601, 9780, 17040, 12023, 3916, 91, 6536, 18535, 7547, 15240, 707, 14533, 15064, 17012, 16805, 8637, 5969, 16221, 1940, 13307, 4717, 12615, 18220, 11028, 12170, 1743, 2376, 12415, 14220, 18827, 1294, 18543, 6977, 15309, 11778, 11842, 17103, 3857, 4637, 12162, 19169, 17166, 18237, 17818, 9507, 19022, 5790, 19112, 15611, 1118, 15184, 18703, 1817, 15530, 16579, 8437, 11839, 11378, 3537, 9205, 9217, 16272, 18759, 16828, 12002, 8348, 1723, 3481, 14115, 379, 8544, 264, 6015, 7672, 2253, 7364, 3706, 13796, 17139, 16125, 12059, 9623, 7185, 2418, 18230, 3087, 281, 4379, 1796, 8459, 4400, 17824, 2736, 16446, 13525, 15341, 3275, 7872, 1662, 7557, 4319, 15442, 7181, 10456, 4963, 17048, 16943, 12784, 3441, 5240, 9975, 13216, 17702, 11594, 13554, 6165, 19168, 16070, 3540, 3262, 10661, 4061, 13173, 2875, 17014, 4349, 10818, 8428, 16764, 14232, 8930, 15734, 17680, 7069, 15684, 17050, 18987, 6914, 6863, 19263, 10595, 150, 10039, 2722, 18223, 16444, 6559, 7258, 2661, 7699, 17136, 12773, 4247, 5723, 15194, 1696, 1500, 2807, 9893, 11835, 13240, 18313, 17107, 10265, 10244, 5570, 2862, 14049, 1012, 12861, 723, 9583, 17461, 10056, 1264, 8297, 3716, 14666, 15259, 13531, 543, 13723, 16810, 6700, 3516, 13766, 7186, 10692, 6321, 15484, 14547, 8744, 3703, 10383, 16829, 6366, 6846, 3906, 2021, 18133, 857, 279, 12232, 10212, 10541, 12325, 13475, 1225, 937, 6966, 10881, 16936, 18502, 1440, 11914, 3326, 5633, 14913, 4623, 10743, 12361, 17335, 1072, 5043, 14810, 15077, 3255, 17215, 6553, 17852, 4801, 6962, 3060, 9430, 8799, 13824, 188, 15175, 15163, 4733, 5011, 3536, 17635, 6532, 14071, 6112, 17158, 6597, 11272, 105, 19219, 5013, 12483, 201, 6848, 17033, 6367, 7859, 14702, 18844, 7053, 18694, 15670, 636, 10129, 6378, 5369, 7273, 16247, 9142, 15345, 16817, 14854, 2600, 15783, 889, 11833, 6612, 2068, 2427, 7062, 7918, 16181, 5464, 8339, 8950, 8453, 16423, 6064, 2380, 4268, 13929, 12974, 19141, 1299, 2484, 3883, 3273, 8772, 13256, 11239, 5766, 18098, 12705, 11004, 2695, 10048, 10960, 2766, 15661, 13258, 8015, 6032, 16397, 7749, 19039, 7634, 15076, 4234, 15114, 8475, 8091, 19220, 18004, 9704, 13918, 15569, 16443, 10015, 9943, 7817, 9349, 2588, 8249, 398, 5316, 15538, 18372, 13559, 2937, 2803, 16248, 6155, 630, 9911, 13190, 19157, 15788, 13248, 13148, 1320, 12074, 8471, 8798, 3213, 12418, 814, 2402, 12718, 12397, 10564, 9875, 10128, 6947, 9491, 17707, 3266, 19196, 14309, 18523, 19043, 17975, 18063, 11618, 15016, 14434, 7680, 1739, 18029, 11694, 1745, 9271, 5189, 9561, 11283, 14978, 10753, 16017, 12914, 978, 2828, 17257, 13135, 5061, 121, 6602, 16015, 19271, 12159, 1244, 8260, 13195, 15873, 12815, 14291, 14515, 118, 4892, 14985, 9551, 12654, 4739, 927, 12176, 9523, 11726, 18187, 5880, 2569, 3386, 13942, 3390, 15774, 129, 65, 12922, 8422, 12692, 16213, 11515, 2111, 8347, 10758, 14064, 4401, 17782, 15621, 6709, 14716, 4091, 13964, 8424, 4218, 7249, 11311, 11171, 18564, 14755, 7114, 14009, 14815, 294, 495, 7684, 6833, 4046, 3505, 16995, 17858, 7761, 15803, 9840, 13958, 8226, 10369, 12497, 17142, 1748, 2854, 7159, 11539, 11055, 13337, 17173, 14214, 6803, 11144, 12649, 283, 15489, 13174, 7015, 610, 7030, 18206, 14077, 15468, 14962, 8046, 7809, 17387, 16034, 16678, 1173, 3502, 12942, 15655, 16859, 7099, 1673, 446, 1365, 5881, 3713, 11697, 1897, 16001, 1702, 14149, 11876, 9341, 4325, 6923, 2001, 138, 3276, 18716, 17604, 10501, 115, 12800, 6111, 11148, 4549, 16057, 4707, 6843, 16091, 4295, 7519, 13708, 12409, 11018, 5052, 13566, 14715, 12755, 793, 10837, 1888, 12375, 3935, 5763, 11791, 11258, 13264, 11469, 4683, 8905, 1853, 11600, 4421, 2798, 5074, 18141, 13807, 8595, 8126, 13837, 8060, 6956, 11767, 14560, 9389, 15261, 1232, 12560, 7262, 11504, 3546, 4627, 1177, 517, 4008, 9219, 17696, 4148, 14124, 13243, 11235, 7561, 8331, 16320, 3591, 11341, 4015, 12028, 14929, 18601, 3528, 14065, 1510, 19191, 13833, 17616, 10869, 17689, 831, 16725, 6319, 15465, 10467, 8162, 13563, 7728, 10778, 13545, 12290, 16480, 14401, 12838, 4212, 17529, 4832, 15111, 12690, 10373, 7596, 18614, 17477, 1043, 13100, 4774, 17479, 3774, 9302, 3901, 13071, 6412, 9516, 1261, 3054, 13522, 17602, 14343, 18500, 10957, 2791, 9624, 3634, 17904, 5709, 14670, 11058, 7087, 7435, 13848, 82, 5565, 2562, 14029, 3583, 1676, 12709, 18473, 3158, 12787, 8068, 8263, 16146, 3593, 1802, 1861, 3348, 4487, 17749, 6105, 10471, 17472, 10200, 1182, 14180, 1076, 10156, 4839, 9903, 4879, 9720, 2157, 15344, 16067, 3064, 17182, 5368, 4987, 18484, 18923, 11896, 1052, 15727, 15289, 5885, 1933, 5251, 17072, 6038, 6195, 13524, 6606, 18506, 17536, 6784, 3231, 14121, 8925, 10030, 803, 13764, 146, 19268, 14099, 4130, 16372, 1537, 12248, 13718, 17187, 11728, 1740, 19233, 5600, 4092, 4779, 6028, 3395, 16152, 19150, 2417, 11980, 11237, 8427, 18127, 3538, 9257, 607, 2078, 18457, 5802, 3435, 15019, 4256, 9221, 13465, 11742, 5788, 9528, 17493, 4607, 3131, 6616, 5356, 1550, 4617, 8827, 849, 2601, 4437, 17861, 10261, 15704, 3890, 8149, 12063, 3086, 15925, 12301, 6847, 5603, 7768, 3187, 13372, 9258, 6584, 7594, 2603, 1835, 17380, 17193, 15251, 15937, 18731, 4082, 14911, 16626, 8824, 16208, 10167, 17711, 9678, 15852, 13620, 16479, 14586, 2446, 4866, 1315, 7746, 10615, 7927, 2443, 7157, 13506, 18410, 10494]",3123,1500,3,False,1500
4933,takeaway query,takeaway query,62,True,True,True,"{21: 26, 33: 14, 2: 18, 29: 13, 25: 57, 43: 9, 57: 16, 49: 16, 61: 14, 67: 52, 65: 21, 50: 28, 15: 53, 6: 13, 46: 15, 27: 69, 7: 65, 48: 67, 19: 21, 31: 14, 63: 26, 22: 39, 9: 79, 26: 40, 47: 15, 53: 66, 11: 19, 51: 26, 54: 9, 13: 32, 17: 37, 52: 30, 39: 27, 38: 19, 1: 6, 59: 33, 56: 23, 32: 9, 8: 25, 4: 12, 20: 26, 24: 7, 18: 31, 42: 7, 28: 31, 45: 57, 0: 13, 66: 11, 62: 11, 35: 7, 64: 15, 37: 2, 40: 25, 3: 3, 14: 5, 12: 8, 16: 15, 55: 16, 30: 13, 58: 6, 36: 4, 60: 5, 5: 3, 41: 2, 44: 2, 34: 2}","[12686, 3384, 6034, 14374, 14516, 14680, 18580, 5912, 661, 4433, 14182, 14634, 14672, 13694, 17233, 12320, 12666, 7276, 14925, 15315, 1125, 14820, 3769, 14096, 12401, 14972, 14176, 4685, 4278, 5735, 7514, 16051, 15882, 4696, 17145, 19193, 12994, 9901, 13641, 15193, 6739, 9240, 1608, 14664, 18117, 5676, 15714, 5964, 5329, 16651, 15936, 14441, 15878, 18316, 14255, 18692, 5858, 4640, 10716, 13839, 16635, 2097, 11464, 12427, 2320, 14629, 7617, 16183, 16205, 2170, 4384, 6683, 5285, 18707, 6780, 4231, 2404, 4895, 18091, 2944, 13054, 3904, 3491, 9455, 15985, 10432, 8657, 15304, 9114, 5838, 5197, 17244, 6207, 3970, 17246, 3950, 6168, 8697, 6800, 9942, 11118, 8582, 6355, 15275, 4581, 12724, 11921, 1833, 523, 7619, 15729, 176, 8576, 3101, 1573, 1283, 11796, 11277, 2547, 1738, 6806, 15187, 7129, 5179, 5854, 16373, 9231, 6270, 777, 2062, 13249, 4144, 6325, 3924, 5350, 14414, 3142, 2249, 6444, 13582, 2833, 18030, 6483, 18404, 15057, 7482, 15001, 15872, 14584, 10835, 954, 7257, 1381, 17819, 17518, 6497, 14430, 4901, 16466, 10805, 132, 7506, 755, 14427, 12119, 16613, 19042, 14994, 11257, 8042, 2144, 5966, 1580, 8010, 2550, 10684, 14088, 5037, 8764, 17076, 14185, 15984, 5299, 16601, 19182, 13197, 14561, 12605, 17010, 2703, 6715, 11207, 10188, 212, 2293, 17676, 1720, 5934, 112, 8568, 15870, 3226, 4524, 4431, 5141, 5383, 7609, 12807, 19001, 14368, 6704, 14903, 4172, 117, 18698, 1699, 16558, 7518, 10618, 2110, 10308, 7828, 6623, 17644, 4449, 951, 13858, 15106, 8402, 916, 4771, 8608, 6448, 6656, 13547, 2814, 8336, 8093, 6398, 637, 9909, 10621, 786, 14146, 17292, 9457, 3, 2884, 14785, 10504, 16361, 8181, 17690, 654, 11067, 18741, 386, 18208, 10130, 8079, 7082, 14740, 8076, 18619, 14428, 10992, 12679, 9431, 18328, 13606, 7641, 13542, 1002, 11975, 15646, 19078, 1352, 8683, 16053, 11763, 14823, 7059, 4995, 3754, 6213, 10090, 19084, 1973, 8131, 5353, 836, 13960, 3217, 4885, 9645, 16941, 14750, 13171, 9132, 1355, 4440, 15747, 8233, 6008, 12781, 16749, 13905, 18198, 5033, 2910, 16502, 1233, 965, 16926, 3944, 13518, 18213, 12739, 9972, 14609, 5764, 6128, 9532, 12680, 3672, 5458, 6822, 11547, 3163, 8040, 14081, 8369, 18182, 17541, 11552, 12451, 15074, 1783, 17730, 1690, 16992, 2490, 2459, 18065, 320, 18311, 45, 9495, 4572, 544, 12731, 16811, 15096, 14957, 4594, 16607, 2449, 7791, 13659, 8892, 1713, 17336, 6598, 13832, 10495, 18937, 3067, 3473, 12715, 13492, 14787, 16503, 17899, 16638, 2408, 7141, 10590, 2917, 14650, 12571, 4321, 2855, 1829, 3736, 3381, 11069, 16093, 15201, 14311, 9836, 18289, 16899, 897, 13981, 12223, 8884, 15721, 7778, 13648, 5737, 6550, 19249, 2715, 447, 12941, 8915, 18963, 16291, 760, 5869, 3635, 3439, 6740, 5003, 3174, 2945, 16056, 4860, 11216, 7363, 1147, 12124, 9764, 11245, 4361, 7784, 16285, 17057, 11203, 5114, 17655, 12056, 17890, 7741, 15799, 10258, 16088, 19222, 15303, 1433, 5991, 322, 2322, 3156, 9940, 7814, 17068, 16968, 10018, 1991, 11946, 8705, 10371, 4619, 11074, 2034, 15550, 11743, 18666, 13494, 14175, 13948, 15123, 11154, 10397, 1701, 4770, 839, 12085, 16500, 16241, 1535, 18782, 2221, 539, 18405, 4245, 103, 1571, 16945, 12196, 9441, 1732, 1367, 3596, 4794, 7230, 5245, 17483, 2955, 2003, 11509, 4044, 12934, 3456, 16693, 593, 4582, 14076, 10972, 1965, 7227, 14324, 8658, 3772, 8355, 11889, 1908, 2684, 10026, 1666, 16507, 5589, 9295, 8389, 2099, 18653, 13808, 19147, 6675, 10970, 2788, 19028, 16983, 16166, 9845, 8160, 11381, 10088, 10333, 11716, 14695, 12697, 4365, 3747, 17296, 11904, 74, 7047, 10639, 13094, 940, 10478, 2032, 6642, 14896, 10840, 5430, 5556, 12597, 2183, 18403, 4252, 14613, 18283, 8790, 12140, 13540, 13353, 14114, 13297, 4056, 14038, 11299, 13770, 11433, 14285, 1526, 1955, 15711, 255, 12481, 612, 1635, 4886, 357, 11434, 9524, 13106, 2607, 5391, 9406, 2331, 624, 2749, 17849, 9829, 11436, 18426, 9481, 18550, 15647, 532, 11720, 11824, 15610, 15741, 7902, 13558, 17967, 14539, 17889, 4631, 1238, 16921, 7787, 15293, 3108, 8215, 2851, 4514, 12938, 16730, 17178, 4890, 17960, 4725, 7917, 3191, 8231, 16341, 8195, 10913, 2173, 5557, 2637, 16896, 5806, 1815, 1451, 8864, 2290, 12108, 5328, 6203, 2431, 7508, 17898, 17188, 6897, 1199, 15526, 18437, 6631, 8644, 16917, 14964, 14233, 2454, 584, 4830, 7199, 4180, 14889, 5761, 13756, 6917, 7756, 18880, 15095, 1816, 14070, 16252, 7429, 16589, 1631, 15968, 15221, 12478, 18594, 1477, 5637, 12058, 1205, 13397, 9107, 18654, 1968, 3759, 13147, 14144, 14973, 12452, 18020, 13592, 17920, 13687, 11335, 7207, 418, 7834, 778, 12982, 10688, 9031, 509, 9601, 9780, 17040, 12023, 3916, 91, 6536, 18535, 7547, 15240, 707, 14533, 15064, 17012, 16805, 8637, 5969, 16221, 1940, 13307, 4717, 12615, 18220, 11028, 12170, 1743, 2376, 12415, 14220, 18827, 1294, 18543, 6977, 15309, 11778, 11842, 17103, 3857, 4637, 12162, 19169, 17166, 18237, 17818, 9507, 19022, 5790, 19112, 15611, 1118, 15184, 18703, 1817, 15530, 16579, 8437, 11839, 11378, 3537, 9205, 9217, 16272, 18759, 16828, 12002, 8348, 1723, 3481, 14115, 379, 8544, 264, 6015, 7672, 2253, 7364, 3706, 13796, 17139, 16125, 12059, 9623, 7185, 2418, 18230, 3087, 281, 4379, 1796, 8459, 4400, 17824, 2736, 16446, 13525, 15341, 3275, 7872, 1662, 7557, 4319, 15442, 7181, 10456, 4963, 17048, 16943, 12784, 3441, 5240, 9975, 13216, 17702, 11594, 13554, 6165, 19168, 16070, 3540, 3262, 10661, 4061, 13173, 2875, 17014, 4349, 10818, 8428, 16764, 14232, 8930, 15734, 17680, 7069, 15684, 17050, 18987, 6914, 6863, 19263, 10595, 150, 10039, 2722, 18223, 16444, 6559, 7258, 2661, 7699, 17136, 12773, 4247, 5723, 15194, 1696, 1500, 2807, 9893, 11835, 13240, 18313, 17107, 10265, 10244, 5570, 2862, 14049, 1012, 12861, 723, 9583, 17461, 10056, 1264, 8297, 3716, 14666, 15259, 13531, 543, 13723, 16810, 6700, 3516, 13766, 7186, 10692, 6321, 15484, 14547, 8744, 3703, 10383, 16829, 6366, 6846, 3906, 2021, 18133, 857, 279, 12232, 10212, 10541, 12325, 13475, 1225, 937, 6966, 10881, 16936, 18502, 1440, 11914, 3326, 5633, 14913, 4623, 10743, 12361, 17335, 1072, 5043, 14810, 15077, 3255, 17215, 6553, 17852, 4801, 6962, 3060, 9430, 8799, 13824, 188, 15175, 15163, 4733, 5011, 3536, 17635, 6532, 14071, 6112, 17158, 6597, 11272, 105, 19219, 5013, 12483, 201, 6848, 17033, 6367, 7859, 14702, 18844, 7053, 18694, 15670, 636, 10129, 6378, 5369, 7273, 16247, 9142, 15345, 16817, 14854, 2600, 15783, 889, 11833, 6612, 2068, 2427, 7062, 7918, 16181, 5464, 8339, 8950, 8453, 16423, 6064, 2380, 4268, 13929, 12974, 19141, 1299, 2484, 3883, 3273, 8772, 13256, 11239, 5766, 18098, 12705, 11004, 2695, 10048, 10960, 2766, 15661, 13258, 8015, 6032, 16397, 7749, 19039, 7634, 15076, 4234, 15114, 8475, 8091, 19220, 18004, 9704, 13918, 15569, 16443, 10015, 9943, 7817, 9349, 2588, 8249, 398, 5316, 15538, 18372, 13559, 2937, 2803, 16248, 6155, 630, 9911, 13190, 19157, 15788, 13248, 13148, 1320, 12074, 8471, 8798, 3213, 12418, 814, 2402, 12718, 12397, 10564, 9875, 10128, 6947, 9491, 17707, 3266, 19196, 14309, 18523, 19043, 17975, 18063, 11618, 15016, 14434, 7680, 1739, 18029, 11694, 1745, 9271, 5189, 9561, 11283, 14978, 10753, 16017, 12914, 978, 2828, 17257, 13135, 5061, 121, 6602, 16015, 19271, 12159, 1244, 8260, 13195, 15873, 12815, 14291, 14515, 118, 4892, 14985, 9551, 12654, 4739, 927, 12176, 9523, 11726, 18187, 5880, 2569, 3386, 13942, 3390, 15774, 129, 65, 12922, 8422, 12692, 16213, 11515, 2111, 8347, 10758, 14064, 4401, 17782, 15621, 6709, 14716, 4091, 13964, 8424, 4218, 7249, 11311, 11171, 18564, 14755, 7114, 14009, 14815, 294, 495, 7684, 6833, 4046, 3505, 16995, 17858, 7761, 15803, 9840, 13958, 8226, 10369, 12497, 17142, 1748, 2854, 7159, 11539, 11055, 13337, 17173, 14214, 6803, 11144, 12649, 283, 15489, 13174, 7015, 610, 7030, 18206, 14077, 15468, 14962, 8046, 7809, 17387, 16034, 16678, 1173, 3502, 12942, 15655, 16859, 7099, 1673, 446, 1365, 5881, 3713, 11697, 1897, 16001, 1702, 14149, 11876, 9341, 4325, 6923, 2001, 138, 3276, 18716, 17604, 10501, 115, 12800, 6111, 11148, 4549, 16057, 4707, 6843, 16091, 4295, 7519, 13708, 12409, 11018, 5052, 13566, 14715, 12755, 793, 10837, 1888, 12375, 3935, 5763, 11791, 11258, 13264, 11469, 4683, 8905, 1853, 11600, 4421, 2798, 5074, 18141, 13807, 8595, 8126, 13837, 8060, 6956, 11767, 14560, 9389, 15261, 1232, 12560, 7262, 11504, 3546, 4627, 1177, 517, 4008, 9219, 17696, 4148, 14124, 13243, 11235, 7561, 8331, 16320, 3591, 11341, 4015, 12028, 14929, 18601, 3528, 14065, 1510, 19191, 13833, 17616, 10869, 17689, 831, 16725, 6319, 15465, 10467, 8162, 13563, 7728, 10778, 13545, 12290, 16480, 14401, 12838, 4212, 17529, 4832, 15111, 12690, 10373, 7596, 18614, 17477, 1043, 13100, 4774, 17479, 3774, 9302, 3901, 13071, 6412, 9516, 1261, 3054, 13522, 17602, 14343, 18500, 10957, 2791, 9624, 3634, 17904, 5709, 14670, 11058, 7087, 7435, 13848, 82, 5565, 2562, 14029, 3583, 1676, 12709, 18473, 3158, 12787, 8068, 8263, 16146, 3593, 1802, 1861, 3348, 4487, 17749, 6105, 10471, 17472, 10200, 1182, 14180, 1076, 10156, 4839, 9903, 4879, 9720, 2157, 15344, 16067, 3064, 17182, 5368, 4987, 18484, 18923, 11896, 1052, 15727, 15289, 5885, 1933, 5251, 17072, 6038, 6195, 13524, 6606, 18506, 17536, 6784, 3231, 14121, 8925, 10030, 803, 13764, 146, 19268, 14099, 4130, 16372, 1537, 12248, 13718, 17187, 11728, 1740, 19233, 5600, 4092, 4779, 6028, 3395, 16152, 19150, 2417, 11980, 11237, 8427, 18127, 3538, 9257, 607, 2078, 18457, 5802, 3435, 15019, 4256, 9221, 13465, 11742, 5788, 9528, 17493, 4607, 3131, 6616, 5356, 1550, 4617, 8827, 849, 2601, 4437, 17861, 10261, 15704, 3890, 8149, 12063, 3086, 15925, 12301, 6847, 5603, 7768, 3187, 13372, 9258, 6584, 7594, 2603, 1835, 17380, 17193, 15251, 15937, 18731, 4082, 14911, 16626, 8824, 16208, 10167, 17711, 9678, 15852, 13620, 16479, 14586, 2446, 4866, 1315, 7746, 10615, 7927, 2443, 7157, 13506, 18410, 10494]",4933,1500,3,False,1500
2802,qa factoid,email query contact,16,True,False,False,"{21: 26, 33: 14, 2: 18, 29: 13, 25: 57, 43: 9, 57: 16, 49: 16, 61: 14, 67: 52, 65: 21, 50: 28, 15: 53, 6: 13, 46: 15, 27: 69, 7: 65, 48: 67, 19: 21, 31: 14, 63: 26, 22: 39, 9: 79, 26: 40, 47: 15, 53: 66, 11: 19, 51: 26, 54: 9, 13: 32, 17: 37, 52: 30, 39: 27, 38: 19, 1: 6, 59: 33, 56: 23, 32: 9, 8: 25, 4: 12, 20: 26, 24: 7, 18: 31, 42: 7, 28: 31, 45: 57, 0: 13, 66: 11, 62: 11, 35: 7, 64: 15, 37: 2, 40: 25, 3: 3, 14: 5, 12: 8, 16: 15, 55: 16, 30: 13, 58: 6, 36: 4, 60: 5, 5: 3, 41: 2, 44: 2, 34: 2}","[12686, 3384, 6034, 14374, 14516, 14680, 18580, 5912, 661, 4433, 14182, 14634, 14672, 13694, 17233, 12320, 12666, 7276, 14925, 15315, 1125, 14820, 3769, 14096, 12401, 14972, 14176, 4685, 4278, 5735, 7514, 16051, 15882, 4696, 17145, 19193, 12994, 9901, 13641, 15193, 6739, 9240, 1608, 14664, 18117, 5676, 15714, 5964, 5329, 16651, 15936, 14441, 15878, 18316, 14255, 18692, 5858, 4640, 10716, 13839, 16635, 2097, 11464, 12427, 2320, 14629, 7617, 16183, 16205, 2170, 4384, 6683, 5285, 18707, 6780, 4231, 2404, 4895, 18091, 2944, 13054, 3904, 3491, 9455, 15985, 10432, 8657, 15304, 9114, 5838, 5197, 17244, 6207, 3970, 17246, 3950, 6168, 8697, 6800, 9942, 11118, 8582, 6355, 15275, 4581, 12724, 11921, 1833, 523, 7619, 15729, 176, 8576, 3101, 1573, 1283, 11796, 11277, 2547, 1738, 6806, 15187, 7129, 5179, 5854, 16373, 9231, 6270, 777, 2062, 13249, 4144, 6325, 3924, 5350, 14414, 3142, 2249, 6444, 13582, 2833, 18030, 6483, 18404, 15057, 7482, 15001, 15872, 14584, 10835, 954, 7257, 1381, 17819, 17518, 6497, 14430, 4901, 16466, 10805, 132, 7506, 755, 14427, 12119, 16613, 19042, 14994, 11257, 8042, 2144, 5966, 1580, 8010, 2550, 10684, 14088, 5037, 8764, 17076, 14185, 15984, 5299, 16601, 19182, 13197, 14561, 12605, 17010, 2703, 6715, 11207, 10188, 212, 2293, 17676, 1720, 5934, 112, 8568, 15870, 3226, 4524, 4431, 5141, 5383, 7609, 12807, 19001, 14368, 6704, 14903, 4172, 117, 18698, 1699, 16558, 7518, 10618, 2110, 10308, 7828, 6623, 17644, 4449, 951, 13858, 15106, 8402, 916, 4771, 8608, 6448, 6656, 13547, 2814, 8336, 8093, 6398, 637, 9909, 10621, 786, 14146, 17292, 9457, 3, 2884, 14785, 10504, 16361, 8181, 17690, 654, 11067, 18741, 386, 18208, 10130, 8079, 7082, 14740, 8076, 18619, 14428, 10992, 12679, 9431, 18328, 13606, 7641, 13542, 1002, 11975, 15646, 19078, 1352, 8683, 16053, 11763, 14823, 7059, 4995, 3754, 6213, 10090, 19084, 1973, 8131, 5353, 836, 13960, 3217, 4885, 9645, 16941, 14750, 13171, 9132, 1355, 4440, 15747, 8233, 6008, 12781, 16749, 13905, 18198, 5033, 2910, 16502, 1233, 965, 16926, 3944, 13518, 18213, 12739, 9972, 14609, 5764, 6128, 9532, 12680, 3672, 5458, 6822, 11547, 3163, 8040, 14081, 8369, 18182, 17541, 11552, 12451, 15074, 1783, 17730, 1690, 16992, 2490, 2459, 18065, 320, 18311, 45, 9495, 4572, 544, 12731, 16811, 15096, 14957, 4594, 16607, 2449, 7791, 13659, 8892, 1713, 17336, 6598, 13832, 10495, 18937, 3067, 3473, 12715, 13492, 14787, 16503, 17899, 16638, 2408, 7141, 10590, 2917, 14650, 12571, 4321, 2855, 1829, 3736, 3381, 11069, 16093, 15201, 14311, 9836, 18289, 16899, 897, 13981, 12223, 8884, 15721, 7778, 13648, 5737, 6550, 19249, 2715, 447, 12941, 8915, 18963, 16291, 760, 5869, 3635, 3439, 6740, 5003, 3174, 2945, 16056, 4860, 11216, 7363, 1147, 12124, 9764, 11245, 4361, 7784, 16285, 17057, 11203, 5114, 17655, 12056, 17890, 7741, 15799, 10258, 16088, 19222, 15303, 1433, 5991, 322, 2322, 3156, 9940, 7814, 17068, 16968, 10018, 1991, 11946, 8705, 10371, 4619, 11074, 2034, 15550, 11743, 18666, 13494, 14175, 13948, 15123, 11154, 10397, 1701, 4770, 839, 12085, 16500, 16241, 1535, 18782, 2221, 539, 18405, 4245, 103, 1571, 16945, 12196, 9441, 1732, 1367, 3596, 4794, 7230, 5245, 17483, 2955, 2003, 11509, 4044, 12934, 3456, 16693, 593, 4582, 14076, 10972, 1965, 7227, 14324, 8658, 3772, 8355, 11889, 1908, 2684, 10026, 1666, 16507, 5589, 9295, 8389, 2099, 18653, 13808, 19147, 6675, 10970, 2788, 19028, 16983, 16166, 9845, 8160, 11381, 10088, 10333, 11716, 14695, 12697, 4365, 3747, 17296, 11904, 74, 7047, 10639, 13094, 940, 10478, 2032, 6642, 14896, 10840, 5430, 5556, 12597, 2183, 18403, 4252, 14613, 18283, 8790, 12140, 13540, 13353, 14114, 13297, 4056, 14038, 11299, 13770, 11433, 14285, 1526, 1955, 15711, 255, 12481, 612, 1635, 4886, 357, 11434, 9524, 13106, 2607, 5391, 9406, 2331, 624, 2749, 17849, 9829, 11436, 18426, 9481, 18550, 15647, 532, 11720, 11824, 15610, 15741, 7902, 13558, 17967, 14539, 17889, 4631, 1238, 16921, 7787, 15293, 3108, 8215, 2851, 4514, 12938, 16730, 17178, 4890, 17960, 4725, 7917, 3191, 8231, 16341, 8195, 10913, 2173, 5557, 2637, 16896, 5806, 1815, 1451, 8864, 2290, 12108, 5328, 6203, 2431, 7508, 17898, 17188, 6897, 1199, 15526, 18437, 6631, 8644, 16917, 14964, 14233, 2454, 584, 4830, 7199, 4180, 14889, 5761, 13756, 6917, 7756, 18880, 15095, 1816, 14070, 16252, 7429, 16589, 1631, 15968, 15221, 12478, 18594, 1477, 5637, 12058, 1205, 13397, 9107, 18654, 1968, 3759, 13147, 14144, 14973, 12452, 18020, 13592, 17920, 13687, 11335, 7207, 418, 7834, 778, 12982, 10688, 9031, 509, 9601, 9780, 17040, 12023, 3916, 91, 6536, 18535, 7547, 15240, 707, 14533, 15064, 17012, 16805, 8637, 5969, 16221, 1940, 13307, 4717, 12615, 18220, 11028, 12170, 1743, 2376, 12415, 14220, 18827, 1294, 18543, 6977, 15309, 11778, 11842, 17103, 3857, 4637, 12162, 19169, 17166, 18237, 17818, 9507, 19022, 5790, 19112, 15611, 1118, 15184, 18703, 1817, 15530, 16579, 8437, 11839, 11378, 3537, 9205, 9217, 16272, 18759, 16828, 12002, 8348, 1723, 3481, 14115, 379, 8544, 264, 6015, 7672, 2253, 7364, 3706, 13796, 17139, 16125, 12059, 9623, 7185, 2418, 18230, 3087, 281, 4379, 1796, 8459, 4400, 17824, 2736, 16446, 13525, 15341, 3275, 7872, 1662, 7557, 4319, 15442, 7181, 10456, 4963, 17048, 16943, 12784, 3441, 5240, 9975, 13216, 17702, 11594, 13554, 6165, 19168, 16070, 3540, 3262, 10661, 4061, 13173, 2875, 17014, 4349, 10818, 8428, 16764, 14232, 8930, 15734, 17680, 7069, 15684, 17050, 18987, 6914, 6863, 19263, 10595, 150, 10039, 2722, 18223, 16444, 6559, 7258, 2661, 7699, 17136, 12773, 4247, 5723, 15194, 1696, 1500, 2807, 9893, 11835, 13240, 18313, 17107, 10265, 10244, 5570, 2862, 14049, 1012, 12861, 723, 9583, 17461, 10056, 1264, 8297, 3716, 14666, 15259, 13531, 543, 13723, 16810, 6700, 3516, 13766, 7186, 10692, 6321, 15484, 14547, 8744, 3703, 10383, 16829, 6366, 6846, 3906, 2021, 18133, 857, 279, 12232, 10212, 10541, 12325, 13475, 1225, 937, 6966, 10881, 16936, 18502, 1440, 11914, 3326, 5633, 14913, 4623, 10743, 12361, 17335, 1072, 5043, 14810, 15077, 3255, 17215, 6553, 17852, 4801, 6962, 3060, 9430, 8799, 13824, 188, 15175, 15163, 4733, 5011, 3536, 17635, 6532, 14071, 6112, 17158, 6597, 11272, 105, 19219, 5013, 12483, 201, 6848, 17033, 6367, 7859, 14702, 18844, 7053, 18694, 15670, 636, 10129, 6378, 5369, 7273, 16247, 9142, 15345, 16817, 14854, 2600, 15783, 889, 11833, 6612, 2068, 2427, 7062, 7918, 16181, 5464, 8339, 8950, 8453, 16423, 6064, 2380, 4268, 13929, 12974, 19141, 1299, 2484, 3883, 3273, 8772, 13256, 11239, 5766, 18098, 12705, 11004, 2695, 10048, 10960, 2766, 15661, 13258, 8015, 6032, 16397, 7749, 19039, 7634, 15076, 4234, 15114, 8475, 8091, 19220, 18004, 9704, 13918, 15569, 16443, 10015, 9943, 7817, 9349, 2588, 8249, 398, 5316, 15538, 18372, 13559, 2937, 2803, 16248, 6155, 630, 9911, 13190, 19157, 15788, 13248, 13148, 1320, 12074, 8471, 8798, 3213, 12418, 814, 2402, 12718, 12397, 10564, 9875, 10128, 6947, 9491, 17707, 3266, 19196, 14309, 18523, 19043, 17975, 18063, 11618, 15016, 14434, 7680, 1739, 18029, 11694, 1745, 9271, 5189, 9561, 11283, 14978, 10753, 16017, 12914, 978, 2828, 17257, 13135, 5061, 121, 6602, 16015, 19271, 12159, 1244, 8260, 13195, 15873, 12815, 14291, 14515, 118, 4892, 14985, 9551, 12654, 4739, 927, 12176, 9523, 11726, 18187, 5880, 2569, 3386, 13942, 3390, 15774, 129, 65, 12922, 8422, 12692, 16213, 11515, 2111, 8347, 10758, 14064, 4401, 17782, 15621, 6709, 14716, 4091, 13964, 8424, 4218, 7249, 11311, 11171, 18564, 14755, 7114, 14009, 14815, 294, 495, 7684, 6833, 4046, 3505, 16995, 17858, 7761, 15803, 9840, 13958, 8226, 10369, 12497, 17142, 1748, 2854, 7159, 11539, 11055, 13337, 17173, 14214, 6803, 11144, 12649, 283, 15489, 13174, 7015, 610, 7030, 18206, 14077, 15468, 14962, 8046, 7809, 17387, 16034, 16678, 1173, 3502, 12942, 15655, 16859, 7099, 1673, 446, 1365, 5881, 3713, 11697, 1897, 16001, 1702, 14149, 11876, 9341, 4325, 6923, 2001, 138, 3276, 18716, 17604, 10501, 115, 12800, 6111, 11148, 4549, 16057, 4707, 6843, 16091, 4295, 7519, 13708, 12409, 11018, 5052, 13566, 14715, 12755, 793, 10837, 1888, 12375, 3935, 5763, 11791, 11258, 13264, 11469, 4683, 8905, 1853, 11600, 4421, 2798, 5074, 18141, 13807, 8595, 8126, 13837, 8060, 6956, 11767, 14560, 9389, 15261, 1232, 12560, 7262, 11504, 3546, 4627, 1177, 517, 4008, 9219, 17696, 4148, 14124, 13243, 11235, 7561, 8331, 16320, 3591, 11341, 4015, 12028, 14929, 18601, 3528, 14065, 1510, 19191, 13833, 17616, 10869, 17689, 831, 16725, 6319, 15465, 10467, 8162, 13563, 7728, 10778, 13545, 12290, 16480, 14401, 12838, 4212, 17529, 4832, 15111, 12690, 10373, 7596, 18614, 17477, 1043, 13100, 4774, 17479, 3774, 9302, 3901, 13071, 6412, 9516, 1261, 3054, 13522, 17602, 14343, 18500, 10957, 2791, 9624, 3634, 17904, 5709, 14670, 11058, 7087, 7435, 13848, 82, 5565, 2562, 14029, 3583, 1676, 12709, 18473, 3158, 12787, 8068, 8263, 16146, 3593, 1802, 1861, 3348, 4487, 17749, 6105, 10471, 17472, 10200, 1182, 14180, 1076, 10156, 4839, 9903, 4879, 9720, 2157, 15344, 16067, 3064, 17182, 5368, 4987, 18484, 18923, 11896, 1052, 15727, 15289, 5885, 1933, 5251, 17072, 6038, 6195, 13524, 6606, 18506, 17536, 6784, 3231, 14121, 8925, 10030, 803, 13764, 146, 19268, 14099, 4130, 16372, 1537, 12248, 13718, 17187, 11728, 1740, 19233, 5600, 4092, 4779, 6028, 3395, 16152, 19150, 2417, 11980, 11237, 8427, 18127, 3538, 9257, 607, 2078, 18457, 5802, 3435, 15019, 4256, 9221, 13465, 11742, 5788, 9528, 17493, 4607, 3131, 6616, 5356, 1550, 4617, 8827, 849, 2601, 4437, 17861, 10261, 15704, 3890, 8149, 12063, 3086, 15925, 12301, 6847, 5603, 7768, 3187, 13372, 9258, 6584, 7594, 2603, 1835, 17380, 17193, 15251, 15937, 18731, 4082, 14911, 16626, 8824, 16208, 10167, 17711, 9678, 15852, 13620, 16479, 14586, 2446, 4866, 1315, 7746, 10615, 7927, 2443, 7157, 13506, 18410, 10494]",2802,1500,3,False,1500
501,cooking recipe,cooking reci,11,True,True,False,"{21: 26, 33: 14, 2: 18, 29: 13, 25: 57, 43: 9, 57: 16, 49: 16, 61: 14, 67: 52, 65: 21, 50: 28, 15: 53, 6: 13, 46: 15, 27: 69, 7: 65, 48: 67, 19: 21, 31: 14, 63: 26, 22: 39, 9: 79, 26: 40, 47: 15, 53: 66, 11: 19, 51: 26, 54: 9, 13: 32, 17: 37, 52: 30, 39: 27, 38: 19, 1: 6, 59: 33, 56: 23, 32: 9, 8: 25, 4: 12, 20: 26, 24: 7, 18: 31, 42: 7, 28: 31, 45: 57, 0: 13, 66: 11, 62: 11, 35: 7, 64: 15, 37: 2, 40: 25, 3: 3, 14: 5, 12: 8, 16: 15, 55: 16, 30: 13, 58: 6, 36: 4, 60: 5, 5: 3, 41: 2, 44: 2, 34: 2}","[12686, 3384, 6034, 14374, 14516, 14680, 18580, 5912, 661, 4433, 14182, 14634, 14672, 13694, 17233, 12320, 12666, 7276, 14925, 15315, 1125, 14820, 3769, 14096, 12401, 14972, 14176, 4685, 4278, 5735, 7514, 16051, 15882, 4696, 17145, 19193, 12994, 9901, 13641, 15193, 6739, 9240, 1608, 14664, 18117, 5676, 15714, 5964, 5329, 16651, 15936, 14441, 15878, 18316, 14255, 18692, 5858, 4640, 10716, 13839, 16635, 2097, 11464, 12427, 2320, 14629, 7617, 16183, 16205, 2170, 4384, 6683, 5285, 18707, 6780, 4231, 2404, 4895, 18091, 2944, 13054, 3904, 3491, 9455, 15985, 10432, 8657, 15304, 9114, 5838, 5197, 17244, 6207, 3970, 17246, 3950, 6168, 8697, 6800, 9942, 11118, 8582, 6355, 15275, 4581, 12724, 11921, 1833, 523, 7619, 15729, 176, 8576, 3101, 1573, 1283, 11796, 11277, 2547, 1738, 6806, 15187, 7129, 5179, 5854, 16373, 9231, 6270, 777, 2062, 13249, 4144, 6325, 3924, 5350, 14414, 3142, 2249, 6444, 13582, 2833, 18030, 6483, 18404, 15057, 7482, 15001, 15872, 14584, 10835, 954, 7257, 1381, 17819, 17518, 6497, 14430, 4901, 16466, 10805, 132, 7506, 755, 14427, 12119, 16613, 19042, 14994, 11257, 8042, 2144, 5966, 1580, 8010, 2550, 10684, 14088, 5037, 8764, 17076, 14185, 15984, 5299, 16601, 19182, 13197, 14561, 12605, 17010, 2703, 6715, 11207, 10188, 212, 2293, 17676, 1720, 5934, 112, 8568, 15870, 3226, 4524, 4431, 5141, 5383, 7609, 12807, 19001, 14368, 6704, 14903, 4172, 117, 18698, 1699, 16558, 7518, 10618, 2110, 10308, 7828, 6623, 17644, 4449, 951, 13858, 15106, 8402, 916, 4771, 8608, 6448, 6656, 13547, 2814, 8336, 8093, 6398, 637, 9909, 10621, 786, 14146, 17292, 9457, 3, 2884, 14785, 10504, 16361, 8181, 17690, 654, 11067, 18741, 386, 18208, 10130, 8079, 7082, 14740, 8076, 18619, 14428, 10992, 12679, 9431, 18328, 13606, 7641, 13542, 1002, 11975, 15646, 19078, 1352, 8683, 16053, 11763, 14823, 7059, 4995, 3754, 6213, 10090, 19084, 1973, 8131, 5353, 836, 13960, 3217, 4885, 9645, 16941, 14750, 13171, 9132, 1355, 4440, 15747, 8233, 6008, 12781, 16749, 13905, 18198, 5033, 2910, 16502, 1233, 965, 16926, 3944, 13518, 18213, 12739, 9972, 14609, 5764, 6128, 9532, 12680, 3672, 5458, 6822, 11547, 3163, 8040, 14081, 8369, 18182, 17541, 11552, 12451, 15074, 1783, 17730, 1690, 16992, 2490, 2459, 18065, 320, 18311, 45, 9495, 4572, 544, 12731, 16811, 15096, 14957, 4594, 16607, 2449, 7791, 13659, 8892, 1713, 17336, 6598, 13832, 10495, 18937, 3067, 3473, 12715, 13492, 14787, 16503, 17899, 16638, 2408, 7141, 10590, 2917, 14650, 12571, 4321, 2855, 1829, 3736, 3381, 11069, 16093, 15201, 14311, 9836, 18289, 16899, 897, 13981, 12223, 8884, 15721, 7778, 13648, 5737, 6550, 19249, 2715, 447, 12941, 8915, 18963, 16291, 760, 5869, 3635, 3439, 6740, 5003, 3174, 2945, 16056, 4860, 11216, 7363, 1147, 12124, 9764, 11245, 4361, 7784, 16285, 17057, 11203, 5114, 17655, 12056, 17890, 7741, 15799, 10258, 16088, 19222, 15303, 1433, 5991, 322, 2322, 3156, 9940, 7814, 17068, 16968, 10018, 1991, 11946, 8705, 10371, 4619, 11074, 2034, 15550, 11743, 18666, 13494, 14175, 13948, 15123, 11154, 10397, 1701, 4770, 839, 12085, 16500, 16241, 1535, 18782, 2221, 539, 18405, 4245, 103, 1571, 16945, 12196, 9441, 1732, 1367, 3596, 4794, 7230, 5245, 17483, 2955, 2003, 11509, 4044, 12934, 3456, 16693, 593, 4582, 14076, 10972, 1965, 7227, 14324, 8658, 3772, 8355, 11889, 1908, 2684, 10026, 1666, 16507, 5589, 9295, 8389, 2099, 18653, 13808, 19147, 6675, 10970, 2788, 19028, 16983, 16166, 9845, 8160, 11381, 10088, 10333, 11716, 14695, 12697, 4365, 3747, 17296, 11904, 74, 7047, 10639, 13094, 940, 10478, 2032, 6642, 14896, 10840, 5430, 5556, 12597, 2183, 18403, 4252, 14613, 18283, 8790, 12140, 13540, 13353, 14114, 13297, 4056, 14038, 11299, 13770, 11433, 14285, 1526, 1955, 15711, 255, 12481, 612, 1635, 4886, 357, 11434, 9524, 13106, 2607, 5391, 9406, 2331, 624, 2749, 17849, 9829, 11436, 18426, 9481, 18550, 15647, 532, 11720, 11824, 15610, 15741, 7902, 13558, 17967, 14539, 17889, 4631, 1238, 16921, 7787, 15293, 3108, 8215, 2851, 4514, 12938, 16730, 17178, 4890, 17960, 4725, 7917, 3191, 8231, 16341, 8195, 10913, 2173, 5557, 2637, 16896, 5806, 1815, 1451, 8864, 2290, 12108, 5328, 6203, 2431, 7508, 17898, 17188, 6897, 1199, 15526, 18437, 6631, 8644, 16917, 14964, 14233, 2454, 584, 4830, 7199, 4180, 14889, 5761, 13756, 6917, 7756, 18880, 15095, 1816, 14070, 16252, 7429, 16589, 1631, 15968, 15221, 12478, 18594, 1477, 5637, 12058, 1205, 13397, 9107, 18654, 1968, 3759, 13147, 14144, 14973, 12452, 18020, 13592, 17920, 13687, 11335, 7207, 418, 7834, 778, 12982, 10688, 9031, 509, 9601, 9780, 17040, 12023, 3916, 91, 6536, 18535, 7547, 15240, 707, 14533, 15064, 17012, 16805, 8637, 5969, 16221, 1940, 13307, 4717, 12615, 18220, 11028, 12170, 1743, 2376, 12415, 14220, 18827, 1294, 18543, 6977, 15309, 11778, 11842, 17103, 3857, 4637, 12162, 19169, 17166, 18237, 17818, 9507, 19022, 5790, 19112, 15611, 1118, 15184, 18703, 1817, 15530, 16579, 8437, 11839, 11378, 3537, 9205, 9217, 16272, 18759, 16828, 12002, 8348, 1723, 3481, 14115, 379, 8544, 264, 6015, 7672, 2253, 7364, 3706, 13796, 17139, 16125, 12059, 9623, 7185, 2418, 18230, 3087, 281, 4379, 1796, 8459, 4400, 17824, 2736, 16446, 13525, 15341, 3275, 7872, 1662, 7557, 4319, 15442, 7181, 10456, 4963, 17048, 16943, 12784, 3441, 5240, 9975, 13216, 17702, 11594, 13554, 6165, 19168, 16070, 3540, 3262, 10661, 4061, 13173, 2875, 17014, 4349, 10818, 8428, 16764, 14232, 8930, 15734, 17680, 7069, 15684, 17050, 18987, 6914, 6863, 19263, 10595, 150, 10039, 2722, 18223, 16444, 6559, 7258, 2661, 7699, 17136, 12773, 4247, 5723, 15194, 1696, 1500, 2807, 9893, 11835, 13240, 18313, 17107, 10265, 10244, 5570, 2862, 14049, 1012, 12861, 723, 9583, 17461, 10056, 1264, 8297, 3716, 14666, 15259, 13531, 543, 13723, 16810, 6700, 3516, 13766, 7186, 10692, 6321, 15484, 14547, 8744, 3703, 10383, 16829, 6366, 6846, 3906, 2021, 18133, 857, 279, 12232, 10212, 10541, 12325, 13475, 1225, 937, 6966, 10881, 16936, 18502, 1440, 11914, 3326, 5633, 14913, 4623, 10743, 12361, 17335, 1072, 5043, 14810, 15077, 3255, 17215, 6553, 17852, 4801, 6962, 3060, 9430, 8799, 13824, 188, 15175, 15163, 4733, 5011, 3536, 17635, 6532, 14071, 6112, 17158, 6597, 11272, 105, 19219, 5013, 12483, 201, 6848, 17033, 6367, 7859, 14702, 18844, 7053, 18694, 15670, 636, 10129, 6378, 5369, 7273, 16247, 9142, 15345, 16817, 14854, 2600, 15783, 889, 11833, 6612, 2068, 2427, 7062, 7918, 16181, 5464, 8339, 8950, 8453, 16423, 6064, 2380, 4268, 13929, 12974, 19141, 1299, 2484, 3883, 3273, 8772, 13256, 11239, 5766, 18098, 12705, 11004, 2695, 10048, 10960, 2766, 15661, 13258, 8015, 6032, 16397, 7749, 19039, 7634, 15076, 4234, 15114, 8475, 8091, 19220, 18004, 9704, 13918, 15569, 16443, 10015, 9943, 7817, 9349, 2588, 8249, 398, 5316, 15538, 18372, 13559, 2937, 2803, 16248, 6155, 630, 9911, 13190, 19157, 15788, 13248, 13148, 1320, 12074, 8471, 8798, 3213, 12418, 814, 2402, 12718, 12397, 10564, 9875, 10128, 6947, 9491, 17707, 3266, 19196, 14309, 18523, 19043, 17975, 18063, 11618, 15016, 14434, 7680, 1739, 18029, 11694, 1745, 9271, 5189, 9561, 11283, 14978, 10753, 16017, 12914, 978, 2828, 17257, 13135, 5061, 121, 6602, 16015, 19271, 12159, 1244, 8260, 13195, 15873, 12815, 14291, 14515, 118, 4892, 14985, 9551, 12654, 4739, 927, 12176, 9523, 11726, 18187, 5880, 2569, 3386, 13942, 3390, 15774, 129, 65, 12922, 8422, 12692, 16213, 11515, 2111, 8347, 10758, 14064, 4401, 17782, 15621, 6709, 14716, 4091, 13964, 8424, 4218, 7249, 11311, 11171, 18564, 14755, 7114, 14009, 14815, 294, 495, 7684, 6833, 4046, 3505, 16995, 17858, 7761, 15803, 9840, 13958, 8226, 10369, 12497, 17142, 1748, 2854, 7159, 11539, 11055, 13337, 17173, 14214, 6803, 11144, 12649, 283, 15489, 13174, 7015, 610, 7030, 18206, 14077, 15468, 14962, 8046, 7809, 17387, 16034, 16678, 1173, 3502, 12942, 15655, 16859, 7099, 1673, 446, 1365, 5881, 3713, 11697, 1897, 16001, 1702, 14149, 11876, 9341, 4325, 6923, 2001, 138, 3276, 18716, 17604, 10501, 115, 12800, 6111, 11148, 4549, 16057, 4707, 6843, 16091, 4295, 7519, 13708, 12409, 11018, 5052, 13566, 14715, 12755, 793, 10837, 1888, 12375, 3935, 5763, 11791, 11258, 13264, 11469, 4683, 8905, 1853, 11600, 4421, 2798, 5074, 18141, 13807, 8595, 8126, 13837, 8060, 6956, 11767, 14560, 9389, 15261, 1232, 12560, 7262, 11504, 3546, 4627, 1177, 517, 4008, 9219, 17696, 4148, 14124, 13243, 11235, 7561, 8331, 16320, 3591, 11341, 4015, 12028, 14929, 18601, 3528, 14065, 1510, 19191, 13833, 17616, 10869, 17689, 831, 16725, 6319, 15465, 10467, 8162, 13563, 7728, 10778, 13545, 12290, 16480, 14401, 12838, 4212, 17529, 4832, 15111, 12690, 10373, 7596, 18614, 17477, 1043, 13100, 4774, 17479, 3774, 9302, 3901, 13071, 6412, 9516, 1261, 3054, 13522, 17602, 14343, 18500, 10957, 2791, 9624, 3634, 17904, 5709, 14670, 11058, 7087, 7435, 13848, 82, 5565, 2562, 14029, 3583, 1676, 12709, 18473, 3158, 12787, 8068, 8263, 16146, 3593, 1802, 1861, 3348, 4487, 17749, 6105, 10471, 17472, 10200, 1182, 14180, 1076, 10156, 4839, 9903, 4879, 9720, 2157, 15344, 16067, 3064, 17182, 5368, 4987, 18484, 18923, 11896, 1052, 15727, 15289, 5885, 1933, 5251, 17072, 6038, 6195, 13524, 6606, 18506, 17536, 6784, 3231, 14121, 8925, 10030, 803, 13764, 146, 19268, 14099, 4130, 16372, 1537, 12248, 13718, 17187, 11728, 1740, 19233, 5600, 4092, 4779, 6028, 3395, 16152, 19150, 2417, 11980, 11237, 8427, 18127, 3538, 9257, 607, 2078, 18457, 5802, 3435, 15019, 4256, 9221, 13465, 11742, 5788, 9528, 17493, 4607, 3131, 6616, 5356, 1550, 4617, 8827, 849, 2601, 4437, 17861, 10261, 15704, 3890, 8149, 12063, 3086, 15925, 12301, 6847, 5603, 7768, 3187, 13372, 9258, 6584, 7594, 2603, 1835, 17380, 17193, 15251, 15937, 18731, 4082, 14911, 16626, 8824, 16208, 10167, 17711, 9678, 15852, 13620, 16479, 14586, 2446, 4866, 1315, 7746, 10615, 7927, 2443, 7157, 13506, 18410, 10494]",501,1500,3,False,1500
5992,email query,email query,15,True,True,True,"{21: 26, 33: 14, 2: 18, 29: 13, 25: 57, 43: 9, 57: 16, 49: 16, 61: 14, 67: 52, 65: 21, 50: 28, 15: 53, 6: 13, 46: 15, 27: 69, 7: 65, 48: 67, 19: 21, 31: 14, 63: 26, 22: 39, 9: 79, 26: 40, 47: 15, 53: 66, 11: 19, 51: 26, 54: 9, 13: 32, 17: 37, 52: 30, 39: 27, 38: 19, 1: 6, 59: 33, 56: 23, 32: 9, 8: 25, 4: 12, 20: 26, 24: 7, 18: 31, 42: 7, 28: 31, 45: 57, 0: 13, 66: 11, 62: 11, 35: 7, 64: 15, 37: 2, 40: 25, 3: 3, 14: 5, 12: 8, 16: 15, 55: 16, 30: 13, 58: 6, 36: 4, 60: 5, 5: 3, 41: 2, 44: 2, 34: 2}","[12686, 3384, 6034, 14374, 14516, 14680, 18580, 5912, 661, 4433, 14182, 14634, 14672, 13694, 17233, 12320, 12666, 7276, 14925, 15315, 1125, 14820, 3769, 14096, 12401, 14972, 14176, 4685, 4278, 5735, 7514, 16051, 15882, 4696, 17145, 19193, 12994, 9901, 13641, 15193, 6739, 9240, 1608, 14664, 18117, 5676, 15714, 5964, 5329, 16651, 15936, 14441, 15878, 18316, 14255, 18692, 5858, 4640, 10716, 13839, 16635, 2097, 11464, 12427, 2320, 14629, 7617, 16183, 16205, 2170, 4384, 6683, 5285, 18707, 6780, 4231, 2404, 4895, 18091, 2944, 13054, 3904, 3491, 9455, 15985, 10432, 8657, 15304, 9114, 5838, 5197, 17244, 6207, 3970, 17246, 3950, 6168, 8697, 6800, 9942, 11118, 8582, 6355, 15275, 4581, 12724, 11921, 1833, 523, 7619, 15729, 176, 8576, 3101, 1573, 1283, 11796, 11277, 2547, 1738, 6806, 15187, 7129, 5179, 5854, 16373, 9231, 6270, 777, 2062, 13249, 4144, 6325, 3924, 5350, 14414, 3142, 2249, 6444, 13582, 2833, 18030, 6483, 18404, 15057, 7482, 15001, 15872, 14584, 10835, 954, 7257, 1381, 17819, 17518, 6497, 14430, 4901, 16466, 10805, 132, 7506, 755, 14427, 12119, 16613, 19042, 14994, 11257, 8042, 2144, 5966, 1580, 8010, 2550, 10684, 14088, 5037, 8764, 17076, 14185, 15984, 5299, 16601, 19182, 13197, 14561, 12605, 17010, 2703, 6715, 11207, 10188, 212, 2293, 17676, 1720, 5934, 112, 8568, 15870, 3226, 4524, 4431, 5141, 5383, 7609, 12807, 19001, 14368, 6704, 14903, 4172, 117, 18698, 1699, 16558, 7518, 10618, 2110, 10308, 7828, 6623, 17644, 4449, 951, 13858, 15106, 8402, 916, 4771, 8608, 6448, 6656, 13547, 2814, 8336, 8093, 6398, 637, 9909, 10621, 786, 14146, 17292, 9457, 3, 2884, 14785, 10504, 16361, 8181, 17690, 654, 11067, 18741, 386, 18208, 10130, 8079, 7082, 14740, 8076, 18619, 14428, 10992, 12679, 9431, 18328, 13606, 7641, 13542, 1002, 11975, 15646, 19078, 1352, 8683, 16053, 11763, 14823, 7059, 4995, 3754, 6213, 10090, 19084, 1973, 8131, 5353, 836, 13960, 3217, 4885, 9645, 16941, 14750, 13171, 9132, 1355, 4440, 15747, 8233, 6008, 12781, 16749, 13905, 18198, 5033, 2910, 16502, 1233, 965, 16926, 3944, 13518, 18213, 12739, 9972, 14609, 5764, 6128, 9532, 12680, 3672, 5458, 6822, 11547, 3163, 8040, 14081, 8369, 18182, 17541, 11552, 12451, 15074, 1783, 17730, 1690, 16992, 2490, 2459, 18065, 320, 18311, 45, 9495, 4572, 544, 12731, 16811, 15096, 14957, 4594, 16607, 2449, 7791, 13659, 8892, 1713, 17336, 6598, 13832, 10495, 18937, 3067, 3473, 12715, 13492, 14787, 16503, 17899, 16638, 2408, 7141, 10590, 2917, 14650, 12571, 4321, 2855, 1829, 3736, 3381, 11069, 16093, 15201, 14311, 9836, 18289, 16899, 897, 13981, 12223, 8884, 15721, 7778, 13648, 5737, 6550, 19249, 2715, 447, 12941, 8915, 18963, 16291, 760, 5869, 3635, 3439, 6740, 5003, 3174, 2945, 16056, 4860, 11216, 7363, 1147, 12124, 9764, 11245, 4361, 7784, 16285, 17057, 11203, 5114, 17655, 12056, 17890, 7741, 15799, 10258, 16088, 19222, 15303, 1433, 5991, 322, 2322, 3156, 9940, 7814, 17068, 16968, 10018, 1991, 11946, 8705, 10371, 4619, 11074, 2034, 15550, 11743, 18666, 13494, 14175, 13948, 15123, 11154, 10397, 1701, 4770, 839, 12085, 16500, 16241, 1535, 18782, 2221, 539, 18405, 4245, 103, 1571, 16945, 12196, 9441, 1732, 1367, 3596, 4794, 7230, 5245, 17483, 2955, 2003, 11509, 4044, 12934, 3456, 16693, 593, 4582, 14076, 10972, 1965, 7227, 14324, 8658, 3772, 8355, 11889, 1908, 2684, 10026, 1666, 16507, 5589, 9295, 8389, 2099, 18653, 13808, 19147, 6675, 10970, 2788, 19028, 16983, 16166, 9845, 8160, 11381, 10088, 10333, 11716, 14695, 12697, 4365, 3747, 17296, 11904, 74, 7047, 10639, 13094, 940, 10478, 2032, 6642, 14896, 10840, 5430, 5556, 12597, 2183, 18403, 4252, 14613, 18283, 8790, 12140, 13540, 13353, 14114, 13297, 4056, 14038, 11299, 13770, 11433, 14285, 1526, 1955, 15711, 255, 12481, 612, 1635, 4886, 357, 11434, 9524, 13106, 2607, 5391, 9406, 2331, 624, 2749, 17849, 9829, 11436, 18426, 9481, 18550, 15647, 532, 11720, 11824, 15610, 15741, 7902, 13558, 17967, 14539, 17889, 4631, 1238, 16921, 7787, 15293, 3108, 8215, 2851, 4514, 12938, 16730, 17178, 4890, 17960, 4725, 7917, 3191, 8231, 16341, 8195, 10913, 2173, 5557, 2637, 16896, 5806, 1815, 1451, 8864, 2290, 12108, 5328, 6203, 2431, 7508, 17898, 17188, 6897, 1199, 15526, 18437, 6631, 8644, 16917, 14964, 14233, 2454, 584, 4830, 7199, 4180, 14889, 5761, 13756, 6917, 7756, 18880, 15095, 1816, 14070, 16252, 7429, 16589, 1631, 15968, 15221, 12478, 18594, 1477, 5637, 12058, 1205, 13397, 9107, 18654, 1968, 3759, 13147, 14144, 14973, 12452, 18020, 13592, 17920, 13687, 11335, 7207, 418, 7834, 778, 12982, 10688, 9031, 509, 9601, 9780, 17040, 12023, 3916, 91, 6536, 18535, 7547, 15240, 707, 14533, 15064, 17012, 16805, 8637, 5969, 16221, 1940, 13307, 4717, 12615, 18220, 11028, 12170, 1743, 2376, 12415, 14220, 18827, 1294, 18543, 6977, 15309, 11778, 11842, 17103, 3857, 4637, 12162, 19169, 17166, 18237, 17818, 9507, 19022, 5790, 19112, 15611, 1118, 15184, 18703, 1817, 15530, 16579, 8437, 11839, 11378, 3537, 9205, 9217, 16272, 18759, 16828, 12002, 8348, 1723, 3481, 14115, 379, 8544, 264, 6015, 7672, 2253, 7364, 3706, 13796, 17139, 16125, 12059, 9623, 7185, 2418, 18230, 3087, 281, 4379, 1796, 8459, 4400, 17824, 2736, 16446, 13525, 15341, 3275, 7872, 1662, 7557, 4319, 15442, 7181, 10456, 4963, 17048, 16943, 12784, 3441, 5240, 9975, 13216, 17702, 11594, 13554, 6165, 19168, 16070, 3540, 3262, 10661, 4061, 13173, 2875, 17014, 4349, 10818, 8428, 16764, 14232, 8930, 15734, 17680, 7069, 15684, 17050, 18987, 6914, 6863, 19263, 10595, 150, 10039, 2722, 18223, 16444, 6559, 7258, 2661, 7699, 17136, 12773, 4247, 5723, 15194, 1696, 1500, 2807, 9893, 11835, 13240, 18313, 17107, 10265, 10244, 5570, 2862, 14049, 1012, 12861, 723, 9583, 17461, 10056, 1264, 8297, 3716, 14666, 15259, 13531, 543, 13723, 16810, 6700, 3516, 13766, 7186, 10692, 6321, 15484, 14547, 8744, 3703, 10383, 16829, 6366, 6846, 3906, 2021, 18133, 857, 279, 12232, 10212, 10541, 12325, 13475, 1225, 937, 6966, 10881, 16936, 18502, 1440, 11914, 3326, 5633, 14913, 4623, 10743, 12361, 17335, 1072, 5043, 14810, 15077, 3255, 17215, 6553, 17852, 4801, 6962, 3060, 9430, 8799, 13824, 188, 15175, 15163, 4733, 5011, 3536, 17635, 6532, 14071, 6112, 17158, 6597, 11272, 105, 19219, 5013, 12483, 201, 6848, 17033, 6367, 7859, 14702, 18844, 7053, 18694, 15670, 636, 10129, 6378, 5369, 7273, 16247, 9142, 15345, 16817, 14854, 2600, 15783, 889, 11833, 6612, 2068, 2427, 7062, 7918, 16181, 5464, 8339, 8950, 8453, 16423, 6064, 2380, 4268, 13929, 12974, 19141, 1299, 2484, 3883, 3273, 8772, 13256, 11239, 5766, 18098, 12705, 11004, 2695, 10048, 10960, 2766, 15661, 13258, 8015, 6032, 16397, 7749, 19039, 7634, 15076, 4234, 15114, 8475, 8091, 19220, 18004, 9704, 13918, 15569, 16443, 10015, 9943, 7817, 9349, 2588, 8249, 398, 5316, 15538, 18372, 13559, 2937, 2803, 16248, 6155, 630, 9911, 13190, 19157, 15788, 13248, 13148, 1320, 12074, 8471, 8798, 3213, 12418, 814, 2402, 12718, 12397, 10564, 9875, 10128, 6947, 9491, 17707, 3266, 19196, 14309, 18523, 19043, 17975, 18063, 11618, 15016, 14434, 7680, 1739, 18029, 11694, 1745, 9271, 5189, 9561, 11283, 14978, 10753, 16017, 12914, 978, 2828, 17257, 13135, 5061, 121, 6602, 16015, 19271, 12159, 1244, 8260, 13195, 15873, 12815, 14291, 14515, 118, 4892, 14985, 9551, 12654, 4739, 927, 12176, 9523, 11726, 18187, 5880, 2569, 3386, 13942, 3390, 15774, 129, 65, 12922, 8422, 12692, 16213, 11515, 2111, 8347, 10758, 14064, 4401, 17782, 15621, 6709, 14716, 4091, 13964, 8424, 4218, 7249, 11311, 11171, 18564, 14755, 7114, 14009, 14815, 294, 495, 7684, 6833, 4046, 3505, 16995, 17858, 7761, 15803, 9840, 13958, 8226, 10369, 12497, 17142, 1748, 2854, 7159, 11539, 11055, 13337, 17173, 14214, 6803, 11144, 12649, 283, 15489, 13174, 7015, 610, 7030, 18206, 14077, 15468, 14962, 8046, 7809, 17387, 16034, 16678, 1173, 3502, 12942, 15655, 16859, 7099, 1673, 446, 1365, 5881, 3713, 11697, 1897, 16001, 1702, 14149, 11876, 9341, 4325, 6923, 2001, 138, 3276, 18716, 17604, 10501, 115, 12800, 6111, 11148, 4549, 16057, 4707, 6843, 16091, 4295, 7519, 13708, 12409, 11018, 5052, 13566, 14715, 12755, 793, 10837, 1888, 12375, 3935, 5763, 11791, 11258, 13264, 11469, 4683, 8905, 1853, 11600, 4421, 2798, 5074, 18141, 13807, 8595, 8126, 13837, 8060, 6956, 11767, 14560, 9389, 15261, 1232, 12560, 7262, 11504, 3546, 4627, 1177, 517, 4008, 9219, 17696, 4148, 14124, 13243, 11235, 7561, 8331, 16320, 3591, 11341, 4015, 12028, 14929, 18601, 3528, 14065, 1510, 19191, 13833, 17616, 10869, 17689, 831, 16725, 6319, 15465, 10467, 8162, 13563, 7728, 10778, 13545, 12290, 16480, 14401, 12838, 4212, 17529, 4832, 15111, 12690, 10373, 7596, 18614, 17477, 1043, 13100, 4774, 17479, 3774, 9302, 3901, 13071, 6412, 9516, 1261, 3054, 13522, 17602, 14343, 18500, 10957, 2791, 9624, 3634, 17904, 5709, 14670, 11058, 7087, 7435, 13848, 82, 5565, 2562, 14029, 3583, 1676, 12709, 18473, 3158, 12787, 8068, 8263, 16146, 3593, 1802, 1861, 3348, 4487, 17749, 6105, 10471, 17472, 10200, 1182, 14180, 1076, 10156, 4839, 9903, 4879, 9720, 2157, 15344, 16067, 3064, 17182, 5368, 4987, 18484, 18923, 11896, 1052, 15727, 15289, 5885, 1933, 5251, 17072, 6038, 6195, 13524, 6606, 18506, 17536, 6784, 3231, 14121, 8925, 10030, 803, 13764, 146, 19268, 14099, 4130, 16372, 1537, 12248, 13718, 17187, 11728, 1740, 19233, 5600, 4092, 4779, 6028, 3395, 16152, 19150, 2417, 11980, 11237, 8427, 18127, 3538, 9257, 607, 2078, 18457, 5802, 3435, 15019, 4256, 9221, 13465, 11742, 5788, 9528, 17493, 4607, 3131, 6616, 5356, 1550, 4617, 8827, 849, 2601, 4437, 17861, 10261, 15704, 3890, 8149, 12063, 3086, 15925, 12301, 6847, 5603, 7768, 3187, 13372, 9258, 6584, 7594, 2603, 1835, 17380, 17193, 15251, 15937, 18731, 4082, 14911, 16626, 8824, 16208, 10167, 17711, 9678, 15852, 13620, 16479, 14586, 2446, 4866, 1315, 7746, 10615, 7927, 2443, 7157, 13506, 18410, 10494]",5992,1500,3,False,1500
1210,play audiobook,play audio,46,True,True,False,"{21: 26, 33: 14, 2: 18, 29: 13, 25: 57, 43: 9, 57: 16, 49: 16, 61: 14, 67: 52, 65: 21, 50: 28, 15: 53, 6: 13, 46: 15, 27: 69, 7: 65, 48: 67, 19: 21, 31: 14, 63: 26, 22: 39, 9: 79, 26: 40, 47: 15, 53: 66, 11: 19, 51: 26, 54: 9, 13: 32, 17: 37, 52: 30, 39: 27, 38: 19, 1: 6, 59: 33, 56: 23, 32: 9, 8: 25, 4: 12, 20: 26, 24: 7, 18: 31, 42: 7, 28: 31, 45: 57, 0: 13, 66: 11, 62: 11, 35: 7, 64: 15, 37: 2, 40: 25, 3: 3, 14: 5, 12: 8, 16: 15, 55: 16, 30: 13, 58: 6, 36: 4, 60: 5, 5: 3, 41: 2, 44: 2, 34: 2}","[12686, 3384, 6034, 14374, 14516, 14680, 18580, 5912, 661, 4433, 14182, 14634, 14672, 13694, 17233, 12320, 12666, 7276, 14925, 15315, 1125, 14820, 3769, 14096, 12401, 14972, 14176, 4685, 4278, 5735, 7514, 16051, 15882, 4696, 17145, 19193, 12994, 9901, 13641, 15193, 6739, 9240, 1608, 14664, 18117, 5676, 15714, 5964, 5329, 16651, 15936, 14441, 15878, 18316, 14255, 18692, 5858, 4640, 10716, 13839, 16635, 2097, 11464, 12427, 2320, 14629, 7617, 16183, 16205, 2170, 4384, 6683, 5285, 18707, 6780, 4231, 2404, 4895, 18091, 2944, 13054, 3904, 3491, 9455, 15985, 10432, 8657, 15304, 9114, 5838, 5197, 17244, 6207, 3970, 17246, 3950, 6168, 8697, 6800, 9942, 11118, 8582, 6355, 15275, 4581, 12724, 11921, 1833, 523, 7619, 15729, 176, 8576, 3101, 1573, 1283, 11796, 11277, 2547, 1738, 6806, 15187, 7129, 5179, 5854, 16373, 9231, 6270, 777, 2062, 13249, 4144, 6325, 3924, 5350, 14414, 3142, 2249, 6444, 13582, 2833, 18030, 6483, 18404, 15057, 7482, 15001, 15872, 14584, 10835, 954, 7257, 1381, 17819, 17518, 6497, 14430, 4901, 16466, 10805, 132, 7506, 755, 14427, 12119, 16613, 19042, 14994, 11257, 8042, 2144, 5966, 1580, 8010, 2550, 10684, 14088, 5037, 8764, 17076, 14185, 15984, 5299, 16601, 19182, 13197, 14561, 12605, 17010, 2703, 6715, 11207, 10188, 212, 2293, 17676, 1720, 5934, 112, 8568, 15870, 3226, 4524, 4431, 5141, 5383, 7609, 12807, 19001, 14368, 6704, 14903, 4172, 117, 18698, 1699, 16558, 7518, 10618, 2110, 10308, 7828, 6623, 17644, 4449, 951, 13858, 15106, 8402, 916, 4771, 8608, 6448, 6656, 13547, 2814, 8336, 8093, 6398, 637, 9909, 10621, 786, 14146, 17292, 9457, 3, 2884, 14785, 10504, 16361, 8181, 17690, 654, 11067, 18741, 386, 18208, 10130, 8079, 7082, 14740, 8076, 18619, 14428, 10992, 12679, 9431, 18328, 13606, 7641, 13542, 1002, 11975, 15646, 19078, 1352, 8683, 16053, 11763, 14823, 7059, 4995, 3754, 6213, 10090, 19084, 1973, 8131, 5353, 836, 13960, 3217, 4885, 9645, 16941, 14750, 13171, 9132, 1355, 4440, 15747, 8233, 6008, 12781, 16749, 13905, 18198, 5033, 2910, 16502, 1233, 965, 16926, 3944, 13518, 18213, 12739, 9972, 14609, 5764, 6128, 9532, 12680, 3672, 5458, 6822, 11547, 3163, 8040, 14081, 8369, 18182, 17541, 11552, 12451, 15074, 1783, 17730, 1690, 16992, 2490, 2459, 18065, 320, 18311, 45, 9495, 4572, 544, 12731, 16811, 15096, 14957, 4594, 16607, 2449, 7791, 13659, 8892, 1713, 17336, 6598, 13832, 10495, 18937, 3067, 3473, 12715, 13492, 14787, 16503, 17899, 16638, 2408, 7141, 10590, 2917, 14650, 12571, 4321, 2855, 1829, 3736, 3381, 11069, 16093, 15201, 14311, 9836, 18289, 16899, 897, 13981, 12223, 8884, 15721, 7778, 13648, 5737, 6550, 19249, 2715, 447, 12941, 8915, 18963, 16291, 760, 5869, 3635, 3439, 6740, 5003, 3174, 2945, 16056, 4860, 11216, 7363, 1147, 12124, 9764, 11245, 4361, 7784, 16285, 17057, 11203, 5114, 17655, 12056, 17890, 7741, 15799, 10258, 16088, 19222, 15303, 1433, 5991, 322, 2322, 3156, 9940, 7814, 17068, 16968, 10018, 1991, 11946, 8705, 10371, 4619, 11074, 2034, 15550, 11743, 18666, 13494, 14175, 13948, 15123, 11154, 10397, 1701, 4770, 839, 12085, 16500, 16241, 1535, 18782, 2221, 539, 18405, 4245, 103, 1571, 16945, 12196, 9441, 1732, 1367, 3596, 4794, 7230, 5245, 17483, 2955, 2003, 11509, 4044, 12934, 3456, 16693, 593, 4582, 14076, 10972, 1965, 7227, 14324, 8658, 3772, 8355, 11889, 1908, 2684, 10026, 1666, 16507, 5589, 9295, 8389, 2099, 18653, 13808, 19147, 6675, 10970, 2788, 19028, 16983, 16166, 9845, 8160, 11381, 10088, 10333, 11716, 14695, 12697, 4365, 3747, 17296, 11904, 74, 7047, 10639, 13094, 940, 10478, 2032, 6642, 14896, 10840, 5430, 5556, 12597, 2183, 18403, 4252, 14613, 18283, 8790, 12140, 13540, 13353, 14114, 13297, 4056, 14038, 11299, 13770, 11433, 14285, 1526, 1955, 15711, 255, 12481, 612, 1635, 4886, 357, 11434, 9524, 13106, 2607, 5391, 9406, 2331, 624, 2749, 17849, 9829, 11436, 18426, 9481, 18550, 15647, 532, 11720, 11824, 15610, 15741, 7902, 13558, 17967, 14539, 17889, 4631, 1238, 16921, 7787, 15293, 3108, 8215, 2851, 4514, 12938, 16730, 17178, 4890, 17960, 4725, 7917, 3191, 8231, 16341, 8195, 10913, 2173, 5557, 2637, 16896, 5806, 1815, 1451, 8864, 2290, 12108, 5328, 6203, 2431, 7508, 17898, 17188, 6897, 1199, 15526, 18437, 6631, 8644, 16917, 14964, 14233, 2454, 584, 4830, 7199, 4180, 14889, 5761, 13756, 6917, 7756, 18880, 15095, 1816, 14070, 16252, 7429, 16589, 1631, 15968, 15221, 12478, 18594, 1477, 5637, 12058, 1205, 13397, 9107, 18654, 1968, 3759, 13147, 14144, 14973, 12452, 18020, 13592, 17920, 13687, 11335, 7207, 418, 7834, 778, 12982, 10688, 9031, 509, 9601, 9780, 17040, 12023, 3916, 91, 6536, 18535, 7547, 15240, 707, 14533, 15064, 17012, 16805, 8637, 5969, 16221, 1940, 13307, 4717, 12615, 18220, 11028, 12170, 1743, 2376, 12415, 14220, 18827, 1294, 18543, 6977, 15309, 11778, 11842, 17103, 3857, 4637, 12162, 19169, 17166, 18237, 17818, 9507, 19022, 5790, 19112, 15611, 1118, 15184, 18703, 1817, 15530, 16579, 8437, 11839, 11378, 3537, 9205, 9217, 16272, 18759, 16828, 12002, 8348, 1723, 3481, 14115, 379, 8544, 264, 6015, 7672, 2253, 7364, 3706, 13796, 17139, 16125, 12059, 9623, 7185, 2418, 18230, 3087, 281, 4379, 1796, 8459, 4400, 17824, 2736, 16446, 13525, 15341, 3275, 7872, 1662, 7557, 4319, 15442, 7181, 10456, 4963, 17048, 16943, 12784, 3441, 5240, 9975, 13216, 17702, 11594, 13554, 6165, 19168, 16070, 3540, 3262, 10661, 4061, 13173, 2875, 17014, 4349, 10818, 8428, 16764, 14232, 8930, 15734, 17680, 7069, 15684, 17050, 18987, 6914, 6863, 19263, 10595, 150, 10039, 2722, 18223, 16444, 6559, 7258, 2661, 7699, 17136, 12773, 4247, 5723, 15194, 1696, 1500, 2807, 9893, 11835, 13240, 18313, 17107, 10265, 10244, 5570, 2862, 14049, 1012, 12861, 723, 9583, 17461, 10056, 1264, 8297, 3716, 14666, 15259, 13531, 543, 13723, 16810, 6700, 3516, 13766, 7186, 10692, 6321, 15484, 14547, 8744, 3703, 10383, 16829, 6366, 6846, 3906, 2021, 18133, 857, 279, 12232, 10212, 10541, 12325, 13475, 1225, 937, 6966, 10881, 16936, 18502, 1440, 11914, 3326, 5633, 14913, 4623, 10743, 12361, 17335, 1072, 5043, 14810, 15077, 3255, 17215, 6553, 17852, 4801, 6962, 3060, 9430, 8799, 13824, 188, 15175, 15163, 4733, 5011, 3536, 17635, 6532, 14071, 6112, 17158, 6597, 11272, 105, 19219, 5013, 12483, 201, 6848, 17033, 6367, 7859, 14702, 18844, 7053, 18694, 15670, 636, 10129, 6378, 5369, 7273, 16247, 9142, 15345, 16817, 14854, 2600, 15783, 889, 11833, 6612, 2068, 2427, 7062, 7918, 16181, 5464, 8339, 8950, 8453, 16423, 6064, 2380, 4268, 13929, 12974, 19141, 1299, 2484, 3883, 3273, 8772, 13256, 11239, 5766, 18098, 12705, 11004, 2695, 10048, 10960, 2766, 15661, 13258, 8015, 6032, 16397, 7749, 19039, 7634, 15076, 4234, 15114, 8475, 8091, 19220, 18004, 9704, 13918, 15569, 16443, 10015, 9943, 7817, 9349, 2588, 8249, 398, 5316, 15538, 18372, 13559, 2937, 2803, 16248, 6155, 630, 9911, 13190, 19157, 15788, 13248, 13148, 1320, 12074, 8471, 8798, 3213, 12418, 814, 2402, 12718, 12397, 10564, 9875, 10128, 6947, 9491, 17707, 3266, 19196, 14309, 18523, 19043, 17975, 18063, 11618, 15016, 14434, 7680, 1739, 18029, 11694, 1745, 9271, 5189, 9561, 11283, 14978, 10753, 16017, 12914, 978, 2828, 17257, 13135, 5061, 121, 6602, 16015, 19271, 12159, 1244, 8260, 13195, 15873, 12815, 14291, 14515, 118, 4892, 14985, 9551, 12654, 4739, 927, 12176, 9523, 11726, 18187, 5880, 2569, 3386, 13942, 3390, 15774, 129, 65, 12922, 8422, 12692, 16213, 11515, 2111, 8347, 10758, 14064, 4401, 17782, 15621, 6709, 14716, 4091, 13964, 8424, 4218, 7249, 11311, 11171, 18564, 14755, 7114, 14009, 14815, 294, 495, 7684, 6833, 4046, 3505, 16995, 17858, 7761, 15803, 9840, 13958, 8226, 10369, 12497, 17142, 1748, 2854, 7159, 11539, 11055, 13337, 17173, 14214, 6803, 11144, 12649, 283, 15489, 13174, 7015, 610, 7030, 18206, 14077, 15468, 14962, 8046, 7809, 17387, 16034, 16678, 1173, 3502, 12942, 15655, 16859, 7099, 1673, 446, 1365, 5881, 3713, 11697, 1897, 16001, 1702, 14149, 11876, 9341, 4325, 6923, 2001, 138, 3276, 18716, 17604, 10501, 115, 12800, 6111, 11148, 4549, 16057, 4707, 6843, 16091, 4295, 7519, 13708, 12409, 11018, 5052, 13566, 14715, 12755, 793, 10837, 1888, 12375, 3935, 5763, 11791, 11258, 13264, 11469, 4683, 8905, 1853, 11600, 4421, 2798, 5074, 18141, 13807, 8595, 8126, 13837, 8060, 6956, 11767, 14560, 9389, 15261, 1232, 12560, 7262, 11504, 3546, 4627, 1177, 517, 4008, 9219, 17696, 4148, 14124, 13243, 11235, 7561, 8331, 16320, 3591, 11341, 4015, 12028, 14929, 18601, 3528, 14065, 1510, 19191, 13833, 17616, 10869, 17689, 831, 16725, 6319, 15465, 10467, 8162, 13563, 7728, 10778, 13545, 12290, 16480, 14401, 12838, 4212, 17529, 4832, 15111, 12690, 10373, 7596, 18614, 17477, 1043, 13100, 4774, 17479, 3774, 9302, 3901, 13071, 6412, 9516, 1261, 3054, 13522, 17602, 14343, 18500, 10957, 2791, 9624, 3634, 17904, 5709, 14670, 11058, 7087, 7435, 13848, 82, 5565, 2562, 14029, 3583, 1676, 12709, 18473, 3158, 12787, 8068, 8263, 16146, 3593, 1802, 1861, 3348, 4487, 17749, 6105, 10471, 17472, 10200, 1182, 14180, 1076, 10156, 4839, 9903, 4879, 9720, 2157, 15344, 16067, 3064, 17182, 5368, 4987, 18484, 18923, 11896, 1052, 15727, 15289, 5885, 1933, 5251, 17072, 6038, 6195, 13524, 6606, 18506, 17536, 6784, 3231, 14121, 8925, 10030, 803, 13764, 146, 19268, 14099, 4130, 16372, 1537, 12248, 13718, 17187, 11728, 1740, 19233, 5600, 4092, 4779, 6028, 3395, 16152, 19150, 2417, 11980, 11237, 8427, 18127, 3538, 9257, 607, 2078, 18457, 5802, 3435, 15019, 4256, 9221, 13465, 11742, 5788, 9528, 17493, 4607, 3131, 6616, 5356, 1550, 4617, 8827, 849, 2601, 4437, 17861, 10261, 15704, 3890, 8149, 12063, 3086, 15925, 12301, 6847, 5603, 7768, 3187, 13372, 9258, 6584, 7594, 2603, 1835, 17380, 17193, 15251, 15937, 18731, 4082, 14911, 16626, 8824, 16208, 10167, 17711, 9678, 15852, 13620, 16479, 14586, 2446, 4866, 1315, 7746, 10615, 7927, 2443, 7157, 13506, 18410, 10494]",1210,1500,3,False,1500
27,datetime query,datetime query,13,True,True,True,"{21: 26, 33: 14, 2: 18, 29: 13, 25: 57, 43: 9, 57: 16, 49: 16, 61: 14, 67: 52, 65: 21, 50: 28, 15: 53, 6: 13, 46: 15, 27: 69, 7: 65, 48: 67, 19: 21, 31: 14, 63: 26, 22: 39, 9: 79, 26: 40, 47: 15, 53: 66, 11: 19, 51: 26, 54: 9, 13: 32, 17: 37, 52: 30, 39: 27, 38: 19, 1: 6, 59: 33, 56: 23, 32: 9, 8: 25, 4: 12, 20: 26, 24: 7, 18: 31, 42: 7, 28: 31, 45: 57, 0: 13, 66: 11, 62: 11, 35: 7, 64: 15, 37: 2, 40: 25, 3: 3, 14: 5, 12: 8, 16: 15, 55: 16, 30: 13, 58: 6, 36: 4, 60: 5, 5: 3, 41: 2, 44: 2, 34: 2}","[12686, 3384, 6034, 14374, 14516, 14680, 18580, 5912, 661, 4433, 14182, 14634, 14672, 13694, 17233, 12320, 12666, 7276, 14925, 15315, 1125, 14820, 3769, 14096, 12401, 14972, 14176, 4685, 4278, 5735, 7514, 16051, 15882, 4696, 17145, 19193, 12994, 9901, 13641, 15193, 6739, 9240, 1608, 14664, 18117, 5676, 15714, 5964, 5329, 16651, 15936, 14441, 15878, 18316, 14255, 18692, 5858, 4640, 10716, 13839, 16635, 2097, 11464, 12427, 2320, 14629, 7617, 16183, 16205, 2170, 4384, 6683, 5285, 18707, 6780, 4231, 2404, 4895, 18091, 2944, 13054, 3904, 3491, 9455, 15985, 10432, 8657, 15304, 9114, 5838, 5197, 17244, 6207, 3970, 17246, 3950, 6168, 8697, 6800, 9942, 11118, 8582, 6355, 15275, 4581, 12724, 11921, 1833, 523, 7619, 15729, 176, 8576, 3101, 1573, 1283, 11796, 11277, 2547, 1738, 6806, 15187, 7129, 5179, 5854, 16373, 9231, 6270, 777, 2062, 13249, 4144, 6325, 3924, 5350, 14414, 3142, 2249, 6444, 13582, 2833, 18030, 6483, 18404, 15057, 7482, 15001, 15872, 14584, 10835, 954, 7257, 1381, 17819, 17518, 6497, 14430, 4901, 16466, 10805, 132, 7506, 755, 14427, 12119, 16613, 19042, 14994, 11257, 8042, 2144, 5966, 1580, 8010, 2550, 10684, 14088, 5037, 8764, 17076, 14185, 15984, 5299, 16601, 19182, 13197, 14561, 12605, 17010, 2703, 6715, 11207, 10188, 212, 2293, 17676, 1720, 5934, 112, 8568, 15870, 3226, 4524, 4431, 5141, 5383, 7609, 12807, 19001, 14368, 6704, 14903, 4172, 117, 18698, 1699, 16558, 7518, 10618, 2110, 10308, 7828, 6623, 17644, 4449, 951, 13858, 15106, 8402, 916, 4771, 8608, 6448, 6656, 13547, 2814, 8336, 8093, 6398, 637, 9909, 10621, 786, 14146, 17292, 9457, 3, 2884, 14785, 10504, 16361, 8181, 17690, 654, 11067, 18741, 386, 18208, 10130, 8079, 7082, 14740, 8076, 18619, 14428, 10992, 12679, 9431, 18328, 13606, 7641, 13542, 1002, 11975, 15646, 19078, 1352, 8683, 16053, 11763, 14823, 7059, 4995, 3754, 6213, 10090, 19084, 1973, 8131, 5353, 836, 13960, 3217, 4885, 9645, 16941, 14750, 13171, 9132, 1355, 4440, 15747, 8233, 6008, 12781, 16749, 13905, 18198, 5033, 2910, 16502, 1233, 965, 16926, 3944, 13518, 18213, 12739, 9972, 14609, 5764, 6128, 9532, 12680, 3672, 5458, 6822, 11547, 3163, 8040, 14081, 8369, 18182, 17541, 11552, 12451, 15074, 1783, 17730, 1690, 16992, 2490, 2459, 18065, 320, 18311, 45, 9495, 4572, 544, 12731, 16811, 15096, 14957, 4594, 16607, 2449, 7791, 13659, 8892, 1713, 17336, 6598, 13832, 10495, 18937, 3067, 3473, 12715, 13492, 14787, 16503, 17899, 16638, 2408, 7141, 10590, 2917, 14650, 12571, 4321, 2855, 1829, 3736, 3381, 11069, 16093, 15201, 14311, 9836, 18289, 16899, 897, 13981, 12223, 8884, 15721, 7778, 13648, 5737, 6550, 19249, 2715, 447, 12941, 8915, 18963, 16291, 760, 5869, 3635, 3439, 6740, 5003, 3174, 2945, 16056, 4860, 11216, 7363, 1147, 12124, 9764, 11245, 4361, 7784, 16285, 17057, 11203, 5114, 17655, 12056, 17890, 7741, 15799, 10258, 16088, 19222, 15303, 1433, 5991, 322, 2322, 3156, 9940, 7814, 17068, 16968, 10018, 1991, 11946, 8705, 10371, 4619, 11074, 2034, 15550, 11743, 18666, 13494, 14175, 13948, 15123, 11154, 10397, 1701, 4770, 839, 12085, 16500, 16241, 1535, 18782, 2221, 539, 18405, 4245, 103, 1571, 16945, 12196, 9441, 1732, 1367, 3596, 4794, 7230, 5245, 17483, 2955, 2003, 11509, 4044, 12934, 3456, 16693, 593, 4582, 14076, 10972, 1965, 7227, 14324, 8658, 3772, 8355, 11889, 1908, 2684, 10026, 1666, 16507, 5589, 9295, 8389, 2099, 18653, 13808, 19147, 6675, 10970, 2788, 19028, 16983, 16166, 9845, 8160, 11381, 10088, 10333, 11716, 14695, 12697, 4365, 3747, 17296, 11904, 74, 7047, 10639, 13094, 940, 10478, 2032, 6642, 14896, 10840, 5430, 5556, 12597, 2183, 18403, 4252, 14613, 18283, 8790, 12140, 13540, 13353, 14114, 13297, 4056, 14038, 11299, 13770, 11433, 14285, 1526, 1955, 15711, 255, 12481, 612, 1635, 4886, 357, 11434, 9524, 13106, 2607, 5391, 9406, 2331, 624, 2749, 17849, 9829, 11436, 18426, 9481, 18550, 15647, 532, 11720, 11824, 15610, 15741, 7902, 13558, 17967, 14539, 17889, 4631, 1238, 16921, 7787, 15293, 3108, 8215, 2851, 4514, 12938, 16730, 17178, 4890, 17960, 4725, 7917, 3191, 8231, 16341, 8195, 10913, 2173, 5557, 2637, 16896, 5806, 1815, 1451, 8864, 2290, 12108, 5328, 6203, 2431, 7508, 17898, 17188, 6897, 1199, 15526, 18437, 6631, 8644, 16917, 14964, 14233, 2454, 584, 4830, 7199, 4180, 14889, 5761, 13756, 6917, 7756, 18880, 15095, 1816, 14070, 16252, 7429, 16589, 1631, 15968, 15221, 12478, 18594, 1477, 5637, 12058, 1205, 13397, 9107, 18654, 1968, 3759, 13147, 14144, 14973, 12452, 18020, 13592, 17920, 13687, 11335, 7207, 418, 7834, 778, 12982, 10688, 9031, 509, 9601, 9780, 17040, 12023, 3916, 91, 6536, 18535, 7547, 15240, 707, 14533, 15064, 17012, 16805, 8637, 5969, 16221, 1940, 13307, 4717, 12615, 18220, 11028, 12170, 1743, 2376, 12415, 14220, 18827, 1294, 18543, 6977, 15309, 11778, 11842, 17103, 3857, 4637, 12162, 19169, 17166, 18237, 17818, 9507, 19022, 5790, 19112, 15611, 1118, 15184, 18703, 1817, 15530, 16579, 8437, 11839, 11378, 3537, 9205, 9217, 16272, 18759, 16828, 12002, 8348, 1723, 3481, 14115, 379, 8544, 264, 6015, 7672, 2253, 7364, 3706, 13796, 17139, 16125, 12059, 9623, 7185, 2418, 18230, 3087, 281, 4379, 1796, 8459, 4400, 17824, 2736, 16446, 13525, 15341, 3275, 7872, 1662, 7557, 4319, 15442, 7181, 10456, 4963, 17048, 16943, 12784, 3441, 5240, 9975, 13216, 17702, 11594, 13554, 6165, 19168, 16070, 3540, 3262, 10661, 4061, 13173, 2875, 17014, 4349, 10818, 8428, 16764, 14232, 8930, 15734, 17680, 7069, 15684, 17050, 18987, 6914, 6863, 19263, 10595, 150, 10039, 2722, 18223, 16444, 6559, 7258, 2661, 7699, 17136, 12773, 4247, 5723, 15194, 1696, 1500, 2807, 9893, 11835, 13240, 18313, 17107, 10265, 10244, 5570, 2862, 14049, 1012, 12861, 723, 9583, 17461, 10056, 1264, 8297, 3716, 14666, 15259, 13531, 543, 13723, 16810, 6700, 3516, 13766, 7186, 10692, 6321, 15484, 14547, 8744, 3703, 10383, 16829, 6366, 6846, 3906, 2021, 18133, 857, 279, 12232, 10212, 10541, 12325, 13475, 1225, 937, 6966, 10881, 16936, 18502, 1440, 11914, 3326, 5633, 14913, 4623, 10743, 12361, 17335, 1072, 5043, 14810, 15077, 3255, 17215, 6553, 17852, 4801, 6962, 3060, 9430, 8799, 13824, 188, 15175, 15163, 4733, 5011, 3536, 17635, 6532, 14071, 6112, 17158, 6597, 11272, 105, 19219, 5013, 12483, 201, 6848, 17033, 6367, 7859, 14702, 18844, 7053, 18694, 15670, 636, 10129, 6378, 5369, 7273, 16247, 9142, 15345, 16817, 14854, 2600, 15783, 889, 11833, 6612, 2068, 2427, 7062, 7918, 16181, 5464, 8339, 8950, 8453, 16423, 6064, 2380, 4268, 13929, 12974, 19141, 1299, 2484, 3883, 3273, 8772, 13256, 11239, 5766, 18098, 12705, 11004, 2695, 10048, 10960, 2766, 15661, 13258, 8015, 6032, 16397, 7749, 19039, 7634, 15076, 4234, 15114, 8475, 8091, 19220, 18004, 9704, 13918, 15569, 16443, 10015, 9943, 7817, 9349, 2588, 8249, 398, 5316, 15538, 18372, 13559, 2937, 2803, 16248, 6155, 630, 9911, 13190, 19157, 15788, 13248, 13148, 1320, 12074, 8471, 8798, 3213, 12418, 814, 2402, 12718, 12397, 10564, 9875, 10128, 6947, 9491, 17707, 3266, 19196, 14309, 18523, 19043, 17975, 18063, 11618, 15016, 14434, 7680, 1739, 18029, 11694, 1745, 9271, 5189, 9561, 11283, 14978, 10753, 16017, 12914, 978, 2828, 17257, 13135, 5061, 121, 6602, 16015, 19271, 12159, 1244, 8260, 13195, 15873, 12815, 14291, 14515, 118, 4892, 14985, 9551, 12654, 4739, 927, 12176, 9523, 11726, 18187, 5880, 2569, 3386, 13942, 3390, 15774, 129, 65, 12922, 8422, 12692, 16213, 11515, 2111, 8347, 10758, 14064, 4401, 17782, 15621, 6709, 14716, 4091, 13964, 8424, 4218, 7249, 11311, 11171, 18564, 14755, 7114, 14009, 14815, 294, 495, 7684, 6833, 4046, 3505, 16995, 17858, 7761, 15803, 9840, 13958, 8226, 10369, 12497, 17142, 1748, 2854, 7159, 11539, 11055, 13337, 17173, 14214, 6803, 11144, 12649, 283, 15489, 13174, 7015, 610, 7030, 18206, 14077, 15468, 14962, 8046, 7809, 17387, 16034, 16678, 1173, 3502, 12942, 15655, 16859, 7099, 1673, 446, 1365, 5881, 3713, 11697, 1897, 16001, 1702, 14149, 11876, 9341, 4325, 6923, 2001, 138, 3276, 18716, 17604, 10501, 115, 12800, 6111, 11148, 4549, 16057, 4707, 6843, 16091, 4295, 7519, 13708, 12409, 11018, 5052, 13566, 14715, 12755, 793, 10837, 1888, 12375, 3935, 5763, 11791, 11258, 13264, 11469, 4683, 8905, 1853, 11600, 4421, 2798, 5074, 18141, 13807, 8595, 8126, 13837, 8060, 6956, 11767, 14560, 9389, 15261, 1232, 12560, 7262, 11504, 3546, 4627, 1177, 517, 4008, 9219, 17696, 4148, 14124, 13243, 11235, 7561, 8331, 16320, 3591, 11341, 4015, 12028, 14929, 18601, 3528, 14065, 1510, 19191, 13833, 17616, 10869, 17689, 831, 16725, 6319, 15465, 10467, 8162, 13563, 7728, 10778, 13545, 12290, 16480, 14401, 12838, 4212, 17529, 4832, 15111, 12690, 10373, 7596, 18614, 17477, 1043, 13100, 4774, 17479, 3774, 9302, 3901, 13071, 6412, 9516, 1261, 3054, 13522, 17602, 14343, 18500, 10957, 2791, 9624, 3634, 17904, 5709, 14670, 11058, 7087, 7435, 13848, 82, 5565, 2562, 14029, 3583, 1676, 12709, 18473, 3158, 12787, 8068, 8263, 16146, 3593, 1802, 1861, 3348, 4487, 17749, 6105, 10471, 17472, 10200, 1182, 14180, 1076, 10156, 4839, 9903, 4879, 9720, 2157, 15344, 16067, 3064, 17182, 5368, 4987, 18484, 18923, 11896, 1052, 15727, 15289, 5885, 1933, 5251, 17072, 6038, 6195, 13524, 6606, 18506, 17536, 6784, 3231, 14121, 8925, 10030, 803, 13764, 146, 19268, 14099, 4130, 16372, 1537, 12248, 13718, 17187, 11728, 1740, 19233, 5600, 4092, 4779, 6028, 3395, 16152, 19150, 2417, 11980, 11237, 8427, 18127, 3538, 9257, 607, 2078, 18457, 5802, 3435, 15019, 4256, 9221, 13465, 11742, 5788, 9528, 17493, 4607, 3131, 6616, 5356, 1550, 4617, 8827, 849, 2601, 4437, 17861, 10261, 15704, 3890, 8149, 12063, 3086, 15925, 12301, 6847, 5603, 7768, 3187, 13372, 9258, 6584, 7594, 2603, 1835, 17380, 17193, 15251, 15937, 18731, 4082, 14911, 16626, 8824, 16208, 10167, 17711, 9678, 15852, 13620, 16479, 14586, 2446, 4866, 1315, 7746, 10615, 7927, 2443, 7157, 13506, 18410, 10494]",27,1500,3,False,1500
5534,qa definition,qa definition,52,True,True,True,"{21: 26, 33: 14, 2: 18, 29: 13, 25: 57, 43: 9, 57: 16, 49: 16, 61: 14, 67: 52, 65: 21, 50: 28, 15: 53, 6: 13, 46: 15, 27: 69, 7: 65, 48: 67, 19: 21, 31: 14, 63: 26, 22: 39, 9: 79, 26: 40, 47: 15, 53: 66, 11: 19, 51: 26, 54: 9, 13: 32, 17: 37, 52: 30, 39: 27, 38: 19, 1: 6, 59: 33, 56: 23, 32: 9, 8: 25, 4: 12, 20: 26, 24: 7, 18: 31, 42: 7, 28: 31, 45: 57, 0: 13, 66: 11, 62: 11, 35: 7, 64: 15, 37: 2, 40: 25, 3: 3, 14: 5, 12: 8, 16: 15, 55: 16, 30: 13, 58: 6, 36: 4, 60: 5, 5: 3, 41: 2, 44: 2, 34: 2}","[12686, 3384, 6034, 14374, 14516, 14680, 18580, 5912, 661, 4433, 14182, 14634, 14672, 13694, 17233, 12320, 12666, 7276, 14925, 15315, 1125, 14820, 3769, 14096, 12401, 14972, 14176, 4685, 4278, 5735, 7514, 16051, 15882, 4696, 17145, 19193, 12994, 9901, 13641, 15193, 6739, 9240, 1608, 14664, 18117, 5676, 15714, 5964, 5329, 16651, 15936, 14441, 15878, 18316, 14255, 18692, 5858, 4640, 10716, 13839, 16635, 2097, 11464, 12427, 2320, 14629, 7617, 16183, 16205, 2170, 4384, 6683, 5285, 18707, 6780, 4231, 2404, 4895, 18091, 2944, 13054, 3904, 3491, 9455, 15985, 10432, 8657, 15304, 9114, 5838, 5197, 17244, 6207, 3970, 17246, 3950, 6168, 8697, 6800, 9942, 11118, 8582, 6355, 15275, 4581, 12724, 11921, 1833, 523, 7619, 15729, 176, 8576, 3101, 1573, 1283, 11796, 11277, 2547, 1738, 6806, 15187, 7129, 5179, 5854, 16373, 9231, 6270, 777, 2062, 13249, 4144, 6325, 3924, 5350, 14414, 3142, 2249, 6444, 13582, 2833, 18030, 6483, 18404, 15057, 7482, 15001, 15872, 14584, 10835, 954, 7257, 1381, 17819, 17518, 6497, 14430, 4901, 16466, 10805, 132, 7506, 755, 14427, 12119, 16613, 19042, 14994, 11257, 8042, 2144, 5966, 1580, 8010, 2550, 10684, 14088, 5037, 8764, 17076, 14185, 15984, 5299, 16601, 19182, 13197, 14561, 12605, 17010, 2703, 6715, 11207, 10188, 212, 2293, 17676, 1720, 5934, 112, 8568, 15870, 3226, 4524, 4431, 5141, 5383, 7609, 12807, 19001, 14368, 6704, 14903, 4172, 117, 18698, 1699, 16558, 7518, 10618, 2110, 10308, 7828, 6623, 17644, 4449, 951, 13858, 15106, 8402, 916, 4771, 8608, 6448, 6656, 13547, 2814, 8336, 8093, 6398, 637, 9909, 10621, 786, 14146, 17292, 9457, 3, 2884, 14785, 10504, 16361, 8181, 17690, 654, 11067, 18741, 386, 18208, 10130, 8079, 7082, 14740, 8076, 18619, 14428, 10992, 12679, 9431, 18328, 13606, 7641, 13542, 1002, 11975, 15646, 19078, 1352, 8683, 16053, 11763, 14823, 7059, 4995, 3754, 6213, 10090, 19084, 1973, 8131, 5353, 836, 13960, 3217, 4885, 9645, 16941, 14750, 13171, 9132, 1355, 4440, 15747, 8233, 6008, 12781, 16749, 13905, 18198, 5033, 2910, 16502, 1233, 965, 16926, 3944, 13518, 18213, 12739, 9972, 14609, 5764, 6128, 9532, 12680, 3672, 5458, 6822, 11547, 3163, 8040, 14081, 8369, 18182, 17541, 11552, 12451, 15074, 1783, 17730, 1690, 16992, 2490, 2459, 18065, 320, 18311, 45, 9495, 4572, 544, 12731, 16811, 15096, 14957, 4594, 16607, 2449, 7791, 13659, 8892, 1713, 17336, 6598, 13832, 10495, 18937, 3067, 3473, 12715, 13492, 14787, 16503, 17899, 16638, 2408, 7141, 10590, 2917, 14650, 12571, 4321, 2855, 1829, 3736, 3381, 11069, 16093, 15201, 14311, 9836, 18289, 16899, 897, 13981, 12223, 8884, 15721, 7778, 13648, 5737, 6550, 19249, 2715, 447, 12941, 8915, 18963, 16291, 760, 5869, 3635, 3439, 6740, 5003, 3174, 2945, 16056, 4860, 11216, 7363, 1147, 12124, 9764, 11245, 4361, 7784, 16285, 17057, 11203, 5114, 17655, 12056, 17890, 7741, 15799, 10258, 16088, 19222, 15303, 1433, 5991, 322, 2322, 3156, 9940, 7814, 17068, 16968, 10018, 1991, 11946, 8705, 10371, 4619, 11074, 2034, 15550, 11743, 18666, 13494, 14175, 13948, 15123, 11154, 10397, 1701, 4770, 839, 12085, 16500, 16241, 1535, 18782, 2221, 539, 18405, 4245, 103, 1571, 16945, 12196, 9441, 1732, 1367, 3596, 4794, 7230, 5245, 17483, 2955, 2003, 11509, 4044, 12934, 3456, 16693, 593, 4582, 14076, 10972, 1965, 7227, 14324, 8658, 3772, 8355, 11889, 1908, 2684, 10026, 1666, 16507, 5589, 9295, 8389, 2099, 18653, 13808, 19147, 6675, 10970, 2788, 19028, 16983, 16166, 9845, 8160, 11381, 10088, 10333, 11716, 14695, 12697, 4365, 3747, 17296, 11904, 74, 7047, 10639, 13094, 940, 10478, 2032, 6642, 14896, 10840, 5430, 5556, 12597, 2183, 18403, 4252, 14613, 18283, 8790, 12140, 13540, 13353, 14114, 13297, 4056, 14038, 11299, 13770, 11433, 14285, 1526, 1955, 15711, 255, 12481, 612, 1635, 4886, 357, 11434, 9524, 13106, 2607, 5391, 9406, 2331, 624, 2749, 17849, 9829, 11436, 18426, 9481, 18550, 15647, 532, 11720, 11824, 15610, 15741, 7902, 13558, 17967, 14539, 17889, 4631, 1238, 16921, 7787, 15293, 3108, 8215, 2851, 4514, 12938, 16730, 17178, 4890, 17960, 4725, 7917, 3191, 8231, 16341, 8195, 10913, 2173, 5557, 2637, 16896, 5806, 1815, 1451, 8864, 2290, 12108, 5328, 6203, 2431, 7508, 17898, 17188, 6897, 1199, 15526, 18437, 6631, 8644, 16917, 14964, 14233, 2454, 584, 4830, 7199, 4180, 14889, 5761, 13756, 6917, 7756, 18880, 15095, 1816, 14070, 16252, 7429, 16589, 1631, 15968, 15221, 12478, 18594, 1477, 5637, 12058, 1205, 13397, 9107, 18654, 1968, 3759, 13147, 14144, 14973, 12452, 18020, 13592, 17920, 13687, 11335, 7207, 418, 7834, 778, 12982, 10688, 9031, 509, 9601, 9780, 17040, 12023, 3916, 91, 6536, 18535, 7547, 15240, 707, 14533, 15064, 17012, 16805, 8637, 5969, 16221, 1940, 13307, 4717, 12615, 18220, 11028, 12170, 1743, 2376, 12415, 14220, 18827, 1294, 18543, 6977, 15309, 11778, 11842, 17103, 3857, 4637, 12162, 19169, 17166, 18237, 17818, 9507, 19022, 5790, 19112, 15611, 1118, 15184, 18703, 1817, 15530, 16579, 8437, 11839, 11378, 3537, 9205, 9217, 16272, 18759, 16828, 12002, 8348, 1723, 3481, 14115, 379, 8544, 264, 6015, 7672, 2253, 7364, 3706, 13796, 17139, 16125, 12059, 9623, 7185, 2418, 18230, 3087, 281, 4379, 1796, 8459, 4400, 17824, 2736, 16446, 13525, 15341, 3275, 7872, 1662, 7557, 4319, 15442, 7181, 10456, 4963, 17048, 16943, 12784, 3441, 5240, 9975, 13216, 17702, 11594, 13554, 6165, 19168, 16070, 3540, 3262, 10661, 4061, 13173, 2875, 17014, 4349, 10818, 8428, 16764, 14232, 8930, 15734, 17680, 7069, 15684, 17050, 18987, 6914, 6863, 19263, 10595, 150, 10039, 2722, 18223, 16444, 6559, 7258, 2661, 7699, 17136, 12773, 4247, 5723, 15194, 1696, 1500, 2807, 9893, 11835, 13240, 18313, 17107, 10265, 10244, 5570, 2862, 14049, 1012, 12861, 723, 9583, 17461, 10056, 1264, 8297, 3716, 14666, 15259, 13531, 543, 13723, 16810, 6700, 3516, 13766, 7186, 10692, 6321, 15484, 14547, 8744, 3703, 10383, 16829, 6366, 6846, 3906, 2021, 18133, 857, 279, 12232, 10212, 10541, 12325, 13475, 1225, 937, 6966, 10881, 16936, 18502, 1440, 11914, 3326, 5633, 14913, 4623, 10743, 12361, 17335, 1072, 5043, 14810, 15077, 3255, 17215, 6553, 17852, 4801, 6962, 3060, 9430, 8799, 13824, 188, 15175, 15163, 4733, 5011, 3536, 17635, 6532, 14071, 6112, 17158, 6597, 11272, 105, 19219, 5013, 12483, 201, 6848, 17033, 6367, 7859, 14702, 18844, 7053, 18694, 15670, 636, 10129, 6378, 5369, 7273, 16247, 9142, 15345, 16817, 14854, 2600, 15783, 889, 11833, 6612, 2068, 2427, 7062, 7918, 16181, 5464, 8339, 8950, 8453, 16423, 6064, 2380, 4268, 13929, 12974, 19141, 1299, 2484, 3883, 3273, 8772, 13256, 11239, 5766, 18098, 12705, 11004, 2695, 10048, 10960, 2766, 15661, 13258, 8015, 6032, 16397, 7749, 19039, 7634, 15076, 4234, 15114, 8475, 8091, 19220, 18004, 9704, 13918, 15569, 16443, 10015, 9943, 7817, 9349, 2588, 8249, 398, 5316, 15538, 18372, 13559, 2937, 2803, 16248, 6155, 630, 9911, 13190, 19157, 15788, 13248, 13148, 1320, 12074, 8471, 8798, 3213, 12418, 814, 2402, 12718, 12397, 10564, 9875, 10128, 6947, 9491, 17707, 3266, 19196, 14309, 18523, 19043, 17975, 18063, 11618, 15016, 14434, 7680, 1739, 18029, 11694, 1745, 9271, 5189, 9561, 11283, 14978, 10753, 16017, 12914, 978, 2828, 17257, 13135, 5061, 121, 6602, 16015, 19271, 12159, 1244, 8260, 13195, 15873, 12815, 14291, 14515, 118, 4892, 14985, 9551, 12654, 4739, 927, 12176, 9523, 11726, 18187, 5880, 2569, 3386, 13942, 3390, 15774, 129, 65, 12922, 8422, 12692, 16213, 11515, 2111, 8347, 10758, 14064, 4401, 17782, 15621, 6709, 14716, 4091, 13964, 8424, 4218, 7249, 11311, 11171, 18564, 14755, 7114, 14009, 14815, 294, 495, 7684, 6833, 4046, 3505, 16995, 17858, 7761, 15803, 9840, 13958, 8226, 10369, 12497, 17142, 1748, 2854, 7159, 11539, 11055, 13337, 17173, 14214, 6803, 11144, 12649, 283, 15489, 13174, 7015, 610, 7030, 18206, 14077, 15468, 14962, 8046, 7809, 17387, 16034, 16678, 1173, 3502, 12942, 15655, 16859, 7099, 1673, 446, 1365, 5881, 3713, 11697, 1897, 16001, 1702, 14149, 11876, 9341, 4325, 6923, 2001, 138, 3276, 18716, 17604, 10501, 115, 12800, 6111, 11148, 4549, 16057, 4707, 6843, 16091, 4295, 7519, 13708, 12409, 11018, 5052, 13566, 14715, 12755, 793, 10837, 1888, 12375, 3935, 5763, 11791, 11258, 13264, 11469, 4683, 8905, 1853, 11600, 4421, 2798, 5074, 18141, 13807, 8595, 8126, 13837, 8060, 6956, 11767, 14560, 9389, 15261, 1232, 12560, 7262, 11504, 3546, 4627, 1177, 517, 4008, 9219, 17696, 4148, 14124, 13243, 11235, 7561, 8331, 16320, 3591, 11341, 4015, 12028, 14929, 18601, 3528, 14065, 1510, 19191, 13833, 17616, 10869, 17689, 831, 16725, 6319, 15465, 10467, 8162, 13563, 7728, 10778, 13545, 12290, 16480, 14401, 12838, 4212, 17529, 4832, 15111, 12690, 10373, 7596, 18614, 17477, 1043, 13100, 4774, 17479, 3774, 9302, 3901, 13071, 6412, 9516, 1261, 3054, 13522, 17602, 14343, 18500, 10957, 2791, 9624, 3634, 17904, 5709, 14670, 11058, 7087, 7435, 13848, 82, 5565, 2562, 14029, 3583, 1676, 12709, 18473, 3158, 12787, 8068, 8263, 16146, 3593, 1802, 1861, 3348, 4487, 17749, 6105, 10471, 17472, 10200, 1182, 14180, 1076, 10156, 4839, 9903, 4879, 9720, 2157, 15344, 16067, 3064, 17182, 5368, 4987, 18484, 18923, 11896, 1052, 15727, 15289, 5885, 1933, 5251, 17072, 6038, 6195, 13524, 6606, 18506, 17536, 6784, 3231, 14121, 8925, 10030, 803, 13764, 146, 19268, 14099, 4130, 16372, 1537, 12248, 13718, 17187, 11728, 1740, 19233, 5600, 4092, 4779, 6028, 3395, 16152, 19150, 2417, 11980, 11237, 8427, 18127, 3538, 9257, 607, 2078, 18457, 5802, 3435, 15019, 4256, 9221, 13465, 11742, 5788, 9528, 17493, 4607, 3131, 6616, 5356, 1550, 4617, 8827, 849, 2601, 4437, 17861, 10261, 15704, 3890, 8149, 12063, 3086, 15925, 12301, 6847, 5603, 7768, 3187, 13372, 9258, 6584, 7594, 2603, 1835, 17380, 17193, 15251, 15937, 18731, 4082, 14911, 16626, 8824, 16208, 10167, 17711, 9678, 15852, 13620, 16479, 14586, 2446, 4866, 1315, 7746, 10615, 7927, 2443, 7157, 13506, 18410, 10494]",5534,1500,3,False,1500
4348,qa definition,qa definition,52,True,True,True,"{21: 26, 33: 14, 2: 18, 29: 13, 25: 57, 43: 9, 57: 16, 49: 16, 61: 14, 67: 52, 65: 21, 50: 28, 15: 53, 6: 13, 46: 15, 27: 69, 7: 65, 48: 67, 19: 21, 31: 14, 63: 26, 22: 39, 9: 79, 26: 40, 47: 15, 53: 66, 11: 19, 51: 26, 54: 9, 13: 32, 17: 37, 52: 30, 39: 27, 38: 19, 1: 6, 59: 33, 56: 23, 32: 9, 8: 25, 4: 12, 20: 26, 24: 7, 18: 31, 42: 7, 28: 31, 45: 57, 0: 13, 66: 11, 62: 11, 35: 7, 64: 15, 37: 2, 40: 25, 3: 3, 14: 5, 12: 8, 16: 15, 55: 16, 30: 13, 58: 6, 36: 4, 60: 5, 5: 3, 41: 2, 44: 2, 34: 2}","[12686, 3384, 6034, 14374, 14516, 14680, 18580, 5912, 661, 4433, 14182, 14634, 14672, 13694, 17233, 12320, 12666, 7276, 14925, 15315, 1125, 14820, 3769, 14096, 12401, 14972, 14176, 4685, 4278, 5735, 7514, 16051, 15882, 4696, 17145, 19193, 12994, 9901, 13641, 15193, 6739, 9240, 1608, 14664, 18117, 5676, 15714, 5964, 5329, 16651, 15936, 14441, 15878, 18316, 14255, 18692, 5858, 4640, 10716, 13839, 16635, 2097, 11464, 12427, 2320, 14629, 7617, 16183, 16205, 2170, 4384, 6683, 5285, 18707, 6780, 4231, 2404, 4895, 18091, 2944, 13054, 3904, 3491, 9455, 15985, 10432, 8657, 15304, 9114, 5838, 5197, 17244, 6207, 3970, 17246, 3950, 6168, 8697, 6800, 9942, 11118, 8582, 6355, 15275, 4581, 12724, 11921, 1833, 523, 7619, 15729, 176, 8576, 3101, 1573, 1283, 11796, 11277, 2547, 1738, 6806, 15187, 7129, 5179, 5854, 16373, 9231, 6270, 777, 2062, 13249, 4144, 6325, 3924, 5350, 14414, 3142, 2249, 6444, 13582, 2833, 18030, 6483, 18404, 15057, 7482, 15001, 15872, 14584, 10835, 954, 7257, 1381, 17819, 17518, 6497, 14430, 4901, 16466, 10805, 132, 7506, 755, 14427, 12119, 16613, 19042, 14994, 11257, 8042, 2144, 5966, 1580, 8010, 2550, 10684, 14088, 5037, 8764, 17076, 14185, 15984, 5299, 16601, 19182, 13197, 14561, 12605, 17010, 2703, 6715, 11207, 10188, 212, 2293, 17676, 1720, 5934, 112, 8568, 15870, 3226, 4524, 4431, 5141, 5383, 7609, 12807, 19001, 14368, 6704, 14903, 4172, 117, 18698, 1699, 16558, 7518, 10618, 2110, 10308, 7828, 6623, 17644, 4449, 951, 13858, 15106, 8402, 916, 4771, 8608, 6448, 6656, 13547, 2814, 8336, 8093, 6398, 637, 9909, 10621, 786, 14146, 17292, 9457, 3, 2884, 14785, 10504, 16361, 8181, 17690, 654, 11067, 18741, 386, 18208, 10130, 8079, 7082, 14740, 8076, 18619, 14428, 10992, 12679, 9431, 18328, 13606, 7641, 13542, 1002, 11975, 15646, 19078, 1352, 8683, 16053, 11763, 14823, 7059, 4995, 3754, 6213, 10090, 19084, 1973, 8131, 5353, 836, 13960, 3217, 4885, 9645, 16941, 14750, 13171, 9132, 1355, 4440, 15747, 8233, 6008, 12781, 16749, 13905, 18198, 5033, 2910, 16502, 1233, 965, 16926, 3944, 13518, 18213, 12739, 9972, 14609, 5764, 6128, 9532, 12680, 3672, 5458, 6822, 11547, 3163, 8040, 14081, 8369, 18182, 17541, 11552, 12451, 15074, 1783, 17730, 1690, 16992, 2490, 2459, 18065, 320, 18311, 45, 9495, 4572, 544, 12731, 16811, 15096, 14957, 4594, 16607, 2449, 7791, 13659, 8892, 1713, 17336, 6598, 13832, 10495, 18937, 3067, 3473, 12715, 13492, 14787, 16503, 17899, 16638, 2408, 7141, 10590, 2917, 14650, 12571, 4321, 2855, 1829, 3736, 3381, 11069, 16093, 15201, 14311, 9836, 18289, 16899, 897, 13981, 12223, 8884, 15721, 7778, 13648, 5737, 6550, 19249, 2715, 447, 12941, 8915, 18963, 16291, 760, 5869, 3635, 3439, 6740, 5003, 3174, 2945, 16056, 4860, 11216, 7363, 1147, 12124, 9764, 11245, 4361, 7784, 16285, 17057, 11203, 5114, 17655, 12056, 17890, 7741, 15799, 10258, 16088, 19222, 15303, 1433, 5991, 322, 2322, 3156, 9940, 7814, 17068, 16968, 10018, 1991, 11946, 8705, 10371, 4619, 11074, 2034, 15550, 11743, 18666, 13494, 14175, 13948, 15123, 11154, 10397, 1701, 4770, 839, 12085, 16500, 16241, 1535, 18782, 2221, 539, 18405, 4245, 103, 1571, 16945, 12196, 9441, 1732, 1367, 3596, 4794, 7230, 5245, 17483, 2955, 2003, 11509, 4044, 12934, 3456, 16693, 593, 4582, 14076, 10972, 1965, 7227, 14324, 8658, 3772, 8355, 11889, 1908, 2684, 10026, 1666, 16507, 5589, 9295, 8389, 2099, 18653, 13808, 19147, 6675, 10970, 2788, 19028, 16983, 16166, 9845, 8160, 11381, 10088, 10333, 11716, 14695, 12697, 4365, 3747, 17296, 11904, 74, 7047, 10639, 13094, 940, 10478, 2032, 6642, 14896, 10840, 5430, 5556, 12597, 2183, 18403, 4252, 14613, 18283, 8790, 12140, 13540, 13353, 14114, 13297, 4056, 14038, 11299, 13770, 11433, 14285, 1526, 1955, 15711, 255, 12481, 612, 1635, 4886, 357, 11434, 9524, 13106, 2607, 5391, 9406, 2331, 624, 2749, 17849, 9829, 11436, 18426, 9481, 18550, 15647, 532, 11720, 11824, 15610, 15741, 7902, 13558, 17967, 14539, 17889, 4631, 1238, 16921, 7787, 15293, 3108, 8215, 2851, 4514, 12938, 16730, 17178, 4890, 17960, 4725, 7917, 3191, 8231, 16341, 8195, 10913, 2173, 5557, 2637, 16896, 5806, 1815, 1451, 8864, 2290, 12108, 5328, 6203, 2431, 7508, 17898, 17188, 6897, 1199, 15526, 18437, 6631, 8644, 16917, 14964, 14233, 2454, 584, 4830, 7199, 4180, 14889, 5761, 13756, 6917, 7756, 18880, 15095, 1816, 14070, 16252, 7429, 16589, 1631, 15968, 15221, 12478, 18594, 1477, 5637, 12058, 1205, 13397, 9107, 18654, 1968, 3759, 13147, 14144, 14973, 12452, 18020, 13592, 17920, 13687, 11335, 7207, 418, 7834, 778, 12982, 10688, 9031, 509, 9601, 9780, 17040, 12023, 3916, 91, 6536, 18535, 7547, 15240, 707, 14533, 15064, 17012, 16805, 8637, 5969, 16221, 1940, 13307, 4717, 12615, 18220, 11028, 12170, 1743, 2376, 12415, 14220, 18827, 1294, 18543, 6977, 15309, 11778, 11842, 17103, 3857, 4637, 12162, 19169, 17166, 18237, 17818, 9507, 19022, 5790, 19112, 15611, 1118, 15184, 18703, 1817, 15530, 16579, 8437, 11839, 11378, 3537, 9205, 9217, 16272, 18759, 16828, 12002, 8348, 1723, 3481, 14115, 379, 8544, 264, 6015, 7672, 2253, 7364, 3706, 13796, 17139, 16125, 12059, 9623, 7185, 2418, 18230, 3087, 281, 4379, 1796, 8459, 4400, 17824, 2736, 16446, 13525, 15341, 3275, 7872, 1662, 7557, 4319, 15442, 7181, 10456, 4963, 17048, 16943, 12784, 3441, 5240, 9975, 13216, 17702, 11594, 13554, 6165, 19168, 16070, 3540, 3262, 10661, 4061, 13173, 2875, 17014, 4349, 10818, 8428, 16764, 14232, 8930, 15734, 17680, 7069, 15684, 17050, 18987, 6914, 6863, 19263, 10595, 150, 10039, 2722, 18223, 16444, 6559, 7258, 2661, 7699, 17136, 12773, 4247, 5723, 15194, 1696, 1500, 2807, 9893, 11835, 13240, 18313, 17107, 10265, 10244, 5570, 2862, 14049, 1012, 12861, 723, 9583, 17461, 10056, 1264, 8297, 3716, 14666, 15259, 13531, 543, 13723, 16810, 6700, 3516, 13766, 7186, 10692, 6321, 15484, 14547, 8744, 3703, 10383, 16829, 6366, 6846, 3906, 2021, 18133, 857, 279, 12232, 10212, 10541, 12325, 13475, 1225, 937, 6966, 10881, 16936, 18502, 1440, 11914, 3326, 5633, 14913, 4623, 10743, 12361, 17335, 1072, 5043, 14810, 15077, 3255, 17215, 6553, 17852, 4801, 6962, 3060, 9430, 8799, 13824, 188, 15175, 15163, 4733, 5011, 3536, 17635, 6532, 14071, 6112, 17158, 6597, 11272, 105, 19219, 5013, 12483, 201, 6848, 17033, 6367, 7859, 14702, 18844, 7053, 18694, 15670, 636, 10129, 6378, 5369, 7273, 16247, 9142, 15345, 16817, 14854, 2600, 15783, 889, 11833, 6612, 2068, 2427, 7062, 7918, 16181, 5464, 8339, 8950, 8453, 16423, 6064, 2380, 4268, 13929, 12974, 19141, 1299, 2484, 3883, 3273, 8772, 13256, 11239, 5766, 18098, 12705, 11004, 2695, 10048, 10960, 2766, 15661, 13258, 8015, 6032, 16397, 7749, 19039, 7634, 15076, 4234, 15114, 8475, 8091, 19220, 18004, 9704, 13918, 15569, 16443, 10015, 9943, 7817, 9349, 2588, 8249, 398, 5316, 15538, 18372, 13559, 2937, 2803, 16248, 6155, 630, 9911, 13190, 19157, 15788, 13248, 13148, 1320, 12074, 8471, 8798, 3213, 12418, 814, 2402, 12718, 12397, 10564, 9875, 10128, 6947, 9491, 17707, 3266, 19196, 14309, 18523, 19043, 17975, 18063, 11618, 15016, 14434, 7680, 1739, 18029, 11694, 1745, 9271, 5189, 9561, 11283, 14978, 10753, 16017, 12914, 978, 2828, 17257, 13135, 5061, 121, 6602, 16015, 19271, 12159, 1244, 8260, 13195, 15873, 12815, 14291, 14515, 118, 4892, 14985, 9551, 12654, 4739, 927, 12176, 9523, 11726, 18187, 5880, 2569, 3386, 13942, 3390, 15774, 129, 65, 12922, 8422, 12692, 16213, 11515, 2111, 8347, 10758, 14064, 4401, 17782, 15621, 6709, 14716, 4091, 13964, 8424, 4218, 7249, 11311, 11171, 18564, 14755, 7114, 14009, 14815, 294, 495, 7684, 6833, 4046, 3505, 16995, 17858, 7761, 15803, 9840, 13958, 8226, 10369, 12497, 17142, 1748, 2854, 7159, 11539, 11055, 13337, 17173, 14214, 6803, 11144, 12649, 283, 15489, 13174, 7015, 610, 7030, 18206, 14077, 15468, 14962, 8046, 7809, 17387, 16034, 16678, 1173, 3502, 12942, 15655, 16859, 7099, 1673, 446, 1365, 5881, 3713, 11697, 1897, 16001, 1702, 14149, 11876, 9341, 4325, 6923, 2001, 138, 3276, 18716, 17604, 10501, 115, 12800, 6111, 11148, 4549, 16057, 4707, 6843, 16091, 4295, 7519, 13708, 12409, 11018, 5052, 13566, 14715, 12755, 793, 10837, 1888, 12375, 3935, 5763, 11791, 11258, 13264, 11469, 4683, 8905, 1853, 11600, 4421, 2798, 5074, 18141, 13807, 8595, 8126, 13837, 8060, 6956, 11767, 14560, 9389, 15261, 1232, 12560, 7262, 11504, 3546, 4627, 1177, 517, 4008, 9219, 17696, 4148, 14124, 13243, 11235, 7561, 8331, 16320, 3591, 11341, 4015, 12028, 14929, 18601, 3528, 14065, 1510, 19191, 13833, 17616, 10869, 17689, 831, 16725, 6319, 15465, 10467, 8162, 13563, 7728, 10778, 13545, 12290, 16480, 14401, 12838, 4212, 17529, 4832, 15111, 12690, 10373, 7596, 18614, 17477, 1043, 13100, 4774, 17479, 3774, 9302, 3901, 13071, 6412, 9516, 1261, 3054, 13522, 17602, 14343, 18500, 10957, 2791, 9624, 3634, 17904, 5709, 14670, 11058, 7087, 7435, 13848, 82, 5565, 2562, 14029, 3583, 1676, 12709, 18473, 3158, 12787, 8068, 8263, 16146, 3593, 1802, 1861, 3348, 4487, 17749, 6105, 10471, 17472, 10200, 1182, 14180, 1076, 10156, 4839, 9903, 4879, 9720, 2157, 15344, 16067, 3064, 17182, 5368, 4987, 18484, 18923, 11896, 1052, 15727, 15289, 5885, 1933, 5251, 17072, 6038, 6195, 13524, 6606, 18506, 17536, 6784, 3231, 14121, 8925, 10030, 803, 13764, 146, 19268, 14099, 4130, 16372, 1537, 12248, 13718, 17187, 11728, 1740, 19233, 5600, 4092, 4779, 6028, 3395, 16152, 19150, 2417, 11980, 11237, 8427, 18127, 3538, 9257, 607, 2078, 18457, 5802, 3435, 15019, 4256, 9221, 13465, 11742, 5788, 9528, 17493, 4607, 3131, 6616, 5356, 1550, 4617, 8827, 849, 2601, 4437, 17861, 10261, 15704, 3890, 8149, 12063, 3086, 15925, 12301, 6847, 5603, 7768, 3187, 13372, 9258, 6584, 7594, 2603, 1835, 17380, 17193, 15251, 15937, 18731, 4082, 14911, 16626, 8824, 16208, 10167, 17711, 9678, 15852, 13620, 16479, 14586, 2446, 4866, 1315, 7746, 10615, 7927, 2443, 7157, 13506, 18410, 10494]",4348,1500,3,False,1500
2080,transport query,transport query,63,True,True,True,"{21: 26, 33: 14, 2: 18, 29: 13, 25: 57, 43: 9, 57: 16, 49: 16, 61: 14, 67: 52, 65: 21, 50: 28, 15: 53, 6: 13, 46: 15, 27: 69, 7: 65, 48: 67, 19: 21, 31: 14, 63: 26, 22: 39, 9: 79, 26: 40, 47: 15, 53: 66, 11: 19, 51: 26, 54: 9, 13: 32, 17: 37, 52: 30, 39: 27, 38: 19, 1: 6, 59: 33, 56: 23, 32: 9, 8: 25, 4: 12, 20: 26, 24: 7, 18: 31, 42: 7, 28: 31, 45: 57, 0: 13, 66: 11, 62: 11, 35: 7, 64: 15, 37: 2, 40: 25, 3: 3, 14: 5, 12: 8, 16: 15, 55: 16, 30: 13, 58: 6, 36: 4, 60: 5, 5: 3, 41: 2, 44: 2, 34: 2}","[12686, 3384, 6034, 14374, 14516, 14680, 18580, 5912, 661, 4433, 14182, 14634, 14672, 13694, 17233, 12320, 12666, 7276, 14925, 15315, 1125, 14820, 3769, 14096, 12401, 14972, 14176, 4685, 4278, 5735, 7514, 16051, 15882, 4696, 17145, 19193, 12994, 9901, 13641, 15193, 6739, 9240, 1608, 14664, 18117, 5676, 15714, 5964, 5329, 16651, 15936, 14441, 15878, 18316, 14255, 18692, 5858, 4640, 10716, 13839, 16635, 2097, 11464, 12427, 2320, 14629, 7617, 16183, 16205, 2170, 4384, 6683, 5285, 18707, 6780, 4231, 2404, 4895, 18091, 2944, 13054, 3904, 3491, 9455, 15985, 10432, 8657, 15304, 9114, 5838, 5197, 17244, 6207, 3970, 17246, 3950, 6168, 8697, 6800, 9942, 11118, 8582, 6355, 15275, 4581, 12724, 11921, 1833, 523, 7619, 15729, 176, 8576, 3101, 1573, 1283, 11796, 11277, 2547, 1738, 6806, 15187, 7129, 5179, 5854, 16373, 9231, 6270, 777, 2062, 13249, 4144, 6325, 3924, 5350, 14414, 3142, 2249, 6444, 13582, 2833, 18030, 6483, 18404, 15057, 7482, 15001, 15872, 14584, 10835, 954, 7257, 1381, 17819, 17518, 6497, 14430, 4901, 16466, 10805, 132, 7506, 755, 14427, 12119, 16613, 19042, 14994, 11257, 8042, 2144, 5966, 1580, 8010, 2550, 10684, 14088, 5037, 8764, 17076, 14185, 15984, 5299, 16601, 19182, 13197, 14561, 12605, 17010, 2703, 6715, 11207, 10188, 212, 2293, 17676, 1720, 5934, 112, 8568, 15870, 3226, 4524, 4431, 5141, 5383, 7609, 12807, 19001, 14368, 6704, 14903, 4172, 117, 18698, 1699, 16558, 7518, 10618, 2110, 10308, 7828, 6623, 17644, 4449, 951, 13858, 15106, 8402, 916, 4771, 8608, 6448, 6656, 13547, 2814, 8336, 8093, 6398, 637, 9909, 10621, 786, 14146, 17292, 9457, 3, 2884, 14785, 10504, 16361, 8181, 17690, 654, 11067, 18741, 386, 18208, 10130, 8079, 7082, 14740, 8076, 18619, 14428, 10992, 12679, 9431, 18328, 13606, 7641, 13542, 1002, 11975, 15646, 19078, 1352, 8683, 16053, 11763, 14823, 7059, 4995, 3754, 6213, 10090, 19084, 1973, 8131, 5353, 836, 13960, 3217, 4885, 9645, 16941, 14750, 13171, 9132, 1355, 4440, 15747, 8233, 6008, 12781, 16749, 13905, 18198, 5033, 2910, 16502, 1233, 965, 16926, 3944, 13518, 18213, 12739, 9972, 14609, 5764, 6128, 9532, 12680, 3672, 5458, 6822, 11547, 3163, 8040, 14081, 8369, 18182, 17541, 11552, 12451, 15074, 1783, 17730, 1690, 16992, 2490, 2459, 18065, 320, 18311, 45, 9495, 4572, 544, 12731, 16811, 15096, 14957, 4594, 16607, 2449, 7791, 13659, 8892, 1713, 17336, 6598, 13832, 10495, 18937, 3067, 3473, 12715, 13492, 14787, 16503, 17899, 16638, 2408, 7141, 10590, 2917, 14650, 12571, 4321, 2855, 1829, 3736, 3381, 11069, 16093, 15201, 14311, 9836, 18289, 16899, 897, 13981, 12223, 8884, 15721, 7778, 13648, 5737, 6550, 19249, 2715, 447, 12941, 8915, 18963, 16291, 760, 5869, 3635, 3439, 6740, 5003, 3174, 2945, 16056, 4860, 11216, 7363, 1147, 12124, 9764, 11245, 4361, 7784, 16285, 17057, 11203, 5114, 17655, 12056, 17890, 7741, 15799, 10258, 16088, 19222, 15303, 1433, 5991, 322, 2322, 3156, 9940, 7814, 17068, 16968, 10018, 1991, 11946, 8705, 10371, 4619, 11074, 2034, 15550, 11743, 18666, 13494, 14175, 13948, 15123, 11154, 10397, 1701, 4770, 839, 12085, 16500, 16241, 1535, 18782, 2221, 539, 18405, 4245, 103, 1571, 16945, 12196, 9441, 1732, 1367, 3596, 4794, 7230, 5245, 17483, 2955, 2003, 11509, 4044, 12934, 3456, 16693, 593, 4582, 14076, 10972, 1965, 7227, 14324, 8658, 3772, 8355, 11889, 1908, 2684, 10026, 1666, 16507, 5589, 9295, 8389, 2099, 18653, 13808, 19147, 6675, 10970, 2788, 19028, 16983, 16166, 9845, 8160, 11381, 10088, 10333, 11716, 14695, 12697, 4365, 3747, 17296, 11904, 74, 7047, 10639, 13094, 940, 10478, 2032, 6642, 14896, 10840, 5430, 5556, 12597, 2183, 18403, 4252, 14613, 18283, 8790, 12140, 13540, 13353, 14114, 13297, 4056, 14038, 11299, 13770, 11433, 14285, 1526, 1955, 15711, 255, 12481, 612, 1635, 4886, 357, 11434, 9524, 13106, 2607, 5391, 9406, 2331, 624, 2749, 17849, 9829, 11436, 18426, 9481, 18550, 15647, 532, 11720, 11824, 15610, 15741, 7902, 13558, 17967, 14539, 17889, 4631, 1238, 16921, 7787, 15293, 3108, 8215, 2851, 4514, 12938, 16730, 17178, 4890, 17960, 4725, 7917, 3191, 8231, 16341, 8195, 10913, 2173, 5557, 2637, 16896, 5806, 1815, 1451, 8864, 2290, 12108, 5328, 6203, 2431, 7508, 17898, 17188, 6897, 1199, 15526, 18437, 6631, 8644, 16917, 14964, 14233, 2454, 584, 4830, 7199, 4180, 14889, 5761, 13756, 6917, 7756, 18880, 15095, 1816, 14070, 16252, 7429, 16589, 1631, 15968, 15221, 12478, 18594, 1477, 5637, 12058, 1205, 13397, 9107, 18654, 1968, 3759, 13147, 14144, 14973, 12452, 18020, 13592, 17920, 13687, 11335, 7207, 418, 7834, 778, 12982, 10688, 9031, 509, 9601, 9780, 17040, 12023, 3916, 91, 6536, 18535, 7547, 15240, 707, 14533, 15064, 17012, 16805, 8637, 5969, 16221, 1940, 13307, 4717, 12615, 18220, 11028, 12170, 1743, 2376, 12415, 14220, 18827, 1294, 18543, 6977, 15309, 11778, 11842, 17103, 3857, 4637, 12162, 19169, 17166, 18237, 17818, 9507, 19022, 5790, 19112, 15611, 1118, 15184, 18703, 1817, 15530, 16579, 8437, 11839, 11378, 3537, 9205, 9217, 16272, 18759, 16828, 12002, 8348, 1723, 3481, 14115, 379, 8544, 264, 6015, 7672, 2253, 7364, 3706, 13796, 17139, 16125, 12059, 9623, 7185, 2418, 18230, 3087, 281, 4379, 1796, 8459, 4400, 17824, 2736, 16446, 13525, 15341, 3275, 7872, 1662, 7557, 4319, 15442, 7181, 10456, 4963, 17048, 16943, 12784, 3441, 5240, 9975, 13216, 17702, 11594, 13554, 6165, 19168, 16070, 3540, 3262, 10661, 4061, 13173, 2875, 17014, 4349, 10818, 8428, 16764, 14232, 8930, 15734, 17680, 7069, 15684, 17050, 18987, 6914, 6863, 19263, 10595, 150, 10039, 2722, 18223, 16444, 6559, 7258, 2661, 7699, 17136, 12773, 4247, 5723, 15194, 1696, 1500, 2807, 9893, 11835, 13240, 18313, 17107, 10265, 10244, 5570, 2862, 14049, 1012, 12861, 723, 9583, 17461, 10056, 1264, 8297, 3716, 14666, 15259, 13531, 543, 13723, 16810, 6700, 3516, 13766, 7186, 10692, 6321, 15484, 14547, 8744, 3703, 10383, 16829, 6366, 6846, 3906, 2021, 18133, 857, 279, 12232, 10212, 10541, 12325, 13475, 1225, 937, 6966, 10881, 16936, 18502, 1440, 11914, 3326, 5633, 14913, 4623, 10743, 12361, 17335, 1072, 5043, 14810, 15077, 3255, 17215, 6553, 17852, 4801, 6962, 3060, 9430, 8799, 13824, 188, 15175, 15163, 4733, 5011, 3536, 17635, 6532, 14071, 6112, 17158, 6597, 11272, 105, 19219, 5013, 12483, 201, 6848, 17033, 6367, 7859, 14702, 18844, 7053, 18694, 15670, 636, 10129, 6378, 5369, 7273, 16247, 9142, 15345, 16817, 14854, 2600, 15783, 889, 11833, 6612, 2068, 2427, 7062, 7918, 16181, 5464, 8339, 8950, 8453, 16423, 6064, 2380, 4268, 13929, 12974, 19141, 1299, 2484, 3883, 3273, 8772, 13256, 11239, 5766, 18098, 12705, 11004, 2695, 10048, 10960, 2766, 15661, 13258, 8015, 6032, 16397, 7749, 19039, 7634, 15076, 4234, 15114, 8475, 8091, 19220, 18004, 9704, 13918, 15569, 16443, 10015, 9943, 7817, 9349, 2588, 8249, 398, 5316, 15538, 18372, 13559, 2937, 2803, 16248, 6155, 630, 9911, 13190, 19157, 15788, 13248, 13148, 1320, 12074, 8471, 8798, 3213, 12418, 814, 2402, 12718, 12397, 10564, 9875, 10128, 6947, 9491, 17707, 3266, 19196, 14309, 18523, 19043, 17975, 18063, 11618, 15016, 14434, 7680, 1739, 18029, 11694, 1745, 9271, 5189, 9561, 11283, 14978, 10753, 16017, 12914, 978, 2828, 17257, 13135, 5061, 121, 6602, 16015, 19271, 12159, 1244, 8260, 13195, 15873, 12815, 14291, 14515, 118, 4892, 14985, 9551, 12654, 4739, 927, 12176, 9523, 11726, 18187, 5880, 2569, 3386, 13942, 3390, 15774, 129, 65, 12922, 8422, 12692, 16213, 11515, 2111, 8347, 10758, 14064, 4401, 17782, 15621, 6709, 14716, 4091, 13964, 8424, 4218, 7249, 11311, 11171, 18564, 14755, 7114, 14009, 14815, 294, 495, 7684, 6833, 4046, 3505, 16995, 17858, 7761, 15803, 9840, 13958, 8226, 10369, 12497, 17142, 1748, 2854, 7159, 11539, 11055, 13337, 17173, 14214, 6803, 11144, 12649, 283, 15489, 13174, 7015, 610, 7030, 18206, 14077, 15468, 14962, 8046, 7809, 17387, 16034, 16678, 1173, 3502, 12942, 15655, 16859, 7099, 1673, 446, 1365, 5881, 3713, 11697, 1897, 16001, 1702, 14149, 11876, 9341, 4325, 6923, 2001, 138, 3276, 18716, 17604, 10501, 115, 12800, 6111, 11148, 4549, 16057, 4707, 6843, 16091, 4295, 7519, 13708, 12409, 11018, 5052, 13566, 14715, 12755, 793, 10837, 1888, 12375, 3935, 5763, 11791, 11258, 13264, 11469, 4683, 8905, 1853, 11600, 4421, 2798, 5074, 18141, 13807, 8595, 8126, 13837, 8060, 6956, 11767, 14560, 9389, 15261, 1232, 12560, 7262, 11504, 3546, 4627, 1177, 517, 4008, 9219, 17696, 4148, 14124, 13243, 11235, 7561, 8331, 16320, 3591, 11341, 4015, 12028, 14929, 18601, 3528, 14065, 1510, 19191, 13833, 17616, 10869, 17689, 831, 16725, 6319, 15465, 10467, 8162, 13563, 7728, 10778, 13545, 12290, 16480, 14401, 12838, 4212, 17529, 4832, 15111, 12690, 10373, 7596, 18614, 17477, 1043, 13100, 4774, 17479, 3774, 9302, 3901, 13071, 6412, 9516, 1261, 3054, 13522, 17602, 14343, 18500, 10957, 2791, 9624, 3634, 17904, 5709, 14670, 11058, 7087, 7435, 13848, 82, 5565, 2562, 14029, 3583, 1676, 12709, 18473, 3158, 12787, 8068, 8263, 16146, 3593, 1802, 1861, 3348, 4487, 17749, 6105, 10471, 17472, 10200, 1182, 14180, 1076, 10156, 4839, 9903, 4879, 9720, 2157, 15344, 16067, 3064, 17182, 5368, 4987, 18484, 18923, 11896, 1052, 15727, 15289, 5885, 1933, 5251, 17072, 6038, 6195, 13524, 6606, 18506, 17536, 6784, 3231, 14121, 8925, 10030, 803, 13764, 146, 19268, 14099, 4130, 16372, 1537, 12248, 13718, 17187, 11728, 1740, 19233, 5600, 4092, 4779, 6028, 3395, 16152, 19150, 2417, 11980, 11237, 8427, 18127, 3538, 9257, 607, 2078, 18457, 5802, 3435, 15019, 4256, 9221, 13465, 11742, 5788, 9528, 17493, 4607, 3131, 6616, 5356, 1550, 4617, 8827, 849, 2601, 4437, 17861, 10261, 15704, 3890, 8149, 12063, 3086, 15925, 12301, 6847, 5603, 7768, 3187, 13372, 9258, 6584, 7594, 2603, 1835, 17380, 17193, 15251, 15937, 18731, 4082, 14911, 16626, 8824, 16208, 10167, 17711, 9678, 15852, 13620, 16479, 14586, 2446, 4866, 1315, 7746, 10615, 7927, 2443, 7157, 13506, 18410, 10494]",2080,1500,3,False,1500
1518,news query,news,45,True,True,False,"{21: 26, 33: 14, 2: 18, 29: 13, 25: 57, 43: 9, 57: 16, 49: 16, 61: 14, 67: 52, 65: 21, 50: 28, 15: 53, 6: 13, 46: 15, 27: 69, 7: 65, 48: 67, 19: 21, 31: 14, 63: 26, 22: 39, 9: 79, 26: 40, 47: 15, 53: 66, 11: 19, 51: 26, 54: 9, 13: 32, 17: 37, 52: 30, 39: 27, 38: 19, 1: 6, 59: 33, 56: 23, 32: 9, 8: 25, 4: 12, 20: 26, 24: 7, 18: 31, 42: 7, 28: 31, 45: 57, 0: 13, 66: 11, 62: 11, 35: 7, 64: 15, 37: 2, 40: 25, 3: 3, 14: 5, 12: 8, 16: 15, 55: 16, 30: 13, 58: 6, 36: 4, 60: 5, 5: 3, 41: 2, 44: 2, 34: 2}","[12686, 3384, 6034, 14374, 14516, 14680, 18580, 5912, 661, 4433, 14182, 14634, 14672, 13694, 17233, 12320, 12666, 7276, 14925, 15315, 1125, 14820, 3769, 14096, 12401, 14972, 14176, 4685, 4278, 5735, 7514, 16051, 15882, 4696, 17145, 19193, 12994, 9901, 13641, 15193, 6739, 9240, 1608, 14664, 18117, 5676, 15714, 5964, 5329, 16651, 15936, 14441, 15878, 18316, 14255, 18692, 5858, 4640, 10716, 13839, 16635, 2097, 11464, 12427, 2320, 14629, 7617, 16183, 16205, 2170, 4384, 6683, 5285, 18707, 6780, 4231, 2404, 4895, 18091, 2944, 13054, 3904, 3491, 9455, 15985, 10432, 8657, 15304, 9114, 5838, 5197, 17244, 6207, 3970, 17246, 3950, 6168, 8697, 6800, 9942, 11118, 8582, 6355, 15275, 4581, 12724, 11921, 1833, 523, 7619, 15729, 176, 8576, 3101, 1573, 1283, 11796, 11277, 2547, 1738, 6806, 15187, 7129, 5179, 5854, 16373, 9231, 6270, 777, 2062, 13249, 4144, 6325, 3924, 5350, 14414, 3142, 2249, 6444, 13582, 2833, 18030, 6483, 18404, 15057, 7482, 15001, 15872, 14584, 10835, 954, 7257, 1381, 17819, 17518, 6497, 14430, 4901, 16466, 10805, 132, 7506, 755, 14427, 12119, 16613, 19042, 14994, 11257, 8042, 2144, 5966, 1580, 8010, 2550, 10684, 14088, 5037, 8764, 17076, 14185, 15984, 5299, 16601, 19182, 13197, 14561, 12605, 17010, 2703, 6715, 11207, 10188, 212, 2293, 17676, 1720, 5934, 112, 8568, 15870, 3226, 4524, 4431, 5141, 5383, 7609, 12807, 19001, 14368, 6704, 14903, 4172, 117, 18698, 1699, 16558, 7518, 10618, 2110, 10308, 7828, 6623, 17644, 4449, 951, 13858, 15106, 8402, 916, 4771, 8608, 6448, 6656, 13547, 2814, 8336, 8093, 6398, 637, 9909, 10621, 786, 14146, 17292, 9457, 3, 2884, 14785, 10504, 16361, 8181, 17690, 654, 11067, 18741, 386, 18208, 10130, 8079, 7082, 14740, 8076, 18619, 14428, 10992, 12679, 9431, 18328, 13606, 7641, 13542, 1002, 11975, 15646, 19078, 1352, 8683, 16053, 11763, 14823, 7059, 4995, 3754, 6213, 10090, 19084, 1973, 8131, 5353, 836, 13960, 3217, 4885, 9645, 16941, 14750, 13171, 9132, 1355, 4440, 15747, 8233, 6008, 12781, 16749, 13905, 18198, 5033, 2910, 16502, 1233, 965, 16926, 3944, 13518, 18213, 12739, 9972, 14609, 5764, 6128, 9532, 12680, 3672, 5458, 6822, 11547, 3163, 8040, 14081, 8369, 18182, 17541, 11552, 12451, 15074, 1783, 17730, 1690, 16992, 2490, 2459, 18065, 320, 18311, 45, 9495, 4572, 544, 12731, 16811, 15096, 14957, 4594, 16607, 2449, 7791, 13659, 8892, 1713, 17336, 6598, 13832, 10495, 18937, 3067, 3473, 12715, 13492, 14787, 16503, 17899, 16638, 2408, 7141, 10590, 2917, 14650, 12571, 4321, 2855, 1829, 3736, 3381, 11069, 16093, 15201, 14311, 9836, 18289, 16899, 897, 13981, 12223, 8884, 15721, 7778, 13648, 5737, 6550, 19249, 2715, 447, 12941, 8915, 18963, 16291, 760, 5869, 3635, 3439, 6740, 5003, 3174, 2945, 16056, 4860, 11216, 7363, 1147, 12124, 9764, 11245, 4361, 7784, 16285, 17057, 11203, 5114, 17655, 12056, 17890, 7741, 15799, 10258, 16088, 19222, 15303, 1433, 5991, 322, 2322, 3156, 9940, 7814, 17068, 16968, 10018, 1991, 11946, 8705, 10371, 4619, 11074, 2034, 15550, 11743, 18666, 13494, 14175, 13948, 15123, 11154, 10397, 1701, 4770, 839, 12085, 16500, 16241, 1535, 18782, 2221, 539, 18405, 4245, 103, 1571, 16945, 12196, 9441, 1732, 1367, 3596, 4794, 7230, 5245, 17483, 2955, 2003, 11509, 4044, 12934, 3456, 16693, 593, 4582, 14076, 10972, 1965, 7227, 14324, 8658, 3772, 8355, 11889, 1908, 2684, 10026, 1666, 16507, 5589, 9295, 8389, 2099, 18653, 13808, 19147, 6675, 10970, 2788, 19028, 16983, 16166, 9845, 8160, 11381, 10088, 10333, 11716, 14695, 12697, 4365, 3747, 17296, 11904, 74, 7047, 10639, 13094, 940, 10478, 2032, 6642, 14896, 10840, 5430, 5556, 12597, 2183, 18403, 4252, 14613, 18283, 8790, 12140, 13540, 13353, 14114, 13297, 4056, 14038, 11299, 13770, 11433, 14285, 1526, 1955, 15711, 255, 12481, 612, 1635, 4886, 357, 11434, 9524, 13106, 2607, 5391, 9406, 2331, 624, 2749, 17849, 9829, 11436, 18426, 9481, 18550, 15647, 532, 11720, 11824, 15610, 15741, 7902, 13558, 17967, 14539, 17889, 4631, 1238, 16921, 7787, 15293, 3108, 8215, 2851, 4514, 12938, 16730, 17178, 4890, 17960, 4725, 7917, 3191, 8231, 16341, 8195, 10913, 2173, 5557, 2637, 16896, 5806, 1815, 1451, 8864, 2290, 12108, 5328, 6203, 2431, 7508, 17898, 17188, 6897, 1199, 15526, 18437, 6631, 8644, 16917, 14964, 14233, 2454, 584, 4830, 7199, 4180, 14889, 5761, 13756, 6917, 7756, 18880, 15095, 1816, 14070, 16252, 7429, 16589, 1631, 15968, 15221, 12478, 18594, 1477, 5637, 12058, 1205, 13397, 9107, 18654, 1968, 3759, 13147, 14144, 14973, 12452, 18020, 13592, 17920, 13687, 11335, 7207, 418, 7834, 778, 12982, 10688, 9031, 509, 9601, 9780, 17040, 12023, 3916, 91, 6536, 18535, 7547, 15240, 707, 14533, 15064, 17012, 16805, 8637, 5969, 16221, 1940, 13307, 4717, 12615, 18220, 11028, 12170, 1743, 2376, 12415, 14220, 18827, 1294, 18543, 6977, 15309, 11778, 11842, 17103, 3857, 4637, 12162, 19169, 17166, 18237, 17818, 9507, 19022, 5790, 19112, 15611, 1118, 15184, 18703, 1817, 15530, 16579, 8437, 11839, 11378, 3537, 9205, 9217, 16272, 18759, 16828, 12002, 8348, 1723, 3481, 14115, 379, 8544, 264, 6015, 7672, 2253, 7364, 3706, 13796, 17139, 16125, 12059, 9623, 7185, 2418, 18230, 3087, 281, 4379, 1796, 8459, 4400, 17824, 2736, 16446, 13525, 15341, 3275, 7872, 1662, 7557, 4319, 15442, 7181, 10456, 4963, 17048, 16943, 12784, 3441, 5240, 9975, 13216, 17702, 11594, 13554, 6165, 19168, 16070, 3540, 3262, 10661, 4061, 13173, 2875, 17014, 4349, 10818, 8428, 16764, 14232, 8930, 15734, 17680, 7069, 15684, 17050, 18987, 6914, 6863, 19263, 10595, 150, 10039, 2722, 18223, 16444, 6559, 7258, 2661, 7699, 17136, 12773, 4247, 5723, 15194, 1696, 1500, 2807, 9893, 11835, 13240, 18313, 17107, 10265, 10244, 5570, 2862, 14049, 1012, 12861, 723, 9583, 17461, 10056, 1264, 8297, 3716, 14666, 15259, 13531, 543, 13723, 16810, 6700, 3516, 13766, 7186, 10692, 6321, 15484, 14547, 8744, 3703, 10383, 16829, 6366, 6846, 3906, 2021, 18133, 857, 279, 12232, 10212, 10541, 12325, 13475, 1225, 937, 6966, 10881, 16936, 18502, 1440, 11914, 3326, 5633, 14913, 4623, 10743, 12361, 17335, 1072, 5043, 14810, 15077, 3255, 17215, 6553, 17852, 4801, 6962, 3060, 9430, 8799, 13824, 188, 15175, 15163, 4733, 5011, 3536, 17635, 6532, 14071, 6112, 17158, 6597, 11272, 105, 19219, 5013, 12483, 201, 6848, 17033, 6367, 7859, 14702, 18844, 7053, 18694, 15670, 636, 10129, 6378, 5369, 7273, 16247, 9142, 15345, 16817, 14854, 2600, 15783, 889, 11833, 6612, 2068, 2427, 7062, 7918, 16181, 5464, 8339, 8950, 8453, 16423, 6064, 2380, 4268, 13929, 12974, 19141, 1299, 2484, 3883, 3273, 8772, 13256, 11239, 5766, 18098, 12705, 11004, 2695, 10048, 10960, 2766, 15661, 13258, 8015, 6032, 16397, 7749, 19039, 7634, 15076, 4234, 15114, 8475, 8091, 19220, 18004, 9704, 13918, 15569, 16443, 10015, 9943, 7817, 9349, 2588, 8249, 398, 5316, 15538, 18372, 13559, 2937, 2803, 16248, 6155, 630, 9911, 13190, 19157, 15788, 13248, 13148, 1320, 12074, 8471, 8798, 3213, 12418, 814, 2402, 12718, 12397, 10564, 9875, 10128, 6947, 9491, 17707, 3266, 19196, 14309, 18523, 19043, 17975, 18063, 11618, 15016, 14434, 7680, 1739, 18029, 11694, 1745, 9271, 5189, 9561, 11283, 14978, 10753, 16017, 12914, 978, 2828, 17257, 13135, 5061, 121, 6602, 16015, 19271, 12159, 1244, 8260, 13195, 15873, 12815, 14291, 14515, 118, 4892, 14985, 9551, 12654, 4739, 927, 12176, 9523, 11726, 18187, 5880, 2569, 3386, 13942, 3390, 15774, 129, 65, 12922, 8422, 12692, 16213, 11515, 2111, 8347, 10758, 14064, 4401, 17782, 15621, 6709, 14716, 4091, 13964, 8424, 4218, 7249, 11311, 11171, 18564, 14755, 7114, 14009, 14815, 294, 495, 7684, 6833, 4046, 3505, 16995, 17858, 7761, 15803, 9840, 13958, 8226, 10369, 12497, 17142, 1748, 2854, 7159, 11539, 11055, 13337, 17173, 14214, 6803, 11144, 12649, 283, 15489, 13174, 7015, 610, 7030, 18206, 14077, 15468, 14962, 8046, 7809, 17387, 16034, 16678, 1173, 3502, 12942, 15655, 16859, 7099, 1673, 446, 1365, 5881, 3713, 11697, 1897, 16001, 1702, 14149, 11876, 9341, 4325, 6923, 2001, 138, 3276, 18716, 17604, 10501, 115, 12800, 6111, 11148, 4549, 16057, 4707, 6843, 16091, 4295, 7519, 13708, 12409, 11018, 5052, 13566, 14715, 12755, 793, 10837, 1888, 12375, 3935, 5763, 11791, 11258, 13264, 11469, 4683, 8905, 1853, 11600, 4421, 2798, 5074, 18141, 13807, 8595, 8126, 13837, 8060, 6956, 11767, 14560, 9389, 15261, 1232, 12560, 7262, 11504, 3546, 4627, 1177, 517, 4008, 9219, 17696, 4148, 14124, 13243, 11235, 7561, 8331, 16320, 3591, 11341, 4015, 12028, 14929, 18601, 3528, 14065, 1510, 19191, 13833, 17616, 10869, 17689, 831, 16725, 6319, 15465, 10467, 8162, 13563, 7728, 10778, 13545, 12290, 16480, 14401, 12838, 4212, 17529, 4832, 15111, 12690, 10373, 7596, 18614, 17477, 1043, 13100, 4774, 17479, 3774, 9302, 3901, 13071, 6412, 9516, 1261, 3054, 13522, 17602, 14343, 18500, 10957, 2791, 9624, 3634, 17904, 5709, 14670, 11058, 7087, 7435, 13848, 82, 5565, 2562, 14029, 3583, 1676, 12709, 18473, 3158, 12787, 8068, 8263, 16146, 3593, 1802, 1861, 3348, 4487, 17749, 6105, 10471, 17472, 10200, 1182, 14180, 1076, 10156, 4839, 9903, 4879, 9720, 2157, 15344, 16067, 3064, 17182, 5368, 4987, 18484, 18923, 11896, 1052, 15727, 15289, 5885, 1933, 5251, 17072, 6038, 6195, 13524, 6606, 18506, 17536, 6784, 3231, 14121, 8925, 10030, 803, 13764, 146, 19268, 14099, 4130, 16372, 1537, 12248, 13718, 17187, 11728, 1740, 19233, 5600, 4092, 4779, 6028, 3395, 16152, 19150, 2417, 11980, 11237, 8427, 18127, 3538, 9257, 607, 2078, 18457, 5802, 3435, 15019, 4256, 9221, 13465, 11742, 5788, 9528, 17493, 4607, 3131, 6616, 5356, 1550, 4617, 8827, 849, 2601, 4437, 17861, 10261, 15704, 3890, 8149, 12063, 3086, 15925, 12301, 6847, 5603, 7768, 3187, 13372, 9258, 6584, 7594, 2603, 1835, 17380, 17193, 15251, 15937, 18731, 4082, 14911, 16626, 8824, 16208, 10167, 17711, 9678, 15852, 13620, 16479, 14586, 2446, 4866, 1315, 7746, 10615, 7927, 2443, 7157, 13506, 18410, 10494]",1518,1500,3,False,1500
3748,general negate,general neg,25,True,True,False,"{21: 26, 33: 14, 2: 18, 29: 13, 25: 57, 43: 9, 57: 16, 49: 16, 61: 14, 67: 52, 65: 21, 50: 28, 15: 53, 6: 13, 46: 15, 27: 69, 7: 65, 48: 67, 19: 21, 31: 14, 63: 26, 22: 39, 9: 79, 26: 40, 47: 15, 53: 66, 11: 19, 51: 26, 54: 9, 13: 32, 17: 37, 52: 30, 39: 27, 38: 19, 1: 6, 59: 33, 56: 23, 32: 9, 8: 25, 4: 12, 20: 26, 24: 7, 18: 31, 42: 7, 28: 31, 45: 57, 0: 13, 66: 11, 62: 11, 35: 7, 64: 15, 37: 2, 40: 25, 3: 3, 14: 5, 12: 8, 16: 15, 55: 16, 30: 13, 58: 6, 36: 4, 60: 5, 5: 3, 41: 2, 44: 2, 34: 2}","[12686, 3384, 6034, 14374, 14516, 14680, 18580, 5912, 661, 4433, 14182, 14634, 14672, 13694, 17233, 12320, 12666, 7276, 14925, 15315, 1125, 14820, 3769, 14096, 12401, 14972, 14176, 4685, 4278, 5735, 7514, 16051, 15882, 4696, 17145, 19193, 12994, 9901, 13641, 15193, 6739, 9240, 1608, 14664, 18117, 5676, 15714, 5964, 5329, 16651, 15936, 14441, 15878, 18316, 14255, 18692, 5858, 4640, 10716, 13839, 16635, 2097, 11464, 12427, 2320, 14629, 7617, 16183, 16205, 2170, 4384, 6683, 5285, 18707, 6780, 4231, 2404, 4895, 18091, 2944, 13054, 3904, 3491, 9455, 15985, 10432, 8657, 15304, 9114, 5838, 5197, 17244, 6207, 3970, 17246, 3950, 6168, 8697, 6800, 9942, 11118, 8582, 6355, 15275, 4581, 12724, 11921, 1833, 523, 7619, 15729, 176, 8576, 3101, 1573, 1283, 11796, 11277, 2547, 1738, 6806, 15187, 7129, 5179, 5854, 16373, 9231, 6270, 777, 2062, 13249, 4144, 6325, 3924, 5350, 14414, 3142, 2249, 6444, 13582, 2833, 18030, 6483, 18404, 15057, 7482, 15001, 15872, 14584, 10835, 954, 7257, 1381, 17819, 17518, 6497, 14430, 4901, 16466, 10805, 132, 7506, 755, 14427, 12119, 16613, 19042, 14994, 11257, 8042, 2144, 5966, 1580, 8010, 2550, 10684, 14088, 5037, 8764, 17076, 14185, 15984, 5299, 16601, 19182, 13197, 14561, 12605, 17010, 2703, 6715, 11207, 10188, 212, 2293, 17676, 1720, 5934, 112, 8568, 15870, 3226, 4524, 4431, 5141, 5383, 7609, 12807, 19001, 14368, 6704, 14903, 4172, 117, 18698, 1699, 16558, 7518, 10618, 2110, 10308, 7828, 6623, 17644, 4449, 951, 13858, 15106, 8402, 916, 4771, 8608, 6448, 6656, 13547, 2814, 8336, 8093, 6398, 637, 9909, 10621, 786, 14146, 17292, 9457, 3, 2884, 14785, 10504, 16361, 8181, 17690, 654, 11067, 18741, 386, 18208, 10130, 8079, 7082, 14740, 8076, 18619, 14428, 10992, 12679, 9431, 18328, 13606, 7641, 13542, 1002, 11975, 15646, 19078, 1352, 8683, 16053, 11763, 14823, 7059, 4995, 3754, 6213, 10090, 19084, 1973, 8131, 5353, 836, 13960, 3217, 4885, 9645, 16941, 14750, 13171, 9132, 1355, 4440, 15747, 8233, 6008, 12781, 16749, 13905, 18198, 5033, 2910, 16502, 1233, 965, 16926, 3944, 13518, 18213, 12739, 9972, 14609, 5764, 6128, 9532, 12680, 3672, 5458, 6822, 11547, 3163, 8040, 14081, 8369, 18182, 17541, 11552, 12451, 15074, 1783, 17730, 1690, 16992, 2490, 2459, 18065, 320, 18311, 45, 9495, 4572, 544, 12731, 16811, 15096, 14957, 4594, 16607, 2449, 7791, 13659, 8892, 1713, 17336, 6598, 13832, 10495, 18937, 3067, 3473, 12715, 13492, 14787, 16503, 17899, 16638, 2408, 7141, 10590, 2917, 14650, 12571, 4321, 2855, 1829, 3736, 3381, 11069, 16093, 15201, 14311, 9836, 18289, 16899, 897, 13981, 12223, 8884, 15721, 7778, 13648, 5737, 6550, 19249, 2715, 447, 12941, 8915, 18963, 16291, 760, 5869, 3635, 3439, 6740, 5003, 3174, 2945, 16056, 4860, 11216, 7363, 1147, 12124, 9764, 11245, 4361, 7784, 16285, 17057, 11203, 5114, 17655, 12056, 17890, 7741, 15799, 10258, 16088, 19222, 15303, 1433, 5991, 322, 2322, 3156, 9940, 7814, 17068, 16968, 10018, 1991, 11946, 8705, 10371, 4619, 11074, 2034, 15550, 11743, 18666, 13494, 14175, 13948, 15123, 11154, 10397, 1701, 4770, 839, 12085, 16500, 16241, 1535, 18782, 2221, 539, 18405, 4245, 103, 1571, 16945, 12196, 9441, 1732, 1367, 3596, 4794, 7230, 5245, 17483, 2955, 2003, 11509, 4044, 12934, 3456, 16693, 593, 4582, 14076, 10972, 1965, 7227, 14324, 8658, 3772, 8355, 11889, 1908, 2684, 10026, 1666, 16507, 5589, 9295, 8389, 2099, 18653, 13808, 19147, 6675, 10970, 2788, 19028, 16983, 16166, 9845, 8160, 11381, 10088, 10333, 11716, 14695, 12697, 4365, 3747, 17296, 11904, 74, 7047, 10639, 13094, 940, 10478, 2032, 6642, 14896, 10840, 5430, 5556, 12597, 2183, 18403, 4252, 14613, 18283, 8790, 12140, 13540, 13353, 14114, 13297, 4056, 14038, 11299, 13770, 11433, 14285, 1526, 1955, 15711, 255, 12481, 612, 1635, 4886, 357, 11434, 9524, 13106, 2607, 5391, 9406, 2331, 624, 2749, 17849, 9829, 11436, 18426, 9481, 18550, 15647, 532, 11720, 11824, 15610, 15741, 7902, 13558, 17967, 14539, 17889, 4631, 1238, 16921, 7787, 15293, 3108, 8215, 2851, 4514, 12938, 16730, 17178, 4890, 17960, 4725, 7917, 3191, 8231, 16341, 8195, 10913, 2173, 5557, 2637, 16896, 5806, 1815, 1451, 8864, 2290, 12108, 5328, 6203, 2431, 7508, 17898, 17188, 6897, 1199, 15526, 18437, 6631, 8644, 16917, 14964, 14233, 2454, 584, 4830, 7199, 4180, 14889, 5761, 13756, 6917, 7756, 18880, 15095, 1816, 14070, 16252, 7429, 16589, 1631, 15968, 15221, 12478, 18594, 1477, 5637, 12058, 1205, 13397, 9107, 18654, 1968, 3759, 13147, 14144, 14973, 12452, 18020, 13592, 17920, 13687, 11335, 7207, 418, 7834, 778, 12982, 10688, 9031, 509, 9601, 9780, 17040, 12023, 3916, 91, 6536, 18535, 7547, 15240, 707, 14533, 15064, 17012, 16805, 8637, 5969, 16221, 1940, 13307, 4717, 12615, 18220, 11028, 12170, 1743, 2376, 12415, 14220, 18827, 1294, 18543, 6977, 15309, 11778, 11842, 17103, 3857, 4637, 12162, 19169, 17166, 18237, 17818, 9507, 19022, 5790, 19112, 15611, 1118, 15184, 18703, 1817, 15530, 16579, 8437, 11839, 11378, 3537, 9205, 9217, 16272, 18759, 16828, 12002, 8348, 1723, 3481, 14115, 379, 8544, 264, 6015, 7672, 2253, 7364, 3706, 13796, 17139, 16125, 12059, 9623, 7185, 2418, 18230, 3087, 281, 4379, 1796, 8459, 4400, 17824, 2736, 16446, 13525, 15341, 3275, 7872, 1662, 7557, 4319, 15442, 7181, 10456, 4963, 17048, 16943, 12784, 3441, 5240, 9975, 13216, 17702, 11594, 13554, 6165, 19168, 16070, 3540, 3262, 10661, 4061, 13173, 2875, 17014, 4349, 10818, 8428, 16764, 14232, 8930, 15734, 17680, 7069, 15684, 17050, 18987, 6914, 6863, 19263, 10595, 150, 10039, 2722, 18223, 16444, 6559, 7258, 2661, 7699, 17136, 12773, 4247, 5723, 15194, 1696, 1500, 2807, 9893, 11835, 13240, 18313, 17107, 10265, 10244, 5570, 2862, 14049, 1012, 12861, 723, 9583, 17461, 10056, 1264, 8297, 3716, 14666, 15259, 13531, 543, 13723, 16810, 6700, 3516, 13766, 7186, 10692, 6321, 15484, 14547, 8744, 3703, 10383, 16829, 6366, 6846, 3906, 2021, 18133, 857, 279, 12232, 10212, 10541, 12325, 13475, 1225, 937, 6966, 10881, 16936, 18502, 1440, 11914, 3326, 5633, 14913, 4623, 10743, 12361, 17335, 1072, 5043, 14810, 15077, 3255, 17215, 6553, 17852, 4801, 6962, 3060, 9430, 8799, 13824, 188, 15175, 15163, 4733, 5011, 3536, 17635, 6532, 14071, 6112, 17158, 6597, 11272, 105, 19219, 5013, 12483, 201, 6848, 17033, 6367, 7859, 14702, 18844, 7053, 18694, 15670, 636, 10129, 6378, 5369, 7273, 16247, 9142, 15345, 16817, 14854, 2600, 15783, 889, 11833, 6612, 2068, 2427, 7062, 7918, 16181, 5464, 8339, 8950, 8453, 16423, 6064, 2380, 4268, 13929, 12974, 19141, 1299, 2484, 3883, 3273, 8772, 13256, 11239, 5766, 18098, 12705, 11004, 2695, 10048, 10960, 2766, 15661, 13258, 8015, 6032, 16397, 7749, 19039, 7634, 15076, 4234, 15114, 8475, 8091, 19220, 18004, 9704, 13918, 15569, 16443, 10015, 9943, 7817, 9349, 2588, 8249, 398, 5316, 15538, 18372, 13559, 2937, 2803, 16248, 6155, 630, 9911, 13190, 19157, 15788, 13248, 13148, 1320, 12074, 8471, 8798, 3213, 12418, 814, 2402, 12718, 12397, 10564, 9875, 10128, 6947, 9491, 17707, 3266, 19196, 14309, 18523, 19043, 17975, 18063, 11618, 15016, 14434, 7680, 1739, 18029, 11694, 1745, 9271, 5189, 9561, 11283, 14978, 10753, 16017, 12914, 978, 2828, 17257, 13135, 5061, 121, 6602, 16015, 19271, 12159, 1244, 8260, 13195, 15873, 12815, 14291, 14515, 118, 4892, 14985, 9551, 12654, 4739, 927, 12176, 9523, 11726, 18187, 5880, 2569, 3386, 13942, 3390, 15774, 129, 65, 12922, 8422, 12692, 16213, 11515, 2111, 8347, 10758, 14064, 4401, 17782, 15621, 6709, 14716, 4091, 13964, 8424, 4218, 7249, 11311, 11171, 18564, 14755, 7114, 14009, 14815, 294, 495, 7684, 6833, 4046, 3505, 16995, 17858, 7761, 15803, 9840, 13958, 8226, 10369, 12497, 17142, 1748, 2854, 7159, 11539, 11055, 13337, 17173, 14214, 6803, 11144, 12649, 283, 15489, 13174, 7015, 610, 7030, 18206, 14077, 15468, 14962, 8046, 7809, 17387, 16034, 16678, 1173, 3502, 12942, 15655, 16859, 7099, 1673, 446, 1365, 5881, 3713, 11697, 1897, 16001, 1702, 14149, 11876, 9341, 4325, 6923, 2001, 138, 3276, 18716, 17604, 10501, 115, 12800, 6111, 11148, 4549, 16057, 4707, 6843, 16091, 4295, 7519, 13708, 12409, 11018, 5052, 13566, 14715, 12755, 793, 10837, 1888, 12375, 3935, 5763, 11791, 11258, 13264, 11469, 4683, 8905, 1853, 11600, 4421, 2798, 5074, 18141, 13807, 8595, 8126, 13837, 8060, 6956, 11767, 14560, 9389, 15261, 1232, 12560, 7262, 11504, 3546, 4627, 1177, 517, 4008, 9219, 17696, 4148, 14124, 13243, 11235, 7561, 8331, 16320, 3591, 11341, 4015, 12028, 14929, 18601, 3528, 14065, 1510, 19191, 13833, 17616, 10869, 17689, 831, 16725, 6319, 15465, 10467, 8162, 13563, 7728, 10778, 13545, 12290, 16480, 14401, 12838, 4212, 17529, 4832, 15111, 12690, 10373, 7596, 18614, 17477, 1043, 13100, 4774, 17479, 3774, 9302, 3901, 13071, 6412, 9516, 1261, 3054, 13522, 17602, 14343, 18500, 10957, 2791, 9624, 3634, 17904, 5709, 14670, 11058, 7087, 7435, 13848, 82, 5565, 2562, 14029, 3583, 1676, 12709, 18473, 3158, 12787, 8068, 8263, 16146, 3593, 1802, 1861, 3348, 4487, 17749, 6105, 10471, 17472, 10200, 1182, 14180, 1076, 10156, 4839, 9903, 4879, 9720, 2157, 15344, 16067, 3064, 17182, 5368, 4987, 18484, 18923, 11896, 1052, 15727, 15289, 5885, 1933, 5251, 17072, 6038, 6195, 13524, 6606, 18506, 17536, 6784, 3231, 14121, 8925, 10030, 803, 13764, 146, 19268, 14099, 4130, 16372, 1537, 12248, 13718, 17187, 11728, 1740, 19233, 5600, 4092, 4779, 6028, 3395, 16152, 19150, 2417, 11980, 11237, 8427, 18127, 3538, 9257, 607, 2078, 18457, 5802, 3435, 15019, 4256, 9221, 13465, 11742, 5788, 9528, 17493, 4607, 3131, 6616, 5356, 1550, 4617, 8827, 849, 2601, 4437, 17861, 10261, 15704, 3890, 8149, 12063, 3086, 15925, 12301, 6847, 5603, 7768, 3187, 13372, 9258, 6584, 7594, 2603, 1835, 17380, 17193, 15251, 15937, 18731, 4082, 14911, 16626, 8824, 16208, 10167, 17711, 9678, 15852, 13620, 16479, 14586, 2446, 4866, 1315, 7746, 10615, 7927, 2443, 7157, 13506, 18410, 10494]",3748,1500,3,False,1500
2729,general negate,general neg,25,True,True,False,"{21: 26, 33: 14, 2: 18, 29: 13, 25: 57, 43: 9, 57: 16, 49: 16, 61: 14, 67: 52, 65: 21, 50: 28, 15: 53, 6: 13, 46: 15, 27: 69, 7: 65, 48: 67, 19: 21, 31: 14, 63: 26, 22: 39, 9: 79, 26: 40, 47: 15, 53: 66, 11: 19, 51: 26, 54: 9, 13: 32, 17: 37, 52: 30, 39: 27, 38: 19, 1: 6, 59: 33, 56: 23, 32: 9, 8: 25, 4: 12, 20: 26, 24: 7, 18: 31, 42: 7, 28: 31, 45: 57, 0: 13, 66: 11, 62: 11, 35: 7, 64: 15, 37: 2, 40: 25, 3: 3, 14: 5, 12: 8, 16: 15, 55: 16, 30: 13, 58: 6, 36: 4, 60: 5, 5: 3, 41: 2, 44: 2, 34: 2}","[12686, 3384, 6034, 14374, 14516, 14680, 18580, 5912, 661, 4433, 14182, 14634, 14672, 13694, 17233, 12320, 12666, 7276, 14925, 15315, 1125, 14820, 3769, 14096, 12401, 14972, 14176, 4685, 4278, 5735, 7514, 16051, 15882, 4696, 17145, 19193, 12994, 9901, 13641, 15193, 6739, 9240, 1608, 14664, 18117, 5676, 15714, 5964, 5329, 16651, 15936, 14441, 15878, 18316, 14255, 18692, 5858, 4640, 10716, 13839, 16635, 2097, 11464, 12427, 2320, 14629, 7617, 16183, 16205, 2170, 4384, 6683, 5285, 18707, 6780, 4231, 2404, 4895, 18091, 2944, 13054, 3904, 3491, 9455, 15985, 10432, 8657, 15304, 9114, 5838, 5197, 17244, 6207, 3970, 17246, 3950, 6168, 8697, 6800, 9942, 11118, 8582, 6355, 15275, 4581, 12724, 11921, 1833, 523, 7619, 15729, 176, 8576, 3101, 1573, 1283, 11796, 11277, 2547, 1738, 6806, 15187, 7129, 5179, 5854, 16373, 9231, 6270, 777, 2062, 13249, 4144, 6325, 3924, 5350, 14414, 3142, 2249, 6444, 13582, 2833, 18030, 6483, 18404, 15057, 7482, 15001, 15872, 14584, 10835, 954, 7257, 1381, 17819, 17518, 6497, 14430, 4901, 16466, 10805, 132, 7506, 755, 14427, 12119, 16613, 19042, 14994, 11257, 8042, 2144, 5966, 1580, 8010, 2550, 10684, 14088, 5037, 8764, 17076, 14185, 15984, 5299, 16601, 19182, 13197, 14561, 12605, 17010, 2703, 6715, 11207, 10188, 212, 2293, 17676, 1720, 5934, 112, 8568, 15870, 3226, 4524, 4431, 5141, 5383, 7609, 12807, 19001, 14368, 6704, 14903, 4172, 117, 18698, 1699, 16558, 7518, 10618, 2110, 10308, 7828, 6623, 17644, 4449, 951, 13858, 15106, 8402, 916, 4771, 8608, 6448, 6656, 13547, 2814, 8336, 8093, 6398, 637, 9909, 10621, 786, 14146, 17292, 9457, 3, 2884, 14785, 10504, 16361, 8181, 17690, 654, 11067, 18741, 386, 18208, 10130, 8079, 7082, 14740, 8076, 18619, 14428, 10992, 12679, 9431, 18328, 13606, 7641, 13542, 1002, 11975, 15646, 19078, 1352, 8683, 16053, 11763, 14823, 7059, 4995, 3754, 6213, 10090, 19084, 1973, 8131, 5353, 836, 13960, 3217, 4885, 9645, 16941, 14750, 13171, 9132, 1355, 4440, 15747, 8233, 6008, 12781, 16749, 13905, 18198, 5033, 2910, 16502, 1233, 965, 16926, 3944, 13518, 18213, 12739, 9972, 14609, 5764, 6128, 9532, 12680, 3672, 5458, 6822, 11547, 3163, 8040, 14081, 8369, 18182, 17541, 11552, 12451, 15074, 1783, 17730, 1690, 16992, 2490, 2459, 18065, 320, 18311, 45, 9495, 4572, 544, 12731, 16811, 15096, 14957, 4594, 16607, 2449, 7791, 13659, 8892, 1713, 17336, 6598, 13832, 10495, 18937, 3067, 3473, 12715, 13492, 14787, 16503, 17899, 16638, 2408, 7141, 10590, 2917, 14650, 12571, 4321, 2855, 1829, 3736, 3381, 11069, 16093, 15201, 14311, 9836, 18289, 16899, 897, 13981, 12223, 8884, 15721, 7778, 13648, 5737, 6550, 19249, 2715, 447, 12941, 8915, 18963, 16291, 760, 5869, 3635, 3439, 6740, 5003, 3174, 2945, 16056, 4860, 11216, 7363, 1147, 12124, 9764, 11245, 4361, 7784, 16285, 17057, 11203, 5114, 17655, 12056, 17890, 7741, 15799, 10258, 16088, 19222, 15303, 1433, 5991, 322, 2322, 3156, 9940, 7814, 17068, 16968, 10018, 1991, 11946, 8705, 10371, 4619, 11074, 2034, 15550, 11743, 18666, 13494, 14175, 13948, 15123, 11154, 10397, 1701, 4770, 839, 12085, 16500, 16241, 1535, 18782, 2221, 539, 18405, 4245, 103, 1571, 16945, 12196, 9441, 1732, 1367, 3596, 4794, 7230, 5245, 17483, 2955, 2003, 11509, 4044, 12934, 3456, 16693, 593, 4582, 14076, 10972, 1965, 7227, 14324, 8658, 3772, 8355, 11889, 1908, 2684, 10026, 1666, 16507, 5589, 9295, 8389, 2099, 18653, 13808, 19147, 6675, 10970, 2788, 19028, 16983, 16166, 9845, 8160, 11381, 10088, 10333, 11716, 14695, 12697, 4365, 3747, 17296, 11904, 74, 7047, 10639, 13094, 940, 10478, 2032, 6642, 14896, 10840, 5430, 5556, 12597, 2183, 18403, 4252, 14613, 18283, 8790, 12140, 13540, 13353, 14114, 13297, 4056, 14038, 11299, 13770, 11433, 14285, 1526, 1955, 15711, 255, 12481, 612, 1635, 4886, 357, 11434, 9524, 13106, 2607, 5391, 9406, 2331, 624, 2749, 17849, 9829, 11436, 18426, 9481, 18550, 15647, 532, 11720, 11824, 15610, 15741, 7902, 13558, 17967, 14539, 17889, 4631, 1238, 16921, 7787, 15293, 3108, 8215, 2851, 4514, 12938, 16730, 17178, 4890, 17960, 4725, 7917, 3191, 8231, 16341, 8195, 10913, 2173, 5557, 2637, 16896, 5806, 1815, 1451, 8864, 2290, 12108, 5328, 6203, 2431, 7508, 17898, 17188, 6897, 1199, 15526, 18437, 6631, 8644, 16917, 14964, 14233, 2454, 584, 4830, 7199, 4180, 14889, 5761, 13756, 6917, 7756, 18880, 15095, 1816, 14070, 16252, 7429, 16589, 1631, 15968, 15221, 12478, 18594, 1477, 5637, 12058, 1205, 13397, 9107, 18654, 1968, 3759, 13147, 14144, 14973, 12452, 18020, 13592, 17920, 13687, 11335, 7207, 418, 7834, 778, 12982, 10688, 9031, 509, 9601, 9780, 17040, 12023, 3916, 91, 6536, 18535, 7547, 15240, 707, 14533, 15064, 17012, 16805, 8637, 5969, 16221, 1940, 13307, 4717, 12615, 18220, 11028, 12170, 1743, 2376, 12415, 14220, 18827, 1294, 18543, 6977, 15309, 11778, 11842, 17103, 3857, 4637, 12162, 19169, 17166, 18237, 17818, 9507, 19022, 5790, 19112, 15611, 1118, 15184, 18703, 1817, 15530, 16579, 8437, 11839, 11378, 3537, 9205, 9217, 16272, 18759, 16828, 12002, 8348, 1723, 3481, 14115, 379, 8544, 264, 6015, 7672, 2253, 7364, 3706, 13796, 17139, 16125, 12059, 9623, 7185, 2418, 18230, 3087, 281, 4379, 1796, 8459, 4400, 17824, 2736, 16446, 13525, 15341, 3275, 7872, 1662, 7557, 4319, 15442, 7181, 10456, 4963, 17048, 16943, 12784, 3441, 5240, 9975, 13216, 17702, 11594, 13554, 6165, 19168, 16070, 3540, 3262, 10661, 4061, 13173, 2875, 17014, 4349, 10818, 8428, 16764, 14232, 8930, 15734, 17680, 7069, 15684, 17050, 18987, 6914, 6863, 19263, 10595, 150, 10039, 2722, 18223, 16444, 6559, 7258, 2661, 7699, 17136, 12773, 4247, 5723, 15194, 1696, 1500, 2807, 9893, 11835, 13240, 18313, 17107, 10265, 10244, 5570, 2862, 14049, 1012, 12861, 723, 9583, 17461, 10056, 1264, 8297, 3716, 14666, 15259, 13531, 543, 13723, 16810, 6700, 3516, 13766, 7186, 10692, 6321, 15484, 14547, 8744, 3703, 10383, 16829, 6366, 6846, 3906, 2021, 18133, 857, 279, 12232, 10212, 10541, 12325, 13475, 1225, 937, 6966, 10881, 16936, 18502, 1440, 11914, 3326, 5633, 14913, 4623, 10743, 12361, 17335, 1072, 5043, 14810, 15077, 3255, 17215, 6553, 17852, 4801, 6962, 3060, 9430, 8799, 13824, 188, 15175, 15163, 4733, 5011, 3536, 17635, 6532, 14071, 6112, 17158, 6597, 11272, 105, 19219, 5013, 12483, 201, 6848, 17033, 6367, 7859, 14702, 18844, 7053, 18694, 15670, 636, 10129, 6378, 5369, 7273, 16247, 9142, 15345, 16817, 14854, 2600, 15783, 889, 11833, 6612, 2068, 2427, 7062, 7918, 16181, 5464, 8339, 8950, 8453, 16423, 6064, 2380, 4268, 13929, 12974, 19141, 1299, 2484, 3883, 3273, 8772, 13256, 11239, 5766, 18098, 12705, 11004, 2695, 10048, 10960, 2766, 15661, 13258, 8015, 6032, 16397, 7749, 19039, 7634, 15076, 4234, 15114, 8475, 8091, 19220, 18004, 9704, 13918, 15569, 16443, 10015, 9943, 7817, 9349, 2588, 8249, 398, 5316, 15538, 18372, 13559, 2937, 2803, 16248, 6155, 630, 9911, 13190, 19157, 15788, 13248, 13148, 1320, 12074, 8471, 8798, 3213, 12418, 814, 2402, 12718, 12397, 10564, 9875, 10128, 6947, 9491, 17707, 3266, 19196, 14309, 18523, 19043, 17975, 18063, 11618, 15016, 14434, 7680, 1739, 18029, 11694, 1745, 9271, 5189, 9561, 11283, 14978, 10753, 16017, 12914, 978, 2828, 17257, 13135, 5061, 121, 6602, 16015, 19271, 12159, 1244, 8260, 13195, 15873, 12815, 14291, 14515, 118, 4892, 14985, 9551, 12654, 4739, 927, 12176, 9523, 11726, 18187, 5880, 2569, 3386, 13942, 3390, 15774, 129, 65, 12922, 8422, 12692, 16213, 11515, 2111, 8347, 10758, 14064, 4401, 17782, 15621, 6709, 14716, 4091, 13964, 8424, 4218, 7249, 11311, 11171, 18564, 14755, 7114, 14009, 14815, 294, 495, 7684, 6833, 4046, 3505, 16995, 17858, 7761, 15803, 9840, 13958, 8226, 10369, 12497, 17142, 1748, 2854, 7159, 11539, 11055, 13337, 17173, 14214, 6803, 11144, 12649, 283, 15489, 13174, 7015, 610, 7030, 18206, 14077, 15468, 14962, 8046, 7809, 17387, 16034, 16678, 1173, 3502, 12942, 15655, 16859, 7099, 1673, 446, 1365, 5881, 3713, 11697, 1897, 16001, 1702, 14149, 11876, 9341, 4325, 6923, 2001, 138, 3276, 18716, 17604, 10501, 115, 12800, 6111, 11148, 4549, 16057, 4707, 6843, 16091, 4295, 7519, 13708, 12409, 11018, 5052, 13566, 14715, 12755, 793, 10837, 1888, 12375, 3935, 5763, 11791, 11258, 13264, 11469, 4683, 8905, 1853, 11600, 4421, 2798, 5074, 18141, 13807, 8595, 8126, 13837, 8060, 6956, 11767, 14560, 9389, 15261, 1232, 12560, 7262, 11504, 3546, 4627, 1177, 517, 4008, 9219, 17696, 4148, 14124, 13243, 11235, 7561, 8331, 16320, 3591, 11341, 4015, 12028, 14929, 18601, 3528, 14065, 1510, 19191, 13833, 17616, 10869, 17689, 831, 16725, 6319, 15465, 10467, 8162, 13563, 7728, 10778, 13545, 12290, 16480, 14401, 12838, 4212, 17529, 4832, 15111, 12690, 10373, 7596, 18614, 17477, 1043, 13100, 4774, 17479, 3774, 9302, 3901, 13071, 6412, 9516, 1261, 3054, 13522, 17602, 14343, 18500, 10957, 2791, 9624, 3634, 17904, 5709, 14670, 11058, 7087, 7435, 13848, 82, 5565, 2562, 14029, 3583, 1676, 12709, 18473, 3158, 12787, 8068, 8263, 16146, 3593, 1802, 1861, 3348, 4487, 17749, 6105, 10471, 17472, 10200, 1182, 14180, 1076, 10156, 4839, 9903, 4879, 9720, 2157, 15344, 16067, 3064, 17182, 5368, 4987, 18484, 18923, 11896, 1052, 15727, 15289, 5885, 1933, 5251, 17072, 6038, 6195, 13524, 6606, 18506, 17536, 6784, 3231, 14121, 8925, 10030, 803, 13764, 146, 19268, 14099, 4130, 16372, 1537, 12248, 13718, 17187, 11728, 1740, 19233, 5600, 4092, 4779, 6028, 3395, 16152, 19150, 2417, 11980, 11237, 8427, 18127, 3538, 9257, 607, 2078, 18457, 5802, 3435, 15019, 4256, 9221, 13465, 11742, 5788, 9528, 17493, 4607, 3131, 6616, 5356, 1550, 4617, 8827, 849, 2601, 4437, 17861, 10261, 15704, 3890, 8149, 12063, 3086, 15925, 12301, 6847, 5603, 7768, 3187, 13372, 9258, 6584, 7594, 2603, 1835, 17380, 17193, 15251, 15937, 18731, 4082, 14911, 16626, 8824, 16208, 10167, 17711, 9678, 15852, 13620, 16479, 14586, 2446, 4866, 1315, 7746, 10615, 7927, 2443, 7157, 13506, 18410, 10494]",2729,1500,3,False,1500
5577,general affirm,general aff,18,True,True,False,"{21: 26, 33: 14, 2: 18, 29: 13, 25: 57, 43: 9, 57: 16, 49: 16, 61: 14, 67: 52, 65: 21, 50: 28, 15: 53, 6: 13, 46: 15, 27: 69, 7: 65, 48: 67, 19: 21, 31: 14, 63: 26, 22: 39, 9: 79, 26: 40, 47: 15, 53: 66, 11: 19, 51: 26, 54: 9, 13: 32, 17: 37, 52: 30, 39: 27, 38: 19, 1: 6, 59: 33, 56: 23, 32: 9, 8: 25, 4: 12, 20: 26, 24: 7, 18: 31, 42: 7, 28: 31, 45: 57, 0: 13, 66: 11, 62: 11, 35: 7, 64: 15, 37: 2, 40: 25, 3: 3, 14: 5, 12: 8, 16: 15, 55: 16, 30: 13, 58: 6, 36: 4, 60: 5, 5: 3, 41: 2, 44: 2, 34: 2}","[12686, 3384, 6034, 14374, 14516, 14680, 18580, 5912, 661, 4433, 14182, 14634, 14672, 13694, 17233, 12320, 12666, 7276, 14925, 15315, 1125, 14820, 3769, 14096, 12401, 14972, 14176, 4685, 4278, 5735, 7514, 16051, 15882, 4696, 17145, 19193, 12994, 9901, 13641, 15193, 6739, 9240, 1608, 14664, 18117, 5676, 15714, 5964, 5329, 16651, 15936, 14441, 15878, 18316, 14255, 18692, 5858, 4640, 10716, 13839, 16635, 2097, 11464, 12427, 2320, 14629, 7617, 16183, 16205, 2170, 4384, 6683, 5285, 18707, 6780, 4231, 2404, 4895, 18091, 2944, 13054, 3904, 3491, 9455, 15985, 10432, 8657, 15304, 9114, 5838, 5197, 17244, 6207, 3970, 17246, 3950, 6168, 8697, 6800, 9942, 11118, 8582, 6355, 15275, 4581, 12724, 11921, 1833, 523, 7619, 15729, 176, 8576, 3101, 1573, 1283, 11796, 11277, 2547, 1738, 6806, 15187, 7129, 5179, 5854, 16373, 9231, 6270, 777, 2062, 13249, 4144, 6325, 3924, 5350, 14414, 3142, 2249, 6444, 13582, 2833, 18030, 6483, 18404, 15057, 7482, 15001, 15872, 14584, 10835, 954, 7257, 1381, 17819, 17518, 6497, 14430, 4901, 16466, 10805, 132, 7506, 755, 14427, 12119, 16613, 19042, 14994, 11257, 8042, 2144, 5966, 1580, 8010, 2550, 10684, 14088, 5037, 8764, 17076, 14185, 15984, 5299, 16601, 19182, 13197, 14561, 12605, 17010, 2703, 6715, 11207, 10188, 212, 2293, 17676, 1720, 5934, 112, 8568, 15870, 3226, 4524, 4431, 5141, 5383, 7609, 12807, 19001, 14368, 6704, 14903, 4172, 117, 18698, 1699, 16558, 7518, 10618, 2110, 10308, 7828, 6623, 17644, 4449, 951, 13858, 15106, 8402, 916, 4771, 8608, 6448, 6656, 13547, 2814, 8336, 8093, 6398, 637, 9909, 10621, 786, 14146, 17292, 9457, 3, 2884, 14785, 10504, 16361, 8181, 17690, 654, 11067, 18741, 386, 18208, 10130, 8079, 7082, 14740, 8076, 18619, 14428, 10992, 12679, 9431, 18328, 13606, 7641, 13542, 1002, 11975, 15646, 19078, 1352, 8683, 16053, 11763, 14823, 7059, 4995, 3754, 6213, 10090, 19084, 1973, 8131, 5353, 836, 13960, 3217, 4885, 9645, 16941, 14750, 13171, 9132, 1355, 4440, 15747, 8233, 6008, 12781, 16749, 13905, 18198, 5033, 2910, 16502, 1233, 965, 16926, 3944, 13518, 18213, 12739, 9972, 14609, 5764, 6128, 9532, 12680, 3672, 5458, 6822, 11547, 3163, 8040, 14081, 8369, 18182, 17541, 11552, 12451, 15074, 1783, 17730, 1690, 16992, 2490, 2459, 18065, 320, 18311, 45, 9495, 4572, 544, 12731, 16811, 15096, 14957, 4594, 16607, 2449, 7791, 13659, 8892, 1713, 17336, 6598, 13832, 10495, 18937, 3067, 3473, 12715, 13492, 14787, 16503, 17899, 16638, 2408, 7141, 10590, 2917, 14650, 12571, 4321, 2855, 1829, 3736, 3381, 11069, 16093, 15201, 14311, 9836, 18289, 16899, 897, 13981, 12223, 8884, 15721, 7778, 13648, 5737, 6550, 19249, 2715, 447, 12941, 8915, 18963, 16291, 760, 5869, 3635, 3439, 6740, 5003, 3174, 2945, 16056, 4860, 11216, 7363, 1147, 12124, 9764, 11245, 4361, 7784, 16285, 17057, 11203, 5114, 17655, 12056, 17890, 7741, 15799, 10258, 16088, 19222, 15303, 1433, 5991, 322, 2322, 3156, 9940, 7814, 17068, 16968, 10018, 1991, 11946, 8705, 10371, 4619, 11074, 2034, 15550, 11743, 18666, 13494, 14175, 13948, 15123, 11154, 10397, 1701, 4770, 839, 12085, 16500, 16241, 1535, 18782, 2221, 539, 18405, 4245, 103, 1571, 16945, 12196, 9441, 1732, 1367, 3596, 4794, 7230, 5245, 17483, 2955, 2003, 11509, 4044, 12934, 3456, 16693, 593, 4582, 14076, 10972, 1965, 7227, 14324, 8658, 3772, 8355, 11889, 1908, 2684, 10026, 1666, 16507, 5589, 9295, 8389, 2099, 18653, 13808, 19147, 6675, 10970, 2788, 19028, 16983, 16166, 9845, 8160, 11381, 10088, 10333, 11716, 14695, 12697, 4365, 3747, 17296, 11904, 74, 7047, 10639, 13094, 940, 10478, 2032, 6642, 14896, 10840, 5430, 5556, 12597, 2183, 18403, 4252, 14613, 18283, 8790, 12140, 13540, 13353, 14114, 13297, 4056, 14038, 11299, 13770, 11433, 14285, 1526, 1955, 15711, 255, 12481, 612, 1635, 4886, 357, 11434, 9524, 13106, 2607, 5391, 9406, 2331, 624, 2749, 17849, 9829, 11436, 18426, 9481, 18550, 15647, 532, 11720, 11824, 15610, 15741, 7902, 13558, 17967, 14539, 17889, 4631, 1238, 16921, 7787, 15293, 3108, 8215, 2851, 4514, 12938, 16730, 17178, 4890, 17960, 4725, 7917, 3191, 8231, 16341, 8195, 10913, 2173, 5557, 2637, 16896, 5806, 1815, 1451, 8864, 2290, 12108, 5328, 6203, 2431, 7508, 17898, 17188, 6897, 1199, 15526, 18437, 6631, 8644, 16917, 14964, 14233, 2454, 584, 4830, 7199, 4180, 14889, 5761, 13756, 6917, 7756, 18880, 15095, 1816, 14070, 16252, 7429, 16589, 1631, 15968, 15221, 12478, 18594, 1477, 5637, 12058, 1205, 13397, 9107, 18654, 1968, 3759, 13147, 14144, 14973, 12452, 18020, 13592, 17920, 13687, 11335, 7207, 418, 7834, 778, 12982, 10688, 9031, 509, 9601, 9780, 17040, 12023, 3916, 91, 6536, 18535, 7547, 15240, 707, 14533, 15064, 17012, 16805, 8637, 5969, 16221, 1940, 13307, 4717, 12615, 18220, 11028, 12170, 1743, 2376, 12415, 14220, 18827, 1294, 18543, 6977, 15309, 11778, 11842, 17103, 3857, 4637, 12162, 19169, 17166, 18237, 17818, 9507, 19022, 5790, 19112, 15611, 1118, 15184, 18703, 1817, 15530, 16579, 8437, 11839, 11378, 3537, 9205, 9217, 16272, 18759, 16828, 12002, 8348, 1723, 3481, 14115, 379, 8544, 264, 6015, 7672, 2253, 7364, 3706, 13796, 17139, 16125, 12059, 9623, 7185, 2418, 18230, 3087, 281, 4379, 1796, 8459, 4400, 17824, 2736, 16446, 13525, 15341, 3275, 7872, 1662, 7557, 4319, 15442, 7181, 10456, 4963, 17048, 16943, 12784, 3441, 5240, 9975, 13216, 17702, 11594, 13554, 6165, 19168, 16070, 3540, 3262, 10661, 4061, 13173, 2875, 17014, 4349, 10818, 8428, 16764, 14232, 8930, 15734, 17680, 7069, 15684, 17050, 18987, 6914, 6863, 19263, 10595, 150, 10039, 2722, 18223, 16444, 6559, 7258, 2661, 7699, 17136, 12773, 4247, 5723, 15194, 1696, 1500, 2807, 9893, 11835, 13240, 18313, 17107, 10265, 10244, 5570, 2862, 14049, 1012, 12861, 723, 9583, 17461, 10056, 1264, 8297, 3716, 14666, 15259, 13531, 543, 13723, 16810, 6700, 3516, 13766, 7186, 10692, 6321, 15484, 14547, 8744, 3703, 10383, 16829, 6366, 6846, 3906, 2021, 18133, 857, 279, 12232, 10212, 10541, 12325, 13475, 1225, 937, 6966, 10881, 16936, 18502, 1440, 11914, 3326, 5633, 14913, 4623, 10743, 12361, 17335, 1072, 5043, 14810, 15077, 3255, 17215, 6553, 17852, 4801, 6962, 3060, 9430, 8799, 13824, 188, 15175, 15163, 4733, 5011, 3536, 17635, 6532, 14071, 6112, 17158, 6597, 11272, 105, 19219, 5013, 12483, 201, 6848, 17033, 6367, 7859, 14702, 18844, 7053, 18694, 15670, 636, 10129, 6378, 5369, 7273, 16247, 9142, 15345, 16817, 14854, 2600, 15783, 889, 11833, 6612, 2068, 2427, 7062, 7918, 16181, 5464, 8339, 8950, 8453, 16423, 6064, 2380, 4268, 13929, 12974, 19141, 1299, 2484, 3883, 3273, 8772, 13256, 11239, 5766, 18098, 12705, 11004, 2695, 10048, 10960, 2766, 15661, 13258, 8015, 6032, 16397, 7749, 19039, 7634, 15076, 4234, 15114, 8475, 8091, 19220, 18004, 9704, 13918, 15569, 16443, 10015, 9943, 7817, 9349, 2588, 8249, 398, 5316, 15538, 18372, 13559, 2937, 2803, 16248, 6155, 630, 9911, 13190, 19157, 15788, 13248, 13148, 1320, 12074, 8471, 8798, 3213, 12418, 814, 2402, 12718, 12397, 10564, 9875, 10128, 6947, 9491, 17707, 3266, 19196, 14309, 18523, 19043, 17975, 18063, 11618, 15016, 14434, 7680, 1739, 18029, 11694, 1745, 9271, 5189, 9561, 11283, 14978, 10753, 16017, 12914, 978, 2828, 17257, 13135, 5061, 121, 6602, 16015, 19271, 12159, 1244, 8260, 13195, 15873, 12815, 14291, 14515, 118, 4892, 14985, 9551, 12654, 4739, 927, 12176, 9523, 11726, 18187, 5880, 2569, 3386, 13942, 3390, 15774, 129, 65, 12922, 8422, 12692, 16213, 11515, 2111, 8347, 10758, 14064, 4401, 17782, 15621, 6709, 14716, 4091, 13964, 8424, 4218, 7249, 11311, 11171, 18564, 14755, 7114, 14009, 14815, 294, 495, 7684, 6833, 4046, 3505, 16995, 17858, 7761, 15803, 9840, 13958, 8226, 10369, 12497, 17142, 1748, 2854, 7159, 11539, 11055, 13337, 17173, 14214, 6803, 11144, 12649, 283, 15489, 13174, 7015, 610, 7030, 18206, 14077, 15468, 14962, 8046, 7809, 17387, 16034, 16678, 1173, 3502, 12942, 15655, 16859, 7099, 1673, 446, 1365, 5881, 3713, 11697, 1897, 16001, 1702, 14149, 11876, 9341, 4325, 6923, 2001, 138, 3276, 18716, 17604, 10501, 115, 12800, 6111, 11148, 4549, 16057, 4707, 6843, 16091, 4295, 7519, 13708, 12409, 11018, 5052, 13566, 14715, 12755, 793, 10837, 1888, 12375, 3935, 5763, 11791, 11258, 13264, 11469, 4683, 8905, 1853, 11600, 4421, 2798, 5074, 18141, 13807, 8595, 8126, 13837, 8060, 6956, 11767, 14560, 9389, 15261, 1232, 12560, 7262, 11504, 3546, 4627, 1177, 517, 4008, 9219, 17696, 4148, 14124, 13243, 11235, 7561, 8331, 16320, 3591, 11341, 4015, 12028, 14929, 18601, 3528, 14065, 1510, 19191, 13833, 17616, 10869, 17689, 831, 16725, 6319, 15465, 10467, 8162, 13563, 7728, 10778, 13545, 12290, 16480, 14401, 12838, 4212, 17529, 4832, 15111, 12690, 10373, 7596, 18614, 17477, 1043, 13100, 4774, 17479, 3774, 9302, 3901, 13071, 6412, 9516, 1261, 3054, 13522, 17602, 14343, 18500, 10957, 2791, 9624, 3634, 17904, 5709, 14670, 11058, 7087, 7435, 13848, 82, 5565, 2562, 14029, 3583, 1676, 12709, 18473, 3158, 12787, 8068, 8263, 16146, 3593, 1802, 1861, 3348, 4487, 17749, 6105, 10471, 17472, 10200, 1182, 14180, 1076, 10156, 4839, 9903, 4879, 9720, 2157, 15344, 16067, 3064, 17182, 5368, 4987, 18484, 18923, 11896, 1052, 15727, 15289, 5885, 1933, 5251, 17072, 6038, 6195, 13524, 6606, 18506, 17536, 6784, 3231, 14121, 8925, 10030, 803, 13764, 146, 19268, 14099, 4130, 16372, 1537, 12248, 13718, 17187, 11728, 1740, 19233, 5600, 4092, 4779, 6028, 3395, 16152, 19150, 2417, 11980, 11237, 8427, 18127, 3538, 9257, 607, 2078, 18457, 5802, 3435, 15019, 4256, 9221, 13465, 11742, 5788, 9528, 17493, 4607, 3131, 6616, 5356, 1550, 4617, 8827, 849, 2601, 4437, 17861, 10261, 15704, 3890, 8149, 12063, 3086, 15925, 12301, 6847, 5603, 7768, 3187, 13372, 9258, 6584, 7594, 2603, 1835, 17380, 17193, 15251, 15937, 18731, 4082, 14911, 16626, 8824, 16208, 10167, 17711, 9678, 15852, 13620, 16479, 14586, 2446, 4866, 1315, 7746, 10615, 7927, 2443, 7157, 13506, 18410, 10494]",5577,1500,3,False,1500
2728,qa factoid,general qu,27,True,False,False,"{21: 26, 33: 14, 2: 18, 29: 13, 25: 57, 43: 9, 57: 16, 49: 16, 61: 14, 67: 52, 65: 21, 50: 28, 15: 53, 6: 13, 46: 15, 27: 69, 7: 65, 48: 67, 19: 21, 31: 14, 63: 26, 22: 39, 9: 79, 26: 40, 47: 15, 53: 66, 11: 19, 51: 26, 54: 9, 13: 32, 17: 37, 52: 30, 39: 27, 38: 19, 1: 6, 59: 33, 56: 23, 32: 9, 8: 25, 4: 12, 20: 26, 24: 7, 18: 31, 42: 7, 28: 31, 45: 57, 0: 13, 66: 11, 62: 11, 35: 7, 64: 15, 37: 2, 40: 25, 3: 3, 14: 5, 12: 8, 16: 15, 55: 16, 30: 13, 58: 6, 36: 4, 60: 5, 5: 3, 41: 2, 44: 2, 34: 2}","[12686, 3384, 6034, 14374, 14516, 14680, 18580, 5912, 661, 4433, 14182, 14634, 14672, 13694, 17233, 12320, 12666, 7276, 14925, 15315, 1125, 14820, 3769, 14096, 12401, 14972, 14176, 4685, 4278, 5735, 7514, 16051, 15882, 4696, 17145, 19193, 12994, 9901, 13641, 15193, 6739, 9240, 1608, 14664, 18117, 5676, 15714, 5964, 5329, 16651, 15936, 14441, 15878, 18316, 14255, 18692, 5858, 4640, 10716, 13839, 16635, 2097, 11464, 12427, 2320, 14629, 7617, 16183, 16205, 2170, 4384, 6683, 5285, 18707, 6780, 4231, 2404, 4895, 18091, 2944, 13054, 3904, 3491, 9455, 15985, 10432, 8657, 15304, 9114, 5838, 5197, 17244, 6207, 3970, 17246, 3950, 6168, 8697, 6800, 9942, 11118, 8582, 6355, 15275, 4581, 12724, 11921, 1833, 523, 7619, 15729, 176, 8576, 3101, 1573, 1283, 11796, 11277, 2547, 1738, 6806, 15187, 7129, 5179, 5854, 16373, 9231, 6270, 777, 2062, 13249, 4144, 6325, 3924, 5350, 14414, 3142, 2249, 6444, 13582, 2833, 18030, 6483, 18404, 15057, 7482, 15001, 15872, 14584, 10835, 954, 7257, 1381, 17819, 17518, 6497, 14430, 4901, 16466, 10805, 132, 7506, 755, 14427, 12119, 16613, 19042, 14994, 11257, 8042, 2144, 5966, 1580, 8010, 2550, 10684, 14088, 5037, 8764, 17076, 14185, 15984, 5299, 16601, 19182, 13197, 14561, 12605, 17010, 2703, 6715, 11207, 10188, 212, 2293, 17676, 1720, 5934, 112, 8568, 15870, 3226, 4524, 4431, 5141, 5383, 7609, 12807, 19001, 14368, 6704, 14903, 4172, 117, 18698, 1699, 16558, 7518, 10618, 2110, 10308, 7828, 6623, 17644, 4449, 951, 13858, 15106, 8402, 916, 4771, 8608, 6448, 6656, 13547, 2814, 8336, 8093, 6398, 637, 9909, 10621, 786, 14146, 17292, 9457, 3, 2884, 14785, 10504, 16361, 8181, 17690, 654, 11067, 18741, 386, 18208, 10130, 8079, 7082, 14740, 8076, 18619, 14428, 10992, 12679, 9431, 18328, 13606, 7641, 13542, 1002, 11975, 15646, 19078, 1352, 8683, 16053, 11763, 14823, 7059, 4995, 3754, 6213, 10090, 19084, 1973, 8131, 5353, 836, 13960, 3217, 4885, 9645, 16941, 14750, 13171, 9132, 1355, 4440, 15747, 8233, 6008, 12781, 16749, 13905, 18198, 5033, 2910, 16502, 1233, 965, 16926, 3944, 13518, 18213, 12739, 9972, 14609, 5764, 6128, 9532, 12680, 3672, 5458, 6822, 11547, 3163, 8040, 14081, 8369, 18182, 17541, 11552, 12451, 15074, 1783, 17730, 1690, 16992, 2490, 2459, 18065, 320, 18311, 45, 9495, 4572, 544, 12731, 16811, 15096, 14957, 4594, 16607, 2449, 7791, 13659, 8892, 1713, 17336, 6598, 13832, 10495, 18937, 3067, 3473, 12715, 13492, 14787, 16503, 17899, 16638, 2408, 7141, 10590, 2917, 14650, 12571, 4321, 2855, 1829, 3736, 3381, 11069, 16093, 15201, 14311, 9836, 18289, 16899, 897, 13981, 12223, 8884, 15721, 7778, 13648, 5737, 6550, 19249, 2715, 447, 12941, 8915, 18963, 16291, 760, 5869, 3635, 3439, 6740, 5003, 3174, 2945, 16056, 4860, 11216, 7363, 1147, 12124, 9764, 11245, 4361, 7784, 16285, 17057, 11203, 5114, 17655, 12056, 17890, 7741, 15799, 10258, 16088, 19222, 15303, 1433, 5991, 322, 2322, 3156, 9940, 7814, 17068, 16968, 10018, 1991, 11946, 8705, 10371, 4619, 11074, 2034, 15550, 11743, 18666, 13494, 14175, 13948, 15123, 11154, 10397, 1701, 4770, 839, 12085, 16500, 16241, 1535, 18782, 2221, 539, 18405, 4245, 103, 1571, 16945, 12196, 9441, 1732, 1367, 3596, 4794, 7230, 5245, 17483, 2955, 2003, 11509, 4044, 12934, 3456, 16693, 593, 4582, 14076, 10972, 1965, 7227, 14324, 8658, 3772, 8355, 11889, 1908, 2684, 10026, 1666, 16507, 5589, 9295, 8389, 2099, 18653, 13808, 19147, 6675, 10970, 2788, 19028, 16983, 16166, 9845, 8160, 11381, 10088, 10333, 11716, 14695, 12697, 4365, 3747, 17296, 11904, 74, 7047, 10639, 13094, 940, 10478, 2032, 6642, 14896, 10840, 5430, 5556, 12597, 2183, 18403, 4252, 14613, 18283, 8790, 12140, 13540, 13353, 14114, 13297, 4056, 14038, 11299, 13770, 11433, 14285, 1526, 1955, 15711, 255, 12481, 612, 1635, 4886, 357, 11434, 9524, 13106, 2607, 5391, 9406, 2331, 624, 2749, 17849, 9829, 11436, 18426, 9481, 18550, 15647, 532, 11720, 11824, 15610, 15741, 7902, 13558, 17967, 14539, 17889, 4631, 1238, 16921, 7787, 15293, 3108, 8215, 2851, 4514, 12938, 16730, 17178, 4890, 17960, 4725, 7917, 3191, 8231, 16341, 8195, 10913, 2173, 5557, 2637, 16896, 5806, 1815, 1451, 8864, 2290, 12108, 5328, 6203, 2431, 7508, 17898, 17188, 6897, 1199, 15526, 18437, 6631, 8644, 16917, 14964, 14233, 2454, 584, 4830, 7199, 4180, 14889, 5761, 13756, 6917, 7756, 18880, 15095, 1816, 14070, 16252, 7429, 16589, 1631, 15968, 15221, 12478, 18594, 1477, 5637, 12058, 1205, 13397, 9107, 18654, 1968, 3759, 13147, 14144, 14973, 12452, 18020, 13592, 17920, 13687, 11335, 7207, 418, 7834, 778, 12982, 10688, 9031, 509, 9601, 9780, 17040, 12023, 3916, 91, 6536, 18535, 7547, 15240, 707, 14533, 15064, 17012, 16805, 8637, 5969, 16221, 1940, 13307, 4717, 12615, 18220, 11028, 12170, 1743, 2376, 12415, 14220, 18827, 1294, 18543, 6977, 15309, 11778, 11842, 17103, 3857, 4637, 12162, 19169, 17166, 18237, 17818, 9507, 19022, 5790, 19112, 15611, 1118, 15184, 18703, 1817, 15530, 16579, 8437, 11839, 11378, 3537, 9205, 9217, 16272, 18759, 16828, 12002, 8348, 1723, 3481, 14115, 379, 8544, 264, 6015, 7672, 2253, 7364, 3706, 13796, 17139, 16125, 12059, 9623, 7185, 2418, 18230, 3087, 281, 4379, 1796, 8459, 4400, 17824, 2736, 16446, 13525, 15341, 3275, 7872, 1662, 7557, 4319, 15442, 7181, 10456, 4963, 17048, 16943, 12784, 3441, 5240, 9975, 13216, 17702, 11594, 13554, 6165, 19168, 16070, 3540, 3262, 10661, 4061, 13173, 2875, 17014, 4349, 10818, 8428, 16764, 14232, 8930, 15734, 17680, 7069, 15684, 17050, 18987, 6914, 6863, 19263, 10595, 150, 10039, 2722, 18223, 16444, 6559, 7258, 2661, 7699, 17136, 12773, 4247, 5723, 15194, 1696, 1500, 2807, 9893, 11835, 13240, 18313, 17107, 10265, 10244, 5570, 2862, 14049, 1012, 12861, 723, 9583, 17461, 10056, 1264, 8297, 3716, 14666, 15259, 13531, 543, 13723, 16810, 6700, 3516, 13766, 7186, 10692, 6321, 15484, 14547, 8744, 3703, 10383, 16829, 6366, 6846, 3906, 2021, 18133, 857, 279, 12232, 10212, 10541, 12325, 13475, 1225, 937, 6966, 10881, 16936, 18502, 1440, 11914, 3326, 5633, 14913, 4623, 10743, 12361, 17335, 1072, 5043, 14810, 15077, 3255, 17215, 6553, 17852, 4801, 6962, 3060, 9430, 8799, 13824, 188, 15175, 15163, 4733, 5011, 3536, 17635, 6532, 14071, 6112, 17158, 6597, 11272, 105, 19219, 5013, 12483, 201, 6848, 17033, 6367, 7859, 14702, 18844, 7053, 18694, 15670, 636, 10129, 6378, 5369, 7273, 16247, 9142, 15345, 16817, 14854, 2600, 15783, 889, 11833, 6612, 2068, 2427, 7062, 7918, 16181, 5464, 8339, 8950, 8453, 16423, 6064, 2380, 4268, 13929, 12974, 19141, 1299, 2484, 3883, 3273, 8772, 13256, 11239, 5766, 18098, 12705, 11004, 2695, 10048, 10960, 2766, 15661, 13258, 8015, 6032, 16397, 7749, 19039, 7634, 15076, 4234, 15114, 8475, 8091, 19220, 18004, 9704, 13918, 15569, 16443, 10015, 9943, 7817, 9349, 2588, 8249, 398, 5316, 15538, 18372, 13559, 2937, 2803, 16248, 6155, 630, 9911, 13190, 19157, 15788, 13248, 13148, 1320, 12074, 8471, 8798, 3213, 12418, 814, 2402, 12718, 12397, 10564, 9875, 10128, 6947, 9491, 17707, 3266, 19196, 14309, 18523, 19043, 17975, 18063, 11618, 15016, 14434, 7680, 1739, 18029, 11694, 1745, 9271, 5189, 9561, 11283, 14978, 10753, 16017, 12914, 978, 2828, 17257, 13135, 5061, 121, 6602, 16015, 19271, 12159, 1244, 8260, 13195, 15873, 12815, 14291, 14515, 118, 4892, 14985, 9551, 12654, 4739, 927, 12176, 9523, 11726, 18187, 5880, 2569, 3386, 13942, 3390, 15774, 129, 65, 12922, 8422, 12692, 16213, 11515, 2111, 8347, 10758, 14064, 4401, 17782, 15621, 6709, 14716, 4091, 13964, 8424, 4218, 7249, 11311, 11171, 18564, 14755, 7114, 14009, 14815, 294, 495, 7684, 6833, 4046, 3505, 16995, 17858, 7761, 15803, 9840, 13958, 8226, 10369, 12497, 17142, 1748, 2854, 7159, 11539, 11055, 13337, 17173, 14214, 6803, 11144, 12649, 283, 15489, 13174, 7015, 610, 7030, 18206, 14077, 15468, 14962, 8046, 7809, 17387, 16034, 16678, 1173, 3502, 12942, 15655, 16859, 7099, 1673, 446, 1365, 5881, 3713, 11697, 1897, 16001, 1702, 14149, 11876, 9341, 4325, 6923, 2001, 138, 3276, 18716, 17604, 10501, 115, 12800, 6111, 11148, 4549, 16057, 4707, 6843, 16091, 4295, 7519, 13708, 12409, 11018, 5052, 13566, 14715, 12755, 793, 10837, 1888, 12375, 3935, 5763, 11791, 11258, 13264, 11469, 4683, 8905, 1853, 11600, 4421, 2798, 5074, 18141, 13807, 8595, 8126, 13837, 8060, 6956, 11767, 14560, 9389, 15261, 1232, 12560, 7262, 11504, 3546, 4627, 1177, 517, 4008, 9219, 17696, 4148, 14124, 13243, 11235, 7561, 8331, 16320, 3591, 11341, 4015, 12028, 14929, 18601, 3528, 14065, 1510, 19191, 13833, 17616, 10869, 17689, 831, 16725, 6319, 15465, 10467, 8162, 13563, 7728, 10778, 13545, 12290, 16480, 14401, 12838, 4212, 17529, 4832, 15111, 12690, 10373, 7596, 18614, 17477, 1043, 13100, 4774, 17479, 3774, 9302, 3901, 13071, 6412, 9516, 1261, 3054, 13522, 17602, 14343, 18500, 10957, 2791, 9624, 3634, 17904, 5709, 14670, 11058, 7087, 7435, 13848, 82, 5565, 2562, 14029, 3583, 1676, 12709, 18473, 3158, 12787, 8068, 8263, 16146, 3593, 1802, 1861, 3348, 4487, 17749, 6105, 10471, 17472, 10200, 1182, 14180, 1076, 10156, 4839, 9903, 4879, 9720, 2157, 15344, 16067, 3064, 17182, 5368, 4987, 18484, 18923, 11896, 1052, 15727, 15289, 5885, 1933, 5251, 17072, 6038, 6195, 13524, 6606, 18506, 17536, 6784, 3231, 14121, 8925, 10030, 803, 13764, 146, 19268, 14099, 4130, 16372, 1537, 12248, 13718, 17187, 11728, 1740, 19233, 5600, 4092, 4779, 6028, 3395, 16152, 19150, 2417, 11980, 11237, 8427, 18127, 3538, 9257, 607, 2078, 18457, 5802, 3435, 15019, 4256, 9221, 13465, 11742, 5788, 9528, 17493, 4607, 3131, 6616, 5356, 1550, 4617, 8827, 849, 2601, 4437, 17861, 10261, 15704, 3890, 8149, 12063, 3086, 15925, 12301, 6847, 5603, 7768, 3187, 13372, 9258, 6584, 7594, 2603, 1835, 17380, 17193, 15251, 15937, 18731, 4082, 14911, 16626, 8824, 16208, 10167, 17711, 9678, 15852, 13620, 16479, 14586, 2446, 4866, 1315, 7746, 10615, 7927, 2443, 7157, 13506, 18410, 10494]",2728,1500,3,False,1500
2262,iot hue light change,iot hue light change,31,True,True,True,"{21: 26, 33: 14, 2: 18, 29: 13, 25: 57, 43: 9, 57: 16, 49: 16, 61: 14, 67: 52, 65: 21, 50: 28, 15: 53, 6: 13, 46: 15, 27: 69, 7: 65, 48: 67, 19: 21, 31: 14, 63: 26, 22: 39, 9: 79, 26: 40, 47: 15, 53: 66, 11: 19, 51: 26, 54: 9, 13: 32, 17: 37, 52: 30, 39: 27, 38: 19, 1: 6, 59: 33, 56: 23, 32: 9, 8: 25, 4: 12, 20: 26, 24: 7, 18: 31, 42: 7, 28: 31, 45: 57, 0: 13, 66: 11, 62: 11, 35: 7, 64: 15, 37: 2, 40: 25, 3: 3, 14: 5, 12: 8, 16: 15, 55: 16, 30: 13, 58: 6, 36: 4, 60: 5, 5: 3, 41: 2, 44: 2, 34: 2}","[12686, 3384, 6034, 14374, 14516, 14680, 18580, 5912, 661, 4433, 14182, 14634, 14672, 13694, 17233, 12320, 12666, 7276, 14925, 15315, 1125, 14820, 3769, 14096, 12401, 14972, 14176, 4685, 4278, 5735, 7514, 16051, 15882, 4696, 17145, 19193, 12994, 9901, 13641, 15193, 6739, 9240, 1608, 14664, 18117, 5676, 15714, 5964, 5329, 16651, 15936, 14441, 15878, 18316, 14255, 18692, 5858, 4640, 10716, 13839, 16635, 2097, 11464, 12427, 2320, 14629, 7617, 16183, 16205, 2170, 4384, 6683, 5285, 18707, 6780, 4231, 2404, 4895, 18091, 2944, 13054, 3904, 3491, 9455, 15985, 10432, 8657, 15304, 9114, 5838, 5197, 17244, 6207, 3970, 17246, 3950, 6168, 8697, 6800, 9942, 11118, 8582, 6355, 15275, 4581, 12724, 11921, 1833, 523, 7619, 15729, 176, 8576, 3101, 1573, 1283, 11796, 11277, 2547, 1738, 6806, 15187, 7129, 5179, 5854, 16373, 9231, 6270, 777, 2062, 13249, 4144, 6325, 3924, 5350, 14414, 3142, 2249, 6444, 13582, 2833, 18030, 6483, 18404, 15057, 7482, 15001, 15872, 14584, 10835, 954, 7257, 1381, 17819, 17518, 6497, 14430, 4901, 16466, 10805, 132, 7506, 755, 14427, 12119, 16613, 19042, 14994, 11257, 8042, 2144, 5966, 1580, 8010, 2550, 10684, 14088, 5037, 8764, 17076, 14185, 15984, 5299, 16601, 19182, 13197, 14561, 12605, 17010, 2703, 6715, 11207, 10188, 212, 2293, 17676, 1720, 5934, 112, 8568, 15870, 3226, 4524, 4431, 5141, 5383, 7609, 12807, 19001, 14368, 6704, 14903, 4172, 117, 18698, 1699, 16558, 7518, 10618, 2110, 10308, 7828, 6623, 17644, 4449, 951, 13858, 15106, 8402, 916, 4771, 8608, 6448, 6656, 13547, 2814, 8336, 8093, 6398, 637, 9909, 10621, 786, 14146, 17292, 9457, 3, 2884, 14785, 10504, 16361, 8181, 17690, 654, 11067, 18741, 386, 18208, 10130, 8079, 7082, 14740, 8076, 18619, 14428, 10992, 12679, 9431, 18328, 13606, 7641, 13542, 1002, 11975, 15646, 19078, 1352, 8683, 16053, 11763, 14823, 7059, 4995, 3754, 6213, 10090, 19084, 1973, 8131, 5353, 836, 13960, 3217, 4885, 9645, 16941, 14750, 13171, 9132, 1355, 4440, 15747, 8233, 6008, 12781, 16749, 13905, 18198, 5033, 2910, 16502, 1233, 965, 16926, 3944, 13518, 18213, 12739, 9972, 14609, 5764, 6128, 9532, 12680, 3672, 5458, 6822, 11547, 3163, 8040, 14081, 8369, 18182, 17541, 11552, 12451, 15074, 1783, 17730, 1690, 16992, 2490, 2459, 18065, 320, 18311, 45, 9495, 4572, 544, 12731, 16811, 15096, 14957, 4594, 16607, 2449, 7791, 13659, 8892, 1713, 17336, 6598, 13832, 10495, 18937, 3067, 3473, 12715, 13492, 14787, 16503, 17899, 16638, 2408, 7141, 10590, 2917, 14650, 12571, 4321, 2855, 1829, 3736, 3381, 11069, 16093, 15201, 14311, 9836, 18289, 16899, 897, 13981, 12223, 8884, 15721, 7778, 13648, 5737, 6550, 19249, 2715, 447, 12941, 8915, 18963, 16291, 760, 5869, 3635, 3439, 6740, 5003, 3174, 2945, 16056, 4860, 11216, 7363, 1147, 12124, 9764, 11245, 4361, 7784, 16285, 17057, 11203, 5114, 17655, 12056, 17890, 7741, 15799, 10258, 16088, 19222, 15303, 1433, 5991, 322, 2322, 3156, 9940, 7814, 17068, 16968, 10018, 1991, 11946, 8705, 10371, 4619, 11074, 2034, 15550, 11743, 18666, 13494, 14175, 13948, 15123, 11154, 10397, 1701, 4770, 839, 12085, 16500, 16241, 1535, 18782, 2221, 539, 18405, 4245, 103, 1571, 16945, 12196, 9441, 1732, 1367, 3596, 4794, 7230, 5245, 17483, 2955, 2003, 11509, 4044, 12934, 3456, 16693, 593, 4582, 14076, 10972, 1965, 7227, 14324, 8658, 3772, 8355, 11889, 1908, 2684, 10026, 1666, 16507, 5589, 9295, 8389, 2099, 18653, 13808, 19147, 6675, 10970, 2788, 19028, 16983, 16166, 9845, 8160, 11381, 10088, 10333, 11716, 14695, 12697, 4365, 3747, 17296, 11904, 74, 7047, 10639, 13094, 940, 10478, 2032, 6642, 14896, 10840, 5430, 5556, 12597, 2183, 18403, 4252, 14613, 18283, 8790, 12140, 13540, 13353, 14114, 13297, 4056, 14038, 11299, 13770, 11433, 14285, 1526, 1955, 15711, 255, 12481, 612, 1635, 4886, 357, 11434, 9524, 13106, 2607, 5391, 9406, 2331, 624, 2749, 17849, 9829, 11436, 18426, 9481, 18550, 15647, 532, 11720, 11824, 15610, 15741, 7902, 13558, 17967, 14539, 17889, 4631, 1238, 16921, 7787, 15293, 3108, 8215, 2851, 4514, 12938, 16730, 17178, 4890, 17960, 4725, 7917, 3191, 8231, 16341, 8195, 10913, 2173, 5557, 2637, 16896, 5806, 1815, 1451, 8864, 2290, 12108, 5328, 6203, 2431, 7508, 17898, 17188, 6897, 1199, 15526, 18437, 6631, 8644, 16917, 14964, 14233, 2454, 584, 4830, 7199, 4180, 14889, 5761, 13756, 6917, 7756, 18880, 15095, 1816, 14070, 16252, 7429, 16589, 1631, 15968, 15221, 12478, 18594, 1477, 5637, 12058, 1205, 13397, 9107, 18654, 1968, 3759, 13147, 14144, 14973, 12452, 18020, 13592, 17920, 13687, 11335, 7207, 418, 7834, 778, 12982, 10688, 9031, 509, 9601, 9780, 17040, 12023, 3916, 91, 6536, 18535, 7547, 15240, 707, 14533, 15064, 17012, 16805, 8637, 5969, 16221, 1940, 13307, 4717, 12615, 18220, 11028, 12170, 1743, 2376, 12415, 14220, 18827, 1294, 18543, 6977, 15309, 11778, 11842, 17103, 3857, 4637, 12162, 19169, 17166, 18237, 17818, 9507, 19022, 5790, 19112, 15611, 1118, 15184, 18703, 1817, 15530, 16579, 8437, 11839, 11378, 3537, 9205, 9217, 16272, 18759, 16828, 12002, 8348, 1723, 3481, 14115, 379, 8544, 264, 6015, 7672, 2253, 7364, 3706, 13796, 17139, 16125, 12059, 9623, 7185, 2418, 18230, 3087, 281, 4379, 1796, 8459, 4400, 17824, 2736, 16446, 13525, 15341, 3275, 7872, 1662, 7557, 4319, 15442, 7181, 10456, 4963, 17048, 16943, 12784, 3441, 5240, 9975, 13216, 17702, 11594, 13554, 6165, 19168, 16070, 3540, 3262, 10661, 4061, 13173, 2875, 17014, 4349, 10818, 8428, 16764, 14232, 8930, 15734, 17680, 7069, 15684, 17050, 18987, 6914, 6863, 19263, 10595, 150, 10039, 2722, 18223, 16444, 6559, 7258, 2661, 7699, 17136, 12773, 4247, 5723, 15194, 1696, 1500, 2807, 9893, 11835, 13240, 18313, 17107, 10265, 10244, 5570, 2862, 14049, 1012, 12861, 723, 9583, 17461, 10056, 1264, 8297, 3716, 14666, 15259, 13531, 543, 13723, 16810, 6700, 3516, 13766, 7186, 10692, 6321, 15484, 14547, 8744, 3703, 10383, 16829, 6366, 6846, 3906, 2021, 18133, 857, 279, 12232, 10212, 10541, 12325, 13475, 1225, 937, 6966, 10881, 16936, 18502, 1440, 11914, 3326, 5633, 14913, 4623, 10743, 12361, 17335, 1072, 5043, 14810, 15077, 3255, 17215, 6553, 17852, 4801, 6962, 3060, 9430, 8799, 13824, 188, 15175, 15163, 4733, 5011, 3536, 17635, 6532, 14071, 6112, 17158, 6597, 11272, 105, 19219, 5013, 12483, 201, 6848, 17033, 6367, 7859, 14702, 18844, 7053, 18694, 15670, 636, 10129, 6378, 5369, 7273, 16247, 9142, 15345, 16817, 14854, 2600, 15783, 889, 11833, 6612, 2068, 2427, 7062, 7918, 16181, 5464, 8339, 8950, 8453, 16423, 6064, 2380, 4268, 13929, 12974, 19141, 1299, 2484, 3883, 3273, 8772, 13256, 11239, 5766, 18098, 12705, 11004, 2695, 10048, 10960, 2766, 15661, 13258, 8015, 6032, 16397, 7749, 19039, 7634, 15076, 4234, 15114, 8475, 8091, 19220, 18004, 9704, 13918, 15569, 16443, 10015, 9943, 7817, 9349, 2588, 8249, 398, 5316, 15538, 18372, 13559, 2937, 2803, 16248, 6155, 630, 9911, 13190, 19157, 15788, 13248, 13148, 1320, 12074, 8471, 8798, 3213, 12418, 814, 2402, 12718, 12397, 10564, 9875, 10128, 6947, 9491, 17707, 3266, 19196, 14309, 18523, 19043, 17975, 18063, 11618, 15016, 14434, 7680, 1739, 18029, 11694, 1745, 9271, 5189, 9561, 11283, 14978, 10753, 16017, 12914, 978, 2828, 17257, 13135, 5061, 121, 6602, 16015, 19271, 12159, 1244, 8260, 13195, 15873, 12815, 14291, 14515, 118, 4892, 14985, 9551, 12654, 4739, 927, 12176, 9523, 11726, 18187, 5880, 2569, 3386, 13942, 3390, 15774, 129, 65, 12922, 8422, 12692, 16213, 11515, 2111, 8347, 10758, 14064, 4401, 17782, 15621, 6709, 14716, 4091, 13964, 8424, 4218, 7249, 11311, 11171, 18564, 14755, 7114, 14009, 14815, 294, 495, 7684, 6833, 4046, 3505, 16995, 17858, 7761, 15803, 9840, 13958, 8226, 10369, 12497, 17142, 1748, 2854, 7159, 11539, 11055, 13337, 17173, 14214, 6803, 11144, 12649, 283, 15489, 13174, 7015, 610, 7030, 18206, 14077, 15468, 14962, 8046, 7809, 17387, 16034, 16678, 1173, 3502, 12942, 15655, 16859, 7099, 1673, 446, 1365, 5881, 3713, 11697, 1897, 16001, 1702, 14149, 11876, 9341, 4325, 6923, 2001, 138, 3276, 18716, 17604, 10501, 115, 12800, 6111, 11148, 4549, 16057, 4707, 6843, 16091, 4295, 7519, 13708, 12409, 11018, 5052, 13566, 14715, 12755, 793, 10837, 1888, 12375, 3935, 5763, 11791, 11258, 13264, 11469, 4683, 8905, 1853, 11600, 4421, 2798, 5074, 18141, 13807, 8595, 8126, 13837, 8060, 6956, 11767, 14560, 9389, 15261, 1232, 12560, 7262, 11504, 3546, 4627, 1177, 517, 4008, 9219, 17696, 4148, 14124, 13243, 11235, 7561, 8331, 16320, 3591, 11341, 4015, 12028, 14929, 18601, 3528, 14065, 1510, 19191, 13833, 17616, 10869, 17689, 831, 16725, 6319, 15465, 10467, 8162, 13563, 7728, 10778, 13545, 12290, 16480, 14401, 12838, 4212, 17529, 4832, 15111, 12690, 10373, 7596, 18614, 17477, 1043, 13100, 4774, 17479, 3774, 9302, 3901, 13071, 6412, 9516, 1261, 3054, 13522, 17602, 14343, 18500, 10957, 2791, 9624, 3634, 17904, 5709, 14670, 11058, 7087, 7435, 13848, 82, 5565, 2562, 14029, 3583, 1676, 12709, 18473, 3158, 12787, 8068, 8263, 16146, 3593, 1802, 1861, 3348, 4487, 17749, 6105, 10471, 17472, 10200, 1182, 14180, 1076, 10156, 4839, 9903, 4879, 9720, 2157, 15344, 16067, 3064, 17182, 5368, 4987, 18484, 18923, 11896, 1052, 15727, 15289, 5885, 1933, 5251, 17072, 6038, 6195, 13524, 6606, 18506, 17536, 6784, 3231, 14121, 8925, 10030, 803, 13764, 146, 19268, 14099, 4130, 16372, 1537, 12248, 13718, 17187, 11728, 1740, 19233, 5600, 4092, 4779, 6028, 3395, 16152, 19150, 2417, 11980, 11237, 8427, 18127, 3538, 9257, 607, 2078, 18457, 5802, 3435, 15019, 4256, 9221, 13465, 11742, 5788, 9528, 17493, 4607, 3131, 6616, 5356, 1550, 4617, 8827, 849, 2601, 4437, 17861, 10261, 15704, 3890, 8149, 12063, 3086, 15925, 12301, 6847, 5603, 7768, 3187, 13372, 9258, 6584, 7594, 2603, 1835, 17380, 17193, 15251, 15937, 18731, 4082, 14911, 16626, 8824, 16208, 10167, 17711, 9678, 15852, 13620, 16479, 14586, 2446, 4866, 1315, 7746, 10615, 7927, 2443, 7157, 13506, 18410, 10494]",2262,1500,3,False,1500
3897,calendar set,calendar set,9,True,True,True,"{21: 26, 33: 14, 2: 18, 29: 13, 25: 57, 43: 9, 57: 16, 49: 16, 61: 14, 67: 52, 65: 21, 50: 28, 15: 53, 6: 13, 46: 15, 27: 69, 7: 65, 48: 67, 19: 21, 31: 14, 63: 26, 22: 39, 9: 79, 26: 40, 47: 15, 53: 66, 11: 19, 51: 26, 54: 9, 13: 32, 17: 37, 52: 30, 39: 27, 38: 19, 1: 6, 59: 33, 56: 23, 32: 9, 8: 25, 4: 12, 20: 26, 24: 7, 18: 31, 42: 7, 28: 31, 45: 57, 0: 13, 66: 11, 62: 11, 35: 7, 64: 15, 37: 2, 40: 25, 3: 3, 14: 5, 12: 8, 16: 15, 55: 16, 30: 13, 58: 6, 36: 4, 60: 5, 5: 3, 41: 2, 44: 2, 34: 2}","[12686, 3384, 6034, 14374, 14516, 14680, 18580, 5912, 661, 4433, 14182, 14634, 14672, 13694, 17233, 12320, 12666, 7276, 14925, 15315, 1125, 14820, 3769, 14096, 12401, 14972, 14176, 4685, 4278, 5735, 7514, 16051, 15882, 4696, 17145, 19193, 12994, 9901, 13641, 15193, 6739, 9240, 1608, 14664, 18117, 5676, 15714, 5964, 5329, 16651, 15936, 14441, 15878, 18316, 14255, 18692, 5858, 4640, 10716, 13839, 16635, 2097, 11464, 12427, 2320, 14629, 7617, 16183, 16205, 2170, 4384, 6683, 5285, 18707, 6780, 4231, 2404, 4895, 18091, 2944, 13054, 3904, 3491, 9455, 15985, 10432, 8657, 15304, 9114, 5838, 5197, 17244, 6207, 3970, 17246, 3950, 6168, 8697, 6800, 9942, 11118, 8582, 6355, 15275, 4581, 12724, 11921, 1833, 523, 7619, 15729, 176, 8576, 3101, 1573, 1283, 11796, 11277, 2547, 1738, 6806, 15187, 7129, 5179, 5854, 16373, 9231, 6270, 777, 2062, 13249, 4144, 6325, 3924, 5350, 14414, 3142, 2249, 6444, 13582, 2833, 18030, 6483, 18404, 15057, 7482, 15001, 15872, 14584, 10835, 954, 7257, 1381, 17819, 17518, 6497, 14430, 4901, 16466, 10805, 132, 7506, 755, 14427, 12119, 16613, 19042, 14994, 11257, 8042, 2144, 5966, 1580, 8010, 2550, 10684, 14088, 5037, 8764, 17076, 14185, 15984, 5299, 16601, 19182, 13197, 14561, 12605, 17010, 2703, 6715, 11207, 10188, 212, 2293, 17676, 1720, 5934, 112, 8568, 15870, 3226, 4524, 4431, 5141, 5383, 7609, 12807, 19001, 14368, 6704, 14903, 4172, 117, 18698, 1699, 16558, 7518, 10618, 2110, 10308, 7828, 6623, 17644, 4449, 951, 13858, 15106, 8402, 916, 4771, 8608, 6448, 6656, 13547, 2814, 8336, 8093, 6398, 637, 9909, 10621, 786, 14146, 17292, 9457, 3, 2884, 14785, 10504, 16361, 8181, 17690, 654, 11067, 18741, 386, 18208, 10130, 8079, 7082, 14740, 8076, 18619, 14428, 10992, 12679, 9431, 18328, 13606, 7641, 13542, 1002, 11975, 15646, 19078, 1352, 8683, 16053, 11763, 14823, 7059, 4995, 3754, 6213, 10090, 19084, 1973, 8131, 5353, 836, 13960, 3217, 4885, 9645, 16941, 14750, 13171, 9132, 1355, 4440, 15747, 8233, 6008, 12781, 16749, 13905, 18198, 5033, 2910, 16502, 1233, 965, 16926, 3944, 13518, 18213, 12739, 9972, 14609, 5764, 6128, 9532, 12680, 3672, 5458, 6822, 11547, 3163, 8040, 14081, 8369, 18182, 17541, 11552, 12451, 15074, 1783, 17730, 1690, 16992, 2490, 2459, 18065, 320, 18311, 45, 9495, 4572, 544, 12731, 16811, 15096, 14957, 4594, 16607, 2449, 7791, 13659, 8892, 1713, 17336, 6598, 13832, 10495, 18937, 3067, 3473, 12715, 13492, 14787, 16503, 17899, 16638, 2408, 7141, 10590, 2917, 14650, 12571, 4321, 2855, 1829, 3736, 3381, 11069, 16093, 15201, 14311, 9836, 18289, 16899, 897, 13981, 12223, 8884, 15721, 7778, 13648, 5737, 6550, 19249, 2715, 447, 12941, 8915, 18963, 16291, 760, 5869, 3635, 3439, 6740, 5003, 3174, 2945, 16056, 4860, 11216, 7363, 1147, 12124, 9764, 11245, 4361, 7784, 16285, 17057, 11203, 5114, 17655, 12056, 17890, 7741, 15799, 10258, 16088, 19222, 15303, 1433, 5991, 322, 2322, 3156, 9940, 7814, 17068, 16968, 10018, 1991, 11946, 8705, 10371, 4619, 11074, 2034, 15550, 11743, 18666, 13494, 14175, 13948, 15123, 11154, 10397, 1701, 4770, 839, 12085, 16500, 16241, 1535, 18782, 2221, 539, 18405, 4245, 103, 1571, 16945, 12196, 9441, 1732, 1367, 3596, 4794, 7230, 5245, 17483, 2955, 2003, 11509, 4044, 12934, 3456, 16693, 593, 4582, 14076, 10972, 1965, 7227, 14324, 8658, 3772, 8355, 11889, 1908, 2684, 10026, 1666, 16507, 5589, 9295, 8389, 2099, 18653, 13808, 19147, 6675, 10970, 2788, 19028, 16983, 16166, 9845, 8160, 11381, 10088, 10333, 11716, 14695, 12697, 4365, 3747, 17296, 11904, 74, 7047, 10639, 13094, 940, 10478, 2032, 6642, 14896, 10840, 5430, 5556, 12597, 2183, 18403, 4252, 14613, 18283, 8790, 12140, 13540, 13353, 14114, 13297, 4056, 14038, 11299, 13770, 11433, 14285, 1526, 1955, 15711, 255, 12481, 612, 1635, 4886, 357, 11434, 9524, 13106, 2607, 5391, 9406, 2331, 624, 2749, 17849, 9829, 11436, 18426, 9481, 18550, 15647, 532, 11720, 11824, 15610, 15741, 7902, 13558, 17967, 14539, 17889, 4631, 1238, 16921, 7787, 15293, 3108, 8215, 2851, 4514, 12938, 16730, 17178, 4890, 17960, 4725, 7917, 3191, 8231, 16341, 8195, 10913, 2173, 5557, 2637, 16896, 5806, 1815, 1451, 8864, 2290, 12108, 5328, 6203, 2431, 7508, 17898, 17188, 6897, 1199, 15526, 18437, 6631, 8644, 16917, 14964, 14233, 2454, 584, 4830, 7199, 4180, 14889, 5761, 13756, 6917, 7756, 18880, 15095, 1816, 14070, 16252, 7429, 16589, 1631, 15968, 15221, 12478, 18594, 1477, 5637, 12058, 1205, 13397, 9107, 18654, 1968, 3759, 13147, 14144, 14973, 12452, 18020, 13592, 17920, 13687, 11335, 7207, 418, 7834, 778, 12982, 10688, 9031, 509, 9601, 9780, 17040, 12023, 3916, 91, 6536, 18535, 7547, 15240, 707, 14533, 15064, 17012, 16805, 8637, 5969, 16221, 1940, 13307, 4717, 12615, 18220, 11028, 12170, 1743, 2376, 12415, 14220, 18827, 1294, 18543, 6977, 15309, 11778, 11842, 17103, 3857, 4637, 12162, 19169, 17166, 18237, 17818, 9507, 19022, 5790, 19112, 15611, 1118, 15184, 18703, 1817, 15530, 16579, 8437, 11839, 11378, 3537, 9205, 9217, 16272, 18759, 16828, 12002, 8348, 1723, 3481, 14115, 379, 8544, 264, 6015, 7672, 2253, 7364, 3706, 13796, 17139, 16125, 12059, 9623, 7185, 2418, 18230, 3087, 281, 4379, 1796, 8459, 4400, 17824, 2736, 16446, 13525, 15341, 3275, 7872, 1662, 7557, 4319, 15442, 7181, 10456, 4963, 17048, 16943, 12784, 3441, 5240, 9975, 13216, 17702, 11594, 13554, 6165, 19168, 16070, 3540, 3262, 10661, 4061, 13173, 2875, 17014, 4349, 10818, 8428, 16764, 14232, 8930, 15734, 17680, 7069, 15684, 17050, 18987, 6914, 6863, 19263, 10595, 150, 10039, 2722, 18223, 16444, 6559, 7258, 2661, 7699, 17136, 12773, 4247, 5723, 15194, 1696, 1500, 2807, 9893, 11835, 13240, 18313, 17107, 10265, 10244, 5570, 2862, 14049, 1012, 12861, 723, 9583, 17461, 10056, 1264, 8297, 3716, 14666, 15259, 13531, 543, 13723, 16810, 6700, 3516, 13766, 7186, 10692, 6321, 15484, 14547, 8744, 3703, 10383, 16829, 6366, 6846, 3906, 2021, 18133, 857, 279, 12232, 10212, 10541, 12325, 13475, 1225, 937, 6966, 10881, 16936, 18502, 1440, 11914, 3326, 5633, 14913, 4623, 10743, 12361, 17335, 1072, 5043, 14810, 15077, 3255, 17215, 6553, 17852, 4801, 6962, 3060, 9430, 8799, 13824, 188, 15175, 15163, 4733, 5011, 3536, 17635, 6532, 14071, 6112, 17158, 6597, 11272, 105, 19219, 5013, 12483, 201, 6848, 17033, 6367, 7859, 14702, 18844, 7053, 18694, 15670, 636, 10129, 6378, 5369, 7273, 16247, 9142, 15345, 16817, 14854, 2600, 15783, 889, 11833, 6612, 2068, 2427, 7062, 7918, 16181, 5464, 8339, 8950, 8453, 16423, 6064, 2380, 4268, 13929, 12974, 19141, 1299, 2484, 3883, 3273, 8772, 13256, 11239, 5766, 18098, 12705, 11004, 2695, 10048, 10960, 2766, 15661, 13258, 8015, 6032, 16397, 7749, 19039, 7634, 15076, 4234, 15114, 8475, 8091, 19220, 18004, 9704, 13918, 15569, 16443, 10015, 9943, 7817, 9349, 2588, 8249, 398, 5316, 15538, 18372, 13559, 2937, 2803, 16248, 6155, 630, 9911, 13190, 19157, 15788, 13248, 13148, 1320, 12074, 8471, 8798, 3213, 12418, 814, 2402, 12718, 12397, 10564, 9875, 10128, 6947, 9491, 17707, 3266, 19196, 14309, 18523, 19043, 17975, 18063, 11618, 15016, 14434, 7680, 1739, 18029, 11694, 1745, 9271, 5189, 9561, 11283, 14978, 10753, 16017, 12914, 978, 2828, 17257, 13135, 5061, 121, 6602, 16015, 19271, 12159, 1244, 8260, 13195, 15873, 12815, 14291, 14515, 118, 4892, 14985, 9551, 12654, 4739, 927, 12176, 9523, 11726, 18187, 5880, 2569, 3386, 13942, 3390, 15774, 129, 65, 12922, 8422, 12692, 16213, 11515, 2111, 8347, 10758, 14064, 4401, 17782, 15621, 6709, 14716, 4091, 13964, 8424, 4218, 7249, 11311, 11171, 18564, 14755, 7114, 14009, 14815, 294, 495, 7684, 6833, 4046, 3505, 16995, 17858, 7761, 15803, 9840, 13958, 8226, 10369, 12497, 17142, 1748, 2854, 7159, 11539, 11055, 13337, 17173, 14214, 6803, 11144, 12649, 283, 15489, 13174, 7015, 610, 7030, 18206, 14077, 15468, 14962, 8046, 7809, 17387, 16034, 16678, 1173, 3502, 12942, 15655, 16859, 7099, 1673, 446, 1365, 5881, 3713, 11697, 1897, 16001, 1702, 14149, 11876, 9341, 4325, 6923, 2001, 138, 3276, 18716, 17604, 10501, 115, 12800, 6111, 11148, 4549, 16057, 4707, 6843, 16091, 4295, 7519, 13708, 12409, 11018, 5052, 13566, 14715, 12755, 793, 10837, 1888, 12375, 3935, 5763, 11791, 11258, 13264, 11469, 4683, 8905, 1853, 11600, 4421, 2798, 5074, 18141, 13807, 8595, 8126, 13837, 8060, 6956, 11767, 14560, 9389, 15261, 1232, 12560, 7262, 11504, 3546, 4627, 1177, 517, 4008, 9219, 17696, 4148, 14124, 13243, 11235, 7561, 8331, 16320, 3591, 11341, 4015, 12028, 14929, 18601, 3528, 14065, 1510, 19191, 13833, 17616, 10869, 17689, 831, 16725, 6319, 15465, 10467, 8162, 13563, 7728, 10778, 13545, 12290, 16480, 14401, 12838, 4212, 17529, 4832, 15111, 12690, 10373, 7596, 18614, 17477, 1043, 13100, 4774, 17479, 3774, 9302, 3901, 13071, 6412, 9516, 1261, 3054, 13522, 17602, 14343, 18500, 10957, 2791, 9624, 3634, 17904, 5709, 14670, 11058, 7087, 7435, 13848, 82, 5565, 2562, 14029, 3583, 1676, 12709, 18473, 3158, 12787, 8068, 8263, 16146, 3593, 1802, 1861, 3348, 4487, 17749, 6105, 10471, 17472, 10200, 1182, 14180, 1076, 10156, 4839, 9903, 4879, 9720, 2157, 15344, 16067, 3064, 17182, 5368, 4987, 18484, 18923, 11896, 1052, 15727, 15289, 5885, 1933, 5251, 17072, 6038, 6195, 13524, 6606, 18506, 17536, 6784, 3231, 14121, 8925, 10030, 803, 13764, 146, 19268, 14099, 4130, 16372, 1537, 12248, 13718, 17187, 11728, 1740, 19233, 5600, 4092, 4779, 6028, 3395, 16152, 19150, 2417, 11980, 11237, 8427, 18127, 3538, 9257, 607, 2078, 18457, 5802, 3435, 15019, 4256, 9221, 13465, 11742, 5788, 9528, 17493, 4607, 3131, 6616, 5356, 1550, 4617, 8827, 849, 2601, 4437, 17861, 10261, 15704, 3890, 8149, 12063, 3086, 15925, 12301, 6847, 5603, 7768, 3187, 13372, 9258, 6584, 7594, 2603, 1835, 17380, 17193, 15251, 15937, 18731, 4082, 14911, 16626, 8824, 16208, 10167, 17711, 9678, 15852, 13620, 16479, 14586, 2446, 4866, 1315, 7746, 10615, 7927, 2443, 7157, 13506, 18410, 10494]",3897,1500,3,False,1500
6062,general negate,general neg,25,True,True,False,"{21: 26, 33: 14, 2: 18, 29: 13, 25: 57, 43: 9, 57: 16, 49: 16, 61: 14, 67: 52, 65: 21, 50: 28, 15: 53, 6: 13, 46: 15, 27: 69, 7: 65, 48: 67, 19: 21, 31: 14, 63: 26, 22: 39, 9: 79, 26: 40, 47: 15, 53: 66, 11: 19, 51: 26, 54: 9, 13: 32, 17: 37, 52: 30, 39: 27, 38: 19, 1: 6, 59: 33, 56: 23, 32: 9, 8: 25, 4: 12, 20: 26, 24: 7, 18: 31, 42: 7, 28: 31, 45: 57, 0: 13, 66: 11, 62: 11, 35: 7, 64: 15, 37: 2, 40: 25, 3: 3, 14: 5, 12: 8, 16: 15, 55: 16, 30: 13, 58: 6, 36: 4, 60: 5, 5: 3, 41: 2, 44: 2, 34: 2}","[12686, 3384, 6034, 14374, 14516, 14680, 18580, 5912, 661, 4433, 14182, 14634, 14672, 13694, 17233, 12320, 12666, 7276, 14925, 15315, 1125, 14820, 3769, 14096, 12401, 14972, 14176, 4685, 4278, 5735, 7514, 16051, 15882, 4696, 17145, 19193, 12994, 9901, 13641, 15193, 6739, 9240, 1608, 14664, 18117, 5676, 15714, 5964, 5329, 16651, 15936, 14441, 15878, 18316, 14255, 18692, 5858, 4640, 10716, 13839, 16635, 2097, 11464, 12427, 2320, 14629, 7617, 16183, 16205, 2170, 4384, 6683, 5285, 18707, 6780, 4231, 2404, 4895, 18091, 2944, 13054, 3904, 3491, 9455, 15985, 10432, 8657, 15304, 9114, 5838, 5197, 17244, 6207, 3970, 17246, 3950, 6168, 8697, 6800, 9942, 11118, 8582, 6355, 15275, 4581, 12724, 11921, 1833, 523, 7619, 15729, 176, 8576, 3101, 1573, 1283, 11796, 11277, 2547, 1738, 6806, 15187, 7129, 5179, 5854, 16373, 9231, 6270, 777, 2062, 13249, 4144, 6325, 3924, 5350, 14414, 3142, 2249, 6444, 13582, 2833, 18030, 6483, 18404, 15057, 7482, 15001, 15872, 14584, 10835, 954, 7257, 1381, 17819, 17518, 6497, 14430, 4901, 16466, 10805, 132, 7506, 755, 14427, 12119, 16613, 19042, 14994, 11257, 8042, 2144, 5966, 1580, 8010, 2550, 10684, 14088, 5037, 8764, 17076, 14185, 15984, 5299, 16601, 19182, 13197, 14561, 12605, 17010, 2703, 6715, 11207, 10188, 212, 2293, 17676, 1720, 5934, 112, 8568, 15870, 3226, 4524, 4431, 5141, 5383, 7609, 12807, 19001, 14368, 6704, 14903, 4172, 117, 18698, 1699, 16558, 7518, 10618, 2110, 10308, 7828, 6623, 17644, 4449, 951, 13858, 15106, 8402, 916, 4771, 8608, 6448, 6656, 13547, 2814, 8336, 8093, 6398, 637, 9909, 10621, 786, 14146, 17292, 9457, 3, 2884, 14785, 10504, 16361, 8181, 17690, 654, 11067, 18741, 386, 18208, 10130, 8079, 7082, 14740, 8076, 18619, 14428, 10992, 12679, 9431, 18328, 13606, 7641, 13542, 1002, 11975, 15646, 19078, 1352, 8683, 16053, 11763, 14823, 7059, 4995, 3754, 6213, 10090, 19084, 1973, 8131, 5353, 836, 13960, 3217, 4885, 9645, 16941, 14750, 13171, 9132, 1355, 4440, 15747, 8233, 6008, 12781, 16749, 13905, 18198, 5033, 2910, 16502, 1233, 965, 16926, 3944, 13518, 18213, 12739, 9972, 14609, 5764, 6128, 9532, 12680, 3672, 5458, 6822, 11547, 3163, 8040, 14081, 8369, 18182, 17541, 11552, 12451, 15074, 1783, 17730, 1690, 16992, 2490, 2459, 18065, 320, 18311, 45, 9495, 4572, 544, 12731, 16811, 15096, 14957, 4594, 16607, 2449, 7791, 13659, 8892, 1713, 17336, 6598, 13832, 10495, 18937, 3067, 3473, 12715, 13492, 14787, 16503, 17899, 16638, 2408, 7141, 10590, 2917, 14650, 12571, 4321, 2855, 1829, 3736, 3381, 11069, 16093, 15201, 14311, 9836, 18289, 16899, 897, 13981, 12223, 8884, 15721, 7778, 13648, 5737, 6550, 19249, 2715, 447, 12941, 8915, 18963, 16291, 760, 5869, 3635, 3439, 6740, 5003, 3174, 2945, 16056, 4860, 11216, 7363, 1147, 12124, 9764, 11245, 4361, 7784, 16285, 17057, 11203, 5114, 17655, 12056, 17890, 7741, 15799, 10258, 16088, 19222, 15303, 1433, 5991, 322, 2322, 3156, 9940, 7814, 17068, 16968, 10018, 1991, 11946, 8705, 10371, 4619, 11074, 2034, 15550, 11743, 18666, 13494, 14175, 13948, 15123, 11154, 10397, 1701, 4770, 839, 12085, 16500, 16241, 1535, 18782, 2221, 539, 18405, 4245, 103, 1571, 16945, 12196, 9441, 1732, 1367, 3596, 4794, 7230, 5245, 17483, 2955, 2003, 11509, 4044, 12934, 3456, 16693, 593, 4582, 14076, 10972, 1965, 7227, 14324, 8658, 3772, 8355, 11889, 1908, 2684, 10026, 1666, 16507, 5589, 9295, 8389, 2099, 18653, 13808, 19147, 6675, 10970, 2788, 19028, 16983, 16166, 9845, 8160, 11381, 10088, 10333, 11716, 14695, 12697, 4365, 3747, 17296, 11904, 74, 7047, 10639, 13094, 940, 10478, 2032, 6642, 14896, 10840, 5430, 5556, 12597, 2183, 18403, 4252, 14613, 18283, 8790, 12140, 13540, 13353, 14114, 13297, 4056, 14038, 11299, 13770, 11433, 14285, 1526, 1955, 15711, 255, 12481, 612, 1635, 4886, 357, 11434, 9524, 13106, 2607, 5391, 9406, 2331, 624, 2749, 17849, 9829, 11436, 18426, 9481, 18550, 15647, 532, 11720, 11824, 15610, 15741, 7902, 13558, 17967, 14539, 17889, 4631, 1238, 16921, 7787, 15293, 3108, 8215, 2851, 4514, 12938, 16730, 17178, 4890, 17960, 4725, 7917, 3191, 8231, 16341, 8195, 10913, 2173, 5557, 2637, 16896, 5806, 1815, 1451, 8864, 2290, 12108, 5328, 6203, 2431, 7508, 17898, 17188, 6897, 1199, 15526, 18437, 6631, 8644, 16917, 14964, 14233, 2454, 584, 4830, 7199, 4180, 14889, 5761, 13756, 6917, 7756, 18880, 15095, 1816, 14070, 16252, 7429, 16589, 1631, 15968, 15221, 12478, 18594, 1477, 5637, 12058, 1205, 13397, 9107, 18654, 1968, 3759, 13147, 14144, 14973, 12452, 18020, 13592, 17920, 13687, 11335, 7207, 418, 7834, 778, 12982, 10688, 9031, 509, 9601, 9780, 17040, 12023, 3916, 91, 6536, 18535, 7547, 15240, 707, 14533, 15064, 17012, 16805, 8637, 5969, 16221, 1940, 13307, 4717, 12615, 18220, 11028, 12170, 1743, 2376, 12415, 14220, 18827, 1294, 18543, 6977, 15309, 11778, 11842, 17103, 3857, 4637, 12162, 19169, 17166, 18237, 17818, 9507, 19022, 5790, 19112, 15611, 1118, 15184, 18703, 1817, 15530, 16579, 8437, 11839, 11378, 3537, 9205, 9217, 16272, 18759, 16828, 12002, 8348, 1723, 3481, 14115, 379, 8544, 264, 6015, 7672, 2253, 7364, 3706, 13796, 17139, 16125, 12059, 9623, 7185, 2418, 18230, 3087, 281, 4379, 1796, 8459, 4400, 17824, 2736, 16446, 13525, 15341, 3275, 7872, 1662, 7557, 4319, 15442, 7181, 10456, 4963, 17048, 16943, 12784, 3441, 5240, 9975, 13216, 17702, 11594, 13554, 6165, 19168, 16070, 3540, 3262, 10661, 4061, 13173, 2875, 17014, 4349, 10818, 8428, 16764, 14232, 8930, 15734, 17680, 7069, 15684, 17050, 18987, 6914, 6863, 19263, 10595, 150, 10039, 2722, 18223, 16444, 6559, 7258, 2661, 7699, 17136, 12773, 4247, 5723, 15194, 1696, 1500, 2807, 9893, 11835, 13240, 18313, 17107, 10265, 10244, 5570, 2862, 14049, 1012, 12861, 723, 9583, 17461, 10056, 1264, 8297, 3716, 14666, 15259, 13531, 543, 13723, 16810, 6700, 3516, 13766, 7186, 10692, 6321, 15484, 14547, 8744, 3703, 10383, 16829, 6366, 6846, 3906, 2021, 18133, 857, 279, 12232, 10212, 10541, 12325, 13475, 1225, 937, 6966, 10881, 16936, 18502, 1440, 11914, 3326, 5633, 14913, 4623, 10743, 12361, 17335, 1072, 5043, 14810, 15077, 3255, 17215, 6553, 17852, 4801, 6962, 3060, 9430, 8799, 13824, 188, 15175, 15163, 4733, 5011, 3536, 17635, 6532, 14071, 6112, 17158, 6597, 11272, 105, 19219, 5013, 12483, 201, 6848, 17033, 6367, 7859, 14702, 18844, 7053, 18694, 15670, 636, 10129, 6378, 5369, 7273, 16247, 9142, 15345, 16817, 14854, 2600, 15783, 889, 11833, 6612, 2068, 2427, 7062, 7918, 16181, 5464, 8339, 8950, 8453, 16423, 6064, 2380, 4268, 13929, 12974, 19141, 1299, 2484, 3883, 3273, 8772, 13256, 11239, 5766, 18098, 12705, 11004, 2695, 10048, 10960, 2766, 15661, 13258, 8015, 6032, 16397, 7749, 19039, 7634, 15076, 4234, 15114, 8475, 8091, 19220, 18004, 9704, 13918, 15569, 16443, 10015, 9943, 7817, 9349, 2588, 8249, 398, 5316, 15538, 18372, 13559, 2937, 2803, 16248, 6155, 630, 9911, 13190, 19157, 15788, 13248, 13148, 1320, 12074, 8471, 8798, 3213, 12418, 814, 2402, 12718, 12397, 10564, 9875, 10128, 6947, 9491, 17707, 3266, 19196, 14309, 18523, 19043, 17975, 18063, 11618, 15016, 14434, 7680, 1739, 18029, 11694, 1745, 9271, 5189, 9561, 11283, 14978, 10753, 16017, 12914, 978, 2828, 17257, 13135, 5061, 121, 6602, 16015, 19271, 12159, 1244, 8260, 13195, 15873, 12815, 14291, 14515, 118, 4892, 14985, 9551, 12654, 4739, 927, 12176, 9523, 11726, 18187, 5880, 2569, 3386, 13942, 3390, 15774, 129, 65, 12922, 8422, 12692, 16213, 11515, 2111, 8347, 10758, 14064, 4401, 17782, 15621, 6709, 14716, 4091, 13964, 8424, 4218, 7249, 11311, 11171, 18564, 14755, 7114, 14009, 14815, 294, 495, 7684, 6833, 4046, 3505, 16995, 17858, 7761, 15803, 9840, 13958, 8226, 10369, 12497, 17142, 1748, 2854, 7159, 11539, 11055, 13337, 17173, 14214, 6803, 11144, 12649, 283, 15489, 13174, 7015, 610, 7030, 18206, 14077, 15468, 14962, 8046, 7809, 17387, 16034, 16678, 1173, 3502, 12942, 15655, 16859, 7099, 1673, 446, 1365, 5881, 3713, 11697, 1897, 16001, 1702, 14149, 11876, 9341, 4325, 6923, 2001, 138, 3276, 18716, 17604, 10501, 115, 12800, 6111, 11148, 4549, 16057, 4707, 6843, 16091, 4295, 7519, 13708, 12409, 11018, 5052, 13566, 14715, 12755, 793, 10837, 1888, 12375, 3935, 5763, 11791, 11258, 13264, 11469, 4683, 8905, 1853, 11600, 4421, 2798, 5074, 18141, 13807, 8595, 8126, 13837, 8060, 6956, 11767, 14560, 9389, 15261, 1232, 12560, 7262, 11504, 3546, 4627, 1177, 517, 4008, 9219, 17696, 4148, 14124, 13243, 11235, 7561, 8331, 16320, 3591, 11341, 4015, 12028, 14929, 18601, 3528, 14065, 1510, 19191, 13833, 17616, 10869, 17689, 831, 16725, 6319, 15465, 10467, 8162, 13563, 7728, 10778, 13545, 12290, 16480, 14401, 12838, 4212, 17529, 4832, 15111, 12690, 10373, 7596, 18614, 17477, 1043, 13100, 4774, 17479, 3774, 9302, 3901, 13071, 6412, 9516, 1261, 3054, 13522, 17602, 14343, 18500, 10957, 2791, 9624, 3634, 17904, 5709, 14670, 11058, 7087, 7435, 13848, 82, 5565, 2562, 14029, 3583, 1676, 12709, 18473, 3158, 12787, 8068, 8263, 16146, 3593, 1802, 1861, 3348, 4487, 17749, 6105, 10471, 17472, 10200, 1182, 14180, 1076, 10156, 4839, 9903, 4879, 9720, 2157, 15344, 16067, 3064, 17182, 5368, 4987, 18484, 18923, 11896, 1052, 15727, 15289, 5885, 1933, 5251, 17072, 6038, 6195, 13524, 6606, 18506, 17536, 6784, 3231, 14121, 8925, 10030, 803, 13764, 146, 19268, 14099, 4130, 16372, 1537, 12248, 13718, 17187, 11728, 1740, 19233, 5600, 4092, 4779, 6028, 3395, 16152, 19150, 2417, 11980, 11237, 8427, 18127, 3538, 9257, 607, 2078, 18457, 5802, 3435, 15019, 4256, 9221, 13465, 11742, 5788, 9528, 17493, 4607, 3131, 6616, 5356, 1550, 4617, 8827, 849, 2601, 4437, 17861, 10261, 15704, 3890, 8149, 12063, 3086, 15925, 12301, 6847, 5603, 7768, 3187, 13372, 9258, 6584, 7594, 2603, 1835, 17380, 17193, 15251, 15937, 18731, 4082, 14911, 16626, 8824, 16208, 10167, 17711, 9678, 15852, 13620, 16479, 14586, 2446, 4866, 1315, 7746, 10615, 7927, 2443, 7157, 13506, 18410, 10494]",6062,1500,3,False,1500
1109,play music,play music,48,True,True,True,"{21: 26, 33: 14, 2: 18, 29: 13, 25: 57, 43: 9, 57: 16, 49: 16, 61: 14, 67: 52, 65: 21, 50: 28, 15: 53, 6: 13, 46: 15, 27: 69, 7: 65, 48: 67, 19: 21, 31: 14, 63: 26, 22: 39, 9: 79, 26: 40, 47: 15, 53: 66, 11: 19, 51: 26, 54: 9, 13: 32, 17: 37, 52: 30, 39: 27, 38: 19, 1: 6, 59: 33, 56: 23, 32: 9, 8: 25, 4: 12, 20: 26, 24: 7, 18: 31, 42: 7, 28: 31, 45: 57, 0: 13, 66: 11, 62: 11, 35: 7, 64: 15, 37: 2, 40: 25, 3: 3, 14: 5, 12: 8, 16: 15, 55: 16, 30: 13, 58: 6, 36: 4, 60: 5, 5: 3, 41: 2, 44: 2, 34: 2}","[12686, 3384, 6034, 14374, 14516, 14680, 18580, 5912, 661, 4433, 14182, 14634, 14672, 13694, 17233, 12320, 12666, 7276, 14925, 15315, 1125, 14820, 3769, 14096, 12401, 14972, 14176, 4685, 4278, 5735, 7514, 16051, 15882, 4696, 17145, 19193, 12994, 9901, 13641, 15193, 6739, 9240, 1608, 14664, 18117, 5676, 15714, 5964, 5329, 16651, 15936, 14441, 15878, 18316, 14255, 18692, 5858, 4640, 10716, 13839, 16635, 2097, 11464, 12427, 2320, 14629, 7617, 16183, 16205, 2170, 4384, 6683, 5285, 18707, 6780, 4231, 2404, 4895, 18091, 2944, 13054, 3904, 3491, 9455, 15985, 10432, 8657, 15304, 9114, 5838, 5197, 17244, 6207, 3970, 17246, 3950, 6168, 8697, 6800, 9942, 11118, 8582, 6355, 15275, 4581, 12724, 11921, 1833, 523, 7619, 15729, 176, 8576, 3101, 1573, 1283, 11796, 11277, 2547, 1738, 6806, 15187, 7129, 5179, 5854, 16373, 9231, 6270, 777, 2062, 13249, 4144, 6325, 3924, 5350, 14414, 3142, 2249, 6444, 13582, 2833, 18030, 6483, 18404, 15057, 7482, 15001, 15872, 14584, 10835, 954, 7257, 1381, 17819, 17518, 6497, 14430, 4901, 16466, 10805, 132, 7506, 755, 14427, 12119, 16613, 19042, 14994, 11257, 8042, 2144, 5966, 1580, 8010, 2550, 10684, 14088, 5037, 8764, 17076, 14185, 15984, 5299, 16601, 19182, 13197, 14561, 12605, 17010, 2703, 6715, 11207, 10188, 212, 2293, 17676, 1720, 5934, 112, 8568, 15870, 3226, 4524, 4431, 5141, 5383, 7609, 12807, 19001, 14368, 6704, 14903, 4172, 117, 18698, 1699, 16558, 7518, 10618, 2110, 10308, 7828, 6623, 17644, 4449, 951, 13858, 15106, 8402, 916, 4771, 8608, 6448, 6656, 13547, 2814, 8336, 8093, 6398, 637, 9909, 10621, 786, 14146, 17292, 9457, 3, 2884, 14785, 10504, 16361, 8181, 17690, 654, 11067, 18741, 386, 18208, 10130, 8079, 7082, 14740, 8076, 18619, 14428, 10992, 12679, 9431, 18328, 13606, 7641, 13542, 1002, 11975, 15646, 19078, 1352, 8683, 16053, 11763, 14823, 7059, 4995, 3754, 6213, 10090, 19084, 1973, 8131, 5353, 836, 13960, 3217, 4885, 9645, 16941, 14750, 13171, 9132, 1355, 4440, 15747, 8233, 6008, 12781, 16749, 13905, 18198, 5033, 2910, 16502, 1233, 965, 16926, 3944, 13518, 18213, 12739, 9972, 14609, 5764, 6128, 9532, 12680, 3672, 5458, 6822, 11547, 3163, 8040, 14081, 8369, 18182, 17541, 11552, 12451, 15074, 1783, 17730, 1690, 16992, 2490, 2459, 18065, 320, 18311, 45, 9495, 4572, 544, 12731, 16811, 15096, 14957, 4594, 16607, 2449, 7791, 13659, 8892, 1713, 17336, 6598, 13832, 10495, 18937, 3067, 3473, 12715, 13492, 14787, 16503, 17899, 16638, 2408, 7141, 10590, 2917, 14650, 12571, 4321, 2855, 1829, 3736, 3381, 11069, 16093, 15201, 14311, 9836, 18289, 16899, 897, 13981, 12223, 8884, 15721, 7778, 13648, 5737, 6550, 19249, 2715, 447, 12941, 8915, 18963, 16291, 760, 5869, 3635, 3439, 6740, 5003, 3174, 2945, 16056, 4860, 11216, 7363, 1147, 12124, 9764, 11245, 4361, 7784, 16285, 17057, 11203, 5114, 17655, 12056, 17890, 7741, 15799, 10258, 16088, 19222, 15303, 1433, 5991, 322, 2322, 3156, 9940, 7814, 17068, 16968, 10018, 1991, 11946, 8705, 10371, 4619, 11074, 2034, 15550, 11743, 18666, 13494, 14175, 13948, 15123, 11154, 10397, 1701, 4770, 839, 12085, 16500, 16241, 1535, 18782, 2221, 539, 18405, 4245, 103, 1571, 16945, 12196, 9441, 1732, 1367, 3596, 4794, 7230, 5245, 17483, 2955, 2003, 11509, 4044, 12934, 3456, 16693, 593, 4582, 14076, 10972, 1965, 7227, 14324, 8658, 3772, 8355, 11889, 1908, 2684, 10026, 1666, 16507, 5589, 9295, 8389, 2099, 18653, 13808, 19147, 6675, 10970, 2788, 19028, 16983, 16166, 9845, 8160, 11381, 10088, 10333, 11716, 14695, 12697, 4365, 3747, 17296, 11904, 74, 7047, 10639, 13094, 940, 10478, 2032, 6642, 14896, 10840, 5430, 5556, 12597, 2183, 18403, 4252, 14613, 18283, 8790, 12140, 13540, 13353, 14114, 13297, 4056, 14038, 11299, 13770, 11433, 14285, 1526, 1955, 15711, 255, 12481, 612, 1635, 4886, 357, 11434, 9524, 13106, 2607, 5391, 9406, 2331, 624, 2749, 17849, 9829, 11436, 18426, 9481, 18550, 15647, 532, 11720, 11824, 15610, 15741, 7902, 13558, 17967, 14539, 17889, 4631, 1238, 16921, 7787, 15293, 3108, 8215, 2851, 4514, 12938, 16730, 17178, 4890, 17960, 4725, 7917, 3191, 8231, 16341, 8195, 10913, 2173, 5557, 2637, 16896, 5806, 1815, 1451, 8864, 2290, 12108, 5328, 6203, 2431, 7508, 17898, 17188, 6897, 1199, 15526, 18437, 6631, 8644, 16917, 14964, 14233, 2454, 584, 4830, 7199, 4180, 14889, 5761, 13756, 6917, 7756, 18880, 15095, 1816, 14070, 16252, 7429, 16589, 1631, 15968, 15221, 12478, 18594, 1477, 5637, 12058, 1205, 13397, 9107, 18654, 1968, 3759, 13147, 14144, 14973, 12452, 18020, 13592, 17920, 13687, 11335, 7207, 418, 7834, 778, 12982, 10688, 9031, 509, 9601, 9780, 17040, 12023, 3916, 91, 6536, 18535, 7547, 15240, 707, 14533, 15064, 17012, 16805, 8637, 5969, 16221, 1940, 13307, 4717, 12615, 18220, 11028, 12170, 1743, 2376, 12415, 14220, 18827, 1294, 18543, 6977, 15309, 11778, 11842, 17103, 3857, 4637, 12162, 19169, 17166, 18237, 17818, 9507, 19022, 5790, 19112, 15611, 1118, 15184, 18703, 1817, 15530, 16579, 8437, 11839, 11378, 3537, 9205, 9217, 16272, 18759, 16828, 12002, 8348, 1723, 3481, 14115, 379, 8544, 264, 6015, 7672, 2253, 7364, 3706, 13796, 17139, 16125, 12059, 9623, 7185, 2418, 18230, 3087, 281, 4379, 1796, 8459, 4400, 17824, 2736, 16446, 13525, 15341, 3275, 7872, 1662, 7557, 4319, 15442, 7181, 10456, 4963, 17048, 16943, 12784, 3441, 5240, 9975, 13216, 17702, 11594, 13554, 6165, 19168, 16070, 3540, 3262, 10661, 4061, 13173, 2875, 17014, 4349, 10818, 8428, 16764, 14232, 8930, 15734, 17680, 7069, 15684, 17050, 18987, 6914, 6863, 19263, 10595, 150, 10039, 2722, 18223, 16444, 6559, 7258, 2661, 7699, 17136, 12773, 4247, 5723, 15194, 1696, 1500, 2807, 9893, 11835, 13240, 18313, 17107, 10265, 10244, 5570, 2862, 14049, 1012, 12861, 723, 9583, 17461, 10056, 1264, 8297, 3716, 14666, 15259, 13531, 543, 13723, 16810, 6700, 3516, 13766, 7186, 10692, 6321, 15484, 14547, 8744, 3703, 10383, 16829, 6366, 6846, 3906, 2021, 18133, 857, 279, 12232, 10212, 10541, 12325, 13475, 1225, 937, 6966, 10881, 16936, 18502, 1440, 11914, 3326, 5633, 14913, 4623, 10743, 12361, 17335, 1072, 5043, 14810, 15077, 3255, 17215, 6553, 17852, 4801, 6962, 3060, 9430, 8799, 13824, 188, 15175, 15163, 4733, 5011, 3536, 17635, 6532, 14071, 6112, 17158, 6597, 11272, 105, 19219, 5013, 12483, 201, 6848, 17033, 6367, 7859, 14702, 18844, 7053, 18694, 15670, 636, 10129, 6378, 5369, 7273, 16247, 9142, 15345, 16817, 14854, 2600, 15783, 889, 11833, 6612, 2068, 2427, 7062, 7918, 16181, 5464, 8339, 8950, 8453, 16423, 6064, 2380, 4268, 13929, 12974, 19141, 1299, 2484, 3883, 3273, 8772, 13256, 11239, 5766, 18098, 12705, 11004, 2695, 10048, 10960, 2766, 15661, 13258, 8015, 6032, 16397, 7749, 19039, 7634, 15076, 4234, 15114, 8475, 8091, 19220, 18004, 9704, 13918, 15569, 16443, 10015, 9943, 7817, 9349, 2588, 8249, 398, 5316, 15538, 18372, 13559, 2937, 2803, 16248, 6155, 630, 9911, 13190, 19157, 15788, 13248, 13148, 1320, 12074, 8471, 8798, 3213, 12418, 814, 2402, 12718, 12397, 10564, 9875, 10128, 6947, 9491, 17707, 3266, 19196, 14309, 18523, 19043, 17975, 18063, 11618, 15016, 14434, 7680, 1739, 18029, 11694, 1745, 9271, 5189, 9561, 11283, 14978, 10753, 16017, 12914, 978, 2828, 17257, 13135, 5061, 121, 6602, 16015, 19271, 12159, 1244, 8260, 13195, 15873, 12815, 14291, 14515, 118, 4892, 14985, 9551, 12654, 4739, 927, 12176, 9523, 11726, 18187, 5880, 2569, 3386, 13942, 3390, 15774, 129, 65, 12922, 8422, 12692, 16213, 11515, 2111, 8347, 10758, 14064, 4401, 17782, 15621, 6709, 14716, 4091, 13964, 8424, 4218, 7249, 11311, 11171, 18564, 14755, 7114, 14009, 14815, 294, 495, 7684, 6833, 4046, 3505, 16995, 17858, 7761, 15803, 9840, 13958, 8226, 10369, 12497, 17142, 1748, 2854, 7159, 11539, 11055, 13337, 17173, 14214, 6803, 11144, 12649, 283, 15489, 13174, 7015, 610, 7030, 18206, 14077, 15468, 14962, 8046, 7809, 17387, 16034, 16678, 1173, 3502, 12942, 15655, 16859, 7099, 1673, 446, 1365, 5881, 3713, 11697, 1897, 16001, 1702, 14149, 11876, 9341, 4325, 6923, 2001, 138, 3276, 18716, 17604, 10501, 115, 12800, 6111, 11148, 4549, 16057, 4707, 6843, 16091, 4295, 7519, 13708, 12409, 11018, 5052, 13566, 14715, 12755, 793, 10837, 1888, 12375, 3935, 5763, 11791, 11258, 13264, 11469, 4683, 8905, 1853, 11600, 4421, 2798, 5074, 18141, 13807, 8595, 8126, 13837, 8060, 6956, 11767, 14560, 9389, 15261, 1232, 12560, 7262, 11504, 3546, 4627, 1177, 517, 4008, 9219, 17696, 4148, 14124, 13243, 11235, 7561, 8331, 16320, 3591, 11341, 4015, 12028, 14929, 18601, 3528, 14065, 1510, 19191, 13833, 17616, 10869, 17689, 831, 16725, 6319, 15465, 10467, 8162, 13563, 7728, 10778, 13545, 12290, 16480, 14401, 12838, 4212, 17529, 4832, 15111, 12690, 10373, 7596, 18614, 17477, 1043, 13100, 4774, 17479, 3774, 9302, 3901, 13071, 6412, 9516, 1261, 3054, 13522, 17602, 14343, 18500, 10957, 2791, 9624, 3634, 17904, 5709, 14670, 11058, 7087, 7435, 13848, 82, 5565, 2562, 14029, 3583, 1676, 12709, 18473, 3158, 12787, 8068, 8263, 16146, 3593, 1802, 1861, 3348, 4487, 17749, 6105, 10471, 17472, 10200, 1182, 14180, 1076, 10156, 4839, 9903, 4879, 9720, 2157, 15344, 16067, 3064, 17182, 5368, 4987, 18484, 18923, 11896, 1052, 15727, 15289, 5885, 1933, 5251, 17072, 6038, 6195, 13524, 6606, 18506, 17536, 6784, 3231, 14121, 8925, 10030, 803, 13764, 146, 19268, 14099, 4130, 16372, 1537, 12248, 13718, 17187, 11728, 1740, 19233, 5600, 4092, 4779, 6028, 3395, 16152, 19150, 2417, 11980, 11237, 8427, 18127, 3538, 9257, 607, 2078, 18457, 5802, 3435, 15019, 4256, 9221, 13465, 11742, 5788, 9528, 17493, 4607, 3131, 6616, 5356, 1550, 4617, 8827, 849, 2601, 4437, 17861, 10261, 15704, 3890, 8149, 12063, 3086, 15925, 12301, 6847, 5603, 7768, 3187, 13372, 9258, 6584, 7594, 2603, 1835, 17380, 17193, 15251, 15937, 18731, 4082, 14911, 16626, 8824, 16208, 10167, 17711, 9678, 15852, 13620, 16479, 14586, 2446, 4866, 1315, 7746, 10615, 7927, 2443, 7157, 13506, 18410, 10494]",1109,1500,3,False,1500
429,general affirm,general aff,18,True,True,False,"{21: 26, 33: 14, 2: 18, 29: 13, 25: 57, 43: 9, 57: 16, 49: 16, 61: 14, 67: 52, 65: 21, 50: 28, 15: 53, 6: 13, 46: 15, 27: 69, 7: 65, 48: 67, 19: 21, 31: 14, 63: 26, 22: 39, 9: 79, 26: 40, 47: 15, 53: 66, 11: 19, 51: 26, 54: 9, 13: 32, 17: 37, 52: 30, 39: 27, 38: 19, 1: 6, 59: 33, 56: 23, 32: 9, 8: 25, 4: 12, 20: 26, 24: 7, 18: 31, 42: 7, 28: 31, 45: 57, 0: 13, 66: 11, 62: 11, 35: 7, 64: 15, 37: 2, 40: 25, 3: 3, 14: 5, 12: 8, 16: 15, 55: 16, 30: 13, 58: 6, 36: 4, 60: 5, 5: 3, 41: 2, 44: 2, 34: 2}","[12686, 3384, 6034, 14374, 14516, 14680, 18580, 5912, 661, 4433, 14182, 14634, 14672, 13694, 17233, 12320, 12666, 7276, 14925, 15315, 1125, 14820, 3769, 14096, 12401, 14972, 14176, 4685, 4278, 5735, 7514, 16051, 15882, 4696, 17145, 19193, 12994, 9901, 13641, 15193, 6739, 9240, 1608, 14664, 18117, 5676, 15714, 5964, 5329, 16651, 15936, 14441, 15878, 18316, 14255, 18692, 5858, 4640, 10716, 13839, 16635, 2097, 11464, 12427, 2320, 14629, 7617, 16183, 16205, 2170, 4384, 6683, 5285, 18707, 6780, 4231, 2404, 4895, 18091, 2944, 13054, 3904, 3491, 9455, 15985, 10432, 8657, 15304, 9114, 5838, 5197, 17244, 6207, 3970, 17246, 3950, 6168, 8697, 6800, 9942, 11118, 8582, 6355, 15275, 4581, 12724, 11921, 1833, 523, 7619, 15729, 176, 8576, 3101, 1573, 1283, 11796, 11277, 2547, 1738, 6806, 15187, 7129, 5179, 5854, 16373, 9231, 6270, 777, 2062, 13249, 4144, 6325, 3924, 5350, 14414, 3142, 2249, 6444, 13582, 2833, 18030, 6483, 18404, 15057, 7482, 15001, 15872, 14584, 10835, 954, 7257, 1381, 17819, 17518, 6497, 14430, 4901, 16466, 10805, 132, 7506, 755, 14427, 12119, 16613, 19042, 14994, 11257, 8042, 2144, 5966, 1580, 8010, 2550, 10684, 14088, 5037, 8764, 17076, 14185, 15984, 5299, 16601, 19182, 13197, 14561, 12605, 17010, 2703, 6715, 11207, 10188, 212, 2293, 17676, 1720, 5934, 112, 8568, 15870, 3226, 4524, 4431, 5141, 5383, 7609, 12807, 19001, 14368, 6704, 14903, 4172, 117, 18698, 1699, 16558, 7518, 10618, 2110, 10308, 7828, 6623, 17644, 4449, 951, 13858, 15106, 8402, 916, 4771, 8608, 6448, 6656, 13547, 2814, 8336, 8093, 6398, 637, 9909, 10621, 786, 14146, 17292, 9457, 3, 2884, 14785, 10504, 16361, 8181, 17690, 654, 11067, 18741, 386, 18208, 10130, 8079, 7082, 14740, 8076, 18619, 14428, 10992, 12679, 9431, 18328, 13606, 7641, 13542, 1002, 11975, 15646, 19078, 1352, 8683, 16053, 11763, 14823, 7059, 4995, 3754, 6213, 10090, 19084, 1973, 8131, 5353, 836, 13960, 3217, 4885, 9645, 16941, 14750, 13171, 9132, 1355, 4440, 15747, 8233, 6008, 12781, 16749, 13905, 18198, 5033, 2910, 16502, 1233, 965, 16926, 3944, 13518, 18213, 12739, 9972, 14609, 5764, 6128, 9532, 12680, 3672, 5458, 6822, 11547, 3163, 8040, 14081, 8369, 18182, 17541, 11552, 12451, 15074, 1783, 17730, 1690, 16992, 2490, 2459, 18065, 320, 18311, 45, 9495, 4572, 544, 12731, 16811, 15096, 14957, 4594, 16607, 2449, 7791, 13659, 8892, 1713, 17336, 6598, 13832, 10495, 18937, 3067, 3473, 12715, 13492, 14787, 16503, 17899, 16638, 2408, 7141, 10590, 2917, 14650, 12571, 4321, 2855, 1829, 3736, 3381, 11069, 16093, 15201, 14311, 9836, 18289, 16899, 897, 13981, 12223, 8884, 15721, 7778, 13648, 5737, 6550, 19249, 2715, 447, 12941, 8915, 18963, 16291, 760, 5869, 3635, 3439, 6740, 5003, 3174, 2945, 16056, 4860, 11216, 7363, 1147, 12124, 9764, 11245, 4361, 7784, 16285, 17057, 11203, 5114, 17655, 12056, 17890, 7741, 15799, 10258, 16088, 19222, 15303, 1433, 5991, 322, 2322, 3156, 9940, 7814, 17068, 16968, 10018, 1991, 11946, 8705, 10371, 4619, 11074, 2034, 15550, 11743, 18666, 13494, 14175, 13948, 15123, 11154, 10397, 1701, 4770, 839, 12085, 16500, 16241, 1535, 18782, 2221, 539, 18405, 4245, 103, 1571, 16945, 12196, 9441, 1732, 1367, 3596, 4794, 7230, 5245, 17483, 2955, 2003, 11509, 4044, 12934, 3456, 16693, 593, 4582, 14076, 10972, 1965, 7227, 14324, 8658, 3772, 8355, 11889, 1908, 2684, 10026, 1666, 16507, 5589, 9295, 8389, 2099, 18653, 13808, 19147, 6675, 10970, 2788, 19028, 16983, 16166, 9845, 8160, 11381, 10088, 10333, 11716, 14695, 12697, 4365, 3747, 17296, 11904, 74, 7047, 10639, 13094, 940, 10478, 2032, 6642, 14896, 10840, 5430, 5556, 12597, 2183, 18403, 4252, 14613, 18283, 8790, 12140, 13540, 13353, 14114, 13297, 4056, 14038, 11299, 13770, 11433, 14285, 1526, 1955, 15711, 255, 12481, 612, 1635, 4886, 357, 11434, 9524, 13106, 2607, 5391, 9406, 2331, 624, 2749, 17849, 9829, 11436, 18426, 9481, 18550, 15647, 532, 11720, 11824, 15610, 15741, 7902, 13558, 17967, 14539, 17889, 4631, 1238, 16921, 7787, 15293, 3108, 8215, 2851, 4514, 12938, 16730, 17178, 4890, 17960, 4725, 7917, 3191, 8231, 16341, 8195, 10913, 2173, 5557, 2637, 16896, 5806, 1815, 1451, 8864, 2290, 12108, 5328, 6203, 2431, 7508, 17898, 17188, 6897, 1199, 15526, 18437, 6631, 8644, 16917, 14964, 14233, 2454, 584, 4830, 7199, 4180, 14889, 5761, 13756, 6917, 7756, 18880, 15095, 1816, 14070, 16252, 7429, 16589, 1631, 15968, 15221, 12478, 18594, 1477, 5637, 12058, 1205, 13397, 9107, 18654, 1968, 3759, 13147, 14144, 14973, 12452, 18020, 13592, 17920, 13687, 11335, 7207, 418, 7834, 778, 12982, 10688, 9031, 509, 9601, 9780, 17040, 12023, 3916, 91, 6536, 18535, 7547, 15240, 707, 14533, 15064, 17012, 16805, 8637, 5969, 16221, 1940, 13307, 4717, 12615, 18220, 11028, 12170, 1743, 2376, 12415, 14220, 18827, 1294, 18543, 6977, 15309, 11778, 11842, 17103, 3857, 4637, 12162, 19169, 17166, 18237, 17818, 9507, 19022, 5790, 19112, 15611, 1118, 15184, 18703, 1817, 15530, 16579, 8437, 11839, 11378, 3537, 9205, 9217, 16272, 18759, 16828, 12002, 8348, 1723, 3481, 14115, 379, 8544, 264, 6015, 7672, 2253, 7364, 3706, 13796, 17139, 16125, 12059, 9623, 7185, 2418, 18230, 3087, 281, 4379, 1796, 8459, 4400, 17824, 2736, 16446, 13525, 15341, 3275, 7872, 1662, 7557, 4319, 15442, 7181, 10456, 4963, 17048, 16943, 12784, 3441, 5240, 9975, 13216, 17702, 11594, 13554, 6165, 19168, 16070, 3540, 3262, 10661, 4061, 13173, 2875, 17014, 4349, 10818, 8428, 16764, 14232, 8930, 15734, 17680, 7069, 15684, 17050, 18987, 6914, 6863, 19263, 10595, 150, 10039, 2722, 18223, 16444, 6559, 7258, 2661, 7699, 17136, 12773, 4247, 5723, 15194, 1696, 1500, 2807, 9893, 11835, 13240, 18313, 17107, 10265, 10244, 5570, 2862, 14049, 1012, 12861, 723, 9583, 17461, 10056, 1264, 8297, 3716, 14666, 15259, 13531, 543, 13723, 16810, 6700, 3516, 13766, 7186, 10692, 6321, 15484, 14547, 8744, 3703, 10383, 16829, 6366, 6846, 3906, 2021, 18133, 857, 279, 12232, 10212, 10541, 12325, 13475, 1225, 937, 6966, 10881, 16936, 18502, 1440, 11914, 3326, 5633, 14913, 4623, 10743, 12361, 17335, 1072, 5043, 14810, 15077, 3255, 17215, 6553, 17852, 4801, 6962, 3060, 9430, 8799, 13824, 188, 15175, 15163, 4733, 5011, 3536, 17635, 6532, 14071, 6112, 17158, 6597, 11272, 105, 19219, 5013, 12483, 201, 6848, 17033, 6367, 7859, 14702, 18844, 7053, 18694, 15670, 636, 10129, 6378, 5369, 7273, 16247, 9142, 15345, 16817, 14854, 2600, 15783, 889, 11833, 6612, 2068, 2427, 7062, 7918, 16181, 5464, 8339, 8950, 8453, 16423, 6064, 2380, 4268, 13929, 12974, 19141, 1299, 2484, 3883, 3273, 8772, 13256, 11239, 5766, 18098, 12705, 11004, 2695, 10048, 10960, 2766, 15661, 13258, 8015, 6032, 16397, 7749, 19039, 7634, 15076, 4234, 15114, 8475, 8091, 19220, 18004, 9704, 13918, 15569, 16443, 10015, 9943, 7817, 9349, 2588, 8249, 398, 5316, 15538, 18372, 13559, 2937, 2803, 16248, 6155, 630, 9911, 13190, 19157, 15788, 13248, 13148, 1320, 12074, 8471, 8798, 3213, 12418, 814, 2402, 12718, 12397, 10564, 9875, 10128, 6947, 9491, 17707, 3266, 19196, 14309, 18523, 19043, 17975, 18063, 11618, 15016, 14434, 7680, 1739, 18029, 11694, 1745, 9271, 5189, 9561, 11283, 14978, 10753, 16017, 12914, 978, 2828, 17257, 13135, 5061, 121, 6602, 16015, 19271, 12159, 1244, 8260, 13195, 15873, 12815, 14291, 14515, 118, 4892, 14985, 9551, 12654, 4739, 927, 12176, 9523, 11726, 18187, 5880, 2569, 3386, 13942, 3390, 15774, 129, 65, 12922, 8422, 12692, 16213, 11515, 2111, 8347, 10758, 14064, 4401, 17782, 15621, 6709, 14716, 4091, 13964, 8424, 4218, 7249, 11311, 11171, 18564, 14755, 7114, 14009, 14815, 294, 495, 7684, 6833, 4046, 3505, 16995, 17858, 7761, 15803, 9840, 13958, 8226, 10369, 12497, 17142, 1748, 2854, 7159, 11539, 11055, 13337, 17173, 14214, 6803, 11144, 12649, 283, 15489, 13174, 7015, 610, 7030, 18206, 14077, 15468, 14962, 8046, 7809, 17387, 16034, 16678, 1173, 3502, 12942, 15655, 16859, 7099, 1673, 446, 1365, 5881, 3713, 11697, 1897, 16001, 1702, 14149, 11876, 9341, 4325, 6923, 2001, 138, 3276, 18716, 17604, 10501, 115, 12800, 6111, 11148, 4549, 16057, 4707, 6843, 16091, 4295, 7519, 13708, 12409, 11018, 5052, 13566, 14715, 12755, 793, 10837, 1888, 12375, 3935, 5763, 11791, 11258, 13264, 11469, 4683, 8905, 1853, 11600, 4421, 2798, 5074, 18141, 13807, 8595, 8126, 13837, 8060, 6956, 11767, 14560, 9389, 15261, 1232, 12560, 7262, 11504, 3546, 4627, 1177, 517, 4008, 9219, 17696, 4148, 14124, 13243, 11235, 7561, 8331, 16320, 3591, 11341, 4015, 12028, 14929, 18601, 3528, 14065, 1510, 19191, 13833, 17616, 10869, 17689, 831, 16725, 6319, 15465, 10467, 8162, 13563, 7728, 10778, 13545, 12290, 16480, 14401, 12838, 4212, 17529, 4832, 15111, 12690, 10373, 7596, 18614, 17477, 1043, 13100, 4774, 17479, 3774, 9302, 3901, 13071, 6412, 9516, 1261, 3054, 13522, 17602, 14343, 18500, 10957, 2791, 9624, 3634, 17904, 5709, 14670, 11058, 7087, 7435, 13848, 82, 5565, 2562, 14029, 3583, 1676, 12709, 18473, 3158, 12787, 8068, 8263, 16146, 3593, 1802, 1861, 3348, 4487, 17749, 6105, 10471, 17472, 10200, 1182, 14180, 1076, 10156, 4839, 9903, 4879, 9720, 2157, 15344, 16067, 3064, 17182, 5368, 4987, 18484, 18923, 11896, 1052, 15727, 15289, 5885, 1933, 5251, 17072, 6038, 6195, 13524, 6606, 18506, 17536, 6784, 3231, 14121, 8925, 10030, 803, 13764, 146, 19268, 14099, 4130, 16372, 1537, 12248, 13718, 17187, 11728, 1740, 19233, 5600, 4092, 4779, 6028, 3395, 16152, 19150, 2417, 11980, 11237, 8427, 18127, 3538, 9257, 607, 2078, 18457, 5802, 3435, 15019, 4256, 9221, 13465, 11742, 5788, 9528, 17493, 4607, 3131, 6616, 5356, 1550, 4617, 8827, 849, 2601, 4437, 17861, 10261, 15704, 3890, 8149, 12063, 3086, 15925, 12301, 6847, 5603, 7768, 3187, 13372, 9258, 6584, 7594, 2603, 1835, 17380, 17193, 15251, 15937, 18731, 4082, 14911, 16626, 8824, 16208, 10167, 17711, 9678, 15852, 13620, 16479, 14586, 2446, 4866, 1315, 7746, 10615, 7927, 2443, 7157, 13506, 18410, 10494]",429,1500,3,False,1500
3944,general praise,general pra,26,True,True,False,"{21: 26, 33: 14, 2: 18, 29: 13, 25: 57, 43: 9, 57: 16, 49: 16, 61: 14, 67: 52, 65: 21, 50: 28, 15: 53, 6: 13, 46: 15, 27: 69, 7: 65, 48: 67, 19: 21, 31: 14, 63: 26, 22: 39, 9: 79, 26: 40, 47: 15, 53: 66, 11: 19, 51: 26, 54: 9, 13: 32, 17: 37, 52: 30, 39: 27, 38: 19, 1: 6, 59: 33, 56: 23, 32: 9, 8: 25, 4: 12, 20: 26, 24: 7, 18: 31, 42: 7, 28: 31, 45: 57, 0: 13, 66: 11, 62: 11, 35: 7, 64: 15, 37: 2, 40: 25, 3: 3, 14: 5, 12: 8, 16: 15, 55: 16, 30: 13, 58: 6, 36: 4, 60: 5, 5: 3, 41: 2, 44: 2, 34: 2}","[12686, 3384, 6034, 14374, 14516, 14680, 18580, 5912, 661, 4433, 14182, 14634, 14672, 13694, 17233, 12320, 12666, 7276, 14925, 15315, 1125, 14820, 3769, 14096, 12401, 14972, 14176, 4685, 4278, 5735, 7514, 16051, 15882, 4696, 17145, 19193, 12994, 9901, 13641, 15193, 6739, 9240, 1608, 14664, 18117, 5676, 15714, 5964, 5329, 16651, 15936, 14441, 15878, 18316, 14255, 18692, 5858, 4640, 10716, 13839, 16635, 2097, 11464, 12427, 2320, 14629, 7617, 16183, 16205, 2170, 4384, 6683, 5285, 18707, 6780, 4231, 2404, 4895, 18091, 2944, 13054, 3904, 3491, 9455, 15985, 10432, 8657, 15304, 9114, 5838, 5197, 17244, 6207, 3970, 17246, 3950, 6168, 8697, 6800, 9942, 11118, 8582, 6355, 15275, 4581, 12724, 11921, 1833, 523, 7619, 15729, 176, 8576, 3101, 1573, 1283, 11796, 11277, 2547, 1738, 6806, 15187, 7129, 5179, 5854, 16373, 9231, 6270, 777, 2062, 13249, 4144, 6325, 3924, 5350, 14414, 3142, 2249, 6444, 13582, 2833, 18030, 6483, 18404, 15057, 7482, 15001, 15872, 14584, 10835, 954, 7257, 1381, 17819, 17518, 6497, 14430, 4901, 16466, 10805, 132, 7506, 755, 14427, 12119, 16613, 19042, 14994, 11257, 8042, 2144, 5966, 1580, 8010, 2550, 10684, 14088, 5037, 8764, 17076, 14185, 15984, 5299, 16601, 19182, 13197, 14561, 12605, 17010, 2703, 6715, 11207, 10188, 212, 2293, 17676, 1720, 5934, 112, 8568, 15870, 3226, 4524, 4431, 5141, 5383, 7609, 12807, 19001, 14368, 6704, 14903, 4172, 117, 18698, 1699, 16558, 7518, 10618, 2110, 10308, 7828, 6623, 17644, 4449, 951, 13858, 15106, 8402, 916, 4771, 8608, 6448, 6656, 13547, 2814, 8336, 8093, 6398, 637, 9909, 10621, 786, 14146, 17292, 9457, 3, 2884, 14785, 10504, 16361, 8181, 17690, 654, 11067, 18741, 386, 18208, 10130, 8079, 7082, 14740, 8076, 18619, 14428, 10992, 12679, 9431, 18328, 13606, 7641, 13542, 1002, 11975, 15646, 19078, 1352, 8683, 16053, 11763, 14823, 7059, 4995, 3754, 6213, 10090, 19084, 1973, 8131, 5353, 836, 13960, 3217, 4885, 9645, 16941, 14750, 13171, 9132, 1355, 4440, 15747, 8233, 6008, 12781, 16749, 13905, 18198, 5033, 2910, 16502, 1233, 965, 16926, 3944, 13518, 18213, 12739, 9972, 14609, 5764, 6128, 9532, 12680, 3672, 5458, 6822, 11547, 3163, 8040, 14081, 8369, 18182, 17541, 11552, 12451, 15074, 1783, 17730, 1690, 16992, 2490, 2459, 18065, 320, 18311, 45, 9495, 4572, 544, 12731, 16811, 15096, 14957, 4594, 16607, 2449, 7791, 13659, 8892, 1713, 17336, 6598, 13832, 10495, 18937, 3067, 3473, 12715, 13492, 14787, 16503, 17899, 16638, 2408, 7141, 10590, 2917, 14650, 12571, 4321, 2855, 1829, 3736, 3381, 11069, 16093, 15201, 14311, 9836, 18289, 16899, 897, 13981, 12223, 8884, 15721, 7778, 13648, 5737, 6550, 19249, 2715, 447, 12941, 8915, 18963, 16291, 760, 5869, 3635, 3439, 6740, 5003, 3174, 2945, 16056, 4860, 11216, 7363, 1147, 12124, 9764, 11245, 4361, 7784, 16285, 17057, 11203, 5114, 17655, 12056, 17890, 7741, 15799, 10258, 16088, 19222, 15303, 1433, 5991, 322, 2322, 3156, 9940, 7814, 17068, 16968, 10018, 1991, 11946, 8705, 10371, 4619, 11074, 2034, 15550, 11743, 18666, 13494, 14175, 13948, 15123, 11154, 10397, 1701, 4770, 839, 12085, 16500, 16241, 1535, 18782, 2221, 539, 18405, 4245, 103, 1571, 16945, 12196, 9441, 1732, 1367, 3596, 4794, 7230, 5245, 17483, 2955, 2003, 11509, 4044, 12934, 3456, 16693, 593, 4582, 14076, 10972, 1965, 7227, 14324, 8658, 3772, 8355, 11889, 1908, 2684, 10026, 1666, 16507, 5589, 9295, 8389, 2099, 18653, 13808, 19147, 6675, 10970, 2788, 19028, 16983, 16166, 9845, 8160, 11381, 10088, 10333, 11716, 14695, 12697, 4365, 3747, 17296, 11904, 74, 7047, 10639, 13094, 940, 10478, 2032, 6642, 14896, 10840, 5430, 5556, 12597, 2183, 18403, 4252, 14613, 18283, 8790, 12140, 13540, 13353, 14114, 13297, 4056, 14038, 11299, 13770, 11433, 14285, 1526, 1955, 15711, 255, 12481, 612, 1635, 4886, 357, 11434, 9524, 13106, 2607, 5391, 9406, 2331, 624, 2749, 17849, 9829, 11436, 18426, 9481, 18550, 15647, 532, 11720, 11824, 15610, 15741, 7902, 13558, 17967, 14539, 17889, 4631, 1238, 16921, 7787, 15293, 3108, 8215, 2851, 4514, 12938, 16730, 17178, 4890, 17960, 4725, 7917, 3191, 8231, 16341, 8195, 10913, 2173, 5557, 2637, 16896, 5806, 1815, 1451, 8864, 2290, 12108, 5328, 6203, 2431, 7508, 17898, 17188, 6897, 1199, 15526, 18437, 6631, 8644, 16917, 14964, 14233, 2454, 584, 4830, 7199, 4180, 14889, 5761, 13756, 6917, 7756, 18880, 15095, 1816, 14070, 16252, 7429, 16589, 1631, 15968, 15221, 12478, 18594, 1477, 5637, 12058, 1205, 13397, 9107, 18654, 1968, 3759, 13147, 14144, 14973, 12452, 18020, 13592, 17920, 13687, 11335, 7207, 418, 7834, 778, 12982, 10688, 9031, 509, 9601, 9780, 17040, 12023, 3916, 91, 6536, 18535, 7547, 15240, 707, 14533, 15064, 17012, 16805, 8637, 5969, 16221, 1940, 13307, 4717, 12615, 18220, 11028, 12170, 1743, 2376, 12415, 14220, 18827, 1294, 18543, 6977, 15309, 11778, 11842, 17103, 3857, 4637, 12162, 19169, 17166, 18237, 17818, 9507, 19022, 5790, 19112, 15611, 1118, 15184, 18703, 1817, 15530, 16579, 8437, 11839, 11378, 3537, 9205, 9217, 16272, 18759, 16828, 12002, 8348, 1723, 3481, 14115, 379, 8544, 264, 6015, 7672, 2253, 7364, 3706, 13796, 17139, 16125, 12059, 9623, 7185, 2418, 18230, 3087, 281, 4379, 1796, 8459, 4400, 17824, 2736, 16446, 13525, 15341, 3275, 7872, 1662, 7557, 4319, 15442, 7181, 10456, 4963, 17048, 16943, 12784, 3441, 5240, 9975, 13216, 17702, 11594, 13554, 6165, 19168, 16070, 3540, 3262, 10661, 4061, 13173, 2875, 17014, 4349, 10818, 8428, 16764, 14232, 8930, 15734, 17680, 7069, 15684, 17050, 18987, 6914, 6863, 19263, 10595, 150, 10039, 2722, 18223, 16444, 6559, 7258, 2661, 7699, 17136, 12773, 4247, 5723, 15194, 1696, 1500, 2807, 9893, 11835, 13240, 18313, 17107, 10265, 10244, 5570, 2862, 14049, 1012, 12861, 723, 9583, 17461, 10056, 1264, 8297, 3716, 14666, 15259, 13531, 543, 13723, 16810, 6700, 3516, 13766, 7186, 10692, 6321, 15484, 14547, 8744, 3703, 10383, 16829, 6366, 6846, 3906, 2021, 18133, 857, 279, 12232, 10212, 10541, 12325, 13475, 1225, 937, 6966, 10881, 16936, 18502, 1440, 11914, 3326, 5633, 14913, 4623, 10743, 12361, 17335, 1072, 5043, 14810, 15077, 3255, 17215, 6553, 17852, 4801, 6962, 3060, 9430, 8799, 13824, 188, 15175, 15163, 4733, 5011, 3536, 17635, 6532, 14071, 6112, 17158, 6597, 11272, 105, 19219, 5013, 12483, 201, 6848, 17033, 6367, 7859, 14702, 18844, 7053, 18694, 15670, 636, 10129, 6378, 5369, 7273, 16247, 9142, 15345, 16817, 14854, 2600, 15783, 889, 11833, 6612, 2068, 2427, 7062, 7918, 16181, 5464, 8339, 8950, 8453, 16423, 6064, 2380, 4268, 13929, 12974, 19141, 1299, 2484, 3883, 3273, 8772, 13256, 11239, 5766, 18098, 12705, 11004, 2695, 10048, 10960, 2766, 15661, 13258, 8015, 6032, 16397, 7749, 19039, 7634, 15076, 4234, 15114, 8475, 8091, 19220, 18004, 9704, 13918, 15569, 16443, 10015, 9943, 7817, 9349, 2588, 8249, 398, 5316, 15538, 18372, 13559, 2937, 2803, 16248, 6155, 630, 9911, 13190, 19157, 15788, 13248, 13148, 1320, 12074, 8471, 8798, 3213, 12418, 814, 2402, 12718, 12397, 10564, 9875, 10128, 6947, 9491, 17707, 3266, 19196, 14309, 18523, 19043, 17975, 18063, 11618, 15016, 14434, 7680, 1739, 18029, 11694, 1745, 9271, 5189, 9561, 11283, 14978, 10753, 16017, 12914, 978, 2828, 17257, 13135, 5061, 121, 6602, 16015, 19271, 12159, 1244, 8260, 13195, 15873, 12815, 14291, 14515, 118, 4892, 14985, 9551, 12654, 4739, 927, 12176, 9523, 11726, 18187, 5880, 2569, 3386, 13942, 3390, 15774, 129, 65, 12922, 8422, 12692, 16213, 11515, 2111, 8347, 10758, 14064, 4401, 17782, 15621, 6709, 14716, 4091, 13964, 8424, 4218, 7249, 11311, 11171, 18564, 14755, 7114, 14009, 14815, 294, 495, 7684, 6833, 4046, 3505, 16995, 17858, 7761, 15803, 9840, 13958, 8226, 10369, 12497, 17142, 1748, 2854, 7159, 11539, 11055, 13337, 17173, 14214, 6803, 11144, 12649, 283, 15489, 13174, 7015, 610, 7030, 18206, 14077, 15468, 14962, 8046, 7809, 17387, 16034, 16678, 1173, 3502, 12942, 15655, 16859, 7099, 1673, 446, 1365, 5881, 3713, 11697, 1897, 16001, 1702, 14149, 11876, 9341, 4325, 6923, 2001, 138, 3276, 18716, 17604, 10501, 115, 12800, 6111, 11148, 4549, 16057, 4707, 6843, 16091, 4295, 7519, 13708, 12409, 11018, 5052, 13566, 14715, 12755, 793, 10837, 1888, 12375, 3935, 5763, 11791, 11258, 13264, 11469, 4683, 8905, 1853, 11600, 4421, 2798, 5074, 18141, 13807, 8595, 8126, 13837, 8060, 6956, 11767, 14560, 9389, 15261, 1232, 12560, 7262, 11504, 3546, 4627, 1177, 517, 4008, 9219, 17696, 4148, 14124, 13243, 11235, 7561, 8331, 16320, 3591, 11341, 4015, 12028, 14929, 18601, 3528, 14065, 1510, 19191, 13833, 17616, 10869, 17689, 831, 16725, 6319, 15465, 10467, 8162, 13563, 7728, 10778, 13545, 12290, 16480, 14401, 12838, 4212, 17529, 4832, 15111, 12690, 10373, 7596, 18614, 17477, 1043, 13100, 4774, 17479, 3774, 9302, 3901, 13071, 6412, 9516, 1261, 3054, 13522, 17602, 14343, 18500, 10957, 2791, 9624, 3634, 17904, 5709, 14670, 11058, 7087, 7435, 13848, 82, 5565, 2562, 14029, 3583, 1676, 12709, 18473, 3158, 12787, 8068, 8263, 16146, 3593, 1802, 1861, 3348, 4487, 17749, 6105, 10471, 17472, 10200, 1182, 14180, 1076, 10156, 4839, 9903, 4879, 9720, 2157, 15344, 16067, 3064, 17182, 5368, 4987, 18484, 18923, 11896, 1052, 15727, 15289, 5885, 1933, 5251, 17072, 6038, 6195, 13524, 6606, 18506, 17536, 6784, 3231, 14121, 8925, 10030, 803, 13764, 146, 19268, 14099, 4130, 16372, 1537, 12248, 13718, 17187, 11728, 1740, 19233, 5600, 4092, 4779, 6028, 3395, 16152, 19150, 2417, 11980, 11237, 8427, 18127, 3538, 9257, 607, 2078, 18457, 5802, 3435, 15019, 4256, 9221, 13465, 11742, 5788, 9528, 17493, 4607, 3131, 6616, 5356, 1550, 4617, 8827, 849, 2601, 4437, 17861, 10261, 15704, 3890, 8149, 12063, 3086, 15925, 12301, 6847, 5603, 7768, 3187, 13372, 9258, 6584, 7594, 2603, 1835, 17380, 17193, 15251, 15937, 18731, 4082, 14911, 16626, 8824, 16208, 10167, 17711, 9678, 15852, 13620, 16479, 14586, 2446, 4866, 1315, 7746, 10615, 7927, 2443, 7157, 13506, 18410, 10494]",3944,1500,3,False,1500
4157,lists remove,lists remove,40,True,True,True,"{21: 26, 33: 14, 2: 18, 29: 13, 25: 57, 43: 9, 57: 16, 49: 16, 61: 14, 67: 52, 65: 21, 50: 28, 15: 53, 6: 13, 46: 15, 27: 69, 7: 65, 48: 67, 19: 21, 31: 14, 63: 26, 22: 39, 9: 79, 26: 40, 47: 15, 53: 66, 11: 19, 51: 26, 54: 9, 13: 32, 17: 37, 52: 30, 39: 27, 38: 19, 1: 6, 59: 33, 56: 23, 32: 9, 8: 25, 4: 12, 20: 26, 24: 7, 18: 31, 42: 7, 28: 31, 45: 57, 0: 13, 66: 11, 62: 11, 35: 7, 64: 15, 37: 2, 40: 25, 3: 3, 14: 5, 12: 8, 16: 15, 55: 16, 30: 13, 58: 6, 36: 4, 60: 5, 5: 3, 41: 2, 44: 2, 34: 2}","[12686, 3384, 6034, 14374, 14516, 14680, 18580, 5912, 661, 4433, 14182, 14634, 14672, 13694, 17233, 12320, 12666, 7276, 14925, 15315, 1125, 14820, 3769, 14096, 12401, 14972, 14176, 4685, 4278, 5735, 7514, 16051, 15882, 4696, 17145, 19193, 12994, 9901, 13641, 15193, 6739, 9240, 1608, 14664, 18117, 5676, 15714, 5964, 5329, 16651, 15936, 14441, 15878, 18316, 14255, 18692, 5858, 4640, 10716, 13839, 16635, 2097, 11464, 12427, 2320, 14629, 7617, 16183, 16205, 2170, 4384, 6683, 5285, 18707, 6780, 4231, 2404, 4895, 18091, 2944, 13054, 3904, 3491, 9455, 15985, 10432, 8657, 15304, 9114, 5838, 5197, 17244, 6207, 3970, 17246, 3950, 6168, 8697, 6800, 9942, 11118, 8582, 6355, 15275, 4581, 12724, 11921, 1833, 523, 7619, 15729, 176, 8576, 3101, 1573, 1283, 11796, 11277, 2547, 1738, 6806, 15187, 7129, 5179, 5854, 16373, 9231, 6270, 777, 2062, 13249, 4144, 6325, 3924, 5350, 14414, 3142, 2249, 6444, 13582, 2833, 18030, 6483, 18404, 15057, 7482, 15001, 15872, 14584, 10835, 954, 7257, 1381, 17819, 17518, 6497, 14430, 4901, 16466, 10805, 132, 7506, 755, 14427, 12119, 16613, 19042, 14994, 11257, 8042, 2144, 5966, 1580, 8010, 2550, 10684, 14088, 5037, 8764, 17076, 14185, 15984, 5299, 16601, 19182, 13197, 14561, 12605, 17010, 2703, 6715, 11207, 10188, 212, 2293, 17676, 1720, 5934, 112, 8568, 15870, 3226, 4524, 4431, 5141, 5383, 7609, 12807, 19001, 14368, 6704, 14903, 4172, 117, 18698, 1699, 16558, 7518, 10618, 2110, 10308, 7828, 6623, 17644, 4449, 951, 13858, 15106, 8402, 916, 4771, 8608, 6448, 6656, 13547, 2814, 8336, 8093, 6398, 637, 9909, 10621, 786, 14146, 17292, 9457, 3, 2884, 14785, 10504, 16361, 8181, 17690, 654, 11067, 18741, 386, 18208, 10130, 8079, 7082, 14740, 8076, 18619, 14428, 10992, 12679, 9431, 18328, 13606, 7641, 13542, 1002, 11975, 15646, 19078, 1352, 8683, 16053, 11763, 14823, 7059, 4995, 3754, 6213, 10090, 19084, 1973, 8131, 5353, 836, 13960, 3217, 4885, 9645, 16941, 14750, 13171, 9132, 1355, 4440, 15747, 8233, 6008, 12781, 16749, 13905, 18198, 5033, 2910, 16502, 1233, 965, 16926, 3944, 13518, 18213, 12739, 9972, 14609, 5764, 6128, 9532, 12680, 3672, 5458, 6822, 11547, 3163, 8040, 14081, 8369, 18182, 17541, 11552, 12451, 15074, 1783, 17730, 1690, 16992, 2490, 2459, 18065, 320, 18311, 45, 9495, 4572, 544, 12731, 16811, 15096, 14957, 4594, 16607, 2449, 7791, 13659, 8892, 1713, 17336, 6598, 13832, 10495, 18937, 3067, 3473, 12715, 13492, 14787, 16503, 17899, 16638, 2408, 7141, 10590, 2917, 14650, 12571, 4321, 2855, 1829, 3736, 3381, 11069, 16093, 15201, 14311, 9836, 18289, 16899, 897, 13981, 12223, 8884, 15721, 7778, 13648, 5737, 6550, 19249, 2715, 447, 12941, 8915, 18963, 16291, 760, 5869, 3635, 3439, 6740, 5003, 3174, 2945, 16056, 4860, 11216, 7363, 1147, 12124, 9764, 11245, 4361, 7784, 16285, 17057, 11203, 5114, 17655, 12056, 17890, 7741, 15799, 10258, 16088, 19222, 15303, 1433, 5991, 322, 2322, 3156, 9940, 7814, 17068, 16968, 10018, 1991, 11946, 8705, 10371, 4619, 11074, 2034, 15550, 11743, 18666, 13494, 14175, 13948, 15123, 11154, 10397, 1701, 4770, 839, 12085, 16500, 16241, 1535, 18782, 2221, 539, 18405, 4245, 103, 1571, 16945, 12196, 9441, 1732, 1367, 3596, 4794, 7230, 5245, 17483, 2955, 2003, 11509, 4044, 12934, 3456, 16693, 593, 4582, 14076, 10972, 1965, 7227, 14324, 8658, 3772, 8355, 11889, 1908, 2684, 10026, 1666, 16507, 5589, 9295, 8389, 2099, 18653, 13808, 19147, 6675, 10970, 2788, 19028, 16983, 16166, 9845, 8160, 11381, 10088, 10333, 11716, 14695, 12697, 4365, 3747, 17296, 11904, 74, 7047, 10639, 13094, 940, 10478, 2032, 6642, 14896, 10840, 5430, 5556, 12597, 2183, 18403, 4252, 14613, 18283, 8790, 12140, 13540, 13353, 14114, 13297, 4056, 14038, 11299, 13770, 11433, 14285, 1526, 1955, 15711, 255, 12481, 612, 1635, 4886, 357, 11434, 9524, 13106, 2607, 5391, 9406, 2331, 624, 2749, 17849, 9829, 11436, 18426, 9481, 18550, 15647, 532, 11720, 11824, 15610, 15741, 7902, 13558, 17967, 14539, 17889, 4631, 1238, 16921, 7787, 15293, 3108, 8215, 2851, 4514, 12938, 16730, 17178, 4890, 17960, 4725, 7917, 3191, 8231, 16341, 8195, 10913, 2173, 5557, 2637, 16896, 5806, 1815, 1451, 8864, 2290, 12108, 5328, 6203, 2431, 7508, 17898, 17188, 6897, 1199, 15526, 18437, 6631, 8644, 16917, 14964, 14233, 2454, 584, 4830, 7199, 4180, 14889, 5761, 13756, 6917, 7756, 18880, 15095, 1816, 14070, 16252, 7429, 16589, 1631, 15968, 15221, 12478, 18594, 1477, 5637, 12058, 1205, 13397, 9107, 18654, 1968, 3759, 13147, 14144, 14973, 12452, 18020, 13592, 17920, 13687, 11335, 7207, 418, 7834, 778, 12982, 10688, 9031, 509, 9601, 9780, 17040, 12023, 3916, 91, 6536, 18535, 7547, 15240, 707, 14533, 15064, 17012, 16805, 8637, 5969, 16221, 1940, 13307, 4717, 12615, 18220, 11028, 12170, 1743, 2376, 12415, 14220, 18827, 1294, 18543, 6977, 15309, 11778, 11842, 17103, 3857, 4637, 12162, 19169, 17166, 18237, 17818, 9507, 19022, 5790, 19112, 15611, 1118, 15184, 18703, 1817, 15530, 16579, 8437, 11839, 11378, 3537, 9205, 9217, 16272, 18759, 16828, 12002, 8348, 1723, 3481, 14115, 379, 8544, 264, 6015, 7672, 2253, 7364, 3706, 13796, 17139, 16125, 12059, 9623, 7185, 2418, 18230, 3087, 281, 4379, 1796, 8459, 4400, 17824, 2736, 16446, 13525, 15341, 3275, 7872, 1662, 7557, 4319, 15442, 7181, 10456, 4963, 17048, 16943, 12784, 3441, 5240, 9975, 13216, 17702, 11594, 13554, 6165, 19168, 16070, 3540, 3262, 10661, 4061, 13173, 2875, 17014, 4349, 10818, 8428, 16764, 14232, 8930, 15734, 17680, 7069, 15684, 17050, 18987, 6914, 6863, 19263, 10595, 150, 10039, 2722, 18223, 16444, 6559, 7258, 2661, 7699, 17136, 12773, 4247, 5723, 15194, 1696, 1500, 2807, 9893, 11835, 13240, 18313, 17107, 10265, 10244, 5570, 2862, 14049, 1012, 12861, 723, 9583, 17461, 10056, 1264, 8297, 3716, 14666, 15259, 13531, 543, 13723, 16810, 6700, 3516, 13766, 7186, 10692, 6321, 15484, 14547, 8744, 3703, 10383, 16829, 6366, 6846, 3906, 2021, 18133, 857, 279, 12232, 10212, 10541, 12325, 13475, 1225, 937, 6966, 10881, 16936, 18502, 1440, 11914, 3326, 5633, 14913, 4623, 10743, 12361, 17335, 1072, 5043, 14810, 15077, 3255, 17215, 6553, 17852, 4801, 6962, 3060, 9430, 8799, 13824, 188, 15175, 15163, 4733, 5011, 3536, 17635, 6532, 14071, 6112, 17158, 6597, 11272, 105, 19219, 5013, 12483, 201, 6848, 17033, 6367, 7859, 14702, 18844, 7053, 18694, 15670, 636, 10129, 6378, 5369, 7273, 16247, 9142, 15345, 16817, 14854, 2600, 15783, 889, 11833, 6612, 2068, 2427, 7062, 7918, 16181, 5464, 8339, 8950, 8453, 16423, 6064, 2380, 4268, 13929, 12974, 19141, 1299, 2484, 3883, 3273, 8772, 13256, 11239, 5766, 18098, 12705, 11004, 2695, 10048, 10960, 2766, 15661, 13258, 8015, 6032, 16397, 7749, 19039, 7634, 15076, 4234, 15114, 8475, 8091, 19220, 18004, 9704, 13918, 15569, 16443, 10015, 9943, 7817, 9349, 2588, 8249, 398, 5316, 15538, 18372, 13559, 2937, 2803, 16248, 6155, 630, 9911, 13190, 19157, 15788, 13248, 13148, 1320, 12074, 8471, 8798, 3213, 12418, 814, 2402, 12718, 12397, 10564, 9875, 10128, 6947, 9491, 17707, 3266, 19196, 14309, 18523, 19043, 17975, 18063, 11618, 15016, 14434, 7680, 1739, 18029, 11694, 1745, 9271, 5189, 9561, 11283, 14978, 10753, 16017, 12914, 978, 2828, 17257, 13135, 5061, 121, 6602, 16015, 19271, 12159, 1244, 8260, 13195, 15873, 12815, 14291, 14515, 118, 4892, 14985, 9551, 12654, 4739, 927, 12176, 9523, 11726, 18187, 5880, 2569, 3386, 13942, 3390, 15774, 129, 65, 12922, 8422, 12692, 16213, 11515, 2111, 8347, 10758, 14064, 4401, 17782, 15621, 6709, 14716, 4091, 13964, 8424, 4218, 7249, 11311, 11171, 18564, 14755, 7114, 14009, 14815, 294, 495, 7684, 6833, 4046, 3505, 16995, 17858, 7761, 15803, 9840, 13958, 8226, 10369, 12497, 17142, 1748, 2854, 7159, 11539, 11055, 13337, 17173, 14214, 6803, 11144, 12649, 283, 15489, 13174, 7015, 610, 7030, 18206, 14077, 15468, 14962, 8046, 7809, 17387, 16034, 16678, 1173, 3502, 12942, 15655, 16859, 7099, 1673, 446, 1365, 5881, 3713, 11697, 1897, 16001, 1702, 14149, 11876, 9341, 4325, 6923, 2001, 138, 3276, 18716, 17604, 10501, 115, 12800, 6111, 11148, 4549, 16057, 4707, 6843, 16091, 4295, 7519, 13708, 12409, 11018, 5052, 13566, 14715, 12755, 793, 10837, 1888, 12375, 3935, 5763, 11791, 11258, 13264, 11469, 4683, 8905, 1853, 11600, 4421, 2798, 5074, 18141, 13807, 8595, 8126, 13837, 8060, 6956, 11767, 14560, 9389, 15261, 1232, 12560, 7262, 11504, 3546, 4627, 1177, 517, 4008, 9219, 17696, 4148, 14124, 13243, 11235, 7561, 8331, 16320, 3591, 11341, 4015, 12028, 14929, 18601, 3528, 14065, 1510, 19191, 13833, 17616, 10869, 17689, 831, 16725, 6319, 15465, 10467, 8162, 13563, 7728, 10778, 13545, 12290, 16480, 14401, 12838, 4212, 17529, 4832, 15111, 12690, 10373, 7596, 18614, 17477, 1043, 13100, 4774, 17479, 3774, 9302, 3901, 13071, 6412, 9516, 1261, 3054, 13522, 17602, 14343, 18500, 10957, 2791, 9624, 3634, 17904, 5709, 14670, 11058, 7087, 7435, 13848, 82, 5565, 2562, 14029, 3583, 1676, 12709, 18473, 3158, 12787, 8068, 8263, 16146, 3593, 1802, 1861, 3348, 4487, 17749, 6105, 10471, 17472, 10200, 1182, 14180, 1076, 10156, 4839, 9903, 4879, 9720, 2157, 15344, 16067, 3064, 17182, 5368, 4987, 18484, 18923, 11896, 1052, 15727, 15289, 5885, 1933, 5251, 17072, 6038, 6195, 13524, 6606, 18506, 17536, 6784, 3231, 14121, 8925, 10030, 803, 13764, 146, 19268, 14099, 4130, 16372, 1537, 12248, 13718, 17187, 11728, 1740, 19233, 5600, 4092, 4779, 6028, 3395, 16152, 19150, 2417, 11980, 11237, 8427, 18127, 3538, 9257, 607, 2078, 18457, 5802, 3435, 15019, 4256, 9221, 13465, 11742, 5788, 9528, 17493, 4607, 3131, 6616, 5356, 1550, 4617, 8827, 849, 2601, 4437, 17861, 10261, 15704, 3890, 8149, 12063, 3086, 15925, 12301, 6847, 5603, 7768, 3187, 13372, 9258, 6584, 7594, 2603, 1835, 17380, 17193, 15251, 15937, 18731, 4082, 14911, 16626, 8824, 16208, 10167, 17711, 9678, 15852, 13620, 16479, 14586, 2446, 4866, 1315, 7746, 10615, 7927, 2443, 7157, 13506, 18410, 10494]",4157,1500,3,False,1500
3958,lists query,lists query,39,True,True,True,"{21: 26, 33: 14, 2: 18, 29: 13, 25: 57, 43: 9, 57: 16, 49: 16, 61: 14, 67: 52, 65: 21, 50: 28, 15: 53, 6: 13, 46: 15, 27: 69, 7: 65, 48: 67, 19: 21, 31: 14, 63: 26, 22: 39, 9: 79, 26: 40, 47: 15, 53: 66, 11: 19, 51: 26, 54: 9, 13: 32, 17: 37, 52: 30, 39: 27, 38: 19, 1: 6, 59: 33, 56: 23, 32: 9, 8: 25, 4: 12, 20: 26, 24: 7, 18: 31, 42: 7, 28: 31, 45: 57, 0: 13, 66: 11, 62: 11, 35: 7, 64: 15, 37: 2, 40: 25, 3: 3, 14: 5, 12: 8, 16: 15, 55: 16, 30: 13, 58: 6, 36: 4, 60: 5, 5: 3, 41: 2, 44: 2, 34: 2}","[12686, 3384, 6034, 14374, 14516, 14680, 18580, 5912, 661, 4433, 14182, 14634, 14672, 13694, 17233, 12320, 12666, 7276, 14925, 15315, 1125, 14820, 3769, 14096, 12401, 14972, 14176, 4685, 4278, 5735, 7514, 16051, 15882, 4696, 17145, 19193, 12994, 9901, 13641, 15193, 6739, 9240, 1608, 14664, 18117, 5676, 15714, 5964, 5329, 16651, 15936, 14441, 15878, 18316, 14255, 18692, 5858, 4640, 10716, 13839, 16635, 2097, 11464, 12427, 2320, 14629, 7617, 16183, 16205, 2170, 4384, 6683, 5285, 18707, 6780, 4231, 2404, 4895, 18091, 2944, 13054, 3904, 3491, 9455, 15985, 10432, 8657, 15304, 9114, 5838, 5197, 17244, 6207, 3970, 17246, 3950, 6168, 8697, 6800, 9942, 11118, 8582, 6355, 15275, 4581, 12724, 11921, 1833, 523, 7619, 15729, 176, 8576, 3101, 1573, 1283, 11796, 11277, 2547, 1738, 6806, 15187, 7129, 5179, 5854, 16373, 9231, 6270, 777, 2062, 13249, 4144, 6325, 3924, 5350, 14414, 3142, 2249, 6444, 13582, 2833, 18030, 6483, 18404, 15057, 7482, 15001, 15872, 14584, 10835, 954, 7257, 1381, 17819, 17518, 6497, 14430, 4901, 16466, 10805, 132, 7506, 755, 14427, 12119, 16613, 19042, 14994, 11257, 8042, 2144, 5966, 1580, 8010, 2550, 10684, 14088, 5037, 8764, 17076, 14185, 15984, 5299, 16601, 19182, 13197, 14561, 12605, 17010, 2703, 6715, 11207, 10188, 212, 2293, 17676, 1720, 5934, 112, 8568, 15870, 3226, 4524, 4431, 5141, 5383, 7609, 12807, 19001, 14368, 6704, 14903, 4172, 117, 18698, 1699, 16558, 7518, 10618, 2110, 10308, 7828, 6623, 17644, 4449, 951, 13858, 15106, 8402, 916, 4771, 8608, 6448, 6656, 13547, 2814, 8336, 8093, 6398, 637, 9909, 10621, 786, 14146, 17292, 9457, 3, 2884, 14785, 10504, 16361, 8181, 17690, 654, 11067, 18741, 386, 18208, 10130, 8079, 7082, 14740, 8076, 18619, 14428, 10992, 12679, 9431, 18328, 13606, 7641, 13542, 1002, 11975, 15646, 19078, 1352, 8683, 16053, 11763, 14823, 7059, 4995, 3754, 6213, 10090, 19084, 1973, 8131, 5353, 836, 13960, 3217, 4885, 9645, 16941, 14750, 13171, 9132, 1355, 4440, 15747, 8233, 6008, 12781, 16749, 13905, 18198, 5033, 2910, 16502, 1233, 965, 16926, 3944, 13518, 18213, 12739, 9972, 14609, 5764, 6128, 9532, 12680, 3672, 5458, 6822, 11547, 3163, 8040, 14081, 8369, 18182, 17541, 11552, 12451, 15074, 1783, 17730, 1690, 16992, 2490, 2459, 18065, 320, 18311, 45, 9495, 4572, 544, 12731, 16811, 15096, 14957, 4594, 16607, 2449, 7791, 13659, 8892, 1713, 17336, 6598, 13832, 10495, 18937, 3067, 3473, 12715, 13492, 14787, 16503, 17899, 16638, 2408, 7141, 10590, 2917, 14650, 12571, 4321, 2855, 1829, 3736, 3381, 11069, 16093, 15201, 14311, 9836, 18289, 16899, 897, 13981, 12223, 8884, 15721, 7778, 13648, 5737, 6550, 19249, 2715, 447, 12941, 8915, 18963, 16291, 760, 5869, 3635, 3439, 6740, 5003, 3174, 2945, 16056, 4860, 11216, 7363, 1147, 12124, 9764, 11245, 4361, 7784, 16285, 17057, 11203, 5114, 17655, 12056, 17890, 7741, 15799, 10258, 16088, 19222, 15303, 1433, 5991, 322, 2322, 3156, 9940, 7814, 17068, 16968, 10018, 1991, 11946, 8705, 10371, 4619, 11074, 2034, 15550, 11743, 18666, 13494, 14175, 13948, 15123, 11154, 10397, 1701, 4770, 839, 12085, 16500, 16241, 1535, 18782, 2221, 539, 18405, 4245, 103, 1571, 16945, 12196, 9441, 1732, 1367, 3596, 4794, 7230, 5245, 17483, 2955, 2003, 11509, 4044, 12934, 3456, 16693, 593, 4582, 14076, 10972, 1965, 7227, 14324, 8658, 3772, 8355, 11889, 1908, 2684, 10026, 1666, 16507, 5589, 9295, 8389, 2099, 18653, 13808, 19147, 6675, 10970, 2788, 19028, 16983, 16166, 9845, 8160, 11381, 10088, 10333, 11716, 14695, 12697, 4365, 3747, 17296, 11904, 74, 7047, 10639, 13094, 940, 10478, 2032, 6642, 14896, 10840, 5430, 5556, 12597, 2183, 18403, 4252, 14613, 18283, 8790, 12140, 13540, 13353, 14114, 13297, 4056, 14038, 11299, 13770, 11433, 14285, 1526, 1955, 15711, 255, 12481, 612, 1635, 4886, 357, 11434, 9524, 13106, 2607, 5391, 9406, 2331, 624, 2749, 17849, 9829, 11436, 18426, 9481, 18550, 15647, 532, 11720, 11824, 15610, 15741, 7902, 13558, 17967, 14539, 17889, 4631, 1238, 16921, 7787, 15293, 3108, 8215, 2851, 4514, 12938, 16730, 17178, 4890, 17960, 4725, 7917, 3191, 8231, 16341, 8195, 10913, 2173, 5557, 2637, 16896, 5806, 1815, 1451, 8864, 2290, 12108, 5328, 6203, 2431, 7508, 17898, 17188, 6897, 1199, 15526, 18437, 6631, 8644, 16917, 14964, 14233, 2454, 584, 4830, 7199, 4180, 14889, 5761, 13756, 6917, 7756, 18880, 15095, 1816, 14070, 16252, 7429, 16589, 1631, 15968, 15221, 12478, 18594, 1477, 5637, 12058, 1205, 13397, 9107, 18654, 1968, 3759, 13147, 14144, 14973, 12452, 18020, 13592, 17920, 13687, 11335, 7207, 418, 7834, 778, 12982, 10688, 9031, 509, 9601, 9780, 17040, 12023, 3916, 91, 6536, 18535, 7547, 15240, 707, 14533, 15064, 17012, 16805, 8637, 5969, 16221, 1940, 13307, 4717, 12615, 18220, 11028, 12170, 1743, 2376, 12415, 14220, 18827, 1294, 18543, 6977, 15309, 11778, 11842, 17103, 3857, 4637, 12162, 19169, 17166, 18237, 17818, 9507, 19022, 5790, 19112, 15611, 1118, 15184, 18703, 1817, 15530, 16579, 8437, 11839, 11378, 3537, 9205, 9217, 16272, 18759, 16828, 12002, 8348, 1723, 3481, 14115, 379, 8544, 264, 6015, 7672, 2253, 7364, 3706, 13796, 17139, 16125, 12059, 9623, 7185, 2418, 18230, 3087, 281, 4379, 1796, 8459, 4400, 17824, 2736, 16446, 13525, 15341, 3275, 7872, 1662, 7557, 4319, 15442, 7181, 10456, 4963, 17048, 16943, 12784, 3441, 5240, 9975, 13216, 17702, 11594, 13554, 6165, 19168, 16070, 3540, 3262, 10661, 4061, 13173, 2875, 17014, 4349, 10818, 8428, 16764, 14232, 8930, 15734, 17680, 7069, 15684, 17050, 18987, 6914, 6863, 19263, 10595, 150, 10039, 2722, 18223, 16444, 6559, 7258, 2661, 7699, 17136, 12773, 4247, 5723, 15194, 1696, 1500, 2807, 9893, 11835, 13240, 18313, 17107, 10265, 10244, 5570, 2862, 14049, 1012, 12861, 723, 9583, 17461, 10056, 1264, 8297, 3716, 14666, 15259, 13531, 543, 13723, 16810, 6700, 3516, 13766, 7186, 10692, 6321, 15484, 14547, 8744, 3703, 10383, 16829, 6366, 6846, 3906, 2021, 18133, 857, 279, 12232, 10212, 10541, 12325, 13475, 1225, 937, 6966, 10881, 16936, 18502, 1440, 11914, 3326, 5633, 14913, 4623, 10743, 12361, 17335, 1072, 5043, 14810, 15077, 3255, 17215, 6553, 17852, 4801, 6962, 3060, 9430, 8799, 13824, 188, 15175, 15163, 4733, 5011, 3536, 17635, 6532, 14071, 6112, 17158, 6597, 11272, 105, 19219, 5013, 12483, 201, 6848, 17033, 6367, 7859, 14702, 18844, 7053, 18694, 15670, 636, 10129, 6378, 5369, 7273, 16247, 9142, 15345, 16817, 14854, 2600, 15783, 889, 11833, 6612, 2068, 2427, 7062, 7918, 16181, 5464, 8339, 8950, 8453, 16423, 6064, 2380, 4268, 13929, 12974, 19141, 1299, 2484, 3883, 3273, 8772, 13256, 11239, 5766, 18098, 12705, 11004, 2695, 10048, 10960, 2766, 15661, 13258, 8015, 6032, 16397, 7749, 19039, 7634, 15076, 4234, 15114, 8475, 8091, 19220, 18004, 9704, 13918, 15569, 16443, 10015, 9943, 7817, 9349, 2588, 8249, 398, 5316, 15538, 18372, 13559, 2937, 2803, 16248, 6155, 630, 9911, 13190, 19157, 15788, 13248, 13148, 1320, 12074, 8471, 8798, 3213, 12418, 814, 2402, 12718, 12397, 10564, 9875, 10128, 6947, 9491, 17707, 3266, 19196, 14309, 18523, 19043, 17975, 18063, 11618, 15016, 14434, 7680, 1739, 18029, 11694, 1745, 9271, 5189, 9561, 11283, 14978, 10753, 16017, 12914, 978, 2828, 17257, 13135, 5061, 121, 6602, 16015, 19271, 12159, 1244, 8260, 13195, 15873, 12815, 14291, 14515, 118, 4892, 14985, 9551, 12654, 4739, 927, 12176, 9523, 11726, 18187, 5880, 2569, 3386, 13942, 3390, 15774, 129, 65, 12922, 8422, 12692, 16213, 11515, 2111, 8347, 10758, 14064, 4401, 17782, 15621, 6709, 14716, 4091, 13964, 8424, 4218, 7249, 11311, 11171, 18564, 14755, 7114, 14009, 14815, 294, 495, 7684, 6833, 4046, 3505, 16995, 17858, 7761, 15803, 9840, 13958, 8226, 10369, 12497, 17142, 1748, 2854, 7159, 11539, 11055, 13337, 17173, 14214, 6803, 11144, 12649, 283, 15489, 13174, 7015, 610, 7030, 18206, 14077, 15468, 14962, 8046, 7809, 17387, 16034, 16678, 1173, 3502, 12942, 15655, 16859, 7099, 1673, 446, 1365, 5881, 3713, 11697, 1897, 16001, 1702, 14149, 11876, 9341, 4325, 6923, 2001, 138, 3276, 18716, 17604, 10501, 115, 12800, 6111, 11148, 4549, 16057, 4707, 6843, 16091, 4295, 7519, 13708, 12409, 11018, 5052, 13566, 14715, 12755, 793, 10837, 1888, 12375, 3935, 5763, 11791, 11258, 13264, 11469, 4683, 8905, 1853, 11600, 4421, 2798, 5074, 18141, 13807, 8595, 8126, 13837, 8060, 6956, 11767, 14560, 9389, 15261, 1232, 12560, 7262, 11504, 3546, 4627, 1177, 517, 4008, 9219, 17696, 4148, 14124, 13243, 11235, 7561, 8331, 16320, 3591, 11341, 4015, 12028, 14929, 18601, 3528, 14065, 1510, 19191, 13833, 17616, 10869, 17689, 831, 16725, 6319, 15465, 10467, 8162, 13563, 7728, 10778, 13545, 12290, 16480, 14401, 12838, 4212, 17529, 4832, 15111, 12690, 10373, 7596, 18614, 17477, 1043, 13100, 4774, 17479, 3774, 9302, 3901, 13071, 6412, 9516, 1261, 3054, 13522, 17602, 14343, 18500, 10957, 2791, 9624, 3634, 17904, 5709, 14670, 11058, 7087, 7435, 13848, 82, 5565, 2562, 14029, 3583, 1676, 12709, 18473, 3158, 12787, 8068, 8263, 16146, 3593, 1802, 1861, 3348, 4487, 17749, 6105, 10471, 17472, 10200, 1182, 14180, 1076, 10156, 4839, 9903, 4879, 9720, 2157, 15344, 16067, 3064, 17182, 5368, 4987, 18484, 18923, 11896, 1052, 15727, 15289, 5885, 1933, 5251, 17072, 6038, 6195, 13524, 6606, 18506, 17536, 6784, 3231, 14121, 8925, 10030, 803, 13764, 146, 19268, 14099, 4130, 16372, 1537, 12248, 13718, 17187, 11728, 1740, 19233, 5600, 4092, 4779, 6028, 3395, 16152, 19150, 2417, 11980, 11237, 8427, 18127, 3538, 9257, 607, 2078, 18457, 5802, 3435, 15019, 4256, 9221, 13465, 11742, 5788, 9528, 17493, 4607, 3131, 6616, 5356, 1550, 4617, 8827, 849, 2601, 4437, 17861, 10261, 15704, 3890, 8149, 12063, 3086, 15925, 12301, 6847, 5603, 7768, 3187, 13372, 9258, 6584, 7594, 2603, 1835, 17380, 17193, 15251, 15937, 18731, 4082, 14911, 16626, 8824, 16208, 10167, 17711, 9678, 15852, 13620, 16479, 14586, 2446, 4866, 1315, 7746, 10615, 7927, 2443, 7157, 13506, 18410, 10494]",3958,1500,3,False,1500
5747,calendar set,calendar set,9,True,True,True,"{21: 26, 33: 14, 2: 18, 29: 13, 25: 57, 43: 9, 57: 16, 49: 16, 61: 14, 67: 52, 65: 21, 50: 28, 15: 53, 6: 13, 46: 15, 27: 69, 7: 65, 48: 67, 19: 21, 31: 14, 63: 26, 22: 39, 9: 79, 26: 40, 47: 15, 53: 66, 11: 19, 51: 26, 54: 9, 13: 32, 17: 37, 52: 30, 39: 27, 38: 19, 1: 6, 59: 33, 56: 23, 32: 9, 8: 25, 4: 12, 20: 26, 24: 7, 18: 31, 42: 7, 28: 31, 45: 57, 0: 13, 66: 11, 62: 11, 35: 7, 64: 15, 37: 2, 40: 25, 3: 3, 14: 5, 12: 8, 16: 15, 55: 16, 30: 13, 58: 6, 36: 4, 60: 5, 5: 3, 41: 2, 44: 2, 34: 2}","[12686, 3384, 6034, 14374, 14516, 14680, 18580, 5912, 661, 4433, 14182, 14634, 14672, 13694, 17233, 12320, 12666, 7276, 14925, 15315, 1125, 14820, 3769, 14096, 12401, 14972, 14176, 4685, 4278, 5735, 7514, 16051, 15882, 4696, 17145, 19193, 12994, 9901, 13641, 15193, 6739, 9240, 1608, 14664, 18117, 5676, 15714, 5964, 5329, 16651, 15936, 14441, 15878, 18316, 14255, 18692, 5858, 4640, 10716, 13839, 16635, 2097, 11464, 12427, 2320, 14629, 7617, 16183, 16205, 2170, 4384, 6683, 5285, 18707, 6780, 4231, 2404, 4895, 18091, 2944, 13054, 3904, 3491, 9455, 15985, 10432, 8657, 15304, 9114, 5838, 5197, 17244, 6207, 3970, 17246, 3950, 6168, 8697, 6800, 9942, 11118, 8582, 6355, 15275, 4581, 12724, 11921, 1833, 523, 7619, 15729, 176, 8576, 3101, 1573, 1283, 11796, 11277, 2547, 1738, 6806, 15187, 7129, 5179, 5854, 16373, 9231, 6270, 777, 2062, 13249, 4144, 6325, 3924, 5350, 14414, 3142, 2249, 6444, 13582, 2833, 18030, 6483, 18404, 15057, 7482, 15001, 15872, 14584, 10835, 954, 7257, 1381, 17819, 17518, 6497, 14430, 4901, 16466, 10805, 132, 7506, 755, 14427, 12119, 16613, 19042, 14994, 11257, 8042, 2144, 5966, 1580, 8010, 2550, 10684, 14088, 5037, 8764, 17076, 14185, 15984, 5299, 16601, 19182, 13197, 14561, 12605, 17010, 2703, 6715, 11207, 10188, 212, 2293, 17676, 1720, 5934, 112, 8568, 15870, 3226, 4524, 4431, 5141, 5383, 7609, 12807, 19001, 14368, 6704, 14903, 4172, 117, 18698, 1699, 16558, 7518, 10618, 2110, 10308, 7828, 6623, 17644, 4449, 951, 13858, 15106, 8402, 916, 4771, 8608, 6448, 6656, 13547, 2814, 8336, 8093, 6398, 637, 9909, 10621, 786, 14146, 17292, 9457, 3, 2884, 14785, 10504, 16361, 8181, 17690, 654, 11067, 18741, 386, 18208, 10130, 8079, 7082, 14740, 8076, 18619, 14428, 10992, 12679, 9431, 18328, 13606, 7641, 13542, 1002, 11975, 15646, 19078, 1352, 8683, 16053, 11763, 14823, 7059, 4995, 3754, 6213, 10090, 19084, 1973, 8131, 5353, 836, 13960, 3217, 4885, 9645, 16941, 14750, 13171, 9132, 1355, 4440, 15747, 8233, 6008, 12781, 16749, 13905, 18198, 5033, 2910, 16502, 1233, 965, 16926, 3944, 13518, 18213, 12739, 9972, 14609, 5764, 6128, 9532, 12680, 3672, 5458, 6822, 11547, 3163, 8040, 14081, 8369, 18182, 17541, 11552, 12451, 15074, 1783, 17730, 1690, 16992, 2490, 2459, 18065, 320, 18311, 45, 9495, 4572, 544, 12731, 16811, 15096, 14957, 4594, 16607, 2449, 7791, 13659, 8892, 1713, 17336, 6598, 13832, 10495, 18937, 3067, 3473, 12715, 13492, 14787, 16503, 17899, 16638, 2408, 7141, 10590, 2917, 14650, 12571, 4321, 2855, 1829, 3736, 3381, 11069, 16093, 15201, 14311, 9836, 18289, 16899, 897, 13981, 12223, 8884, 15721, 7778, 13648, 5737, 6550, 19249, 2715, 447, 12941, 8915, 18963, 16291, 760, 5869, 3635, 3439, 6740, 5003, 3174, 2945, 16056, 4860, 11216, 7363, 1147, 12124, 9764, 11245, 4361, 7784, 16285, 17057, 11203, 5114, 17655, 12056, 17890, 7741, 15799, 10258, 16088, 19222, 15303, 1433, 5991, 322, 2322, 3156, 9940, 7814, 17068, 16968, 10018, 1991, 11946, 8705, 10371, 4619, 11074, 2034, 15550, 11743, 18666, 13494, 14175, 13948, 15123, 11154, 10397, 1701, 4770, 839, 12085, 16500, 16241, 1535, 18782, 2221, 539, 18405, 4245, 103, 1571, 16945, 12196, 9441, 1732, 1367, 3596, 4794, 7230, 5245, 17483, 2955, 2003, 11509, 4044, 12934, 3456, 16693, 593, 4582, 14076, 10972, 1965, 7227, 14324, 8658, 3772, 8355, 11889, 1908, 2684, 10026, 1666, 16507, 5589, 9295, 8389, 2099, 18653, 13808, 19147, 6675, 10970, 2788, 19028, 16983, 16166, 9845, 8160, 11381, 10088, 10333, 11716, 14695, 12697, 4365, 3747, 17296, 11904, 74, 7047, 10639, 13094, 940, 10478, 2032, 6642, 14896, 10840, 5430, 5556, 12597, 2183, 18403, 4252, 14613, 18283, 8790, 12140, 13540, 13353, 14114, 13297, 4056, 14038, 11299, 13770, 11433, 14285, 1526, 1955, 15711, 255, 12481, 612, 1635, 4886, 357, 11434, 9524, 13106, 2607, 5391, 9406, 2331, 624, 2749, 17849, 9829, 11436, 18426, 9481, 18550, 15647, 532, 11720, 11824, 15610, 15741, 7902, 13558, 17967, 14539, 17889, 4631, 1238, 16921, 7787, 15293, 3108, 8215, 2851, 4514, 12938, 16730, 17178, 4890, 17960, 4725, 7917, 3191, 8231, 16341, 8195, 10913, 2173, 5557, 2637, 16896, 5806, 1815, 1451, 8864, 2290, 12108, 5328, 6203, 2431, 7508, 17898, 17188, 6897, 1199, 15526, 18437, 6631, 8644, 16917, 14964, 14233, 2454, 584, 4830, 7199, 4180, 14889, 5761, 13756, 6917, 7756, 18880, 15095, 1816, 14070, 16252, 7429, 16589, 1631, 15968, 15221, 12478, 18594, 1477, 5637, 12058, 1205, 13397, 9107, 18654, 1968, 3759, 13147, 14144, 14973, 12452, 18020, 13592, 17920, 13687, 11335, 7207, 418, 7834, 778, 12982, 10688, 9031, 509, 9601, 9780, 17040, 12023, 3916, 91, 6536, 18535, 7547, 15240, 707, 14533, 15064, 17012, 16805, 8637, 5969, 16221, 1940, 13307, 4717, 12615, 18220, 11028, 12170, 1743, 2376, 12415, 14220, 18827, 1294, 18543, 6977, 15309, 11778, 11842, 17103, 3857, 4637, 12162, 19169, 17166, 18237, 17818, 9507, 19022, 5790, 19112, 15611, 1118, 15184, 18703, 1817, 15530, 16579, 8437, 11839, 11378, 3537, 9205, 9217, 16272, 18759, 16828, 12002, 8348, 1723, 3481, 14115, 379, 8544, 264, 6015, 7672, 2253, 7364, 3706, 13796, 17139, 16125, 12059, 9623, 7185, 2418, 18230, 3087, 281, 4379, 1796, 8459, 4400, 17824, 2736, 16446, 13525, 15341, 3275, 7872, 1662, 7557, 4319, 15442, 7181, 10456, 4963, 17048, 16943, 12784, 3441, 5240, 9975, 13216, 17702, 11594, 13554, 6165, 19168, 16070, 3540, 3262, 10661, 4061, 13173, 2875, 17014, 4349, 10818, 8428, 16764, 14232, 8930, 15734, 17680, 7069, 15684, 17050, 18987, 6914, 6863, 19263, 10595, 150, 10039, 2722, 18223, 16444, 6559, 7258, 2661, 7699, 17136, 12773, 4247, 5723, 15194, 1696, 1500, 2807, 9893, 11835, 13240, 18313, 17107, 10265, 10244, 5570, 2862, 14049, 1012, 12861, 723, 9583, 17461, 10056, 1264, 8297, 3716, 14666, 15259, 13531, 543, 13723, 16810, 6700, 3516, 13766, 7186, 10692, 6321, 15484, 14547, 8744, 3703, 10383, 16829, 6366, 6846, 3906, 2021, 18133, 857, 279, 12232, 10212, 10541, 12325, 13475, 1225, 937, 6966, 10881, 16936, 18502, 1440, 11914, 3326, 5633, 14913, 4623, 10743, 12361, 17335, 1072, 5043, 14810, 15077, 3255, 17215, 6553, 17852, 4801, 6962, 3060, 9430, 8799, 13824, 188, 15175, 15163, 4733, 5011, 3536, 17635, 6532, 14071, 6112, 17158, 6597, 11272, 105, 19219, 5013, 12483, 201, 6848, 17033, 6367, 7859, 14702, 18844, 7053, 18694, 15670, 636, 10129, 6378, 5369, 7273, 16247, 9142, 15345, 16817, 14854, 2600, 15783, 889, 11833, 6612, 2068, 2427, 7062, 7918, 16181, 5464, 8339, 8950, 8453, 16423, 6064, 2380, 4268, 13929, 12974, 19141, 1299, 2484, 3883, 3273, 8772, 13256, 11239, 5766, 18098, 12705, 11004, 2695, 10048, 10960, 2766, 15661, 13258, 8015, 6032, 16397, 7749, 19039, 7634, 15076, 4234, 15114, 8475, 8091, 19220, 18004, 9704, 13918, 15569, 16443, 10015, 9943, 7817, 9349, 2588, 8249, 398, 5316, 15538, 18372, 13559, 2937, 2803, 16248, 6155, 630, 9911, 13190, 19157, 15788, 13248, 13148, 1320, 12074, 8471, 8798, 3213, 12418, 814, 2402, 12718, 12397, 10564, 9875, 10128, 6947, 9491, 17707, 3266, 19196, 14309, 18523, 19043, 17975, 18063, 11618, 15016, 14434, 7680, 1739, 18029, 11694, 1745, 9271, 5189, 9561, 11283, 14978, 10753, 16017, 12914, 978, 2828, 17257, 13135, 5061, 121, 6602, 16015, 19271, 12159, 1244, 8260, 13195, 15873, 12815, 14291, 14515, 118, 4892, 14985, 9551, 12654, 4739, 927, 12176, 9523, 11726, 18187, 5880, 2569, 3386, 13942, 3390, 15774, 129, 65, 12922, 8422, 12692, 16213, 11515, 2111, 8347, 10758, 14064, 4401, 17782, 15621, 6709, 14716, 4091, 13964, 8424, 4218, 7249, 11311, 11171, 18564, 14755, 7114, 14009, 14815, 294, 495, 7684, 6833, 4046, 3505, 16995, 17858, 7761, 15803, 9840, 13958, 8226, 10369, 12497, 17142, 1748, 2854, 7159, 11539, 11055, 13337, 17173, 14214, 6803, 11144, 12649, 283, 15489, 13174, 7015, 610, 7030, 18206, 14077, 15468, 14962, 8046, 7809, 17387, 16034, 16678, 1173, 3502, 12942, 15655, 16859, 7099, 1673, 446, 1365, 5881, 3713, 11697, 1897, 16001, 1702, 14149, 11876, 9341, 4325, 6923, 2001, 138, 3276, 18716, 17604, 10501, 115, 12800, 6111, 11148, 4549, 16057, 4707, 6843, 16091, 4295, 7519, 13708, 12409, 11018, 5052, 13566, 14715, 12755, 793, 10837, 1888, 12375, 3935, 5763, 11791, 11258, 13264, 11469, 4683, 8905, 1853, 11600, 4421, 2798, 5074, 18141, 13807, 8595, 8126, 13837, 8060, 6956, 11767, 14560, 9389, 15261, 1232, 12560, 7262, 11504, 3546, 4627, 1177, 517, 4008, 9219, 17696, 4148, 14124, 13243, 11235, 7561, 8331, 16320, 3591, 11341, 4015, 12028, 14929, 18601, 3528, 14065, 1510, 19191, 13833, 17616, 10869, 17689, 831, 16725, 6319, 15465, 10467, 8162, 13563, 7728, 10778, 13545, 12290, 16480, 14401, 12838, 4212, 17529, 4832, 15111, 12690, 10373, 7596, 18614, 17477, 1043, 13100, 4774, 17479, 3774, 9302, 3901, 13071, 6412, 9516, 1261, 3054, 13522, 17602, 14343, 18500, 10957, 2791, 9624, 3634, 17904, 5709, 14670, 11058, 7087, 7435, 13848, 82, 5565, 2562, 14029, 3583, 1676, 12709, 18473, 3158, 12787, 8068, 8263, 16146, 3593, 1802, 1861, 3348, 4487, 17749, 6105, 10471, 17472, 10200, 1182, 14180, 1076, 10156, 4839, 9903, 4879, 9720, 2157, 15344, 16067, 3064, 17182, 5368, 4987, 18484, 18923, 11896, 1052, 15727, 15289, 5885, 1933, 5251, 17072, 6038, 6195, 13524, 6606, 18506, 17536, 6784, 3231, 14121, 8925, 10030, 803, 13764, 146, 19268, 14099, 4130, 16372, 1537, 12248, 13718, 17187, 11728, 1740, 19233, 5600, 4092, 4779, 6028, 3395, 16152, 19150, 2417, 11980, 11237, 8427, 18127, 3538, 9257, 607, 2078, 18457, 5802, 3435, 15019, 4256, 9221, 13465, 11742, 5788, 9528, 17493, 4607, 3131, 6616, 5356, 1550, 4617, 8827, 849, 2601, 4437, 17861, 10261, 15704, 3890, 8149, 12063, 3086, 15925, 12301, 6847, 5603, 7768, 3187, 13372, 9258, 6584, 7594, 2603, 1835, 17380, 17193, 15251, 15937, 18731, 4082, 14911, 16626, 8824, 16208, 10167, 17711, 9678, 15852, 13620, 16479, 14586, 2446, 4866, 1315, 7746, 10615, 7927, 2443, 7157, 13506, 18410, 10494]",5747,1500,3,False,1500
2454,general repeat,general repeat,28,True,True,True,"{21: 26, 33: 14, 2: 18, 29: 13, 25: 57, 43: 9, 57: 16, 49: 16, 61: 14, 67: 52, 65: 21, 50: 28, 15: 53, 6: 13, 46: 15, 27: 69, 7: 65, 48: 67, 19: 21, 31: 14, 63: 26, 22: 39, 9: 79, 26: 40, 47: 15, 53: 66, 11: 19, 51: 26, 54: 9, 13: 32, 17: 37, 52: 30, 39: 27, 38: 19, 1: 6, 59: 33, 56: 23, 32: 9, 8: 25, 4: 12, 20: 26, 24: 7, 18: 31, 42: 7, 28: 31, 45: 57, 0: 13, 66: 11, 62: 11, 35: 7, 64: 15, 37: 2, 40: 25, 3: 3, 14: 5, 12: 8, 16: 15, 55: 16, 30: 13, 58: 6, 36: 4, 60: 5, 5: 3, 41: 2, 44: 2, 34: 2}","[12686, 3384, 6034, 14374, 14516, 14680, 18580, 5912, 661, 4433, 14182, 14634, 14672, 13694, 17233, 12320, 12666, 7276, 14925, 15315, 1125, 14820, 3769, 14096, 12401, 14972, 14176, 4685, 4278, 5735, 7514, 16051, 15882, 4696, 17145, 19193, 12994, 9901, 13641, 15193, 6739, 9240, 1608, 14664, 18117, 5676, 15714, 5964, 5329, 16651, 15936, 14441, 15878, 18316, 14255, 18692, 5858, 4640, 10716, 13839, 16635, 2097, 11464, 12427, 2320, 14629, 7617, 16183, 16205, 2170, 4384, 6683, 5285, 18707, 6780, 4231, 2404, 4895, 18091, 2944, 13054, 3904, 3491, 9455, 15985, 10432, 8657, 15304, 9114, 5838, 5197, 17244, 6207, 3970, 17246, 3950, 6168, 8697, 6800, 9942, 11118, 8582, 6355, 15275, 4581, 12724, 11921, 1833, 523, 7619, 15729, 176, 8576, 3101, 1573, 1283, 11796, 11277, 2547, 1738, 6806, 15187, 7129, 5179, 5854, 16373, 9231, 6270, 777, 2062, 13249, 4144, 6325, 3924, 5350, 14414, 3142, 2249, 6444, 13582, 2833, 18030, 6483, 18404, 15057, 7482, 15001, 15872, 14584, 10835, 954, 7257, 1381, 17819, 17518, 6497, 14430, 4901, 16466, 10805, 132, 7506, 755, 14427, 12119, 16613, 19042, 14994, 11257, 8042, 2144, 5966, 1580, 8010, 2550, 10684, 14088, 5037, 8764, 17076, 14185, 15984, 5299, 16601, 19182, 13197, 14561, 12605, 17010, 2703, 6715, 11207, 10188, 212, 2293, 17676, 1720, 5934, 112, 8568, 15870, 3226, 4524, 4431, 5141, 5383, 7609, 12807, 19001, 14368, 6704, 14903, 4172, 117, 18698, 1699, 16558, 7518, 10618, 2110, 10308, 7828, 6623, 17644, 4449, 951, 13858, 15106, 8402, 916, 4771, 8608, 6448, 6656, 13547, 2814, 8336, 8093, 6398, 637, 9909, 10621, 786, 14146, 17292, 9457, 3, 2884, 14785, 10504, 16361, 8181, 17690, 654, 11067, 18741, 386, 18208, 10130, 8079, 7082, 14740, 8076, 18619, 14428, 10992, 12679, 9431, 18328, 13606, 7641, 13542, 1002, 11975, 15646, 19078, 1352, 8683, 16053, 11763, 14823, 7059, 4995, 3754, 6213, 10090, 19084, 1973, 8131, 5353, 836, 13960, 3217, 4885, 9645, 16941, 14750, 13171, 9132, 1355, 4440, 15747, 8233, 6008, 12781, 16749, 13905, 18198, 5033, 2910, 16502, 1233, 965, 16926, 3944, 13518, 18213, 12739, 9972, 14609, 5764, 6128, 9532, 12680, 3672, 5458, 6822, 11547, 3163, 8040, 14081, 8369, 18182, 17541, 11552, 12451, 15074, 1783, 17730, 1690, 16992, 2490, 2459, 18065, 320, 18311, 45, 9495, 4572, 544, 12731, 16811, 15096, 14957, 4594, 16607, 2449, 7791, 13659, 8892, 1713, 17336, 6598, 13832, 10495, 18937, 3067, 3473, 12715, 13492, 14787, 16503, 17899, 16638, 2408, 7141, 10590, 2917, 14650, 12571, 4321, 2855, 1829, 3736, 3381, 11069, 16093, 15201, 14311, 9836, 18289, 16899, 897, 13981, 12223, 8884, 15721, 7778, 13648, 5737, 6550, 19249, 2715, 447, 12941, 8915, 18963, 16291, 760, 5869, 3635, 3439, 6740, 5003, 3174, 2945, 16056, 4860, 11216, 7363, 1147, 12124, 9764, 11245, 4361, 7784, 16285, 17057, 11203, 5114, 17655, 12056, 17890, 7741, 15799, 10258, 16088, 19222, 15303, 1433, 5991, 322, 2322, 3156, 9940, 7814, 17068, 16968, 10018, 1991, 11946, 8705, 10371, 4619, 11074, 2034, 15550, 11743, 18666, 13494, 14175, 13948, 15123, 11154, 10397, 1701, 4770, 839, 12085, 16500, 16241, 1535, 18782, 2221, 539, 18405, 4245, 103, 1571, 16945, 12196, 9441, 1732, 1367, 3596, 4794, 7230, 5245, 17483, 2955, 2003, 11509, 4044, 12934, 3456, 16693, 593, 4582, 14076, 10972, 1965, 7227, 14324, 8658, 3772, 8355, 11889, 1908, 2684, 10026, 1666, 16507, 5589, 9295, 8389, 2099, 18653, 13808, 19147, 6675, 10970, 2788, 19028, 16983, 16166, 9845, 8160, 11381, 10088, 10333, 11716, 14695, 12697, 4365, 3747, 17296, 11904, 74, 7047, 10639, 13094, 940, 10478, 2032, 6642, 14896, 10840, 5430, 5556, 12597, 2183, 18403, 4252, 14613, 18283, 8790, 12140, 13540, 13353, 14114, 13297, 4056, 14038, 11299, 13770, 11433, 14285, 1526, 1955, 15711, 255, 12481, 612, 1635, 4886, 357, 11434, 9524, 13106, 2607, 5391, 9406, 2331, 624, 2749, 17849, 9829, 11436, 18426, 9481, 18550, 15647, 532, 11720, 11824, 15610, 15741, 7902, 13558, 17967, 14539, 17889, 4631, 1238, 16921, 7787, 15293, 3108, 8215, 2851, 4514, 12938, 16730, 17178, 4890, 17960, 4725, 7917, 3191, 8231, 16341, 8195, 10913, 2173, 5557, 2637, 16896, 5806, 1815, 1451, 8864, 2290, 12108, 5328, 6203, 2431, 7508, 17898, 17188, 6897, 1199, 15526, 18437, 6631, 8644, 16917, 14964, 14233, 2454, 584, 4830, 7199, 4180, 14889, 5761, 13756, 6917, 7756, 18880, 15095, 1816, 14070, 16252, 7429, 16589, 1631, 15968, 15221, 12478, 18594, 1477, 5637, 12058, 1205, 13397, 9107, 18654, 1968, 3759, 13147, 14144, 14973, 12452, 18020, 13592, 17920, 13687, 11335, 7207, 418, 7834, 778, 12982, 10688, 9031, 509, 9601, 9780, 17040, 12023, 3916, 91, 6536, 18535, 7547, 15240, 707, 14533, 15064, 17012, 16805, 8637, 5969, 16221, 1940, 13307, 4717, 12615, 18220, 11028, 12170, 1743, 2376, 12415, 14220, 18827, 1294, 18543, 6977, 15309, 11778, 11842, 17103, 3857, 4637, 12162, 19169, 17166, 18237, 17818, 9507, 19022, 5790, 19112, 15611, 1118, 15184, 18703, 1817, 15530, 16579, 8437, 11839, 11378, 3537, 9205, 9217, 16272, 18759, 16828, 12002, 8348, 1723, 3481, 14115, 379, 8544, 264, 6015, 7672, 2253, 7364, 3706, 13796, 17139, 16125, 12059, 9623, 7185, 2418, 18230, 3087, 281, 4379, 1796, 8459, 4400, 17824, 2736, 16446, 13525, 15341, 3275, 7872, 1662, 7557, 4319, 15442, 7181, 10456, 4963, 17048, 16943, 12784, 3441, 5240, 9975, 13216, 17702, 11594, 13554, 6165, 19168, 16070, 3540, 3262, 10661, 4061, 13173, 2875, 17014, 4349, 10818, 8428, 16764, 14232, 8930, 15734, 17680, 7069, 15684, 17050, 18987, 6914, 6863, 19263, 10595, 150, 10039, 2722, 18223, 16444, 6559, 7258, 2661, 7699, 17136, 12773, 4247, 5723, 15194, 1696, 1500, 2807, 9893, 11835, 13240, 18313, 17107, 10265, 10244, 5570, 2862, 14049, 1012, 12861, 723, 9583, 17461, 10056, 1264, 8297, 3716, 14666, 15259, 13531, 543, 13723, 16810, 6700, 3516, 13766, 7186, 10692, 6321, 15484, 14547, 8744, 3703, 10383, 16829, 6366, 6846, 3906, 2021, 18133, 857, 279, 12232, 10212, 10541, 12325, 13475, 1225, 937, 6966, 10881, 16936, 18502, 1440, 11914, 3326, 5633, 14913, 4623, 10743, 12361, 17335, 1072, 5043, 14810, 15077, 3255, 17215, 6553, 17852, 4801, 6962, 3060, 9430, 8799, 13824, 188, 15175, 15163, 4733, 5011, 3536, 17635, 6532, 14071, 6112, 17158, 6597, 11272, 105, 19219, 5013, 12483, 201, 6848, 17033, 6367, 7859, 14702, 18844, 7053, 18694, 15670, 636, 10129, 6378, 5369, 7273, 16247, 9142, 15345, 16817, 14854, 2600, 15783, 889, 11833, 6612, 2068, 2427, 7062, 7918, 16181, 5464, 8339, 8950, 8453, 16423, 6064, 2380, 4268, 13929, 12974, 19141, 1299, 2484, 3883, 3273, 8772, 13256, 11239, 5766, 18098, 12705, 11004, 2695, 10048, 10960, 2766, 15661, 13258, 8015, 6032, 16397, 7749, 19039, 7634, 15076, 4234, 15114, 8475, 8091, 19220, 18004, 9704, 13918, 15569, 16443, 10015, 9943, 7817, 9349, 2588, 8249, 398, 5316, 15538, 18372, 13559, 2937, 2803, 16248, 6155, 630, 9911, 13190, 19157, 15788, 13248, 13148, 1320, 12074, 8471, 8798, 3213, 12418, 814, 2402, 12718, 12397, 10564, 9875, 10128, 6947, 9491, 17707, 3266, 19196, 14309, 18523, 19043, 17975, 18063, 11618, 15016, 14434, 7680, 1739, 18029, 11694, 1745, 9271, 5189, 9561, 11283, 14978, 10753, 16017, 12914, 978, 2828, 17257, 13135, 5061, 121, 6602, 16015, 19271, 12159, 1244, 8260, 13195, 15873, 12815, 14291, 14515, 118, 4892, 14985, 9551, 12654, 4739, 927, 12176, 9523, 11726, 18187, 5880, 2569, 3386, 13942, 3390, 15774, 129, 65, 12922, 8422, 12692, 16213, 11515, 2111, 8347, 10758, 14064, 4401, 17782, 15621, 6709, 14716, 4091, 13964, 8424, 4218, 7249, 11311, 11171, 18564, 14755, 7114, 14009, 14815, 294, 495, 7684, 6833, 4046, 3505, 16995, 17858, 7761, 15803, 9840, 13958, 8226, 10369, 12497, 17142, 1748, 2854, 7159, 11539, 11055, 13337, 17173, 14214, 6803, 11144, 12649, 283, 15489, 13174, 7015, 610, 7030, 18206, 14077, 15468, 14962, 8046, 7809, 17387, 16034, 16678, 1173, 3502, 12942, 15655, 16859, 7099, 1673, 446, 1365, 5881, 3713, 11697, 1897, 16001, 1702, 14149, 11876, 9341, 4325, 6923, 2001, 138, 3276, 18716, 17604, 10501, 115, 12800, 6111, 11148, 4549, 16057, 4707, 6843, 16091, 4295, 7519, 13708, 12409, 11018, 5052, 13566, 14715, 12755, 793, 10837, 1888, 12375, 3935, 5763, 11791, 11258, 13264, 11469, 4683, 8905, 1853, 11600, 4421, 2798, 5074, 18141, 13807, 8595, 8126, 13837, 8060, 6956, 11767, 14560, 9389, 15261, 1232, 12560, 7262, 11504, 3546, 4627, 1177, 517, 4008, 9219, 17696, 4148, 14124, 13243, 11235, 7561, 8331, 16320, 3591, 11341, 4015, 12028, 14929, 18601, 3528, 14065, 1510, 19191, 13833, 17616, 10869, 17689, 831, 16725, 6319, 15465, 10467, 8162, 13563, 7728, 10778, 13545, 12290, 16480, 14401, 12838, 4212, 17529, 4832, 15111, 12690, 10373, 7596, 18614, 17477, 1043, 13100, 4774, 17479, 3774, 9302, 3901, 13071, 6412, 9516, 1261, 3054, 13522, 17602, 14343, 18500, 10957, 2791, 9624, 3634, 17904, 5709, 14670, 11058, 7087, 7435, 13848, 82, 5565, 2562, 14029, 3583, 1676, 12709, 18473, 3158, 12787, 8068, 8263, 16146, 3593, 1802, 1861, 3348, 4487, 17749, 6105, 10471, 17472, 10200, 1182, 14180, 1076, 10156, 4839, 9903, 4879, 9720, 2157, 15344, 16067, 3064, 17182, 5368, 4987, 18484, 18923, 11896, 1052, 15727, 15289, 5885, 1933, 5251, 17072, 6038, 6195, 13524, 6606, 18506, 17536, 6784, 3231, 14121, 8925, 10030, 803, 13764, 146, 19268, 14099, 4130, 16372, 1537, 12248, 13718, 17187, 11728, 1740, 19233, 5600, 4092, 4779, 6028, 3395, 16152, 19150, 2417, 11980, 11237, 8427, 18127, 3538, 9257, 607, 2078, 18457, 5802, 3435, 15019, 4256, 9221, 13465, 11742, 5788, 9528, 17493, 4607, 3131, 6616, 5356, 1550, 4617, 8827, 849, 2601, 4437, 17861, 10261, 15704, 3890, 8149, 12063, 3086, 15925, 12301, 6847, 5603, 7768, 3187, 13372, 9258, 6584, 7594, 2603, 1835, 17380, 17193, 15251, 15937, 18731, 4082, 14911, 16626, 8824, 16208, 10167, 17711, 9678, 15852, 13620, 16479, 14586, 2446, 4866, 1315, 7746, 10615, 7927, 2443, 7157, 13506, 18410, 10494]",2454,1500,3,False,1500
2945,qa factoid,general qu,27,True,False,False,"{21: 26, 33: 14, 2: 18, 29: 13, 25: 57, 43: 9, 57: 16, 49: 16, 61: 14, 67: 52, 65: 21, 50: 28, 15: 53, 6: 13, 46: 15, 27: 69, 7: 65, 48: 67, 19: 21, 31: 14, 63: 26, 22: 39, 9: 79, 26: 40, 47: 15, 53: 66, 11: 19, 51: 26, 54: 9, 13: 32, 17: 37, 52: 30, 39: 27, 38: 19, 1: 6, 59: 33, 56: 23, 32: 9, 8: 25, 4: 12, 20: 26, 24: 7, 18: 31, 42: 7, 28: 31, 45: 57, 0: 13, 66: 11, 62: 11, 35: 7, 64: 15, 37: 2, 40: 25, 3: 3, 14: 5, 12: 8, 16: 15, 55: 16, 30: 13, 58: 6, 36: 4, 60: 5, 5: 3, 41: 2, 44: 2, 34: 2}","[12686, 3384, 6034, 14374, 14516, 14680, 18580, 5912, 661, 4433, 14182, 14634, 14672, 13694, 17233, 12320, 12666, 7276, 14925, 15315, 1125, 14820, 3769, 14096, 12401, 14972, 14176, 4685, 4278, 5735, 7514, 16051, 15882, 4696, 17145, 19193, 12994, 9901, 13641, 15193, 6739, 9240, 1608, 14664, 18117, 5676, 15714, 5964, 5329, 16651, 15936, 14441, 15878, 18316, 14255, 18692, 5858, 4640, 10716, 13839, 16635, 2097, 11464, 12427, 2320, 14629, 7617, 16183, 16205, 2170, 4384, 6683, 5285, 18707, 6780, 4231, 2404, 4895, 18091, 2944, 13054, 3904, 3491, 9455, 15985, 10432, 8657, 15304, 9114, 5838, 5197, 17244, 6207, 3970, 17246, 3950, 6168, 8697, 6800, 9942, 11118, 8582, 6355, 15275, 4581, 12724, 11921, 1833, 523, 7619, 15729, 176, 8576, 3101, 1573, 1283, 11796, 11277, 2547, 1738, 6806, 15187, 7129, 5179, 5854, 16373, 9231, 6270, 777, 2062, 13249, 4144, 6325, 3924, 5350, 14414, 3142, 2249, 6444, 13582, 2833, 18030, 6483, 18404, 15057, 7482, 15001, 15872, 14584, 10835, 954, 7257, 1381, 17819, 17518, 6497, 14430, 4901, 16466, 10805, 132, 7506, 755, 14427, 12119, 16613, 19042, 14994, 11257, 8042, 2144, 5966, 1580, 8010, 2550, 10684, 14088, 5037, 8764, 17076, 14185, 15984, 5299, 16601, 19182, 13197, 14561, 12605, 17010, 2703, 6715, 11207, 10188, 212, 2293, 17676, 1720, 5934, 112, 8568, 15870, 3226, 4524, 4431, 5141, 5383, 7609, 12807, 19001, 14368, 6704, 14903, 4172, 117, 18698, 1699, 16558, 7518, 10618, 2110, 10308, 7828, 6623, 17644, 4449, 951, 13858, 15106, 8402, 916, 4771, 8608, 6448, 6656, 13547, 2814, 8336, 8093, 6398, 637, 9909, 10621, 786, 14146, 17292, 9457, 3, 2884, 14785, 10504, 16361, 8181, 17690, 654, 11067, 18741, 386, 18208, 10130, 8079, 7082, 14740, 8076, 18619, 14428, 10992, 12679, 9431, 18328, 13606, 7641, 13542, 1002, 11975, 15646, 19078, 1352, 8683, 16053, 11763, 14823, 7059, 4995, 3754, 6213, 10090, 19084, 1973, 8131, 5353, 836, 13960, 3217, 4885, 9645, 16941, 14750, 13171, 9132, 1355, 4440, 15747, 8233, 6008, 12781, 16749, 13905, 18198, 5033, 2910, 16502, 1233, 965, 16926, 3944, 13518, 18213, 12739, 9972, 14609, 5764, 6128, 9532, 12680, 3672, 5458, 6822, 11547, 3163, 8040, 14081, 8369, 18182, 17541, 11552, 12451, 15074, 1783, 17730, 1690, 16992, 2490, 2459, 18065, 320, 18311, 45, 9495, 4572, 544, 12731, 16811, 15096, 14957, 4594, 16607, 2449, 7791, 13659, 8892, 1713, 17336, 6598, 13832, 10495, 18937, 3067, 3473, 12715, 13492, 14787, 16503, 17899, 16638, 2408, 7141, 10590, 2917, 14650, 12571, 4321, 2855, 1829, 3736, 3381, 11069, 16093, 15201, 14311, 9836, 18289, 16899, 897, 13981, 12223, 8884, 15721, 7778, 13648, 5737, 6550, 19249, 2715, 447, 12941, 8915, 18963, 16291, 760, 5869, 3635, 3439, 6740, 5003, 3174, 2945, 16056, 4860, 11216, 7363, 1147, 12124, 9764, 11245, 4361, 7784, 16285, 17057, 11203, 5114, 17655, 12056, 17890, 7741, 15799, 10258, 16088, 19222, 15303, 1433, 5991, 322, 2322, 3156, 9940, 7814, 17068, 16968, 10018, 1991, 11946, 8705, 10371, 4619, 11074, 2034, 15550, 11743, 18666, 13494, 14175, 13948, 15123, 11154, 10397, 1701, 4770, 839, 12085, 16500, 16241, 1535, 18782, 2221, 539, 18405, 4245, 103, 1571, 16945, 12196, 9441, 1732, 1367, 3596, 4794, 7230, 5245, 17483, 2955, 2003, 11509, 4044, 12934, 3456, 16693, 593, 4582, 14076, 10972, 1965, 7227, 14324, 8658, 3772, 8355, 11889, 1908, 2684, 10026, 1666, 16507, 5589, 9295, 8389, 2099, 18653, 13808, 19147, 6675, 10970, 2788, 19028, 16983, 16166, 9845, 8160, 11381, 10088, 10333, 11716, 14695, 12697, 4365, 3747, 17296, 11904, 74, 7047, 10639, 13094, 940, 10478, 2032, 6642, 14896, 10840, 5430, 5556, 12597, 2183, 18403, 4252, 14613, 18283, 8790, 12140, 13540, 13353, 14114, 13297, 4056, 14038, 11299, 13770, 11433, 14285, 1526, 1955, 15711, 255, 12481, 612, 1635, 4886, 357, 11434, 9524, 13106, 2607, 5391, 9406, 2331, 624, 2749, 17849, 9829, 11436, 18426, 9481, 18550, 15647, 532, 11720, 11824, 15610, 15741, 7902, 13558, 17967, 14539, 17889, 4631, 1238, 16921, 7787, 15293, 3108, 8215, 2851, 4514, 12938, 16730, 17178, 4890, 17960, 4725, 7917, 3191, 8231, 16341, 8195, 10913, 2173, 5557, 2637, 16896, 5806, 1815, 1451, 8864, 2290, 12108, 5328, 6203, 2431, 7508, 17898, 17188, 6897, 1199, 15526, 18437, 6631, 8644, 16917, 14964, 14233, 2454, 584, 4830, 7199, 4180, 14889, 5761, 13756, 6917, 7756, 18880, 15095, 1816, 14070, 16252, 7429, 16589, 1631, 15968, 15221, 12478, 18594, 1477, 5637, 12058, 1205, 13397, 9107, 18654, 1968, 3759, 13147, 14144, 14973, 12452, 18020, 13592, 17920, 13687, 11335, 7207, 418, 7834, 778, 12982, 10688, 9031, 509, 9601, 9780, 17040, 12023, 3916, 91, 6536, 18535, 7547, 15240, 707, 14533, 15064, 17012, 16805, 8637, 5969, 16221, 1940, 13307, 4717, 12615, 18220, 11028, 12170, 1743, 2376, 12415, 14220, 18827, 1294, 18543, 6977, 15309, 11778, 11842, 17103, 3857, 4637, 12162, 19169, 17166, 18237, 17818, 9507, 19022, 5790, 19112, 15611, 1118, 15184, 18703, 1817, 15530, 16579, 8437, 11839, 11378, 3537, 9205, 9217, 16272, 18759, 16828, 12002, 8348, 1723, 3481, 14115, 379, 8544, 264, 6015, 7672, 2253, 7364, 3706, 13796, 17139, 16125, 12059, 9623, 7185, 2418, 18230, 3087, 281, 4379, 1796, 8459, 4400, 17824, 2736, 16446, 13525, 15341, 3275, 7872, 1662, 7557, 4319, 15442, 7181, 10456, 4963, 17048, 16943, 12784, 3441, 5240, 9975, 13216, 17702, 11594, 13554, 6165, 19168, 16070, 3540, 3262, 10661, 4061, 13173, 2875, 17014, 4349, 10818, 8428, 16764, 14232, 8930, 15734, 17680, 7069, 15684, 17050, 18987, 6914, 6863, 19263, 10595, 150, 10039, 2722, 18223, 16444, 6559, 7258, 2661, 7699, 17136, 12773, 4247, 5723, 15194, 1696, 1500, 2807, 9893, 11835, 13240, 18313, 17107, 10265, 10244, 5570, 2862, 14049, 1012, 12861, 723, 9583, 17461, 10056, 1264, 8297, 3716, 14666, 15259, 13531, 543, 13723, 16810, 6700, 3516, 13766, 7186, 10692, 6321, 15484, 14547, 8744, 3703, 10383, 16829, 6366, 6846, 3906, 2021, 18133, 857, 279, 12232, 10212, 10541, 12325, 13475, 1225, 937, 6966, 10881, 16936, 18502, 1440, 11914, 3326, 5633, 14913, 4623, 10743, 12361, 17335, 1072, 5043, 14810, 15077, 3255, 17215, 6553, 17852, 4801, 6962, 3060, 9430, 8799, 13824, 188, 15175, 15163, 4733, 5011, 3536, 17635, 6532, 14071, 6112, 17158, 6597, 11272, 105, 19219, 5013, 12483, 201, 6848, 17033, 6367, 7859, 14702, 18844, 7053, 18694, 15670, 636, 10129, 6378, 5369, 7273, 16247, 9142, 15345, 16817, 14854, 2600, 15783, 889, 11833, 6612, 2068, 2427, 7062, 7918, 16181, 5464, 8339, 8950, 8453, 16423, 6064, 2380, 4268, 13929, 12974, 19141, 1299, 2484, 3883, 3273, 8772, 13256, 11239, 5766, 18098, 12705, 11004, 2695, 10048, 10960, 2766, 15661, 13258, 8015, 6032, 16397, 7749, 19039, 7634, 15076, 4234, 15114, 8475, 8091, 19220, 18004, 9704, 13918, 15569, 16443, 10015, 9943, 7817, 9349, 2588, 8249, 398, 5316, 15538, 18372, 13559, 2937, 2803, 16248, 6155, 630, 9911, 13190, 19157, 15788, 13248, 13148, 1320, 12074, 8471, 8798, 3213, 12418, 814, 2402, 12718, 12397, 10564, 9875, 10128, 6947, 9491, 17707, 3266, 19196, 14309, 18523, 19043, 17975, 18063, 11618, 15016, 14434, 7680, 1739, 18029, 11694, 1745, 9271, 5189, 9561, 11283, 14978, 10753, 16017, 12914, 978, 2828, 17257, 13135, 5061, 121, 6602, 16015, 19271, 12159, 1244, 8260, 13195, 15873, 12815, 14291, 14515, 118, 4892, 14985, 9551, 12654, 4739, 927, 12176, 9523, 11726, 18187, 5880, 2569, 3386, 13942, 3390, 15774, 129, 65, 12922, 8422, 12692, 16213, 11515, 2111, 8347, 10758, 14064, 4401, 17782, 15621, 6709, 14716, 4091, 13964, 8424, 4218, 7249, 11311, 11171, 18564, 14755, 7114, 14009, 14815, 294, 495, 7684, 6833, 4046, 3505, 16995, 17858, 7761, 15803, 9840, 13958, 8226, 10369, 12497, 17142, 1748, 2854, 7159, 11539, 11055, 13337, 17173, 14214, 6803, 11144, 12649, 283, 15489, 13174, 7015, 610, 7030, 18206, 14077, 15468, 14962, 8046, 7809, 17387, 16034, 16678, 1173, 3502, 12942, 15655, 16859, 7099, 1673, 446, 1365, 5881, 3713, 11697, 1897, 16001, 1702, 14149, 11876, 9341, 4325, 6923, 2001, 138, 3276, 18716, 17604, 10501, 115, 12800, 6111, 11148, 4549, 16057, 4707, 6843, 16091, 4295, 7519, 13708, 12409, 11018, 5052, 13566, 14715, 12755, 793, 10837, 1888, 12375, 3935, 5763, 11791, 11258, 13264, 11469, 4683, 8905, 1853, 11600, 4421, 2798, 5074, 18141, 13807, 8595, 8126, 13837, 8060, 6956, 11767, 14560, 9389, 15261, 1232, 12560, 7262, 11504, 3546, 4627, 1177, 517, 4008, 9219, 17696, 4148, 14124, 13243, 11235, 7561, 8331, 16320, 3591, 11341, 4015, 12028, 14929, 18601, 3528, 14065, 1510, 19191, 13833, 17616, 10869, 17689, 831, 16725, 6319, 15465, 10467, 8162, 13563, 7728, 10778, 13545, 12290, 16480, 14401, 12838, 4212, 17529, 4832, 15111, 12690, 10373, 7596, 18614, 17477, 1043, 13100, 4774, 17479, 3774, 9302, 3901, 13071, 6412, 9516, 1261, 3054, 13522, 17602, 14343, 18500, 10957, 2791, 9624, 3634, 17904, 5709, 14670, 11058, 7087, 7435, 13848, 82, 5565, 2562, 14029, 3583, 1676, 12709, 18473, 3158, 12787, 8068, 8263, 16146, 3593, 1802, 1861, 3348, 4487, 17749, 6105, 10471, 17472, 10200, 1182, 14180, 1076, 10156, 4839, 9903, 4879, 9720, 2157, 15344, 16067, 3064, 17182, 5368, 4987, 18484, 18923, 11896, 1052, 15727, 15289, 5885, 1933, 5251, 17072, 6038, 6195, 13524, 6606, 18506, 17536, 6784, 3231, 14121, 8925, 10030, 803, 13764, 146, 19268, 14099, 4130, 16372, 1537, 12248, 13718, 17187, 11728, 1740, 19233, 5600, 4092, 4779, 6028, 3395, 16152, 19150, 2417, 11980, 11237, 8427, 18127, 3538, 9257, 607, 2078, 18457, 5802, 3435, 15019, 4256, 9221, 13465, 11742, 5788, 9528, 17493, 4607, 3131, 6616, 5356, 1550, 4617, 8827, 849, 2601, 4437, 17861, 10261, 15704, 3890, 8149, 12063, 3086, 15925, 12301, 6847, 5603, 7768, 3187, 13372, 9258, 6584, 7594, 2603, 1835, 17380, 17193, 15251, 15937, 18731, 4082, 14911, 16626, 8824, 16208, 10167, 17711, 9678, 15852, 13620, 16479, 14586, 2446, 4866, 1315, 7746, 10615, 7927, 2443, 7157, 13506, 18410, 10494]",2945,1500,3,False,1500
724,weather query,weather,67,True,True,False,"{21: 26, 33: 14, 2: 18, 29: 13, 25: 57, 43: 9, 57: 16, 49: 16, 61: 14, 67: 52, 65: 21, 50: 28, 15: 53, 6: 13, 46: 15, 27: 69, 7: 65, 48: 67, 19: 21, 31: 14, 63: 26, 22: 39, 9: 79, 26: 40, 47: 15, 53: 66, 11: 19, 51: 26, 54: 9, 13: 32, 17: 37, 52: 30, 39: 27, 38: 19, 1: 6, 59: 33, 56: 23, 32: 9, 8: 25, 4: 12, 20: 26, 24: 7, 18: 31, 42: 7, 28: 31, 45: 57, 0: 13, 66: 11, 62: 11, 35: 7, 64: 15, 37: 2, 40: 25, 3: 3, 14: 5, 12: 8, 16: 15, 55: 16, 30: 13, 58: 6, 36: 4, 60: 5, 5: 3, 41: 2, 44: 2, 34: 2}","[12686, 3384, 6034, 14374, 14516, 14680, 18580, 5912, 661, 4433, 14182, 14634, 14672, 13694, 17233, 12320, 12666, 7276, 14925, 15315, 1125, 14820, 3769, 14096, 12401, 14972, 14176, 4685, 4278, 5735, 7514, 16051, 15882, 4696, 17145, 19193, 12994, 9901, 13641, 15193, 6739, 9240, 1608, 14664, 18117, 5676, 15714, 5964, 5329, 16651, 15936, 14441, 15878, 18316, 14255, 18692, 5858, 4640, 10716, 13839, 16635, 2097, 11464, 12427, 2320, 14629, 7617, 16183, 16205, 2170, 4384, 6683, 5285, 18707, 6780, 4231, 2404, 4895, 18091, 2944, 13054, 3904, 3491, 9455, 15985, 10432, 8657, 15304, 9114, 5838, 5197, 17244, 6207, 3970, 17246, 3950, 6168, 8697, 6800, 9942, 11118, 8582, 6355, 15275, 4581, 12724, 11921, 1833, 523, 7619, 15729, 176, 8576, 3101, 1573, 1283, 11796, 11277, 2547, 1738, 6806, 15187, 7129, 5179, 5854, 16373, 9231, 6270, 777, 2062, 13249, 4144, 6325, 3924, 5350, 14414, 3142, 2249, 6444, 13582, 2833, 18030, 6483, 18404, 15057, 7482, 15001, 15872, 14584, 10835, 954, 7257, 1381, 17819, 17518, 6497, 14430, 4901, 16466, 10805, 132, 7506, 755, 14427, 12119, 16613, 19042, 14994, 11257, 8042, 2144, 5966, 1580, 8010, 2550, 10684, 14088, 5037, 8764, 17076, 14185, 15984, 5299, 16601, 19182, 13197, 14561, 12605, 17010, 2703, 6715, 11207, 10188, 212, 2293, 17676, 1720, 5934, 112, 8568, 15870, 3226, 4524, 4431, 5141, 5383, 7609, 12807, 19001, 14368, 6704, 14903, 4172, 117, 18698, 1699, 16558, 7518, 10618, 2110, 10308, 7828, 6623, 17644, 4449, 951, 13858, 15106, 8402, 916, 4771, 8608, 6448, 6656, 13547, 2814, 8336, 8093, 6398, 637, 9909, 10621, 786, 14146, 17292, 9457, 3, 2884, 14785, 10504, 16361, 8181, 17690, 654, 11067, 18741, 386, 18208, 10130, 8079, 7082, 14740, 8076, 18619, 14428, 10992, 12679, 9431, 18328, 13606, 7641, 13542, 1002, 11975, 15646, 19078, 1352, 8683, 16053, 11763, 14823, 7059, 4995, 3754, 6213, 10090, 19084, 1973, 8131, 5353, 836, 13960, 3217, 4885, 9645, 16941, 14750, 13171, 9132, 1355, 4440, 15747, 8233, 6008, 12781, 16749, 13905, 18198, 5033, 2910, 16502, 1233, 965, 16926, 3944, 13518, 18213, 12739, 9972, 14609, 5764, 6128, 9532, 12680, 3672, 5458, 6822, 11547, 3163, 8040, 14081, 8369, 18182, 17541, 11552, 12451, 15074, 1783, 17730, 1690, 16992, 2490, 2459, 18065, 320, 18311, 45, 9495, 4572, 544, 12731, 16811, 15096, 14957, 4594, 16607, 2449, 7791, 13659, 8892, 1713, 17336, 6598, 13832, 10495, 18937, 3067, 3473, 12715, 13492, 14787, 16503, 17899, 16638, 2408, 7141, 10590, 2917, 14650, 12571, 4321, 2855, 1829, 3736, 3381, 11069, 16093, 15201, 14311, 9836, 18289, 16899, 897, 13981, 12223, 8884, 15721, 7778, 13648, 5737, 6550, 19249, 2715, 447, 12941, 8915, 18963, 16291, 760, 5869, 3635, 3439, 6740, 5003, 3174, 2945, 16056, 4860, 11216, 7363, 1147, 12124, 9764, 11245, 4361, 7784, 16285, 17057, 11203, 5114, 17655, 12056, 17890, 7741, 15799, 10258, 16088, 19222, 15303, 1433, 5991, 322, 2322, 3156, 9940, 7814, 17068, 16968, 10018, 1991, 11946, 8705, 10371, 4619, 11074, 2034, 15550, 11743, 18666, 13494, 14175, 13948, 15123, 11154, 10397, 1701, 4770, 839, 12085, 16500, 16241, 1535, 18782, 2221, 539, 18405, 4245, 103, 1571, 16945, 12196, 9441, 1732, 1367, 3596, 4794, 7230, 5245, 17483, 2955, 2003, 11509, 4044, 12934, 3456, 16693, 593, 4582, 14076, 10972, 1965, 7227, 14324, 8658, 3772, 8355, 11889, 1908, 2684, 10026, 1666, 16507, 5589, 9295, 8389, 2099, 18653, 13808, 19147, 6675, 10970, 2788, 19028, 16983, 16166, 9845, 8160, 11381, 10088, 10333, 11716, 14695, 12697, 4365, 3747, 17296, 11904, 74, 7047, 10639, 13094, 940, 10478, 2032, 6642, 14896, 10840, 5430, 5556, 12597, 2183, 18403, 4252, 14613, 18283, 8790, 12140, 13540, 13353, 14114, 13297, 4056, 14038, 11299, 13770, 11433, 14285, 1526, 1955, 15711, 255, 12481, 612, 1635, 4886, 357, 11434, 9524, 13106, 2607, 5391, 9406, 2331, 624, 2749, 17849, 9829, 11436, 18426, 9481, 18550, 15647, 532, 11720, 11824, 15610, 15741, 7902, 13558, 17967, 14539, 17889, 4631, 1238, 16921, 7787, 15293, 3108, 8215, 2851, 4514, 12938, 16730, 17178, 4890, 17960, 4725, 7917, 3191, 8231, 16341, 8195, 10913, 2173, 5557, 2637, 16896, 5806, 1815, 1451, 8864, 2290, 12108, 5328, 6203, 2431, 7508, 17898, 17188, 6897, 1199, 15526, 18437, 6631, 8644, 16917, 14964, 14233, 2454, 584, 4830, 7199, 4180, 14889, 5761, 13756, 6917, 7756, 18880, 15095, 1816, 14070, 16252, 7429, 16589, 1631, 15968, 15221, 12478, 18594, 1477, 5637, 12058, 1205, 13397, 9107, 18654, 1968, 3759, 13147, 14144, 14973, 12452, 18020, 13592, 17920, 13687, 11335, 7207, 418, 7834, 778, 12982, 10688, 9031, 509, 9601, 9780, 17040, 12023, 3916, 91, 6536, 18535, 7547, 15240, 707, 14533, 15064, 17012, 16805, 8637, 5969, 16221, 1940, 13307, 4717, 12615, 18220, 11028, 12170, 1743, 2376, 12415, 14220, 18827, 1294, 18543, 6977, 15309, 11778, 11842, 17103, 3857, 4637, 12162, 19169, 17166, 18237, 17818, 9507, 19022, 5790, 19112, 15611, 1118, 15184, 18703, 1817, 15530, 16579, 8437, 11839, 11378, 3537, 9205, 9217, 16272, 18759, 16828, 12002, 8348, 1723, 3481, 14115, 379, 8544, 264, 6015, 7672, 2253, 7364, 3706, 13796, 17139, 16125, 12059, 9623, 7185, 2418, 18230, 3087, 281, 4379, 1796, 8459, 4400, 17824, 2736, 16446, 13525, 15341, 3275, 7872, 1662, 7557, 4319, 15442, 7181, 10456, 4963, 17048, 16943, 12784, 3441, 5240, 9975, 13216, 17702, 11594, 13554, 6165, 19168, 16070, 3540, 3262, 10661, 4061, 13173, 2875, 17014, 4349, 10818, 8428, 16764, 14232, 8930, 15734, 17680, 7069, 15684, 17050, 18987, 6914, 6863, 19263, 10595, 150, 10039, 2722, 18223, 16444, 6559, 7258, 2661, 7699, 17136, 12773, 4247, 5723, 15194, 1696, 1500, 2807, 9893, 11835, 13240, 18313, 17107, 10265, 10244, 5570, 2862, 14049, 1012, 12861, 723, 9583, 17461, 10056, 1264, 8297, 3716, 14666, 15259, 13531, 543, 13723, 16810, 6700, 3516, 13766, 7186, 10692, 6321, 15484, 14547, 8744, 3703, 10383, 16829, 6366, 6846, 3906, 2021, 18133, 857, 279, 12232, 10212, 10541, 12325, 13475, 1225, 937, 6966, 10881, 16936, 18502, 1440, 11914, 3326, 5633, 14913, 4623, 10743, 12361, 17335, 1072, 5043, 14810, 15077, 3255, 17215, 6553, 17852, 4801, 6962, 3060, 9430, 8799, 13824, 188, 15175, 15163, 4733, 5011, 3536, 17635, 6532, 14071, 6112, 17158, 6597, 11272, 105, 19219, 5013, 12483, 201, 6848, 17033, 6367, 7859, 14702, 18844, 7053, 18694, 15670, 636, 10129, 6378, 5369, 7273, 16247, 9142, 15345, 16817, 14854, 2600, 15783, 889, 11833, 6612, 2068, 2427, 7062, 7918, 16181, 5464, 8339, 8950, 8453, 16423, 6064, 2380, 4268, 13929, 12974, 19141, 1299, 2484, 3883, 3273, 8772, 13256, 11239, 5766, 18098, 12705, 11004, 2695, 10048, 10960, 2766, 15661, 13258, 8015, 6032, 16397, 7749, 19039, 7634, 15076, 4234, 15114, 8475, 8091, 19220, 18004, 9704, 13918, 15569, 16443, 10015, 9943, 7817, 9349, 2588, 8249, 398, 5316, 15538, 18372, 13559, 2937, 2803, 16248, 6155, 630, 9911, 13190, 19157, 15788, 13248, 13148, 1320, 12074, 8471, 8798, 3213, 12418, 814, 2402, 12718, 12397, 10564, 9875, 10128, 6947, 9491, 17707, 3266, 19196, 14309, 18523, 19043, 17975, 18063, 11618, 15016, 14434, 7680, 1739, 18029, 11694, 1745, 9271, 5189, 9561, 11283, 14978, 10753, 16017, 12914, 978, 2828, 17257, 13135, 5061, 121, 6602, 16015, 19271, 12159, 1244, 8260, 13195, 15873, 12815, 14291, 14515, 118, 4892, 14985, 9551, 12654, 4739, 927, 12176, 9523, 11726, 18187, 5880, 2569, 3386, 13942, 3390, 15774, 129, 65, 12922, 8422, 12692, 16213, 11515, 2111, 8347, 10758, 14064, 4401, 17782, 15621, 6709, 14716, 4091, 13964, 8424, 4218, 7249, 11311, 11171, 18564, 14755, 7114, 14009, 14815, 294, 495, 7684, 6833, 4046, 3505, 16995, 17858, 7761, 15803, 9840, 13958, 8226, 10369, 12497, 17142, 1748, 2854, 7159, 11539, 11055, 13337, 17173, 14214, 6803, 11144, 12649, 283, 15489, 13174, 7015, 610, 7030, 18206, 14077, 15468, 14962, 8046, 7809, 17387, 16034, 16678, 1173, 3502, 12942, 15655, 16859, 7099, 1673, 446, 1365, 5881, 3713, 11697, 1897, 16001, 1702, 14149, 11876, 9341, 4325, 6923, 2001, 138, 3276, 18716, 17604, 10501, 115, 12800, 6111, 11148, 4549, 16057, 4707, 6843, 16091, 4295, 7519, 13708, 12409, 11018, 5052, 13566, 14715, 12755, 793, 10837, 1888, 12375, 3935, 5763, 11791, 11258, 13264, 11469, 4683, 8905, 1853, 11600, 4421, 2798, 5074, 18141, 13807, 8595, 8126, 13837, 8060, 6956, 11767, 14560, 9389, 15261, 1232, 12560, 7262, 11504, 3546, 4627, 1177, 517, 4008, 9219, 17696, 4148, 14124, 13243, 11235, 7561, 8331, 16320, 3591, 11341, 4015, 12028, 14929, 18601, 3528, 14065, 1510, 19191, 13833, 17616, 10869, 17689, 831, 16725, 6319, 15465, 10467, 8162, 13563, 7728, 10778, 13545, 12290, 16480, 14401, 12838, 4212, 17529, 4832, 15111, 12690, 10373, 7596, 18614, 17477, 1043, 13100, 4774, 17479, 3774, 9302, 3901, 13071, 6412, 9516, 1261, 3054, 13522, 17602, 14343, 18500, 10957, 2791, 9624, 3634, 17904, 5709, 14670, 11058, 7087, 7435, 13848, 82, 5565, 2562, 14029, 3583, 1676, 12709, 18473, 3158, 12787, 8068, 8263, 16146, 3593, 1802, 1861, 3348, 4487, 17749, 6105, 10471, 17472, 10200, 1182, 14180, 1076, 10156, 4839, 9903, 4879, 9720, 2157, 15344, 16067, 3064, 17182, 5368, 4987, 18484, 18923, 11896, 1052, 15727, 15289, 5885, 1933, 5251, 17072, 6038, 6195, 13524, 6606, 18506, 17536, 6784, 3231, 14121, 8925, 10030, 803, 13764, 146, 19268, 14099, 4130, 16372, 1537, 12248, 13718, 17187, 11728, 1740, 19233, 5600, 4092, 4779, 6028, 3395, 16152, 19150, 2417, 11980, 11237, 8427, 18127, 3538, 9257, 607, 2078, 18457, 5802, 3435, 15019, 4256, 9221, 13465, 11742, 5788, 9528, 17493, 4607, 3131, 6616, 5356, 1550, 4617, 8827, 849, 2601, 4437, 17861, 10261, 15704, 3890, 8149, 12063, 3086, 15925, 12301, 6847, 5603, 7768, 3187, 13372, 9258, 6584, 7594, 2603, 1835, 17380, 17193, 15251, 15937, 18731, 4082, 14911, 16626, 8824, 16208, 10167, 17711, 9678, 15852, 13620, 16479, 14586, 2446, 4866, 1315, 7746, 10615, 7927, 2443, 7157, 13506, 18410, 10494]",724,1500,3,False,1500
5054,qa factoid,general qu,27,True,False,False,"{21: 26, 33: 14, 2: 18, 29: 13, 25: 57, 43: 9, 57: 16, 49: 16, 61: 14, 67: 52, 65: 21, 50: 28, 15: 53, 6: 13, 46: 15, 27: 69, 7: 65, 48: 67, 19: 21, 31: 14, 63: 26, 22: 39, 9: 79, 26: 40, 47: 15, 53: 66, 11: 19, 51: 26, 54: 9, 13: 32, 17: 37, 52: 30, 39: 27, 38: 19, 1: 6, 59: 33, 56: 23, 32: 9, 8: 25, 4: 12, 20: 26, 24: 7, 18: 31, 42: 7, 28: 31, 45: 57, 0: 13, 66: 11, 62: 11, 35: 7, 64: 15, 37: 2, 40: 25, 3: 3, 14: 5, 12: 8, 16: 15, 55: 16, 30: 13, 58: 6, 36: 4, 60: 5, 5: 3, 41: 2, 44: 2, 34: 2}","[12686, 3384, 6034, 14374, 14516, 14680, 18580, 5912, 661, 4433, 14182, 14634, 14672, 13694, 17233, 12320, 12666, 7276, 14925, 15315, 1125, 14820, 3769, 14096, 12401, 14972, 14176, 4685, 4278, 5735, 7514, 16051, 15882, 4696, 17145, 19193, 12994, 9901, 13641, 15193, 6739, 9240, 1608, 14664, 18117, 5676, 15714, 5964, 5329, 16651, 15936, 14441, 15878, 18316, 14255, 18692, 5858, 4640, 10716, 13839, 16635, 2097, 11464, 12427, 2320, 14629, 7617, 16183, 16205, 2170, 4384, 6683, 5285, 18707, 6780, 4231, 2404, 4895, 18091, 2944, 13054, 3904, 3491, 9455, 15985, 10432, 8657, 15304, 9114, 5838, 5197, 17244, 6207, 3970, 17246, 3950, 6168, 8697, 6800, 9942, 11118, 8582, 6355, 15275, 4581, 12724, 11921, 1833, 523, 7619, 15729, 176, 8576, 3101, 1573, 1283, 11796, 11277, 2547, 1738, 6806, 15187, 7129, 5179, 5854, 16373, 9231, 6270, 777, 2062, 13249, 4144, 6325, 3924, 5350, 14414, 3142, 2249, 6444, 13582, 2833, 18030, 6483, 18404, 15057, 7482, 15001, 15872, 14584, 10835, 954, 7257, 1381, 17819, 17518, 6497, 14430, 4901, 16466, 10805, 132, 7506, 755, 14427, 12119, 16613, 19042, 14994, 11257, 8042, 2144, 5966, 1580, 8010, 2550, 10684, 14088, 5037, 8764, 17076, 14185, 15984, 5299, 16601, 19182, 13197, 14561, 12605, 17010, 2703, 6715, 11207, 10188, 212, 2293, 17676, 1720, 5934, 112, 8568, 15870, 3226, 4524, 4431, 5141, 5383, 7609, 12807, 19001, 14368, 6704, 14903, 4172, 117, 18698, 1699, 16558, 7518, 10618, 2110, 10308, 7828, 6623, 17644, 4449, 951, 13858, 15106, 8402, 916, 4771, 8608, 6448, 6656, 13547, 2814, 8336, 8093, 6398, 637, 9909, 10621, 786, 14146, 17292, 9457, 3, 2884, 14785, 10504, 16361, 8181, 17690, 654, 11067, 18741, 386, 18208, 10130, 8079, 7082, 14740, 8076, 18619, 14428, 10992, 12679, 9431, 18328, 13606, 7641, 13542, 1002, 11975, 15646, 19078, 1352, 8683, 16053, 11763, 14823, 7059, 4995, 3754, 6213, 10090, 19084, 1973, 8131, 5353, 836, 13960, 3217, 4885, 9645, 16941, 14750, 13171, 9132, 1355, 4440, 15747, 8233, 6008, 12781, 16749, 13905, 18198, 5033, 2910, 16502, 1233, 965, 16926, 3944, 13518, 18213, 12739, 9972, 14609, 5764, 6128, 9532, 12680, 3672, 5458, 6822, 11547, 3163, 8040, 14081, 8369, 18182, 17541, 11552, 12451, 15074, 1783, 17730, 1690, 16992, 2490, 2459, 18065, 320, 18311, 45, 9495, 4572, 544, 12731, 16811, 15096, 14957, 4594, 16607, 2449, 7791, 13659, 8892, 1713, 17336, 6598, 13832, 10495, 18937, 3067, 3473, 12715, 13492, 14787, 16503, 17899, 16638, 2408, 7141, 10590, 2917, 14650, 12571, 4321, 2855, 1829, 3736, 3381, 11069, 16093, 15201, 14311, 9836, 18289, 16899, 897, 13981, 12223, 8884, 15721, 7778, 13648, 5737, 6550, 19249, 2715, 447, 12941, 8915, 18963, 16291, 760, 5869, 3635, 3439, 6740, 5003, 3174, 2945, 16056, 4860, 11216, 7363, 1147, 12124, 9764, 11245, 4361, 7784, 16285, 17057, 11203, 5114, 17655, 12056, 17890, 7741, 15799, 10258, 16088, 19222, 15303, 1433, 5991, 322, 2322, 3156, 9940, 7814, 17068, 16968, 10018, 1991, 11946, 8705, 10371, 4619, 11074, 2034, 15550, 11743, 18666, 13494, 14175, 13948, 15123, 11154, 10397, 1701, 4770, 839, 12085, 16500, 16241, 1535, 18782, 2221, 539, 18405, 4245, 103, 1571, 16945, 12196, 9441, 1732, 1367, 3596, 4794, 7230, 5245, 17483, 2955, 2003, 11509, 4044, 12934, 3456, 16693, 593, 4582, 14076, 10972, 1965, 7227, 14324, 8658, 3772, 8355, 11889, 1908, 2684, 10026, 1666, 16507, 5589, 9295, 8389, 2099, 18653, 13808, 19147, 6675, 10970, 2788, 19028, 16983, 16166, 9845, 8160, 11381, 10088, 10333, 11716, 14695, 12697, 4365, 3747, 17296, 11904, 74, 7047, 10639, 13094, 940, 10478, 2032, 6642, 14896, 10840, 5430, 5556, 12597, 2183, 18403, 4252, 14613, 18283, 8790, 12140, 13540, 13353, 14114, 13297, 4056, 14038, 11299, 13770, 11433, 14285, 1526, 1955, 15711, 255, 12481, 612, 1635, 4886, 357, 11434, 9524, 13106, 2607, 5391, 9406, 2331, 624, 2749, 17849, 9829, 11436, 18426, 9481, 18550, 15647, 532, 11720, 11824, 15610, 15741, 7902, 13558, 17967, 14539, 17889, 4631, 1238, 16921, 7787, 15293, 3108, 8215, 2851, 4514, 12938, 16730, 17178, 4890, 17960, 4725, 7917, 3191, 8231, 16341, 8195, 10913, 2173, 5557, 2637, 16896, 5806, 1815, 1451, 8864, 2290, 12108, 5328, 6203, 2431, 7508, 17898, 17188, 6897, 1199, 15526, 18437, 6631, 8644, 16917, 14964, 14233, 2454, 584, 4830, 7199, 4180, 14889, 5761, 13756, 6917, 7756, 18880, 15095, 1816, 14070, 16252, 7429, 16589, 1631, 15968, 15221, 12478, 18594, 1477, 5637, 12058, 1205, 13397, 9107, 18654, 1968, 3759, 13147, 14144, 14973, 12452, 18020, 13592, 17920, 13687, 11335, 7207, 418, 7834, 778, 12982, 10688, 9031, 509, 9601, 9780, 17040, 12023, 3916, 91, 6536, 18535, 7547, 15240, 707, 14533, 15064, 17012, 16805, 8637, 5969, 16221, 1940, 13307, 4717, 12615, 18220, 11028, 12170, 1743, 2376, 12415, 14220, 18827, 1294, 18543, 6977, 15309, 11778, 11842, 17103, 3857, 4637, 12162, 19169, 17166, 18237, 17818, 9507, 19022, 5790, 19112, 15611, 1118, 15184, 18703, 1817, 15530, 16579, 8437, 11839, 11378, 3537, 9205, 9217, 16272, 18759, 16828, 12002, 8348, 1723, 3481, 14115, 379, 8544, 264, 6015, 7672, 2253, 7364, 3706, 13796, 17139, 16125, 12059, 9623, 7185, 2418, 18230, 3087, 281, 4379, 1796, 8459, 4400, 17824, 2736, 16446, 13525, 15341, 3275, 7872, 1662, 7557, 4319, 15442, 7181, 10456, 4963, 17048, 16943, 12784, 3441, 5240, 9975, 13216, 17702, 11594, 13554, 6165, 19168, 16070, 3540, 3262, 10661, 4061, 13173, 2875, 17014, 4349, 10818, 8428, 16764, 14232, 8930, 15734, 17680, 7069, 15684, 17050, 18987, 6914, 6863, 19263, 10595, 150, 10039, 2722, 18223, 16444, 6559, 7258, 2661, 7699, 17136, 12773, 4247, 5723, 15194, 1696, 1500, 2807, 9893, 11835, 13240, 18313, 17107, 10265, 10244, 5570, 2862, 14049, 1012, 12861, 723, 9583, 17461, 10056, 1264, 8297, 3716, 14666, 15259, 13531, 543, 13723, 16810, 6700, 3516, 13766, 7186, 10692, 6321, 15484, 14547, 8744, 3703, 10383, 16829, 6366, 6846, 3906, 2021, 18133, 857, 279, 12232, 10212, 10541, 12325, 13475, 1225, 937, 6966, 10881, 16936, 18502, 1440, 11914, 3326, 5633, 14913, 4623, 10743, 12361, 17335, 1072, 5043, 14810, 15077, 3255, 17215, 6553, 17852, 4801, 6962, 3060, 9430, 8799, 13824, 188, 15175, 15163, 4733, 5011, 3536, 17635, 6532, 14071, 6112, 17158, 6597, 11272, 105, 19219, 5013, 12483, 201, 6848, 17033, 6367, 7859, 14702, 18844, 7053, 18694, 15670, 636, 10129, 6378, 5369, 7273, 16247, 9142, 15345, 16817, 14854, 2600, 15783, 889, 11833, 6612, 2068, 2427, 7062, 7918, 16181, 5464, 8339, 8950, 8453, 16423, 6064, 2380, 4268, 13929, 12974, 19141, 1299, 2484, 3883, 3273, 8772, 13256, 11239, 5766, 18098, 12705, 11004, 2695, 10048, 10960, 2766, 15661, 13258, 8015, 6032, 16397, 7749, 19039, 7634, 15076, 4234, 15114, 8475, 8091, 19220, 18004, 9704, 13918, 15569, 16443, 10015, 9943, 7817, 9349, 2588, 8249, 398, 5316, 15538, 18372, 13559, 2937, 2803, 16248, 6155, 630, 9911, 13190, 19157, 15788, 13248, 13148, 1320, 12074, 8471, 8798, 3213, 12418, 814, 2402, 12718, 12397, 10564, 9875, 10128, 6947, 9491, 17707, 3266, 19196, 14309, 18523, 19043, 17975, 18063, 11618, 15016, 14434, 7680, 1739, 18029, 11694, 1745, 9271, 5189, 9561, 11283, 14978, 10753, 16017, 12914, 978, 2828, 17257, 13135, 5061, 121, 6602, 16015, 19271, 12159, 1244, 8260, 13195, 15873, 12815, 14291, 14515, 118, 4892, 14985, 9551, 12654, 4739, 927, 12176, 9523, 11726, 18187, 5880, 2569, 3386, 13942, 3390, 15774, 129, 65, 12922, 8422, 12692, 16213, 11515, 2111, 8347, 10758, 14064, 4401, 17782, 15621, 6709, 14716, 4091, 13964, 8424, 4218, 7249, 11311, 11171, 18564, 14755, 7114, 14009, 14815, 294, 495, 7684, 6833, 4046, 3505, 16995, 17858, 7761, 15803, 9840, 13958, 8226, 10369, 12497, 17142, 1748, 2854, 7159, 11539, 11055, 13337, 17173, 14214, 6803, 11144, 12649, 283, 15489, 13174, 7015, 610, 7030, 18206, 14077, 15468, 14962, 8046, 7809, 17387, 16034, 16678, 1173, 3502, 12942, 15655, 16859, 7099, 1673, 446, 1365, 5881, 3713, 11697, 1897, 16001, 1702, 14149, 11876, 9341, 4325, 6923, 2001, 138, 3276, 18716, 17604, 10501, 115, 12800, 6111, 11148, 4549, 16057, 4707, 6843, 16091, 4295, 7519, 13708, 12409, 11018, 5052, 13566, 14715, 12755, 793, 10837, 1888, 12375, 3935, 5763, 11791, 11258, 13264, 11469, 4683, 8905, 1853, 11600, 4421, 2798, 5074, 18141, 13807, 8595, 8126, 13837, 8060, 6956, 11767, 14560, 9389, 15261, 1232, 12560, 7262, 11504, 3546, 4627, 1177, 517, 4008, 9219, 17696, 4148, 14124, 13243, 11235, 7561, 8331, 16320, 3591, 11341, 4015, 12028, 14929, 18601, 3528, 14065, 1510, 19191, 13833, 17616, 10869, 17689, 831, 16725, 6319, 15465, 10467, 8162, 13563, 7728, 10778, 13545, 12290, 16480, 14401, 12838, 4212, 17529, 4832, 15111, 12690, 10373, 7596, 18614, 17477, 1043, 13100, 4774, 17479, 3774, 9302, 3901, 13071, 6412, 9516, 1261, 3054, 13522, 17602, 14343, 18500, 10957, 2791, 9624, 3634, 17904, 5709, 14670, 11058, 7087, 7435, 13848, 82, 5565, 2562, 14029, 3583, 1676, 12709, 18473, 3158, 12787, 8068, 8263, 16146, 3593, 1802, 1861, 3348, 4487, 17749, 6105, 10471, 17472, 10200, 1182, 14180, 1076, 10156, 4839, 9903, 4879, 9720, 2157, 15344, 16067, 3064, 17182, 5368, 4987, 18484, 18923, 11896, 1052, 15727, 15289, 5885, 1933, 5251, 17072, 6038, 6195, 13524, 6606, 18506, 17536, 6784, 3231, 14121, 8925, 10030, 803, 13764, 146, 19268, 14099, 4130, 16372, 1537, 12248, 13718, 17187, 11728, 1740, 19233, 5600, 4092, 4779, 6028, 3395, 16152, 19150, 2417, 11980, 11237, 8427, 18127, 3538, 9257, 607, 2078, 18457, 5802, 3435, 15019, 4256, 9221, 13465, 11742, 5788, 9528, 17493, 4607, 3131, 6616, 5356, 1550, 4617, 8827, 849, 2601, 4437, 17861, 10261, 15704, 3890, 8149, 12063, 3086, 15925, 12301, 6847, 5603, 7768, 3187, 13372, 9258, 6584, 7594, 2603, 1835, 17380, 17193, 15251, 15937, 18731, 4082, 14911, 16626, 8824, 16208, 10167, 17711, 9678, 15852, 13620, 16479, 14586, 2446, 4866, 1315, 7746, 10615, 7927, 2443, 7157, 13506, 18410, 10494]",5054,1500,3,False,1500
5559,play music,play music,48,True,True,True,"{21: 26, 33: 14, 2: 18, 29: 13, 25: 57, 43: 9, 57: 16, 49: 16, 61: 14, 67: 52, 65: 21, 50: 28, 15: 53, 6: 13, 46: 15, 27: 69, 7: 65, 48: 67, 19: 21, 31: 14, 63: 26, 22: 39, 9: 79, 26: 40, 47: 15, 53: 66, 11: 19, 51: 26, 54: 9, 13: 32, 17: 37, 52: 30, 39: 27, 38: 19, 1: 6, 59: 33, 56: 23, 32: 9, 8: 25, 4: 12, 20: 26, 24: 7, 18: 31, 42: 7, 28: 31, 45: 57, 0: 13, 66: 11, 62: 11, 35: 7, 64: 15, 37: 2, 40: 25, 3: 3, 14: 5, 12: 8, 16: 15, 55: 16, 30: 13, 58: 6, 36: 4, 60: 5, 5: 3, 41: 2, 44: 2, 34: 2}","[12686, 3384, 6034, 14374, 14516, 14680, 18580, 5912, 661, 4433, 14182, 14634, 14672, 13694, 17233, 12320, 12666, 7276, 14925, 15315, 1125, 14820, 3769, 14096, 12401, 14972, 14176, 4685, 4278, 5735, 7514, 16051, 15882, 4696, 17145, 19193, 12994, 9901, 13641, 15193, 6739, 9240, 1608, 14664, 18117, 5676, 15714, 5964, 5329, 16651, 15936, 14441, 15878, 18316, 14255, 18692, 5858, 4640, 10716, 13839, 16635, 2097, 11464, 12427, 2320, 14629, 7617, 16183, 16205, 2170, 4384, 6683, 5285, 18707, 6780, 4231, 2404, 4895, 18091, 2944, 13054, 3904, 3491, 9455, 15985, 10432, 8657, 15304, 9114, 5838, 5197, 17244, 6207, 3970, 17246, 3950, 6168, 8697, 6800, 9942, 11118, 8582, 6355, 15275, 4581, 12724, 11921, 1833, 523, 7619, 15729, 176, 8576, 3101, 1573, 1283, 11796, 11277, 2547, 1738, 6806, 15187, 7129, 5179, 5854, 16373, 9231, 6270, 777, 2062, 13249, 4144, 6325, 3924, 5350, 14414, 3142, 2249, 6444, 13582, 2833, 18030, 6483, 18404, 15057, 7482, 15001, 15872, 14584, 10835, 954, 7257, 1381, 17819, 17518, 6497, 14430, 4901, 16466, 10805, 132, 7506, 755, 14427, 12119, 16613, 19042, 14994, 11257, 8042, 2144, 5966, 1580, 8010, 2550, 10684, 14088, 5037, 8764, 17076, 14185, 15984, 5299, 16601, 19182, 13197, 14561, 12605, 17010, 2703, 6715, 11207, 10188, 212, 2293, 17676, 1720, 5934, 112, 8568, 15870, 3226, 4524, 4431, 5141, 5383, 7609, 12807, 19001, 14368, 6704, 14903, 4172, 117, 18698, 1699, 16558, 7518, 10618, 2110, 10308, 7828, 6623, 17644, 4449, 951, 13858, 15106, 8402, 916, 4771, 8608, 6448, 6656, 13547, 2814, 8336, 8093, 6398, 637, 9909, 10621, 786, 14146, 17292, 9457, 3, 2884, 14785, 10504, 16361, 8181, 17690, 654, 11067, 18741, 386, 18208, 10130, 8079, 7082, 14740, 8076, 18619, 14428, 10992, 12679, 9431, 18328, 13606, 7641, 13542, 1002, 11975, 15646, 19078, 1352, 8683, 16053, 11763, 14823, 7059, 4995, 3754, 6213, 10090, 19084, 1973, 8131, 5353, 836, 13960, 3217, 4885, 9645, 16941, 14750, 13171, 9132, 1355, 4440, 15747, 8233, 6008, 12781, 16749, 13905, 18198, 5033, 2910, 16502, 1233, 965, 16926, 3944, 13518, 18213, 12739, 9972, 14609, 5764, 6128, 9532, 12680, 3672, 5458, 6822, 11547, 3163, 8040, 14081, 8369, 18182, 17541, 11552, 12451, 15074, 1783, 17730, 1690, 16992, 2490, 2459, 18065, 320, 18311, 45, 9495, 4572, 544, 12731, 16811, 15096, 14957, 4594, 16607, 2449, 7791, 13659, 8892, 1713, 17336, 6598, 13832, 10495, 18937, 3067, 3473, 12715, 13492, 14787, 16503, 17899, 16638, 2408, 7141, 10590, 2917, 14650, 12571, 4321, 2855, 1829, 3736, 3381, 11069, 16093, 15201, 14311, 9836, 18289, 16899, 897, 13981, 12223, 8884, 15721, 7778, 13648, 5737, 6550, 19249, 2715, 447, 12941, 8915, 18963, 16291, 760, 5869, 3635, 3439, 6740, 5003, 3174, 2945, 16056, 4860, 11216, 7363, 1147, 12124, 9764, 11245, 4361, 7784, 16285, 17057, 11203, 5114, 17655, 12056, 17890, 7741, 15799, 10258, 16088, 19222, 15303, 1433, 5991, 322, 2322, 3156, 9940, 7814, 17068, 16968, 10018, 1991, 11946, 8705, 10371, 4619, 11074, 2034, 15550, 11743, 18666, 13494, 14175, 13948, 15123, 11154, 10397, 1701, 4770, 839, 12085, 16500, 16241, 1535, 18782, 2221, 539, 18405, 4245, 103, 1571, 16945, 12196, 9441, 1732, 1367, 3596, 4794, 7230, 5245, 17483, 2955, 2003, 11509, 4044, 12934, 3456, 16693, 593, 4582, 14076, 10972, 1965, 7227, 14324, 8658, 3772, 8355, 11889, 1908, 2684, 10026, 1666, 16507, 5589, 9295, 8389, 2099, 18653, 13808, 19147, 6675, 10970, 2788, 19028, 16983, 16166, 9845, 8160, 11381, 10088, 10333, 11716, 14695, 12697, 4365, 3747, 17296, 11904, 74, 7047, 10639, 13094, 940, 10478, 2032, 6642, 14896, 10840, 5430, 5556, 12597, 2183, 18403, 4252, 14613, 18283, 8790, 12140, 13540, 13353, 14114, 13297, 4056, 14038, 11299, 13770, 11433, 14285, 1526, 1955, 15711, 255, 12481, 612, 1635, 4886, 357, 11434, 9524, 13106, 2607, 5391, 9406, 2331, 624, 2749, 17849, 9829, 11436, 18426, 9481, 18550, 15647, 532, 11720, 11824, 15610, 15741, 7902, 13558, 17967, 14539, 17889, 4631, 1238, 16921, 7787, 15293, 3108, 8215, 2851, 4514, 12938, 16730, 17178, 4890, 17960, 4725, 7917, 3191, 8231, 16341, 8195, 10913, 2173, 5557, 2637, 16896, 5806, 1815, 1451, 8864, 2290, 12108, 5328, 6203, 2431, 7508, 17898, 17188, 6897, 1199, 15526, 18437, 6631, 8644, 16917, 14964, 14233, 2454, 584, 4830, 7199, 4180, 14889, 5761, 13756, 6917, 7756, 18880, 15095, 1816, 14070, 16252, 7429, 16589, 1631, 15968, 15221, 12478, 18594, 1477, 5637, 12058, 1205, 13397, 9107, 18654, 1968, 3759, 13147, 14144, 14973, 12452, 18020, 13592, 17920, 13687, 11335, 7207, 418, 7834, 778, 12982, 10688, 9031, 509, 9601, 9780, 17040, 12023, 3916, 91, 6536, 18535, 7547, 15240, 707, 14533, 15064, 17012, 16805, 8637, 5969, 16221, 1940, 13307, 4717, 12615, 18220, 11028, 12170, 1743, 2376, 12415, 14220, 18827, 1294, 18543, 6977, 15309, 11778, 11842, 17103, 3857, 4637, 12162, 19169, 17166, 18237, 17818, 9507, 19022, 5790, 19112, 15611, 1118, 15184, 18703, 1817, 15530, 16579, 8437, 11839, 11378, 3537, 9205, 9217, 16272, 18759, 16828, 12002, 8348, 1723, 3481, 14115, 379, 8544, 264, 6015, 7672, 2253, 7364, 3706, 13796, 17139, 16125, 12059, 9623, 7185, 2418, 18230, 3087, 281, 4379, 1796, 8459, 4400, 17824, 2736, 16446, 13525, 15341, 3275, 7872, 1662, 7557, 4319, 15442, 7181, 10456, 4963, 17048, 16943, 12784, 3441, 5240, 9975, 13216, 17702, 11594, 13554, 6165, 19168, 16070, 3540, 3262, 10661, 4061, 13173, 2875, 17014, 4349, 10818, 8428, 16764, 14232, 8930, 15734, 17680, 7069, 15684, 17050, 18987, 6914, 6863, 19263, 10595, 150, 10039, 2722, 18223, 16444, 6559, 7258, 2661, 7699, 17136, 12773, 4247, 5723, 15194, 1696, 1500, 2807, 9893, 11835, 13240, 18313, 17107, 10265, 10244, 5570, 2862, 14049, 1012, 12861, 723, 9583, 17461, 10056, 1264, 8297, 3716, 14666, 15259, 13531, 543, 13723, 16810, 6700, 3516, 13766, 7186, 10692, 6321, 15484, 14547, 8744, 3703, 10383, 16829, 6366, 6846, 3906, 2021, 18133, 857, 279, 12232, 10212, 10541, 12325, 13475, 1225, 937, 6966, 10881, 16936, 18502, 1440, 11914, 3326, 5633, 14913, 4623, 10743, 12361, 17335, 1072, 5043, 14810, 15077, 3255, 17215, 6553, 17852, 4801, 6962, 3060, 9430, 8799, 13824, 188, 15175, 15163, 4733, 5011, 3536, 17635, 6532, 14071, 6112, 17158, 6597, 11272, 105, 19219, 5013, 12483, 201, 6848, 17033, 6367, 7859, 14702, 18844, 7053, 18694, 15670, 636, 10129, 6378, 5369, 7273, 16247, 9142, 15345, 16817, 14854, 2600, 15783, 889, 11833, 6612, 2068, 2427, 7062, 7918, 16181, 5464, 8339, 8950, 8453, 16423, 6064, 2380, 4268, 13929, 12974, 19141, 1299, 2484, 3883, 3273, 8772, 13256, 11239, 5766, 18098, 12705, 11004, 2695, 10048, 10960, 2766, 15661, 13258, 8015, 6032, 16397, 7749, 19039, 7634, 15076, 4234, 15114, 8475, 8091, 19220, 18004, 9704, 13918, 15569, 16443, 10015, 9943, 7817, 9349, 2588, 8249, 398, 5316, 15538, 18372, 13559, 2937, 2803, 16248, 6155, 630, 9911, 13190, 19157, 15788, 13248, 13148, 1320, 12074, 8471, 8798, 3213, 12418, 814, 2402, 12718, 12397, 10564, 9875, 10128, 6947, 9491, 17707, 3266, 19196, 14309, 18523, 19043, 17975, 18063, 11618, 15016, 14434, 7680, 1739, 18029, 11694, 1745, 9271, 5189, 9561, 11283, 14978, 10753, 16017, 12914, 978, 2828, 17257, 13135, 5061, 121, 6602, 16015, 19271, 12159, 1244, 8260, 13195, 15873, 12815, 14291, 14515, 118, 4892, 14985, 9551, 12654, 4739, 927, 12176, 9523, 11726, 18187, 5880, 2569, 3386, 13942, 3390, 15774, 129, 65, 12922, 8422, 12692, 16213, 11515, 2111, 8347, 10758, 14064, 4401, 17782, 15621, 6709, 14716, 4091, 13964, 8424, 4218, 7249, 11311, 11171, 18564, 14755, 7114, 14009, 14815, 294, 495, 7684, 6833, 4046, 3505, 16995, 17858, 7761, 15803, 9840, 13958, 8226, 10369, 12497, 17142, 1748, 2854, 7159, 11539, 11055, 13337, 17173, 14214, 6803, 11144, 12649, 283, 15489, 13174, 7015, 610, 7030, 18206, 14077, 15468, 14962, 8046, 7809, 17387, 16034, 16678, 1173, 3502, 12942, 15655, 16859, 7099, 1673, 446, 1365, 5881, 3713, 11697, 1897, 16001, 1702, 14149, 11876, 9341, 4325, 6923, 2001, 138, 3276, 18716, 17604, 10501, 115, 12800, 6111, 11148, 4549, 16057, 4707, 6843, 16091, 4295, 7519, 13708, 12409, 11018, 5052, 13566, 14715, 12755, 793, 10837, 1888, 12375, 3935, 5763, 11791, 11258, 13264, 11469, 4683, 8905, 1853, 11600, 4421, 2798, 5074, 18141, 13807, 8595, 8126, 13837, 8060, 6956, 11767, 14560, 9389, 15261, 1232, 12560, 7262, 11504, 3546, 4627, 1177, 517, 4008, 9219, 17696, 4148, 14124, 13243, 11235, 7561, 8331, 16320, 3591, 11341, 4015, 12028, 14929, 18601, 3528, 14065, 1510, 19191, 13833, 17616, 10869, 17689, 831, 16725, 6319, 15465, 10467, 8162, 13563, 7728, 10778, 13545, 12290, 16480, 14401, 12838, 4212, 17529, 4832, 15111, 12690, 10373, 7596, 18614, 17477, 1043, 13100, 4774, 17479, 3774, 9302, 3901, 13071, 6412, 9516, 1261, 3054, 13522, 17602, 14343, 18500, 10957, 2791, 9624, 3634, 17904, 5709, 14670, 11058, 7087, 7435, 13848, 82, 5565, 2562, 14029, 3583, 1676, 12709, 18473, 3158, 12787, 8068, 8263, 16146, 3593, 1802, 1861, 3348, 4487, 17749, 6105, 10471, 17472, 10200, 1182, 14180, 1076, 10156, 4839, 9903, 4879, 9720, 2157, 15344, 16067, 3064, 17182, 5368, 4987, 18484, 18923, 11896, 1052, 15727, 15289, 5885, 1933, 5251, 17072, 6038, 6195, 13524, 6606, 18506, 17536, 6784, 3231, 14121, 8925, 10030, 803, 13764, 146, 19268, 14099, 4130, 16372, 1537, 12248, 13718, 17187, 11728, 1740, 19233, 5600, 4092, 4779, 6028, 3395, 16152, 19150, 2417, 11980, 11237, 8427, 18127, 3538, 9257, 607, 2078, 18457, 5802, 3435, 15019, 4256, 9221, 13465, 11742, 5788, 9528, 17493, 4607, 3131, 6616, 5356, 1550, 4617, 8827, 849, 2601, 4437, 17861, 10261, 15704, 3890, 8149, 12063, 3086, 15925, 12301, 6847, 5603, 7768, 3187, 13372, 9258, 6584, 7594, 2603, 1835, 17380, 17193, 15251, 15937, 18731, 4082, 14911, 16626, 8824, 16208, 10167, 17711, 9678, 15852, 13620, 16479, 14586, 2446, 4866, 1315, 7746, 10615, 7927, 2443, 7157, 13506, 18410, 10494]",5559,1500,3,False,1500
1677,transport traffic,transport traffic,66,True,True,True,"{21: 26, 33: 14, 2: 18, 29: 13, 25: 57, 43: 9, 57: 16, 49: 16, 61: 14, 67: 52, 65: 21, 50: 28, 15: 53, 6: 13, 46: 15, 27: 69, 7: 65, 48: 67, 19: 21, 31: 14, 63: 26, 22: 39, 9: 79, 26: 40, 47: 15, 53: 66, 11: 19, 51: 26, 54: 9, 13: 32, 17: 37, 52: 30, 39: 27, 38: 19, 1: 6, 59: 33, 56: 23, 32: 9, 8: 25, 4: 12, 20: 26, 24: 7, 18: 31, 42: 7, 28: 31, 45: 57, 0: 13, 66: 11, 62: 11, 35: 7, 64: 15, 37: 2, 40: 25, 3: 3, 14: 5, 12: 8, 16: 15, 55: 16, 30: 13, 58: 6, 36: 4, 60: 5, 5: 3, 41: 2, 44: 2, 34: 2}","[12686, 3384, 6034, 14374, 14516, 14680, 18580, 5912, 661, 4433, 14182, 14634, 14672, 13694, 17233, 12320, 12666, 7276, 14925, 15315, 1125, 14820, 3769, 14096, 12401, 14972, 14176, 4685, 4278, 5735, 7514, 16051, 15882, 4696, 17145, 19193, 12994, 9901, 13641, 15193, 6739, 9240, 1608, 14664, 18117, 5676, 15714, 5964, 5329, 16651, 15936, 14441, 15878, 18316, 14255, 18692, 5858, 4640, 10716, 13839, 16635, 2097, 11464, 12427, 2320, 14629, 7617, 16183, 16205, 2170, 4384, 6683, 5285, 18707, 6780, 4231, 2404, 4895, 18091, 2944, 13054, 3904, 3491, 9455, 15985, 10432, 8657, 15304, 9114, 5838, 5197, 17244, 6207, 3970, 17246, 3950, 6168, 8697, 6800, 9942, 11118, 8582, 6355, 15275, 4581, 12724, 11921, 1833, 523, 7619, 15729, 176, 8576, 3101, 1573, 1283, 11796, 11277, 2547, 1738, 6806, 15187, 7129, 5179, 5854, 16373, 9231, 6270, 777, 2062, 13249, 4144, 6325, 3924, 5350, 14414, 3142, 2249, 6444, 13582, 2833, 18030, 6483, 18404, 15057, 7482, 15001, 15872, 14584, 10835, 954, 7257, 1381, 17819, 17518, 6497, 14430, 4901, 16466, 10805, 132, 7506, 755, 14427, 12119, 16613, 19042, 14994, 11257, 8042, 2144, 5966, 1580, 8010, 2550, 10684, 14088, 5037, 8764, 17076, 14185, 15984, 5299, 16601, 19182, 13197, 14561, 12605, 17010, 2703, 6715, 11207, 10188, 212, 2293, 17676, 1720, 5934, 112, 8568, 15870, 3226, 4524, 4431, 5141, 5383, 7609, 12807, 19001, 14368, 6704, 14903, 4172, 117, 18698, 1699, 16558, 7518, 10618, 2110, 10308, 7828, 6623, 17644, 4449, 951, 13858, 15106, 8402, 916, 4771, 8608, 6448, 6656, 13547, 2814, 8336, 8093, 6398, 637, 9909, 10621, 786, 14146, 17292, 9457, 3, 2884, 14785, 10504, 16361, 8181, 17690, 654, 11067, 18741, 386, 18208, 10130, 8079, 7082, 14740, 8076, 18619, 14428, 10992, 12679, 9431, 18328, 13606, 7641, 13542, 1002, 11975, 15646, 19078, 1352, 8683, 16053, 11763, 14823, 7059, 4995, 3754, 6213, 10090, 19084, 1973, 8131, 5353, 836, 13960, 3217, 4885, 9645, 16941, 14750, 13171, 9132, 1355, 4440, 15747, 8233, 6008, 12781, 16749, 13905, 18198, 5033, 2910, 16502, 1233, 965, 16926, 3944, 13518, 18213, 12739, 9972, 14609, 5764, 6128, 9532, 12680, 3672, 5458, 6822, 11547, 3163, 8040, 14081, 8369, 18182, 17541, 11552, 12451, 15074, 1783, 17730, 1690, 16992, 2490, 2459, 18065, 320, 18311, 45, 9495, 4572, 544, 12731, 16811, 15096, 14957, 4594, 16607, 2449, 7791, 13659, 8892, 1713, 17336, 6598, 13832, 10495, 18937, 3067, 3473, 12715, 13492, 14787, 16503, 17899, 16638, 2408, 7141, 10590, 2917, 14650, 12571, 4321, 2855, 1829, 3736, 3381, 11069, 16093, 15201, 14311, 9836, 18289, 16899, 897, 13981, 12223, 8884, 15721, 7778, 13648, 5737, 6550, 19249, 2715, 447, 12941, 8915, 18963, 16291, 760, 5869, 3635, 3439, 6740, 5003, 3174, 2945, 16056, 4860, 11216, 7363, 1147, 12124, 9764, 11245, 4361, 7784, 16285, 17057, 11203, 5114, 17655, 12056, 17890, 7741, 15799, 10258, 16088, 19222, 15303, 1433, 5991, 322, 2322, 3156, 9940, 7814, 17068, 16968, 10018, 1991, 11946, 8705, 10371, 4619, 11074, 2034, 15550, 11743, 18666, 13494, 14175, 13948, 15123, 11154, 10397, 1701, 4770, 839, 12085, 16500, 16241, 1535, 18782, 2221, 539, 18405, 4245, 103, 1571, 16945, 12196, 9441, 1732, 1367, 3596, 4794, 7230, 5245, 17483, 2955, 2003, 11509, 4044, 12934, 3456, 16693, 593, 4582, 14076, 10972, 1965, 7227, 14324, 8658, 3772, 8355, 11889, 1908, 2684, 10026, 1666, 16507, 5589, 9295, 8389, 2099, 18653, 13808, 19147, 6675, 10970, 2788, 19028, 16983, 16166, 9845, 8160, 11381, 10088, 10333, 11716, 14695, 12697, 4365, 3747, 17296, 11904, 74, 7047, 10639, 13094, 940, 10478, 2032, 6642, 14896, 10840, 5430, 5556, 12597, 2183, 18403, 4252, 14613, 18283, 8790, 12140, 13540, 13353, 14114, 13297, 4056, 14038, 11299, 13770, 11433, 14285, 1526, 1955, 15711, 255, 12481, 612, 1635, 4886, 357, 11434, 9524, 13106, 2607, 5391, 9406, 2331, 624, 2749, 17849, 9829, 11436, 18426, 9481, 18550, 15647, 532, 11720, 11824, 15610, 15741, 7902, 13558, 17967, 14539, 17889, 4631, 1238, 16921, 7787, 15293, 3108, 8215, 2851, 4514, 12938, 16730, 17178, 4890, 17960, 4725, 7917, 3191, 8231, 16341, 8195, 10913, 2173, 5557, 2637, 16896, 5806, 1815, 1451, 8864, 2290, 12108, 5328, 6203, 2431, 7508, 17898, 17188, 6897, 1199, 15526, 18437, 6631, 8644, 16917, 14964, 14233, 2454, 584, 4830, 7199, 4180, 14889, 5761, 13756, 6917, 7756, 18880, 15095, 1816, 14070, 16252, 7429, 16589, 1631, 15968, 15221, 12478, 18594, 1477, 5637, 12058, 1205, 13397, 9107, 18654, 1968, 3759, 13147, 14144, 14973, 12452, 18020, 13592, 17920, 13687, 11335, 7207, 418, 7834, 778, 12982, 10688, 9031, 509, 9601, 9780, 17040, 12023, 3916, 91, 6536, 18535, 7547, 15240, 707, 14533, 15064, 17012, 16805, 8637, 5969, 16221, 1940, 13307, 4717, 12615, 18220, 11028, 12170, 1743, 2376, 12415, 14220, 18827, 1294, 18543, 6977, 15309, 11778, 11842, 17103, 3857, 4637, 12162, 19169, 17166, 18237, 17818, 9507, 19022, 5790, 19112, 15611, 1118, 15184, 18703, 1817, 15530, 16579, 8437, 11839, 11378, 3537, 9205, 9217, 16272, 18759, 16828, 12002, 8348, 1723, 3481, 14115, 379, 8544, 264, 6015, 7672, 2253, 7364, 3706, 13796, 17139, 16125, 12059, 9623, 7185, 2418, 18230, 3087, 281, 4379, 1796, 8459, 4400, 17824, 2736, 16446, 13525, 15341, 3275, 7872, 1662, 7557, 4319, 15442, 7181, 10456, 4963, 17048, 16943, 12784, 3441, 5240, 9975, 13216, 17702, 11594, 13554, 6165, 19168, 16070, 3540, 3262, 10661, 4061, 13173, 2875, 17014, 4349, 10818, 8428, 16764, 14232, 8930, 15734, 17680, 7069, 15684, 17050, 18987, 6914, 6863, 19263, 10595, 150, 10039, 2722, 18223, 16444, 6559, 7258, 2661, 7699, 17136, 12773, 4247, 5723, 15194, 1696, 1500, 2807, 9893, 11835, 13240, 18313, 17107, 10265, 10244, 5570, 2862, 14049, 1012, 12861, 723, 9583, 17461, 10056, 1264, 8297, 3716, 14666, 15259, 13531, 543, 13723, 16810, 6700, 3516, 13766, 7186, 10692, 6321, 15484, 14547, 8744, 3703, 10383, 16829, 6366, 6846, 3906, 2021, 18133, 857, 279, 12232, 10212, 10541, 12325, 13475, 1225, 937, 6966, 10881, 16936, 18502, 1440, 11914, 3326, 5633, 14913, 4623, 10743, 12361, 17335, 1072, 5043, 14810, 15077, 3255, 17215, 6553, 17852, 4801, 6962, 3060, 9430, 8799, 13824, 188, 15175, 15163, 4733, 5011, 3536, 17635, 6532, 14071, 6112, 17158, 6597, 11272, 105, 19219, 5013, 12483, 201, 6848, 17033, 6367, 7859, 14702, 18844, 7053, 18694, 15670, 636, 10129, 6378, 5369, 7273, 16247, 9142, 15345, 16817, 14854, 2600, 15783, 889, 11833, 6612, 2068, 2427, 7062, 7918, 16181, 5464, 8339, 8950, 8453, 16423, 6064, 2380, 4268, 13929, 12974, 19141, 1299, 2484, 3883, 3273, 8772, 13256, 11239, 5766, 18098, 12705, 11004, 2695, 10048, 10960, 2766, 15661, 13258, 8015, 6032, 16397, 7749, 19039, 7634, 15076, 4234, 15114, 8475, 8091, 19220, 18004, 9704, 13918, 15569, 16443, 10015, 9943, 7817, 9349, 2588, 8249, 398, 5316, 15538, 18372, 13559, 2937, 2803, 16248, 6155, 630, 9911, 13190, 19157, 15788, 13248, 13148, 1320, 12074, 8471, 8798, 3213, 12418, 814, 2402, 12718, 12397, 10564, 9875, 10128, 6947, 9491, 17707, 3266, 19196, 14309, 18523, 19043, 17975, 18063, 11618, 15016, 14434, 7680, 1739, 18029, 11694, 1745, 9271, 5189, 9561, 11283, 14978, 10753, 16017, 12914, 978, 2828, 17257, 13135, 5061, 121, 6602, 16015, 19271, 12159, 1244, 8260, 13195, 15873, 12815, 14291, 14515, 118, 4892, 14985, 9551, 12654, 4739, 927, 12176, 9523, 11726, 18187, 5880, 2569, 3386, 13942, 3390, 15774, 129, 65, 12922, 8422, 12692, 16213, 11515, 2111, 8347, 10758, 14064, 4401, 17782, 15621, 6709, 14716, 4091, 13964, 8424, 4218, 7249, 11311, 11171, 18564, 14755, 7114, 14009, 14815, 294, 495, 7684, 6833, 4046, 3505, 16995, 17858, 7761, 15803, 9840, 13958, 8226, 10369, 12497, 17142, 1748, 2854, 7159, 11539, 11055, 13337, 17173, 14214, 6803, 11144, 12649, 283, 15489, 13174, 7015, 610, 7030, 18206, 14077, 15468, 14962, 8046, 7809, 17387, 16034, 16678, 1173, 3502, 12942, 15655, 16859, 7099, 1673, 446, 1365, 5881, 3713, 11697, 1897, 16001, 1702, 14149, 11876, 9341, 4325, 6923, 2001, 138, 3276, 18716, 17604, 10501, 115, 12800, 6111, 11148, 4549, 16057, 4707, 6843, 16091, 4295, 7519, 13708, 12409, 11018, 5052, 13566, 14715, 12755, 793, 10837, 1888, 12375, 3935, 5763, 11791, 11258, 13264, 11469, 4683, 8905, 1853, 11600, 4421, 2798, 5074, 18141, 13807, 8595, 8126, 13837, 8060, 6956, 11767, 14560, 9389, 15261, 1232, 12560, 7262, 11504, 3546, 4627, 1177, 517, 4008, 9219, 17696, 4148, 14124, 13243, 11235, 7561, 8331, 16320, 3591, 11341, 4015, 12028, 14929, 18601, 3528, 14065, 1510, 19191, 13833, 17616, 10869, 17689, 831, 16725, 6319, 15465, 10467, 8162, 13563, 7728, 10778, 13545, 12290, 16480, 14401, 12838, 4212, 17529, 4832, 15111, 12690, 10373, 7596, 18614, 17477, 1043, 13100, 4774, 17479, 3774, 9302, 3901, 13071, 6412, 9516, 1261, 3054, 13522, 17602, 14343, 18500, 10957, 2791, 9624, 3634, 17904, 5709, 14670, 11058, 7087, 7435, 13848, 82, 5565, 2562, 14029, 3583, 1676, 12709, 18473, 3158, 12787, 8068, 8263, 16146, 3593, 1802, 1861, 3348, 4487, 17749, 6105, 10471, 17472, 10200, 1182, 14180, 1076, 10156, 4839, 9903, 4879, 9720, 2157, 15344, 16067, 3064, 17182, 5368, 4987, 18484, 18923, 11896, 1052, 15727, 15289, 5885, 1933, 5251, 17072, 6038, 6195, 13524, 6606, 18506, 17536, 6784, 3231, 14121, 8925, 10030, 803, 13764, 146, 19268, 14099, 4130, 16372, 1537, 12248, 13718, 17187, 11728, 1740, 19233, 5600, 4092, 4779, 6028, 3395, 16152, 19150, 2417, 11980, 11237, 8427, 18127, 3538, 9257, 607, 2078, 18457, 5802, 3435, 15019, 4256, 9221, 13465, 11742, 5788, 9528, 17493, 4607, 3131, 6616, 5356, 1550, 4617, 8827, 849, 2601, 4437, 17861, 10261, 15704, 3890, 8149, 12063, 3086, 15925, 12301, 6847, 5603, 7768, 3187, 13372, 9258, 6584, 7594, 2603, 1835, 17380, 17193, 15251, 15937, 18731, 4082, 14911, 16626, 8824, 16208, 10167, 17711, 9678, 15852, 13620, 16479, 14586, 2446, 4866, 1315, 7746, 10615, 7927, 2443, 7157, 13506, 18410, 10494]",1677,1500,3,False,1500
3048,email sendemail,email s,17,True,True,False,"{21: 26, 33: 14, 2: 18, 29: 13, 25: 57, 43: 9, 57: 16, 49: 16, 61: 14, 67: 52, 65: 21, 50: 28, 15: 53, 6: 13, 46: 15, 27: 69, 7: 65, 48: 67, 19: 21, 31: 14, 63: 26, 22: 39, 9: 79, 26: 40, 47: 15, 53: 66, 11: 19, 51: 26, 54: 9, 13: 32, 17: 37, 52: 30, 39: 27, 38: 19, 1: 6, 59: 33, 56: 23, 32: 9, 8: 25, 4: 12, 20: 26, 24: 7, 18: 31, 42: 7, 28: 31, 45: 57, 0: 13, 66: 11, 62: 11, 35: 7, 64: 15, 37: 2, 40: 25, 3: 3, 14: 5, 12: 8, 16: 15, 55: 16, 30: 13, 58: 6, 36: 4, 60: 5, 5: 3, 41: 2, 44: 2, 34: 2}","[12686, 3384, 6034, 14374, 14516, 14680, 18580, 5912, 661, 4433, 14182, 14634, 14672, 13694, 17233, 12320, 12666, 7276, 14925, 15315, 1125, 14820, 3769, 14096, 12401, 14972, 14176, 4685, 4278, 5735, 7514, 16051, 15882, 4696, 17145, 19193, 12994, 9901, 13641, 15193, 6739, 9240, 1608, 14664, 18117, 5676, 15714, 5964, 5329, 16651, 15936, 14441, 15878, 18316, 14255, 18692, 5858, 4640, 10716, 13839, 16635, 2097, 11464, 12427, 2320, 14629, 7617, 16183, 16205, 2170, 4384, 6683, 5285, 18707, 6780, 4231, 2404, 4895, 18091, 2944, 13054, 3904, 3491, 9455, 15985, 10432, 8657, 15304, 9114, 5838, 5197, 17244, 6207, 3970, 17246, 3950, 6168, 8697, 6800, 9942, 11118, 8582, 6355, 15275, 4581, 12724, 11921, 1833, 523, 7619, 15729, 176, 8576, 3101, 1573, 1283, 11796, 11277, 2547, 1738, 6806, 15187, 7129, 5179, 5854, 16373, 9231, 6270, 777, 2062, 13249, 4144, 6325, 3924, 5350, 14414, 3142, 2249, 6444, 13582, 2833, 18030, 6483, 18404, 15057, 7482, 15001, 15872, 14584, 10835, 954, 7257, 1381, 17819, 17518, 6497, 14430, 4901, 16466, 10805, 132, 7506, 755, 14427, 12119, 16613, 19042, 14994, 11257, 8042, 2144, 5966, 1580, 8010, 2550, 10684, 14088, 5037, 8764, 17076, 14185, 15984, 5299, 16601, 19182, 13197, 14561, 12605, 17010, 2703, 6715, 11207, 10188, 212, 2293, 17676, 1720, 5934, 112, 8568, 15870, 3226, 4524, 4431, 5141, 5383, 7609, 12807, 19001, 14368, 6704, 14903, 4172, 117, 18698, 1699, 16558, 7518, 10618, 2110, 10308, 7828, 6623, 17644, 4449, 951, 13858, 15106, 8402, 916, 4771, 8608, 6448, 6656, 13547, 2814, 8336, 8093, 6398, 637, 9909, 10621, 786, 14146, 17292, 9457, 3, 2884, 14785, 10504, 16361, 8181, 17690, 654, 11067, 18741, 386, 18208, 10130, 8079, 7082, 14740, 8076, 18619, 14428, 10992, 12679, 9431, 18328, 13606, 7641, 13542, 1002, 11975, 15646, 19078, 1352, 8683, 16053, 11763, 14823, 7059, 4995, 3754, 6213, 10090, 19084, 1973, 8131, 5353, 836, 13960, 3217, 4885, 9645, 16941, 14750, 13171, 9132, 1355, 4440, 15747, 8233, 6008, 12781, 16749, 13905, 18198, 5033, 2910, 16502, 1233, 965, 16926, 3944, 13518, 18213, 12739, 9972, 14609, 5764, 6128, 9532, 12680, 3672, 5458, 6822, 11547, 3163, 8040, 14081, 8369, 18182, 17541, 11552, 12451, 15074, 1783, 17730, 1690, 16992, 2490, 2459, 18065, 320, 18311, 45, 9495, 4572, 544, 12731, 16811, 15096, 14957, 4594, 16607, 2449, 7791, 13659, 8892, 1713, 17336, 6598, 13832, 10495, 18937, 3067, 3473, 12715, 13492, 14787, 16503, 17899, 16638, 2408, 7141, 10590, 2917, 14650, 12571, 4321, 2855, 1829, 3736, 3381, 11069, 16093, 15201, 14311, 9836, 18289, 16899, 897, 13981, 12223, 8884, 15721, 7778, 13648, 5737, 6550, 19249, 2715, 447, 12941, 8915, 18963, 16291, 760, 5869, 3635, 3439, 6740, 5003, 3174, 2945, 16056, 4860, 11216, 7363, 1147, 12124, 9764, 11245, 4361, 7784, 16285, 17057, 11203, 5114, 17655, 12056, 17890, 7741, 15799, 10258, 16088, 19222, 15303, 1433, 5991, 322, 2322, 3156, 9940, 7814, 17068, 16968, 10018, 1991, 11946, 8705, 10371, 4619, 11074, 2034, 15550, 11743, 18666, 13494, 14175, 13948, 15123, 11154, 10397, 1701, 4770, 839, 12085, 16500, 16241, 1535, 18782, 2221, 539, 18405, 4245, 103, 1571, 16945, 12196, 9441, 1732, 1367, 3596, 4794, 7230, 5245, 17483, 2955, 2003, 11509, 4044, 12934, 3456, 16693, 593, 4582, 14076, 10972, 1965, 7227, 14324, 8658, 3772, 8355, 11889, 1908, 2684, 10026, 1666, 16507, 5589, 9295, 8389, 2099, 18653, 13808, 19147, 6675, 10970, 2788, 19028, 16983, 16166, 9845, 8160, 11381, 10088, 10333, 11716, 14695, 12697, 4365, 3747, 17296, 11904, 74, 7047, 10639, 13094, 940, 10478, 2032, 6642, 14896, 10840, 5430, 5556, 12597, 2183, 18403, 4252, 14613, 18283, 8790, 12140, 13540, 13353, 14114, 13297, 4056, 14038, 11299, 13770, 11433, 14285, 1526, 1955, 15711, 255, 12481, 612, 1635, 4886, 357, 11434, 9524, 13106, 2607, 5391, 9406, 2331, 624, 2749, 17849, 9829, 11436, 18426, 9481, 18550, 15647, 532, 11720, 11824, 15610, 15741, 7902, 13558, 17967, 14539, 17889, 4631, 1238, 16921, 7787, 15293, 3108, 8215, 2851, 4514, 12938, 16730, 17178, 4890, 17960, 4725, 7917, 3191, 8231, 16341, 8195, 10913, 2173, 5557, 2637, 16896, 5806, 1815, 1451, 8864, 2290, 12108, 5328, 6203, 2431, 7508, 17898, 17188, 6897, 1199, 15526, 18437, 6631, 8644, 16917, 14964, 14233, 2454, 584, 4830, 7199, 4180, 14889, 5761, 13756, 6917, 7756, 18880, 15095, 1816, 14070, 16252, 7429, 16589, 1631, 15968, 15221, 12478, 18594, 1477, 5637, 12058, 1205, 13397, 9107, 18654, 1968, 3759, 13147, 14144, 14973, 12452, 18020, 13592, 17920, 13687, 11335, 7207, 418, 7834, 778, 12982, 10688, 9031, 509, 9601, 9780, 17040, 12023, 3916, 91, 6536, 18535, 7547, 15240, 707, 14533, 15064, 17012, 16805, 8637, 5969, 16221, 1940, 13307, 4717, 12615, 18220, 11028, 12170, 1743, 2376, 12415, 14220, 18827, 1294, 18543, 6977, 15309, 11778, 11842, 17103, 3857, 4637, 12162, 19169, 17166, 18237, 17818, 9507, 19022, 5790, 19112, 15611, 1118, 15184, 18703, 1817, 15530, 16579, 8437, 11839, 11378, 3537, 9205, 9217, 16272, 18759, 16828, 12002, 8348, 1723, 3481, 14115, 379, 8544, 264, 6015, 7672, 2253, 7364, 3706, 13796, 17139, 16125, 12059, 9623, 7185, 2418, 18230, 3087, 281, 4379, 1796, 8459, 4400, 17824, 2736, 16446, 13525, 15341, 3275, 7872, 1662, 7557, 4319, 15442, 7181, 10456, 4963, 17048, 16943, 12784, 3441, 5240, 9975, 13216, 17702, 11594, 13554, 6165, 19168, 16070, 3540, 3262, 10661, 4061, 13173, 2875, 17014, 4349, 10818, 8428, 16764, 14232, 8930, 15734, 17680, 7069, 15684, 17050, 18987, 6914, 6863, 19263, 10595, 150, 10039, 2722, 18223, 16444, 6559, 7258, 2661, 7699, 17136, 12773, 4247, 5723, 15194, 1696, 1500, 2807, 9893, 11835, 13240, 18313, 17107, 10265, 10244, 5570, 2862, 14049, 1012, 12861, 723, 9583, 17461, 10056, 1264, 8297, 3716, 14666, 15259, 13531, 543, 13723, 16810, 6700, 3516, 13766, 7186, 10692, 6321, 15484, 14547, 8744, 3703, 10383, 16829, 6366, 6846, 3906, 2021, 18133, 857, 279, 12232, 10212, 10541, 12325, 13475, 1225, 937, 6966, 10881, 16936, 18502, 1440, 11914, 3326, 5633, 14913, 4623, 10743, 12361, 17335, 1072, 5043, 14810, 15077, 3255, 17215, 6553, 17852, 4801, 6962, 3060, 9430, 8799, 13824, 188, 15175, 15163, 4733, 5011, 3536, 17635, 6532, 14071, 6112, 17158, 6597, 11272, 105, 19219, 5013, 12483, 201, 6848, 17033, 6367, 7859, 14702, 18844, 7053, 18694, 15670, 636, 10129, 6378, 5369, 7273, 16247, 9142, 15345, 16817, 14854, 2600, 15783, 889, 11833, 6612, 2068, 2427, 7062, 7918, 16181, 5464, 8339, 8950, 8453, 16423, 6064, 2380, 4268, 13929, 12974, 19141, 1299, 2484, 3883, 3273, 8772, 13256, 11239, 5766, 18098, 12705, 11004, 2695, 10048, 10960, 2766, 15661, 13258, 8015, 6032, 16397, 7749, 19039, 7634, 15076, 4234, 15114, 8475, 8091, 19220, 18004, 9704, 13918, 15569, 16443, 10015, 9943, 7817, 9349, 2588, 8249, 398, 5316, 15538, 18372, 13559, 2937, 2803, 16248, 6155, 630, 9911, 13190, 19157, 15788, 13248, 13148, 1320, 12074, 8471, 8798, 3213, 12418, 814, 2402, 12718, 12397, 10564, 9875, 10128, 6947, 9491, 17707, 3266, 19196, 14309, 18523, 19043, 17975, 18063, 11618, 15016, 14434, 7680, 1739, 18029, 11694, 1745, 9271, 5189, 9561, 11283, 14978, 10753, 16017, 12914, 978, 2828, 17257, 13135, 5061, 121, 6602, 16015, 19271, 12159, 1244, 8260, 13195, 15873, 12815, 14291, 14515, 118, 4892, 14985, 9551, 12654, 4739, 927, 12176, 9523, 11726, 18187, 5880, 2569, 3386, 13942, 3390, 15774, 129, 65, 12922, 8422, 12692, 16213, 11515, 2111, 8347, 10758, 14064, 4401, 17782, 15621, 6709, 14716, 4091, 13964, 8424, 4218, 7249, 11311, 11171, 18564, 14755, 7114, 14009, 14815, 294, 495, 7684, 6833, 4046, 3505, 16995, 17858, 7761, 15803, 9840, 13958, 8226, 10369, 12497, 17142, 1748, 2854, 7159, 11539, 11055, 13337, 17173, 14214, 6803, 11144, 12649, 283, 15489, 13174, 7015, 610, 7030, 18206, 14077, 15468, 14962, 8046, 7809, 17387, 16034, 16678, 1173, 3502, 12942, 15655, 16859, 7099, 1673, 446, 1365, 5881, 3713, 11697, 1897, 16001, 1702, 14149, 11876, 9341, 4325, 6923, 2001, 138, 3276, 18716, 17604, 10501, 115, 12800, 6111, 11148, 4549, 16057, 4707, 6843, 16091, 4295, 7519, 13708, 12409, 11018, 5052, 13566, 14715, 12755, 793, 10837, 1888, 12375, 3935, 5763, 11791, 11258, 13264, 11469, 4683, 8905, 1853, 11600, 4421, 2798, 5074, 18141, 13807, 8595, 8126, 13837, 8060, 6956, 11767, 14560, 9389, 15261, 1232, 12560, 7262, 11504, 3546, 4627, 1177, 517, 4008, 9219, 17696, 4148, 14124, 13243, 11235, 7561, 8331, 16320, 3591, 11341, 4015, 12028, 14929, 18601, 3528, 14065, 1510, 19191, 13833, 17616, 10869, 17689, 831, 16725, 6319, 15465, 10467, 8162, 13563, 7728, 10778, 13545, 12290, 16480, 14401, 12838, 4212, 17529, 4832, 15111, 12690, 10373, 7596, 18614, 17477, 1043, 13100, 4774, 17479, 3774, 9302, 3901, 13071, 6412, 9516, 1261, 3054, 13522, 17602, 14343, 18500, 10957, 2791, 9624, 3634, 17904, 5709, 14670, 11058, 7087, 7435, 13848, 82, 5565, 2562, 14029, 3583, 1676, 12709, 18473, 3158, 12787, 8068, 8263, 16146, 3593, 1802, 1861, 3348, 4487, 17749, 6105, 10471, 17472, 10200, 1182, 14180, 1076, 10156, 4839, 9903, 4879, 9720, 2157, 15344, 16067, 3064, 17182, 5368, 4987, 18484, 18923, 11896, 1052, 15727, 15289, 5885, 1933, 5251, 17072, 6038, 6195, 13524, 6606, 18506, 17536, 6784, 3231, 14121, 8925, 10030, 803, 13764, 146, 19268, 14099, 4130, 16372, 1537, 12248, 13718, 17187, 11728, 1740, 19233, 5600, 4092, 4779, 6028, 3395, 16152, 19150, 2417, 11980, 11237, 8427, 18127, 3538, 9257, 607, 2078, 18457, 5802, 3435, 15019, 4256, 9221, 13465, 11742, 5788, 9528, 17493, 4607, 3131, 6616, 5356, 1550, 4617, 8827, 849, 2601, 4437, 17861, 10261, 15704, 3890, 8149, 12063, 3086, 15925, 12301, 6847, 5603, 7768, 3187, 13372, 9258, 6584, 7594, 2603, 1835, 17380, 17193, 15251, 15937, 18731, 4082, 14911, 16626, 8824, 16208, 10167, 17711, 9678, 15852, 13620, 16479, 14586, 2446, 4866, 1315, 7746, 10615, 7927, 2443, 7157, 13506, 18410, 10494]",3048,1500,3,False,1500
6352,qa definition,cooking reci,11,True,False,True,"{21: 26, 33: 14, 2: 18, 29: 13, 25: 57, 43: 9, 57: 16, 49: 16, 61: 14, 67: 52, 65: 21, 50: 28, 15: 53, 6: 13, 46: 15, 27: 69, 7: 65, 48: 67, 19: 21, 31: 14, 63: 26, 22: 39, 9: 79, 26: 40, 47: 15, 53: 66, 11: 19, 51: 26, 54: 9, 13: 32, 17: 37, 52: 30, 39: 27, 38: 19, 1: 6, 59: 33, 56: 23, 32: 9, 8: 25, 4: 12, 20: 26, 24: 7, 18: 31, 42: 7, 28: 31, 45: 57, 0: 13, 66: 11, 62: 11, 35: 7, 64: 15, 37: 2, 40: 25, 3: 3, 14: 5, 12: 8, 16: 15, 55: 16, 30: 13, 58: 6, 36: 4, 60: 5, 5: 3, 41: 2, 44: 2, 34: 2}","[12686, 3384, 6034, 14374, 14516, 14680, 18580, 5912, 661, 4433, 14182, 14634, 14672, 13694, 17233, 12320, 12666, 7276, 14925, 15315, 1125, 14820, 3769, 14096, 12401, 14972, 14176, 4685, 4278, 5735, 7514, 16051, 15882, 4696, 17145, 19193, 12994, 9901, 13641, 15193, 6739, 9240, 1608, 14664, 18117, 5676, 15714, 5964, 5329, 16651, 15936, 14441, 15878, 18316, 14255, 18692, 5858, 4640, 10716, 13839, 16635, 2097, 11464, 12427, 2320, 14629, 7617, 16183, 16205, 2170, 4384, 6683, 5285, 18707, 6780, 4231, 2404, 4895, 18091, 2944, 13054, 3904, 3491, 9455, 15985, 10432, 8657, 15304, 9114, 5838, 5197, 17244, 6207, 3970, 17246, 3950, 6168, 8697, 6800, 9942, 11118, 8582, 6355, 15275, 4581, 12724, 11921, 1833, 523, 7619, 15729, 176, 8576, 3101, 1573, 1283, 11796, 11277, 2547, 1738, 6806, 15187, 7129, 5179, 5854, 16373, 9231, 6270, 777, 2062, 13249, 4144, 6325, 3924, 5350, 14414, 3142, 2249, 6444, 13582, 2833, 18030, 6483, 18404, 15057, 7482, 15001, 15872, 14584, 10835, 954, 7257, 1381, 17819, 17518, 6497, 14430, 4901, 16466, 10805, 132, 7506, 755, 14427, 12119, 16613, 19042, 14994, 11257, 8042, 2144, 5966, 1580, 8010, 2550, 10684, 14088, 5037, 8764, 17076, 14185, 15984, 5299, 16601, 19182, 13197, 14561, 12605, 17010, 2703, 6715, 11207, 10188, 212, 2293, 17676, 1720, 5934, 112, 8568, 15870, 3226, 4524, 4431, 5141, 5383, 7609, 12807, 19001, 14368, 6704, 14903, 4172, 117, 18698, 1699, 16558, 7518, 10618, 2110, 10308, 7828, 6623, 17644, 4449, 951, 13858, 15106, 8402, 916, 4771, 8608, 6448, 6656, 13547, 2814, 8336, 8093, 6398, 637, 9909, 10621, 786, 14146, 17292, 9457, 3, 2884, 14785, 10504, 16361, 8181, 17690, 654, 11067, 18741, 386, 18208, 10130, 8079, 7082, 14740, 8076, 18619, 14428, 10992, 12679, 9431, 18328, 13606, 7641, 13542, 1002, 11975, 15646, 19078, 1352, 8683, 16053, 11763, 14823, 7059, 4995, 3754, 6213, 10090, 19084, 1973, 8131, 5353, 836, 13960, 3217, 4885, 9645, 16941, 14750, 13171, 9132, 1355, 4440, 15747, 8233, 6008, 12781, 16749, 13905, 18198, 5033, 2910, 16502, 1233, 965, 16926, 3944, 13518, 18213, 12739, 9972, 14609, 5764, 6128, 9532, 12680, 3672, 5458, 6822, 11547, 3163, 8040, 14081, 8369, 18182, 17541, 11552, 12451, 15074, 1783, 17730, 1690, 16992, 2490, 2459, 18065, 320, 18311, 45, 9495, 4572, 544, 12731, 16811, 15096, 14957, 4594, 16607, 2449, 7791, 13659, 8892, 1713, 17336, 6598, 13832, 10495, 18937, 3067, 3473, 12715, 13492, 14787, 16503, 17899, 16638, 2408, 7141, 10590, 2917, 14650, 12571, 4321, 2855, 1829, 3736, 3381, 11069, 16093, 15201, 14311, 9836, 18289, 16899, 897, 13981, 12223, 8884, 15721, 7778, 13648, 5737, 6550, 19249, 2715, 447, 12941, 8915, 18963, 16291, 760, 5869, 3635, 3439, 6740, 5003, 3174, 2945, 16056, 4860, 11216, 7363, 1147, 12124, 9764, 11245, 4361, 7784, 16285, 17057, 11203, 5114, 17655, 12056, 17890, 7741, 15799, 10258, 16088, 19222, 15303, 1433, 5991, 322, 2322, 3156, 9940, 7814, 17068, 16968, 10018, 1991, 11946, 8705, 10371, 4619, 11074, 2034, 15550, 11743, 18666, 13494, 14175, 13948, 15123, 11154, 10397, 1701, 4770, 839, 12085, 16500, 16241, 1535, 18782, 2221, 539, 18405, 4245, 103, 1571, 16945, 12196, 9441, 1732, 1367, 3596, 4794, 7230, 5245, 17483, 2955, 2003, 11509, 4044, 12934, 3456, 16693, 593, 4582, 14076, 10972, 1965, 7227, 14324, 8658, 3772, 8355, 11889, 1908, 2684, 10026, 1666, 16507, 5589, 9295, 8389, 2099, 18653, 13808, 19147, 6675, 10970, 2788, 19028, 16983, 16166, 9845, 8160, 11381, 10088, 10333, 11716, 14695, 12697, 4365, 3747, 17296, 11904, 74, 7047, 10639, 13094, 940, 10478, 2032, 6642, 14896, 10840, 5430, 5556, 12597, 2183, 18403, 4252, 14613, 18283, 8790, 12140, 13540, 13353, 14114, 13297, 4056, 14038, 11299, 13770, 11433, 14285, 1526, 1955, 15711, 255, 12481, 612, 1635, 4886, 357, 11434, 9524, 13106, 2607, 5391, 9406, 2331, 624, 2749, 17849, 9829, 11436, 18426, 9481, 18550, 15647, 532, 11720, 11824, 15610, 15741, 7902, 13558, 17967, 14539, 17889, 4631, 1238, 16921, 7787, 15293, 3108, 8215, 2851, 4514, 12938, 16730, 17178, 4890, 17960, 4725, 7917, 3191, 8231, 16341, 8195, 10913, 2173, 5557, 2637, 16896, 5806, 1815, 1451, 8864, 2290, 12108, 5328, 6203, 2431, 7508, 17898, 17188, 6897, 1199, 15526, 18437, 6631, 8644, 16917, 14964, 14233, 2454, 584, 4830, 7199, 4180, 14889, 5761, 13756, 6917, 7756, 18880, 15095, 1816, 14070, 16252, 7429, 16589, 1631, 15968, 15221, 12478, 18594, 1477, 5637, 12058, 1205, 13397, 9107, 18654, 1968, 3759, 13147, 14144, 14973, 12452, 18020, 13592, 17920, 13687, 11335, 7207, 418, 7834, 778, 12982, 10688, 9031, 509, 9601, 9780, 17040, 12023, 3916, 91, 6536, 18535, 7547, 15240, 707, 14533, 15064, 17012, 16805, 8637, 5969, 16221, 1940, 13307, 4717, 12615, 18220, 11028, 12170, 1743, 2376, 12415, 14220, 18827, 1294, 18543, 6977, 15309, 11778, 11842, 17103, 3857, 4637, 12162, 19169, 17166, 18237, 17818, 9507, 19022, 5790, 19112, 15611, 1118, 15184, 18703, 1817, 15530, 16579, 8437, 11839, 11378, 3537, 9205, 9217, 16272, 18759, 16828, 12002, 8348, 1723, 3481, 14115, 379, 8544, 264, 6015, 7672, 2253, 7364, 3706, 13796, 17139, 16125, 12059, 9623, 7185, 2418, 18230, 3087, 281, 4379, 1796, 8459, 4400, 17824, 2736, 16446, 13525, 15341, 3275, 7872, 1662, 7557, 4319, 15442, 7181, 10456, 4963, 17048, 16943, 12784, 3441, 5240, 9975, 13216, 17702, 11594, 13554, 6165, 19168, 16070, 3540, 3262, 10661, 4061, 13173, 2875, 17014, 4349, 10818, 8428, 16764, 14232, 8930, 15734, 17680, 7069, 15684, 17050, 18987, 6914, 6863, 19263, 10595, 150, 10039, 2722, 18223, 16444, 6559, 7258, 2661, 7699, 17136, 12773, 4247, 5723, 15194, 1696, 1500, 2807, 9893, 11835, 13240, 18313, 17107, 10265, 10244, 5570, 2862, 14049, 1012, 12861, 723, 9583, 17461, 10056, 1264, 8297, 3716, 14666, 15259, 13531, 543, 13723, 16810, 6700, 3516, 13766, 7186, 10692, 6321, 15484, 14547, 8744, 3703, 10383, 16829, 6366, 6846, 3906, 2021, 18133, 857, 279, 12232, 10212, 10541, 12325, 13475, 1225, 937, 6966, 10881, 16936, 18502, 1440, 11914, 3326, 5633, 14913, 4623, 10743, 12361, 17335, 1072, 5043, 14810, 15077, 3255, 17215, 6553, 17852, 4801, 6962, 3060, 9430, 8799, 13824, 188, 15175, 15163, 4733, 5011, 3536, 17635, 6532, 14071, 6112, 17158, 6597, 11272, 105, 19219, 5013, 12483, 201, 6848, 17033, 6367, 7859, 14702, 18844, 7053, 18694, 15670, 636, 10129, 6378, 5369, 7273, 16247, 9142, 15345, 16817, 14854, 2600, 15783, 889, 11833, 6612, 2068, 2427, 7062, 7918, 16181, 5464, 8339, 8950, 8453, 16423, 6064, 2380, 4268, 13929, 12974, 19141, 1299, 2484, 3883, 3273, 8772, 13256, 11239, 5766, 18098, 12705, 11004, 2695, 10048, 10960, 2766, 15661, 13258, 8015, 6032, 16397, 7749, 19039, 7634, 15076, 4234, 15114, 8475, 8091, 19220, 18004, 9704, 13918, 15569, 16443, 10015, 9943, 7817, 9349, 2588, 8249, 398, 5316, 15538, 18372, 13559, 2937, 2803, 16248, 6155, 630, 9911, 13190, 19157, 15788, 13248, 13148, 1320, 12074, 8471, 8798, 3213, 12418, 814, 2402, 12718, 12397, 10564, 9875, 10128, 6947, 9491, 17707, 3266, 19196, 14309, 18523, 19043, 17975, 18063, 11618, 15016, 14434, 7680, 1739, 18029, 11694, 1745, 9271, 5189, 9561, 11283, 14978, 10753, 16017, 12914, 978, 2828, 17257, 13135, 5061, 121, 6602, 16015, 19271, 12159, 1244, 8260, 13195, 15873, 12815, 14291, 14515, 118, 4892, 14985, 9551, 12654, 4739, 927, 12176, 9523, 11726, 18187, 5880, 2569, 3386, 13942, 3390, 15774, 129, 65, 12922, 8422, 12692, 16213, 11515, 2111, 8347, 10758, 14064, 4401, 17782, 15621, 6709, 14716, 4091, 13964, 8424, 4218, 7249, 11311, 11171, 18564, 14755, 7114, 14009, 14815, 294, 495, 7684, 6833, 4046, 3505, 16995, 17858, 7761, 15803, 9840, 13958, 8226, 10369, 12497, 17142, 1748, 2854, 7159, 11539, 11055, 13337, 17173, 14214, 6803, 11144, 12649, 283, 15489, 13174, 7015, 610, 7030, 18206, 14077, 15468, 14962, 8046, 7809, 17387, 16034, 16678, 1173, 3502, 12942, 15655, 16859, 7099, 1673, 446, 1365, 5881, 3713, 11697, 1897, 16001, 1702, 14149, 11876, 9341, 4325, 6923, 2001, 138, 3276, 18716, 17604, 10501, 115, 12800, 6111, 11148, 4549, 16057, 4707, 6843, 16091, 4295, 7519, 13708, 12409, 11018, 5052, 13566, 14715, 12755, 793, 10837, 1888, 12375, 3935, 5763, 11791, 11258, 13264, 11469, 4683, 8905, 1853, 11600, 4421, 2798, 5074, 18141, 13807, 8595, 8126, 13837, 8060, 6956, 11767, 14560, 9389, 15261, 1232, 12560, 7262, 11504, 3546, 4627, 1177, 517, 4008, 9219, 17696, 4148, 14124, 13243, 11235, 7561, 8331, 16320, 3591, 11341, 4015, 12028, 14929, 18601, 3528, 14065, 1510, 19191, 13833, 17616, 10869, 17689, 831, 16725, 6319, 15465, 10467, 8162, 13563, 7728, 10778, 13545, 12290, 16480, 14401, 12838, 4212, 17529, 4832, 15111, 12690, 10373, 7596, 18614, 17477, 1043, 13100, 4774, 17479, 3774, 9302, 3901, 13071, 6412, 9516, 1261, 3054, 13522, 17602, 14343, 18500, 10957, 2791, 9624, 3634, 17904, 5709, 14670, 11058, 7087, 7435, 13848, 82, 5565, 2562, 14029, 3583, 1676, 12709, 18473, 3158, 12787, 8068, 8263, 16146, 3593, 1802, 1861, 3348, 4487, 17749, 6105, 10471, 17472, 10200, 1182, 14180, 1076, 10156, 4839, 9903, 4879, 9720, 2157, 15344, 16067, 3064, 17182, 5368, 4987, 18484, 18923, 11896, 1052, 15727, 15289, 5885, 1933, 5251, 17072, 6038, 6195, 13524, 6606, 18506, 17536, 6784, 3231, 14121, 8925, 10030, 803, 13764, 146, 19268, 14099, 4130, 16372, 1537, 12248, 13718, 17187, 11728, 1740, 19233, 5600, 4092, 4779, 6028, 3395, 16152, 19150, 2417, 11980, 11237, 8427, 18127, 3538, 9257, 607, 2078, 18457, 5802, 3435, 15019, 4256, 9221, 13465, 11742, 5788, 9528, 17493, 4607, 3131, 6616, 5356, 1550, 4617, 8827, 849, 2601, 4437, 17861, 10261, 15704, 3890, 8149, 12063, 3086, 15925, 12301, 6847, 5603, 7768, 3187, 13372, 9258, 6584, 7594, 2603, 1835, 17380, 17193, 15251, 15937, 18731, 4082, 14911, 16626, 8824, 16208, 10167, 17711, 9678, 15852, 13620, 16479, 14586, 2446, 4866, 1315, 7746, 10615, 7927, 2443, 7157, 13506, 18410, 10494]",6352,1500,3,False,1500
2101,recommendation events,recommendation events,56,True,True,True,"{21: 26, 33: 14, 2: 18, 29: 13, 25: 57, 43: 9, 57: 16, 49: 16, 61: 14, 67: 52, 65: 21, 50: 28, 15: 53, 6: 13, 46: 15, 27: 69, 7: 65, 48: 67, 19: 21, 31: 14, 63: 26, 22: 39, 9: 79, 26: 40, 47: 15, 53: 66, 11: 19, 51: 26, 54: 9, 13: 32, 17: 37, 52: 30, 39: 27, 38: 19, 1: 6, 59: 33, 56: 23, 32: 9, 8: 25, 4: 12, 20: 26, 24: 7, 18: 31, 42: 7, 28: 31, 45: 57, 0: 13, 66: 11, 62: 11, 35: 7, 64: 15, 37: 2, 40: 25, 3: 3, 14: 5, 12: 8, 16: 15, 55: 16, 30: 13, 58: 6, 36: 4, 60: 5, 5: 3, 41: 2, 44: 2, 34: 2}","[12686, 3384, 6034, 14374, 14516, 14680, 18580, 5912, 661, 4433, 14182, 14634, 14672, 13694, 17233, 12320, 12666, 7276, 14925, 15315, 1125, 14820, 3769, 14096, 12401, 14972, 14176, 4685, 4278, 5735, 7514, 16051, 15882, 4696, 17145, 19193, 12994, 9901, 13641, 15193, 6739, 9240, 1608, 14664, 18117, 5676, 15714, 5964, 5329, 16651, 15936, 14441, 15878, 18316, 14255, 18692, 5858, 4640, 10716, 13839, 16635, 2097, 11464, 12427, 2320, 14629, 7617, 16183, 16205, 2170, 4384, 6683, 5285, 18707, 6780, 4231, 2404, 4895, 18091, 2944, 13054, 3904, 3491, 9455, 15985, 10432, 8657, 15304, 9114, 5838, 5197, 17244, 6207, 3970, 17246, 3950, 6168, 8697, 6800, 9942, 11118, 8582, 6355, 15275, 4581, 12724, 11921, 1833, 523, 7619, 15729, 176, 8576, 3101, 1573, 1283, 11796, 11277, 2547, 1738, 6806, 15187, 7129, 5179, 5854, 16373, 9231, 6270, 777, 2062, 13249, 4144, 6325, 3924, 5350, 14414, 3142, 2249, 6444, 13582, 2833, 18030, 6483, 18404, 15057, 7482, 15001, 15872, 14584, 10835, 954, 7257, 1381, 17819, 17518, 6497, 14430, 4901, 16466, 10805, 132, 7506, 755, 14427, 12119, 16613, 19042, 14994, 11257, 8042, 2144, 5966, 1580, 8010, 2550, 10684, 14088, 5037, 8764, 17076, 14185, 15984, 5299, 16601, 19182, 13197, 14561, 12605, 17010, 2703, 6715, 11207, 10188, 212, 2293, 17676, 1720, 5934, 112, 8568, 15870, 3226, 4524, 4431, 5141, 5383, 7609, 12807, 19001, 14368, 6704, 14903, 4172, 117, 18698, 1699, 16558, 7518, 10618, 2110, 10308, 7828, 6623, 17644, 4449, 951, 13858, 15106, 8402, 916, 4771, 8608, 6448, 6656, 13547, 2814, 8336, 8093, 6398, 637, 9909, 10621, 786, 14146, 17292, 9457, 3, 2884, 14785, 10504, 16361, 8181, 17690, 654, 11067, 18741, 386, 18208, 10130, 8079, 7082, 14740, 8076, 18619, 14428, 10992, 12679, 9431, 18328, 13606, 7641, 13542, 1002, 11975, 15646, 19078, 1352, 8683, 16053, 11763, 14823, 7059, 4995, 3754, 6213, 10090, 19084, 1973, 8131, 5353, 836, 13960, 3217, 4885, 9645, 16941, 14750, 13171, 9132, 1355, 4440, 15747, 8233, 6008, 12781, 16749, 13905, 18198, 5033, 2910, 16502, 1233, 965, 16926, 3944, 13518, 18213, 12739, 9972, 14609, 5764, 6128, 9532, 12680, 3672, 5458, 6822, 11547, 3163, 8040, 14081, 8369, 18182, 17541, 11552, 12451, 15074, 1783, 17730, 1690, 16992, 2490, 2459, 18065, 320, 18311, 45, 9495, 4572, 544, 12731, 16811, 15096, 14957, 4594, 16607, 2449, 7791, 13659, 8892, 1713, 17336, 6598, 13832, 10495, 18937, 3067, 3473, 12715, 13492, 14787, 16503, 17899, 16638, 2408, 7141, 10590, 2917, 14650, 12571, 4321, 2855, 1829, 3736, 3381, 11069, 16093, 15201, 14311, 9836, 18289, 16899, 897, 13981, 12223, 8884, 15721, 7778, 13648, 5737, 6550, 19249, 2715, 447, 12941, 8915, 18963, 16291, 760, 5869, 3635, 3439, 6740, 5003, 3174, 2945, 16056, 4860, 11216, 7363, 1147, 12124, 9764, 11245, 4361, 7784, 16285, 17057, 11203, 5114, 17655, 12056, 17890, 7741, 15799, 10258, 16088, 19222, 15303, 1433, 5991, 322, 2322, 3156, 9940, 7814, 17068, 16968, 10018, 1991, 11946, 8705, 10371, 4619, 11074, 2034, 15550, 11743, 18666, 13494, 14175, 13948, 15123, 11154, 10397, 1701, 4770, 839, 12085, 16500, 16241, 1535, 18782, 2221, 539, 18405, 4245, 103, 1571, 16945, 12196, 9441, 1732, 1367, 3596, 4794, 7230, 5245, 17483, 2955, 2003, 11509, 4044, 12934, 3456, 16693, 593, 4582, 14076, 10972, 1965, 7227, 14324, 8658, 3772, 8355, 11889, 1908, 2684, 10026, 1666, 16507, 5589, 9295, 8389, 2099, 18653, 13808, 19147, 6675, 10970, 2788, 19028, 16983, 16166, 9845, 8160, 11381, 10088, 10333, 11716, 14695, 12697, 4365, 3747, 17296, 11904, 74, 7047, 10639, 13094, 940, 10478, 2032, 6642, 14896, 10840, 5430, 5556, 12597, 2183, 18403, 4252, 14613, 18283, 8790, 12140, 13540, 13353, 14114, 13297, 4056, 14038, 11299, 13770, 11433, 14285, 1526, 1955, 15711, 255, 12481, 612, 1635, 4886, 357, 11434, 9524, 13106, 2607, 5391, 9406, 2331, 624, 2749, 17849, 9829, 11436, 18426, 9481, 18550, 15647, 532, 11720, 11824, 15610, 15741, 7902, 13558, 17967, 14539, 17889, 4631, 1238, 16921, 7787, 15293, 3108, 8215, 2851, 4514, 12938, 16730, 17178, 4890, 17960, 4725, 7917, 3191, 8231, 16341, 8195, 10913, 2173, 5557, 2637, 16896, 5806, 1815, 1451, 8864, 2290, 12108, 5328, 6203, 2431, 7508, 17898, 17188, 6897, 1199, 15526, 18437, 6631, 8644, 16917, 14964, 14233, 2454, 584, 4830, 7199, 4180, 14889, 5761, 13756, 6917, 7756, 18880, 15095, 1816, 14070, 16252, 7429, 16589, 1631, 15968, 15221, 12478, 18594, 1477, 5637, 12058, 1205, 13397, 9107, 18654, 1968, 3759, 13147, 14144, 14973, 12452, 18020, 13592, 17920, 13687, 11335, 7207, 418, 7834, 778, 12982, 10688, 9031, 509, 9601, 9780, 17040, 12023, 3916, 91, 6536, 18535, 7547, 15240, 707, 14533, 15064, 17012, 16805, 8637, 5969, 16221, 1940, 13307, 4717, 12615, 18220, 11028, 12170, 1743, 2376, 12415, 14220, 18827, 1294, 18543, 6977, 15309, 11778, 11842, 17103, 3857, 4637, 12162, 19169, 17166, 18237, 17818, 9507, 19022, 5790, 19112, 15611, 1118, 15184, 18703, 1817, 15530, 16579, 8437, 11839, 11378, 3537, 9205, 9217, 16272, 18759, 16828, 12002, 8348, 1723, 3481, 14115, 379, 8544, 264, 6015, 7672, 2253, 7364, 3706, 13796, 17139, 16125, 12059, 9623, 7185, 2418, 18230, 3087, 281, 4379, 1796, 8459, 4400, 17824, 2736, 16446, 13525, 15341, 3275, 7872, 1662, 7557, 4319, 15442, 7181, 10456, 4963, 17048, 16943, 12784, 3441, 5240, 9975, 13216, 17702, 11594, 13554, 6165, 19168, 16070, 3540, 3262, 10661, 4061, 13173, 2875, 17014, 4349, 10818, 8428, 16764, 14232, 8930, 15734, 17680, 7069, 15684, 17050, 18987, 6914, 6863, 19263, 10595, 150, 10039, 2722, 18223, 16444, 6559, 7258, 2661, 7699, 17136, 12773, 4247, 5723, 15194, 1696, 1500, 2807, 9893, 11835, 13240, 18313, 17107, 10265, 10244, 5570, 2862, 14049, 1012, 12861, 723, 9583, 17461, 10056, 1264, 8297, 3716, 14666, 15259, 13531, 543, 13723, 16810, 6700, 3516, 13766, 7186, 10692, 6321, 15484, 14547, 8744, 3703, 10383, 16829, 6366, 6846, 3906, 2021, 18133, 857, 279, 12232, 10212, 10541, 12325, 13475, 1225, 937, 6966, 10881, 16936, 18502, 1440, 11914, 3326, 5633, 14913, 4623, 10743, 12361, 17335, 1072, 5043, 14810, 15077, 3255, 17215, 6553, 17852, 4801, 6962, 3060, 9430, 8799, 13824, 188, 15175, 15163, 4733, 5011, 3536, 17635, 6532, 14071, 6112, 17158, 6597, 11272, 105, 19219, 5013, 12483, 201, 6848, 17033, 6367, 7859, 14702, 18844, 7053, 18694, 15670, 636, 10129, 6378, 5369, 7273, 16247, 9142, 15345, 16817, 14854, 2600, 15783, 889, 11833, 6612, 2068, 2427, 7062, 7918, 16181, 5464, 8339, 8950, 8453, 16423, 6064, 2380, 4268, 13929, 12974, 19141, 1299, 2484, 3883, 3273, 8772, 13256, 11239, 5766, 18098, 12705, 11004, 2695, 10048, 10960, 2766, 15661, 13258, 8015, 6032, 16397, 7749, 19039, 7634, 15076, 4234, 15114, 8475, 8091, 19220, 18004, 9704, 13918, 15569, 16443, 10015, 9943, 7817, 9349, 2588, 8249, 398, 5316, 15538, 18372, 13559, 2937, 2803, 16248, 6155, 630, 9911, 13190, 19157, 15788, 13248, 13148, 1320, 12074, 8471, 8798, 3213, 12418, 814, 2402, 12718, 12397, 10564, 9875, 10128, 6947, 9491, 17707, 3266, 19196, 14309, 18523, 19043, 17975, 18063, 11618, 15016, 14434, 7680, 1739, 18029, 11694, 1745, 9271, 5189, 9561, 11283, 14978, 10753, 16017, 12914, 978, 2828, 17257, 13135, 5061, 121, 6602, 16015, 19271, 12159, 1244, 8260, 13195, 15873, 12815, 14291, 14515, 118, 4892, 14985, 9551, 12654, 4739, 927, 12176, 9523, 11726, 18187, 5880, 2569, 3386, 13942, 3390, 15774, 129, 65, 12922, 8422, 12692, 16213, 11515, 2111, 8347, 10758, 14064, 4401, 17782, 15621, 6709, 14716, 4091, 13964, 8424, 4218, 7249, 11311, 11171, 18564, 14755, 7114, 14009, 14815, 294, 495, 7684, 6833, 4046, 3505, 16995, 17858, 7761, 15803, 9840, 13958, 8226, 10369, 12497, 17142, 1748, 2854, 7159, 11539, 11055, 13337, 17173, 14214, 6803, 11144, 12649, 283, 15489, 13174, 7015, 610, 7030, 18206, 14077, 15468, 14962, 8046, 7809, 17387, 16034, 16678, 1173, 3502, 12942, 15655, 16859, 7099, 1673, 446, 1365, 5881, 3713, 11697, 1897, 16001, 1702, 14149, 11876, 9341, 4325, 6923, 2001, 138, 3276, 18716, 17604, 10501, 115, 12800, 6111, 11148, 4549, 16057, 4707, 6843, 16091, 4295, 7519, 13708, 12409, 11018, 5052, 13566, 14715, 12755, 793, 10837, 1888, 12375, 3935, 5763, 11791, 11258, 13264, 11469, 4683, 8905, 1853, 11600, 4421, 2798, 5074, 18141, 13807, 8595, 8126, 13837, 8060, 6956, 11767, 14560, 9389, 15261, 1232, 12560, 7262, 11504, 3546, 4627, 1177, 517, 4008, 9219, 17696, 4148, 14124, 13243, 11235, 7561, 8331, 16320, 3591, 11341, 4015, 12028, 14929, 18601, 3528, 14065, 1510, 19191, 13833, 17616, 10869, 17689, 831, 16725, 6319, 15465, 10467, 8162, 13563, 7728, 10778, 13545, 12290, 16480, 14401, 12838, 4212, 17529, 4832, 15111, 12690, 10373, 7596, 18614, 17477, 1043, 13100, 4774, 17479, 3774, 9302, 3901, 13071, 6412, 9516, 1261, 3054, 13522, 17602, 14343, 18500, 10957, 2791, 9624, 3634, 17904, 5709, 14670, 11058, 7087, 7435, 13848, 82, 5565, 2562, 14029, 3583, 1676, 12709, 18473, 3158, 12787, 8068, 8263, 16146, 3593, 1802, 1861, 3348, 4487, 17749, 6105, 10471, 17472, 10200, 1182, 14180, 1076, 10156, 4839, 9903, 4879, 9720, 2157, 15344, 16067, 3064, 17182, 5368, 4987, 18484, 18923, 11896, 1052, 15727, 15289, 5885, 1933, 5251, 17072, 6038, 6195, 13524, 6606, 18506, 17536, 6784, 3231, 14121, 8925, 10030, 803, 13764, 146, 19268, 14099, 4130, 16372, 1537, 12248, 13718, 17187, 11728, 1740, 19233, 5600, 4092, 4779, 6028, 3395, 16152, 19150, 2417, 11980, 11237, 8427, 18127, 3538, 9257, 607, 2078, 18457, 5802, 3435, 15019, 4256, 9221, 13465, 11742, 5788, 9528, 17493, 4607, 3131, 6616, 5356, 1550, 4617, 8827, 849, 2601, 4437, 17861, 10261, 15704, 3890, 8149, 12063, 3086, 15925, 12301, 6847, 5603, 7768, 3187, 13372, 9258, 6584, 7594, 2603, 1835, 17380, 17193, 15251, 15937, 18731, 4082, 14911, 16626, 8824, 16208, 10167, 17711, 9678, 15852, 13620, 16479, 14586, 2446, 4866, 1315, 7746, 10615, 7927, 2443, 7157, 13506, 18410, 10494]",2101,1500,3,False,1500
5874,qa stock,qa stock,55,True,True,True,"{21: 26, 33: 14, 2: 18, 29: 13, 25: 57, 43: 9, 57: 16, 49: 16, 61: 14, 67: 52, 65: 21, 50: 28, 15: 53, 6: 13, 46: 15, 27: 69, 7: 65, 48: 67, 19: 21, 31: 14, 63: 26, 22: 39, 9: 79, 26: 40, 47: 15, 53: 66, 11: 19, 51: 26, 54: 9, 13: 32, 17: 37, 52: 30, 39: 27, 38: 19, 1: 6, 59: 33, 56: 23, 32: 9, 8: 25, 4: 12, 20: 26, 24: 7, 18: 31, 42: 7, 28: 31, 45: 57, 0: 13, 66: 11, 62: 11, 35: 7, 64: 15, 37: 2, 40: 25, 3: 3, 14: 5, 12: 8, 16: 15, 55: 16, 30: 13, 58: 6, 36: 4, 60: 5, 5: 3, 41: 2, 44: 2, 34: 2}","[12686, 3384, 6034, 14374, 14516, 14680, 18580, 5912, 661, 4433, 14182, 14634, 14672, 13694, 17233, 12320, 12666, 7276, 14925, 15315, 1125, 14820, 3769, 14096, 12401, 14972, 14176, 4685, 4278, 5735, 7514, 16051, 15882, 4696, 17145, 19193, 12994, 9901, 13641, 15193, 6739, 9240, 1608, 14664, 18117, 5676, 15714, 5964, 5329, 16651, 15936, 14441, 15878, 18316, 14255, 18692, 5858, 4640, 10716, 13839, 16635, 2097, 11464, 12427, 2320, 14629, 7617, 16183, 16205, 2170, 4384, 6683, 5285, 18707, 6780, 4231, 2404, 4895, 18091, 2944, 13054, 3904, 3491, 9455, 15985, 10432, 8657, 15304, 9114, 5838, 5197, 17244, 6207, 3970, 17246, 3950, 6168, 8697, 6800, 9942, 11118, 8582, 6355, 15275, 4581, 12724, 11921, 1833, 523, 7619, 15729, 176, 8576, 3101, 1573, 1283, 11796, 11277, 2547, 1738, 6806, 15187, 7129, 5179, 5854, 16373, 9231, 6270, 777, 2062, 13249, 4144, 6325, 3924, 5350, 14414, 3142, 2249, 6444, 13582, 2833, 18030, 6483, 18404, 15057, 7482, 15001, 15872, 14584, 10835, 954, 7257, 1381, 17819, 17518, 6497, 14430, 4901, 16466, 10805, 132, 7506, 755, 14427, 12119, 16613, 19042, 14994, 11257, 8042, 2144, 5966, 1580, 8010, 2550, 10684, 14088, 5037, 8764, 17076, 14185, 15984, 5299, 16601, 19182, 13197, 14561, 12605, 17010, 2703, 6715, 11207, 10188, 212, 2293, 17676, 1720, 5934, 112, 8568, 15870, 3226, 4524, 4431, 5141, 5383, 7609, 12807, 19001, 14368, 6704, 14903, 4172, 117, 18698, 1699, 16558, 7518, 10618, 2110, 10308, 7828, 6623, 17644, 4449, 951, 13858, 15106, 8402, 916, 4771, 8608, 6448, 6656, 13547, 2814, 8336, 8093, 6398, 637, 9909, 10621, 786, 14146, 17292, 9457, 3, 2884, 14785, 10504, 16361, 8181, 17690, 654, 11067, 18741, 386, 18208, 10130, 8079, 7082, 14740, 8076, 18619, 14428, 10992, 12679, 9431, 18328, 13606, 7641, 13542, 1002, 11975, 15646, 19078, 1352, 8683, 16053, 11763, 14823, 7059, 4995, 3754, 6213, 10090, 19084, 1973, 8131, 5353, 836, 13960, 3217, 4885, 9645, 16941, 14750, 13171, 9132, 1355, 4440, 15747, 8233, 6008, 12781, 16749, 13905, 18198, 5033, 2910, 16502, 1233, 965, 16926, 3944, 13518, 18213, 12739, 9972, 14609, 5764, 6128, 9532, 12680, 3672, 5458, 6822, 11547, 3163, 8040, 14081, 8369, 18182, 17541, 11552, 12451, 15074, 1783, 17730, 1690, 16992, 2490, 2459, 18065, 320, 18311, 45, 9495, 4572, 544, 12731, 16811, 15096, 14957, 4594, 16607, 2449, 7791, 13659, 8892, 1713, 17336, 6598, 13832, 10495, 18937, 3067, 3473, 12715, 13492, 14787, 16503, 17899, 16638, 2408, 7141, 10590, 2917, 14650, 12571, 4321, 2855, 1829, 3736, 3381, 11069, 16093, 15201, 14311, 9836, 18289, 16899, 897, 13981, 12223, 8884, 15721, 7778, 13648, 5737, 6550, 19249, 2715, 447, 12941, 8915, 18963, 16291, 760, 5869, 3635, 3439, 6740, 5003, 3174, 2945, 16056, 4860, 11216, 7363, 1147, 12124, 9764, 11245, 4361, 7784, 16285, 17057, 11203, 5114, 17655, 12056, 17890, 7741, 15799, 10258, 16088, 19222, 15303, 1433, 5991, 322, 2322, 3156, 9940, 7814, 17068, 16968, 10018, 1991, 11946, 8705, 10371, 4619, 11074, 2034, 15550, 11743, 18666, 13494, 14175, 13948, 15123, 11154, 10397, 1701, 4770, 839, 12085, 16500, 16241, 1535, 18782, 2221, 539, 18405, 4245, 103, 1571, 16945, 12196, 9441, 1732, 1367, 3596, 4794, 7230, 5245, 17483, 2955, 2003, 11509, 4044, 12934, 3456, 16693, 593, 4582, 14076, 10972, 1965, 7227, 14324, 8658, 3772, 8355, 11889, 1908, 2684, 10026, 1666, 16507, 5589, 9295, 8389, 2099, 18653, 13808, 19147, 6675, 10970, 2788, 19028, 16983, 16166, 9845, 8160, 11381, 10088, 10333, 11716, 14695, 12697, 4365, 3747, 17296, 11904, 74, 7047, 10639, 13094, 940, 10478, 2032, 6642, 14896, 10840, 5430, 5556, 12597, 2183, 18403, 4252, 14613, 18283, 8790, 12140, 13540, 13353, 14114, 13297, 4056, 14038, 11299, 13770, 11433, 14285, 1526, 1955, 15711, 255, 12481, 612, 1635, 4886, 357, 11434, 9524, 13106, 2607, 5391, 9406, 2331, 624, 2749, 17849, 9829, 11436, 18426, 9481, 18550, 15647, 532, 11720, 11824, 15610, 15741, 7902, 13558, 17967, 14539, 17889, 4631, 1238, 16921, 7787, 15293, 3108, 8215, 2851, 4514, 12938, 16730, 17178, 4890, 17960, 4725, 7917, 3191, 8231, 16341, 8195, 10913, 2173, 5557, 2637, 16896, 5806, 1815, 1451, 8864, 2290, 12108, 5328, 6203, 2431, 7508, 17898, 17188, 6897, 1199, 15526, 18437, 6631, 8644, 16917, 14964, 14233, 2454, 584, 4830, 7199, 4180, 14889, 5761, 13756, 6917, 7756, 18880, 15095, 1816, 14070, 16252, 7429, 16589, 1631, 15968, 15221, 12478, 18594, 1477, 5637, 12058, 1205, 13397, 9107, 18654, 1968, 3759, 13147, 14144, 14973, 12452, 18020, 13592, 17920, 13687, 11335, 7207, 418, 7834, 778, 12982, 10688, 9031, 509, 9601, 9780, 17040, 12023, 3916, 91, 6536, 18535, 7547, 15240, 707, 14533, 15064, 17012, 16805, 8637, 5969, 16221, 1940, 13307, 4717, 12615, 18220, 11028, 12170, 1743, 2376, 12415, 14220, 18827, 1294, 18543, 6977, 15309, 11778, 11842, 17103, 3857, 4637, 12162, 19169, 17166, 18237, 17818, 9507, 19022, 5790, 19112, 15611, 1118, 15184, 18703, 1817, 15530, 16579, 8437, 11839, 11378, 3537, 9205, 9217, 16272, 18759, 16828, 12002, 8348, 1723, 3481, 14115, 379, 8544, 264, 6015, 7672, 2253, 7364, 3706, 13796, 17139, 16125, 12059, 9623, 7185, 2418, 18230, 3087, 281, 4379, 1796, 8459, 4400, 17824, 2736, 16446, 13525, 15341, 3275, 7872, 1662, 7557, 4319, 15442, 7181, 10456, 4963, 17048, 16943, 12784, 3441, 5240, 9975, 13216, 17702, 11594, 13554, 6165, 19168, 16070, 3540, 3262, 10661, 4061, 13173, 2875, 17014, 4349, 10818, 8428, 16764, 14232, 8930, 15734, 17680, 7069, 15684, 17050, 18987, 6914, 6863, 19263, 10595, 150, 10039, 2722, 18223, 16444, 6559, 7258, 2661, 7699, 17136, 12773, 4247, 5723, 15194, 1696, 1500, 2807, 9893, 11835, 13240, 18313, 17107, 10265, 10244, 5570, 2862, 14049, 1012, 12861, 723, 9583, 17461, 10056, 1264, 8297, 3716, 14666, 15259, 13531, 543, 13723, 16810, 6700, 3516, 13766, 7186, 10692, 6321, 15484, 14547, 8744, 3703, 10383, 16829, 6366, 6846, 3906, 2021, 18133, 857, 279, 12232, 10212, 10541, 12325, 13475, 1225, 937, 6966, 10881, 16936, 18502, 1440, 11914, 3326, 5633, 14913, 4623, 10743, 12361, 17335, 1072, 5043, 14810, 15077, 3255, 17215, 6553, 17852, 4801, 6962, 3060, 9430, 8799, 13824, 188, 15175, 15163, 4733, 5011, 3536, 17635, 6532, 14071, 6112, 17158, 6597, 11272, 105, 19219, 5013, 12483, 201, 6848, 17033, 6367, 7859, 14702, 18844, 7053, 18694, 15670, 636, 10129, 6378, 5369, 7273, 16247, 9142, 15345, 16817, 14854, 2600, 15783, 889, 11833, 6612, 2068, 2427, 7062, 7918, 16181, 5464, 8339, 8950, 8453, 16423, 6064, 2380, 4268, 13929, 12974, 19141, 1299, 2484, 3883, 3273, 8772, 13256, 11239, 5766, 18098, 12705, 11004, 2695, 10048, 10960, 2766, 15661, 13258, 8015, 6032, 16397, 7749, 19039, 7634, 15076, 4234, 15114, 8475, 8091, 19220, 18004, 9704, 13918, 15569, 16443, 10015, 9943, 7817, 9349, 2588, 8249, 398, 5316, 15538, 18372, 13559, 2937, 2803, 16248, 6155, 630, 9911, 13190, 19157, 15788, 13248, 13148, 1320, 12074, 8471, 8798, 3213, 12418, 814, 2402, 12718, 12397, 10564, 9875, 10128, 6947, 9491, 17707, 3266, 19196, 14309, 18523, 19043, 17975, 18063, 11618, 15016, 14434, 7680, 1739, 18029, 11694, 1745, 9271, 5189, 9561, 11283, 14978, 10753, 16017, 12914, 978, 2828, 17257, 13135, 5061, 121, 6602, 16015, 19271, 12159, 1244, 8260, 13195, 15873, 12815, 14291, 14515, 118, 4892, 14985, 9551, 12654, 4739, 927, 12176, 9523, 11726, 18187, 5880, 2569, 3386, 13942, 3390, 15774, 129, 65, 12922, 8422, 12692, 16213, 11515, 2111, 8347, 10758, 14064, 4401, 17782, 15621, 6709, 14716, 4091, 13964, 8424, 4218, 7249, 11311, 11171, 18564, 14755, 7114, 14009, 14815, 294, 495, 7684, 6833, 4046, 3505, 16995, 17858, 7761, 15803, 9840, 13958, 8226, 10369, 12497, 17142, 1748, 2854, 7159, 11539, 11055, 13337, 17173, 14214, 6803, 11144, 12649, 283, 15489, 13174, 7015, 610, 7030, 18206, 14077, 15468, 14962, 8046, 7809, 17387, 16034, 16678, 1173, 3502, 12942, 15655, 16859, 7099, 1673, 446, 1365, 5881, 3713, 11697, 1897, 16001, 1702, 14149, 11876, 9341, 4325, 6923, 2001, 138, 3276, 18716, 17604, 10501, 115, 12800, 6111, 11148, 4549, 16057, 4707, 6843, 16091, 4295, 7519, 13708, 12409, 11018, 5052, 13566, 14715, 12755, 793, 10837, 1888, 12375, 3935, 5763, 11791, 11258, 13264, 11469, 4683, 8905, 1853, 11600, 4421, 2798, 5074, 18141, 13807, 8595, 8126, 13837, 8060, 6956, 11767, 14560, 9389, 15261, 1232, 12560, 7262, 11504, 3546, 4627, 1177, 517, 4008, 9219, 17696, 4148, 14124, 13243, 11235, 7561, 8331, 16320, 3591, 11341, 4015, 12028, 14929, 18601, 3528, 14065, 1510, 19191, 13833, 17616, 10869, 17689, 831, 16725, 6319, 15465, 10467, 8162, 13563, 7728, 10778, 13545, 12290, 16480, 14401, 12838, 4212, 17529, 4832, 15111, 12690, 10373, 7596, 18614, 17477, 1043, 13100, 4774, 17479, 3774, 9302, 3901, 13071, 6412, 9516, 1261, 3054, 13522, 17602, 14343, 18500, 10957, 2791, 9624, 3634, 17904, 5709, 14670, 11058, 7087, 7435, 13848, 82, 5565, 2562, 14029, 3583, 1676, 12709, 18473, 3158, 12787, 8068, 8263, 16146, 3593, 1802, 1861, 3348, 4487, 17749, 6105, 10471, 17472, 10200, 1182, 14180, 1076, 10156, 4839, 9903, 4879, 9720, 2157, 15344, 16067, 3064, 17182, 5368, 4987, 18484, 18923, 11896, 1052, 15727, 15289, 5885, 1933, 5251, 17072, 6038, 6195, 13524, 6606, 18506, 17536, 6784, 3231, 14121, 8925, 10030, 803, 13764, 146, 19268, 14099, 4130, 16372, 1537, 12248, 13718, 17187, 11728, 1740, 19233, 5600, 4092, 4779, 6028, 3395, 16152, 19150, 2417, 11980, 11237, 8427, 18127, 3538, 9257, 607, 2078, 18457, 5802, 3435, 15019, 4256, 9221, 13465, 11742, 5788, 9528, 17493, 4607, 3131, 6616, 5356, 1550, 4617, 8827, 849, 2601, 4437, 17861, 10261, 15704, 3890, 8149, 12063, 3086, 15925, 12301, 6847, 5603, 7768, 3187, 13372, 9258, 6584, 7594, 2603, 1835, 17380, 17193, 15251, 15937, 18731, 4082, 14911, 16626, 8824, 16208, 10167, 17711, 9678, 15852, 13620, 16479, 14586, 2446, 4866, 1315, 7746, 10615, 7927, 2443, 7157, 13506, 18410, 10494]",5874,1500,3,False,1500
1409,general confirm,general confirm,20,True,True,True,"{21: 26, 33: 14, 2: 18, 29: 13, 25: 57, 43: 9, 57: 16, 49: 16, 61: 14, 67: 52, 65: 21, 50: 28, 15: 53, 6: 13, 46: 15, 27: 69, 7: 65, 48: 67, 19: 21, 31: 14, 63: 26, 22: 39, 9: 79, 26: 40, 47: 15, 53: 66, 11: 19, 51: 26, 54: 9, 13: 32, 17: 37, 52: 30, 39: 27, 38: 19, 1: 6, 59: 33, 56: 23, 32: 9, 8: 25, 4: 12, 20: 26, 24: 7, 18: 31, 42: 7, 28: 31, 45: 57, 0: 13, 66: 11, 62: 11, 35: 7, 64: 15, 37: 2, 40: 25, 3: 3, 14: 5, 12: 8, 16: 15, 55: 16, 30: 13, 58: 6, 36: 4, 60: 5, 5: 3, 41: 2, 44: 2, 34: 2}","[12686, 3384, 6034, 14374, 14516, 14680, 18580, 5912, 661, 4433, 14182, 14634, 14672, 13694, 17233, 12320, 12666, 7276, 14925, 15315, 1125, 14820, 3769, 14096, 12401, 14972, 14176, 4685, 4278, 5735, 7514, 16051, 15882, 4696, 17145, 19193, 12994, 9901, 13641, 15193, 6739, 9240, 1608, 14664, 18117, 5676, 15714, 5964, 5329, 16651, 15936, 14441, 15878, 18316, 14255, 18692, 5858, 4640, 10716, 13839, 16635, 2097, 11464, 12427, 2320, 14629, 7617, 16183, 16205, 2170, 4384, 6683, 5285, 18707, 6780, 4231, 2404, 4895, 18091, 2944, 13054, 3904, 3491, 9455, 15985, 10432, 8657, 15304, 9114, 5838, 5197, 17244, 6207, 3970, 17246, 3950, 6168, 8697, 6800, 9942, 11118, 8582, 6355, 15275, 4581, 12724, 11921, 1833, 523, 7619, 15729, 176, 8576, 3101, 1573, 1283, 11796, 11277, 2547, 1738, 6806, 15187, 7129, 5179, 5854, 16373, 9231, 6270, 777, 2062, 13249, 4144, 6325, 3924, 5350, 14414, 3142, 2249, 6444, 13582, 2833, 18030, 6483, 18404, 15057, 7482, 15001, 15872, 14584, 10835, 954, 7257, 1381, 17819, 17518, 6497, 14430, 4901, 16466, 10805, 132, 7506, 755, 14427, 12119, 16613, 19042, 14994, 11257, 8042, 2144, 5966, 1580, 8010, 2550, 10684, 14088, 5037, 8764, 17076, 14185, 15984, 5299, 16601, 19182, 13197, 14561, 12605, 17010, 2703, 6715, 11207, 10188, 212, 2293, 17676, 1720, 5934, 112, 8568, 15870, 3226, 4524, 4431, 5141, 5383, 7609, 12807, 19001, 14368, 6704, 14903, 4172, 117, 18698, 1699, 16558, 7518, 10618, 2110, 10308, 7828, 6623, 17644, 4449, 951, 13858, 15106, 8402, 916, 4771, 8608, 6448, 6656, 13547, 2814, 8336, 8093, 6398, 637, 9909, 10621, 786, 14146, 17292, 9457, 3, 2884, 14785, 10504, 16361, 8181, 17690, 654, 11067, 18741, 386, 18208, 10130, 8079, 7082, 14740, 8076, 18619, 14428, 10992, 12679, 9431, 18328, 13606, 7641, 13542, 1002, 11975, 15646, 19078, 1352, 8683, 16053, 11763, 14823, 7059, 4995, 3754, 6213, 10090, 19084, 1973, 8131, 5353, 836, 13960, 3217, 4885, 9645, 16941, 14750, 13171, 9132, 1355, 4440, 15747, 8233, 6008, 12781, 16749, 13905, 18198, 5033, 2910, 16502, 1233, 965, 16926, 3944, 13518, 18213, 12739, 9972, 14609, 5764, 6128, 9532, 12680, 3672, 5458, 6822, 11547, 3163, 8040, 14081, 8369, 18182, 17541, 11552, 12451, 15074, 1783, 17730, 1690, 16992, 2490, 2459, 18065, 320, 18311, 45, 9495, 4572, 544, 12731, 16811, 15096, 14957, 4594, 16607, 2449, 7791, 13659, 8892, 1713, 17336, 6598, 13832, 10495, 18937, 3067, 3473, 12715, 13492, 14787, 16503, 17899, 16638, 2408, 7141, 10590, 2917, 14650, 12571, 4321, 2855, 1829, 3736, 3381, 11069, 16093, 15201, 14311, 9836, 18289, 16899, 897, 13981, 12223, 8884, 15721, 7778, 13648, 5737, 6550, 19249, 2715, 447, 12941, 8915, 18963, 16291, 760, 5869, 3635, 3439, 6740, 5003, 3174, 2945, 16056, 4860, 11216, 7363, 1147, 12124, 9764, 11245, 4361, 7784, 16285, 17057, 11203, 5114, 17655, 12056, 17890, 7741, 15799, 10258, 16088, 19222, 15303, 1433, 5991, 322, 2322, 3156, 9940, 7814, 17068, 16968, 10018, 1991, 11946, 8705, 10371, 4619, 11074, 2034, 15550, 11743, 18666, 13494, 14175, 13948, 15123, 11154, 10397, 1701, 4770, 839, 12085, 16500, 16241, 1535, 18782, 2221, 539, 18405, 4245, 103, 1571, 16945, 12196, 9441, 1732, 1367, 3596, 4794, 7230, 5245, 17483, 2955, 2003, 11509, 4044, 12934, 3456, 16693, 593, 4582, 14076, 10972, 1965, 7227, 14324, 8658, 3772, 8355, 11889, 1908, 2684, 10026, 1666, 16507, 5589, 9295, 8389, 2099, 18653, 13808, 19147, 6675, 10970, 2788, 19028, 16983, 16166, 9845, 8160, 11381, 10088, 10333, 11716, 14695, 12697, 4365, 3747, 17296, 11904, 74, 7047, 10639, 13094, 940, 10478, 2032, 6642, 14896, 10840, 5430, 5556, 12597, 2183, 18403, 4252, 14613, 18283, 8790, 12140, 13540, 13353, 14114, 13297, 4056, 14038, 11299, 13770, 11433, 14285, 1526, 1955, 15711, 255, 12481, 612, 1635, 4886, 357, 11434, 9524, 13106, 2607, 5391, 9406, 2331, 624, 2749, 17849, 9829, 11436, 18426, 9481, 18550, 15647, 532, 11720, 11824, 15610, 15741, 7902, 13558, 17967, 14539, 17889, 4631, 1238, 16921, 7787, 15293, 3108, 8215, 2851, 4514, 12938, 16730, 17178, 4890, 17960, 4725, 7917, 3191, 8231, 16341, 8195, 10913, 2173, 5557, 2637, 16896, 5806, 1815, 1451, 8864, 2290, 12108, 5328, 6203, 2431, 7508, 17898, 17188, 6897, 1199, 15526, 18437, 6631, 8644, 16917, 14964, 14233, 2454, 584, 4830, 7199, 4180, 14889, 5761, 13756, 6917, 7756, 18880, 15095, 1816, 14070, 16252, 7429, 16589, 1631, 15968, 15221, 12478, 18594, 1477, 5637, 12058, 1205, 13397, 9107, 18654, 1968, 3759, 13147, 14144, 14973, 12452, 18020, 13592, 17920, 13687, 11335, 7207, 418, 7834, 778, 12982, 10688, 9031, 509, 9601, 9780, 17040, 12023, 3916, 91, 6536, 18535, 7547, 15240, 707, 14533, 15064, 17012, 16805, 8637, 5969, 16221, 1940, 13307, 4717, 12615, 18220, 11028, 12170, 1743, 2376, 12415, 14220, 18827, 1294, 18543, 6977, 15309, 11778, 11842, 17103, 3857, 4637, 12162, 19169, 17166, 18237, 17818, 9507, 19022, 5790, 19112, 15611, 1118, 15184, 18703, 1817, 15530, 16579, 8437, 11839, 11378, 3537, 9205, 9217, 16272, 18759, 16828, 12002, 8348, 1723, 3481, 14115, 379, 8544, 264, 6015, 7672, 2253, 7364, 3706, 13796, 17139, 16125, 12059, 9623, 7185, 2418, 18230, 3087, 281, 4379, 1796, 8459, 4400, 17824, 2736, 16446, 13525, 15341, 3275, 7872, 1662, 7557, 4319, 15442, 7181, 10456, 4963, 17048, 16943, 12784, 3441, 5240, 9975, 13216, 17702, 11594, 13554, 6165, 19168, 16070, 3540, 3262, 10661, 4061, 13173, 2875, 17014, 4349, 10818, 8428, 16764, 14232, 8930, 15734, 17680, 7069, 15684, 17050, 18987, 6914, 6863, 19263, 10595, 150, 10039, 2722, 18223, 16444, 6559, 7258, 2661, 7699, 17136, 12773, 4247, 5723, 15194, 1696, 1500, 2807, 9893, 11835, 13240, 18313, 17107, 10265, 10244, 5570, 2862, 14049, 1012, 12861, 723, 9583, 17461, 10056, 1264, 8297, 3716, 14666, 15259, 13531, 543, 13723, 16810, 6700, 3516, 13766, 7186, 10692, 6321, 15484, 14547, 8744, 3703, 10383, 16829, 6366, 6846, 3906, 2021, 18133, 857, 279, 12232, 10212, 10541, 12325, 13475, 1225, 937, 6966, 10881, 16936, 18502, 1440, 11914, 3326, 5633, 14913, 4623, 10743, 12361, 17335, 1072, 5043, 14810, 15077, 3255, 17215, 6553, 17852, 4801, 6962, 3060, 9430, 8799, 13824, 188, 15175, 15163, 4733, 5011, 3536, 17635, 6532, 14071, 6112, 17158, 6597, 11272, 105, 19219, 5013, 12483, 201, 6848, 17033, 6367, 7859, 14702, 18844, 7053, 18694, 15670, 636, 10129, 6378, 5369, 7273, 16247, 9142, 15345, 16817, 14854, 2600, 15783, 889, 11833, 6612, 2068, 2427, 7062, 7918, 16181, 5464, 8339, 8950, 8453, 16423, 6064, 2380, 4268, 13929, 12974, 19141, 1299, 2484, 3883, 3273, 8772, 13256, 11239, 5766, 18098, 12705, 11004, 2695, 10048, 10960, 2766, 15661, 13258, 8015, 6032, 16397, 7749, 19039, 7634, 15076, 4234, 15114, 8475, 8091, 19220, 18004, 9704, 13918, 15569, 16443, 10015, 9943, 7817, 9349, 2588, 8249, 398, 5316, 15538, 18372, 13559, 2937, 2803, 16248, 6155, 630, 9911, 13190, 19157, 15788, 13248, 13148, 1320, 12074, 8471, 8798, 3213, 12418, 814, 2402, 12718, 12397, 10564, 9875, 10128, 6947, 9491, 17707, 3266, 19196, 14309, 18523, 19043, 17975, 18063, 11618, 15016, 14434, 7680, 1739, 18029, 11694, 1745, 9271, 5189, 9561, 11283, 14978, 10753, 16017, 12914, 978, 2828, 17257, 13135, 5061, 121, 6602, 16015, 19271, 12159, 1244, 8260, 13195, 15873, 12815, 14291, 14515, 118, 4892, 14985, 9551, 12654, 4739, 927, 12176, 9523, 11726, 18187, 5880, 2569, 3386, 13942, 3390, 15774, 129, 65, 12922, 8422, 12692, 16213, 11515, 2111, 8347, 10758, 14064, 4401, 17782, 15621, 6709, 14716, 4091, 13964, 8424, 4218, 7249, 11311, 11171, 18564, 14755, 7114, 14009, 14815, 294, 495, 7684, 6833, 4046, 3505, 16995, 17858, 7761, 15803, 9840, 13958, 8226, 10369, 12497, 17142, 1748, 2854, 7159, 11539, 11055, 13337, 17173, 14214, 6803, 11144, 12649, 283, 15489, 13174, 7015, 610, 7030, 18206, 14077, 15468, 14962, 8046, 7809, 17387, 16034, 16678, 1173, 3502, 12942, 15655, 16859, 7099, 1673, 446, 1365, 5881, 3713, 11697, 1897, 16001, 1702, 14149, 11876, 9341, 4325, 6923, 2001, 138, 3276, 18716, 17604, 10501, 115, 12800, 6111, 11148, 4549, 16057, 4707, 6843, 16091, 4295, 7519, 13708, 12409, 11018, 5052, 13566, 14715, 12755, 793, 10837, 1888, 12375, 3935, 5763, 11791, 11258, 13264, 11469, 4683, 8905, 1853, 11600, 4421, 2798, 5074, 18141, 13807, 8595, 8126, 13837, 8060, 6956, 11767, 14560, 9389, 15261, 1232, 12560, 7262, 11504, 3546, 4627, 1177, 517, 4008, 9219, 17696, 4148, 14124, 13243, 11235, 7561, 8331, 16320, 3591, 11341, 4015, 12028, 14929, 18601, 3528, 14065, 1510, 19191, 13833, 17616, 10869, 17689, 831, 16725, 6319, 15465, 10467, 8162, 13563, 7728, 10778, 13545, 12290, 16480, 14401, 12838, 4212, 17529, 4832, 15111, 12690, 10373, 7596, 18614, 17477, 1043, 13100, 4774, 17479, 3774, 9302, 3901, 13071, 6412, 9516, 1261, 3054, 13522, 17602, 14343, 18500, 10957, 2791, 9624, 3634, 17904, 5709, 14670, 11058, 7087, 7435, 13848, 82, 5565, 2562, 14029, 3583, 1676, 12709, 18473, 3158, 12787, 8068, 8263, 16146, 3593, 1802, 1861, 3348, 4487, 17749, 6105, 10471, 17472, 10200, 1182, 14180, 1076, 10156, 4839, 9903, 4879, 9720, 2157, 15344, 16067, 3064, 17182, 5368, 4987, 18484, 18923, 11896, 1052, 15727, 15289, 5885, 1933, 5251, 17072, 6038, 6195, 13524, 6606, 18506, 17536, 6784, 3231, 14121, 8925, 10030, 803, 13764, 146, 19268, 14099, 4130, 16372, 1537, 12248, 13718, 17187, 11728, 1740, 19233, 5600, 4092, 4779, 6028, 3395, 16152, 19150, 2417, 11980, 11237, 8427, 18127, 3538, 9257, 607, 2078, 18457, 5802, 3435, 15019, 4256, 9221, 13465, 11742, 5788, 9528, 17493, 4607, 3131, 6616, 5356, 1550, 4617, 8827, 849, 2601, 4437, 17861, 10261, 15704, 3890, 8149, 12063, 3086, 15925, 12301, 6847, 5603, 7768, 3187, 13372, 9258, 6584, 7594, 2603, 1835, 17380, 17193, 15251, 15937, 18731, 4082, 14911, 16626, 8824, 16208, 10167, 17711, 9678, 15852, 13620, 16479, 14586, 2446, 4866, 1315, 7746, 10615, 7927, 2443, 7157, 13506, 18410, 10494]",1409,1500,3,False,1500
4255,qa currency,qa currency,51,True,True,True,"{21: 26, 33: 14, 2: 18, 29: 13, 25: 57, 43: 9, 57: 16, 49: 16, 61: 14, 67: 52, 65: 21, 50: 28, 15: 53, 6: 13, 46: 15, 27: 69, 7: 65, 48: 67, 19: 21, 31: 14, 63: 26, 22: 39, 9: 79, 26: 40, 47: 15, 53: 66, 11: 19, 51: 26, 54: 9, 13: 32, 17: 37, 52: 30, 39: 27, 38: 19, 1: 6, 59: 33, 56: 23, 32: 9, 8: 25, 4: 12, 20: 26, 24: 7, 18: 31, 42: 7, 28: 31, 45: 57, 0: 13, 66: 11, 62: 11, 35: 7, 64: 15, 37: 2, 40: 25, 3: 3, 14: 5, 12: 8, 16: 15, 55: 16, 30: 13, 58: 6, 36: 4, 60: 5, 5: 3, 41: 2, 44: 2, 34: 2}","[12686, 3384, 6034, 14374, 14516, 14680, 18580, 5912, 661, 4433, 14182, 14634, 14672, 13694, 17233, 12320, 12666, 7276, 14925, 15315, 1125, 14820, 3769, 14096, 12401, 14972, 14176, 4685, 4278, 5735, 7514, 16051, 15882, 4696, 17145, 19193, 12994, 9901, 13641, 15193, 6739, 9240, 1608, 14664, 18117, 5676, 15714, 5964, 5329, 16651, 15936, 14441, 15878, 18316, 14255, 18692, 5858, 4640, 10716, 13839, 16635, 2097, 11464, 12427, 2320, 14629, 7617, 16183, 16205, 2170, 4384, 6683, 5285, 18707, 6780, 4231, 2404, 4895, 18091, 2944, 13054, 3904, 3491, 9455, 15985, 10432, 8657, 15304, 9114, 5838, 5197, 17244, 6207, 3970, 17246, 3950, 6168, 8697, 6800, 9942, 11118, 8582, 6355, 15275, 4581, 12724, 11921, 1833, 523, 7619, 15729, 176, 8576, 3101, 1573, 1283, 11796, 11277, 2547, 1738, 6806, 15187, 7129, 5179, 5854, 16373, 9231, 6270, 777, 2062, 13249, 4144, 6325, 3924, 5350, 14414, 3142, 2249, 6444, 13582, 2833, 18030, 6483, 18404, 15057, 7482, 15001, 15872, 14584, 10835, 954, 7257, 1381, 17819, 17518, 6497, 14430, 4901, 16466, 10805, 132, 7506, 755, 14427, 12119, 16613, 19042, 14994, 11257, 8042, 2144, 5966, 1580, 8010, 2550, 10684, 14088, 5037, 8764, 17076, 14185, 15984, 5299, 16601, 19182, 13197, 14561, 12605, 17010, 2703, 6715, 11207, 10188, 212, 2293, 17676, 1720, 5934, 112, 8568, 15870, 3226, 4524, 4431, 5141, 5383, 7609, 12807, 19001, 14368, 6704, 14903, 4172, 117, 18698, 1699, 16558, 7518, 10618, 2110, 10308, 7828, 6623, 17644, 4449, 951, 13858, 15106, 8402, 916, 4771, 8608, 6448, 6656, 13547, 2814, 8336, 8093, 6398, 637, 9909, 10621, 786, 14146, 17292, 9457, 3, 2884, 14785, 10504, 16361, 8181, 17690, 654, 11067, 18741, 386, 18208, 10130, 8079, 7082, 14740, 8076, 18619, 14428, 10992, 12679, 9431, 18328, 13606, 7641, 13542, 1002, 11975, 15646, 19078, 1352, 8683, 16053, 11763, 14823, 7059, 4995, 3754, 6213, 10090, 19084, 1973, 8131, 5353, 836, 13960, 3217, 4885, 9645, 16941, 14750, 13171, 9132, 1355, 4440, 15747, 8233, 6008, 12781, 16749, 13905, 18198, 5033, 2910, 16502, 1233, 965, 16926, 3944, 13518, 18213, 12739, 9972, 14609, 5764, 6128, 9532, 12680, 3672, 5458, 6822, 11547, 3163, 8040, 14081, 8369, 18182, 17541, 11552, 12451, 15074, 1783, 17730, 1690, 16992, 2490, 2459, 18065, 320, 18311, 45, 9495, 4572, 544, 12731, 16811, 15096, 14957, 4594, 16607, 2449, 7791, 13659, 8892, 1713, 17336, 6598, 13832, 10495, 18937, 3067, 3473, 12715, 13492, 14787, 16503, 17899, 16638, 2408, 7141, 10590, 2917, 14650, 12571, 4321, 2855, 1829, 3736, 3381, 11069, 16093, 15201, 14311, 9836, 18289, 16899, 897, 13981, 12223, 8884, 15721, 7778, 13648, 5737, 6550, 19249, 2715, 447, 12941, 8915, 18963, 16291, 760, 5869, 3635, 3439, 6740, 5003, 3174, 2945, 16056, 4860, 11216, 7363, 1147, 12124, 9764, 11245, 4361, 7784, 16285, 17057, 11203, 5114, 17655, 12056, 17890, 7741, 15799, 10258, 16088, 19222, 15303, 1433, 5991, 322, 2322, 3156, 9940, 7814, 17068, 16968, 10018, 1991, 11946, 8705, 10371, 4619, 11074, 2034, 15550, 11743, 18666, 13494, 14175, 13948, 15123, 11154, 10397, 1701, 4770, 839, 12085, 16500, 16241, 1535, 18782, 2221, 539, 18405, 4245, 103, 1571, 16945, 12196, 9441, 1732, 1367, 3596, 4794, 7230, 5245, 17483, 2955, 2003, 11509, 4044, 12934, 3456, 16693, 593, 4582, 14076, 10972, 1965, 7227, 14324, 8658, 3772, 8355, 11889, 1908, 2684, 10026, 1666, 16507, 5589, 9295, 8389, 2099, 18653, 13808, 19147, 6675, 10970, 2788, 19028, 16983, 16166, 9845, 8160, 11381, 10088, 10333, 11716, 14695, 12697, 4365, 3747, 17296, 11904, 74, 7047, 10639, 13094, 940, 10478, 2032, 6642, 14896, 10840, 5430, 5556, 12597, 2183, 18403, 4252, 14613, 18283, 8790, 12140, 13540, 13353, 14114, 13297, 4056, 14038, 11299, 13770, 11433, 14285, 1526, 1955, 15711, 255, 12481, 612, 1635, 4886, 357, 11434, 9524, 13106, 2607, 5391, 9406, 2331, 624, 2749, 17849, 9829, 11436, 18426, 9481, 18550, 15647, 532, 11720, 11824, 15610, 15741, 7902, 13558, 17967, 14539, 17889, 4631, 1238, 16921, 7787, 15293, 3108, 8215, 2851, 4514, 12938, 16730, 17178, 4890, 17960, 4725, 7917, 3191, 8231, 16341, 8195, 10913, 2173, 5557, 2637, 16896, 5806, 1815, 1451, 8864, 2290, 12108, 5328, 6203, 2431, 7508, 17898, 17188, 6897, 1199, 15526, 18437, 6631, 8644, 16917, 14964, 14233, 2454, 584, 4830, 7199, 4180, 14889, 5761, 13756, 6917, 7756, 18880, 15095, 1816, 14070, 16252, 7429, 16589, 1631, 15968, 15221, 12478, 18594, 1477, 5637, 12058, 1205, 13397, 9107, 18654, 1968, 3759, 13147, 14144, 14973, 12452, 18020, 13592, 17920, 13687, 11335, 7207, 418, 7834, 778, 12982, 10688, 9031, 509, 9601, 9780, 17040, 12023, 3916, 91, 6536, 18535, 7547, 15240, 707, 14533, 15064, 17012, 16805, 8637, 5969, 16221, 1940, 13307, 4717, 12615, 18220, 11028, 12170, 1743, 2376, 12415, 14220, 18827, 1294, 18543, 6977, 15309, 11778, 11842, 17103, 3857, 4637, 12162, 19169, 17166, 18237, 17818, 9507, 19022, 5790, 19112, 15611, 1118, 15184, 18703, 1817, 15530, 16579, 8437, 11839, 11378, 3537, 9205, 9217, 16272, 18759, 16828, 12002, 8348, 1723, 3481, 14115, 379, 8544, 264, 6015, 7672, 2253, 7364, 3706, 13796, 17139, 16125, 12059, 9623, 7185, 2418, 18230, 3087, 281, 4379, 1796, 8459, 4400, 17824, 2736, 16446, 13525, 15341, 3275, 7872, 1662, 7557, 4319, 15442, 7181, 10456, 4963, 17048, 16943, 12784, 3441, 5240, 9975, 13216, 17702, 11594, 13554, 6165, 19168, 16070, 3540, 3262, 10661, 4061, 13173, 2875, 17014, 4349, 10818, 8428, 16764, 14232, 8930, 15734, 17680, 7069, 15684, 17050, 18987, 6914, 6863, 19263, 10595, 150, 10039, 2722, 18223, 16444, 6559, 7258, 2661, 7699, 17136, 12773, 4247, 5723, 15194, 1696, 1500, 2807, 9893, 11835, 13240, 18313, 17107, 10265, 10244, 5570, 2862, 14049, 1012, 12861, 723, 9583, 17461, 10056, 1264, 8297, 3716, 14666, 15259, 13531, 543, 13723, 16810, 6700, 3516, 13766, 7186, 10692, 6321, 15484, 14547, 8744, 3703, 10383, 16829, 6366, 6846, 3906, 2021, 18133, 857, 279, 12232, 10212, 10541, 12325, 13475, 1225, 937, 6966, 10881, 16936, 18502, 1440, 11914, 3326, 5633, 14913, 4623, 10743, 12361, 17335, 1072, 5043, 14810, 15077, 3255, 17215, 6553, 17852, 4801, 6962, 3060, 9430, 8799, 13824, 188, 15175, 15163, 4733, 5011, 3536, 17635, 6532, 14071, 6112, 17158, 6597, 11272, 105, 19219, 5013, 12483, 201, 6848, 17033, 6367, 7859, 14702, 18844, 7053, 18694, 15670, 636, 10129, 6378, 5369, 7273, 16247, 9142, 15345, 16817, 14854, 2600, 15783, 889, 11833, 6612, 2068, 2427, 7062, 7918, 16181, 5464, 8339, 8950, 8453, 16423, 6064, 2380, 4268, 13929, 12974, 19141, 1299, 2484, 3883, 3273, 8772, 13256, 11239, 5766, 18098, 12705, 11004, 2695, 10048, 10960, 2766, 15661, 13258, 8015, 6032, 16397, 7749, 19039, 7634, 15076, 4234, 15114, 8475, 8091, 19220, 18004, 9704, 13918, 15569, 16443, 10015, 9943, 7817, 9349, 2588, 8249, 398, 5316, 15538, 18372, 13559, 2937, 2803, 16248, 6155, 630, 9911, 13190, 19157, 15788, 13248, 13148, 1320, 12074, 8471, 8798, 3213, 12418, 814, 2402, 12718, 12397, 10564, 9875, 10128, 6947, 9491, 17707, 3266, 19196, 14309, 18523, 19043, 17975, 18063, 11618, 15016, 14434, 7680, 1739, 18029, 11694, 1745, 9271, 5189, 9561, 11283, 14978, 10753, 16017, 12914, 978, 2828, 17257, 13135, 5061, 121, 6602, 16015, 19271, 12159, 1244, 8260, 13195, 15873, 12815, 14291, 14515, 118, 4892, 14985, 9551, 12654, 4739, 927, 12176, 9523, 11726, 18187, 5880, 2569, 3386, 13942, 3390, 15774, 129, 65, 12922, 8422, 12692, 16213, 11515, 2111, 8347, 10758, 14064, 4401, 17782, 15621, 6709, 14716, 4091, 13964, 8424, 4218, 7249, 11311, 11171, 18564, 14755, 7114, 14009, 14815, 294, 495, 7684, 6833, 4046, 3505, 16995, 17858, 7761, 15803, 9840, 13958, 8226, 10369, 12497, 17142, 1748, 2854, 7159, 11539, 11055, 13337, 17173, 14214, 6803, 11144, 12649, 283, 15489, 13174, 7015, 610, 7030, 18206, 14077, 15468, 14962, 8046, 7809, 17387, 16034, 16678, 1173, 3502, 12942, 15655, 16859, 7099, 1673, 446, 1365, 5881, 3713, 11697, 1897, 16001, 1702, 14149, 11876, 9341, 4325, 6923, 2001, 138, 3276, 18716, 17604, 10501, 115, 12800, 6111, 11148, 4549, 16057, 4707, 6843, 16091, 4295, 7519, 13708, 12409, 11018, 5052, 13566, 14715, 12755, 793, 10837, 1888, 12375, 3935, 5763, 11791, 11258, 13264, 11469, 4683, 8905, 1853, 11600, 4421, 2798, 5074, 18141, 13807, 8595, 8126, 13837, 8060, 6956, 11767, 14560, 9389, 15261, 1232, 12560, 7262, 11504, 3546, 4627, 1177, 517, 4008, 9219, 17696, 4148, 14124, 13243, 11235, 7561, 8331, 16320, 3591, 11341, 4015, 12028, 14929, 18601, 3528, 14065, 1510, 19191, 13833, 17616, 10869, 17689, 831, 16725, 6319, 15465, 10467, 8162, 13563, 7728, 10778, 13545, 12290, 16480, 14401, 12838, 4212, 17529, 4832, 15111, 12690, 10373, 7596, 18614, 17477, 1043, 13100, 4774, 17479, 3774, 9302, 3901, 13071, 6412, 9516, 1261, 3054, 13522, 17602, 14343, 18500, 10957, 2791, 9624, 3634, 17904, 5709, 14670, 11058, 7087, 7435, 13848, 82, 5565, 2562, 14029, 3583, 1676, 12709, 18473, 3158, 12787, 8068, 8263, 16146, 3593, 1802, 1861, 3348, 4487, 17749, 6105, 10471, 17472, 10200, 1182, 14180, 1076, 10156, 4839, 9903, 4879, 9720, 2157, 15344, 16067, 3064, 17182, 5368, 4987, 18484, 18923, 11896, 1052, 15727, 15289, 5885, 1933, 5251, 17072, 6038, 6195, 13524, 6606, 18506, 17536, 6784, 3231, 14121, 8925, 10030, 803, 13764, 146, 19268, 14099, 4130, 16372, 1537, 12248, 13718, 17187, 11728, 1740, 19233, 5600, 4092, 4779, 6028, 3395, 16152, 19150, 2417, 11980, 11237, 8427, 18127, 3538, 9257, 607, 2078, 18457, 5802, 3435, 15019, 4256, 9221, 13465, 11742, 5788, 9528, 17493, 4607, 3131, 6616, 5356, 1550, 4617, 8827, 849, 2601, 4437, 17861, 10261, 15704, 3890, 8149, 12063, 3086, 15925, 12301, 6847, 5603, 7768, 3187, 13372, 9258, 6584, 7594, 2603, 1835, 17380, 17193, 15251, 15937, 18731, 4082, 14911, 16626, 8824, 16208, 10167, 17711, 9678, 15852, 13620, 16479, 14586, 2446, 4866, 1315, 7746, 10615, 7927, 2443, 7157, 13506, 18410, 10494]",4255,1500,3,False,1500
6408,general negate,general neg,25,True,True,False,"{21: 26, 33: 14, 2: 18, 29: 13, 25: 57, 43: 9, 57: 16, 49: 16, 61: 14, 67: 52, 65: 21, 50: 28, 15: 53, 6: 13, 46: 15, 27: 69, 7: 65, 48: 67, 19: 21, 31: 14, 63: 26, 22: 39, 9: 79, 26: 40, 47: 15, 53: 66, 11: 19, 51: 26, 54: 9, 13: 32, 17: 37, 52: 30, 39: 27, 38: 19, 1: 6, 59: 33, 56: 23, 32: 9, 8: 25, 4: 12, 20: 26, 24: 7, 18: 31, 42: 7, 28: 31, 45: 57, 0: 13, 66: 11, 62: 11, 35: 7, 64: 15, 37: 2, 40: 25, 3: 3, 14: 5, 12: 8, 16: 15, 55: 16, 30: 13, 58: 6, 36: 4, 60: 5, 5: 3, 41: 2, 44: 2, 34: 2}","[12686, 3384, 6034, 14374, 14516, 14680, 18580, 5912, 661, 4433, 14182, 14634, 14672, 13694, 17233, 12320, 12666, 7276, 14925, 15315, 1125, 14820, 3769, 14096, 12401, 14972, 14176, 4685, 4278, 5735, 7514, 16051, 15882, 4696, 17145, 19193, 12994, 9901, 13641, 15193, 6739, 9240, 1608, 14664, 18117, 5676, 15714, 5964, 5329, 16651, 15936, 14441, 15878, 18316, 14255, 18692, 5858, 4640, 10716, 13839, 16635, 2097, 11464, 12427, 2320, 14629, 7617, 16183, 16205, 2170, 4384, 6683, 5285, 18707, 6780, 4231, 2404, 4895, 18091, 2944, 13054, 3904, 3491, 9455, 15985, 10432, 8657, 15304, 9114, 5838, 5197, 17244, 6207, 3970, 17246, 3950, 6168, 8697, 6800, 9942, 11118, 8582, 6355, 15275, 4581, 12724, 11921, 1833, 523, 7619, 15729, 176, 8576, 3101, 1573, 1283, 11796, 11277, 2547, 1738, 6806, 15187, 7129, 5179, 5854, 16373, 9231, 6270, 777, 2062, 13249, 4144, 6325, 3924, 5350, 14414, 3142, 2249, 6444, 13582, 2833, 18030, 6483, 18404, 15057, 7482, 15001, 15872, 14584, 10835, 954, 7257, 1381, 17819, 17518, 6497, 14430, 4901, 16466, 10805, 132, 7506, 755, 14427, 12119, 16613, 19042, 14994, 11257, 8042, 2144, 5966, 1580, 8010, 2550, 10684, 14088, 5037, 8764, 17076, 14185, 15984, 5299, 16601, 19182, 13197, 14561, 12605, 17010, 2703, 6715, 11207, 10188, 212, 2293, 17676, 1720, 5934, 112, 8568, 15870, 3226, 4524, 4431, 5141, 5383, 7609, 12807, 19001, 14368, 6704, 14903, 4172, 117, 18698, 1699, 16558, 7518, 10618, 2110, 10308, 7828, 6623, 17644, 4449, 951, 13858, 15106, 8402, 916, 4771, 8608, 6448, 6656, 13547, 2814, 8336, 8093, 6398, 637, 9909, 10621, 786, 14146, 17292, 9457, 3, 2884, 14785, 10504, 16361, 8181, 17690, 654, 11067, 18741, 386, 18208, 10130, 8079, 7082, 14740, 8076, 18619, 14428, 10992, 12679, 9431, 18328, 13606, 7641, 13542, 1002, 11975, 15646, 19078, 1352, 8683, 16053, 11763, 14823, 7059, 4995, 3754, 6213, 10090, 19084, 1973, 8131, 5353, 836, 13960, 3217, 4885, 9645, 16941, 14750, 13171, 9132, 1355, 4440, 15747, 8233, 6008, 12781, 16749, 13905, 18198, 5033, 2910, 16502, 1233, 965, 16926, 3944, 13518, 18213, 12739, 9972, 14609, 5764, 6128, 9532, 12680, 3672, 5458, 6822, 11547, 3163, 8040, 14081, 8369, 18182, 17541, 11552, 12451, 15074, 1783, 17730, 1690, 16992, 2490, 2459, 18065, 320, 18311, 45, 9495, 4572, 544, 12731, 16811, 15096, 14957, 4594, 16607, 2449, 7791, 13659, 8892, 1713, 17336, 6598, 13832, 10495, 18937, 3067, 3473, 12715, 13492, 14787, 16503, 17899, 16638, 2408, 7141, 10590, 2917, 14650, 12571, 4321, 2855, 1829, 3736, 3381, 11069, 16093, 15201, 14311, 9836, 18289, 16899, 897, 13981, 12223, 8884, 15721, 7778, 13648, 5737, 6550, 19249, 2715, 447, 12941, 8915, 18963, 16291, 760, 5869, 3635, 3439, 6740, 5003, 3174, 2945, 16056, 4860, 11216, 7363, 1147, 12124, 9764, 11245, 4361, 7784, 16285, 17057, 11203, 5114, 17655, 12056, 17890, 7741, 15799, 10258, 16088, 19222, 15303, 1433, 5991, 322, 2322, 3156, 9940, 7814, 17068, 16968, 10018, 1991, 11946, 8705, 10371, 4619, 11074, 2034, 15550, 11743, 18666, 13494, 14175, 13948, 15123, 11154, 10397, 1701, 4770, 839, 12085, 16500, 16241, 1535, 18782, 2221, 539, 18405, 4245, 103, 1571, 16945, 12196, 9441, 1732, 1367, 3596, 4794, 7230, 5245, 17483, 2955, 2003, 11509, 4044, 12934, 3456, 16693, 593, 4582, 14076, 10972, 1965, 7227, 14324, 8658, 3772, 8355, 11889, 1908, 2684, 10026, 1666, 16507, 5589, 9295, 8389, 2099, 18653, 13808, 19147, 6675, 10970, 2788, 19028, 16983, 16166, 9845, 8160, 11381, 10088, 10333, 11716, 14695, 12697, 4365, 3747, 17296, 11904, 74, 7047, 10639, 13094, 940, 10478, 2032, 6642, 14896, 10840, 5430, 5556, 12597, 2183, 18403, 4252, 14613, 18283, 8790, 12140, 13540, 13353, 14114, 13297, 4056, 14038, 11299, 13770, 11433, 14285, 1526, 1955, 15711, 255, 12481, 612, 1635, 4886, 357, 11434, 9524, 13106, 2607, 5391, 9406, 2331, 624, 2749, 17849, 9829, 11436, 18426, 9481, 18550, 15647, 532, 11720, 11824, 15610, 15741, 7902, 13558, 17967, 14539, 17889, 4631, 1238, 16921, 7787, 15293, 3108, 8215, 2851, 4514, 12938, 16730, 17178, 4890, 17960, 4725, 7917, 3191, 8231, 16341, 8195, 10913, 2173, 5557, 2637, 16896, 5806, 1815, 1451, 8864, 2290, 12108, 5328, 6203, 2431, 7508, 17898, 17188, 6897, 1199, 15526, 18437, 6631, 8644, 16917, 14964, 14233, 2454, 584, 4830, 7199, 4180, 14889, 5761, 13756, 6917, 7756, 18880, 15095, 1816, 14070, 16252, 7429, 16589, 1631, 15968, 15221, 12478, 18594, 1477, 5637, 12058, 1205, 13397, 9107, 18654, 1968, 3759, 13147, 14144, 14973, 12452, 18020, 13592, 17920, 13687, 11335, 7207, 418, 7834, 778, 12982, 10688, 9031, 509, 9601, 9780, 17040, 12023, 3916, 91, 6536, 18535, 7547, 15240, 707, 14533, 15064, 17012, 16805, 8637, 5969, 16221, 1940, 13307, 4717, 12615, 18220, 11028, 12170, 1743, 2376, 12415, 14220, 18827, 1294, 18543, 6977, 15309, 11778, 11842, 17103, 3857, 4637, 12162, 19169, 17166, 18237, 17818, 9507, 19022, 5790, 19112, 15611, 1118, 15184, 18703, 1817, 15530, 16579, 8437, 11839, 11378, 3537, 9205, 9217, 16272, 18759, 16828, 12002, 8348, 1723, 3481, 14115, 379, 8544, 264, 6015, 7672, 2253, 7364, 3706, 13796, 17139, 16125, 12059, 9623, 7185, 2418, 18230, 3087, 281, 4379, 1796, 8459, 4400, 17824, 2736, 16446, 13525, 15341, 3275, 7872, 1662, 7557, 4319, 15442, 7181, 10456, 4963, 17048, 16943, 12784, 3441, 5240, 9975, 13216, 17702, 11594, 13554, 6165, 19168, 16070, 3540, 3262, 10661, 4061, 13173, 2875, 17014, 4349, 10818, 8428, 16764, 14232, 8930, 15734, 17680, 7069, 15684, 17050, 18987, 6914, 6863, 19263, 10595, 150, 10039, 2722, 18223, 16444, 6559, 7258, 2661, 7699, 17136, 12773, 4247, 5723, 15194, 1696, 1500, 2807, 9893, 11835, 13240, 18313, 17107, 10265, 10244, 5570, 2862, 14049, 1012, 12861, 723, 9583, 17461, 10056, 1264, 8297, 3716, 14666, 15259, 13531, 543, 13723, 16810, 6700, 3516, 13766, 7186, 10692, 6321, 15484, 14547, 8744, 3703, 10383, 16829, 6366, 6846, 3906, 2021, 18133, 857, 279, 12232, 10212, 10541, 12325, 13475, 1225, 937, 6966, 10881, 16936, 18502, 1440, 11914, 3326, 5633, 14913, 4623, 10743, 12361, 17335, 1072, 5043, 14810, 15077, 3255, 17215, 6553, 17852, 4801, 6962, 3060, 9430, 8799, 13824, 188, 15175, 15163, 4733, 5011, 3536, 17635, 6532, 14071, 6112, 17158, 6597, 11272, 105, 19219, 5013, 12483, 201, 6848, 17033, 6367, 7859, 14702, 18844, 7053, 18694, 15670, 636, 10129, 6378, 5369, 7273, 16247, 9142, 15345, 16817, 14854, 2600, 15783, 889, 11833, 6612, 2068, 2427, 7062, 7918, 16181, 5464, 8339, 8950, 8453, 16423, 6064, 2380, 4268, 13929, 12974, 19141, 1299, 2484, 3883, 3273, 8772, 13256, 11239, 5766, 18098, 12705, 11004, 2695, 10048, 10960, 2766, 15661, 13258, 8015, 6032, 16397, 7749, 19039, 7634, 15076, 4234, 15114, 8475, 8091, 19220, 18004, 9704, 13918, 15569, 16443, 10015, 9943, 7817, 9349, 2588, 8249, 398, 5316, 15538, 18372, 13559, 2937, 2803, 16248, 6155, 630, 9911, 13190, 19157, 15788, 13248, 13148, 1320, 12074, 8471, 8798, 3213, 12418, 814, 2402, 12718, 12397, 10564, 9875, 10128, 6947, 9491, 17707, 3266, 19196, 14309, 18523, 19043, 17975, 18063, 11618, 15016, 14434, 7680, 1739, 18029, 11694, 1745, 9271, 5189, 9561, 11283, 14978, 10753, 16017, 12914, 978, 2828, 17257, 13135, 5061, 121, 6602, 16015, 19271, 12159, 1244, 8260, 13195, 15873, 12815, 14291, 14515, 118, 4892, 14985, 9551, 12654, 4739, 927, 12176, 9523, 11726, 18187, 5880, 2569, 3386, 13942, 3390, 15774, 129, 65, 12922, 8422, 12692, 16213, 11515, 2111, 8347, 10758, 14064, 4401, 17782, 15621, 6709, 14716, 4091, 13964, 8424, 4218, 7249, 11311, 11171, 18564, 14755, 7114, 14009, 14815, 294, 495, 7684, 6833, 4046, 3505, 16995, 17858, 7761, 15803, 9840, 13958, 8226, 10369, 12497, 17142, 1748, 2854, 7159, 11539, 11055, 13337, 17173, 14214, 6803, 11144, 12649, 283, 15489, 13174, 7015, 610, 7030, 18206, 14077, 15468, 14962, 8046, 7809, 17387, 16034, 16678, 1173, 3502, 12942, 15655, 16859, 7099, 1673, 446, 1365, 5881, 3713, 11697, 1897, 16001, 1702, 14149, 11876, 9341, 4325, 6923, 2001, 138, 3276, 18716, 17604, 10501, 115, 12800, 6111, 11148, 4549, 16057, 4707, 6843, 16091, 4295, 7519, 13708, 12409, 11018, 5052, 13566, 14715, 12755, 793, 10837, 1888, 12375, 3935, 5763, 11791, 11258, 13264, 11469, 4683, 8905, 1853, 11600, 4421, 2798, 5074, 18141, 13807, 8595, 8126, 13837, 8060, 6956, 11767, 14560, 9389, 15261, 1232, 12560, 7262, 11504, 3546, 4627, 1177, 517, 4008, 9219, 17696, 4148, 14124, 13243, 11235, 7561, 8331, 16320, 3591, 11341, 4015, 12028, 14929, 18601, 3528, 14065, 1510, 19191, 13833, 17616, 10869, 17689, 831, 16725, 6319, 15465, 10467, 8162, 13563, 7728, 10778, 13545, 12290, 16480, 14401, 12838, 4212, 17529, 4832, 15111, 12690, 10373, 7596, 18614, 17477, 1043, 13100, 4774, 17479, 3774, 9302, 3901, 13071, 6412, 9516, 1261, 3054, 13522, 17602, 14343, 18500, 10957, 2791, 9624, 3634, 17904, 5709, 14670, 11058, 7087, 7435, 13848, 82, 5565, 2562, 14029, 3583, 1676, 12709, 18473, 3158, 12787, 8068, 8263, 16146, 3593, 1802, 1861, 3348, 4487, 17749, 6105, 10471, 17472, 10200, 1182, 14180, 1076, 10156, 4839, 9903, 4879, 9720, 2157, 15344, 16067, 3064, 17182, 5368, 4987, 18484, 18923, 11896, 1052, 15727, 15289, 5885, 1933, 5251, 17072, 6038, 6195, 13524, 6606, 18506, 17536, 6784, 3231, 14121, 8925, 10030, 803, 13764, 146, 19268, 14099, 4130, 16372, 1537, 12248, 13718, 17187, 11728, 1740, 19233, 5600, 4092, 4779, 6028, 3395, 16152, 19150, 2417, 11980, 11237, 8427, 18127, 3538, 9257, 607, 2078, 18457, 5802, 3435, 15019, 4256, 9221, 13465, 11742, 5788, 9528, 17493, 4607, 3131, 6616, 5356, 1550, 4617, 8827, 849, 2601, 4437, 17861, 10261, 15704, 3890, 8149, 12063, 3086, 15925, 12301, 6847, 5603, 7768, 3187, 13372, 9258, 6584, 7594, 2603, 1835, 17380, 17193, 15251, 15937, 18731, 4082, 14911, 16626, 8824, 16208, 10167, 17711, 9678, 15852, 13620, 16479, 14586, 2446, 4866, 1315, 7746, 10615, 7927, 2443, 7157, 13506, 18410, 10494]",6408,1500,3,False,1500
2227,datetime query,datetime query,13,True,True,True,"{21: 26, 33: 14, 2: 18, 29: 13, 25: 57, 43: 9, 57: 16, 49: 16, 61: 14, 67: 52, 65: 21, 50: 28, 15: 53, 6: 13, 46: 15, 27: 69, 7: 65, 48: 67, 19: 21, 31: 14, 63: 26, 22: 39, 9: 79, 26: 40, 47: 15, 53: 66, 11: 19, 51: 26, 54: 9, 13: 32, 17: 37, 52: 30, 39: 27, 38: 19, 1: 6, 59: 33, 56: 23, 32: 9, 8: 25, 4: 12, 20: 26, 24: 7, 18: 31, 42: 7, 28: 31, 45: 57, 0: 13, 66: 11, 62: 11, 35: 7, 64: 15, 37: 2, 40: 25, 3: 3, 14: 5, 12: 8, 16: 15, 55: 16, 30: 13, 58: 6, 36: 4, 60: 5, 5: 3, 41: 2, 44: 2, 34: 2}","[12686, 3384, 6034, 14374, 14516, 14680, 18580, 5912, 661, 4433, 14182, 14634, 14672, 13694, 17233, 12320, 12666, 7276, 14925, 15315, 1125, 14820, 3769, 14096, 12401, 14972, 14176, 4685, 4278, 5735, 7514, 16051, 15882, 4696, 17145, 19193, 12994, 9901, 13641, 15193, 6739, 9240, 1608, 14664, 18117, 5676, 15714, 5964, 5329, 16651, 15936, 14441, 15878, 18316, 14255, 18692, 5858, 4640, 10716, 13839, 16635, 2097, 11464, 12427, 2320, 14629, 7617, 16183, 16205, 2170, 4384, 6683, 5285, 18707, 6780, 4231, 2404, 4895, 18091, 2944, 13054, 3904, 3491, 9455, 15985, 10432, 8657, 15304, 9114, 5838, 5197, 17244, 6207, 3970, 17246, 3950, 6168, 8697, 6800, 9942, 11118, 8582, 6355, 15275, 4581, 12724, 11921, 1833, 523, 7619, 15729, 176, 8576, 3101, 1573, 1283, 11796, 11277, 2547, 1738, 6806, 15187, 7129, 5179, 5854, 16373, 9231, 6270, 777, 2062, 13249, 4144, 6325, 3924, 5350, 14414, 3142, 2249, 6444, 13582, 2833, 18030, 6483, 18404, 15057, 7482, 15001, 15872, 14584, 10835, 954, 7257, 1381, 17819, 17518, 6497, 14430, 4901, 16466, 10805, 132, 7506, 755, 14427, 12119, 16613, 19042, 14994, 11257, 8042, 2144, 5966, 1580, 8010, 2550, 10684, 14088, 5037, 8764, 17076, 14185, 15984, 5299, 16601, 19182, 13197, 14561, 12605, 17010, 2703, 6715, 11207, 10188, 212, 2293, 17676, 1720, 5934, 112, 8568, 15870, 3226, 4524, 4431, 5141, 5383, 7609, 12807, 19001, 14368, 6704, 14903, 4172, 117, 18698, 1699, 16558, 7518, 10618, 2110, 10308, 7828, 6623, 17644, 4449, 951, 13858, 15106, 8402, 916, 4771, 8608, 6448, 6656, 13547, 2814, 8336, 8093, 6398, 637, 9909, 10621, 786, 14146, 17292, 9457, 3, 2884, 14785, 10504, 16361, 8181, 17690, 654, 11067, 18741, 386, 18208, 10130, 8079, 7082, 14740, 8076, 18619, 14428, 10992, 12679, 9431, 18328, 13606, 7641, 13542, 1002, 11975, 15646, 19078, 1352, 8683, 16053, 11763, 14823, 7059, 4995, 3754, 6213, 10090, 19084, 1973, 8131, 5353, 836, 13960, 3217, 4885, 9645, 16941, 14750, 13171, 9132, 1355, 4440, 15747, 8233, 6008, 12781, 16749, 13905, 18198, 5033, 2910, 16502, 1233, 965, 16926, 3944, 13518, 18213, 12739, 9972, 14609, 5764, 6128, 9532, 12680, 3672, 5458, 6822, 11547, 3163, 8040, 14081, 8369, 18182, 17541, 11552, 12451, 15074, 1783, 17730, 1690, 16992, 2490, 2459, 18065, 320, 18311, 45, 9495, 4572, 544, 12731, 16811, 15096, 14957, 4594, 16607, 2449, 7791, 13659, 8892, 1713, 17336, 6598, 13832, 10495, 18937, 3067, 3473, 12715, 13492, 14787, 16503, 17899, 16638, 2408, 7141, 10590, 2917, 14650, 12571, 4321, 2855, 1829, 3736, 3381, 11069, 16093, 15201, 14311, 9836, 18289, 16899, 897, 13981, 12223, 8884, 15721, 7778, 13648, 5737, 6550, 19249, 2715, 447, 12941, 8915, 18963, 16291, 760, 5869, 3635, 3439, 6740, 5003, 3174, 2945, 16056, 4860, 11216, 7363, 1147, 12124, 9764, 11245, 4361, 7784, 16285, 17057, 11203, 5114, 17655, 12056, 17890, 7741, 15799, 10258, 16088, 19222, 15303, 1433, 5991, 322, 2322, 3156, 9940, 7814, 17068, 16968, 10018, 1991, 11946, 8705, 10371, 4619, 11074, 2034, 15550, 11743, 18666, 13494, 14175, 13948, 15123, 11154, 10397, 1701, 4770, 839, 12085, 16500, 16241, 1535, 18782, 2221, 539, 18405, 4245, 103, 1571, 16945, 12196, 9441, 1732, 1367, 3596, 4794, 7230, 5245, 17483, 2955, 2003, 11509, 4044, 12934, 3456, 16693, 593, 4582, 14076, 10972, 1965, 7227, 14324, 8658, 3772, 8355, 11889, 1908, 2684, 10026, 1666, 16507, 5589, 9295, 8389, 2099, 18653, 13808, 19147, 6675, 10970, 2788, 19028, 16983, 16166, 9845, 8160, 11381, 10088, 10333, 11716, 14695, 12697, 4365, 3747, 17296, 11904, 74, 7047, 10639, 13094, 940, 10478, 2032, 6642, 14896, 10840, 5430, 5556, 12597, 2183, 18403, 4252, 14613, 18283, 8790, 12140, 13540, 13353, 14114, 13297, 4056, 14038, 11299, 13770, 11433, 14285, 1526, 1955, 15711, 255, 12481, 612, 1635, 4886, 357, 11434, 9524, 13106, 2607, 5391, 9406, 2331, 624, 2749, 17849, 9829, 11436, 18426, 9481, 18550, 15647, 532, 11720, 11824, 15610, 15741, 7902, 13558, 17967, 14539, 17889, 4631, 1238, 16921, 7787, 15293, 3108, 8215, 2851, 4514, 12938, 16730, 17178, 4890, 17960, 4725, 7917, 3191, 8231, 16341, 8195, 10913, 2173, 5557, 2637, 16896, 5806, 1815, 1451, 8864, 2290, 12108, 5328, 6203, 2431, 7508, 17898, 17188, 6897, 1199, 15526, 18437, 6631, 8644, 16917, 14964, 14233, 2454, 584, 4830, 7199, 4180, 14889, 5761, 13756, 6917, 7756, 18880, 15095, 1816, 14070, 16252, 7429, 16589, 1631, 15968, 15221, 12478, 18594, 1477, 5637, 12058, 1205, 13397, 9107, 18654, 1968, 3759, 13147, 14144, 14973, 12452, 18020, 13592, 17920, 13687, 11335, 7207, 418, 7834, 778, 12982, 10688, 9031, 509, 9601, 9780, 17040, 12023, 3916, 91, 6536, 18535, 7547, 15240, 707, 14533, 15064, 17012, 16805, 8637, 5969, 16221, 1940, 13307, 4717, 12615, 18220, 11028, 12170, 1743, 2376, 12415, 14220, 18827, 1294, 18543, 6977, 15309, 11778, 11842, 17103, 3857, 4637, 12162, 19169, 17166, 18237, 17818, 9507, 19022, 5790, 19112, 15611, 1118, 15184, 18703, 1817, 15530, 16579, 8437, 11839, 11378, 3537, 9205, 9217, 16272, 18759, 16828, 12002, 8348, 1723, 3481, 14115, 379, 8544, 264, 6015, 7672, 2253, 7364, 3706, 13796, 17139, 16125, 12059, 9623, 7185, 2418, 18230, 3087, 281, 4379, 1796, 8459, 4400, 17824, 2736, 16446, 13525, 15341, 3275, 7872, 1662, 7557, 4319, 15442, 7181, 10456, 4963, 17048, 16943, 12784, 3441, 5240, 9975, 13216, 17702, 11594, 13554, 6165, 19168, 16070, 3540, 3262, 10661, 4061, 13173, 2875, 17014, 4349, 10818, 8428, 16764, 14232, 8930, 15734, 17680, 7069, 15684, 17050, 18987, 6914, 6863, 19263, 10595, 150, 10039, 2722, 18223, 16444, 6559, 7258, 2661, 7699, 17136, 12773, 4247, 5723, 15194, 1696, 1500, 2807, 9893, 11835, 13240, 18313, 17107, 10265, 10244, 5570, 2862, 14049, 1012, 12861, 723, 9583, 17461, 10056, 1264, 8297, 3716, 14666, 15259, 13531, 543, 13723, 16810, 6700, 3516, 13766, 7186, 10692, 6321, 15484, 14547, 8744, 3703, 10383, 16829, 6366, 6846, 3906, 2021, 18133, 857, 279, 12232, 10212, 10541, 12325, 13475, 1225, 937, 6966, 10881, 16936, 18502, 1440, 11914, 3326, 5633, 14913, 4623, 10743, 12361, 17335, 1072, 5043, 14810, 15077, 3255, 17215, 6553, 17852, 4801, 6962, 3060, 9430, 8799, 13824, 188, 15175, 15163, 4733, 5011, 3536, 17635, 6532, 14071, 6112, 17158, 6597, 11272, 105, 19219, 5013, 12483, 201, 6848, 17033, 6367, 7859, 14702, 18844, 7053, 18694, 15670, 636, 10129, 6378, 5369, 7273, 16247, 9142, 15345, 16817, 14854, 2600, 15783, 889, 11833, 6612, 2068, 2427, 7062, 7918, 16181, 5464, 8339, 8950, 8453, 16423, 6064, 2380, 4268, 13929, 12974, 19141, 1299, 2484, 3883, 3273, 8772, 13256, 11239, 5766, 18098, 12705, 11004, 2695, 10048, 10960, 2766, 15661, 13258, 8015, 6032, 16397, 7749, 19039, 7634, 15076, 4234, 15114, 8475, 8091, 19220, 18004, 9704, 13918, 15569, 16443, 10015, 9943, 7817, 9349, 2588, 8249, 398, 5316, 15538, 18372, 13559, 2937, 2803, 16248, 6155, 630, 9911, 13190, 19157, 15788, 13248, 13148, 1320, 12074, 8471, 8798, 3213, 12418, 814, 2402, 12718, 12397, 10564, 9875, 10128, 6947, 9491, 17707, 3266, 19196, 14309, 18523, 19043, 17975, 18063, 11618, 15016, 14434, 7680, 1739, 18029, 11694, 1745, 9271, 5189, 9561, 11283, 14978, 10753, 16017, 12914, 978, 2828, 17257, 13135, 5061, 121, 6602, 16015, 19271, 12159, 1244, 8260, 13195, 15873, 12815, 14291, 14515, 118, 4892, 14985, 9551, 12654, 4739, 927, 12176, 9523, 11726, 18187, 5880, 2569, 3386, 13942, 3390, 15774, 129, 65, 12922, 8422, 12692, 16213, 11515, 2111, 8347, 10758, 14064, 4401, 17782, 15621, 6709, 14716, 4091, 13964, 8424, 4218, 7249, 11311, 11171, 18564, 14755, 7114, 14009, 14815, 294, 495, 7684, 6833, 4046, 3505, 16995, 17858, 7761, 15803, 9840, 13958, 8226, 10369, 12497, 17142, 1748, 2854, 7159, 11539, 11055, 13337, 17173, 14214, 6803, 11144, 12649, 283, 15489, 13174, 7015, 610, 7030, 18206, 14077, 15468, 14962, 8046, 7809, 17387, 16034, 16678, 1173, 3502, 12942, 15655, 16859, 7099, 1673, 446, 1365, 5881, 3713, 11697, 1897, 16001, 1702, 14149, 11876, 9341, 4325, 6923, 2001, 138, 3276, 18716, 17604, 10501, 115, 12800, 6111, 11148, 4549, 16057, 4707, 6843, 16091, 4295, 7519, 13708, 12409, 11018, 5052, 13566, 14715, 12755, 793, 10837, 1888, 12375, 3935, 5763, 11791, 11258, 13264, 11469, 4683, 8905, 1853, 11600, 4421, 2798, 5074, 18141, 13807, 8595, 8126, 13837, 8060, 6956, 11767, 14560, 9389, 15261, 1232, 12560, 7262, 11504, 3546, 4627, 1177, 517, 4008, 9219, 17696, 4148, 14124, 13243, 11235, 7561, 8331, 16320, 3591, 11341, 4015, 12028, 14929, 18601, 3528, 14065, 1510, 19191, 13833, 17616, 10869, 17689, 831, 16725, 6319, 15465, 10467, 8162, 13563, 7728, 10778, 13545, 12290, 16480, 14401, 12838, 4212, 17529, 4832, 15111, 12690, 10373, 7596, 18614, 17477, 1043, 13100, 4774, 17479, 3774, 9302, 3901, 13071, 6412, 9516, 1261, 3054, 13522, 17602, 14343, 18500, 10957, 2791, 9624, 3634, 17904, 5709, 14670, 11058, 7087, 7435, 13848, 82, 5565, 2562, 14029, 3583, 1676, 12709, 18473, 3158, 12787, 8068, 8263, 16146, 3593, 1802, 1861, 3348, 4487, 17749, 6105, 10471, 17472, 10200, 1182, 14180, 1076, 10156, 4839, 9903, 4879, 9720, 2157, 15344, 16067, 3064, 17182, 5368, 4987, 18484, 18923, 11896, 1052, 15727, 15289, 5885, 1933, 5251, 17072, 6038, 6195, 13524, 6606, 18506, 17536, 6784, 3231, 14121, 8925, 10030, 803, 13764, 146, 19268, 14099, 4130, 16372, 1537, 12248, 13718, 17187, 11728, 1740, 19233, 5600, 4092, 4779, 6028, 3395, 16152, 19150, 2417, 11980, 11237, 8427, 18127, 3538, 9257, 607, 2078, 18457, 5802, 3435, 15019, 4256, 9221, 13465, 11742, 5788, 9528, 17493, 4607, 3131, 6616, 5356, 1550, 4617, 8827, 849, 2601, 4437, 17861, 10261, 15704, 3890, 8149, 12063, 3086, 15925, 12301, 6847, 5603, 7768, 3187, 13372, 9258, 6584, 7594, 2603, 1835, 17380, 17193, 15251, 15937, 18731, 4082, 14911, 16626, 8824, 16208, 10167, 17711, 9678, 15852, 13620, 16479, 14586, 2446, 4866, 1315, 7746, 10615, 7927, 2443, 7157, 13506, 18410, 10494]",2227,1500,3,False,1500
4262,general confirm,general confirm,20,True,True,True,"{21: 26, 33: 14, 2: 18, 29: 13, 25: 57, 43: 9, 57: 16, 49: 16, 61: 14, 67: 52, 65: 21, 50: 28, 15: 53, 6: 13, 46: 15, 27: 69, 7: 65, 48: 67, 19: 21, 31: 14, 63: 26, 22: 39, 9: 79, 26: 40, 47: 15, 53: 66, 11: 19, 51: 26, 54: 9, 13: 32, 17: 37, 52: 30, 39: 27, 38: 19, 1: 6, 59: 33, 56: 23, 32: 9, 8: 25, 4: 12, 20: 26, 24: 7, 18: 31, 42: 7, 28: 31, 45: 57, 0: 13, 66: 11, 62: 11, 35: 7, 64: 15, 37: 2, 40: 25, 3: 3, 14: 5, 12: 8, 16: 15, 55: 16, 30: 13, 58: 6, 36: 4, 60: 5, 5: 3, 41: 2, 44: 2, 34: 2}","[12686, 3384, 6034, 14374, 14516, 14680, 18580, 5912, 661, 4433, 14182, 14634, 14672, 13694, 17233, 12320, 12666, 7276, 14925, 15315, 1125, 14820, 3769, 14096, 12401, 14972, 14176, 4685, 4278, 5735, 7514, 16051, 15882, 4696, 17145, 19193, 12994, 9901, 13641, 15193, 6739, 9240, 1608, 14664, 18117, 5676, 15714, 5964, 5329, 16651, 15936, 14441, 15878, 18316, 14255, 18692, 5858, 4640, 10716, 13839, 16635, 2097, 11464, 12427, 2320, 14629, 7617, 16183, 16205, 2170, 4384, 6683, 5285, 18707, 6780, 4231, 2404, 4895, 18091, 2944, 13054, 3904, 3491, 9455, 15985, 10432, 8657, 15304, 9114, 5838, 5197, 17244, 6207, 3970, 17246, 3950, 6168, 8697, 6800, 9942, 11118, 8582, 6355, 15275, 4581, 12724, 11921, 1833, 523, 7619, 15729, 176, 8576, 3101, 1573, 1283, 11796, 11277, 2547, 1738, 6806, 15187, 7129, 5179, 5854, 16373, 9231, 6270, 777, 2062, 13249, 4144, 6325, 3924, 5350, 14414, 3142, 2249, 6444, 13582, 2833, 18030, 6483, 18404, 15057, 7482, 15001, 15872, 14584, 10835, 954, 7257, 1381, 17819, 17518, 6497, 14430, 4901, 16466, 10805, 132, 7506, 755, 14427, 12119, 16613, 19042, 14994, 11257, 8042, 2144, 5966, 1580, 8010, 2550, 10684, 14088, 5037, 8764, 17076, 14185, 15984, 5299, 16601, 19182, 13197, 14561, 12605, 17010, 2703, 6715, 11207, 10188, 212, 2293, 17676, 1720, 5934, 112, 8568, 15870, 3226, 4524, 4431, 5141, 5383, 7609, 12807, 19001, 14368, 6704, 14903, 4172, 117, 18698, 1699, 16558, 7518, 10618, 2110, 10308, 7828, 6623, 17644, 4449, 951, 13858, 15106, 8402, 916, 4771, 8608, 6448, 6656, 13547, 2814, 8336, 8093, 6398, 637, 9909, 10621, 786, 14146, 17292, 9457, 3, 2884, 14785, 10504, 16361, 8181, 17690, 654, 11067, 18741, 386, 18208, 10130, 8079, 7082, 14740, 8076, 18619, 14428, 10992, 12679, 9431, 18328, 13606, 7641, 13542, 1002, 11975, 15646, 19078, 1352, 8683, 16053, 11763, 14823, 7059, 4995, 3754, 6213, 10090, 19084, 1973, 8131, 5353, 836, 13960, 3217, 4885, 9645, 16941, 14750, 13171, 9132, 1355, 4440, 15747, 8233, 6008, 12781, 16749, 13905, 18198, 5033, 2910, 16502, 1233, 965, 16926, 3944, 13518, 18213, 12739, 9972, 14609, 5764, 6128, 9532, 12680, 3672, 5458, 6822, 11547, 3163, 8040, 14081, 8369, 18182, 17541, 11552, 12451, 15074, 1783, 17730, 1690, 16992, 2490, 2459, 18065, 320, 18311, 45, 9495, 4572, 544, 12731, 16811, 15096, 14957, 4594, 16607, 2449, 7791, 13659, 8892, 1713, 17336, 6598, 13832, 10495, 18937, 3067, 3473, 12715, 13492, 14787, 16503, 17899, 16638, 2408, 7141, 10590, 2917, 14650, 12571, 4321, 2855, 1829, 3736, 3381, 11069, 16093, 15201, 14311, 9836, 18289, 16899, 897, 13981, 12223, 8884, 15721, 7778, 13648, 5737, 6550, 19249, 2715, 447, 12941, 8915, 18963, 16291, 760, 5869, 3635, 3439, 6740, 5003, 3174, 2945, 16056, 4860, 11216, 7363, 1147, 12124, 9764, 11245, 4361, 7784, 16285, 17057, 11203, 5114, 17655, 12056, 17890, 7741, 15799, 10258, 16088, 19222, 15303, 1433, 5991, 322, 2322, 3156, 9940, 7814, 17068, 16968, 10018, 1991, 11946, 8705, 10371, 4619, 11074, 2034, 15550, 11743, 18666, 13494, 14175, 13948, 15123, 11154, 10397, 1701, 4770, 839, 12085, 16500, 16241, 1535, 18782, 2221, 539, 18405, 4245, 103, 1571, 16945, 12196, 9441, 1732, 1367, 3596, 4794, 7230, 5245, 17483, 2955, 2003, 11509, 4044, 12934, 3456, 16693, 593, 4582, 14076, 10972, 1965, 7227, 14324, 8658, 3772, 8355, 11889, 1908, 2684, 10026, 1666, 16507, 5589, 9295, 8389, 2099, 18653, 13808, 19147, 6675, 10970, 2788, 19028, 16983, 16166, 9845, 8160, 11381, 10088, 10333, 11716, 14695, 12697, 4365, 3747, 17296, 11904, 74, 7047, 10639, 13094, 940, 10478, 2032, 6642, 14896, 10840, 5430, 5556, 12597, 2183, 18403, 4252, 14613, 18283, 8790, 12140, 13540, 13353, 14114, 13297, 4056, 14038, 11299, 13770, 11433, 14285, 1526, 1955, 15711, 255, 12481, 612, 1635, 4886, 357, 11434, 9524, 13106, 2607, 5391, 9406, 2331, 624, 2749, 17849, 9829, 11436, 18426, 9481, 18550, 15647, 532, 11720, 11824, 15610, 15741, 7902, 13558, 17967, 14539, 17889, 4631, 1238, 16921, 7787, 15293, 3108, 8215, 2851, 4514, 12938, 16730, 17178, 4890, 17960, 4725, 7917, 3191, 8231, 16341, 8195, 10913, 2173, 5557, 2637, 16896, 5806, 1815, 1451, 8864, 2290, 12108, 5328, 6203, 2431, 7508, 17898, 17188, 6897, 1199, 15526, 18437, 6631, 8644, 16917, 14964, 14233, 2454, 584, 4830, 7199, 4180, 14889, 5761, 13756, 6917, 7756, 18880, 15095, 1816, 14070, 16252, 7429, 16589, 1631, 15968, 15221, 12478, 18594, 1477, 5637, 12058, 1205, 13397, 9107, 18654, 1968, 3759, 13147, 14144, 14973, 12452, 18020, 13592, 17920, 13687, 11335, 7207, 418, 7834, 778, 12982, 10688, 9031, 509, 9601, 9780, 17040, 12023, 3916, 91, 6536, 18535, 7547, 15240, 707, 14533, 15064, 17012, 16805, 8637, 5969, 16221, 1940, 13307, 4717, 12615, 18220, 11028, 12170, 1743, 2376, 12415, 14220, 18827, 1294, 18543, 6977, 15309, 11778, 11842, 17103, 3857, 4637, 12162, 19169, 17166, 18237, 17818, 9507, 19022, 5790, 19112, 15611, 1118, 15184, 18703, 1817, 15530, 16579, 8437, 11839, 11378, 3537, 9205, 9217, 16272, 18759, 16828, 12002, 8348, 1723, 3481, 14115, 379, 8544, 264, 6015, 7672, 2253, 7364, 3706, 13796, 17139, 16125, 12059, 9623, 7185, 2418, 18230, 3087, 281, 4379, 1796, 8459, 4400, 17824, 2736, 16446, 13525, 15341, 3275, 7872, 1662, 7557, 4319, 15442, 7181, 10456, 4963, 17048, 16943, 12784, 3441, 5240, 9975, 13216, 17702, 11594, 13554, 6165, 19168, 16070, 3540, 3262, 10661, 4061, 13173, 2875, 17014, 4349, 10818, 8428, 16764, 14232, 8930, 15734, 17680, 7069, 15684, 17050, 18987, 6914, 6863, 19263, 10595, 150, 10039, 2722, 18223, 16444, 6559, 7258, 2661, 7699, 17136, 12773, 4247, 5723, 15194, 1696, 1500, 2807, 9893, 11835, 13240, 18313, 17107, 10265, 10244, 5570, 2862, 14049, 1012, 12861, 723, 9583, 17461, 10056, 1264, 8297, 3716, 14666, 15259, 13531, 543, 13723, 16810, 6700, 3516, 13766, 7186, 10692, 6321, 15484, 14547, 8744, 3703, 10383, 16829, 6366, 6846, 3906, 2021, 18133, 857, 279, 12232, 10212, 10541, 12325, 13475, 1225, 937, 6966, 10881, 16936, 18502, 1440, 11914, 3326, 5633, 14913, 4623, 10743, 12361, 17335, 1072, 5043, 14810, 15077, 3255, 17215, 6553, 17852, 4801, 6962, 3060, 9430, 8799, 13824, 188, 15175, 15163, 4733, 5011, 3536, 17635, 6532, 14071, 6112, 17158, 6597, 11272, 105, 19219, 5013, 12483, 201, 6848, 17033, 6367, 7859, 14702, 18844, 7053, 18694, 15670, 636, 10129, 6378, 5369, 7273, 16247, 9142, 15345, 16817, 14854, 2600, 15783, 889, 11833, 6612, 2068, 2427, 7062, 7918, 16181, 5464, 8339, 8950, 8453, 16423, 6064, 2380, 4268, 13929, 12974, 19141, 1299, 2484, 3883, 3273, 8772, 13256, 11239, 5766, 18098, 12705, 11004, 2695, 10048, 10960, 2766, 15661, 13258, 8015, 6032, 16397, 7749, 19039, 7634, 15076, 4234, 15114, 8475, 8091, 19220, 18004, 9704, 13918, 15569, 16443, 10015, 9943, 7817, 9349, 2588, 8249, 398, 5316, 15538, 18372, 13559, 2937, 2803, 16248, 6155, 630, 9911, 13190, 19157, 15788, 13248, 13148, 1320, 12074, 8471, 8798, 3213, 12418, 814, 2402, 12718, 12397, 10564, 9875, 10128, 6947, 9491, 17707, 3266, 19196, 14309, 18523, 19043, 17975, 18063, 11618, 15016, 14434, 7680, 1739, 18029, 11694, 1745, 9271, 5189, 9561, 11283, 14978, 10753, 16017, 12914, 978, 2828, 17257, 13135, 5061, 121, 6602, 16015, 19271, 12159, 1244, 8260, 13195, 15873, 12815, 14291, 14515, 118, 4892, 14985, 9551, 12654, 4739, 927, 12176, 9523, 11726, 18187, 5880, 2569, 3386, 13942, 3390, 15774, 129, 65, 12922, 8422, 12692, 16213, 11515, 2111, 8347, 10758, 14064, 4401, 17782, 15621, 6709, 14716, 4091, 13964, 8424, 4218, 7249, 11311, 11171, 18564, 14755, 7114, 14009, 14815, 294, 495, 7684, 6833, 4046, 3505, 16995, 17858, 7761, 15803, 9840, 13958, 8226, 10369, 12497, 17142, 1748, 2854, 7159, 11539, 11055, 13337, 17173, 14214, 6803, 11144, 12649, 283, 15489, 13174, 7015, 610, 7030, 18206, 14077, 15468, 14962, 8046, 7809, 17387, 16034, 16678, 1173, 3502, 12942, 15655, 16859, 7099, 1673, 446, 1365, 5881, 3713, 11697, 1897, 16001, 1702, 14149, 11876, 9341, 4325, 6923, 2001, 138, 3276, 18716, 17604, 10501, 115, 12800, 6111, 11148, 4549, 16057, 4707, 6843, 16091, 4295, 7519, 13708, 12409, 11018, 5052, 13566, 14715, 12755, 793, 10837, 1888, 12375, 3935, 5763, 11791, 11258, 13264, 11469, 4683, 8905, 1853, 11600, 4421, 2798, 5074, 18141, 13807, 8595, 8126, 13837, 8060, 6956, 11767, 14560, 9389, 15261, 1232, 12560, 7262, 11504, 3546, 4627, 1177, 517, 4008, 9219, 17696, 4148, 14124, 13243, 11235, 7561, 8331, 16320, 3591, 11341, 4015, 12028, 14929, 18601, 3528, 14065, 1510, 19191, 13833, 17616, 10869, 17689, 831, 16725, 6319, 15465, 10467, 8162, 13563, 7728, 10778, 13545, 12290, 16480, 14401, 12838, 4212, 17529, 4832, 15111, 12690, 10373, 7596, 18614, 17477, 1043, 13100, 4774, 17479, 3774, 9302, 3901, 13071, 6412, 9516, 1261, 3054, 13522, 17602, 14343, 18500, 10957, 2791, 9624, 3634, 17904, 5709, 14670, 11058, 7087, 7435, 13848, 82, 5565, 2562, 14029, 3583, 1676, 12709, 18473, 3158, 12787, 8068, 8263, 16146, 3593, 1802, 1861, 3348, 4487, 17749, 6105, 10471, 17472, 10200, 1182, 14180, 1076, 10156, 4839, 9903, 4879, 9720, 2157, 15344, 16067, 3064, 17182, 5368, 4987, 18484, 18923, 11896, 1052, 15727, 15289, 5885, 1933, 5251, 17072, 6038, 6195, 13524, 6606, 18506, 17536, 6784, 3231, 14121, 8925, 10030, 803, 13764, 146, 19268, 14099, 4130, 16372, 1537, 12248, 13718, 17187, 11728, 1740, 19233, 5600, 4092, 4779, 6028, 3395, 16152, 19150, 2417, 11980, 11237, 8427, 18127, 3538, 9257, 607, 2078, 18457, 5802, 3435, 15019, 4256, 9221, 13465, 11742, 5788, 9528, 17493, 4607, 3131, 6616, 5356, 1550, 4617, 8827, 849, 2601, 4437, 17861, 10261, 15704, 3890, 8149, 12063, 3086, 15925, 12301, 6847, 5603, 7768, 3187, 13372, 9258, 6584, 7594, 2603, 1835, 17380, 17193, 15251, 15937, 18731, 4082, 14911, 16626, 8824, 16208, 10167, 17711, 9678, 15852, 13620, 16479, 14586, 2446, 4866, 1315, 7746, 10615, 7927, 2443, 7157, 13506, 18410, 10494]",4262,1500,3,False,1500
3229,qa factoid,general qu,27,True,False,False,"{21: 26, 33: 14, 2: 18, 29: 13, 25: 57, 43: 9, 57: 16, 49: 16, 61: 14, 67: 52, 65: 21, 50: 28, 15: 53, 6: 13, 46: 15, 27: 69, 7: 65, 48: 67, 19: 21, 31: 14, 63: 26, 22: 39, 9: 79, 26: 40, 47: 15, 53: 66, 11: 19, 51: 26, 54: 9, 13: 32, 17: 37, 52: 30, 39: 27, 38: 19, 1: 6, 59: 33, 56: 23, 32: 9, 8: 25, 4: 12, 20: 26, 24: 7, 18: 31, 42: 7, 28: 31, 45: 57, 0: 13, 66: 11, 62: 11, 35: 7, 64: 15, 37: 2, 40: 25, 3: 3, 14: 5, 12: 8, 16: 15, 55: 16, 30: 13, 58: 6, 36: 4, 60: 5, 5: 3, 41: 2, 44: 2, 34: 2}","[12686, 3384, 6034, 14374, 14516, 14680, 18580, 5912, 661, 4433, 14182, 14634, 14672, 13694, 17233, 12320, 12666, 7276, 14925, 15315, 1125, 14820, 3769, 14096, 12401, 14972, 14176, 4685, 4278, 5735, 7514, 16051, 15882, 4696, 17145, 19193, 12994, 9901, 13641, 15193, 6739, 9240, 1608, 14664, 18117, 5676, 15714, 5964, 5329, 16651, 15936, 14441, 15878, 18316, 14255, 18692, 5858, 4640, 10716, 13839, 16635, 2097, 11464, 12427, 2320, 14629, 7617, 16183, 16205, 2170, 4384, 6683, 5285, 18707, 6780, 4231, 2404, 4895, 18091, 2944, 13054, 3904, 3491, 9455, 15985, 10432, 8657, 15304, 9114, 5838, 5197, 17244, 6207, 3970, 17246, 3950, 6168, 8697, 6800, 9942, 11118, 8582, 6355, 15275, 4581, 12724, 11921, 1833, 523, 7619, 15729, 176, 8576, 3101, 1573, 1283, 11796, 11277, 2547, 1738, 6806, 15187, 7129, 5179, 5854, 16373, 9231, 6270, 777, 2062, 13249, 4144, 6325, 3924, 5350, 14414, 3142, 2249, 6444, 13582, 2833, 18030, 6483, 18404, 15057, 7482, 15001, 15872, 14584, 10835, 954, 7257, 1381, 17819, 17518, 6497, 14430, 4901, 16466, 10805, 132, 7506, 755, 14427, 12119, 16613, 19042, 14994, 11257, 8042, 2144, 5966, 1580, 8010, 2550, 10684, 14088, 5037, 8764, 17076, 14185, 15984, 5299, 16601, 19182, 13197, 14561, 12605, 17010, 2703, 6715, 11207, 10188, 212, 2293, 17676, 1720, 5934, 112, 8568, 15870, 3226, 4524, 4431, 5141, 5383, 7609, 12807, 19001, 14368, 6704, 14903, 4172, 117, 18698, 1699, 16558, 7518, 10618, 2110, 10308, 7828, 6623, 17644, 4449, 951, 13858, 15106, 8402, 916, 4771, 8608, 6448, 6656, 13547, 2814, 8336, 8093, 6398, 637, 9909, 10621, 786, 14146, 17292, 9457, 3, 2884, 14785, 10504, 16361, 8181, 17690, 654, 11067, 18741, 386, 18208, 10130, 8079, 7082, 14740, 8076, 18619, 14428, 10992, 12679, 9431, 18328, 13606, 7641, 13542, 1002, 11975, 15646, 19078, 1352, 8683, 16053, 11763, 14823, 7059, 4995, 3754, 6213, 10090, 19084, 1973, 8131, 5353, 836, 13960, 3217, 4885, 9645, 16941, 14750, 13171, 9132, 1355, 4440, 15747, 8233, 6008, 12781, 16749, 13905, 18198, 5033, 2910, 16502, 1233, 965, 16926, 3944, 13518, 18213, 12739, 9972, 14609, 5764, 6128, 9532, 12680, 3672, 5458, 6822, 11547, 3163, 8040, 14081, 8369, 18182, 17541, 11552, 12451, 15074, 1783, 17730, 1690, 16992, 2490, 2459, 18065, 320, 18311, 45, 9495, 4572, 544, 12731, 16811, 15096, 14957, 4594, 16607, 2449, 7791, 13659, 8892, 1713, 17336, 6598, 13832, 10495, 18937, 3067, 3473, 12715, 13492, 14787, 16503, 17899, 16638, 2408, 7141, 10590, 2917, 14650, 12571, 4321, 2855, 1829, 3736, 3381, 11069, 16093, 15201, 14311, 9836, 18289, 16899, 897, 13981, 12223, 8884, 15721, 7778, 13648, 5737, 6550, 19249, 2715, 447, 12941, 8915, 18963, 16291, 760, 5869, 3635, 3439, 6740, 5003, 3174, 2945, 16056, 4860, 11216, 7363, 1147, 12124, 9764, 11245, 4361, 7784, 16285, 17057, 11203, 5114, 17655, 12056, 17890, 7741, 15799, 10258, 16088, 19222, 15303, 1433, 5991, 322, 2322, 3156, 9940, 7814, 17068, 16968, 10018, 1991, 11946, 8705, 10371, 4619, 11074, 2034, 15550, 11743, 18666, 13494, 14175, 13948, 15123, 11154, 10397, 1701, 4770, 839, 12085, 16500, 16241, 1535, 18782, 2221, 539, 18405, 4245, 103, 1571, 16945, 12196, 9441, 1732, 1367, 3596, 4794, 7230, 5245, 17483, 2955, 2003, 11509, 4044, 12934, 3456, 16693, 593, 4582, 14076, 10972, 1965, 7227, 14324, 8658, 3772, 8355, 11889, 1908, 2684, 10026, 1666, 16507, 5589, 9295, 8389, 2099, 18653, 13808, 19147, 6675, 10970, 2788, 19028, 16983, 16166, 9845, 8160, 11381, 10088, 10333, 11716, 14695, 12697, 4365, 3747, 17296, 11904, 74, 7047, 10639, 13094, 940, 10478, 2032, 6642, 14896, 10840, 5430, 5556, 12597, 2183, 18403, 4252, 14613, 18283, 8790, 12140, 13540, 13353, 14114, 13297, 4056, 14038, 11299, 13770, 11433, 14285, 1526, 1955, 15711, 255, 12481, 612, 1635, 4886, 357, 11434, 9524, 13106, 2607, 5391, 9406, 2331, 624, 2749, 17849, 9829, 11436, 18426, 9481, 18550, 15647, 532, 11720, 11824, 15610, 15741, 7902, 13558, 17967, 14539, 17889, 4631, 1238, 16921, 7787, 15293, 3108, 8215, 2851, 4514, 12938, 16730, 17178, 4890, 17960, 4725, 7917, 3191, 8231, 16341, 8195, 10913, 2173, 5557, 2637, 16896, 5806, 1815, 1451, 8864, 2290, 12108, 5328, 6203, 2431, 7508, 17898, 17188, 6897, 1199, 15526, 18437, 6631, 8644, 16917, 14964, 14233, 2454, 584, 4830, 7199, 4180, 14889, 5761, 13756, 6917, 7756, 18880, 15095, 1816, 14070, 16252, 7429, 16589, 1631, 15968, 15221, 12478, 18594, 1477, 5637, 12058, 1205, 13397, 9107, 18654, 1968, 3759, 13147, 14144, 14973, 12452, 18020, 13592, 17920, 13687, 11335, 7207, 418, 7834, 778, 12982, 10688, 9031, 509, 9601, 9780, 17040, 12023, 3916, 91, 6536, 18535, 7547, 15240, 707, 14533, 15064, 17012, 16805, 8637, 5969, 16221, 1940, 13307, 4717, 12615, 18220, 11028, 12170, 1743, 2376, 12415, 14220, 18827, 1294, 18543, 6977, 15309, 11778, 11842, 17103, 3857, 4637, 12162, 19169, 17166, 18237, 17818, 9507, 19022, 5790, 19112, 15611, 1118, 15184, 18703, 1817, 15530, 16579, 8437, 11839, 11378, 3537, 9205, 9217, 16272, 18759, 16828, 12002, 8348, 1723, 3481, 14115, 379, 8544, 264, 6015, 7672, 2253, 7364, 3706, 13796, 17139, 16125, 12059, 9623, 7185, 2418, 18230, 3087, 281, 4379, 1796, 8459, 4400, 17824, 2736, 16446, 13525, 15341, 3275, 7872, 1662, 7557, 4319, 15442, 7181, 10456, 4963, 17048, 16943, 12784, 3441, 5240, 9975, 13216, 17702, 11594, 13554, 6165, 19168, 16070, 3540, 3262, 10661, 4061, 13173, 2875, 17014, 4349, 10818, 8428, 16764, 14232, 8930, 15734, 17680, 7069, 15684, 17050, 18987, 6914, 6863, 19263, 10595, 150, 10039, 2722, 18223, 16444, 6559, 7258, 2661, 7699, 17136, 12773, 4247, 5723, 15194, 1696, 1500, 2807, 9893, 11835, 13240, 18313, 17107, 10265, 10244, 5570, 2862, 14049, 1012, 12861, 723, 9583, 17461, 10056, 1264, 8297, 3716, 14666, 15259, 13531, 543, 13723, 16810, 6700, 3516, 13766, 7186, 10692, 6321, 15484, 14547, 8744, 3703, 10383, 16829, 6366, 6846, 3906, 2021, 18133, 857, 279, 12232, 10212, 10541, 12325, 13475, 1225, 937, 6966, 10881, 16936, 18502, 1440, 11914, 3326, 5633, 14913, 4623, 10743, 12361, 17335, 1072, 5043, 14810, 15077, 3255, 17215, 6553, 17852, 4801, 6962, 3060, 9430, 8799, 13824, 188, 15175, 15163, 4733, 5011, 3536, 17635, 6532, 14071, 6112, 17158, 6597, 11272, 105, 19219, 5013, 12483, 201, 6848, 17033, 6367, 7859, 14702, 18844, 7053, 18694, 15670, 636, 10129, 6378, 5369, 7273, 16247, 9142, 15345, 16817, 14854, 2600, 15783, 889, 11833, 6612, 2068, 2427, 7062, 7918, 16181, 5464, 8339, 8950, 8453, 16423, 6064, 2380, 4268, 13929, 12974, 19141, 1299, 2484, 3883, 3273, 8772, 13256, 11239, 5766, 18098, 12705, 11004, 2695, 10048, 10960, 2766, 15661, 13258, 8015, 6032, 16397, 7749, 19039, 7634, 15076, 4234, 15114, 8475, 8091, 19220, 18004, 9704, 13918, 15569, 16443, 10015, 9943, 7817, 9349, 2588, 8249, 398, 5316, 15538, 18372, 13559, 2937, 2803, 16248, 6155, 630, 9911, 13190, 19157, 15788, 13248, 13148, 1320, 12074, 8471, 8798, 3213, 12418, 814, 2402, 12718, 12397, 10564, 9875, 10128, 6947, 9491, 17707, 3266, 19196, 14309, 18523, 19043, 17975, 18063, 11618, 15016, 14434, 7680, 1739, 18029, 11694, 1745, 9271, 5189, 9561, 11283, 14978, 10753, 16017, 12914, 978, 2828, 17257, 13135, 5061, 121, 6602, 16015, 19271, 12159, 1244, 8260, 13195, 15873, 12815, 14291, 14515, 118, 4892, 14985, 9551, 12654, 4739, 927, 12176, 9523, 11726, 18187, 5880, 2569, 3386, 13942, 3390, 15774, 129, 65, 12922, 8422, 12692, 16213, 11515, 2111, 8347, 10758, 14064, 4401, 17782, 15621, 6709, 14716, 4091, 13964, 8424, 4218, 7249, 11311, 11171, 18564, 14755, 7114, 14009, 14815, 294, 495, 7684, 6833, 4046, 3505, 16995, 17858, 7761, 15803, 9840, 13958, 8226, 10369, 12497, 17142, 1748, 2854, 7159, 11539, 11055, 13337, 17173, 14214, 6803, 11144, 12649, 283, 15489, 13174, 7015, 610, 7030, 18206, 14077, 15468, 14962, 8046, 7809, 17387, 16034, 16678, 1173, 3502, 12942, 15655, 16859, 7099, 1673, 446, 1365, 5881, 3713, 11697, 1897, 16001, 1702, 14149, 11876, 9341, 4325, 6923, 2001, 138, 3276, 18716, 17604, 10501, 115, 12800, 6111, 11148, 4549, 16057, 4707, 6843, 16091, 4295, 7519, 13708, 12409, 11018, 5052, 13566, 14715, 12755, 793, 10837, 1888, 12375, 3935, 5763, 11791, 11258, 13264, 11469, 4683, 8905, 1853, 11600, 4421, 2798, 5074, 18141, 13807, 8595, 8126, 13837, 8060, 6956, 11767, 14560, 9389, 15261, 1232, 12560, 7262, 11504, 3546, 4627, 1177, 517, 4008, 9219, 17696, 4148, 14124, 13243, 11235, 7561, 8331, 16320, 3591, 11341, 4015, 12028, 14929, 18601, 3528, 14065, 1510, 19191, 13833, 17616, 10869, 17689, 831, 16725, 6319, 15465, 10467, 8162, 13563, 7728, 10778, 13545, 12290, 16480, 14401, 12838, 4212, 17529, 4832, 15111, 12690, 10373, 7596, 18614, 17477, 1043, 13100, 4774, 17479, 3774, 9302, 3901, 13071, 6412, 9516, 1261, 3054, 13522, 17602, 14343, 18500, 10957, 2791, 9624, 3634, 17904, 5709, 14670, 11058, 7087, 7435, 13848, 82, 5565, 2562, 14029, 3583, 1676, 12709, 18473, 3158, 12787, 8068, 8263, 16146, 3593, 1802, 1861, 3348, 4487, 17749, 6105, 10471, 17472, 10200, 1182, 14180, 1076, 10156, 4839, 9903, 4879, 9720, 2157, 15344, 16067, 3064, 17182, 5368, 4987, 18484, 18923, 11896, 1052, 15727, 15289, 5885, 1933, 5251, 17072, 6038, 6195, 13524, 6606, 18506, 17536, 6784, 3231, 14121, 8925, 10030, 803, 13764, 146, 19268, 14099, 4130, 16372, 1537, 12248, 13718, 17187, 11728, 1740, 19233, 5600, 4092, 4779, 6028, 3395, 16152, 19150, 2417, 11980, 11237, 8427, 18127, 3538, 9257, 607, 2078, 18457, 5802, 3435, 15019, 4256, 9221, 13465, 11742, 5788, 9528, 17493, 4607, 3131, 6616, 5356, 1550, 4617, 8827, 849, 2601, 4437, 17861, 10261, 15704, 3890, 8149, 12063, 3086, 15925, 12301, 6847, 5603, 7768, 3187, 13372, 9258, 6584, 7594, 2603, 1835, 17380, 17193, 15251, 15937, 18731, 4082, 14911, 16626, 8824, 16208, 10167, 17711, 9678, 15852, 13620, 16479, 14586, 2446, 4866, 1315, 7746, 10615, 7927, 2443, 7157, 13506, 18410, 10494]",3229,1500,3,False,1500
5665,general dont care,general dont,21,True,True,False,"{21: 26, 33: 14, 2: 18, 29: 13, 25: 57, 43: 9, 57: 16, 49: 16, 61: 14, 67: 52, 65: 21, 50: 28, 15: 53, 6: 13, 46: 15, 27: 69, 7: 65, 48: 67, 19: 21, 31: 14, 63: 26, 22: 39, 9: 79, 26: 40, 47: 15, 53: 66, 11: 19, 51: 26, 54: 9, 13: 32, 17: 37, 52: 30, 39: 27, 38: 19, 1: 6, 59: 33, 56: 23, 32: 9, 8: 25, 4: 12, 20: 26, 24: 7, 18: 31, 42: 7, 28: 31, 45: 57, 0: 13, 66: 11, 62: 11, 35: 7, 64: 15, 37: 2, 40: 25, 3: 3, 14: 5, 12: 8, 16: 15, 55: 16, 30: 13, 58: 6, 36: 4, 60: 5, 5: 3, 41: 2, 44: 2, 34: 2}","[12686, 3384, 6034, 14374, 14516, 14680, 18580, 5912, 661, 4433, 14182, 14634, 14672, 13694, 17233, 12320, 12666, 7276, 14925, 15315, 1125, 14820, 3769, 14096, 12401, 14972, 14176, 4685, 4278, 5735, 7514, 16051, 15882, 4696, 17145, 19193, 12994, 9901, 13641, 15193, 6739, 9240, 1608, 14664, 18117, 5676, 15714, 5964, 5329, 16651, 15936, 14441, 15878, 18316, 14255, 18692, 5858, 4640, 10716, 13839, 16635, 2097, 11464, 12427, 2320, 14629, 7617, 16183, 16205, 2170, 4384, 6683, 5285, 18707, 6780, 4231, 2404, 4895, 18091, 2944, 13054, 3904, 3491, 9455, 15985, 10432, 8657, 15304, 9114, 5838, 5197, 17244, 6207, 3970, 17246, 3950, 6168, 8697, 6800, 9942, 11118, 8582, 6355, 15275, 4581, 12724, 11921, 1833, 523, 7619, 15729, 176, 8576, 3101, 1573, 1283, 11796, 11277, 2547, 1738, 6806, 15187, 7129, 5179, 5854, 16373, 9231, 6270, 777, 2062, 13249, 4144, 6325, 3924, 5350, 14414, 3142, 2249, 6444, 13582, 2833, 18030, 6483, 18404, 15057, 7482, 15001, 15872, 14584, 10835, 954, 7257, 1381, 17819, 17518, 6497, 14430, 4901, 16466, 10805, 132, 7506, 755, 14427, 12119, 16613, 19042, 14994, 11257, 8042, 2144, 5966, 1580, 8010, 2550, 10684, 14088, 5037, 8764, 17076, 14185, 15984, 5299, 16601, 19182, 13197, 14561, 12605, 17010, 2703, 6715, 11207, 10188, 212, 2293, 17676, 1720, 5934, 112, 8568, 15870, 3226, 4524, 4431, 5141, 5383, 7609, 12807, 19001, 14368, 6704, 14903, 4172, 117, 18698, 1699, 16558, 7518, 10618, 2110, 10308, 7828, 6623, 17644, 4449, 951, 13858, 15106, 8402, 916, 4771, 8608, 6448, 6656, 13547, 2814, 8336, 8093, 6398, 637, 9909, 10621, 786, 14146, 17292, 9457, 3, 2884, 14785, 10504, 16361, 8181, 17690, 654, 11067, 18741, 386, 18208, 10130, 8079, 7082, 14740, 8076, 18619, 14428, 10992, 12679, 9431, 18328, 13606, 7641, 13542, 1002, 11975, 15646, 19078, 1352, 8683, 16053, 11763, 14823, 7059, 4995, 3754, 6213, 10090, 19084, 1973, 8131, 5353, 836, 13960, 3217, 4885, 9645, 16941, 14750, 13171, 9132, 1355, 4440, 15747, 8233, 6008, 12781, 16749, 13905, 18198, 5033, 2910, 16502, 1233, 965, 16926, 3944, 13518, 18213, 12739, 9972, 14609, 5764, 6128, 9532, 12680, 3672, 5458, 6822, 11547, 3163, 8040, 14081, 8369, 18182, 17541, 11552, 12451, 15074, 1783, 17730, 1690, 16992, 2490, 2459, 18065, 320, 18311, 45, 9495, 4572, 544, 12731, 16811, 15096, 14957, 4594, 16607, 2449, 7791, 13659, 8892, 1713, 17336, 6598, 13832, 10495, 18937, 3067, 3473, 12715, 13492, 14787, 16503, 17899, 16638, 2408, 7141, 10590, 2917, 14650, 12571, 4321, 2855, 1829, 3736, 3381, 11069, 16093, 15201, 14311, 9836, 18289, 16899, 897, 13981, 12223, 8884, 15721, 7778, 13648, 5737, 6550, 19249, 2715, 447, 12941, 8915, 18963, 16291, 760, 5869, 3635, 3439, 6740, 5003, 3174, 2945, 16056, 4860, 11216, 7363, 1147, 12124, 9764, 11245, 4361, 7784, 16285, 17057, 11203, 5114, 17655, 12056, 17890, 7741, 15799, 10258, 16088, 19222, 15303, 1433, 5991, 322, 2322, 3156, 9940, 7814, 17068, 16968, 10018, 1991, 11946, 8705, 10371, 4619, 11074, 2034, 15550, 11743, 18666, 13494, 14175, 13948, 15123, 11154, 10397, 1701, 4770, 839, 12085, 16500, 16241, 1535, 18782, 2221, 539, 18405, 4245, 103, 1571, 16945, 12196, 9441, 1732, 1367, 3596, 4794, 7230, 5245, 17483, 2955, 2003, 11509, 4044, 12934, 3456, 16693, 593, 4582, 14076, 10972, 1965, 7227, 14324, 8658, 3772, 8355, 11889, 1908, 2684, 10026, 1666, 16507, 5589, 9295, 8389, 2099, 18653, 13808, 19147, 6675, 10970, 2788, 19028, 16983, 16166, 9845, 8160, 11381, 10088, 10333, 11716, 14695, 12697, 4365, 3747, 17296, 11904, 74, 7047, 10639, 13094, 940, 10478, 2032, 6642, 14896, 10840, 5430, 5556, 12597, 2183, 18403, 4252, 14613, 18283, 8790, 12140, 13540, 13353, 14114, 13297, 4056, 14038, 11299, 13770, 11433, 14285, 1526, 1955, 15711, 255, 12481, 612, 1635, 4886, 357, 11434, 9524, 13106, 2607, 5391, 9406, 2331, 624, 2749, 17849, 9829, 11436, 18426, 9481, 18550, 15647, 532, 11720, 11824, 15610, 15741, 7902, 13558, 17967, 14539, 17889, 4631, 1238, 16921, 7787, 15293, 3108, 8215, 2851, 4514, 12938, 16730, 17178, 4890, 17960, 4725, 7917, 3191, 8231, 16341, 8195, 10913, 2173, 5557, 2637, 16896, 5806, 1815, 1451, 8864, 2290, 12108, 5328, 6203, 2431, 7508, 17898, 17188, 6897, 1199, 15526, 18437, 6631, 8644, 16917, 14964, 14233, 2454, 584, 4830, 7199, 4180, 14889, 5761, 13756, 6917, 7756, 18880, 15095, 1816, 14070, 16252, 7429, 16589, 1631, 15968, 15221, 12478, 18594, 1477, 5637, 12058, 1205, 13397, 9107, 18654, 1968, 3759, 13147, 14144, 14973, 12452, 18020, 13592, 17920, 13687, 11335, 7207, 418, 7834, 778, 12982, 10688, 9031, 509, 9601, 9780, 17040, 12023, 3916, 91, 6536, 18535, 7547, 15240, 707, 14533, 15064, 17012, 16805, 8637, 5969, 16221, 1940, 13307, 4717, 12615, 18220, 11028, 12170, 1743, 2376, 12415, 14220, 18827, 1294, 18543, 6977, 15309, 11778, 11842, 17103, 3857, 4637, 12162, 19169, 17166, 18237, 17818, 9507, 19022, 5790, 19112, 15611, 1118, 15184, 18703, 1817, 15530, 16579, 8437, 11839, 11378, 3537, 9205, 9217, 16272, 18759, 16828, 12002, 8348, 1723, 3481, 14115, 379, 8544, 264, 6015, 7672, 2253, 7364, 3706, 13796, 17139, 16125, 12059, 9623, 7185, 2418, 18230, 3087, 281, 4379, 1796, 8459, 4400, 17824, 2736, 16446, 13525, 15341, 3275, 7872, 1662, 7557, 4319, 15442, 7181, 10456, 4963, 17048, 16943, 12784, 3441, 5240, 9975, 13216, 17702, 11594, 13554, 6165, 19168, 16070, 3540, 3262, 10661, 4061, 13173, 2875, 17014, 4349, 10818, 8428, 16764, 14232, 8930, 15734, 17680, 7069, 15684, 17050, 18987, 6914, 6863, 19263, 10595, 150, 10039, 2722, 18223, 16444, 6559, 7258, 2661, 7699, 17136, 12773, 4247, 5723, 15194, 1696, 1500, 2807, 9893, 11835, 13240, 18313, 17107, 10265, 10244, 5570, 2862, 14049, 1012, 12861, 723, 9583, 17461, 10056, 1264, 8297, 3716, 14666, 15259, 13531, 543, 13723, 16810, 6700, 3516, 13766, 7186, 10692, 6321, 15484, 14547, 8744, 3703, 10383, 16829, 6366, 6846, 3906, 2021, 18133, 857, 279, 12232, 10212, 10541, 12325, 13475, 1225, 937, 6966, 10881, 16936, 18502, 1440, 11914, 3326, 5633, 14913, 4623, 10743, 12361, 17335, 1072, 5043, 14810, 15077, 3255, 17215, 6553, 17852, 4801, 6962, 3060, 9430, 8799, 13824, 188, 15175, 15163, 4733, 5011, 3536, 17635, 6532, 14071, 6112, 17158, 6597, 11272, 105, 19219, 5013, 12483, 201, 6848, 17033, 6367, 7859, 14702, 18844, 7053, 18694, 15670, 636, 10129, 6378, 5369, 7273, 16247, 9142, 15345, 16817, 14854, 2600, 15783, 889, 11833, 6612, 2068, 2427, 7062, 7918, 16181, 5464, 8339, 8950, 8453, 16423, 6064, 2380, 4268, 13929, 12974, 19141, 1299, 2484, 3883, 3273, 8772, 13256, 11239, 5766, 18098, 12705, 11004, 2695, 10048, 10960, 2766, 15661, 13258, 8015, 6032, 16397, 7749, 19039, 7634, 15076, 4234, 15114, 8475, 8091, 19220, 18004, 9704, 13918, 15569, 16443, 10015, 9943, 7817, 9349, 2588, 8249, 398, 5316, 15538, 18372, 13559, 2937, 2803, 16248, 6155, 630, 9911, 13190, 19157, 15788, 13248, 13148, 1320, 12074, 8471, 8798, 3213, 12418, 814, 2402, 12718, 12397, 10564, 9875, 10128, 6947, 9491, 17707, 3266, 19196, 14309, 18523, 19043, 17975, 18063, 11618, 15016, 14434, 7680, 1739, 18029, 11694, 1745, 9271, 5189, 9561, 11283, 14978, 10753, 16017, 12914, 978, 2828, 17257, 13135, 5061, 121, 6602, 16015, 19271, 12159, 1244, 8260, 13195, 15873, 12815, 14291, 14515, 118, 4892, 14985, 9551, 12654, 4739, 927, 12176, 9523, 11726, 18187, 5880, 2569, 3386, 13942, 3390, 15774, 129, 65, 12922, 8422, 12692, 16213, 11515, 2111, 8347, 10758, 14064, 4401, 17782, 15621, 6709, 14716, 4091, 13964, 8424, 4218, 7249, 11311, 11171, 18564, 14755, 7114, 14009, 14815, 294, 495, 7684, 6833, 4046, 3505, 16995, 17858, 7761, 15803, 9840, 13958, 8226, 10369, 12497, 17142, 1748, 2854, 7159, 11539, 11055, 13337, 17173, 14214, 6803, 11144, 12649, 283, 15489, 13174, 7015, 610, 7030, 18206, 14077, 15468, 14962, 8046, 7809, 17387, 16034, 16678, 1173, 3502, 12942, 15655, 16859, 7099, 1673, 446, 1365, 5881, 3713, 11697, 1897, 16001, 1702, 14149, 11876, 9341, 4325, 6923, 2001, 138, 3276, 18716, 17604, 10501, 115, 12800, 6111, 11148, 4549, 16057, 4707, 6843, 16091, 4295, 7519, 13708, 12409, 11018, 5052, 13566, 14715, 12755, 793, 10837, 1888, 12375, 3935, 5763, 11791, 11258, 13264, 11469, 4683, 8905, 1853, 11600, 4421, 2798, 5074, 18141, 13807, 8595, 8126, 13837, 8060, 6956, 11767, 14560, 9389, 15261, 1232, 12560, 7262, 11504, 3546, 4627, 1177, 517, 4008, 9219, 17696, 4148, 14124, 13243, 11235, 7561, 8331, 16320, 3591, 11341, 4015, 12028, 14929, 18601, 3528, 14065, 1510, 19191, 13833, 17616, 10869, 17689, 831, 16725, 6319, 15465, 10467, 8162, 13563, 7728, 10778, 13545, 12290, 16480, 14401, 12838, 4212, 17529, 4832, 15111, 12690, 10373, 7596, 18614, 17477, 1043, 13100, 4774, 17479, 3774, 9302, 3901, 13071, 6412, 9516, 1261, 3054, 13522, 17602, 14343, 18500, 10957, 2791, 9624, 3634, 17904, 5709, 14670, 11058, 7087, 7435, 13848, 82, 5565, 2562, 14029, 3583, 1676, 12709, 18473, 3158, 12787, 8068, 8263, 16146, 3593, 1802, 1861, 3348, 4487, 17749, 6105, 10471, 17472, 10200, 1182, 14180, 1076, 10156, 4839, 9903, 4879, 9720, 2157, 15344, 16067, 3064, 17182, 5368, 4987, 18484, 18923, 11896, 1052, 15727, 15289, 5885, 1933, 5251, 17072, 6038, 6195, 13524, 6606, 18506, 17536, 6784, 3231, 14121, 8925, 10030, 803, 13764, 146, 19268, 14099, 4130, 16372, 1537, 12248, 13718, 17187, 11728, 1740, 19233, 5600, 4092, 4779, 6028, 3395, 16152, 19150, 2417, 11980, 11237, 8427, 18127, 3538, 9257, 607, 2078, 18457, 5802, 3435, 15019, 4256, 9221, 13465, 11742, 5788, 9528, 17493, 4607, 3131, 6616, 5356, 1550, 4617, 8827, 849, 2601, 4437, 17861, 10261, 15704, 3890, 8149, 12063, 3086, 15925, 12301, 6847, 5603, 7768, 3187, 13372, 9258, 6584, 7594, 2603, 1835, 17380, 17193, 15251, 15937, 18731, 4082, 14911, 16626, 8824, 16208, 10167, 17711, 9678, 15852, 13620, 16479, 14586, 2446, 4866, 1315, 7746, 10615, 7927, 2443, 7157, 13506, 18410, 10494]",5665,1500,3,False,1500
4742,datetime query,datetime query,13,True,True,True,"{21: 26, 33: 14, 2: 18, 29: 13, 25: 57, 43: 9, 57: 16, 49: 16, 61: 14, 67: 52, 65: 21, 50: 28, 15: 53, 6: 13, 46: 15, 27: 69, 7: 65, 48: 67, 19: 21, 31: 14, 63: 26, 22: 39, 9: 79, 26: 40, 47: 15, 53: 66, 11: 19, 51: 26, 54: 9, 13: 32, 17: 37, 52: 30, 39: 27, 38: 19, 1: 6, 59: 33, 56: 23, 32: 9, 8: 25, 4: 12, 20: 26, 24: 7, 18: 31, 42: 7, 28: 31, 45: 57, 0: 13, 66: 11, 62: 11, 35: 7, 64: 15, 37: 2, 40: 25, 3: 3, 14: 5, 12: 8, 16: 15, 55: 16, 30: 13, 58: 6, 36: 4, 60: 5, 5: 3, 41: 2, 44: 2, 34: 2}","[12686, 3384, 6034, 14374, 14516, 14680, 18580, 5912, 661, 4433, 14182, 14634, 14672, 13694, 17233, 12320, 12666, 7276, 14925, 15315, 1125, 14820, 3769, 14096, 12401, 14972, 14176, 4685, 4278, 5735, 7514, 16051, 15882, 4696, 17145, 19193, 12994, 9901, 13641, 15193, 6739, 9240, 1608, 14664, 18117, 5676, 15714, 5964, 5329, 16651, 15936, 14441, 15878, 18316, 14255, 18692, 5858, 4640, 10716, 13839, 16635, 2097, 11464, 12427, 2320, 14629, 7617, 16183, 16205, 2170, 4384, 6683, 5285, 18707, 6780, 4231, 2404, 4895, 18091, 2944, 13054, 3904, 3491, 9455, 15985, 10432, 8657, 15304, 9114, 5838, 5197, 17244, 6207, 3970, 17246, 3950, 6168, 8697, 6800, 9942, 11118, 8582, 6355, 15275, 4581, 12724, 11921, 1833, 523, 7619, 15729, 176, 8576, 3101, 1573, 1283, 11796, 11277, 2547, 1738, 6806, 15187, 7129, 5179, 5854, 16373, 9231, 6270, 777, 2062, 13249, 4144, 6325, 3924, 5350, 14414, 3142, 2249, 6444, 13582, 2833, 18030, 6483, 18404, 15057, 7482, 15001, 15872, 14584, 10835, 954, 7257, 1381, 17819, 17518, 6497, 14430, 4901, 16466, 10805, 132, 7506, 755, 14427, 12119, 16613, 19042, 14994, 11257, 8042, 2144, 5966, 1580, 8010, 2550, 10684, 14088, 5037, 8764, 17076, 14185, 15984, 5299, 16601, 19182, 13197, 14561, 12605, 17010, 2703, 6715, 11207, 10188, 212, 2293, 17676, 1720, 5934, 112, 8568, 15870, 3226, 4524, 4431, 5141, 5383, 7609, 12807, 19001, 14368, 6704, 14903, 4172, 117, 18698, 1699, 16558, 7518, 10618, 2110, 10308, 7828, 6623, 17644, 4449, 951, 13858, 15106, 8402, 916, 4771, 8608, 6448, 6656, 13547, 2814, 8336, 8093, 6398, 637, 9909, 10621, 786, 14146, 17292, 9457, 3, 2884, 14785, 10504, 16361, 8181, 17690, 654, 11067, 18741, 386, 18208, 10130, 8079, 7082, 14740, 8076, 18619, 14428, 10992, 12679, 9431, 18328, 13606, 7641, 13542, 1002, 11975, 15646, 19078, 1352, 8683, 16053, 11763, 14823, 7059, 4995, 3754, 6213, 10090, 19084, 1973, 8131, 5353, 836, 13960, 3217, 4885, 9645, 16941, 14750, 13171, 9132, 1355, 4440, 15747, 8233, 6008, 12781, 16749, 13905, 18198, 5033, 2910, 16502, 1233, 965, 16926, 3944, 13518, 18213, 12739, 9972, 14609, 5764, 6128, 9532, 12680, 3672, 5458, 6822, 11547, 3163, 8040, 14081, 8369, 18182, 17541, 11552, 12451, 15074, 1783, 17730, 1690, 16992, 2490, 2459, 18065, 320, 18311, 45, 9495, 4572, 544, 12731, 16811, 15096, 14957, 4594, 16607, 2449, 7791, 13659, 8892, 1713, 17336, 6598, 13832, 10495, 18937, 3067, 3473, 12715, 13492, 14787, 16503, 17899, 16638, 2408, 7141, 10590, 2917, 14650, 12571, 4321, 2855, 1829, 3736, 3381, 11069, 16093, 15201, 14311, 9836, 18289, 16899, 897, 13981, 12223, 8884, 15721, 7778, 13648, 5737, 6550, 19249, 2715, 447, 12941, 8915, 18963, 16291, 760, 5869, 3635, 3439, 6740, 5003, 3174, 2945, 16056, 4860, 11216, 7363, 1147, 12124, 9764, 11245, 4361, 7784, 16285, 17057, 11203, 5114, 17655, 12056, 17890, 7741, 15799, 10258, 16088, 19222, 15303, 1433, 5991, 322, 2322, 3156, 9940, 7814, 17068, 16968, 10018, 1991, 11946, 8705, 10371, 4619, 11074, 2034, 15550, 11743, 18666, 13494, 14175, 13948, 15123, 11154, 10397, 1701, 4770, 839, 12085, 16500, 16241, 1535, 18782, 2221, 539, 18405, 4245, 103, 1571, 16945, 12196, 9441, 1732, 1367, 3596, 4794, 7230, 5245, 17483, 2955, 2003, 11509, 4044, 12934, 3456, 16693, 593, 4582, 14076, 10972, 1965, 7227, 14324, 8658, 3772, 8355, 11889, 1908, 2684, 10026, 1666, 16507, 5589, 9295, 8389, 2099, 18653, 13808, 19147, 6675, 10970, 2788, 19028, 16983, 16166, 9845, 8160, 11381, 10088, 10333, 11716, 14695, 12697, 4365, 3747, 17296, 11904, 74, 7047, 10639, 13094, 940, 10478, 2032, 6642, 14896, 10840, 5430, 5556, 12597, 2183, 18403, 4252, 14613, 18283, 8790, 12140, 13540, 13353, 14114, 13297, 4056, 14038, 11299, 13770, 11433, 14285, 1526, 1955, 15711, 255, 12481, 612, 1635, 4886, 357, 11434, 9524, 13106, 2607, 5391, 9406, 2331, 624, 2749, 17849, 9829, 11436, 18426, 9481, 18550, 15647, 532, 11720, 11824, 15610, 15741, 7902, 13558, 17967, 14539, 17889, 4631, 1238, 16921, 7787, 15293, 3108, 8215, 2851, 4514, 12938, 16730, 17178, 4890, 17960, 4725, 7917, 3191, 8231, 16341, 8195, 10913, 2173, 5557, 2637, 16896, 5806, 1815, 1451, 8864, 2290, 12108, 5328, 6203, 2431, 7508, 17898, 17188, 6897, 1199, 15526, 18437, 6631, 8644, 16917, 14964, 14233, 2454, 584, 4830, 7199, 4180, 14889, 5761, 13756, 6917, 7756, 18880, 15095, 1816, 14070, 16252, 7429, 16589, 1631, 15968, 15221, 12478, 18594, 1477, 5637, 12058, 1205, 13397, 9107, 18654, 1968, 3759, 13147, 14144, 14973, 12452, 18020, 13592, 17920, 13687, 11335, 7207, 418, 7834, 778, 12982, 10688, 9031, 509, 9601, 9780, 17040, 12023, 3916, 91, 6536, 18535, 7547, 15240, 707, 14533, 15064, 17012, 16805, 8637, 5969, 16221, 1940, 13307, 4717, 12615, 18220, 11028, 12170, 1743, 2376, 12415, 14220, 18827, 1294, 18543, 6977, 15309, 11778, 11842, 17103, 3857, 4637, 12162, 19169, 17166, 18237, 17818, 9507, 19022, 5790, 19112, 15611, 1118, 15184, 18703, 1817, 15530, 16579, 8437, 11839, 11378, 3537, 9205, 9217, 16272, 18759, 16828, 12002, 8348, 1723, 3481, 14115, 379, 8544, 264, 6015, 7672, 2253, 7364, 3706, 13796, 17139, 16125, 12059, 9623, 7185, 2418, 18230, 3087, 281, 4379, 1796, 8459, 4400, 17824, 2736, 16446, 13525, 15341, 3275, 7872, 1662, 7557, 4319, 15442, 7181, 10456, 4963, 17048, 16943, 12784, 3441, 5240, 9975, 13216, 17702, 11594, 13554, 6165, 19168, 16070, 3540, 3262, 10661, 4061, 13173, 2875, 17014, 4349, 10818, 8428, 16764, 14232, 8930, 15734, 17680, 7069, 15684, 17050, 18987, 6914, 6863, 19263, 10595, 150, 10039, 2722, 18223, 16444, 6559, 7258, 2661, 7699, 17136, 12773, 4247, 5723, 15194, 1696, 1500, 2807, 9893, 11835, 13240, 18313, 17107, 10265, 10244, 5570, 2862, 14049, 1012, 12861, 723, 9583, 17461, 10056, 1264, 8297, 3716, 14666, 15259, 13531, 543, 13723, 16810, 6700, 3516, 13766, 7186, 10692, 6321, 15484, 14547, 8744, 3703, 10383, 16829, 6366, 6846, 3906, 2021, 18133, 857, 279, 12232, 10212, 10541, 12325, 13475, 1225, 937, 6966, 10881, 16936, 18502, 1440, 11914, 3326, 5633, 14913, 4623, 10743, 12361, 17335, 1072, 5043, 14810, 15077, 3255, 17215, 6553, 17852, 4801, 6962, 3060, 9430, 8799, 13824, 188, 15175, 15163, 4733, 5011, 3536, 17635, 6532, 14071, 6112, 17158, 6597, 11272, 105, 19219, 5013, 12483, 201, 6848, 17033, 6367, 7859, 14702, 18844, 7053, 18694, 15670, 636, 10129, 6378, 5369, 7273, 16247, 9142, 15345, 16817, 14854, 2600, 15783, 889, 11833, 6612, 2068, 2427, 7062, 7918, 16181, 5464, 8339, 8950, 8453, 16423, 6064, 2380, 4268, 13929, 12974, 19141, 1299, 2484, 3883, 3273, 8772, 13256, 11239, 5766, 18098, 12705, 11004, 2695, 10048, 10960, 2766, 15661, 13258, 8015, 6032, 16397, 7749, 19039, 7634, 15076, 4234, 15114, 8475, 8091, 19220, 18004, 9704, 13918, 15569, 16443, 10015, 9943, 7817, 9349, 2588, 8249, 398, 5316, 15538, 18372, 13559, 2937, 2803, 16248, 6155, 630, 9911, 13190, 19157, 15788, 13248, 13148, 1320, 12074, 8471, 8798, 3213, 12418, 814, 2402, 12718, 12397, 10564, 9875, 10128, 6947, 9491, 17707, 3266, 19196, 14309, 18523, 19043, 17975, 18063, 11618, 15016, 14434, 7680, 1739, 18029, 11694, 1745, 9271, 5189, 9561, 11283, 14978, 10753, 16017, 12914, 978, 2828, 17257, 13135, 5061, 121, 6602, 16015, 19271, 12159, 1244, 8260, 13195, 15873, 12815, 14291, 14515, 118, 4892, 14985, 9551, 12654, 4739, 927, 12176, 9523, 11726, 18187, 5880, 2569, 3386, 13942, 3390, 15774, 129, 65, 12922, 8422, 12692, 16213, 11515, 2111, 8347, 10758, 14064, 4401, 17782, 15621, 6709, 14716, 4091, 13964, 8424, 4218, 7249, 11311, 11171, 18564, 14755, 7114, 14009, 14815, 294, 495, 7684, 6833, 4046, 3505, 16995, 17858, 7761, 15803, 9840, 13958, 8226, 10369, 12497, 17142, 1748, 2854, 7159, 11539, 11055, 13337, 17173, 14214, 6803, 11144, 12649, 283, 15489, 13174, 7015, 610, 7030, 18206, 14077, 15468, 14962, 8046, 7809, 17387, 16034, 16678, 1173, 3502, 12942, 15655, 16859, 7099, 1673, 446, 1365, 5881, 3713, 11697, 1897, 16001, 1702, 14149, 11876, 9341, 4325, 6923, 2001, 138, 3276, 18716, 17604, 10501, 115, 12800, 6111, 11148, 4549, 16057, 4707, 6843, 16091, 4295, 7519, 13708, 12409, 11018, 5052, 13566, 14715, 12755, 793, 10837, 1888, 12375, 3935, 5763, 11791, 11258, 13264, 11469, 4683, 8905, 1853, 11600, 4421, 2798, 5074, 18141, 13807, 8595, 8126, 13837, 8060, 6956, 11767, 14560, 9389, 15261, 1232, 12560, 7262, 11504, 3546, 4627, 1177, 517, 4008, 9219, 17696, 4148, 14124, 13243, 11235, 7561, 8331, 16320, 3591, 11341, 4015, 12028, 14929, 18601, 3528, 14065, 1510, 19191, 13833, 17616, 10869, 17689, 831, 16725, 6319, 15465, 10467, 8162, 13563, 7728, 10778, 13545, 12290, 16480, 14401, 12838, 4212, 17529, 4832, 15111, 12690, 10373, 7596, 18614, 17477, 1043, 13100, 4774, 17479, 3774, 9302, 3901, 13071, 6412, 9516, 1261, 3054, 13522, 17602, 14343, 18500, 10957, 2791, 9624, 3634, 17904, 5709, 14670, 11058, 7087, 7435, 13848, 82, 5565, 2562, 14029, 3583, 1676, 12709, 18473, 3158, 12787, 8068, 8263, 16146, 3593, 1802, 1861, 3348, 4487, 17749, 6105, 10471, 17472, 10200, 1182, 14180, 1076, 10156, 4839, 9903, 4879, 9720, 2157, 15344, 16067, 3064, 17182, 5368, 4987, 18484, 18923, 11896, 1052, 15727, 15289, 5885, 1933, 5251, 17072, 6038, 6195, 13524, 6606, 18506, 17536, 6784, 3231, 14121, 8925, 10030, 803, 13764, 146, 19268, 14099, 4130, 16372, 1537, 12248, 13718, 17187, 11728, 1740, 19233, 5600, 4092, 4779, 6028, 3395, 16152, 19150, 2417, 11980, 11237, 8427, 18127, 3538, 9257, 607, 2078, 18457, 5802, 3435, 15019, 4256, 9221, 13465, 11742, 5788, 9528, 17493, 4607, 3131, 6616, 5356, 1550, 4617, 8827, 849, 2601, 4437, 17861, 10261, 15704, 3890, 8149, 12063, 3086, 15925, 12301, 6847, 5603, 7768, 3187, 13372, 9258, 6584, 7594, 2603, 1835, 17380, 17193, 15251, 15937, 18731, 4082, 14911, 16626, 8824, 16208, 10167, 17711, 9678, 15852, 13620, 16479, 14586, 2446, 4866, 1315, 7746, 10615, 7927, 2443, 7157, 13506, 18410, 10494]",4742,1500,3,False,1500
424,news query,news,45,True,True,False,"{21: 26, 33: 14, 2: 18, 29: 13, 25: 57, 43: 9, 57: 16, 49: 16, 61: 14, 67: 52, 65: 21, 50: 28, 15: 53, 6: 13, 46: 15, 27: 69, 7: 65, 48: 67, 19: 21, 31: 14, 63: 26, 22: 39, 9: 79, 26: 40, 47: 15, 53: 66, 11: 19, 51: 26, 54: 9, 13: 32, 17: 37, 52: 30, 39: 27, 38: 19, 1: 6, 59: 33, 56: 23, 32: 9, 8: 25, 4: 12, 20: 26, 24: 7, 18: 31, 42: 7, 28: 31, 45: 57, 0: 13, 66: 11, 62: 11, 35: 7, 64: 15, 37: 2, 40: 25, 3: 3, 14: 5, 12: 8, 16: 15, 55: 16, 30: 13, 58: 6, 36: 4, 60: 5, 5: 3, 41: 2, 44: 2, 34: 2}","[12686, 3384, 6034, 14374, 14516, 14680, 18580, 5912, 661, 4433, 14182, 14634, 14672, 13694, 17233, 12320, 12666, 7276, 14925, 15315, 1125, 14820, 3769, 14096, 12401, 14972, 14176, 4685, 4278, 5735, 7514, 16051, 15882, 4696, 17145, 19193, 12994, 9901, 13641, 15193, 6739, 9240, 1608, 14664, 18117, 5676, 15714, 5964, 5329, 16651, 15936, 14441, 15878, 18316, 14255, 18692, 5858, 4640, 10716, 13839, 16635, 2097, 11464, 12427, 2320, 14629, 7617, 16183, 16205, 2170, 4384, 6683, 5285, 18707, 6780, 4231, 2404, 4895, 18091, 2944, 13054, 3904, 3491, 9455, 15985, 10432, 8657, 15304, 9114, 5838, 5197, 17244, 6207, 3970, 17246, 3950, 6168, 8697, 6800, 9942, 11118, 8582, 6355, 15275, 4581, 12724, 11921, 1833, 523, 7619, 15729, 176, 8576, 3101, 1573, 1283, 11796, 11277, 2547, 1738, 6806, 15187, 7129, 5179, 5854, 16373, 9231, 6270, 777, 2062, 13249, 4144, 6325, 3924, 5350, 14414, 3142, 2249, 6444, 13582, 2833, 18030, 6483, 18404, 15057, 7482, 15001, 15872, 14584, 10835, 954, 7257, 1381, 17819, 17518, 6497, 14430, 4901, 16466, 10805, 132, 7506, 755, 14427, 12119, 16613, 19042, 14994, 11257, 8042, 2144, 5966, 1580, 8010, 2550, 10684, 14088, 5037, 8764, 17076, 14185, 15984, 5299, 16601, 19182, 13197, 14561, 12605, 17010, 2703, 6715, 11207, 10188, 212, 2293, 17676, 1720, 5934, 112, 8568, 15870, 3226, 4524, 4431, 5141, 5383, 7609, 12807, 19001, 14368, 6704, 14903, 4172, 117, 18698, 1699, 16558, 7518, 10618, 2110, 10308, 7828, 6623, 17644, 4449, 951, 13858, 15106, 8402, 916, 4771, 8608, 6448, 6656, 13547, 2814, 8336, 8093, 6398, 637, 9909, 10621, 786, 14146, 17292, 9457, 3, 2884, 14785, 10504, 16361, 8181, 17690, 654, 11067, 18741, 386, 18208, 10130, 8079, 7082, 14740, 8076, 18619, 14428, 10992, 12679, 9431, 18328, 13606, 7641, 13542, 1002, 11975, 15646, 19078, 1352, 8683, 16053, 11763, 14823, 7059, 4995, 3754, 6213, 10090, 19084, 1973, 8131, 5353, 836, 13960, 3217, 4885, 9645, 16941, 14750, 13171, 9132, 1355, 4440, 15747, 8233, 6008, 12781, 16749, 13905, 18198, 5033, 2910, 16502, 1233, 965, 16926, 3944, 13518, 18213, 12739, 9972, 14609, 5764, 6128, 9532, 12680, 3672, 5458, 6822, 11547, 3163, 8040, 14081, 8369, 18182, 17541, 11552, 12451, 15074, 1783, 17730, 1690, 16992, 2490, 2459, 18065, 320, 18311, 45, 9495, 4572, 544, 12731, 16811, 15096, 14957, 4594, 16607, 2449, 7791, 13659, 8892, 1713, 17336, 6598, 13832, 10495, 18937, 3067, 3473, 12715, 13492, 14787, 16503, 17899, 16638, 2408, 7141, 10590, 2917, 14650, 12571, 4321, 2855, 1829, 3736, 3381, 11069, 16093, 15201, 14311, 9836, 18289, 16899, 897, 13981, 12223, 8884, 15721, 7778, 13648, 5737, 6550, 19249, 2715, 447, 12941, 8915, 18963, 16291, 760, 5869, 3635, 3439, 6740, 5003, 3174, 2945, 16056, 4860, 11216, 7363, 1147, 12124, 9764, 11245, 4361, 7784, 16285, 17057, 11203, 5114, 17655, 12056, 17890, 7741, 15799, 10258, 16088, 19222, 15303, 1433, 5991, 322, 2322, 3156, 9940, 7814, 17068, 16968, 10018, 1991, 11946, 8705, 10371, 4619, 11074, 2034, 15550, 11743, 18666, 13494, 14175, 13948, 15123, 11154, 10397, 1701, 4770, 839, 12085, 16500, 16241, 1535, 18782, 2221, 539, 18405, 4245, 103, 1571, 16945, 12196, 9441, 1732, 1367, 3596, 4794, 7230, 5245, 17483, 2955, 2003, 11509, 4044, 12934, 3456, 16693, 593, 4582, 14076, 10972, 1965, 7227, 14324, 8658, 3772, 8355, 11889, 1908, 2684, 10026, 1666, 16507, 5589, 9295, 8389, 2099, 18653, 13808, 19147, 6675, 10970, 2788, 19028, 16983, 16166, 9845, 8160, 11381, 10088, 10333, 11716, 14695, 12697, 4365, 3747, 17296, 11904, 74, 7047, 10639, 13094, 940, 10478, 2032, 6642, 14896, 10840, 5430, 5556, 12597, 2183, 18403, 4252, 14613, 18283, 8790, 12140, 13540, 13353, 14114, 13297, 4056, 14038, 11299, 13770, 11433, 14285, 1526, 1955, 15711, 255, 12481, 612, 1635, 4886, 357, 11434, 9524, 13106, 2607, 5391, 9406, 2331, 624, 2749, 17849, 9829, 11436, 18426, 9481, 18550, 15647, 532, 11720, 11824, 15610, 15741, 7902, 13558, 17967, 14539, 17889, 4631, 1238, 16921, 7787, 15293, 3108, 8215, 2851, 4514, 12938, 16730, 17178, 4890, 17960, 4725, 7917, 3191, 8231, 16341, 8195, 10913, 2173, 5557, 2637, 16896, 5806, 1815, 1451, 8864, 2290, 12108, 5328, 6203, 2431, 7508, 17898, 17188, 6897, 1199, 15526, 18437, 6631, 8644, 16917, 14964, 14233, 2454, 584, 4830, 7199, 4180, 14889, 5761, 13756, 6917, 7756, 18880, 15095, 1816, 14070, 16252, 7429, 16589, 1631, 15968, 15221, 12478, 18594, 1477, 5637, 12058, 1205, 13397, 9107, 18654, 1968, 3759, 13147, 14144, 14973, 12452, 18020, 13592, 17920, 13687, 11335, 7207, 418, 7834, 778, 12982, 10688, 9031, 509, 9601, 9780, 17040, 12023, 3916, 91, 6536, 18535, 7547, 15240, 707, 14533, 15064, 17012, 16805, 8637, 5969, 16221, 1940, 13307, 4717, 12615, 18220, 11028, 12170, 1743, 2376, 12415, 14220, 18827, 1294, 18543, 6977, 15309, 11778, 11842, 17103, 3857, 4637, 12162, 19169, 17166, 18237, 17818, 9507, 19022, 5790, 19112, 15611, 1118, 15184, 18703, 1817, 15530, 16579, 8437, 11839, 11378, 3537, 9205, 9217, 16272, 18759, 16828, 12002, 8348, 1723, 3481, 14115, 379, 8544, 264, 6015, 7672, 2253, 7364, 3706, 13796, 17139, 16125, 12059, 9623, 7185, 2418, 18230, 3087, 281, 4379, 1796, 8459, 4400, 17824, 2736, 16446, 13525, 15341, 3275, 7872, 1662, 7557, 4319, 15442, 7181, 10456, 4963, 17048, 16943, 12784, 3441, 5240, 9975, 13216, 17702, 11594, 13554, 6165, 19168, 16070, 3540, 3262, 10661, 4061, 13173, 2875, 17014, 4349, 10818, 8428, 16764, 14232, 8930, 15734, 17680, 7069, 15684, 17050, 18987, 6914, 6863, 19263, 10595, 150, 10039, 2722, 18223, 16444, 6559, 7258, 2661, 7699, 17136, 12773, 4247, 5723, 15194, 1696, 1500, 2807, 9893, 11835, 13240, 18313, 17107, 10265, 10244, 5570, 2862, 14049, 1012, 12861, 723, 9583, 17461, 10056, 1264, 8297, 3716, 14666, 15259, 13531, 543, 13723, 16810, 6700, 3516, 13766, 7186, 10692, 6321, 15484, 14547, 8744, 3703, 10383, 16829, 6366, 6846, 3906, 2021, 18133, 857, 279, 12232, 10212, 10541, 12325, 13475, 1225, 937, 6966, 10881, 16936, 18502, 1440, 11914, 3326, 5633, 14913, 4623, 10743, 12361, 17335, 1072, 5043, 14810, 15077, 3255, 17215, 6553, 17852, 4801, 6962, 3060, 9430, 8799, 13824, 188, 15175, 15163, 4733, 5011, 3536, 17635, 6532, 14071, 6112, 17158, 6597, 11272, 105, 19219, 5013, 12483, 201, 6848, 17033, 6367, 7859, 14702, 18844, 7053, 18694, 15670, 636, 10129, 6378, 5369, 7273, 16247, 9142, 15345, 16817, 14854, 2600, 15783, 889, 11833, 6612, 2068, 2427, 7062, 7918, 16181, 5464, 8339, 8950, 8453, 16423, 6064, 2380, 4268, 13929, 12974, 19141, 1299, 2484, 3883, 3273, 8772, 13256, 11239, 5766, 18098, 12705, 11004, 2695, 10048, 10960, 2766, 15661, 13258, 8015, 6032, 16397, 7749, 19039, 7634, 15076, 4234, 15114, 8475, 8091, 19220, 18004, 9704, 13918, 15569, 16443, 10015, 9943, 7817, 9349, 2588, 8249, 398, 5316, 15538, 18372, 13559, 2937, 2803, 16248, 6155, 630, 9911, 13190, 19157, 15788, 13248, 13148, 1320, 12074, 8471, 8798, 3213, 12418, 814, 2402, 12718, 12397, 10564, 9875, 10128, 6947, 9491, 17707, 3266, 19196, 14309, 18523, 19043, 17975, 18063, 11618, 15016, 14434, 7680, 1739, 18029, 11694, 1745, 9271, 5189, 9561, 11283, 14978, 10753, 16017, 12914, 978, 2828, 17257, 13135, 5061, 121, 6602, 16015, 19271, 12159, 1244, 8260, 13195, 15873, 12815, 14291, 14515, 118, 4892, 14985, 9551, 12654, 4739, 927, 12176, 9523, 11726, 18187, 5880, 2569, 3386, 13942, 3390, 15774, 129, 65, 12922, 8422, 12692, 16213, 11515, 2111, 8347, 10758, 14064, 4401, 17782, 15621, 6709, 14716, 4091, 13964, 8424, 4218, 7249, 11311, 11171, 18564, 14755, 7114, 14009, 14815, 294, 495, 7684, 6833, 4046, 3505, 16995, 17858, 7761, 15803, 9840, 13958, 8226, 10369, 12497, 17142, 1748, 2854, 7159, 11539, 11055, 13337, 17173, 14214, 6803, 11144, 12649, 283, 15489, 13174, 7015, 610, 7030, 18206, 14077, 15468, 14962, 8046, 7809, 17387, 16034, 16678, 1173, 3502, 12942, 15655, 16859, 7099, 1673, 446, 1365, 5881, 3713, 11697, 1897, 16001, 1702, 14149, 11876, 9341, 4325, 6923, 2001, 138, 3276, 18716, 17604, 10501, 115, 12800, 6111, 11148, 4549, 16057, 4707, 6843, 16091, 4295, 7519, 13708, 12409, 11018, 5052, 13566, 14715, 12755, 793, 10837, 1888, 12375, 3935, 5763, 11791, 11258, 13264, 11469, 4683, 8905, 1853, 11600, 4421, 2798, 5074, 18141, 13807, 8595, 8126, 13837, 8060, 6956, 11767, 14560, 9389, 15261, 1232, 12560, 7262, 11504, 3546, 4627, 1177, 517, 4008, 9219, 17696, 4148, 14124, 13243, 11235, 7561, 8331, 16320, 3591, 11341, 4015, 12028, 14929, 18601, 3528, 14065, 1510, 19191, 13833, 17616, 10869, 17689, 831, 16725, 6319, 15465, 10467, 8162, 13563, 7728, 10778, 13545, 12290, 16480, 14401, 12838, 4212, 17529, 4832, 15111, 12690, 10373, 7596, 18614, 17477, 1043, 13100, 4774, 17479, 3774, 9302, 3901, 13071, 6412, 9516, 1261, 3054, 13522, 17602, 14343, 18500, 10957, 2791, 9624, 3634, 17904, 5709, 14670, 11058, 7087, 7435, 13848, 82, 5565, 2562, 14029, 3583, 1676, 12709, 18473, 3158, 12787, 8068, 8263, 16146, 3593, 1802, 1861, 3348, 4487, 17749, 6105, 10471, 17472, 10200, 1182, 14180, 1076, 10156, 4839, 9903, 4879, 9720, 2157, 15344, 16067, 3064, 17182, 5368, 4987, 18484, 18923, 11896, 1052, 15727, 15289, 5885, 1933, 5251, 17072, 6038, 6195, 13524, 6606, 18506, 17536, 6784, 3231, 14121, 8925, 10030, 803, 13764, 146, 19268, 14099, 4130, 16372, 1537, 12248, 13718, 17187, 11728, 1740, 19233, 5600, 4092, 4779, 6028, 3395, 16152, 19150, 2417, 11980, 11237, 8427, 18127, 3538, 9257, 607, 2078, 18457, 5802, 3435, 15019, 4256, 9221, 13465, 11742, 5788, 9528, 17493, 4607, 3131, 6616, 5356, 1550, 4617, 8827, 849, 2601, 4437, 17861, 10261, 15704, 3890, 8149, 12063, 3086, 15925, 12301, 6847, 5603, 7768, 3187, 13372, 9258, 6584, 7594, 2603, 1835, 17380, 17193, 15251, 15937, 18731, 4082, 14911, 16626, 8824, 16208, 10167, 17711, 9678, 15852, 13620, 16479, 14586, 2446, 4866, 1315, 7746, 10615, 7927, 2443, 7157, 13506, 18410, 10494]",424,1500,3,False,1500
5045,general quirky,general qu,27,True,True,False,"{21: 26, 33: 14, 2: 18, 29: 13, 25: 57, 43: 9, 57: 16, 49: 16, 61: 14, 67: 52, 65: 21, 50: 28, 15: 53, 6: 13, 46: 15, 27: 69, 7: 65, 48: 67, 19: 21, 31: 14, 63: 26, 22: 39, 9: 79, 26: 40, 47: 15, 53: 66, 11: 19, 51: 26, 54: 9, 13: 32, 17: 37, 52: 30, 39: 27, 38: 19, 1: 6, 59: 33, 56: 23, 32: 9, 8: 25, 4: 12, 20: 26, 24: 7, 18: 31, 42: 7, 28: 31, 45: 57, 0: 13, 66: 11, 62: 11, 35: 7, 64: 15, 37: 2, 40: 25, 3: 3, 14: 5, 12: 8, 16: 15, 55: 16, 30: 13, 58: 6, 36: 4, 60: 5, 5: 3, 41: 2, 44: 2, 34: 2}","[12686, 3384, 6034, 14374, 14516, 14680, 18580, 5912, 661, 4433, 14182, 14634, 14672, 13694, 17233, 12320, 12666, 7276, 14925, 15315, 1125, 14820, 3769, 14096, 12401, 14972, 14176, 4685, 4278, 5735, 7514, 16051, 15882, 4696, 17145, 19193, 12994, 9901, 13641, 15193, 6739, 9240, 1608, 14664, 18117, 5676, 15714, 5964, 5329, 16651, 15936, 14441, 15878, 18316, 14255, 18692, 5858, 4640, 10716, 13839, 16635, 2097, 11464, 12427, 2320, 14629, 7617, 16183, 16205, 2170, 4384, 6683, 5285, 18707, 6780, 4231, 2404, 4895, 18091, 2944, 13054, 3904, 3491, 9455, 15985, 10432, 8657, 15304, 9114, 5838, 5197, 17244, 6207, 3970, 17246, 3950, 6168, 8697, 6800, 9942, 11118, 8582, 6355, 15275, 4581, 12724, 11921, 1833, 523, 7619, 15729, 176, 8576, 3101, 1573, 1283, 11796, 11277, 2547, 1738, 6806, 15187, 7129, 5179, 5854, 16373, 9231, 6270, 777, 2062, 13249, 4144, 6325, 3924, 5350, 14414, 3142, 2249, 6444, 13582, 2833, 18030, 6483, 18404, 15057, 7482, 15001, 15872, 14584, 10835, 954, 7257, 1381, 17819, 17518, 6497, 14430, 4901, 16466, 10805, 132, 7506, 755, 14427, 12119, 16613, 19042, 14994, 11257, 8042, 2144, 5966, 1580, 8010, 2550, 10684, 14088, 5037, 8764, 17076, 14185, 15984, 5299, 16601, 19182, 13197, 14561, 12605, 17010, 2703, 6715, 11207, 10188, 212, 2293, 17676, 1720, 5934, 112, 8568, 15870, 3226, 4524, 4431, 5141, 5383, 7609, 12807, 19001, 14368, 6704, 14903, 4172, 117, 18698, 1699, 16558, 7518, 10618, 2110, 10308, 7828, 6623, 17644, 4449, 951, 13858, 15106, 8402, 916, 4771, 8608, 6448, 6656, 13547, 2814, 8336, 8093, 6398, 637, 9909, 10621, 786, 14146, 17292, 9457, 3, 2884, 14785, 10504, 16361, 8181, 17690, 654, 11067, 18741, 386, 18208, 10130, 8079, 7082, 14740, 8076, 18619, 14428, 10992, 12679, 9431, 18328, 13606, 7641, 13542, 1002, 11975, 15646, 19078, 1352, 8683, 16053, 11763, 14823, 7059, 4995, 3754, 6213, 10090, 19084, 1973, 8131, 5353, 836, 13960, 3217, 4885, 9645, 16941, 14750, 13171, 9132, 1355, 4440, 15747, 8233, 6008, 12781, 16749, 13905, 18198, 5033, 2910, 16502, 1233, 965, 16926, 3944, 13518, 18213, 12739, 9972, 14609, 5764, 6128, 9532, 12680, 3672, 5458, 6822, 11547, 3163, 8040, 14081, 8369, 18182, 17541, 11552, 12451, 15074, 1783, 17730, 1690, 16992, 2490, 2459, 18065, 320, 18311, 45, 9495, 4572, 544, 12731, 16811, 15096, 14957, 4594, 16607, 2449, 7791, 13659, 8892, 1713, 17336, 6598, 13832, 10495, 18937, 3067, 3473, 12715, 13492, 14787, 16503, 17899, 16638, 2408, 7141, 10590, 2917, 14650, 12571, 4321, 2855, 1829, 3736, 3381, 11069, 16093, 15201, 14311, 9836, 18289, 16899, 897, 13981, 12223, 8884, 15721, 7778, 13648, 5737, 6550, 19249, 2715, 447, 12941, 8915, 18963, 16291, 760, 5869, 3635, 3439, 6740, 5003, 3174, 2945, 16056, 4860, 11216, 7363, 1147, 12124, 9764, 11245, 4361, 7784, 16285, 17057, 11203, 5114, 17655, 12056, 17890, 7741, 15799, 10258, 16088, 19222, 15303, 1433, 5991, 322, 2322, 3156, 9940, 7814, 17068, 16968, 10018, 1991, 11946, 8705, 10371, 4619, 11074, 2034, 15550, 11743, 18666, 13494, 14175, 13948, 15123, 11154, 10397, 1701, 4770, 839, 12085, 16500, 16241, 1535, 18782, 2221, 539, 18405, 4245, 103, 1571, 16945, 12196, 9441, 1732, 1367, 3596, 4794, 7230, 5245, 17483, 2955, 2003, 11509, 4044, 12934, 3456, 16693, 593, 4582, 14076, 10972, 1965, 7227, 14324, 8658, 3772, 8355, 11889, 1908, 2684, 10026, 1666, 16507, 5589, 9295, 8389, 2099, 18653, 13808, 19147, 6675, 10970, 2788, 19028, 16983, 16166, 9845, 8160, 11381, 10088, 10333, 11716, 14695, 12697, 4365, 3747, 17296, 11904, 74, 7047, 10639, 13094, 940, 10478, 2032, 6642, 14896, 10840, 5430, 5556, 12597, 2183, 18403, 4252, 14613, 18283, 8790, 12140, 13540, 13353, 14114, 13297, 4056, 14038, 11299, 13770, 11433, 14285, 1526, 1955, 15711, 255, 12481, 612, 1635, 4886, 357, 11434, 9524, 13106, 2607, 5391, 9406, 2331, 624, 2749, 17849, 9829, 11436, 18426, 9481, 18550, 15647, 532, 11720, 11824, 15610, 15741, 7902, 13558, 17967, 14539, 17889, 4631, 1238, 16921, 7787, 15293, 3108, 8215, 2851, 4514, 12938, 16730, 17178, 4890, 17960, 4725, 7917, 3191, 8231, 16341, 8195, 10913, 2173, 5557, 2637, 16896, 5806, 1815, 1451, 8864, 2290, 12108, 5328, 6203, 2431, 7508, 17898, 17188, 6897, 1199, 15526, 18437, 6631, 8644, 16917, 14964, 14233, 2454, 584, 4830, 7199, 4180, 14889, 5761, 13756, 6917, 7756, 18880, 15095, 1816, 14070, 16252, 7429, 16589, 1631, 15968, 15221, 12478, 18594, 1477, 5637, 12058, 1205, 13397, 9107, 18654, 1968, 3759, 13147, 14144, 14973, 12452, 18020, 13592, 17920, 13687, 11335, 7207, 418, 7834, 778, 12982, 10688, 9031, 509, 9601, 9780, 17040, 12023, 3916, 91, 6536, 18535, 7547, 15240, 707, 14533, 15064, 17012, 16805, 8637, 5969, 16221, 1940, 13307, 4717, 12615, 18220, 11028, 12170, 1743, 2376, 12415, 14220, 18827, 1294, 18543, 6977, 15309, 11778, 11842, 17103, 3857, 4637, 12162, 19169, 17166, 18237, 17818, 9507, 19022, 5790, 19112, 15611, 1118, 15184, 18703, 1817, 15530, 16579, 8437, 11839, 11378, 3537, 9205, 9217, 16272, 18759, 16828, 12002, 8348, 1723, 3481, 14115, 379, 8544, 264, 6015, 7672, 2253, 7364, 3706, 13796, 17139, 16125, 12059, 9623, 7185, 2418, 18230, 3087, 281, 4379, 1796, 8459, 4400, 17824, 2736, 16446, 13525, 15341, 3275, 7872, 1662, 7557, 4319, 15442, 7181, 10456, 4963, 17048, 16943, 12784, 3441, 5240, 9975, 13216, 17702, 11594, 13554, 6165, 19168, 16070, 3540, 3262, 10661, 4061, 13173, 2875, 17014, 4349, 10818, 8428, 16764, 14232, 8930, 15734, 17680, 7069, 15684, 17050, 18987, 6914, 6863, 19263, 10595, 150, 10039, 2722, 18223, 16444, 6559, 7258, 2661, 7699, 17136, 12773, 4247, 5723, 15194, 1696, 1500, 2807, 9893, 11835, 13240, 18313, 17107, 10265, 10244, 5570, 2862, 14049, 1012, 12861, 723, 9583, 17461, 10056, 1264, 8297, 3716, 14666, 15259, 13531, 543, 13723, 16810, 6700, 3516, 13766, 7186, 10692, 6321, 15484, 14547, 8744, 3703, 10383, 16829, 6366, 6846, 3906, 2021, 18133, 857, 279, 12232, 10212, 10541, 12325, 13475, 1225, 937, 6966, 10881, 16936, 18502, 1440, 11914, 3326, 5633, 14913, 4623, 10743, 12361, 17335, 1072, 5043, 14810, 15077, 3255, 17215, 6553, 17852, 4801, 6962, 3060, 9430, 8799, 13824, 188, 15175, 15163, 4733, 5011, 3536, 17635, 6532, 14071, 6112, 17158, 6597, 11272, 105, 19219, 5013, 12483, 201, 6848, 17033, 6367, 7859, 14702, 18844, 7053, 18694, 15670, 636, 10129, 6378, 5369, 7273, 16247, 9142, 15345, 16817, 14854, 2600, 15783, 889, 11833, 6612, 2068, 2427, 7062, 7918, 16181, 5464, 8339, 8950, 8453, 16423, 6064, 2380, 4268, 13929, 12974, 19141, 1299, 2484, 3883, 3273, 8772, 13256, 11239, 5766, 18098, 12705, 11004, 2695, 10048, 10960, 2766, 15661, 13258, 8015, 6032, 16397, 7749, 19039, 7634, 15076, 4234, 15114, 8475, 8091, 19220, 18004, 9704, 13918, 15569, 16443, 10015, 9943, 7817, 9349, 2588, 8249, 398, 5316, 15538, 18372, 13559, 2937, 2803, 16248, 6155, 630, 9911, 13190, 19157, 15788, 13248, 13148, 1320, 12074, 8471, 8798, 3213, 12418, 814, 2402, 12718, 12397, 10564, 9875, 10128, 6947, 9491, 17707, 3266, 19196, 14309, 18523, 19043, 17975, 18063, 11618, 15016, 14434, 7680, 1739, 18029, 11694, 1745, 9271, 5189, 9561, 11283, 14978, 10753, 16017, 12914, 978, 2828, 17257, 13135, 5061, 121, 6602, 16015, 19271, 12159, 1244, 8260, 13195, 15873, 12815, 14291, 14515, 118, 4892, 14985, 9551, 12654, 4739, 927, 12176, 9523, 11726, 18187, 5880, 2569, 3386, 13942, 3390, 15774, 129, 65, 12922, 8422, 12692, 16213, 11515, 2111, 8347, 10758, 14064, 4401, 17782, 15621, 6709, 14716, 4091, 13964, 8424, 4218, 7249, 11311, 11171, 18564, 14755, 7114, 14009, 14815, 294, 495, 7684, 6833, 4046, 3505, 16995, 17858, 7761, 15803, 9840, 13958, 8226, 10369, 12497, 17142, 1748, 2854, 7159, 11539, 11055, 13337, 17173, 14214, 6803, 11144, 12649, 283, 15489, 13174, 7015, 610, 7030, 18206, 14077, 15468, 14962, 8046, 7809, 17387, 16034, 16678, 1173, 3502, 12942, 15655, 16859, 7099, 1673, 446, 1365, 5881, 3713, 11697, 1897, 16001, 1702, 14149, 11876, 9341, 4325, 6923, 2001, 138, 3276, 18716, 17604, 10501, 115, 12800, 6111, 11148, 4549, 16057, 4707, 6843, 16091, 4295, 7519, 13708, 12409, 11018, 5052, 13566, 14715, 12755, 793, 10837, 1888, 12375, 3935, 5763, 11791, 11258, 13264, 11469, 4683, 8905, 1853, 11600, 4421, 2798, 5074, 18141, 13807, 8595, 8126, 13837, 8060, 6956, 11767, 14560, 9389, 15261, 1232, 12560, 7262, 11504, 3546, 4627, 1177, 517, 4008, 9219, 17696, 4148, 14124, 13243, 11235, 7561, 8331, 16320, 3591, 11341, 4015, 12028, 14929, 18601, 3528, 14065, 1510, 19191, 13833, 17616, 10869, 17689, 831, 16725, 6319, 15465, 10467, 8162, 13563, 7728, 10778, 13545, 12290, 16480, 14401, 12838, 4212, 17529, 4832, 15111, 12690, 10373, 7596, 18614, 17477, 1043, 13100, 4774, 17479, 3774, 9302, 3901, 13071, 6412, 9516, 1261, 3054, 13522, 17602, 14343, 18500, 10957, 2791, 9624, 3634, 17904, 5709, 14670, 11058, 7087, 7435, 13848, 82, 5565, 2562, 14029, 3583, 1676, 12709, 18473, 3158, 12787, 8068, 8263, 16146, 3593, 1802, 1861, 3348, 4487, 17749, 6105, 10471, 17472, 10200, 1182, 14180, 1076, 10156, 4839, 9903, 4879, 9720, 2157, 15344, 16067, 3064, 17182, 5368, 4987, 18484, 18923, 11896, 1052, 15727, 15289, 5885, 1933, 5251, 17072, 6038, 6195, 13524, 6606, 18506, 17536, 6784, 3231, 14121, 8925, 10030, 803, 13764, 146, 19268, 14099, 4130, 16372, 1537, 12248, 13718, 17187, 11728, 1740, 19233, 5600, 4092, 4779, 6028, 3395, 16152, 19150, 2417, 11980, 11237, 8427, 18127, 3538, 9257, 607, 2078, 18457, 5802, 3435, 15019, 4256, 9221, 13465, 11742, 5788, 9528, 17493, 4607, 3131, 6616, 5356, 1550, 4617, 8827, 849, 2601, 4437, 17861, 10261, 15704, 3890, 8149, 12063, 3086, 15925, 12301, 6847, 5603, 7768, 3187, 13372, 9258, 6584, 7594, 2603, 1835, 17380, 17193, 15251, 15937, 18731, 4082, 14911, 16626, 8824, 16208, 10167, 17711, 9678, 15852, 13620, 16479, 14586, 2446, 4866, 1315, 7746, 10615, 7927, 2443, 7157, 13506, 18410, 10494]",5045,1500,3,False,1500
1965,play music,general qu,27,True,False,True,"{21: 26, 33: 14, 2: 18, 29: 13, 25: 57, 43: 9, 57: 16, 49: 16, 61: 14, 67: 52, 65: 21, 50: 28, 15: 53, 6: 13, 46: 15, 27: 69, 7: 65, 48: 67, 19: 21, 31: 14, 63: 26, 22: 39, 9: 79, 26: 40, 47: 15, 53: 66, 11: 19, 51: 26, 54: 9, 13: 32, 17: 37, 52: 30, 39: 27, 38: 19, 1: 6, 59: 33, 56: 23, 32: 9, 8: 25, 4: 12, 20: 26, 24: 7, 18: 31, 42: 7, 28: 31, 45: 57, 0: 13, 66: 11, 62: 11, 35: 7, 64: 15, 37: 2, 40: 25, 3: 3, 14: 5, 12: 8, 16: 15, 55: 16, 30: 13, 58: 6, 36: 4, 60: 5, 5: 3, 41: 2, 44: 2, 34: 2}","[12686, 3384, 6034, 14374, 14516, 14680, 18580, 5912, 661, 4433, 14182, 14634, 14672, 13694, 17233, 12320, 12666, 7276, 14925, 15315, 1125, 14820, 3769, 14096, 12401, 14972, 14176, 4685, 4278, 5735, 7514, 16051, 15882, 4696, 17145, 19193, 12994, 9901, 13641, 15193, 6739, 9240, 1608, 14664, 18117, 5676, 15714, 5964, 5329, 16651, 15936, 14441, 15878, 18316, 14255, 18692, 5858, 4640, 10716, 13839, 16635, 2097, 11464, 12427, 2320, 14629, 7617, 16183, 16205, 2170, 4384, 6683, 5285, 18707, 6780, 4231, 2404, 4895, 18091, 2944, 13054, 3904, 3491, 9455, 15985, 10432, 8657, 15304, 9114, 5838, 5197, 17244, 6207, 3970, 17246, 3950, 6168, 8697, 6800, 9942, 11118, 8582, 6355, 15275, 4581, 12724, 11921, 1833, 523, 7619, 15729, 176, 8576, 3101, 1573, 1283, 11796, 11277, 2547, 1738, 6806, 15187, 7129, 5179, 5854, 16373, 9231, 6270, 777, 2062, 13249, 4144, 6325, 3924, 5350, 14414, 3142, 2249, 6444, 13582, 2833, 18030, 6483, 18404, 15057, 7482, 15001, 15872, 14584, 10835, 954, 7257, 1381, 17819, 17518, 6497, 14430, 4901, 16466, 10805, 132, 7506, 755, 14427, 12119, 16613, 19042, 14994, 11257, 8042, 2144, 5966, 1580, 8010, 2550, 10684, 14088, 5037, 8764, 17076, 14185, 15984, 5299, 16601, 19182, 13197, 14561, 12605, 17010, 2703, 6715, 11207, 10188, 212, 2293, 17676, 1720, 5934, 112, 8568, 15870, 3226, 4524, 4431, 5141, 5383, 7609, 12807, 19001, 14368, 6704, 14903, 4172, 117, 18698, 1699, 16558, 7518, 10618, 2110, 10308, 7828, 6623, 17644, 4449, 951, 13858, 15106, 8402, 916, 4771, 8608, 6448, 6656, 13547, 2814, 8336, 8093, 6398, 637, 9909, 10621, 786, 14146, 17292, 9457, 3, 2884, 14785, 10504, 16361, 8181, 17690, 654, 11067, 18741, 386, 18208, 10130, 8079, 7082, 14740, 8076, 18619, 14428, 10992, 12679, 9431, 18328, 13606, 7641, 13542, 1002, 11975, 15646, 19078, 1352, 8683, 16053, 11763, 14823, 7059, 4995, 3754, 6213, 10090, 19084, 1973, 8131, 5353, 836, 13960, 3217, 4885, 9645, 16941, 14750, 13171, 9132, 1355, 4440, 15747, 8233, 6008, 12781, 16749, 13905, 18198, 5033, 2910, 16502, 1233, 965, 16926, 3944, 13518, 18213, 12739, 9972, 14609, 5764, 6128, 9532, 12680, 3672, 5458, 6822, 11547, 3163, 8040, 14081, 8369, 18182, 17541, 11552, 12451, 15074, 1783, 17730, 1690, 16992, 2490, 2459, 18065, 320, 18311, 45, 9495, 4572, 544, 12731, 16811, 15096, 14957, 4594, 16607, 2449, 7791, 13659, 8892, 1713, 17336, 6598, 13832, 10495, 18937, 3067, 3473, 12715, 13492, 14787, 16503, 17899, 16638, 2408, 7141, 10590, 2917, 14650, 12571, 4321, 2855, 1829, 3736, 3381, 11069, 16093, 15201, 14311, 9836, 18289, 16899, 897, 13981, 12223, 8884, 15721, 7778, 13648, 5737, 6550, 19249, 2715, 447, 12941, 8915, 18963, 16291, 760, 5869, 3635, 3439, 6740, 5003, 3174, 2945, 16056, 4860, 11216, 7363, 1147, 12124, 9764, 11245, 4361, 7784, 16285, 17057, 11203, 5114, 17655, 12056, 17890, 7741, 15799, 10258, 16088, 19222, 15303, 1433, 5991, 322, 2322, 3156, 9940, 7814, 17068, 16968, 10018, 1991, 11946, 8705, 10371, 4619, 11074, 2034, 15550, 11743, 18666, 13494, 14175, 13948, 15123, 11154, 10397, 1701, 4770, 839, 12085, 16500, 16241, 1535, 18782, 2221, 539, 18405, 4245, 103, 1571, 16945, 12196, 9441, 1732, 1367, 3596, 4794, 7230, 5245, 17483, 2955, 2003, 11509, 4044, 12934, 3456, 16693, 593, 4582, 14076, 10972, 1965, 7227, 14324, 8658, 3772, 8355, 11889, 1908, 2684, 10026, 1666, 16507, 5589, 9295, 8389, 2099, 18653, 13808, 19147, 6675, 10970, 2788, 19028, 16983, 16166, 9845, 8160, 11381, 10088, 10333, 11716, 14695, 12697, 4365, 3747, 17296, 11904, 74, 7047, 10639, 13094, 940, 10478, 2032, 6642, 14896, 10840, 5430, 5556, 12597, 2183, 18403, 4252, 14613, 18283, 8790, 12140, 13540, 13353, 14114, 13297, 4056, 14038, 11299, 13770, 11433, 14285, 1526, 1955, 15711, 255, 12481, 612, 1635, 4886, 357, 11434, 9524, 13106, 2607, 5391, 9406, 2331, 624, 2749, 17849, 9829, 11436, 18426, 9481, 18550, 15647, 532, 11720, 11824, 15610, 15741, 7902, 13558, 17967, 14539, 17889, 4631, 1238, 16921, 7787, 15293, 3108, 8215, 2851, 4514, 12938, 16730, 17178, 4890, 17960, 4725, 7917, 3191, 8231, 16341, 8195, 10913, 2173, 5557, 2637, 16896, 5806, 1815, 1451, 8864, 2290, 12108, 5328, 6203, 2431, 7508, 17898, 17188, 6897, 1199, 15526, 18437, 6631, 8644, 16917, 14964, 14233, 2454, 584, 4830, 7199, 4180, 14889, 5761, 13756, 6917, 7756, 18880, 15095, 1816, 14070, 16252, 7429, 16589, 1631, 15968, 15221, 12478, 18594, 1477, 5637, 12058, 1205, 13397, 9107, 18654, 1968, 3759, 13147, 14144, 14973, 12452, 18020, 13592, 17920, 13687, 11335, 7207, 418, 7834, 778, 12982, 10688, 9031, 509, 9601, 9780, 17040, 12023, 3916, 91, 6536, 18535, 7547, 15240, 707, 14533, 15064, 17012, 16805, 8637, 5969, 16221, 1940, 13307, 4717, 12615, 18220, 11028, 12170, 1743, 2376, 12415, 14220, 18827, 1294, 18543, 6977, 15309, 11778, 11842, 17103, 3857, 4637, 12162, 19169, 17166, 18237, 17818, 9507, 19022, 5790, 19112, 15611, 1118, 15184, 18703, 1817, 15530, 16579, 8437, 11839, 11378, 3537, 9205, 9217, 16272, 18759, 16828, 12002, 8348, 1723, 3481, 14115, 379, 8544, 264, 6015, 7672, 2253, 7364, 3706, 13796, 17139, 16125, 12059, 9623, 7185, 2418, 18230, 3087, 281, 4379, 1796, 8459, 4400, 17824, 2736, 16446, 13525, 15341, 3275, 7872, 1662, 7557, 4319, 15442, 7181, 10456, 4963, 17048, 16943, 12784, 3441, 5240, 9975, 13216, 17702, 11594, 13554, 6165, 19168, 16070, 3540, 3262, 10661, 4061, 13173, 2875, 17014, 4349, 10818, 8428, 16764, 14232, 8930, 15734, 17680, 7069, 15684, 17050, 18987, 6914, 6863, 19263, 10595, 150, 10039, 2722, 18223, 16444, 6559, 7258, 2661, 7699, 17136, 12773, 4247, 5723, 15194, 1696, 1500, 2807, 9893, 11835, 13240, 18313, 17107, 10265, 10244, 5570, 2862, 14049, 1012, 12861, 723, 9583, 17461, 10056, 1264, 8297, 3716, 14666, 15259, 13531, 543, 13723, 16810, 6700, 3516, 13766, 7186, 10692, 6321, 15484, 14547, 8744, 3703, 10383, 16829, 6366, 6846, 3906, 2021, 18133, 857, 279, 12232, 10212, 10541, 12325, 13475, 1225, 937, 6966, 10881, 16936, 18502, 1440, 11914, 3326, 5633, 14913, 4623, 10743, 12361, 17335, 1072, 5043, 14810, 15077, 3255, 17215, 6553, 17852, 4801, 6962, 3060, 9430, 8799, 13824, 188, 15175, 15163, 4733, 5011, 3536, 17635, 6532, 14071, 6112, 17158, 6597, 11272, 105, 19219, 5013, 12483, 201, 6848, 17033, 6367, 7859, 14702, 18844, 7053, 18694, 15670, 636, 10129, 6378, 5369, 7273, 16247, 9142, 15345, 16817, 14854, 2600, 15783, 889, 11833, 6612, 2068, 2427, 7062, 7918, 16181, 5464, 8339, 8950, 8453, 16423, 6064, 2380, 4268, 13929, 12974, 19141, 1299, 2484, 3883, 3273, 8772, 13256, 11239, 5766, 18098, 12705, 11004, 2695, 10048, 10960, 2766, 15661, 13258, 8015, 6032, 16397, 7749, 19039, 7634, 15076, 4234, 15114, 8475, 8091, 19220, 18004, 9704, 13918, 15569, 16443, 10015, 9943, 7817, 9349, 2588, 8249, 398, 5316, 15538, 18372, 13559, 2937, 2803, 16248, 6155, 630, 9911, 13190, 19157, 15788, 13248, 13148, 1320, 12074, 8471, 8798, 3213, 12418, 814, 2402, 12718, 12397, 10564, 9875, 10128, 6947, 9491, 17707, 3266, 19196, 14309, 18523, 19043, 17975, 18063, 11618, 15016, 14434, 7680, 1739, 18029, 11694, 1745, 9271, 5189, 9561, 11283, 14978, 10753, 16017, 12914, 978, 2828, 17257, 13135, 5061, 121, 6602, 16015, 19271, 12159, 1244, 8260, 13195, 15873, 12815, 14291, 14515, 118, 4892, 14985, 9551, 12654, 4739, 927, 12176, 9523, 11726, 18187, 5880, 2569, 3386, 13942, 3390, 15774, 129, 65, 12922, 8422, 12692, 16213, 11515, 2111, 8347, 10758, 14064, 4401, 17782, 15621, 6709, 14716, 4091, 13964, 8424, 4218, 7249, 11311, 11171, 18564, 14755, 7114, 14009, 14815, 294, 495, 7684, 6833, 4046, 3505, 16995, 17858, 7761, 15803, 9840, 13958, 8226, 10369, 12497, 17142, 1748, 2854, 7159, 11539, 11055, 13337, 17173, 14214, 6803, 11144, 12649, 283, 15489, 13174, 7015, 610, 7030, 18206, 14077, 15468, 14962, 8046, 7809, 17387, 16034, 16678, 1173, 3502, 12942, 15655, 16859, 7099, 1673, 446, 1365, 5881, 3713, 11697, 1897, 16001, 1702, 14149, 11876, 9341, 4325, 6923, 2001, 138, 3276, 18716, 17604, 10501, 115, 12800, 6111, 11148, 4549, 16057, 4707, 6843, 16091, 4295, 7519, 13708, 12409, 11018, 5052, 13566, 14715, 12755, 793, 10837, 1888, 12375, 3935, 5763, 11791, 11258, 13264, 11469, 4683, 8905, 1853, 11600, 4421, 2798, 5074, 18141, 13807, 8595, 8126, 13837, 8060, 6956, 11767, 14560, 9389, 15261, 1232, 12560, 7262, 11504, 3546, 4627, 1177, 517, 4008, 9219, 17696, 4148, 14124, 13243, 11235, 7561, 8331, 16320, 3591, 11341, 4015, 12028, 14929, 18601, 3528, 14065, 1510, 19191, 13833, 17616, 10869, 17689, 831, 16725, 6319, 15465, 10467, 8162, 13563, 7728, 10778, 13545, 12290, 16480, 14401, 12838, 4212, 17529, 4832, 15111, 12690, 10373, 7596, 18614, 17477, 1043, 13100, 4774, 17479, 3774, 9302, 3901, 13071, 6412, 9516, 1261, 3054, 13522, 17602, 14343, 18500, 10957, 2791, 9624, 3634, 17904, 5709, 14670, 11058, 7087, 7435, 13848, 82, 5565, 2562, 14029, 3583, 1676, 12709, 18473, 3158, 12787, 8068, 8263, 16146, 3593, 1802, 1861, 3348, 4487, 17749, 6105, 10471, 17472, 10200, 1182, 14180, 1076, 10156, 4839, 9903, 4879, 9720, 2157, 15344, 16067, 3064, 17182, 5368, 4987, 18484, 18923, 11896, 1052, 15727, 15289, 5885, 1933, 5251, 17072, 6038, 6195, 13524, 6606, 18506, 17536, 6784, 3231, 14121, 8925, 10030, 803, 13764, 146, 19268, 14099, 4130, 16372, 1537, 12248, 13718, 17187, 11728, 1740, 19233, 5600, 4092, 4779, 6028, 3395, 16152, 19150, 2417, 11980, 11237, 8427, 18127, 3538, 9257, 607, 2078, 18457, 5802, 3435, 15019, 4256, 9221, 13465, 11742, 5788, 9528, 17493, 4607, 3131, 6616, 5356, 1550, 4617, 8827, 849, 2601, 4437, 17861, 10261, 15704, 3890, 8149, 12063, 3086, 15925, 12301, 6847, 5603, 7768, 3187, 13372, 9258, 6584, 7594, 2603, 1835, 17380, 17193, 15251, 15937, 18731, 4082, 14911, 16626, 8824, 16208, 10167, 17711, 9678, 15852, 13620, 16479, 14586, 2446, 4866, 1315, 7746, 10615, 7927, 2443, 7157, 13506, 18410, 10494]",1965,1500,3,False,1500
6146,general explain,general explain,22,True,True,True,"{21: 26, 33: 14, 2: 18, 29: 13, 25: 57, 43: 9, 57: 16, 49: 16, 61: 14, 67: 52, 65: 21, 50: 28, 15: 53, 6: 13, 46: 15, 27: 69, 7: 65, 48: 67, 19: 21, 31: 14, 63: 26, 22: 39, 9: 79, 26: 40, 47: 15, 53: 66, 11: 19, 51: 26, 54: 9, 13: 32, 17: 37, 52: 30, 39: 27, 38: 19, 1: 6, 59: 33, 56: 23, 32: 9, 8: 25, 4: 12, 20: 26, 24: 7, 18: 31, 42: 7, 28: 31, 45: 57, 0: 13, 66: 11, 62: 11, 35: 7, 64: 15, 37: 2, 40: 25, 3: 3, 14: 5, 12: 8, 16: 15, 55: 16, 30: 13, 58: 6, 36: 4, 60: 5, 5: 3, 41: 2, 44: 2, 34: 2}","[12686, 3384, 6034, 14374, 14516, 14680, 18580, 5912, 661, 4433, 14182, 14634, 14672, 13694, 17233, 12320, 12666, 7276, 14925, 15315, 1125, 14820, 3769, 14096, 12401, 14972, 14176, 4685, 4278, 5735, 7514, 16051, 15882, 4696, 17145, 19193, 12994, 9901, 13641, 15193, 6739, 9240, 1608, 14664, 18117, 5676, 15714, 5964, 5329, 16651, 15936, 14441, 15878, 18316, 14255, 18692, 5858, 4640, 10716, 13839, 16635, 2097, 11464, 12427, 2320, 14629, 7617, 16183, 16205, 2170, 4384, 6683, 5285, 18707, 6780, 4231, 2404, 4895, 18091, 2944, 13054, 3904, 3491, 9455, 15985, 10432, 8657, 15304, 9114, 5838, 5197, 17244, 6207, 3970, 17246, 3950, 6168, 8697, 6800, 9942, 11118, 8582, 6355, 15275, 4581, 12724, 11921, 1833, 523, 7619, 15729, 176, 8576, 3101, 1573, 1283, 11796, 11277, 2547, 1738, 6806, 15187, 7129, 5179, 5854, 16373, 9231, 6270, 777, 2062, 13249, 4144, 6325, 3924, 5350, 14414, 3142, 2249, 6444, 13582, 2833, 18030, 6483, 18404, 15057, 7482, 15001, 15872, 14584, 10835, 954, 7257, 1381, 17819, 17518, 6497, 14430, 4901, 16466, 10805, 132, 7506, 755, 14427, 12119, 16613, 19042, 14994, 11257, 8042, 2144, 5966, 1580, 8010, 2550, 10684, 14088, 5037, 8764, 17076, 14185, 15984, 5299, 16601, 19182, 13197, 14561, 12605, 17010, 2703, 6715, 11207, 10188, 212, 2293, 17676, 1720, 5934, 112, 8568, 15870, 3226, 4524, 4431, 5141, 5383, 7609, 12807, 19001, 14368, 6704, 14903, 4172, 117, 18698, 1699, 16558, 7518, 10618, 2110, 10308, 7828, 6623, 17644, 4449, 951, 13858, 15106, 8402, 916, 4771, 8608, 6448, 6656, 13547, 2814, 8336, 8093, 6398, 637, 9909, 10621, 786, 14146, 17292, 9457, 3, 2884, 14785, 10504, 16361, 8181, 17690, 654, 11067, 18741, 386, 18208, 10130, 8079, 7082, 14740, 8076, 18619, 14428, 10992, 12679, 9431, 18328, 13606, 7641, 13542, 1002, 11975, 15646, 19078, 1352, 8683, 16053, 11763, 14823, 7059, 4995, 3754, 6213, 10090, 19084, 1973, 8131, 5353, 836, 13960, 3217, 4885, 9645, 16941, 14750, 13171, 9132, 1355, 4440, 15747, 8233, 6008, 12781, 16749, 13905, 18198, 5033, 2910, 16502, 1233, 965, 16926, 3944, 13518, 18213, 12739, 9972, 14609, 5764, 6128, 9532, 12680, 3672, 5458, 6822, 11547, 3163, 8040, 14081, 8369, 18182, 17541, 11552, 12451, 15074, 1783, 17730, 1690, 16992, 2490, 2459, 18065, 320, 18311, 45, 9495, 4572, 544, 12731, 16811, 15096, 14957, 4594, 16607, 2449, 7791, 13659, 8892, 1713, 17336, 6598, 13832, 10495, 18937, 3067, 3473, 12715, 13492, 14787, 16503, 17899, 16638, 2408, 7141, 10590, 2917, 14650, 12571, 4321, 2855, 1829, 3736, 3381, 11069, 16093, 15201, 14311, 9836, 18289, 16899, 897, 13981, 12223, 8884, 15721, 7778, 13648, 5737, 6550, 19249, 2715, 447, 12941, 8915, 18963, 16291, 760, 5869, 3635, 3439, 6740, 5003, 3174, 2945, 16056, 4860, 11216, 7363, 1147, 12124, 9764, 11245, 4361, 7784, 16285, 17057, 11203, 5114, 17655, 12056, 17890, 7741, 15799, 10258, 16088, 19222, 15303, 1433, 5991, 322, 2322, 3156, 9940, 7814, 17068, 16968, 10018, 1991, 11946, 8705, 10371, 4619, 11074, 2034, 15550, 11743, 18666, 13494, 14175, 13948, 15123, 11154, 10397, 1701, 4770, 839, 12085, 16500, 16241, 1535, 18782, 2221, 539, 18405, 4245, 103, 1571, 16945, 12196, 9441, 1732, 1367, 3596, 4794, 7230, 5245, 17483, 2955, 2003, 11509, 4044, 12934, 3456, 16693, 593, 4582, 14076, 10972, 1965, 7227, 14324, 8658, 3772, 8355, 11889, 1908, 2684, 10026, 1666, 16507, 5589, 9295, 8389, 2099, 18653, 13808, 19147, 6675, 10970, 2788, 19028, 16983, 16166, 9845, 8160, 11381, 10088, 10333, 11716, 14695, 12697, 4365, 3747, 17296, 11904, 74, 7047, 10639, 13094, 940, 10478, 2032, 6642, 14896, 10840, 5430, 5556, 12597, 2183, 18403, 4252, 14613, 18283, 8790, 12140, 13540, 13353, 14114, 13297, 4056, 14038, 11299, 13770, 11433, 14285, 1526, 1955, 15711, 255, 12481, 612, 1635, 4886, 357, 11434, 9524, 13106, 2607, 5391, 9406, 2331, 624, 2749, 17849, 9829, 11436, 18426, 9481, 18550, 15647, 532, 11720, 11824, 15610, 15741, 7902, 13558, 17967, 14539, 17889, 4631, 1238, 16921, 7787, 15293, 3108, 8215, 2851, 4514, 12938, 16730, 17178, 4890, 17960, 4725, 7917, 3191, 8231, 16341, 8195, 10913, 2173, 5557, 2637, 16896, 5806, 1815, 1451, 8864, 2290, 12108, 5328, 6203, 2431, 7508, 17898, 17188, 6897, 1199, 15526, 18437, 6631, 8644, 16917, 14964, 14233, 2454, 584, 4830, 7199, 4180, 14889, 5761, 13756, 6917, 7756, 18880, 15095, 1816, 14070, 16252, 7429, 16589, 1631, 15968, 15221, 12478, 18594, 1477, 5637, 12058, 1205, 13397, 9107, 18654, 1968, 3759, 13147, 14144, 14973, 12452, 18020, 13592, 17920, 13687, 11335, 7207, 418, 7834, 778, 12982, 10688, 9031, 509, 9601, 9780, 17040, 12023, 3916, 91, 6536, 18535, 7547, 15240, 707, 14533, 15064, 17012, 16805, 8637, 5969, 16221, 1940, 13307, 4717, 12615, 18220, 11028, 12170, 1743, 2376, 12415, 14220, 18827, 1294, 18543, 6977, 15309, 11778, 11842, 17103, 3857, 4637, 12162, 19169, 17166, 18237, 17818, 9507, 19022, 5790, 19112, 15611, 1118, 15184, 18703, 1817, 15530, 16579, 8437, 11839, 11378, 3537, 9205, 9217, 16272, 18759, 16828, 12002, 8348, 1723, 3481, 14115, 379, 8544, 264, 6015, 7672, 2253, 7364, 3706, 13796, 17139, 16125, 12059, 9623, 7185, 2418, 18230, 3087, 281, 4379, 1796, 8459, 4400, 17824, 2736, 16446, 13525, 15341, 3275, 7872, 1662, 7557, 4319, 15442, 7181, 10456, 4963, 17048, 16943, 12784, 3441, 5240, 9975, 13216, 17702, 11594, 13554, 6165, 19168, 16070, 3540, 3262, 10661, 4061, 13173, 2875, 17014, 4349, 10818, 8428, 16764, 14232, 8930, 15734, 17680, 7069, 15684, 17050, 18987, 6914, 6863, 19263, 10595, 150, 10039, 2722, 18223, 16444, 6559, 7258, 2661, 7699, 17136, 12773, 4247, 5723, 15194, 1696, 1500, 2807, 9893, 11835, 13240, 18313, 17107, 10265, 10244, 5570, 2862, 14049, 1012, 12861, 723, 9583, 17461, 10056, 1264, 8297, 3716, 14666, 15259, 13531, 543, 13723, 16810, 6700, 3516, 13766, 7186, 10692, 6321, 15484, 14547, 8744, 3703, 10383, 16829, 6366, 6846, 3906, 2021, 18133, 857, 279, 12232, 10212, 10541, 12325, 13475, 1225, 937, 6966, 10881, 16936, 18502, 1440, 11914, 3326, 5633, 14913, 4623, 10743, 12361, 17335, 1072, 5043, 14810, 15077, 3255, 17215, 6553, 17852, 4801, 6962, 3060, 9430, 8799, 13824, 188, 15175, 15163, 4733, 5011, 3536, 17635, 6532, 14071, 6112, 17158, 6597, 11272, 105, 19219, 5013, 12483, 201, 6848, 17033, 6367, 7859, 14702, 18844, 7053, 18694, 15670, 636, 10129, 6378, 5369, 7273, 16247, 9142, 15345, 16817, 14854, 2600, 15783, 889, 11833, 6612, 2068, 2427, 7062, 7918, 16181, 5464, 8339, 8950, 8453, 16423, 6064, 2380, 4268, 13929, 12974, 19141, 1299, 2484, 3883, 3273, 8772, 13256, 11239, 5766, 18098, 12705, 11004, 2695, 10048, 10960, 2766, 15661, 13258, 8015, 6032, 16397, 7749, 19039, 7634, 15076, 4234, 15114, 8475, 8091, 19220, 18004, 9704, 13918, 15569, 16443, 10015, 9943, 7817, 9349, 2588, 8249, 398, 5316, 15538, 18372, 13559, 2937, 2803, 16248, 6155, 630, 9911, 13190, 19157, 15788, 13248, 13148, 1320, 12074, 8471, 8798, 3213, 12418, 814, 2402, 12718, 12397, 10564, 9875, 10128, 6947, 9491, 17707, 3266, 19196, 14309, 18523, 19043, 17975, 18063, 11618, 15016, 14434, 7680, 1739, 18029, 11694, 1745, 9271, 5189, 9561, 11283, 14978, 10753, 16017, 12914, 978, 2828, 17257, 13135, 5061, 121, 6602, 16015, 19271, 12159, 1244, 8260, 13195, 15873, 12815, 14291, 14515, 118, 4892, 14985, 9551, 12654, 4739, 927, 12176, 9523, 11726, 18187, 5880, 2569, 3386, 13942, 3390, 15774, 129, 65, 12922, 8422, 12692, 16213, 11515, 2111, 8347, 10758, 14064, 4401, 17782, 15621, 6709, 14716, 4091, 13964, 8424, 4218, 7249, 11311, 11171, 18564, 14755, 7114, 14009, 14815, 294, 495, 7684, 6833, 4046, 3505, 16995, 17858, 7761, 15803, 9840, 13958, 8226, 10369, 12497, 17142, 1748, 2854, 7159, 11539, 11055, 13337, 17173, 14214, 6803, 11144, 12649, 283, 15489, 13174, 7015, 610, 7030, 18206, 14077, 15468, 14962, 8046, 7809, 17387, 16034, 16678, 1173, 3502, 12942, 15655, 16859, 7099, 1673, 446, 1365, 5881, 3713, 11697, 1897, 16001, 1702, 14149, 11876, 9341, 4325, 6923, 2001, 138, 3276, 18716, 17604, 10501, 115, 12800, 6111, 11148, 4549, 16057, 4707, 6843, 16091, 4295, 7519, 13708, 12409, 11018, 5052, 13566, 14715, 12755, 793, 10837, 1888, 12375, 3935, 5763, 11791, 11258, 13264, 11469, 4683, 8905, 1853, 11600, 4421, 2798, 5074, 18141, 13807, 8595, 8126, 13837, 8060, 6956, 11767, 14560, 9389, 15261, 1232, 12560, 7262, 11504, 3546, 4627, 1177, 517, 4008, 9219, 17696, 4148, 14124, 13243, 11235, 7561, 8331, 16320, 3591, 11341, 4015, 12028, 14929, 18601, 3528, 14065, 1510, 19191, 13833, 17616, 10869, 17689, 831, 16725, 6319, 15465, 10467, 8162, 13563, 7728, 10778, 13545, 12290, 16480, 14401, 12838, 4212, 17529, 4832, 15111, 12690, 10373, 7596, 18614, 17477, 1043, 13100, 4774, 17479, 3774, 9302, 3901, 13071, 6412, 9516, 1261, 3054, 13522, 17602, 14343, 18500, 10957, 2791, 9624, 3634, 17904, 5709, 14670, 11058, 7087, 7435, 13848, 82, 5565, 2562, 14029, 3583, 1676, 12709, 18473, 3158, 12787, 8068, 8263, 16146, 3593, 1802, 1861, 3348, 4487, 17749, 6105, 10471, 17472, 10200, 1182, 14180, 1076, 10156, 4839, 9903, 4879, 9720, 2157, 15344, 16067, 3064, 17182, 5368, 4987, 18484, 18923, 11896, 1052, 15727, 15289, 5885, 1933, 5251, 17072, 6038, 6195, 13524, 6606, 18506, 17536, 6784, 3231, 14121, 8925, 10030, 803, 13764, 146, 19268, 14099, 4130, 16372, 1537, 12248, 13718, 17187, 11728, 1740, 19233, 5600, 4092, 4779, 6028, 3395, 16152, 19150, 2417, 11980, 11237, 8427, 18127, 3538, 9257, 607, 2078, 18457, 5802, 3435, 15019, 4256, 9221, 13465, 11742, 5788, 9528, 17493, 4607, 3131, 6616, 5356, 1550, 4617, 8827, 849, 2601, 4437, 17861, 10261, 15704, 3890, 8149, 12063, 3086, 15925, 12301, 6847, 5603, 7768, 3187, 13372, 9258, 6584, 7594, 2603, 1835, 17380, 17193, 15251, 15937, 18731, 4082, 14911, 16626, 8824, 16208, 10167, 17711, 9678, 15852, 13620, 16479, 14586, 2446, 4866, 1315, 7746, 10615, 7927, 2443, 7157, 13506, 18410, 10494]",6146,1500,3,False,1500
1288,general negate,general neg,25,True,True,False,"{21: 26, 33: 14, 2: 18, 29: 13, 25: 57, 43: 9, 57: 16, 49: 16, 61: 14, 67: 52, 65: 21, 50: 28, 15: 53, 6: 13, 46: 15, 27: 69, 7: 65, 48: 67, 19: 21, 31: 14, 63: 26, 22: 39, 9: 79, 26: 40, 47: 15, 53: 66, 11: 19, 51: 26, 54: 9, 13: 32, 17: 37, 52: 30, 39: 27, 38: 19, 1: 6, 59: 33, 56: 23, 32: 9, 8: 25, 4: 12, 20: 26, 24: 7, 18: 31, 42: 7, 28: 31, 45: 57, 0: 13, 66: 11, 62: 11, 35: 7, 64: 15, 37: 2, 40: 25, 3: 3, 14: 5, 12: 8, 16: 15, 55: 16, 30: 13, 58: 6, 36: 4, 60: 5, 5: 3, 41: 2, 44: 2, 34: 2}","[12686, 3384, 6034, 14374, 14516, 14680, 18580, 5912, 661, 4433, 14182, 14634, 14672, 13694, 17233, 12320, 12666, 7276, 14925, 15315, 1125, 14820, 3769, 14096, 12401, 14972, 14176, 4685, 4278, 5735, 7514, 16051, 15882, 4696, 17145, 19193, 12994, 9901, 13641, 15193, 6739, 9240, 1608, 14664, 18117, 5676, 15714, 5964, 5329, 16651, 15936, 14441, 15878, 18316, 14255, 18692, 5858, 4640, 10716, 13839, 16635, 2097, 11464, 12427, 2320, 14629, 7617, 16183, 16205, 2170, 4384, 6683, 5285, 18707, 6780, 4231, 2404, 4895, 18091, 2944, 13054, 3904, 3491, 9455, 15985, 10432, 8657, 15304, 9114, 5838, 5197, 17244, 6207, 3970, 17246, 3950, 6168, 8697, 6800, 9942, 11118, 8582, 6355, 15275, 4581, 12724, 11921, 1833, 523, 7619, 15729, 176, 8576, 3101, 1573, 1283, 11796, 11277, 2547, 1738, 6806, 15187, 7129, 5179, 5854, 16373, 9231, 6270, 777, 2062, 13249, 4144, 6325, 3924, 5350, 14414, 3142, 2249, 6444, 13582, 2833, 18030, 6483, 18404, 15057, 7482, 15001, 15872, 14584, 10835, 954, 7257, 1381, 17819, 17518, 6497, 14430, 4901, 16466, 10805, 132, 7506, 755, 14427, 12119, 16613, 19042, 14994, 11257, 8042, 2144, 5966, 1580, 8010, 2550, 10684, 14088, 5037, 8764, 17076, 14185, 15984, 5299, 16601, 19182, 13197, 14561, 12605, 17010, 2703, 6715, 11207, 10188, 212, 2293, 17676, 1720, 5934, 112, 8568, 15870, 3226, 4524, 4431, 5141, 5383, 7609, 12807, 19001, 14368, 6704, 14903, 4172, 117, 18698, 1699, 16558, 7518, 10618, 2110, 10308, 7828, 6623, 17644, 4449, 951, 13858, 15106, 8402, 916, 4771, 8608, 6448, 6656, 13547, 2814, 8336, 8093, 6398, 637, 9909, 10621, 786, 14146, 17292, 9457, 3, 2884, 14785, 10504, 16361, 8181, 17690, 654, 11067, 18741, 386, 18208, 10130, 8079, 7082, 14740, 8076, 18619, 14428, 10992, 12679, 9431, 18328, 13606, 7641, 13542, 1002, 11975, 15646, 19078, 1352, 8683, 16053, 11763, 14823, 7059, 4995, 3754, 6213, 10090, 19084, 1973, 8131, 5353, 836, 13960, 3217, 4885, 9645, 16941, 14750, 13171, 9132, 1355, 4440, 15747, 8233, 6008, 12781, 16749, 13905, 18198, 5033, 2910, 16502, 1233, 965, 16926, 3944, 13518, 18213, 12739, 9972, 14609, 5764, 6128, 9532, 12680, 3672, 5458, 6822, 11547, 3163, 8040, 14081, 8369, 18182, 17541, 11552, 12451, 15074, 1783, 17730, 1690, 16992, 2490, 2459, 18065, 320, 18311, 45, 9495, 4572, 544, 12731, 16811, 15096, 14957, 4594, 16607, 2449, 7791, 13659, 8892, 1713, 17336, 6598, 13832, 10495, 18937, 3067, 3473, 12715, 13492, 14787, 16503, 17899, 16638, 2408, 7141, 10590, 2917, 14650, 12571, 4321, 2855, 1829, 3736, 3381, 11069, 16093, 15201, 14311, 9836, 18289, 16899, 897, 13981, 12223, 8884, 15721, 7778, 13648, 5737, 6550, 19249, 2715, 447, 12941, 8915, 18963, 16291, 760, 5869, 3635, 3439, 6740, 5003, 3174, 2945, 16056, 4860, 11216, 7363, 1147, 12124, 9764, 11245, 4361, 7784, 16285, 17057, 11203, 5114, 17655, 12056, 17890, 7741, 15799, 10258, 16088, 19222, 15303, 1433, 5991, 322, 2322, 3156, 9940, 7814, 17068, 16968, 10018, 1991, 11946, 8705, 10371, 4619, 11074, 2034, 15550, 11743, 18666, 13494, 14175, 13948, 15123, 11154, 10397, 1701, 4770, 839, 12085, 16500, 16241, 1535, 18782, 2221, 539, 18405, 4245, 103, 1571, 16945, 12196, 9441, 1732, 1367, 3596, 4794, 7230, 5245, 17483, 2955, 2003, 11509, 4044, 12934, 3456, 16693, 593, 4582, 14076, 10972, 1965, 7227, 14324, 8658, 3772, 8355, 11889, 1908, 2684, 10026, 1666, 16507, 5589, 9295, 8389, 2099, 18653, 13808, 19147, 6675, 10970, 2788, 19028, 16983, 16166, 9845, 8160, 11381, 10088, 10333, 11716, 14695, 12697, 4365, 3747, 17296, 11904, 74, 7047, 10639, 13094, 940, 10478, 2032, 6642, 14896, 10840, 5430, 5556, 12597, 2183, 18403, 4252, 14613, 18283, 8790, 12140, 13540, 13353, 14114, 13297, 4056, 14038, 11299, 13770, 11433, 14285, 1526, 1955, 15711, 255, 12481, 612, 1635, 4886, 357, 11434, 9524, 13106, 2607, 5391, 9406, 2331, 624, 2749, 17849, 9829, 11436, 18426, 9481, 18550, 15647, 532, 11720, 11824, 15610, 15741, 7902, 13558, 17967, 14539, 17889, 4631, 1238, 16921, 7787, 15293, 3108, 8215, 2851, 4514, 12938, 16730, 17178, 4890, 17960, 4725, 7917, 3191, 8231, 16341, 8195, 10913, 2173, 5557, 2637, 16896, 5806, 1815, 1451, 8864, 2290, 12108, 5328, 6203, 2431, 7508, 17898, 17188, 6897, 1199, 15526, 18437, 6631, 8644, 16917, 14964, 14233, 2454, 584, 4830, 7199, 4180, 14889, 5761, 13756, 6917, 7756, 18880, 15095, 1816, 14070, 16252, 7429, 16589, 1631, 15968, 15221, 12478, 18594, 1477, 5637, 12058, 1205, 13397, 9107, 18654, 1968, 3759, 13147, 14144, 14973, 12452, 18020, 13592, 17920, 13687, 11335, 7207, 418, 7834, 778, 12982, 10688, 9031, 509, 9601, 9780, 17040, 12023, 3916, 91, 6536, 18535, 7547, 15240, 707, 14533, 15064, 17012, 16805, 8637, 5969, 16221, 1940, 13307, 4717, 12615, 18220, 11028, 12170, 1743, 2376, 12415, 14220, 18827, 1294, 18543, 6977, 15309, 11778, 11842, 17103, 3857, 4637, 12162, 19169, 17166, 18237, 17818, 9507, 19022, 5790, 19112, 15611, 1118, 15184, 18703, 1817, 15530, 16579, 8437, 11839, 11378, 3537, 9205, 9217, 16272, 18759, 16828, 12002, 8348, 1723, 3481, 14115, 379, 8544, 264, 6015, 7672, 2253, 7364, 3706, 13796, 17139, 16125, 12059, 9623, 7185, 2418, 18230, 3087, 281, 4379, 1796, 8459, 4400, 17824, 2736, 16446, 13525, 15341, 3275, 7872, 1662, 7557, 4319, 15442, 7181, 10456, 4963, 17048, 16943, 12784, 3441, 5240, 9975, 13216, 17702, 11594, 13554, 6165, 19168, 16070, 3540, 3262, 10661, 4061, 13173, 2875, 17014, 4349, 10818, 8428, 16764, 14232, 8930, 15734, 17680, 7069, 15684, 17050, 18987, 6914, 6863, 19263, 10595, 150, 10039, 2722, 18223, 16444, 6559, 7258, 2661, 7699, 17136, 12773, 4247, 5723, 15194, 1696, 1500, 2807, 9893, 11835, 13240, 18313, 17107, 10265, 10244, 5570, 2862, 14049, 1012, 12861, 723, 9583, 17461, 10056, 1264, 8297, 3716, 14666, 15259, 13531, 543, 13723, 16810, 6700, 3516, 13766, 7186, 10692, 6321, 15484, 14547, 8744, 3703, 10383, 16829, 6366, 6846, 3906, 2021, 18133, 857, 279, 12232, 10212, 10541, 12325, 13475, 1225, 937, 6966, 10881, 16936, 18502, 1440, 11914, 3326, 5633, 14913, 4623, 10743, 12361, 17335, 1072, 5043, 14810, 15077, 3255, 17215, 6553, 17852, 4801, 6962, 3060, 9430, 8799, 13824, 188, 15175, 15163, 4733, 5011, 3536, 17635, 6532, 14071, 6112, 17158, 6597, 11272, 105, 19219, 5013, 12483, 201, 6848, 17033, 6367, 7859, 14702, 18844, 7053, 18694, 15670, 636, 10129, 6378, 5369, 7273, 16247, 9142, 15345, 16817, 14854, 2600, 15783, 889, 11833, 6612, 2068, 2427, 7062, 7918, 16181, 5464, 8339, 8950, 8453, 16423, 6064, 2380, 4268, 13929, 12974, 19141, 1299, 2484, 3883, 3273, 8772, 13256, 11239, 5766, 18098, 12705, 11004, 2695, 10048, 10960, 2766, 15661, 13258, 8015, 6032, 16397, 7749, 19039, 7634, 15076, 4234, 15114, 8475, 8091, 19220, 18004, 9704, 13918, 15569, 16443, 10015, 9943, 7817, 9349, 2588, 8249, 398, 5316, 15538, 18372, 13559, 2937, 2803, 16248, 6155, 630, 9911, 13190, 19157, 15788, 13248, 13148, 1320, 12074, 8471, 8798, 3213, 12418, 814, 2402, 12718, 12397, 10564, 9875, 10128, 6947, 9491, 17707, 3266, 19196, 14309, 18523, 19043, 17975, 18063, 11618, 15016, 14434, 7680, 1739, 18029, 11694, 1745, 9271, 5189, 9561, 11283, 14978, 10753, 16017, 12914, 978, 2828, 17257, 13135, 5061, 121, 6602, 16015, 19271, 12159, 1244, 8260, 13195, 15873, 12815, 14291, 14515, 118, 4892, 14985, 9551, 12654, 4739, 927, 12176, 9523, 11726, 18187, 5880, 2569, 3386, 13942, 3390, 15774, 129, 65, 12922, 8422, 12692, 16213, 11515, 2111, 8347, 10758, 14064, 4401, 17782, 15621, 6709, 14716, 4091, 13964, 8424, 4218, 7249, 11311, 11171, 18564, 14755, 7114, 14009, 14815, 294, 495, 7684, 6833, 4046, 3505, 16995, 17858, 7761, 15803, 9840, 13958, 8226, 10369, 12497, 17142, 1748, 2854, 7159, 11539, 11055, 13337, 17173, 14214, 6803, 11144, 12649, 283, 15489, 13174, 7015, 610, 7030, 18206, 14077, 15468, 14962, 8046, 7809, 17387, 16034, 16678, 1173, 3502, 12942, 15655, 16859, 7099, 1673, 446, 1365, 5881, 3713, 11697, 1897, 16001, 1702, 14149, 11876, 9341, 4325, 6923, 2001, 138, 3276, 18716, 17604, 10501, 115, 12800, 6111, 11148, 4549, 16057, 4707, 6843, 16091, 4295, 7519, 13708, 12409, 11018, 5052, 13566, 14715, 12755, 793, 10837, 1888, 12375, 3935, 5763, 11791, 11258, 13264, 11469, 4683, 8905, 1853, 11600, 4421, 2798, 5074, 18141, 13807, 8595, 8126, 13837, 8060, 6956, 11767, 14560, 9389, 15261, 1232, 12560, 7262, 11504, 3546, 4627, 1177, 517, 4008, 9219, 17696, 4148, 14124, 13243, 11235, 7561, 8331, 16320, 3591, 11341, 4015, 12028, 14929, 18601, 3528, 14065, 1510, 19191, 13833, 17616, 10869, 17689, 831, 16725, 6319, 15465, 10467, 8162, 13563, 7728, 10778, 13545, 12290, 16480, 14401, 12838, 4212, 17529, 4832, 15111, 12690, 10373, 7596, 18614, 17477, 1043, 13100, 4774, 17479, 3774, 9302, 3901, 13071, 6412, 9516, 1261, 3054, 13522, 17602, 14343, 18500, 10957, 2791, 9624, 3634, 17904, 5709, 14670, 11058, 7087, 7435, 13848, 82, 5565, 2562, 14029, 3583, 1676, 12709, 18473, 3158, 12787, 8068, 8263, 16146, 3593, 1802, 1861, 3348, 4487, 17749, 6105, 10471, 17472, 10200, 1182, 14180, 1076, 10156, 4839, 9903, 4879, 9720, 2157, 15344, 16067, 3064, 17182, 5368, 4987, 18484, 18923, 11896, 1052, 15727, 15289, 5885, 1933, 5251, 17072, 6038, 6195, 13524, 6606, 18506, 17536, 6784, 3231, 14121, 8925, 10030, 803, 13764, 146, 19268, 14099, 4130, 16372, 1537, 12248, 13718, 17187, 11728, 1740, 19233, 5600, 4092, 4779, 6028, 3395, 16152, 19150, 2417, 11980, 11237, 8427, 18127, 3538, 9257, 607, 2078, 18457, 5802, 3435, 15019, 4256, 9221, 13465, 11742, 5788, 9528, 17493, 4607, 3131, 6616, 5356, 1550, 4617, 8827, 849, 2601, 4437, 17861, 10261, 15704, 3890, 8149, 12063, 3086, 15925, 12301, 6847, 5603, 7768, 3187, 13372, 9258, 6584, 7594, 2603, 1835, 17380, 17193, 15251, 15937, 18731, 4082, 14911, 16626, 8824, 16208, 10167, 17711, 9678, 15852, 13620, 16479, 14586, 2446, 4866, 1315, 7746, 10615, 7927, 2443, 7157, 13506, 18410, 10494]",1288,1500,3,False,1500
5724,qa factoid,qa fact,53,True,True,False,"{21: 26, 33: 14, 2: 18, 29: 13, 25: 57, 43: 9, 57: 16, 49: 16, 61: 14, 67: 52, 65: 21, 50: 28, 15: 53, 6: 13, 46: 15, 27: 69, 7: 65, 48: 67, 19: 21, 31: 14, 63: 26, 22: 39, 9: 79, 26: 40, 47: 15, 53: 66, 11: 19, 51: 26, 54: 9, 13: 32, 17: 37, 52: 30, 39: 27, 38: 19, 1: 6, 59: 33, 56: 23, 32: 9, 8: 25, 4: 12, 20: 26, 24: 7, 18: 31, 42: 7, 28: 31, 45: 57, 0: 13, 66: 11, 62: 11, 35: 7, 64: 15, 37: 2, 40: 25, 3: 3, 14: 5, 12: 8, 16: 15, 55: 16, 30: 13, 58: 6, 36: 4, 60: 5, 5: 3, 41: 2, 44: 2, 34: 2}","[12686, 3384, 6034, 14374, 14516, 14680, 18580, 5912, 661, 4433, 14182, 14634, 14672, 13694, 17233, 12320, 12666, 7276, 14925, 15315, 1125, 14820, 3769, 14096, 12401, 14972, 14176, 4685, 4278, 5735, 7514, 16051, 15882, 4696, 17145, 19193, 12994, 9901, 13641, 15193, 6739, 9240, 1608, 14664, 18117, 5676, 15714, 5964, 5329, 16651, 15936, 14441, 15878, 18316, 14255, 18692, 5858, 4640, 10716, 13839, 16635, 2097, 11464, 12427, 2320, 14629, 7617, 16183, 16205, 2170, 4384, 6683, 5285, 18707, 6780, 4231, 2404, 4895, 18091, 2944, 13054, 3904, 3491, 9455, 15985, 10432, 8657, 15304, 9114, 5838, 5197, 17244, 6207, 3970, 17246, 3950, 6168, 8697, 6800, 9942, 11118, 8582, 6355, 15275, 4581, 12724, 11921, 1833, 523, 7619, 15729, 176, 8576, 3101, 1573, 1283, 11796, 11277, 2547, 1738, 6806, 15187, 7129, 5179, 5854, 16373, 9231, 6270, 777, 2062, 13249, 4144, 6325, 3924, 5350, 14414, 3142, 2249, 6444, 13582, 2833, 18030, 6483, 18404, 15057, 7482, 15001, 15872, 14584, 10835, 954, 7257, 1381, 17819, 17518, 6497, 14430, 4901, 16466, 10805, 132, 7506, 755, 14427, 12119, 16613, 19042, 14994, 11257, 8042, 2144, 5966, 1580, 8010, 2550, 10684, 14088, 5037, 8764, 17076, 14185, 15984, 5299, 16601, 19182, 13197, 14561, 12605, 17010, 2703, 6715, 11207, 10188, 212, 2293, 17676, 1720, 5934, 112, 8568, 15870, 3226, 4524, 4431, 5141, 5383, 7609, 12807, 19001, 14368, 6704, 14903, 4172, 117, 18698, 1699, 16558, 7518, 10618, 2110, 10308, 7828, 6623, 17644, 4449, 951, 13858, 15106, 8402, 916, 4771, 8608, 6448, 6656, 13547, 2814, 8336, 8093, 6398, 637, 9909, 10621, 786, 14146, 17292, 9457, 3, 2884, 14785, 10504, 16361, 8181, 17690, 654, 11067, 18741, 386, 18208, 10130, 8079, 7082, 14740, 8076, 18619, 14428, 10992, 12679, 9431, 18328, 13606, 7641, 13542, 1002, 11975, 15646, 19078, 1352, 8683, 16053, 11763, 14823, 7059, 4995, 3754, 6213, 10090, 19084, 1973, 8131, 5353, 836, 13960, 3217, 4885, 9645, 16941, 14750, 13171, 9132, 1355, 4440, 15747, 8233, 6008, 12781, 16749, 13905, 18198, 5033, 2910, 16502, 1233, 965, 16926, 3944, 13518, 18213, 12739, 9972, 14609, 5764, 6128, 9532, 12680, 3672, 5458, 6822, 11547, 3163, 8040, 14081, 8369, 18182, 17541, 11552, 12451, 15074, 1783, 17730, 1690, 16992, 2490, 2459, 18065, 320, 18311, 45, 9495, 4572, 544, 12731, 16811, 15096, 14957, 4594, 16607, 2449, 7791, 13659, 8892, 1713, 17336, 6598, 13832, 10495, 18937, 3067, 3473, 12715, 13492, 14787, 16503, 17899, 16638, 2408, 7141, 10590, 2917, 14650, 12571, 4321, 2855, 1829, 3736, 3381, 11069, 16093, 15201, 14311, 9836, 18289, 16899, 897, 13981, 12223, 8884, 15721, 7778, 13648, 5737, 6550, 19249, 2715, 447, 12941, 8915, 18963, 16291, 760, 5869, 3635, 3439, 6740, 5003, 3174, 2945, 16056, 4860, 11216, 7363, 1147, 12124, 9764, 11245, 4361, 7784, 16285, 17057, 11203, 5114, 17655, 12056, 17890, 7741, 15799, 10258, 16088, 19222, 15303, 1433, 5991, 322, 2322, 3156, 9940, 7814, 17068, 16968, 10018, 1991, 11946, 8705, 10371, 4619, 11074, 2034, 15550, 11743, 18666, 13494, 14175, 13948, 15123, 11154, 10397, 1701, 4770, 839, 12085, 16500, 16241, 1535, 18782, 2221, 539, 18405, 4245, 103, 1571, 16945, 12196, 9441, 1732, 1367, 3596, 4794, 7230, 5245, 17483, 2955, 2003, 11509, 4044, 12934, 3456, 16693, 593, 4582, 14076, 10972, 1965, 7227, 14324, 8658, 3772, 8355, 11889, 1908, 2684, 10026, 1666, 16507, 5589, 9295, 8389, 2099, 18653, 13808, 19147, 6675, 10970, 2788, 19028, 16983, 16166, 9845, 8160, 11381, 10088, 10333, 11716, 14695, 12697, 4365, 3747, 17296, 11904, 74, 7047, 10639, 13094, 940, 10478, 2032, 6642, 14896, 10840, 5430, 5556, 12597, 2183, 18403, 4252, 14613, 18283, 8790, 12140, 13540, 13353, 14114, 13297, 4056, 14038, 11299, 13770, 11433, 14285, 1526, 1955, 15711, 255, 12481, 612, 1635, 4886, 357, 11434, 9524, 13106, 2607, 5391, 9406, 2331, 624, 2749, 17849, 9829, 11436, 18426, 9481, 18550, 15647, 532, 11720, 11824, 15610, 15741, 7902, 13558, 17967, 14539, 17889, 4631, 1238, 16921, 7787, 15293, 3108, 8215, 2851, 4514, 12938, 16730, 17178, 4890, 17960, 4725, 7917, 3191, 8231, 16341, 8195, 10913, 2173, 5557, 2637, 16896, 5806, 1815, 1451, 8864, 2290, 12108, 5328, 6203, 2431, 7508, 17898, 17188, 6897, 1199, 15526, 18437, 6631, 8644, 16917, 14964, 14233, 2454, 584, 4830, 7199, 4180, 14889, 5761, 13756, 6917, 7756, 18880, 15095, 1816, 14070, 16252, 7429, 16589, 1631, 15968, 15221, 12478, 18594, 1477, 5637, 12058, 1205, 13397, 9107, 18654, 1968, 3759, 13147, 14144, 14973, 12452, 18020, 13592, 17920, 13687, 11335, 7207, 418, 7834, 778, 12982, 10688, 9031, 509, 9601, 9780, 17040, 12023, 3916, 91, 6536, 18535, 7547, 15240, 707, 14533, 15064, 17012, 16805, 8637, 5969, 16221, 1940, 13307, 4717, 12615, 18220, 11028, 12170, 1743, 2376, 12415, 14220, 18827, 1294, 18543, 6977, 15309, 11778, 11842, 17103, 3857, 4637, 12162, 19169, 17166, 18237, 17818, 9507, 19022, 5790, 19112, 15611, 1118, 15184, 18703, 1817, 15530, 16579, 8437, 11839, 11378, 3537, 9205, 9217, 16272, 18759, 16828, 12002, 8348, 1723, 3481, 14115, 379, 8544, 264, 6015, 7672, 2253, 7364, 3706, 13796, 17139, 16125, 12059, 9623, 7185, 2418, 18230, 3087, 281, 4379, 1796, 8459, 4400, 17824, 2736, 16446, 13525, 15341, 3275, 7872, 1662, 7557, 4319, 15442, 7181, 10456, 4963, 17048, 16943, 12784, 3441, 5240, 9975, 13216, 17702, 11594, 13554, 6165, 19168, 16070, 3540, 3262, 10661, 4061, 13173, 2875, 17014, 4349, 10818, 8428, 16764, 14232, 8930, 15734, 17680, 7069, 15684, 17050, 18987, 6914, 6863, 19263, 10595, 150, 10039, 2722, 18223, 16444, 6559, 7258, 2661, 7699, 17136, 12773, 4247, 5723, 15194, 1696, 1500, 2807, 9893, 11835, 13240, 18313, 17107, 10265, 10244, 5570, 2862, 14049, 1012, 12861, 723, 9583, 17461, 10056, 1264, 8297, 3716, 14666, 15259, 13531, 543, 13723, 16810, 6700, 3516, 13766, 7186, 10692, 6321, 15484, 14547, 8744, 3703, 10383, 16829, 6366, 6846, 3906, 2021, 18133, 857, 279, 12232, 10212, 10541, 12325, 13475, 1225, 937, 6966, 10881, 16936, 18502, 1440, 11914, 3326, 5633, 14913, 4623, 10743, 12361, 17335, 1072, 5043, 14810, 15077, 3255, 17215, 6553, 17852, 4801, 6962, 3060, 9430, 8799, 13824, 188, 15175, 15163, 4733, 5011, 3536, 17635, 6532, 14071, 6112, 17158, 6597, 11272, 105, 19219, 5013, 12483, 201, 6848, 17033, 6367, 7859, 14702, 18844, 7053, 18694, 15670, 636, 10129, 6378, 5369, 7273, 16247, 9142, 15345, 16817, 14854, 2600, 15783, 889, 11833, 6612, 2068, 2427, 7062, 7918, 16181, 5464, 8339, 8950, 8453, 16423, 6064, 2380, 4268, 13929, 12974, 19141, 1299, 2484, 3883, 3273, 8772, 13256, 11239, 5766, 18098, 12705, 11004, 2695, 10048, 10960, 2766, 15661, 13258, 8015, 6032, 16397, 7749, 19039, 7634, 15076, 4234, 15114, 8475, 8091, 19220, 18004, 9704, 13918, 15569, 16443, 10015, 9943, 7817, 9349, 2588, 8249, 398, 5316, 15538, 18372, 13559, 2937, 2803, 16248, 6155, 630, 9911, 13190, 19157, 15788, 13248, 13148, 1320, 12074, 8471, 8798, 3213, 12418, 814, 2402, 12718, 12397, 10564, 9875, 10128, 6947, 9491, 17707, 3266, 19196, 14309, 18523, 19043, 17975, 18063, 11618, 15016, 14434, 7680, 1739, 18029, 11694, 1745, 9271, 5189, 9561, 11283, 14978, 10753, 16017, 12914, 978, 2828, 17257, 13135, 5061, 121, 6602, 16015, 19271, 12159, 1244, 8260, 13195, 15873, 12815, 14291, 14515, 118, 4892, 14985, 9551, 12654, 4739, 927, 12176, 9523, 11726, 18187, 5880, 2569, 3386, 13942, 3390, 15774, 129, 65, 12922, 8422, 12692, 16213, 11515, 2111, 8347, 10758, 14064, 4401, 17782, 15621, 6709, 14716, 4091, 13964, 8424, 4218, 7249, 11311, 11171, 18564, 14755, 7114, 14009, 14815, 294, 495, 7684, 6833, 4046, 3505, 16995, 17858, 7761, 15803, 9840, 13958, 8226, 10369, 12497, 17142, 1748, 2854, 7159, 11539, 11055, 13337, 17173, 14214, 6803, 11144, 12649, 283, 15489, 13174, 7015, 610, 7030, 18206, 14077, 15468, 14962, 8046, 7809, 17387, 16034, 16678, 1173, 3502, 12942, 15655, 16859, 7099, 1673, 446, 1365, 5881, 3713, 11697, 1897, 16001, 1702, 14149, 11876, 9341, 4325, 6923, 2001, 138, 3276, 18716, 17604, 10501, 115, 12800, 6111, 11148, 4549, 16057, 4707, 6843, 16091, 4295, 7519, 13708, 12409, 11018, 5052, 13566, 14715, 12755, 793, 10837, 1888, 12375, 3935, 5763, 11791, 11258, 13264, 11469, 4683, 8905, 1853, 11600, 4421, 2798, 5074, 18141, 13807, 8595, 8126, 13837, 8060, 6956, 11767, 14560, 9389, 15261, 1232, 12560, 7262, 11504, 3546, 4627, 1177, 517, 4008, 9219, 17696, 4148, 14124, 13243, 11235, 7561, 8331, 16320, 3591, 11341, 4015, 12028, 14929, 18601, 3528, 14065, 1510, 19191, 13833, 17616, 10869, 17689, 831, 16725, 6319, 15465, 10467, 8162, 13563, 7728, 10778, 13545, 12290, 16480, 14401, 12838, 4212, 17529, 4832, 15111, 12690, 10373, 7596, 18614, 17477, 1043, 13100, 4774, 17479, 3774, 9302, 3901, 13071, 6412, 9516, 1261, 3054, 13522, 17602, 14343, 18500, 10957, 2791, 9624, 3634, 17904, 5709, 14670, 11058, 7087, 7435, 13848, 82, 5565, 2562, 14029, 3583, 1676, 12709, 18473, 3158, 12787, 8068, 8263, 16146, 3593, 1802, 1861, 3348, 4487, 17749, 6105, 10471, 17472, 10200, 1182, 14180, 1076, 10156, 4839, 9903, 4879, 9720, 2157, 15344, 16067, 3064, 17182, 5368, 4987, 18484, 18923, 11896, 1052, 15727, 15289, 5885, 1933, 5251, 17072, 6038, 6195, 13524, 6606, 18506, 17536, 6784, 3231, 14121, 8925, 10030, 803, 13764, 146, 19268, 14099, 4130, 16372, 1537, 12248, 13718, 17187, 11728, 1740, 19233, 5600, 4092, 4779, 6028, 3395, 16152, 19150, 2417, 11980, 11237, 8427, 18127, 3538, 9257, 607, 2078, 18457, 5802, 3435, 15019, 4256, 9221, 13465, 11742, 5788, 9528, 17493, 4607, 3131, 6616, 5356, 1550, 4617, 8827, 849, 2601, 4437, 17861, 10261, 15704, 3890, 8149, 12063, 3086, 15925, 12301, 6847, 5603, 7768, 3187, 13372, 9258, 6584, 7594, 2603, 1835, 17380, 17193, 15251, 15937, 18731, 4082, 14911, 16626, 8824, 16208, 10167, 17711, 9678, 15852, 13620, 16479, 14586, 2446, 4866, 1315, 7746, 10615, 7927, 2443, 7157, 13506, 18410, 10494]",5724,1500,3,False,1500
2881,takeaway order,takeaway order,61,True,True,True,"{21: 26, 33: 14, 2: 18, 29: 13, 25: 57, 43: 9, 57: 16, 49: 16, 61: 14, 67: 52, 65: 21, 50: 28, 15: 53, 6: 13, 46: 15, 27: 69, 7: 65, 48: 67, 19: 21, 31: 14, 63: 26, 22: 39, 9: 79, 26: 40, 47: 15, 53: 66, 11: 19, 51: 26, 54: 9, 13: 32, 17: 37, 52: 30, 39: 27, 38: 19, 1: 6, 59: 33, 56: 23, 32: 9, 8: 25, 4: 12, 20: 26, 24: 7, 18: 31, 42: 7, 28: 31, 45: 57, 0: 13, 66: 11, 62: 11, 35: 7, 64: 15, 37: 2, 40: 25, 3: 3, 14: 5, 12: 8, 16: 15, 55: 16, 30: 13, 58: 6, 36: 4, 60: 5, 5: 3, 41: 2, 44: 2, 34: 2}","[12686, 3384, 6034, 14374, 14516, 14680, 18580, 5912, 661, 4433, 14182, 14634, 14672, 13694, 17233, 12320, 12666, 7276, 14925, 15315, 1125, 14820, 3769, 14096, 12401, 14972, 14176, 4685, 4278, 5735, 7514, 16051, 15882, 4696, 17145, 19193, 12994, 9901, 13641, 15193, 6739, 9240, 1608, 14664, 18117, 5676, 15714, 5964, 5329, 16651, 15936, 14441, 15878, 18316, 14255, 18692, 5858, 4640, 10716, 13839, 16635, 2097, 11464, 12427, 2320, 14629, 7617, 16183, 16205, 2170, 4384, 6683, 5285, 18707, 6780, 4231, 2404, 4895, 18091, 2944, 13054, 3904, 3491, 9455, 15985, 10432, 8657, 15304, 9114, 5838, 5197, 17244, 6207, 3970, 17246, 3950, 6168, 8697, 6800, 9942, 11118, 8582, 6355, 15275, 4581, 12724, 11921, 1833, 523, 7619, 15729, 176, 8576, 3101, 1573, 1283, 11796, 11277, 2547, 1738, 6806, 15187, 7129, 5179, 5854, 16373, 9231, 6270, 777, 2062, 13249, 4144, 6325, 3924, 5350, 14414, 3142, 2249, 6444, 13582, 2833, 18030, 6483, 18404, 15057, 7482, 15001, 15872, 14584, 10835, 954, 7257, 1381, 17819, 17518, 6497, 14430, 4901, 16466, 10805, 132, 7506, 755, 14427, 12119, 16613, 19042, 14994, 11257, 8042, 2144, 5966, 1580, 8010, 2550, 10684, 14088, 5037, 8764, 17076, 14185, 15984, 5299, 16601, 19182, 13197, 14561, 12605, 17010, 2703, 6715, 11207, 10188, 212, 2293, 17676, 1720, 5934, 112, 8568, 15870, 3226, 4524, 4431, 5141, 5383, 7609, 12807, 19001, 14368, 6704, 14903, 4172, 117, 18698, 1699, 16558, 7518, 10618, 2110, 10308, 7828, 6623, 17644, 4449, 951, 13858, 15106, 8402, 916, 4771, 8608, 6448, 6656, 13547, 2814, 8336, 8093, 6398, 637, 9909, 10621, 786, 14146, 17292, 9457, 3, 2884, 14785, 10504, 16361, 8181, 17690, 654, 11067, 18741, 386, 18208, 10130, 8079, 7082, 14740, 8076, 18619, 14428, 10992, 12679, 9431, 18328, 13606, 7641, 13542, 1002, 11975, 15646, 19078, 1352, 8683, 16053, 11763, 14823, 7059, 4995, 3754, 6213, 10090, 19084, 1973, 8131, 5353, 836, 13960, 3217, 4885, 9645, 16941, 14750, 13171, 9132, 1355, 4440, 15747, 8233, 6008, 12781, 16749, 13905, 18198, 5033, 2910, 16502, 1233, 965, 16926, 3944, 13518, 18213, 12739, 9972, 14609, 5764, 6128, 9532, 12680, 3672, 5458, 6822, 11547, 3163, 8040, 14081, 8369, 18182, 17541, 11552, 12451, 15074, 1783, 17730, 1690, 16992, 2490, 2459, 18065, 320, 18311, 45, 9495, 4572, 544, 12731, 16811, 15096, 14957, 4594, 16607, 2449, 7791, 13659, 8892, 1713, 17336, 6598, 13832, 10495, 18937, 3067, 3473, 12715, 13492, 14787, 16503, 17899, 16638, 2408, 7141, 10590, 2917, 14650, 12571, 4321, 2855, 1829, 3736, 3381, 11069, 16093, 15201, 14311, 9836, 18289, 16899, 897, 13981, 12223, 8884, 15721, 7778, 13648, 5737, 6550, 19249, 2715, 447, 12941, 8915, 18963, 16291, 760, 5869, 3635, 3439, 6740, 5003, 3174, 2945, 16056, 4860, 11216, 7363, 1147, 12124, 9764, 11245, 4361, 7784, 16285, 17057, 11203, 5114, 17655, 12056, 17890, 7741, 15799, 10258, 16088, 19222, 15303, 1433, 5991, 322, 2322, 3156, 9940, 7814, 17068, 16968, 10018, 1991, 11946, 8705, 10371, 4619, 11074, 2034, 15550, 11743, 18666, 13494, 14175, 13948, 15123, 11154, 10397, 1701, 4770, 839, 12085, 16500, 16241, 1535, 18782, 2221, 539, 18405, 4245, 103, 1571, 16945, 12196, 9441, 1732, 1367, 3596, 4794, 7230, 5245, 17483, 2955, 2003, 11509, 4044, 12934, 3456, 16693, 593, 4582, 14076, 10972, 1965, 7227, 14324, 8658, 3772, 8355, 11889, 1908, 2684, 10026, 1666, 16507, 5589, 9295, 8389, 2099, 18653, 13808, 19147, 6675, 10970, 2788, 19028, 16983, 16166, 9845, 8160, 11381, 10088, 10333, 11716, 14695, 12697, 4365, 3747, 17296, 11904, 74, 7047, 10639, 13094, 940, 10478, 2032, 6642, 14896, 10840, 5430, 5556, 12597, 2183, 18403, 4252, 14613, 18283, 8790, 12140, 13540, 13353, 14114, 13297, 4056, 14038, 11299, 13770, 11433, 14285, 1526, 1955, 15711, 255, 12481, 612, 1635, 4886, 357, 11434, 9524, 13106, 2607, 5391, 9406, 2331, 624, 2749, 17849, 9829, 11436, 18426, 9481, 18550, 15647, 532, 11720, 11824, 15610, 15741, 7902, 13558, 17967, 14539, 17889, 4631, 1238, 16921, 7787, 15293, 3108, 8215, 2851, 4514, 12938, 16730, 17178, 4890, 17960, 4725, 7917, 3191, 8231, 16341, 8195, 10913, 2173, 5557, 2637, 16896, 5806, 1815, 1451, 8864, 2290, 12108, 5328, 6203, 2431, 7508, 17898, 17188, 6897, 1199, 15526, 18437, 6631, 8644, 16917, 14964, 14233, 2454, 584, 4830, 7199, 4180, 14889, 5761, 13756, 6917, 7756, 18880, 15095, 1816, 14070, 16252, 7429, 16589, 1631, 15968, 15221, 12478, 18594, 1477, 5637, 12058, 1205, 13397, 9107, 18654, 1968, 3759, 13147, 14144, 14973, 12452, 18020, 13592, 17920, 13687, 11335, 7207, 418, 7834, 778, 12982, 10688, 9031, 509, 9601, 9780, 17040, 12023, 3916, 91, 6536, 18535, 7547, 15240, 707, 14533, 15064, 17012, 16805, 8637, 5969, 16221, 1940, 13307, 4717, 12615, 18220, 11028, 12170, 1743, 2376, 12415, 14220, 18827, 1294, 18543, 6977, 15309, 11778, 11842, 17103, 3857, 4637, 12162, 19169, 17166, 18237, 17818, 9507, 19022, 5790, 19112, 15611, 1118, 15184, 18703, 1817, 15530, 16579, 8437, 11839, 11378, 3537, 9205, 9217, 16272, 18759, 16828, 12002, 8348, 1723, 3481, 14115, 379, 8544, 264, 6015, 7672, 2253, 7364, 3706, 13796, 17139, 16125, 12059, 9623, 7185, 2418, 18230, 3087, 281, 4379, 1796, 8459, 4400, 17824, 2736, 16446, 13525, 15341, 3275, 7872, 1662, 7557, 4319, 15442, 7181, 10456, 4963, 17048, 16943, 12784, 3441, 5240, 9975, 13216, 17702, 11594, 13554, 6165, 19168, 16070, 3540, 3262, 10661, 4061, 13173, 2875, 17014, 4349, 10818, 8428, 16764, 14232, 8930, 15734, 17680, 7069, 15684, 17050, 18987, 6914, 6863, 19263, 10595, 150, 10039, 2722, 18223, 16444, 6559, 7258, 2661, 7699, 17136, 12773, 4247, 5723, 15194, 1696, 1500, 2807, 9893, 11835, 13240, 18313, 17107, 10265, 10244, 5570, 2862, 14049, 1012, 12861, 723, 9583, 17461, 10056, 1264, 8297, 3716, 14666, 15259, 13531, 543, 13723, 16810, 6700, 3516, 13766, 7186, 10692, 6321, 15484, 14547, 8744, 3703, 10383, 16829, 6366, 6846, 3906, 2021, 18133, 857, 279, 12232, 10212, 10541, 12325, 13475, 1225, 937, 6966, 10881, 16936, 18502, 1440, 11914, 3326, 5633, 14913, 4623, 10743, 12361, 17335, 1072, 5043, 14810, 15077, 3255, 17215, 6553, 17852, 4801, 6962, 3060, 9430, 8799, 13824, 188, 15175, 15163, 4733, 5011, 3536, 17635, 6532, 14071, 6112, 17158, 6597, 11272, 105, 19219, 5013, 12483, 201, 6848, 17033, 6367, 7859, 14702, 18844, 7053, 18694, 15670, 636, 10129, 6378, 5369, 7273, 16247, 9142, 15345, 16817, 14854, 2600, 15783, 889, 11833, 6612, 2068, 2427, 7062, 7918, 16181, 5464, 8339, 8950, 8453, 16423, 6064, 2380, 4268, 13929, 12974, 19141, 1299, 2484, 3883, 3273, 8772, 13256, 11239, 5766, 18098, 12705, 11004, 2695, 10048, 10960, 2766, 15661, 13258, 8015, 6032, 16397, 7749, 19039, 7634, 15076, 4234, 15114, 8475, 8091, 19220, 18004, 9704, 13918, 15569, 16443, 10015, 9943, 7817, 9349, 2588, 8249, 398, 5316, 15538, 18372, 13559, 2937, 2803, 16248, 6155, 630, 9911, 13190, 19157, 15788, 13248, 13148, 1320, 12074, 8471, 8798, 3213, 12418, 814, 2402, 12718, 12397, 10564, 9875, 10128, 6947, 9491, 17707, 3266, 19196, 14309, 18523, 19043, 17975, 18063, 11618, 15016, 14434, 7680, 1739, 18029, 11694, 1745, 9271, 5189, 9561, 11283, 14978, 10753, 16017, 12914, 978, 2828, 17257, 13135, 5061, 121, 6602, 16015, 19271, 12159, 1244, 8260, 13195, 15873, 12815, 14291, 14515, 118, 4892, 14985, 9551, 12654, 4739, 927, 12176, 9523, 11726, 18187, 5880, 2569, 3386, 13942, 3390, 15774, 129, 65, 12922, 8422, 12692, 16213, 11515, 2111, 8347, 10758, 14064, 4401, 17782, 15621, 6709, 14716, 4091, 13964, 8424, 4218, 7249, 11311, 11171, 18564, 14755, 7114, 14009, 14815, 294, 495, 7684, 6833, 4046, 3505, 16995, 17858, 7761, 15803, 9840, 13958, 8226, 10369, 12497, 17142, 1748, 2854, 7159, 11539, 11055, 13337, 17173, 14214, 6803, 11144, 12649, 283, 15489, 13174, 7015, 610, 7030, 18206, 14077, 15468, 14962, 8046, 7809, 17387, 16034, 16678, 1173, 3502, 12942, 15655, 16859, 7099, 1673, 446, 1365, 5881, 3713, 11697, 1897, 16001, 1702, 14149, 11876, 9341, 4325, 6923, 2001, 138, 3276, 18716, 17604, 10501, 115, 12800, 6111, 11148, 4549, 16057, 4707, 6843, 16091, 4295, 7519, 13708, 12409, 11018, 5052, 13566, 14715, 12755, 793, 10837, 1888, 12375, 3935, 5763, 11791, 11258, 13264, 11469, 4683, 8905, 1853, 11600, 4421, 2798, 5074, 18141, 13807, 8595, 8126, 13837, 8060, 6956, 11767, 14560, 9389, 15261, 1232, 12560, 7262, 11504, 3546, 4627, 1177, 517, 4008, 9219, 17696, 4148, 14124, 13243, 11235, 7561, 8331, 16320, 3591, 11341, 4015, 12028, 14929, 18601, 3528, 14065, 1510, 19191, 13833, 17616, 10869, 17689, 831, 16725, 6319, 15465, 10467, 8162, 13563, 7728, 10778, 13545, 12290, 16480, 14401, 12838, 4212, 17529, 4832, 15111, 12690, 10373, 7596, 18614, 17477, 1043, 13100, 4774, 17479, 3774, 9302, 3901, 13071, 6412, 9516, 1261, 3054, 13522, 17602, 14343, 18500, 10957, 2791, 9624, 3634, 17904, 5709, 14670, 11058, 7087, 7435, 13848, 82, 5565, 2562, 14029, 3583, 1676, 12709, 18473, 3158, 12787, 8068, 8263, 16146, 3593, 1802, 1861, 3348, 4487, 17749, 6105, 10471, 17472, 10200, 1182, 14180, 1076, 10156, 4839, 9903, 4879, 9720, 2157, 15344, 16067, 3064, 17182, 5368, 4987, 18484, 18923, 11896, 1052, 15727, 15289, 5885, 1933, 5251, 17072, 6038, 6195, 13524, 6606, 18506, 17536, 6784, 3231, 14121, 8925, 10030, 803, 13764, 146, 19268, 14099, 4130, 16372, 1537, 12248, 13718, 17187, 11728, 1740, 19233, 5600, 4092, 4779, 6028, 3395, 16152, 19150, 2417, 11980, 11237, 8427, 18127, 3538, 9257, 607, 2078, 18457, 5802, 3435, 15019, 4256, 9221, 13465, 11742, 5788, 9528, 17493, 4607, 3131, 6616, 5356, 1550, 4617, 8827, 849, 2601, 4437, 17861, 10261, 15704, 3890, 8149, 12063, 3086, 15925, 12301, 6847, 5603, 7768, 3187, 13372, 9258, 6584, 7594, 2603, 1835, 17380, 17193, 15251, 15937, 18731, 4082, 14911, 16626, 8824, 16208, 10167, 17711, 9678, 15852, 13620, 16479, 14586, 2446, 4866, 1315, 7746, 10615, 7927, 2443, 7157, 13506, 18410, 10494]",2881,1500,3,False,1500
5711,qa factoid,qa fact,53,True,True,False,"{21: 26, 33: 14, 2: 18, 29: 13, 25: 57, 43: 9, 57: 16, 49: 16, 61: 14, 67: 52, 65: 21, 50: 28, 15: 53, 6: 13, 46: 15, 27: 69, 7: 65, 48: 67, 19: 21, 31: 14, 63: 26, 22: 39, 9: 79, 26: 40, 47: 15, 53: 66, 11: 19, 51: 26, 54: 9, 13: 32, 17: 37, 52: 30, 39: 27, 38: 19, 1: 6, 59: 33, 56: 23, 32: 9, 8: 25, 4: 12, 20: 26, 24: 7, 18: 31, 42: 7, 28: 31, 45: 57, 0: 13, 66: 11, 62: 11, 35: 7, 64: 15, 37: 2, 40: 25, 3: 3, 14: 5, 12: 8, 16: 15, 55: 16, 30: 13, 58: 6, 36: 4, 60: 5, 5: 3, 41: 2, 44: 2, 34: 2}","[12686, 3384, 6034, 14374, 14516, 14680, 18580, 5912, 661, 4433, 14182, 14634, 14672, 13694, 17233, 12320, 12666, 7276, 14925, 15315, 1125, 14820, 3769, 14096, 12401, 14972, 14176, 4685, 4278, 5735, 7514, 16051, 15882, 4696, 17145, 19193, 12994, 9901, 13641, 15193, 6739, 9240, 1608, 14664, 18117, 5676, 15714, 5964, 5329, 16651, 15936, 14441, 15878, 18316, 14255, 18692, 5858, 4640, 10716, 13839, 16635, 2097, 11464, 12427, 2320, 14629, 7617, 16183, 16205, 2170, 4384, 6683, 5285, 18707, 6780, 4231, 2404, 4895, 18091, 2944, 13054, 3904, 3491, 9455, 15985, 10432, 8657, 15304, 9114, 5838, 5197, 17244, 6207, 3970, 17246, 3950, 6168, 8697, 6800, 9942, 11118, 8582, 6355, 15275, 4581, 12724, 11921, 1833, 523, 7619, 15729, 176, 8576, 3101, 1573, 1283, 11796, 11277, 2547, 1738, 6806, 15187, 7129, 5179, 5854, 16373, 9231, 6270, 777, 2062, 13249, 4144, 6325, 3924, 5350, 14414, 3142, 2249, 6444, 13582, 2833, 18030, 6483, 18404, 15057, 7482, 15001, 15872, 14584, 10835, 954, 7257, 1381, 17819, 17518, 6497, 14430, 4901, 16466, 10805, 132, 7506, 755, 14427, 12119, 16613, 19042, 14994, 11257, 8042, 2144, 5966, 1580, 8010, 2550, 10684, 14088, 5037, 8764, 17076, 14185, 15984, 5299, 16601, 19182, 13197, 14561, 12605, 17010, 2703, 6715, 11207, 10188, 212, 2293, 17676, 1720, 5934, 112, 8568, 15870, 3226, 4524, 4431, 5141, 5383, 7609, 12807, 19001, 14368, 6704, 14903, 4172, 117, 18698, 1699, 16558, 7518, 10618, 2110, 10308, 7828, 6623, 17644, 4449, 951, 13858, 15106, 8402, 916, 4771, 8608, 6448, 6656, 13547, 2814, 8336, 8093, 6398, 637, 9909, 10621, 786, 14146, 17292, 9457, 3, 2884, 14785, 10504, 16361, 8181, 17690, 654, 11067, 18741, 386, 18208, 10130, 8079, 7082, 14740, 8076, 18619, 14428, 10992, 12679, 9431, 18328, 13606, 7641, 13542, 1002, 11975, 15646, 19078, 1352, 8683, 16053, 11763, 14823, 7059, 4995, 3754, 6213, 10090, 19084, 1973, 8131, 5353, 836, 13960, 3217, 4885, 9645, 16941, 14750, 13171, 9132, 1355, 4440, 15747, 8233, 6008, 12781, 16749, 13905, 18198, 5033, 2910, 16502, 1233, 965, 16926, 3944, 13518, 18213, 12739, 9972, 14609, 5764, 6128, 9532, 12680, 3672, 5458, 6822, 11547, 3163, 8040, 14081, 8369, 18182, 17541, 11552, 12451, 15074, 1783, 17730, 1690, 16992, 2490, 2459, 18065, 320, 18311, 45, 9495, 4572, 544, 12731, 16811, 15096, 14957, 4594, 16607, 2449, 7791, 13659, 8892, 1713, 17336, 6598, 13832, 10495, 18937, 3067, 3473, 12715, 13492, 14787, 16503, 17899, 16638, 2408, 7141, 10590, 2917, 14650, 12571, 4321, 2855, 1829, 3736, 3381, 11069, 16093, 15201, 14311, 9836, 18289, 16899, 897, 13981, 12223, 8884, 15721, 7778, 13648, 5737, 6550, 19249, 2715, 447, 12941, 8915, 18963, 16291, 760, 5869, 3635, 3439, 6740, 5003, 3174, 2945, 16056, 4860, 11216, 7363, 1147, 12124, 9764, 11245, 4361, 7784, 16285, 17057, 11203, 5114, 17655, 12056, 17890, 7741, 15799, 10258, 16088, 19222, 15303, 1433, 5991, 322, 2322, 3156, 9940, 7814, 17068, 16968, 10018, 1991, 11946, 8705, 10371, 4619, 11074, 2034, 15550, 11743, 18666, 13494, 14175, 13948, 15123, 11154, 10397, 1701, 4770, 839, 12085, 16500, 16241, 1535, 18782, 2221, 539, 18405, 4245, 103, 1571, 16945, 12196, 9441, 1732, 1367, 3596, 4794, 7230, 5245, 17483, 2955, 2003, 11509, 4044, 12934, 3456, 16693, 593, 4582, 14076, 10972, 1965, 7227, 14324, 8658, 3772, 8355, 11889, 1908, 2684, 10026, 1666, 16507, 5589, 9295, 8389, 2099, 18653, 13808, 19147, 6675, 10970, 2788, 19028, 16983, 16166, 9845, 8160, 11381, 10088, 10333, 11716, 14695, 12697, 4365, 3747, 17296, 11904, 74, 7047, 10639, 13094, 940, 10478, 2032, 6642, 14896, 10840, 5430, 5556, 12597, 2183, 18403, 4252, 14613, 18283, 8790, 12140, 13540, 13353, 14114, 13297, 4056, 14038, 11299, 13770, 11433, 14285, 1526, 1955, 15711, 255, 12481, 612, 1635, 4886, 357, 11434, 9524, 13106, 2607, 5391, 9406, 2331, 624, 2749, 17849, 9829, 11436, 18426, 9481, 18550, 15647, 532, 11720, 11824, 15610, 15741, 7902, 13558, 17967, 14539, 17889, 4631, 1238, 16921, 7787, 15293, 3108, 8215, 2851, 4514, 12938, 16730, 17178, 4890, 17960, 4725, 7917, 3191, 8231, 16341, 8195, 10913, 2173, 5557, 2637, 16896, 5806, 1815, 1451, 8864, 2290, 12108, 5328, 6203, 2431, 7508, 17898, 17188, 6897, 1199, 15526, 18437, 6631, 8644, 16917, 14964, 14233, 2454, 584, 4830, 7199, 4180, 14889, 5761, 13756, 6917, 7756, 18880, 15095, 1816, 14070, 16252, 7429, 16589, 1631, 15968, 15221, 12478, 18594, 1477, 5637, 12058, 1205, 13397, 9107, 18654, 1968, 3759, 13147, 14144, 14973, 12452, 18020, 13592, 17920, 13687, 11335, 7207, 418, 7834, 778, 12982, 10688, 9031, 509, 9601, 9780, 17040, 12023, 3916, 91, 6536, 18535, 7547, 15240, 707, 14533, 15064, 17012, 16805, 8637, 5969, 16221, 1940, 13307, 4717, 12615, 18220, 11028, 12170, 1743, 2376, 12415, 14220, 18827, 1294, 18543, 6977, 15309, 11778, 11842, 17103, 3857, 4637, 12162, 19169, 17166, 18237, 17818, 9507, 19022, 5790, 19112, 15611, 1118, 15184, 18703, 1817, 15530, 16579, 8437, 11839, 11378, 3537, 9205, 9217, 16272, 18759, 16828, 12002, 8348, 1723, 3481, 14115, 379, 8544, 264, 6015, 7672, 2253, 7364, 3706, 13796, 17139, 16125, 12059, 9623, 7185, 2418, 18230, 3087, 281, 4379, 1796, 8459, 4400, 17824, 2736, 16446, 13525, 15341, 3275, 7872, 1662, 7557, 4319, 15442, 7181, 10456, 4963, 17048, 16943, 12784, 3441, 5240, 9975, 13216, 17702, 11594, 13554, 6165, 19168, 16070, 3540, 3262, 10661, 4061, 13173, 2875, 17014, 4349, 10818, 8428, 16764, 14232, 8930, 15734, 17680, 7069, 15684, 17050, 18987, 6914, 6863, 19263, 10595, 150, 10039, 2722, 18223, 16444, 6559, 7258, 2661, 7699, 17136, 12773, 4247, 5723, 15194, 1696, 1500, 2807, 9893, 11835, 13240, 18313, 17107, 10265, 10244, 5570, 2862, 14049, 1012, 12861, 723, 9583, 17461, 10056, 1264, 8297, 3716, 14666, 15259, 13531, 543, 13723, 16810, 6700, 3516, 13766, 7186, 10692, 6321, 15484, 14547, 8744, 3703, 10383, 16829, 6366, 6846, 3906, 2021, 18133, 857, 279, 12232, 10212, 10541, 12325, 13475, 1225, 937, 6966, 10881, 16936, 18502, 1440, 11914, 3326, 5633, 14913, 4623, 10743, 12361, 17335, 1072, 5043, 14810, 15077, 3255, 17215, 6553, 17852, 4801, 6962, 3060, 9430, 8799, 13824, 188, 15175, 15163, 4733, 5011, 3536, 17635, 6532, 14071, 6112, 17158, 6597, 11272, 105, 19219, 5013, 12483, 201, 6848, 17033, 6367, 7859, 14702, 18844, 7053, 18694, 15670, 636, 10129, 6378, 5369, 7273, 16247, 9142, 15345, 16817, 14854, 2600, 15783, 889, 11833, 6612, 2068, 2427, 7062, 7918, 16181, 5464, 8339, 8950, 8453, 16423, 6064, 2380, 4268, 13929, 12974, 19141, 1299, 2484, 3883, 3273, 8772, 13256, 11239, 5766, 18098, 12705, 11004, 2695, 10048, 10960, 2766, 15661, 13258, 8015, 6032, 16397, 7749, 19039, 7634, 15076, 4234, 15114, 8475, 8091, 19220, 18004, 9704, 13918, 15569, 16443, 10015, 9943, 7817, 9349, 2588, 8249, 398, 5316, 15538, 18372, 13559, 2937, 2803, 16248, 6155, 630, 9911, 13190, 19157, 15788, 13248, 13148, 1320, 12074, 8471, 8798, 3213, 12418, 814, 2402, 12718, 12397, 10564, 9875, 10128, 6947, 9491, 17707, 3266, 19196, 14309, 18523, 19043, 17975, 18063, 11618, 15016, 14434, 7680, 1739, 18029, 11694, 1745, 9271, 5189, 9561, 11283, 14978, 10753, 16017, 12914, 978, 2828, 17257, 13135, 5061, 121, 6602, 16015, 19271, 12159, 1244, 8260, 13195, 15873, 12815, 14291, 14515, 118, 4892, 14985, 9551, 12654, 4739, 927, 12176, 9523, 11726, 18187, 5880, 2569, 3386, 13942, 3390, 15774, 129, 65, 12922, 8422, 12692, 16213, 11515, 2111, 8347, 10758, 14064, 4401, 17782, 15621, 6709, 14716, 4091, 13964, 8424, 4218, 7249, 11311, 11171, 18564, 14755, 7114, 14009, 14815, 294, 495, 7684, 6833, 4046, 3505, 16995, 17858, 7761, 15803, 9840, 13958, 8226, 10369, 12497, 17142, 1748, 2854, 7159, 11539, 11055, 13337, 17173, 14214, 6803, 11144, 12649, 283, 15489, 13174, 7015, 610, 7030, 18206, 14077, 15468, 14962, 8046, 7809, 17387, 16034, 16678, 1173, 3502, 12942, 15655, 16859, 7099, 1673, 446, 1365, 5881, 3713, 11697, 1897, 16001, 1702, 14149, 11876, 9341, 4325, 6923, 2001, 138, 3276, 18716, 17604, 10501, 115, 12800, 6111, 11148, 4549, 16057, 4707, 6843, 16091, 4295, 7519, 13708, 12409, 11018, 5052, 13566, 14715, 12755, 793, 10837, 1888, 12375, 3935, 5763, 11791, 11258, 13264, 11469, 4683, 8905, 1853, 11600, 4421, 2798, 5074, 18141, 13807, 8595, 8126, 13837, 8060, 6956, 11767, 14560, 9389, 15261, 1232, 12560, 7262, 11504, 3546, 4627, 1177, 517, 4008, 9219, 17696, 4148, 14124, 13243, 11235, 7561, 8331, 16320, 3591, 11341, 4015, 12028, 14929, 18601, 3528, 14065, 1510, 19191, 13833, 17616, 10869, 17689, 831, 16725, 6319, 15465, 10467, 8162, 13563, 7728, 10778, 13545, 12290, 16480, 14401, 12838, 4212, 17529, 4832, 15111, 12690, 10373, 7596, 18614, 17477, 1043, 13100, 4774, 17479, 3774, 9302, 3901, 13071, 6412, 9516, 1261, 3054, 13522, 17602, 14343, 18500, 10957, 2791, 9624, 3634, 17904, 5709, 14670, 11058, 7087, 7435, 13848, 82, 5565, 2562, 14029, 3583, 1676, 12709, 18473, 3158, 12787, 8068, 8263, 16146, 3593, 1802, 1861, 3348, 4487, 17749, 6105, 10471, 17472, 10200, 1182, 14180, 1076, 10156, 4839, 9903, 4879, 9720, 2157, 15344, 16067, 3064, 17182, 5368, 4987, 18484, 18923, 11896, 1052, 15727, 15289, 5885, 1933, 5251, 17072, 6038, 6195, 13524, 6606, 18506, 17536, 6784, 3231, 14121, 8925, 10030, 803, 13764, 146, 19268, 14099, 4130, 16372, 1537, 12248, 13718, 17187, 11728, 1740, 19233, 5600, 4092, 4779, 6028, 3395, 16152, 19150, 2417, 11980, 11237, 8427, 18127, 3538, 9257, 607, 2078, 18457, 5802, 3435, 15019, 4256, 9221, 13465, 11742, 5788, 9528, 17493, 4607, 3131, 6616, 5356, 1550, 4617, 8827, 849, 2601, 4437, 17861, 10261, 15704, 3890, 8149, 12063, 3086, 15925, 12301, 6847, 5603, 7768, 3187, 13372, 9258, 6584, 7594, 2603, 1835, 17380, 17193, 15251, 15937, 18731, 4082, 14911, 16626, 8824, 16208, 10167, 17711, 9678, 15852, 13620, 16479, 14586, 2446, 4866, 1315, 7746, 10615, 7927, 2443, 7157, 13506, 18410, 10494]",5711,1500,3,False,1500
1499,general repeat,general repeat,28,True,True,True,"{21: 26, 33: 14, 2: 18, 29: 13, 25: 57, 43: 9, 57: 16, 49: 16, 61: 14, 67: 52, 65: 21, 50: 28, 15: 53, 6: 13, 46: 15, 27: 69, 7: 65, 48: 67, 19: 21, 31: 14, 63: 26, 22: 39, 9: 79, 26: 40, 47: 15, 53: 66, 11: 19, 51: 26, 54: 9, 13: 32, 17: 37, 52: 30, 39: 27, 38: 19, 1: 6, 59: 33, 56: 23, 32: 9, 8: 25, 4: 12, 20: 26, 24: 7, 18: 31, 42: 7, 28: 31, 45: 57, 0: 13, 66: 11, 62: 11, 35: 7, 64: 15, 37: 2, 40: 25, 3: 3, 14: 5, 12: 8, 16: 15, 55: 16, 30: 13, 58: 6, 36: 4, 60: 5, 5: 3, 41: 2, 44: 2, 34: 2}","[12686, 3384, 6034, 14374, 14516, 14680, 18580, 5912, 661, 4433, 14182, 14634, 14672, 13694, 17233, 12320, 12666, 7276, 14925, 15315, 1125, 14820, 3769, 14096, 12401, 14972, 14176, 4685, 4278, 5735, 7514, 16051, 15882, 4696, 17145, 19193, 12994, 9901, 13641, 15193, 6739, 9240, 1608, 14664, 18117, 5676, 15714, 5964, 5329, 16651, 15936, 14441, 15878, 18316, 14255, 18692, 5858, 4640, 10716, 13839, 16635, 2097, 11464, 12427, 2320, 14629, 7617, 16183, 16205, 2170, 4384, 6683, 5285, 18707, 6780, 4231, 2404, 4895, 18091, 2944, 13054, 3904, 3491, 9455, 15985, 10432, 8657, 15304, 9114, 5838, 5197, 17244, 6207, 3970, 17246, 3950, 6168, 8697, 6800, 9942, 11118, 8582, 6355, 15275, 4581, 12724, 11921, 1833, 523, 7619, 15729, 176, 8576, 3101, 1573, 1283, 11796, 11277, 2547, 1738, 6806, 15187, 7129, 5179, 5854, 16373, 9231, 6270, 777, 2062, 13249, 4144, 6325, 3924, 5350, 14414, 3142, 2249, 6444, 13582, 2833, 18030, 6483, 18404, 15057, 7482, 15001, 15872, 14584, 10835, 954, 7257, 1381, 17819, 17518, 6497, 14430, 4901, 16466, 10805, 132, 7506, 755, 14427, 12119, 16613, 19042, 14994, 11257, 8042, 2144, 5966, 1580, 8010, 2550, 10684, 14088, 5037, 8764, 17076, 14185, 15984, 5299, 16601, 19182, 13197, 14561, 12605, 17010, 2703, 6715, 11207, 10188, 212, 2293, 17676, 1720, 5934, 112, 8568, 15870, 3226, 4524, 4431, 5141, 5383, 7609, 12807, 19001, 14368, 6704, 14903, 4172, 117, 18698, 1699, 16558, 7518, 10618, 2110, 10308, 7828, 6623, 17644, 4449, 951, 13858, 15106, 8402, 916, 4771, 8608, 6448, 6656, 13547, 2814, 8336, 8093, 6398, 637, 9909, 10621, 786, 14146, 17292, 9457, 3, 2884, 14785, 10504, 16361, 8181, 17690, 654, 11067, 18741, 386, 18208, 10130, 8079, 7082, 14740, 8076, 18619, 14428, 10992, 12679, 9431, 18328, 13606, 7641, 13542, 1002, 11975, 15646, 19078, 1352, 8683, 16053, 11763, 14823, 7059, 4995, 3754, 6213, 10090, 19084, 1973, 8131, 5353, 836, 13960, 3217, 4885, 9645, 16941, 14750, 13171, 9132, 1355, 4440, 15747, 8233, 6008, 12781, 16749, 13905, 18198, 5033, 2910, 16502, 1233, 965, 16926, 3944, 13518, 18213, 12739, 9972, 14609, 5764, 6128, 9532, 12680, 3672, 5458, 6822, 11547, 3163, 8040, 14081, 8369, 18182, 17541, 11552, 12451, 15074, 1783, 17730, 1690, 16992, 2490, 2459, 18065, 320, 18311, 45, 9495, 4572, 544, 12731, 16811, 15096, 14957, 4594, 16607, 2449, 7791, 13659, 8892, 1713, 17336, 6598, 13832, 10495, 18937, 3067, 3473, 12715, 13492, 14787, 16503, 17899, 16638, 2408, 7141, 10590, 2917, 14650, 12571, 4321, 2855, 1829, 3736, 3381, 11069, 16093, 15201, 14311, 9836, 18289, 16899, 897, 13981, 12223, 8884, 15721, 7778, 13648, 5737, 6550, 19249, 2715, 447, 12941, 8915, 18963, 16291, 760, 5869, 3635, 3439, 6740, 5003, 3174, 2945, 16056, 4860, 11216, 7363, 1147, 12124, 9764, 11245, 4361, 7784, 16285, 17057, 11203, 5114, 17655, 12056, 17890, 7741, 15799, 10258, 16088, 19222, 15303, 1433, 5991, 322, 2322, 3156, 9940, 7814, 17068, 16968, 10018, 1991, 11946, 8705, 10371, 4619, 11074, 2034, 15550, 11743, 18666, 13494, 14175, 13948, 15123, 11154, 10397, 1701, 4770, 839, 12085, 16500, 16241, 1535, 18782, 2221, 539, 18405, 4245, 103, 1571, 16945, 12196, 9441, 1732, 1367, 3596, 4794, 7230, 5245, 17483, 2955, 2003, 11509, 4044, 12934, 3456, 16693, 593, 4582, 14076, 10972, 1965, 7227, 14324, 8658, 3772, 8355, 11889, 1908, 2684, 10026, 1666, 16507, 5589, 9295, 8389, 2099, 18653, 13808, 19147, 6675, 10970, 2788, 19028, 16983, 16166, 9845, 8160, 11381, 10088, 10333, 11716, 14695, 12697, 4365, 3747, 17296, 11904, 74, 7047, 10639, 13094, 940, 10478, 2032, 6642, 14896, 10840, 5430, 5556, 12597, 2183, 18403, 4252, 14613, 18283, 8790, 12140, 13540, 13353, 14114, 13297, 4056, 14038, 11299, 13770, 11433, 14285, 1526, 1955, 15711, 255, 12481, 612, 1635, 4886, 357, 11434, 9524, 13106, 2607, 5391, 9406, 2331, 624, 2749, 17849, 9829, 11436, 18426, 9481, 18550, 15647, 532, 11720, 11824, 15610, 15741, 7902, 13558, 17967, 14539, 17889, 4631, 1238, 16921, 7787, 15293, 3108, 8215, 2851, 4514, 12938, 16730, 17178, 4890, 17960, 4725, 7917, 3191, 8231, 16341, 8195, 10913, 2173, 5557, 2637, 16896, 5806, 1815, 1451, 8864, 2290, 12108, 5328, 6203, 2431, 7508, 17898, 17188, 6897, 1199, 15526, 18437, 6631, 8644, 16917, 14964, 14233, 2454, 584, 4830, 7199, 4180, 14889, 5761, 13756, 6917, 7756, 18880, 15095, 1816, 14070, 16252, 7429, 16589, 1631, 15968, 15221, 12478, 18594, 1477, 5637, 12058, 1205, 13397, 9107, 18654, 1968, 3759, 13147, 14144, 14973, 12452, 18020, 13592, 17920, 13687, 11335, 7207, 418, 7834, 778, 12982, 10688, 9031, 509, 9601, 9780, 17040, 12023, 3916, 91, 6536, 18535, 7547, 15240, 707, 14533, 15064, 17012, 16805, 8637, 5969, 16221, 1940, 13307, 4717, 12615, 18220, 11028, 12170, 1743, 2376, 12415, 14220, 18827, 1294, 18543, 6977, 15309, 11778, 11842, 17103, 3857, 4637, 12162, 19169, 17166, 18237, 17818, 9507, 19022, 5790, 19112, 15611, 1118, 15184, 18703, 1817, 15530, 16579, 8437, 11839, 11378, 3537, 9205, 9217, 16272, 18759, 16828, 12002, 8348, 1723, 3481, 14115, 379, 8544, 264, 6015, 7672, 2253, 7364, 3706, 13796, 17139, 16125, 12059, 9623, 7185, 2418, 18230, 3087, 281, 4379, 1796, 8459, 4400, 17824, 2736, 16446, 13525, 15341, 3275, 7872, 1662, 7557, 4319, 15442, 7181, 10456, 4963, 17048, 16943, 12784, 3441, 5240, 9975, 13216, 17702, 11594, 13554, 6165, 19168, 16070, 3540, 3262, 10661, 4061, 13173, 2875, 17014, 4349, 10818, 8428, 16764, 14232, 8930, 15734, 17680, 7069, 15684, 17050, 18987, 6914, 6863, 19263, 10595, 150, 10039, 2722, 18223, 16444, 6559, 7258, 2661, 7699, 17136, 12773, 4247, 5723, 15194, 1696, 1500, 2807, 9893, 11835, 13240, 18313, 17107, 10265, 10244, 5570, 2862, 14049, 1012, 12861, 723, 9583, 17461, 10056, 1264, 8297, 3716, 14666, 15259, 13531, 543, 13723, 16810, 6700, 3516, 13766, 7186, 10692, 6321, 15484, 14547, 8744, 3703, 10383, 16829, 6366, 6846, 3906, 2021, 18133, 857, 279, 12232, 10212, 10541, 12325, 13475, 1225, 937, 6966, 10881, 16936, 18502, 1440, 11914, 3326, 5633, 14913, 4623, 10743, 12361, 17335, 1072, 5043, 14810, 15077, 3255, 17215, 6553, 17852, 4801, 6962, 3060, 9430, 8799, 13824, 188, 15175, 15163, 4733, 5011, 3536, 17635, 6532, 14071, 6112, 17158, 6597, 11272, 105, 19219, 5013, 12483, 201, 6848, 17033, 6367, 7859, 14702, 18844, 7053, 18694, 15670, 636, 10129, 6378, 5369, 7273, 16247, 9142, 15345, 16817, 14854, 2600, 15783, 889, 11833, 6612, 2068, 2427, 7062, 7918, 16181, 5464, 8339, 8950, 8453, 16423, 6064, 2380, 4268, 13929, 12974, 19141, 1299, 2484, 3883, 3273, 8772, 13256, 11239, 5766, 18098, 12705, 11004, 2695, 10048, 10960, 2766, 15661, 13258, 8015, 6032, 16397, 7749, 19039, 7634, 15076, 4234, 15114, 8475, 8091, 19220, 18004, 9704, 13918, 15569, 16443, 10015, 9943, 7817, 9349, 2588, 8249, 398, 5316, 15538, 18372, 13559, 2937, 2803, 16248, 6155, 630, 9911, 13190, 19157, 15788, 13248, 13148, 1320, 12074, 8471, 8798, 3213, 12418, 814, 2402, 12718, 12397, 10564, 9875, 10128, 6947, 9491, 17707, 3266, 19196, 14309, 18523, 19043, 17975, 18063, 11618, 15016, 14434, 7680, 1739, 18029, 11694, 1745, 9271, 5189, 9561, 11283, 14978, 10753, 16017, 12914, 978, 2828, 17257, 13135, 5061, 121, 6602, 16015, 19271, 12159, 1244, 8260, 13195, 15873, 12815, 14291, 14515, 118, 4892, 14985, 9551, 12654, 4739, 927, 12176, 9523, 11726, 18187, 5880, 2569, 3386, 13942, 3390, 15774, 129, 65, 12922, 8422, 12692, 16213, 11515, 2111, 8347, 10758, 14064, 4401, 17782, 15621, 6709, 14716, 4091, 13964, 8424, 4218, 7249, 11311, 11171, 18564, 14755, 7114, 14009, 14815, 294, 495, 7684, 6833, 4046, 3505, 16995, 17858, 7761, 15803, 9840, 13958, 8226, 10369, 12497, 17142, 1748, 2854, 7159, 11539, 11055, 13337, 17173, 14214, 6803, 11144, 12649, 283, 15489, 13174, 7015, 610, 7030, 18206, 14077, 15468, 14962, 8046, 7809, 17387, 16034, 16678, 1173, 3502, 12942, 15655, 16859, 7099, 1673, 446, 1365, 5881, 3713, 11697, 1897, 16001, 1702, 14149, 11876, 9341, 4325, 6923, 2001, 138, 3276, 18716, 17604, 10501, 115, 12800, 6111, 11148, 4549, 16057, 4707, 6843, 16091, 4295, 7519, 13708, 12409, 11018, 5052, 13566, 14715, 12755, 793, 10837, 1888, 12375, 3935, 5763, 11791, 11258, 13264, 11469, 4683, 8905, 1853, 11600, 4421, 2798, 5074, 18141, 13807, 8595, 8126, 13837, 8060, 6956, 11767, 14560, 9389, 15261, 1232, 12560, 7262, 11504, 3546, 4627, 1177, 517, 4008, 9219, 17696, 4148, 14124, 13243, 11235, 7561, 8331, 16320, 3591, 11341, 4015, 12028, 14929, 18601, 3528, 14065, 1510, 19191, 13833, 17616, 10869, 17689, 831, 16725, 6319, 15465, 10467, 8162, 13563, 7728, 10778, 13545, 12290, 16480, 14401, 12838, 4212, 17529, 4832, 15111, 12690, 10373, 7596, 18614, 17477, 1043, 13100, 4774, 17479, 3774, 9302, 3901, 13071, 6412, 9516, 1261, 3054, 13522, 17602, 14343, 18500, 10957, 2791, 9624, 3634, 17904, 5709, 14670, 11058, 7087, 7435, 13848, 82, 5565, 2562, 14029, 3583, 1676, 12709, 18473, 3158, 12787, 8068, 8263, 16146, 3593, 1802, 1861, 3348, 4487, 17749, 6105, 10471, 17472, 10200, 1182, 14180, 1076, 10156, 4839, 9903, 4879, 9720, 2157, 15344, 16067, 3064, 17182, 5368, 4987, 18484, 18923, 11896, 1052, 15727, 15289, 5885, 1933, 5251, 17072, 6038, 6195, 13524, 6606, 18506, 17536, 6784, 3231, 14121, 8925, 10030, 803, 13764, 146, 19268, 14099, 4130, 16372, 1537, 12248, 13718, 17187, 11728, 1740, 19233, 5600, 4092, 4779, 6028, 3395, 16152, 19150, 2417, 11980, 11237, 8427, 18127, 3538, 9257, 607, 2078, 18457, 5802, 3435, 15019, 4256, 9221, 13465, 11742, 5788, 9528, 17493, 4607, 3131, 6616, 5356, 1550, 4617, 8827, 849, 2601, 4437, 17861, 10261, 15704, 3890, 8149, 12063, 3086, 15925, 12301, 6847, 5603, 7768, 3187, 13372, 9258, 6584, 7594, 2603, 1835, 17380, 17193, 15251, 15937, 18731, 4082, 14911, 16626, 8824, 16208, 10167, 17711, 9678, 15852, 13620, 16479, 14586, 2446, 4866, 1315, 7746, 10615, 7927, 2443, 7157, 13506, 18410, 10494]",1499,1500,3,False,1500
3713,weather query,weather,67,True,True,False,"{21: 26, 33: 14, 2: 18, 29: 13, 25: 57, 43: 9, 57: 16, 49: 16, 61: 14, 67: 52, 65: 21, 50: 28, 15: 53, 6: 13, 46: 15, 27: 69, 7: 65, 48: 67, 19: 21, 31: 14, 63: 26, 22: 39, 9: 79, 26: 40, 47: 15, 53: 66, 11: 19, 51: 26, 54: 9, 13: 32, 17: 37, 52: 30, 39: 27, 38: 19, 1: 6, 59: 33, 56: 23, 32: 9, 8: 25, 4: 12, 20: 26, 24: 7, 18: 31, 42: 7, 28: 31, 45: 57, 0: 13, 66: 11, 62: 11, 35: 7, 64: 15, 37: 2, 40: 25, 3: 3, 14: 5, 12: 8, 16: 15, 55: 16, 30: 13, 58: 6, 36: 4, 60: 5, 5: 3, 41: 2, 44: 2, 34: 2}","[12686, 3384, 6034, 14374, 14516, 14680, 18580, 5912, 661, 4433, 14182, 14634, 14672, 13694, 17233, 12320, 12666, 7276, 14925, 15315, 1125, 14820, 3769, 14096, 12401, 14972, 14176, 4685, 4278, 5735, 7514, 16051, 15882, 4696, 17145, 19193, 12994, 9901, 13641, 15193, 6739, 9240, 1608, 14664, 18117, 5676, 15714, 5964, 5329, 16651, 15936, 14441, 15878, 18316, 14255, 18692, 5858, 4640, 10716, 13839, 16635, 2097, 11464, 12427, 2320, 14629, 7617, 16183, 16205, 2170, 4384, 6683, 5285, 18707, 6780, 4231, 2404, 4895, 18091, 2944, 13054, 3904, 3491, 9455, 15985, 10432, 8657, 15304, 9114, 5838, 5197, 17244, 6207, 3970, 17246, 3950, 6168, 8697, 6800, 9942, 11118, 8582, 6355, 15275, 4581, 12724, 11921, 1833, 523, 7619, 15729, 176, 8576, 3101, 1573, 1283, 11796, 11277, 2547, 1738, 6806, 15187, 7129, 5179, 5854, 16373, 9231, 6270, 777, 2062, 13249, 4144, 6325, 3924, 5350, 14414, 3142, 2249, 6444, 13582, 2833, 18030, 6483, 18404, 15057, 7482, 15001, 15872, 14584, 10835, 954, 7257, 1381, 17819, 17518, 6497, 14430, 4901, 16466, 10805, 132, 7506, 755, 14427, 12119, 16613, 19042, 14994, 11257, 8042, 2144, 5966, 1580, 8010, 2550, 10684, 14088, 5037, 8764, 17076, 14185, 15984, 5299, 16601, 19182, 13197, 14561, 12605, 17010, 2703, 6715, 11207, 10188, 212, 2293, 17676, 1720, 5934, 112, 8568, 15870, 3226, 4524, 4431, 5141, 5383, 7609, 12807, 19001, 14368, 6704, 14903, 4172, 117, 18698, 1699, 16558, 7518, 10618, 2110, 10308, 7828, 6623, 17644, 4449, 951, 13858, 15106, 8402, 916, 4771, 8608, 6448, 6656, 13547, 2814, 8336, 8093, 6398, 637, 9909, 10621, 786, 14146, 17292, 9457, 3, 2884, 14785, 10504, 16361, 8181, 17690, 654, 11067, 18741, 386, 18208, 10130, 8079, 7082, 14740, 8076, 18619, 14428, 10992, 12679, 9431, 18328, 13606, 7641, 13542, 1002, 11975, 15646, 19078, 1352, 8683, 16053, 11763, 14823, 7059, 4995, 3754, 6213, 10090, 19084, 1973, 8131, 5353, 836, 13960, 3217, 4885, 9645, 16941, 14750, 13171, 9132, 1355, 4440, 15747, 8233, 6008, 12781, 16749, 13905, 18198, 5033, 2910, 16502, 1233, 965, 16926, 3944, 13518, 18213, 12739, 9972, 14609, 5764, 6128, 9532, 12680, 3672, 5458, 6822, 11547, 3163, 8040, 14081, 8369, 18182, 17541, 11552, 12451, 15074, 1783, 17730, 1690, 16992, 2490, 2459, 18065, 320, 18311, 45, 9495, 4572, 544, 12731, 16811, 15096, 14957, 4594, 16607, 2449, 7791, 13659, 8892, 1713, 17336, 6598, 13832, 10495, 18937, 3067, 3473, 12715, 13492, 14787, 16503, 17899, 16638, 2408, 7141, 10590, 2917, 14650, 12571, 4321, 2855, 1829, 3736, 3381, 11069, 16093, 15201, 14311, 9836, 18289, 16899, 897, 13981, 12223, 8884, 15721, 7778, 13648, 5737, 6550, 19249, 2715, 447, 12941, 8915, 18963, 16291, 760, 5869, 3635, 3439, 6740, 5003, 3174, 2945, 16056, 4860, 11216, 7363, 1147, 12124, 9764, 11245, 4361, 7784, 16285, 17057, 11203, 5114, 17655, 12056, 17890, 7741, 15799, 10258, 16088, 19222, 15303, 1433, 5991, 322, 2322, 3156, 9940, 7814, 17068, 16968, 10018, 1991, 11946, 8705, 10371, 4619, 11074, 2034, 15550, 11743, 18666, 13494, 14175, 13948, 15123, 11154, 10397, 1701, 4770, 839, 12085, 16500, 16241, 1535, 18782, 2221, 539, 18405, 4245, 103, 1571, 16945, 12196, 9441, 1732, 1367, 3596, 4794, 7230, 5245, 17483, 2955, 2003, 11509, 4044, 12934, 3456, 16693, 593, 4582, 14076, 10972, 1965, 7227, 14324, 8658, 3772, 8355, 11889, 1908, 2684, 10026, 1666, 16507, 5589, 9295, 8389, 2099, 18653, 13808, 19147, 6675, 10970, 2788, 19028, 16983, 16166, 9845, 8160, 11381, 10088, 10333, 11716, 14695, 12697, 4365, 3747, 17296, 11904, 74, 7047, 10639, 13094, 940, 10478, 2032, 6642, 14896, 10840, 5430, 5556, 12597, 2183, 18403, 4252, 14613, 18283, 8790, 12140, 13540, 13353, 14114, 13297, 4056, 14038, 11299, 13770, 11433, 14285, 1526, 1955, 15711, 255, 12481, 612, 1635, 4886, 357, 11434, 9524, 13106, 2607, 5391, 9406, 2331, 624, 2749, 17849, 9829, 11436, 18426, 9481, 18550, 15647, 532, 11720, 11824, 15610, 15741, 7902, 13558, 17967, 14539, 17889, 4631, 1238, 16921, 7787, 15293, 3108, 8215, 2851, 4514, 12938, 16730, 17178, 4890, 17960, 4725, 7917, 3191, 8231, 16341, 8195, 10913, 2173, 5557, 2637, 16896, 5806, 1815, 1451, 8864, 2290, 12108, 5328, 6203, 2431, 7508, 17898, 17188, 6897, 1199, 15526, 18437, 6631, 8644, 16917, 14964, 14233, 2454, 584, 4830, 7199, 4180, 14889, 5761, 13756, 6917, 7756, 18880, 15095, 1816, 14070, 16252, 7429, 16589, 1631, 15968, 15221, 12478, 18594, 1477, 5637, 12058, 1205, 13397, 9107, 18654, 1968, 3759, 13147, 14144, 14973, 12452, 18020, 13592, 17920, 13687, 11335, 7207, 418, 7834, 778, 12982, 10688, 9031, 509, 9601, 9780, 17040, 12023, 3916, 91, 6536, 18535, 7547, 15240, 707, 14533, 15064, 17012, 16805, 8637, 5969, 16221, 1940, 13307, 4717, 12615, 18220, 11028, 12170, 1743, 2376, 12415, 14220, 18827, 1294, 18543, 6977, 15309, 11778, 11842, 17103, 3857, 4637, 12162, 19169, 17166, 18237, 17818, 9507, 19022, 5790, 19112, 15611, 1118, 15184, 18703, 1817, 15530, 16579, 8437, 11839, 11378, 3537, 9205, 9217, 16272, 18759, 16828, 12002, 8348, 1723, 3481, 14115, 379, 8544, 264, 6015, 7672, 2253, 7364, 3706, 13796, 17139, 16125, 12059, 9623, 7185, 2418, 18230, 3087, 281, 4379, 1796, 8459, 4400, 17824, 2736, 16446, 13525, 15341, 3275, 7872, 1662, 7557, 4319, 15442, 7181, 10456, 4963, 17048, 16943, 12784, 3441, 5240, 9975, 13216, 17702, 11594, 13554, 6165, 19168, 16070, 3540, 3262, 10661, 4061, 13173, 2875, 17014, 4349, 10818, 8428, 16764, 14232, 8930, 15734, 17680, 7069, 15684, 17050, 18987, 6914, 6863, 19263, 10595, 150, 10039, 2722, 18223, 16444, 6559, 7258, 2661, 7699, 17136, 12773, 4247, 5723, 15194, 1696, 1500, 2807, 9893, 11835, 13240, 18313, 17107, 10265, 10244, 5570, 2862, 14049, 1012, 12861, 723, 9583, 17461, 10056, 1264, 8297, 3716, 14666, 15259, 13531, 543, 13723, 16810, 6700, 3516, 13766, 7186, 10692, 6321, 15484, 14547, 8744, 3703, 10383, 16829, 6366, 6846, 3906, 2021, 18133, 857, 279, 12232, 10212, 10541, 12325, 13475, 1225, 937, 6966, 10881, 16936, 18502, 1440, 11914, 3326, 5633, 14913, 4623, 10743, 12361, 17335, 1072, 5043, 14810, 15077, 3255, 17215, 6553, 17852, 4801, 6962, 3060, 9430, 8799, 13824, 188, 15175, 15163, 4733, 5011, 3536, 17635, 6532, 14071, 6112, 17158, 6597, 11272, 105, 19219, 5013, 12483, 201, 6848, 17033, 6367, 7859, 14702, 18844, 7053, 18694, 15670, 636, 10129, 6378, 5369, 7273, 16247, 9142, 15345, 16817, 14854, 2600, 15783, 889, 11833, 6612, 2068, 2427, 7062, 7918, 16181, 5464, 8339, 8950, 8453, 16423, 6064, 2380, 4268, 13929, 12974, 19141, 1299, 2484, 3883, 3273, 8772, 13256, 11239, 5766, 18098, 12705, 11004, 2695, 10048, 10960, 2766, 15661, 13258, 8015, 6032, 16397, 7749, 19039, 7634, 15076, 4234, 15114, 8475, 8091, 19220, 18004, 9704, 13918, 15569, 16443, 10015, 9943, 7817, 9349, 2588, 8249, 398, 5316, 15538, 18372, 13559, 2937, 2803, 16248, 6155, 630, 9911, 13190, 19157, 15788, 13248, 13148, 1320, 12074, 8471, 8798, 3213, 12418, 814, 2402, 12718, 12397, 10564, 9875, 10128, 6947, 9491, 17707, 3266, 19196, 14309, 18523, 19043, 17975, 18063, 11618, 15016, 14434, 7680, 1739, 18029, 11694, 1745, 9271, 5189, 9561, 11283, 14978, 10753, 16017, 12914, 978, 2828, 17257, 13135, 5061, 121, 6602, 16015, 19271, 12159, 1244, 8260, 13195, 15873, 12815, 14291, 14515, 118, 4892, 14985, 9551, 12654, 4739, 927, 12176, 9523, 11726, 18187, 5880, 2569, 3386, 13942, 3390, 15774, 129, 65, 12922, 8422, 12692, 16213, 11515, 2111, 8347, 10758, 14064, 4401, 17782, 15621, 6709, 14716, 4091, 13964, 8424, 4218, 7249, 11311, 11171, 18564, 14755, 7114, 14009, 14815, 294, 495, 7684, 6833, 4046, 3505, 16995, 17858, 7761, 15803, 9840, 13958, 8226, 10369, 12497, 17142, 1748, 2854, 7159, 11539, 11055, 13337, 17173, 14214, 6803, 11144, 12649, 283, 15489, 13174, 7015, 610, 7030, 18206, 14077, 15468, 14962, 8046, 7809, 17387, 16034, 16678, 1173, 3502, 12942, 15655, 16859, 7099, 1673, 446, 1365, 5881, 3713, 11697, 1897, 16001, 1702, 14149, 11876, 9341, 4325, 6923, 2001, 138, 3276, 18716, 17604, 10501, 115, 12800, 6111, 11148, 4549, 16057, 4707, 6843, 16091, 4295, 7519, 13708, 12409, 11018, 5052, 13566, 14715, 12755, 793, 10837, 1888, 12375, 3935, 5763, 11791, 11258, 13264, 11469, 4683, 8905, 1853, 11600, 4421, 2798, 5074, 18141, 13807, 8595, 8126, 13837, 8060, 6956, 11767, 14560, 9389, 15261, 1232, 12560, 7262, 11504, 3546, 4627, 1177, 517, 4008, 9219, 17696, 4148, 14124, 13243, 11235, 7561, 8331, 16320, 3591, 11341, 4015, 12028, 14929, 18601, 3528, 14065, 1510, 19191, 13833, 17616, 10869, 17689, 831, 16725, 6319, 15465, 10467, 8162, 13563, 7728, 10778, 13545, 12290, 16480, 14401, 12838, 4212, 17529, 4832, 15111, 12690, 10373, 7596, 18614, 17477, 1043, 13100, 4774, 17479, 3774, 9302, 3901, 13071, 6412, 9516, 1261, 3054, 13522, 17602, 14343, 18500, 10957, 2791, 9624, 3634, 17904, 5709, 14670, 11058, 7087, 7435, 13848, 82, 5565, 2562, 14029, 3583, 1676, 12709, 18473, 3158, 12787, 8068, 8263, 16146, 3593, 1802, 1861, 3348, 4487, 17749, 6105, 10471, 17472, 10200, 1182, 14180, 1076, 10156, 4839, 9903, 4879, 9720, 2157, 15344, 16067, 3064, 17182, 5368, 4987, 18484, 18923, 11896, 1052, 15727, 15289, 5885, 1933, 5251, 17072, 6038, 6195, 13524, 6606, 18506, 17536, 6784, 3231, 14121, 8925, 10030, 803, 13764, 146, 19268, 14099, 4130, 16372, 1537, 12248, 13718, 17187, 11728, 1740, 19233, 5600, 4092, 4779, 6028, 3395, 16152, 19150, 2417, 11980, 11237, 8427, 18127, 3538, 9257, 607, 2078, 18457, 5802, 3435, 15019, 4256, 9221, 13465, 11742, 5788, 9528, 17493, 4607, 3131, 6616, 5356, 1550, 4617, 8827, 849, 2601, 4437, 17861, 10261, 15704, 3890, 8149, 12063, 3086, 15925, 12301, 6847, 5603, 7768, 3187, 13372, 9258, 6584, 7594, 2603, 1835, 17380, 17193, 15251, 15937, 18731, 4082, 14911, 16626, 8824, 16208, 10167, 17711, 9678, 15852, 13620, 16479, 14586, 2446, 4866, 1315, 7746, 10615, 7927, 2443, 7157, 13506, 18410, 10494]",3713,1500,3,False,1500
4527,iot wemo off,iot wemo off,36,True,True,True,"{21: 26, 33: 14, 2: 18, 29: 13, 25: 57, 43: 9, 57: 16, 49: 16, 61: 14, 67: 52, 65: 21, 50: 28, 15: 53, 6: 13, 46: 15, 27: 69, 7: 65, 48: 67, 19: 21, 31: 14, 63: 26, 22: 39, 9: 79, 26: 40, 47: 15, 53: 66, 11: 19, 51: 26, 54: 9, 13: 32, 17: 37, 52: 30, 39: 27, 38: 19, 1: 6, 59: 33, 56: 23, 32: 9, 8: 25, 4: 12, 20: 26, 24: 7, 18: 31, 42: 7, 28: 31, 45: 57, 0: 13, 66: 11, 62: 11, 35: 7, 64: 15, 37: 2, 40: 25, 3: 3, 14: 5, 12: 8, 16: 15, 55: 16, 30: 13, 58: 6, 36: 4, 60: 5, 5: 3, 41: 2, 44: 2, 34: 2}","[12686, 3384, 6034, 14374, 14516, 14680, 18580, 5912, 661, 4433, 14182, 14634, 14672, 13694, 17233, 12320, 12666, 7276, 14925, 15315, 1125, 14820, 3769, 14096, 12401, 14972, 14176, 4685, 4278, 5735, 7514, 16051, 15882, 4696, 17145, 19193, 12994, 9901, 13641, 15193, 6739, 9240, 1608, 14664, 18117, 5676, 15714, 5964, 5329, 16651, 15936, 14441, 15878, 18316, 14255, 18692, 5858, 4640, 10716, 13839, 16635, 2097, 11464, 12427, 2320, 14629, 7617, 16183, 16205, 2170, 4384, 6683, 5285, 18707, 6780, 4231, 2404, 4895, 18091, 2944, 13054, 3904, 3491, 9455, 15985, 10432, 8657, 15304, 9114, 5838, 5197, 17244, 6207, 3970, 17246, 3950, 6168, 8697, 6800, 9942, 11118, 8582, 6355, 15275, 4581, 12724, 11921, 1833, 523, 7619, 15729, 176, 8576, 3101, 1573, 1283, 11796, 11277, 2547, 1738, 6806, 15187, 7129, 5179, 5854, 16373, 9231, 6270, 777, 2062, 13249, 4144, 6325, 3924, 5350, 14414, 3142, 2249, 6444, 13582, 2833, 18030, 6483, 18404, 15057, 7482, 15001, 15872, 14584, 10835, 954, 7257, 1381, 17819, 17518, 6497, 14430, 4901, 16466, 10805, 132, 7506, 755, 14427, 12119, 16613, 19042, 14994, 11257, 8042, 2144, 5966, 1580, 8010, 2550, 10684, 14088, 5037, 8764, 17076, 14185, 15984, 5299, 16601, 19182, 13197, 14561, 12605, 17010, 2703, 6715, 11207, 10188, 212, 2293, 17676, 1720, 5934, 112, 8568, 15870, 3226, 4524, 4431, 5141, 5383, 7609, 12807, 19001, 14368, 6704, 14903, 4172, 117, 18698, 1699, 16558, 7518, 10618, 2110, 10308, 7828, 6623, 17644, 4449, 951, 13858, 15106, 8402, 916, 4771, 8608, 6448, 6656, 13547, 2814, 8336, 8093, 6398, 637, 9909, 10621, 786, 14146, 17292, 9457, 3, 2884, 14785, 10504, 16361, 8181, 17690, 654, 11067, 18741, 386, 18208, 10130, 8079, 7082, 14740, 8076, 18619, 14428, 10992, 12679, 9431, 18328, 13606, 7641, 13542, 1002, 11975, 15646, 19078, 1352, 8683, 16053, 11763, 14823, 7059, 4995, 3754, 6213, 10090, 19084, 1973, 8131, 5353, 836, 13960, 3217, 4885, 9645, 16941, 14750, 13171, 9132, 1355, 4440, 15747, 8233, 6008, 12781, 16749, 13905, 18198, 5033, 2910, 16502, 1233, 965, 16926, 3944, 13518, 18213, 12739, 9972, 14609, 5764, 6128, 9532, 12680, 3672, 5458, 6822, 11547, 3163, 8040, 14081, 8369, 18182, 17541, 11552, 12451, 15074, 1783, 17730, 1690, 16992, 2490, 2459, 18065, 320, 18311, 45, 9495, 4572, 544, 12731, 16811, 15096, 14957, 4594, 16607, 2449, 7791, 13659, 8892, 1713, 17336, 6598, 13832, 10495, 18937, 3067, 3473, 12715, 13492, 14787, 16503, 17899, 16638, 2408, 7141, 10590, 2917, 14650, 12571, 4321, 2855, 1829, 3736, 3381, 11069, 16093, 15201, 14311, 9836, 18289, 16899, 897, 13981, 12223, 8884, 15721, 7778, 13648, 5737, 6550, 19249, 2715, 447, 12941, 8915, 18963, 16291, 760, 5869, 3635, 3439, 6740, 5003, 3174, 2945, 16056, 4860, 11216, 7363, 1147, 12124, 9764, 11245, 4361, 7784, 16285, 17057, 11203, 5114, 17655, 12056, 17890, 7741, 15799, 10258, 16088, 19222, 15303, 1433, 5991, 322, 2322, 3156, 9940, 7814, 17068, 16968, 10018, 1991, 11946, 8705, 10371, 4619, 11074, 2034, 15550, 11743, 18666, 13494, 14175, 13948, 15123, 11154, 10397, 1701, 4770, 839, 12085, 16500, 16241, 1535, 18782, 2221, 539, 18405, 4245, 103, 1571, 16945, 12196, 9441, 1732, 1367, 3596, 4794, 7230, 5245, 17483, 2955, 2003, 11509, 4044, 12934, 3456, 16693, 593, 4582, 14076, 10972, 1965, 7227, 14324, 8658, 3772, 8355, 11889, 1908, 2684, 10026, 1666, 16507, 5589, 9295, 8389, 2099, 18653, 13808, 19147, 6675, 10970, 2788, 19028, 16983, 16166, 9845, 8160, 11381, 10088, 10333, 11716, 14695, 12697, 4365, 3747, 17296, 11904, 74, 7047, 10639, 13094, 940, 10478, 2032, 6642, 14896, 10840, 5430, 5556, 12597, 2183, 18403, 4252, 14613, 18283, 8790, 12140, 13540, 13353, 14114, 13297, 4056, 14038, 11299, 13770, 11433, 14285, 1526, 1955, 15711, 255, 12481, 612, 1635, 4886, 357, 11434, 9524, 13106, 2607, 5391, 9406, 2331, 624, 2749, 17849, 9829, 11436, 18426, 9481, 18550, 15647, 532, 11720, 11824, 15610, 15741, 7902, 13558, 17967, 14539, 17889, 4631, 1238, 16921, 7787, 15293, 3108, 8215, 2851, 4514, 12938, 16730, 17178, 4890, 17960, 4725, 7917, 3191, 8231, 16341, 8195, 10913, 2173, 5557, 2637, 16896, 5806, 1815, 1451, 8864, 2290, 12108, 5328, 6203, 2431, 7508, 17898, 17188, 6897, 1199, 15526, 18437, 6631, 8644, 16917, 14964, 14233, 2454, 584, 4830, 7199, 4180, 14889, 5761, 13756, 6917, 7756, 18880, 15095, 1816, 14070, 16252, 7429, 16589, 1631, 15968, 15221, 12478, 18594, 1477, 5637, 12058, 1205, 13397, 9107, 18654, 1968, 3759, 13147, 14144, 14973, 12452, 18020, 13592, 17920, 13687, 11335, 7207, 418, 7834, 778, 12982, 10688, 9031, 509, 9601, 9780, 17040, 12023, 3916, 91, 6536, 18535, 7547, 15240, 707, 14533, 15064, 17012, 16805, 8637, 5969, 16221, 1940, 13307, 4717, 12615, 18220, 11028, 12170, 1743, 2376, 12415, 14220, 18827, 1294, 18543, 6977, 15309, 11778, 11842, 17103, 3857, 4637, 12162, 19169, 17166, 18237, 17818, 9507, 19022, 5790, 19112, 15611, 1118, 15184, 18703, 1817, 15530, 16579, 8437, 11839, 11378, 3537, 9205, 9217, 16272, 18759, 16828, 12002, 8348, 1723, 3481, 14115, 379, 8544, 264, 6015, 7672, 2253, 7364, 3706, 13796, 17139, 16125, 12059, 9623, 7185, 2418, 18230, 3087, 281, 4379, 1796, 8459, 4400, 17824, 2736, 16446, 13525, 15341, 3275, 7872, 1662, 7557, 4319, 15442, 7181, 10456, 4963, 17048, 16943, 12784, 3441, 5240, 9975, 13216, 17702, 11594, 13554, 6165, 19168, 16070, 3540, 3262, 10661, 4061, 13173, 2875, 17014, 4349, 10818, 8428, 16764, 14232, 8930, 15734, 17680, 7069, 15684, 17050, 18987, 6914, 6863, 19263, 10595, 150, 10039, 2722, 18223, 16444, 6559, 7258, 2661, 7699, 17136, 12773, 4247, 5723, 15194, 1696, 1500, 2807, 9893, 11835, 13240, 18313, 17107, 10265, 10244, 5570, 2862, 14049, 1012, 12861, 723, 9583, 17461, 10056, 1264, 8297, 3716, 14666, 15259, 13531, 543, 13723, 16810, 6700, 3516, 13766, 7186, 10692, 6321, 15484, 14547, 8744, 3703, 10383, 16829, 6366, 6846, 3906, 2021, 18133, 857, 279, 12232, 10212, 10541, 12325, 13475, 1225, 937, 6966, 10881, 16936, 18502, 1440, 11914, 3326, 5633, 14913, 4623, 10743, 12361, 17335, 1072, 5043, 14810, 15077, 3255, 17215, 6553, 17852, 4801, 6962, 3060, 9430, 8799, 13824, 188, 15175, 15163, 4733, 5011, 3536, 17635, 6532, 14071, 6112, 17158, 6597, 11272, 105, 19219, 5013, 12483, 201, 6848, 17033, 6367, 7859, 14702, 18844, 7053, 18694, 15670, 636, 10129, 6378, 5369, 7273, 16247, 9142, 15345, 16817, 14854, 2600, 15783, 889, 11833, 6612, 2068, 2427, 7062, 7918, 16181, 5464, 8339, 8950, 8453, 16423, 6064, 2380, 4268, 13929, 12974, 19141, 1299, 2484, 3883, 3273, 8772, 13256, 11239, 5766, 18098, 12705, 11004, 2695, 10048, 10960, 2766, 15661, 13258, 8015, 6032, 16397, 7749, 19039, 7634, 15076, 4234, 15114, 8475, 8091, 19220, 18004, 9704, 13918, 15569, 16443, 10015, 9943, 7817, 9349, 2588, 8249, 398, 5316, 15538, 18372, 13559, 2937, 2803, 16248, 6155, 630, 9911, 13190, 19157, 15788, 13248, 13148, 1320, 12074, 8471, 8798, 3213, 12418, 814, 2402, 12718, 12397, 10564, 9875, 10128, 6947, 9491, 17707, 3266, 19196, 14309, 18523, 19043, 17975, 18063, 11618, 15016, 14434, 7680, 1739, 18029, 11694, 1745, 9271, 5189, 9561, 11283, 14978, 10753, 16017, 12914, 978, 2828, 17257, 13135, 5061, 121, 6602, 16015, 19271, 12159, 1244, 8260, 13195, 15873, 12815, 14291, 14515, 118, 4892, 14985, 9551, 12654, 4739, 927, 12176, 9523, 11726, 18187, 5880, 2569, 3386, 13942, 3390, 15774, 129, 65, 12922, 8422, 12692, 16213, 11515, 2111, 8347, 10758, 14064, 4401, 17782, 15621, 6709, 14716, 4091, 13964, 8424, 4218, 7249, 11311, 11171, 18564, 14755, 7114, 14009, 14815, 294, 495, 7684, 6833, 4046, 3505, 16995, 17858, 7761, 15803, 9840, 13958, 8226, 10369, 12497, 17142, 1748, 2854, 7159, 11539, 11055, 13337, 17173, 14214, 6803, 11144, 12649, 283, 15489, 13174, 7015, 610, 7030, 18206, 14077, 15468, 14962, 8046, 7809, 17387, 16034, 16678, 1173, 3502, 12942, 15655, 16859, 7099, 1673, 446, 1365, 5881, 3713, 11697, 1897, 16001, 1702, 14149, 11876, 9341, 4325, 6923, 2001, 138, 3276, 18716, 17604, 10501, 115, 12800, 6111, 11148, 4549, 16057, 4707, 6843, 16091, 4295, 7519, 13708, 12409, 11018, 5052, 13566, 14715, 12755, 793, 10837, 1888, 12375, 3935, 5763, 11791, 11258, 13264, 11469, 4683, 8905, 1853, 11600, 4421, 2798, 5074, 18141, 13807, 8595, 8126, 13837, 8060, 6956, 11767, 14560, 9389, 15261, 1232, 12560, 7262, 11504, 3546, 4627, 1177, 517, 4008, 9219, 17696, 4148, 14124, 13243, 11235, 7561, 8331, 16320, 3591, 11341, 4015, 12028, 14929, 18601, 3528, 14065, 1510, 19191, 13833, 17616, 10869, 17689, 831, 16725, 6319, 15465, 10467, 8162, 13563, 7728, 10778, 13545, 12290, 16480, 14401, 12838, 4212, 17529, 4832, 15111, 12690, 10373, 7596, 18614, 17477, 1043, 13100, 4774, 17479, 3774, 9302, 3901, 13071, 6412, 9516, 1261, 3054, 13522, 17602, 14343, 18500, 10957, 2791, 9624, 3634, 17904, 5709, 14670, 11058, 7087, 7435, 13848, 82, 5565, 2562, 14029, 3583, 1676, 12709, 18473, 3158, 12787, 8068, 8263, 16146, 3593, 1802, 1861, 3348, 4487, 17749, 6105, 10471, 17472, 10200, 1182, 14180, 1076, 10156, 4839, 9903, 4879, 9720, 2157, 15344, 16067, 3064, 17182, 5368, 4987, 18484, 18923, 11896, 1052, 15727, 15289, 5885, 1933, 5251, 17072, 6038, 6195, 13524, 6606, 18506, 17536, 6784, 3231, 14121, 8925, 10030, 803, 13764, 146, 19268, 14099, 4130, 16372, 1537, 12248, 13718, 17187, 11728, 1740, 19233, 5600, 4092, 4779, 6028, 3395, 16152, 19150, 2417, 11980, 11237, 8427, 18127, 3538, 9257, 607, 2078, 18457, 5802, 3435, 15019, 4256, 9221, 13465, 11742, 5788, 9528, 17493, 4607, 3131, 6616, 5356, 1550, 4617, 8827, 849, 2601, 4437, 17861, 10261, 15704, 3890, 8149, 12063, 3086, 15925, 12301, 6847, 5603, 7768, 3187, 13372, 9258, 6584, 7594, 2603, 1835, 17380, 17193, 15251, 15937, 18731, 4082, 14911, 16626, 8824, 16208, 10167, 17711, 9678, 15852, 13620, 16479, 14586, 2446, 4866, 1315, 7746, 10615, 7927, 2443, 7157, 13506, 18410, 10494]",4527,1500,3,False,1500
5149,general negate,general explain,22,True,False,False,"{21: 26, 33: 14, 2: 18, 29: 13, 25: 57, 43: 9, 57: 16, 49: 16, 61: 14, 67: 52, 65: 21, 50: 28, 15: 53, 6: 13, 46: 15, 27: 69, 7: 65, 48: 67, 19: 21, 31: 14, 63: 26, 22: 39, 9: 79, 26: 40, 47: 15, 53: 66, 11: 19, 51: 26, 54: 9, 13: 32, 17: 37, 52: 30, 39: 27, 38: 19, 1: 6, 59: 33, 56: 23, 32: 9, 8: 25, 4: 12, 20: 26, 24: 7, 18: 31, 42: 7, 28: 31, 45: 57, 0: 13, 66: 11, 62: 11, 35: 7, 64: 15, 37: 2, 40: 25, 3: 3, 14: 5, 12: 8, 16: 15, 55: 16, 30: 13, 58: 6, 36: 4, 60: 5, 5: 3, 41: 2, 44: 2, 34: 2}","[12686, 3384, 6034, 14374, 14516, 14680, 18580, 5912, 661, 4433, 14182, 14634, 14672, 13694, 17233, 12320, 12666, 7276, 14925, 15315, 1125, 14820, 3769, 14096, 12401, 14972, 14176, 4685, 4278, 5735, 7514, 16051, 15882, 4696, 17145, 19193, 12994, 9901, 13641, 15193, 6739, 9240, 1608, 14664, 18117, 5676, 15714, 5964, 5329, 16651, 15936, 14441, 15878, 18316, 14255, 18692, 5858, 4640, 10716, 13839, 16635, 2097, 11464, 12427, 2320, 14629, 7617, 16183, 16205, 2170, 4384, 6683, 5285, 18707, 6780, 4231, 2404, 4895, 18091, 2944, 13054, 3904, 3491, 9455, 15985, 10432, 8657, 15304, 9114, 5838, 5197, 17244, 6207, 3970, 17246, 3950, 6168, 8697, 6800, 9942, 11118, 8582, 6355, 15275, 4581, 12724, 11921, 1833, 523, 7619, 15729, 176, 8576, 3101, 1573, 1283, 11796, 11277, 2547, 1738, 6806, 15187, 7129, 5179, 5854, 16373, 9231, 6270, 777, 2062, 13249, 4144, 6325, 3924, 5350, 14414, 3142, 2249, 6444, 13582, 2833, 18030, 6483, 18404, 15057, 7482, 15001, 15872, 14584, 10835, 954, 7257, 1381, 17819, 17518, 6497, 14430, 4901, 16466, 10805, 132, 7506, 755, 14427, 12119, 16613, 19042, 14994, 11257, 8042, 2144, 5966, 1580, 8010, 2550, 10684, 14088, 5037, 8764, 17076, 14185, 15984, 5299, 16601, 19182, 13197, 14561, 12605, 17010, 2703, 6715, 11207, 10188, 212, 2293, 17676, 1720, 5934, 112, 8568, 15870, 3226, 4524, 4431, 5141, 5383, 7609, 12807, 19001, 14368, 6704, 14903, 4172, 117, 18698, 1699, 16558, 7518, 10618, 2110, 10308, 7828, 6623, 17644, 4449, 951, 13858, 15106, 8402, 916, 4771, 8608, 6448, 6656, 13547, 2814, 8336, 8093, 6398, 637, 9909, 10621, 786, 14146, 17292, 9457, 3, 2884, 14785, 10504, 16361, 8181, 17690, 654, 11067, 18741, 386, 18208, 10130, 8079, 7082, 14740, 8076, 18619, 14428, 10992, 12679, 9431, 18328, 13606, 7641, 13542, 1002, 11975, 15646, 19078, 1352, 8683, 16053, 11763, 14823, 7059, 4995, 3754, 6213, 10090, 19084, 1973, 8131, 5353, 836, 13960, 3217, 4885, 9645, 16941, 14750, 13171, 9132, 1355, 4440, 15747, 8233, 6008, 12781, 16749, 13905, 18198, 5033, 2910, 16502, 1233, 965, 16926, 3944, 13518, 18213, 12739, 9972, 14609, 5764, 6128, 9532, 12680, 3672, 5458, 6822, 11547, 3163, 8040, 14081, 8369, 18182, 17541, 11552, 12451, 15074, 1783, 17730, 1690, 16992, 2490, 2459, 18065, 320, 18311, 45, 9495, 4572, 544, 12731, 16811, 15096, 14957, 4594, 16607, 2449, 7791, 13659, 8892, 1713, 17336, 6598, 13832, 10495, 18937, 3067, 3473, 12715, 13492, 14787, 16503, 17899, 16638, 2408, 7141, 10590, 2917, 14650, 12571, 4321, 2855, 1829, 3736, 3381, 11069, 16093, 15201, 14311, 9836, 18289, 16899, 897, 13981, 12223, 8884, 15721, 7778, 13648, 5737, 6550, 19249, 2715, 447, 12941, 8915, 18963, 16291, 760, 5869, 3635, 3439, 6740, 5003, 3174, 2945, 16056, 4860, 11216, 7363, 1147, 12124, 9764, 11245, 4361, 7784, 16285, 17057, 11203, 5114, 17655, 12056, 17890, 7741, 15799, 10258, 16088, 19222, 15303, 1433, 5991, 322, 2322, 3156, 9940, 7814, 17068, 16968, 10018, 1991, 11946, 8705, 10371, 4619, 11074, 2034, 15550, 11743, 18666, 13494, 14175, 13948, 15123, 11154, 10397, 1701, 4770, 839, 12085, 16500, 16241, 1535, 18782, 2221, 539, 18405, 4245, 103, 1571, 16945, 12196, 9441, 1732, 1367, 3596, 4794, 7230, 5245, 17483, 2955, 2003, 11509, 4044, 12934, 3456, 16693, 593, 4582, 14076, 10972, 1965, 7227, 14324, 8658, 3772, 8355, 11889, 1908, 2684, 10026, 1666, 16507, 5589, 9295, 8389, 2099, 18653, 13808, 19147, 6675, 10970, 2788, 19028, 16983, 16166, 9845, 8160, 11381, 10088, 10333, 11716, 14695, 12697, 4365, 3747, 17296, 11904, 74, 7047, 10639, 13094, 940, 10478, 2032, 6642, 14896, 10840, 5430, 5556, 12597, 2183, 18403, 4252, 14613, 18283, 8790, 12140, 13540, 13353, 14114, 13297, 4056, 14038, 11299, 13770, 11433, 14285, 1526, 1955, 15711, 255, 12481, 612, 1635, 4886, 357, 11434, 9524, 13106, 2607, 5391, 9406, 2331, 624, 2749, 17849, 9829, 11436, 18426, 9481, 18550, 15647, 532, 11720, 11824, 15610, 15741, 7902, 13558, 17967, 14539, 17889, 4631, 1238, 16921, 7787, 15293, 3108, 8215, 2851, 4514, 12938, 16730, 17178, 4890, 17960, 4725, 7917, 3191, 8231, 16341, 8195, 10913, 2173, 5557, 2637, 16896, 5806, 1815, 1451, 8864, 2290, 12108, 5328, 6203, 2431, 7508, 17898, 17188, 6897, 1199, 15526, 18437, 6631, 8644, 16917, 14964, 14233, 2454, 584, 4830, 7199, 4180, 14889, 5761, 13756, 6917, 7756, 18880, 15095, 1816, 14070, 16252, 7429, 16589, 1631, 15968, 15221, 12478, 18594, 1477, 5637, 12058, 1205, 13397, 9107, 18654, 1968, 3759, 13147, 14144, 14973, 12452, 18020, 13592, 17920, 13687, 11335, 7207, 418, 7834, 778, 12982, 10688, 9031, 509, 9601, 9780, 17040, 12023, 3916, 91, 6536, 18535, 7547, 15240, 707, 14533, 15064, 17012, 16805, 8637, 5969, 16221, 1940, 13307, 4717, 12615, 18220, 11028, 12170, 1743, 2376, 12415, 14220, 18827, 1294, 18543, 6977, 15309, 11778, 11842, 17103, 3857, 4637, 12162, 19169, 17166, 18237, 17818, 9507, 19022, 5790, 19112, 15611, 1118, 15184, 18703, 1817, 15530, 16579, 8437, 11839, 11378, 3537, 9205, 9217, 16272, 18759, 16828, 12002, 8348, 1723, 3481, 14115, 379, 8544, 264, 6015, 7672, 2253, 7364, 3706, 13796, 17139, 16125, 12059, 9623, 7185, 2418, 18230, 3087, 281, 4379, 1796, 8459, 4400, 17824, 2736, 16446, 13525, 15341, 3275, 7872, 1662, 7557, 4319, 15442, 7181, 10456, 4963, 17048, 16943, 12784, 3441, 5240, 9975, 13216, 17702, 11594, 13554, 6165, 19168, 16070, 3540, 3262, 10661, 4061, 13173, 2875, 17014, 4349, 10818, 8428, 16764, 14232, 8930, 15734, 17680, 7069, 15684, 17050, 18987, 6914, 6863, 19263, 10595, 150, 10039, 2722, 18223, 16444, 6559, 7258, 2661, 7699, 17136, 12773, 4247, 5723, 15194, 1696, 1500, 2807, 9893, 11835, 13240, 18313, 17107, 10265, 10244, 5570, 2862, 14049, 1012, 12861, 723, 9583, 17461, 10056, 1264, 8297, 3716, 14666, 15259, 13531, 543, 13723, 16810, 6700, 3516, 13766, 7186, 10692, 6321, 15484, 14547, 8744, 3703, 10383, 16829, 6366, 6846, 3906, 2021, 18133, 857, 279, 12232, 10212, 10541, 12325, 13475, 1225, 937, 6966, 10881, 16936, 18502, 1440, 11914, 3326, 5633, 14913, 4623, 10743, 12361, 17335, 1072, 5043, 14810, 15077, 3255, 17215, 6553, 17852, 4801, 6962, 3060, 9430, 8799, 13824, 188, 15175, 15163, 4733, 5011, 3536, 17635, 6532, 14071, 6112, 17158, 6597, 11272, 105, 19219, 5013, 12483, 201, 6848, 17033, 6367, 7859, 14702, 18844, 7053, 18694, 15670, 636, 10129, 6378, 5369, 7273, 16247, 9142, 15345, 16817, 14854, 2600, 15783, 889, 11833, 6612, 2068, 2427, 7062, 7918, 16181, 5464, 8339, 8950, 8453, 16423, 6064, 2380, 4268, 13929, 12974, 19141, 1299, 2484, 3883, 3273, 8772, 13256, 11239, 5766, 18098, 12705, 11004, 2695, 10048, 10960, 2766, 15661, 13258, 8015, 6032, 16397, 7749, 19039, 7634, 15076, 4234, 15114, 8475, 8091, 19220, 18004, 9704, 13918, 15569, 16443, 10015, 9943, 7817, 9349, 2588, 8249, 398, 5316, 15538, 18372, 13559, 2937, 2803, 16248, 6155, 630, 9911, 13190, 19157, 15788, 13248, 13148, 1320, 12074, 8471, 8798, 3213, 12418, 814, 2402, 12718, 12397, 10564, 9875, 10128, 6947, 9491, 17707, 3266, 19196, 14309, 18523, 19043, 17975, 18063, 11618, 15016, 14434, 7680, 1739, 18029, 11694, 1745, 9271, 5189, 9561, 11283, 14978, 10753, 16017, 12914, 978, 2828, 17257, 13135, 5061, 121, 6602, 16015, 19271, 12159, 1244, 8260, 13195, 15873, 12815, 14291, 14515, 118, 4892, 14985, 9551, 12654, 4739, 927, 12176, 9523, 11726, 18187, 5880, 2569, 3386, 13942, 3390, 15774, 129, 65, 12922, 8422, 12692, 16213, 11515, 2111, 8347, 10758, 14064, 4401, 17782, 15621, 6709, 14716, 4091, 13964, 8424, 4218, 7249, 11311, 11171, 18564, 14755, 7114, 14009, 14815, 294, 495, 7684, 6833, 4046, 3505, 16995, 17858, 7761, 15803, 9840, 13958, 8226, 10369, 12497, 17142, 1748, 2854, 7159, 11539, 11055, 13337, 17173, 14214, 6803, 11144, 12649, 283, 15489, 13174, 7015, 610, 7030, 18206, 14077, 15468, 14962, 8046, 7809, 17387, 16034, 16678, 1173, 3502, 12942, 15655, 16859, 7099, 1673, 446, 1365, 5881, 3713, 11697, 1897, 16001, 1702, 14149, 11876, 9341, 4325, 6923, 2001, 138, 3276, 18716, 17604, 10501, 115, 12800, 6111, 11148, 4549, 16057, 4707, 6843, 16091, 4295, 7519, 13708, 12409, 11018, 5052, 13566, 14715, 12755, 793, 10837, 1888, 12375, 3935, 5763, 11791, 11258, 13264, 11469, 4683, 8905, 1853, 11600, 4421, 2798, 5074, 18141, 13807, 8595, 8126, 13837, 8060, 6956, 11767, 14560, 9389, 15261, 1232, 12560, 7262, 11504, 3546, 4627, 1177, 517, 4008, 9219, 17696, 4148, 14124, 13243, 11235, 7561, 8331, 16320, 3591, 11341, 4015, 12028, 14929, 18601, 3528, 14065, 1510, 19191, 13833, 17616, 10869, 17689, 831, 16725, 6319, 15465, 10467, 8162, 13563, 7728, 10778, 13545, 12290, 16480, 14401, 12838, 4212, 17529, 4832, 15111, 12690, 10373, 7596, 18614, 17477, 1043, 13100, 4774, 17479, 3774, 9302, 3901, 13071, 6412, 9516, 1261, 3054, 13522, 17602, 14343, 18500, 10957, 2791, 9624, 3634, 17904, 5709, 14670, 11058, 7087, 7435, 13848, 82, 5565, 2562, 14029, 3583, 1676, 12709, 18473, 3158, 12787, 8068, 8263, 16146, 3593, 1802, 1861, 3348, 4487, 17749, 6105, 10471, 17472, 10200, 1182, 14180, 1076, 10156, 4839, 9903, 4879, 9720, 2157, 15344, 16067, 3064, 17182, 5368, 4987, 18484, 18923, 11896, 1052, 15727, 15289, 5885, 1933, 5251, 17072, 6038, 6195, 13524, 6606, 18506, 17536, 6784, 3231, 14121, 8925, 10030, 803, 13764, 146, 19268, 14099, 4130, 16372, 1537, 12248, 13718, 17187, 11728, 1740, 19233, 5600, 4092, 4779, 6028, 3395, 16152, 19150, 2417, 11980, 11237, 8427, 18127, 3538, 9257, 607, 2078, 18457, 5802, 3435, 15019, 4256, 9221, 13465, 11742, 5788, 9528, 17493, 4607, 3131, 6616, 5356, 1550, 4617, 8827, 849, 2601, 4437, 17861, 10261, 15704, 3890, 8149, 12063, 3086, 15925, 12301, 6847, 5603, 7768, 3187, 13372, 9258, 6584, 7594, 2603, 1835, 17380, 17193, 15251, 15937, 18731, 4082, 14911, 16626, 8824, 16208, 10167, 17711, 9678, 15852, 13620, 16479, 14586, 2446, 4866, 1315, 7746, 10615, 7927, 2443, 7157, 13506, 18410, 10494]",5149,1500,3,False,1500
604,calendar query,calendar query,7,True,True,True,"{21: 26, 33: 14, 2: 18, 29: 13, 25: 57, 43: 9, 57: 16, 49: 16, 61: 14, 67: 52, 65: 21, 50: 28, 15: 53, 6: 13, 46: 15, 27: 69, 7: 65, 48: 67, 19: 21, 31: 14, 63: 26, 22: 39, 9: 79, 26: 40, 47: 15, 53: 66, 11: 19, 51: 26, 54: 9, 13: 32, 17: 37, 52: 30, 39: 27, 38: 19, 1: 6, 59: 33, 56: 23, 32: 9, 8: 25, 4: 12, 20: 26, 24: 7, 18: 31, 42: 7, 28: 31, 45: 57, 0: 13, 66: 11, 62: 11, 35: 7, 64: 15, 37: 2, 40: 25, 3: 3, 14: 5, 12: 8, 16: 15, 55: 16, 30: 13, 58: 6, 36: 4, 60: 5, 5: 3, 41: 2, 44: 2, 34: 2}","[12686, 3384, 6034, 14374, 14516, 14680, 18580, 5912, 661, 4433, 14182, 14634, 14672, 13694, 17233, 12320, 12666, 7276, 14925, 15315, 1125, 14820, 3769, 14096, 12401, 14972, 14176, 4685, 4278, 5735, 7514, 16051, 15882, 4696, 17145, 19193, 12994, 9901, 13641, 15193, 6739, 9240, 1608, 14664, 18117, 5676, 15714, 5964, 5329, 16651, 15936, 14441, 15878, 18316, 14255, 18692, 5858, 4640, 10716, 13839, 16635, 2097, 11464, 12427, 2320, 14629, 7617, 16183, 16205, 2170, 4384, 6683, 5285, 18707, 6780, 4231, 2404, 4895, 18091, 2944, 13054, 3904, 3491, 9455, 15985, 10432, 8657, 15304, 9114, 5838, 5197, 17244, 6207, 3970, 17246, 3950, 6168, 8697, 6800, 9942, 11118, 8582, 6355, 15275, 4581, 12724, 11921, 1833, 523, 7619, 15729, 176, 8576, 3101, 1573, 1283, 11796, 11277, 2547, 1738, 6806, 15187, 7129, 5179, 5854, 16373, 9231, 6270, 777, 2062, 13249, 4144, 6325, 3924, 5350, 14414, 3142, 2249, 6444, 13582, 2833, 18030, 6483, 18404, 15057, 7482, 15001, 15872, 14584, 10835, 954, 7257, 1381, 17819, 17518, 6497, 14430, 4901, 16466, 10805, 132, 7506, 755, 14427, 12119, 16613, 19042, 14994, 11257, 8042, 2144, 5966, 1580, 8010, 2550, 10684, 14088, 5037, 8764, 17076, 14185, 15984, 5299, 16601, 19182, 13197, 14561, 12605, 17010, 2703, 6715, 11207, 10188, 212, 2293, 17676, 1720, 5934, 112, 8568, 15870, 3226, 4524, 4431, 5141, 5383, 7609, 12807, 19001, 14368, 6704, 14903, 4172, 117, 18698, 1699, 16558, 7518, 10618, 2110, 10308, 7828, 6623, 17644, 4449, 951, 13858, 15106, 8402, 916, 4771, 8608, 6448, 6656, 13547, 2814, 8336, 8093, 6398, 637, 9909, 10621, 786, 14146, 17292, 9457, 3, 2884, 14785, 10504, 16361, 8181, 17690, 654, 11067, 18741, 386, 18208, 10130, 8079, 7082, 14740, 8076, 18619, 14428, 10992, 12679, 9431, 18328, 13606, 7641, 13542, 1002, 11975, 15646, 19078, 1352, 8683, 16053, 11763, 14823, 7059, 4995, 3754, 6213, 10090, 19084, 1973, 8131, 5353, 836, 13960, 3217, 4885, 9645, 16941, 14750, 13171, 9132, 1355, 4440, 15747, 8233, 6008, 12781, 16749, 13905, 18198, 5033, 2910, 16502, 1233, 965, 16926, 3944, 13518, 18213, 12739, 9972, 14609, 5764, 6128, 9532, 12680, 3672, 5458, 6822, 11547, 3163, 8040, 14081, 8369, 18182, 17541, 11552, 12451, 15074, 1783, 17730, 1690, 16992, 2490, 2459, 18065, 320, 18311, 45, 9495, 4572, 544, 12731, 16811, 15096, 14957, 4594, 16607, 2449, 7791, 13659, 8892, 1713, 17336, 6598, 13832, 10495, 18937, 3067, 3473, 12715, 13492, 14787, 16503, 17899, 16638, 2408, 7141, 10590, 2917, 14650, 12571, 4321, 2855, 1829, 3736, 3381, 11069, 16093, 15201, 14311, 9836, 18289, 16899, 897, 13981, 12223, 8884, 15721, 7778, 13648, 5737, 6550, 19249, 2715, 447, 12941, 8915, 18963, 16291, 760, 5869, 3635, 3439, 6740, 5003, 3174, 2945, 16056, 4860, 11216, 7363, 1147, 12124, 9764, 11245, 4361, 7784, 16285, 17057, 11203, 5114, 17655, 12056, 17890, 7741, 15799, 10258, 16088, 19222, 15303, 1433, 5991, 322, 2322, 3156, 9940, 7814, 17068, 16968, 10018, 1991, 11946, 8705, 10371, 4619, 11074, 2034, 15550, 11743, 18666, 13494, 14175, 13948, 15123, 11154, 10397, 1701, 4770, 839, 12085, 16500, 16241, 1535, 18782, 2221, 539, 18405, 4245, 103, 1571, 16945, 12196, 9441, 1732, 1367, 3596, 4794, 7230, 5245, 17483, 2955, 2003, 11509, 4044, 12934, 3456, 16693, 593, 4582, 14076, 10972, 1965, 7227, 14324, 8658, 3772, 8355, 11889, 1908, 2684, 10026, 1666, 16507, 5589, 9295, 8389, 2099, 18653, 13808, 19147, 6675, 10970, 2788, 19028, 16983, 16166, 9845, 8160, 11381, 10088, 10333, 11716, 14695, 12697, 4365, 3747, 17296, 11904, 74, 7047, 10639, 13094, 940, 10478, 2032, 6642, 14896, 10840, 5430, 5556, 12597, 2183, 18403, 4252, 14613, 18283, 8790, 12140, 13540, 13353, 14114, 13297, 4056, 14038, 11299, 13770, 11433, 14285, 1526, 1955, 15711, 255, 12481, 612, 1635, 4886, 357, 11434, 9524, 13106, 2607, 5391, 9406, 2331, 624, 2749, 17849, 9829, 11436, 18426, 9481, 18550, 15647, 532, 11720, 11824, 15610, 15741, 7902, 13558, 17967, 14539, 17889, 4631, 1238, 16921, 7787, 15293, 3108, 8215, 2851, 4514, 12938, 16730, 17178, 4890, 17960, 4725, 7917, 3191, 8231, 16341, 8195, 10913, 2173, 5557, 2637, 16896, 5806, 1815, 1451, 8864, 2290, 12108, 5328, 6203, 2431, 7508, 17898, 17188, 6897, 1199, 15526, 18437, 6631, 8644, 16917, 14964, 14233, 2454, 584, 4830, 7199, 4180, 14889, 5761, 13756, 6917, 7756, 18880, 15095, 1816, 14070, 16252, 7429, 16589, 1631, 15968, 15221, 12478, 18594, 1477, 5637, 12058, 1205, 13397, 9107, 18654, 1968, 3759, 13147, 14144, 14973, 12452, 18020, 13592, 17920, 13687, 11335, 7207, 418, 7834, 778, 12982, 10688, 9031, 509, 9601, 9780, 17040, 12023, 3916, 91, 6536, 18535, 7547, 15240, 707, 14533, 15064, 17012, 16805, 8637, 5969, 16221, 1940, 13307, 4717, 12615, 18220, 11028, 12170, 1743, 2376, 12415, 14220, 18827, 1294, 18543, 6977, 15309, 11778, 11842, 17103, 3857, 4637, 12162, 19169, 17166, 18237, 17818, 9507, 19022, 5790, 19112, 15611, 1118, 15184, 18703, 1817, 15530, 16579, 8437, 11839, 11378, 3537, 9205, 9217, 16272, 18759, 16828, 12002, 8348, 1723, 3481, 14115, 379, 8544, 264, 6015, 7672, 2253, 7364, 3706, 13796, 17139, 16125, 12059, 9623, 7185, 2418, 18230, 3087, 281, 4379, 1796, 8459, 4400, 17824, 2736, 16446, 13525, 15341, 3275, 7872, 1662, 7557, 4319, 15442, 7181, 10456, 4963, 17048, 16943, 12784, 3441, 5240, 9975, 13216, 17702, 11594, 13554, 6165, 19168, 16070, 3540, 3262, 10661, 4061, 13173, 2875, 17014, 4349, 10818, 8428, 16764, 14232, 8930, 15734, 17680, 7069, 15684, 17050, 18987, 6914, 6863, 19263, 10595, 150, 10039, 2722, 18223, 16444, 6559, 7258, 2661, 7699, 17136, 12773, 4247, 5723, 15194, 1696, 1500, 2807, 9893, 11835, 13240, 18313, 17107, 10265, 10244, 5570, 2862, 14049, 1012, 12861, 723, 9583, 17461, 10056, 1264, 8297, 3716, 14666, 15259, 13531, 543, 13723, 16810, 6700, 3516, 13766, 7186, 10692, 6321, 15484, 14547, 8744, 3703, 10383, 16829, 6366, 6846, 3906, 2021, 18133, 857, 279, 12232, 10212, 10541, 12325, 13475, 1225, 937, 6966, 10881, 16936, 18502, 1440, 11914, 3326, 5633, 14913, 4623, 10743, 12361, 17335, 1072, 5043, 14810, 15077, 3255, 17215, 6553, 17852, 4801, 6962, 3060, 9430, 8799, 13824, 188, 15175, 15163, 4733, 5011, 3536, 17635, 6532, 14071, 6112, 17158, 6597, 11272, 105, 19219, 5013, 12483, 201, 6848, 17033, 6367, 7859, 14702, 18844, 7053, 18694, 15670, 636, 10129, 6378, 5369, 7273, 16247, 9142, 15345, 16817, 14854, 2600, 15783, 889, 11833, 6612, 2068, 2427, 7062, 7918, 16181, 5464, 8339, 8950, 8453, 16423, 6064, 2380, 4268, 13929, 12974, 19141, 1299, 2484, 3883, 3273, 8772, 13256, 11239, 5766, 18098, 12705, 11004, 2695, 10048, 10960, 2766, 15661, 13258, 8015, 6032, 16397, 7749, 19039, 7634, 15076, 4234, 15114, 8475, 8091, 19220, 18004, 9704, 13918, 15569, 16443, 10015, 9943, 7817, 9349, 2588, 8249, 398, 5316, 15538, 18372, 13559, 2937, 2803, 16248, 6155, 630, 9911, 13190, 19157, 15788, 13248, 13148, 1320, 12074, 8471, 8798, 3213, 12418, 814, 2402, 12718, 12397, 10564, 9875, 10128, 6947, 9491, 17707, 3266, 19196, 14309, 18523, 19043, 17975, 18063, 11618, 15016, 14434, 7680, 1739, 18029, 11694, 1745, 9271, 5189, 9561, 11283, 14978, 10753, 16017, 12914, 978, 2828, 17257, 13135, 5061, 121, 6602, 16015, 19271, 12159, 1244, 8260, 13195, 15873, 12815, 14291, 14515, 118, 4892, 14985, 9551, 12654, 4739, 927, 12176, 9523, 11726, 18187, 5880, 2569, 3386, 13942, 3390, 15774, 129, 65, 12922, 8422, 12692, 16213, 11515, 2111, 8347, 10758, 14064, 4401, 17782, 15621, 6709, 14716, 4091, 13964, 8424, 4218, 7249, 11311, 11171, 18564, 14755, 7114, 14009, 14815, 294, 495, 7684, 6833, 4046, 3505, 16995, 17858, 7761, 15803, 9840, 13958, 8226, 10369, 12497, 17142, 1748, 2854, 7159, 11539, 11055, 13337, 17173, 14214, 6803, 11144, 12649, 283, 15489, 13174, 7015, 610, 7030, 18206, 14077, 15468, 14962, 8046, 7809, 17387, 16034, 16678, 1173, 3502, 12942, 15655, 16859, 7099, 1673, 446, 1365, 5881, 3713, 11697, 1897, 16001, 1702, 14149, 11876, 9341, 4325, 6923, 2001, 138, 3276, 18716, 17604, 10501, 115, 12800, 6111, 11148, 4549, 16057, 4707, 6843, 16091, 4295, 7519, 13708, 12409, 11018, 5052, 13566, 14715, 12755, 793, 10837, 1888, 12375, 3935, 5763, 11791, 11258, 13264, 11469, 4683, 8905, 1853, 11600, 4421, 2798, 5074, 18141, 13807, 8595, 8126, 13837, 8060, 6956, 11767, 14560, 9389, 15261, 1232, 12560, 7262, 11504, 3546, 4627, 1177, 517, 4008, 9219, 17696, 4148, 14124, 13243, 11235, 7561, 8331, 16320, 3591, 11341, 4015, 12028, 14929, 18601, 3528, 14065, 1510, 19191, 13833, 17616, 10869, 17689, 831, 16725, 6319, 15465, 10467, 8162, 13563, 7728, 10778, 13545, 12290, 16480, 14401, 12838, 4212, 17529, 4832, 15111, 12690, 10373, 7596, 18614, 17477, 1043, 13100, 4774, 17479, 3774, 9302, 3901, 13071, 6412, 9516, 1261, 3054, 13522, 17602, 14343, 18500, 10957, 2791, 9624, 3634, 17904, 5709, 14670, 11058, 7087, 7435, 13848, 82, 5565, 2562, 14029, 3583, 1676, 12709, 18473, 3158, 12787, 8068, 8263, 16146, 3593, 1802, 1861, 3348, 4487, 17749, 6105, 10471, 17472, 10200, 1182, 14180, 1076, 10156, 4839, 9903, 4879, 9720, 2157, 15344, 16067, 3064, 17182, 5368, 4987, 18484, 18923, 11896, 1052, 15727, 15289, 5885, 1933, 5251, 17072, 6038, 6195, 13524, 6606, 18506, 17536, 6784, 3231, 14121, 8925, 10030, 803, 13764, 146, 19268, 14099, 4130, 16372, 1537, 12248, 13718, 17187, 11728, 1740, 19233, 5600, 4092, 4779, 6028, 3395, 16152, 19150, 2417, 11980, 11237, 8427, 18127, 3538, 9257, 607, 2078, 18457, 5802, 3435, 15019, 4256, 9221, 13465, 11742, 5788, 9528, 17493, 4607, 3131, 6616, 5356, 1550, 4617, 8827, 849, 2601, 4437, 17861, 10261, 15704, 3890, 8149, 12063, 3086, 15925, 12301, 6847, 5603, 7768, 3187, 13372, 9258, 6584, 7594, 2603, 1835, 17380, 17193, 15251, 15937, 18731, 4082, 14911, 16626, 8824, 16208, 10167, 17711, 9678, 15852, 13620, 16479, 14586, 2446, 4866, 1315, 7746, 10615, 7927, 2443, 7157, 13506, 18410, 10494]",604,1500,3,False,1500
4498,general affirm,general aff,18,True,True,False,"{21: 26, 33: 14, 2: 18, 29: 13, 25: 57, 43: 9, 57: 16, 49: 16, 61: 14, 67: 52, 65: 21, 50: 28, 15: 53, 6: 13, 46: 15, 27: 69, 7: 65, 48: 67, 19: 21, 31: 14, 63: 26, 22: 39, 9: 79, 26: 40, 47: 15, 53: 66, 11: 19, 51: 26, 54: 9, 13: 32, 17: 37, 52: 30, 39: 27, 38: 19, 1: 6, 59: 33, 56: 23, 32: 9, 8: 25, 4: 12, 20: 26, 24: 7, 18: 31, 42: 7, 28: 31, 45: 57, 0: 13, 66: 11, 62: 11, 35: 7, 64: 15, 37: 2, 40: 25, 3: 3, 14: 5, 12: 8, 16: 15, 55: 16, 30: 13, 58: 6, 36: 4, 60: 5, 5: 3, 41: 2, 44: 2, 34: 2}","[12686, 3384, 6034, 14374, 14516, 14680, 18580, 5912, 661, 4433, 14182, 14634, 14672, 13694, 17233, 12320, 12666, 7276, 14925, 15315, 1125, 14820, 3769, 14096, 12401, 14972, 14176, 4685, 4278, 5735, 7514, 16051, 15882, 4696, 17145, 19193, 12994, 9901, 13641, 15193, 6739, 9240, 1608, 14664, 18117, 5676, 15714, 5964, 5329, 16651, 15936, 14441, 15878, 18316, 14255, 18692, 5858, 4640, 10716, 13839, 16635, 2097, 11464, 12427, 2320, 14629, 7617, 16183, 16205, 2170, 4384, 6683, 5285, 18707, 6780, 4231, 2404, 4895, 18091, 2944, 13054, 3904, 3491, 9455, 15985, 10432, 8657, 15304, 9114, 5838, 5197, 17244, 6207, 3970, 17246, 3950, 6168, 8697, 6800, 9942, 11118, 8582, 6355, 15275, 4581, 12724, 11921, 1833, 523, 7619, 15729, 176, 8576, 3101, 1573, 1283, 11796, 11277, 2547, 1738, 6806, 15187, 7129, 5179, 5854, 16373, 9231, 6270, 777, 2062, 13249, 4144, 6325, 3924, 5350, 14414, 3142, 2249, 6444, 13582, 2833, 18030, 6483, 18404, 15057, 7482, 15001, 15872, 14584, 10835, 954, 7257, 1381, 17819, 17518, 6497, 14430, 4901, 16466, 10805, 132, 7506, 755, 14427, 12119, 16613, 19042, 14994, 11257, 8042, 2144, 5966, 1580, 8010, 2550, 10684, 14088, 5037, 8764, 17076, 14185, 15984, 5299, 16601, 19182, 13197, 14561, 12605, 17010, 2703, 6715, 11207, 10188, 212, 2293, 17676, 1720, 5934, 112, 8568, 15870, 3226, 4524, 4431, 5141, 5383, 7609, 12807, 19001, 14368, 6704, 14903, 4172, 117, 18698, 1699, 16558, 7518, 10618, 2110, 10308, 7828, 6623, 17644, 4449, 951, 13858, 15106, 8402, 916, 4771, 8608, 6448, 6656, 13547, 2814, 8336, 8093, 6398, 637, 9909, 10621, 786, 14146, 17292, 9457, 3, 2884, 14785, 10504, 16361, 8181, 17690, 654, 11067, 18741, 386, 18208, 10130, 8079, 7082, 14740, 8076, 18619, 14428, 10992, 12679, 9431, 18328, 13606, 7641, 13542, 1002, 11975, 15646, 19078, 1352, 8683, 16053, 11763, 14823, 7059, 4995, 3754, 6213, 10090, 19084, 1973, 8131, 5353, 836, 13960, 3217, 4885, 9645, 16941, 14750, 13171, 9132, 1355, 4440, 15747, 8233, 6008, 12781, 16749, 13905, 18198, 5033, 2910, 16502, 1233, 965, 16926, 3944, 13518, 18213, 12739, 9972, 14609, 5764, 6128, 9532, 12680, 3672, 5458, 6822, 11547, 3163, 8040, 14081, 8369, 18182, 17541, 11552, 12451, 15074, 1783, 17730, 1690, 16992, 2490, 2459, 18065, 320, 18311, 45, 9495, 4572, 544, 12731, 16811, 15096, 14957, 4594, 16607, 2449, 7791, 13659, 8892, 1713, 17336, 6598, 13832, 10495, 18937, 3067, 3473, 12715, 13492, 14787, 16503, 17899, 16638, 2408, 7141, 10590, 2917, 14650, 12571, 4321, 2855, 1829, 3736, 3381, 11069, 16093, 15201, 14311, 9836, 18289, 16899, 897, 13981, 12223, 8884, 15721, 7778, 13648, 5737, 6550, 19249, 2715, 447, 12941, 8915, 18963, 16291, 760, 5869, 3635, 3439, 6740, 5003, 3174, 2945, 16056, 4860, 11216, 7363, 1147, 12124, 9764, 11245, 4361, 7784, 16285, 17057, 11203, 5114, 17655, 12056, 17890, 7741, 15799, 10258, 16088, 19222, 15303, 1433, 5991, 322, 2322, 3156, 9940, 7814, 17068, 16968, 10018, 1991, 11946, 8705, 10371, 4619, 11074, 2034, 15550, 11743, 18666, 13494, 14175, 13948, 15123, 11154, 10397, 1701, 4770, 839, 12085, 16500, 16241, 1535, 18782, 2221, 539, 18405, 4245, 103, 1571, 16945, 12196, 9441, 1732, 1367, 3596, 4794, 7230, 5245, 17483, 2955, 2003, 11509, 4044, 12934, 3456, 16693, 593, 4582, 14076, 10972, 1965, 7227, 14324, 8658, 3772, 8355, 11889, 1908, 2684, 10026, 1666, 16507, 5589, 9295, 8389, 2099, 18653, 13808, 19147, 6675, 10970, 2788, 19028, 16983, 16166, 9845, 8160, 11381, 10088, 10333, 11716, 14695, 12697, 4365, 3747, 17296, 11904, 74, 7047, 10639, 13094, 940, 10478, 2032, 6642, 14896, 10840, 5430, 5556, 12597, 2183, 18403, 4252, 14613, 18283, 8790, 12140, 13540, 13353, 14114, 13297, 4056, 14038, 11299, 13770, 11433, 14285, 1526, 1955, 15711, 255, 12481, 612, 1635, 4886, 357, 11434, 9524, 13106, 2607, 5391, 9406, 2331, 624, 2749, 17849, 9829, 11436, 18426, 9481, 18550, 15647, 532, 11720, 11824, 15610, 15741, 7902, 13558, 17967, 14539, 17889, 4631, 1238, 16921, 7787, 15293, 3108, 8215, 2851, 4514, 12938, 16730, 17178, 4890, 17960, 4725, 7917, 3191, 8231, 16341, 8195, 10913, 2173, 5557, 2637, 16896, 5806, 1815, 1451, 8864, 2290, 12108, 5328, 6203, 2431, 7508, 17898, 17188, 6897, 1199, 15526, 18437, 6631, 8644, 16917, 14964, 14233, 2454, 584, 4830, 7199, 4180, 14889, 5761, 13756, 6917, 7756, 18880, 15095, 1816, 14070, 16252, 7429, 16589, 1631, 15968, 15221, 12478, 18594, 1477, 5637, 12058, 1205, 13397, 9107, 18654, 1968, 3759, 13147, 14144, 14973, 12452, 18020, 13592, 17920, 13687, 11335, 7207, 418, 7834, 778, 12982, 10688, 9031, 509, 9601, 9780, 17040, 12023, 3916, 91, 6536, 18535, 7547, 15240, 707, 14533, 15064, 17012, 16805, 8637, 5969, 16221, 1940, 13307, 4717, 12615, 18220, 11028, 12170, 1743, 2376, 12415, 14220, 18827, 1294, 18543, 6977, 15309, 11778, 11842, 17103, 3857, 4637, 12162, 19169, 17166, 18237, 17818, 9507, 19022, 5790, 19112, 15611, 1118, 15184, 18703, 1817, 15530, 16579, 8437, 11839, 11378, 3537, 9205, 9217, 16272, 18759, 16828, 12002, 8348, 1723, 3481, 14115, 379, 8544, 264, 6015, 7672, 2253, 7364, 3706, 13796, 17139, 16125, 12059, 9623, 7185, 2418, 18230, 3087, 281, 4379, 1796, 8459, 4400, 17824, 2736, 16446, 13525, 15341, 3275, 7872, 1662, 7557, 4319, 15442, 7181, 10456, 4963, 17048, 16943, 12784, 3441, 5240, 9975, 13216, 17702, 11594, 13554, 6165, 19168, 16070, 3540, 3262, 10661, 4061, 13173, 2875, 17014, 4349, 10818, 8428, 16764, 14232, 8930, 15734, 17680, 7069, 15684, 17050, 18987, 6914, 6863, 19263, 10595, 150, 10039, 2722, 18223, 16444, 6559, 7258, 2661, 7699, 17136, 12773, 4247, 5723, 15194, 1696, 1500, 2807, 9893, 11835, 13240, 18313, 17107, 10265, 10244, 5570, 2862, 14049, 1012, 12861, 723, 9583, 17461, 10056, 1264, 8297, 3716, 14666, 15259, 13531, 543, 13723, 16810, 6700, 3516, 13766, 7186, 10692, 6321, 15484, 14547, 8744, 3703, 10383, 16829, 6366, 6846, 3906, 2021, 18133, 857, 279, 12232, 10212, 10541, 12325, 13475, 1225, 937, 6966, 10881, 16936, 18502, 1440, 11914, 3326, 5633, 14913, 4623, 10743, 12361, 17335, 1072, 5043, 14810, 15077, 3255, 17215, 6553, 17852, 4801, 6962, 3060, 9430, 8799, 13824, 188, 15175, 15163, 4733, 5011, 3536, 17635, 6532, 14071, 6112, 17158, 6597, 11272, 105, 19219, 5013, 12483, 201, 6848, 17033, 6367, 7859, 14702, 18844, 7053, 18694, 15670, 636, 10129, 6378, 5369, 7273, 16247, 9142, 15345, 16817, 14854, 2600, 15783, 889, 11833, 6612, 2068, 2427, 7062, 7918, 16181, 5464, 8339, 8950, 8453, 16423, 6064, 2380, 4268, 13929, 12974, 19141, 1299, 2484, 3883, 3273, 8772, 13256, 11239, 5766, 18098, 12705, 11004, 2695, 10048, 10960, 2766, 15661, 13258, 8015, 6032, 16397, 7749, 19039, 7634, 15076, 4234, 15114, 8475, 8091, 19220, 18004, 9704, 13918, 15569, 16443, 10015, 9943, 7817, 9349, 2588, 8249, 398, 5316, 15538, 18372, 13559, 2937, 2803, 16248, 6155, 630, 9911, 13190, 19157, 15788, 13248, 13148, 1320, 12074, 8471, 8798, 3213, 12418, 814, 2402, 12718, 12397, 10564, 9875, 10128, 6947, 9491, 17707, 3266, 19196, 14309, 18523, 19043, 17975, 18063, 11618, 15016, 14434, 7680, 1739, 18029, 11694, 1745, 9271, 5189, 9561, 11283, 14978, 10753, 16017, 12914, 978, 2828, 17257, 13135, 5061, 121, 6602, 16015, 19271, 12159, 1244, 8260, 13195, 15873, 12815, 14291, 14515, 118, 4892, 14985, 9551, 12654, 4739, 927, 12176, 9523, 11726, 18187, 5880, 2569, 3386, 13942, 3390, 15774, 129, 65, 12922, 8422, 12692, 16213, 11515, 2111, 8347, 10758, 14064, 4401, 17782, 15621, 6709, 14716, 4091, 13964, 8424, 4218, 7249, 11311, 11171, 18564, 14755, 7114, 14009, 14815, 294, 495, 7684, 6833, 4046, 3505, 16995, 17858, 7761, 15803, 9840, 13958, 8226, 10369, 12497, 17142, 1748, 2854, 7159, 11539, 11055, 13337, 17173, 14214, 6803, 11144, 12649, 283, 15489, 13174, 7015, 610, 7030, 18206, 14077, 15468, 14962, 8046, 7809, 17387, 16034, 16678, 1173, 3502, 12942, 15655, 16859, 7099, 1673, 446, 1365, 5881, 3713, 11697, 1897, 16001, 1702, 14149, 11876, 9341, 4325, 6923, 2001, 138, 3276, 18716, 17604, 10501, 115, 12800, 6111, 11148, 4549, 16057, 4707, 6843, 16091, 4295, 7519, 13708, 12409, 11018, 5052, 13566, 14715, 12755, 793, 10837, 1888, 12375, 3935, 5763, 11791, 11258, 13264, 11469, 4683, 8905, 1853, 11600, 4421, 2798, 5074, 18141, 13807, 8595, 8126, 13837, 8060, 6956, 11767, 14560, 9389, 15261, 1232, 12560, 7262, 11504, 3546, 4627, 1177, 517, 4008, 9219, 17696, 4148, 14124, 13243, 11235, 7561, 8331, 16320, 3591, 11341, 4015, 12028, 14929, 18601, 3528, 14065, 1510, 19191, 13833, 17616, 10869, 17689, 831, 16725, 6319, 15465, 10467, 8162, 13563, 7728, 10778, 13545, 12290, 16480, 14401, 12838, 4212, 17529, 4832, 15111, 12690, 10373, 7596, 18614, 17477, 1043, 13100, 4774, 17479, 3774, 9302, 3901, 13071, 6412, 9516, 1261, 3054, 13522, 17602, 14343, 18500, 10957, 2791, 9624, 3634, 17904, 5709, 14670, 11058, 7087, 7435, 13848, 82, 5565, 2562, 14029, 3583, 1676, 12709, 18473, 3158, 12787, 8068, 8263, 16146, 3593, 1802, 1861, 3348, 4487, 17749, 6105, 10471, 17472, 10200, 1182, 14180, 1076, 10156, 4839, 9903, 4879, 9720, 2157, 15344, 16067, 3064, 17182, 5368, 4987, 18484, 18923, 11896, 1052, 15727, 15289, 5885, 1933, 5251, 17072, 6038, 6195, 13524, 6606, 18506, 17536, 6784, 3231, 14121, 8925, 10030, 803, 13764, 146, 19268, 14099, 4130, 16372, 1537, 12248, 13718, 17187, 11728, 1740, 19233, 5600, 4092, 4779, 6028, 3395, 16152, 19150, 2417, 11980, 11237, 8427, 18127, 3538, 9257, 607, 2078, 18457, 5802, 3435, 15019, 4256, 9221, 13465, 11742, 5788, 9528, 17493, 4607, 3131, 6616, 5356, 1550, 4617, 8827, 849, 2601, 4437, 17861, 10261, 15704, 3890, 8149, 12063, 3086, 15925, 12301, 6847, 5603, 7768, 3187, 13372, 9258, 6584, 7594, 2603, 1835, 17380, 17193, 15251, 15937, 18731, 4082, 14911, 16626, 8824, 16208, 10167, 17711, 9678, 15852, 13620, 16479, 14586, 2446, 4866, 1315, 7746, 10615, 7927, 2443, 7157, 13506, 18410, 10494]",4498,1500,3,False,1500
3145,calendar query,datetime query,13,True,False,True,"{21: 26, 33: 14, 2: 18, 29: 13, 25: 57, 43: 9, 57: 16, 49: 16, 61: 14, 67: 52, 65: 21, 50: 28, 15: 53, 6: 13, 46: 15, 27: 69, 7: 65, 48: 67, 19: 21, 31: 14, 63: 26, 22: 39, 9: 79, 26: 40, 47: 15, 53: 66, 11: 19, 51: 26, 54: 9, 13: 32, 17: 37, 52: 30, 39: 27, 38: 19, 1: 6, 59: 33, 56: 23, 32: 9, 8: 25, 4: 12, 20: 26, 24: 7, 18: 31, 42: 7, 28: 31, 45: 57, 0: 13, 66: 11, 62: 11, 35: 7, 64: 15, 37: 2, 40: 25, 3: 3, 14: 5, 12: 8, 16: 15, 55: 16, 30: 13, 58: 6, 36: 4, 60: 5, 5: 3, 41: 2, 44: 2, 34: 2}","[12686, 3384, 6034, 14374, 14516, 14680, 18580, 5912, 661, 4433, 14182, 14634, 14672, 13694, 17233, 12320, 12666, 7276, 14925, 15315, 1125, 14820, 3769, 14096, 12401, 14972, 14176, 4685, 4278, 5735, 7514, 16051, 15882, 4696, 17145, 19193, 12994, 9901, 13641, 15193, 6739, 9240, 1608, 14664, 18117, 5676, 15714, 5964, 5329, 16651, 15936, 14441, 15878, 18316, 14255, 18692, 5858, 4640, 10716, 13839, 16635, 2097, 11464, 12427, 2320, 14629, 7617, 16183, 16205, 2170, 4384, 6683, 5285, 18707, 6780, 4231, 2404, 4895, 18091, 2944, 13054, 3904, 3491, 9455, 15985, 10432, 8657, 15304, 9114, 5838, 5197, 17244, 6207, 3970, 17246, 3950, 6168, 8697, 6800, 9942, 11118, 8582, 6355, 15275, 4581, 12724, 11921, 1833, 523, 7619, 15729, 176, 8576, 3101, 1573, 1283, 11796, 11277, 2547, 1738, 6806, 15187, 7129, 5179, 5854, 16373, 9231, 6270, 777, 2062, 13249, 4144, 6325, 3924, 5350, 14414, 3142, 2249, 6444, 13582, 2833, 18030, 6483, 18404, 15057, 7482, 15001, 15872, 14584, 10835, 954, 7257, 1381, 17819, 17518, 6497, 14430, 4901, 16466, 10805, 132, 7506, 755, 14427, 12119, 16613, 19042, 14994, 11257, 8042, 2144, 5966, 1580, 8010, 2550, 10684, 14088, 5037, 8764, 17076, 14185, 15984, 5299, 16601, 19182, 13197, 14561, 12605, 17010, 2703, 6715, 11207, 10188, 212, 2293, 17676, 1720, 5934, 112, 8568, 15870, 3226, 4524, 4431, 5141, 5383, 7609, 12807, 19001, 14368, 6704, 14903, 4172, 117, 18698, 1699, 16558, 7518, 10618, 2110, 10308, 7828, 6623, 17644, 4449, 951, 13858, 15106, 8402, 916, 4771, 8608, 6448, 6656, 13547, 2814, 8336, 8093, 6398, 637, 9909, 10621, 786, 14146, 17292, 9457, 3, 2884, 14785, 10504, 16361, 8181, 17690, 654, 11067, 18741, 386, 18208, 10130, 8079, 7082, 14740, 8076, 18619, 14428, 10992, 12679, 9431, 18328, 13606, 7641, 13542, 1002, 11975, 15646, 19078, 1352, 8683, 16053, 11763, 14823, 7059, 4995, 3754, 6213, 10090, 19084, 1973, 8131, 5353, 836, 13960, 3217, 4885, 9645, 16941, 14750, 13171, 9132, 1355, 4440, 15747, 8233, 6008, 12781, 16749, 13905, 18198, 5033, 2910, 16502, 1233, 965, 16926, 3944, 13518, 18213, 12739, 9972, 14609, 5764, 6128, 9532, 12680, 3672, 5458, 6822, 11547, 3163, 8040, 14081, 8369, 18182, 17541, 11552, 12451, 15074, 1783, 17730, 1690, 16992, 2490, 2459, 18065, 320, 18311, 45, 9495, 4572, 544, 12731, 16811, 15096, 14957, 4594, 16607, 2449, 7791, 13659, 8892, 1713, 17336, 6598, 13832, 10495, 18937, 3067, 3473, 12715, 13492, 14787, 16503, 17899, 16638, 2408, 7141, 10590, 2917, 14650, 12571, 4321, 2855, 1829, 3736, 3381, 11069, 16093, 15201, 14311, 9836, 18289, 16899, 897, 13981, 12223, 8884, 15721, 7778, 13648, 5737, 6550, 19249, 2715, 447, 12941, 8915, 18963, 16291, 760, 5869, 3635, 3439, 6740, 5003, 3174, 2945, 16056, 4860, 11216, 7363, 1147, 12124, 9764, 11245, 4361, 7784, 16285, 17057, 11203, 5114, 17655, 12056, 17890, 7741, 15799, 10258, 16088, 19222, 15303, 1433, 5991, 322, 2322, 3156, 9940, 7814, 17068, 16968, 10018, 1991, 11946, 8705, 10371, 4619, 11074, 2034, 15550, 11743, 18666, 13494, 14175, 13948, 15123, 11154, 10397, 1701, 4770, 839, 12085, 16500, 16241, 1535, 18782, 2221, 539, 18405, 4245, 103, 1571, 16945, 12196, 9441, 1732, 1367, 3596, 4794, 7230, 5245, 17483, 2955, 2003, 11509, 4044, 12934, 3456, 16693, 593, 4582, 14076, 10972, 1965, 7227, 14324, 8658, 3772, 8355, 11889, 1908, 2684, 10026, 1666, 16507, 5589, 9295, 8389, 2099, 18653, 13808, 19147, 6675, 10970, 2788, 19028, 16983, 16166, 9845, 8160, 11381, 10088, 10333, 11716, 14695, 12697, 4365, 3747, 17296, 11904, 74, 7047, 10639, 13094, 940, 10478, 2032, 6642, 14896, 10840, 5430, 5556, 12597, 2183, 18403, 4252, 14613, 18283, 8790, 12140, 13540, 13353, 14114, 13297, 4056, 14038, 11299, 13770, 11433, 14285, 1526, 1955, 15711, 255, 12481, 612, 1635, 4886, 357, 11434, 9524, 13106, 2607, 5391, 9406, 2331, 624, 2749, 17849, 9829, 11436, 18426, 9481, 18550, 15647, 532, 11720, 11824, 15610, 15741, 7902, 13558, 17967, 14539, 17889, 4631, 1238, 16921, 7787, 15293, 3108, 8215, 2851, 4514, 12938, 16730, 17178, 4890, 17960, 4725, 7917, 3191, 8231, 16341, 8195, 10913, 2173, 5557, 2637, 16896, 5806, 1815, 1451, 8864, 2290, 12108, 5328, 6203, 2431, 7508, 17898, 17188, 6897, 1199, 15526, 18437, 6631, 8644, 16917, 14964, 14233, 2454, 584, 4830, 7199, 4180, 14889, 5761, 13756, 6917, 7756, 18880, 15095, 1816, 14070, 16252, 7429, 16589, 1631, 15968, 15221, 12478, 18594, 1477, 5637, 12058, 1205, 13397, 9107, 18654, 1968, 3759, 13147, 14144, 14973, 12452, 18020, 13592, 17920, 13687, 11335, 7207, 418, 7834, 778, 12982, 10688, 9031, 509, 9601, 9780, 17040, 12023, 3916, 91, 6536, 18535, 7547, 15240, 707, 14533, 15064, 17012, 16805, 8637, 5969, 16221, 1940, 13307, 4717, 12615, 18220, 11028, 12170, 1743, 2376, 12415, 14220, 18827, 1294, 18543, 6977, 15309, 11778, 11842, 17103, 3857, 4637, 12162, 19169, 17166, 18237, 17818, 9507, 19022, 5790, 19112, 15611, 1118, 15184, 18703, 1817, 15530, 16579, 8437, 11839, 11378, 3537, 9205, 9217, 16272, 18759, 16828, 12002, 8348, 1723, 3481, 14115, 379, 8544, 264, 6015, 7672, 2253, 7364, 3706, 13796, 17139, 16125, 12059, 9623, 7185, 2418, 18230, 3087, 281, 4379, 1796, 8459, 4400, 17824, 2736, 16446, 13525, 15341, 3275, 7872, 1662, 7557, 4319, 15442, 7181, 10456, 4963, 17048, 16943, 12784, 3441, 5240, 9975, 13216, 17702, 11594, 13554, 6165, 19168, 16070, 3540, 3262, 10661, 4061, 13173, 2875, 17014, 4349, 10818, 8428, 16764, 14232, 8930, 15734, 17680, 7069, 15684, 17050, 18987, 6914, 6863, 19263, 10595, 150, 10039, 2722, 18223, 16444, 6559, 7258, 2661, 7699, 17136, 12773, 4247, 5723, 15194, 1696, 1500, 2807, 9893, 11835, 13240, 18313, 17107, 10265, 10244, 5570, 2862, 14049, 1012, 12861, 723, 9583, 17461, 10056, 1264, 8297, 3716, 14666, 15259, 13531, 543, 13723, 16810, 6700, 3516, 13766, 7186, 10692, 6321, 15484, 14547, 8744, 3703, 10383, 16829, 6366, 6846, 3906, 2021, 18133, 857, 279, 12232, 10212, 10541, 12325, 13475, 1225, 937, 6966, 10881, 16936, 18502, 1440, 11914, 3326, 5633, 14913, 4623, 10743, 12361, 17335, 1072, 5043, 14810, 15077, 3255, 17215, 6553, 17852, 4801, 6962, 3060, 9430, 8799, 13824, 188, 15175, 15163, 4733, 5011, 3536, 17635, 6532, 14071, 6112, 17158, 6597, 11272, 105, 19219, 5013, 12483, 201, 6848, 17033, 6367, 7859, 14702, 18844, 7053, 18694, 15670, 636, 10129, 6378, 5369, 7273, 16247, 9142, 15345, 16817, 14854, 2600, 15783, 889, 11833, 6612, 2068, 2427, 7062, 7918, 16181, 5464, 8339, 8950, 8453, 16423, 6064, 2380, 4268, 13929, 12974, 19141, 1299, 2484, 3883, 3273, 8772, 13256, 11239, 5766, 18098, 12705, 11004, 2695, 10048, 10960, 2766, 15661, 13258, 8015, 6032, 16397, 7749, 19039, 7634, 15076, 4234, 15114, 8475, 8091, 19220, 18004, 9704, 13918, 15569, 16443, 10015, 9943, 7817, 9349, 2588, 8249, 398, 5316, 15538, 18372, 13559, 2937, 2803, 16248, 6155, 630, 9911, 13190, 19157, 15788, 13248, 13148, 1320, 12074, 8471, 8798, 3213, 12418, 814, 2402, 12718, 12397, 10564, 9875, 10128, 6947, 9491, 17707, 3266, 19196, 14309, 18523, 19043, 17975, 18063, 11618, 15016, 14434, 7680, 1739, 18029, 11694, 1745, 9271, 5189, 9561, 11283, 14978, 10753, 16017, 12914, 978, 2828, 17257, 13135, 5061, 121, 6602, 16015, 19271, 12159, 1244, 8260, 13195, 15873, 12815, 14291, 14515, 118, 4892, 14985, 9551, 12654, 4739, 927, 12176, 9523, 11726, 18187, 5880, 2569, 3386, 13942, 3390, 15774, 129, 65, 12922, 8422, 12692, 16213, 11515, 2111, 8347, 10758, 14064, 4401, 17782, 15621, 6709, 14716, 4091, 13964, 8424, 4218, 7249, 11311, 11171, 18564, 14755, 7114, 14009, 14815, 294, 495, 7684, 6833, 4046, 3505, 16995, 17858, 7761, 15803, 9840, 13958, 8226, 10369, 12497, 17142, 1748, 2854, 7159, 11539, 11055, 13337, 17173, 14214, 6803, 11144, 12649, 283, 15489, 13174, 7015, 610, 7030, 18206, 14077, 15468, 14962, 8046, 7809, 17387, 16034, 16678, 1173, 3502, 12942, 15655, 16859, 7099, 1673, 446, 1365, 5881, 3713, 11697, 1897, 16001, 1702, 14149, 11876, 9341, 4325, 6923, 2001, 138, 3276, 18716, 17604, 10501, 115, 12800, 6111, 11148, 4549, 16057, 4707, 6843, 16091, 4295, 7519, 13708, 12409, 11018, 5052, 13566, 14715, 12755, 793, 10837, 1888, 12375, 3935, 5763, 11791, 11258, 13264, 11469, 4683, 8905, 1853, 11600, 4421, 2798, 5074, 18141, 13807, 8595, 8126, 13837, 8060, 6956, 11767, 14560, 9389, 15261, 1232, 12560, 7262, 11504, 3546, 4627, 1177, 517, 4008, 9219, 17696, 4148, 14124, 13243, 11235, 7561, 8331, 16320, 3591, 11341, 4015, 12028, 14929, 18601, 3528, 14065, 1510, 19191, 13833, 17616, 10869, 17689, 831, 16725, 6319, 15465, 10467, 8162, 13563, 7728, 10778, 13545, 12290, 16480, 14401, 12838, 4212, 17529, 4832, 15111, 12690, 10373, 7596, 18614, 17477, 1043, 13100, 4774, 17479, 3774, 9302, 3901, 13071, 6412, 9516, 1261, 3054, 13522, 17602, 14343, 18500, 10957, 2791, 9624, 3634, 17904, 5709, 14670, 11058, 7087, 7435, 13848, 82, 5565, 2562, 14029, 3583, 1676, 12709, 18473, 3158, 12787, 8068, 8263, 16146, 3593, 1802, 1861, 3348, 4487, 17749, 6105, 10471, 17472, 10200, 1182, 14180, 1076, 10156, 4839, 9903, 4879, 9720, 2157, 15344, 16067, 3064, 17182, 5368, 4987, 18484, 18923, 11896, 1052, 15727, 15289, 5885, 1933, 5251, 17072, 6038, 6195, 13524, 6606, 18506, 17536, 6784, 3231, 14121, 8925, 10030, 803, 13764, 146, 19268, 14099, 4130, 16372, 1537, 12248, 13718, 17187, 11728, 1740, 19233, 5600, 4092, 4779, 6028, 3395, 16152, 19150, 2417, 11980, 11237, 8427, 18127, 3538, 9257, 607, 2078, 18457, 5802, 3435, 15019, 4256, 9221, 13465, 11742, 5788, 9528, 17493, 4607, 3131, 6616, 5356, 1550, 4617, 8827, 849, 2601, 4437, 17861, 10261, 15704, 3890, 8149, 12063, 3086, 15925, 12301, 6847, 5603, 7768, 3187, 13372, 9258, 6584, 7594, 2603, 1835, 17380, 17193, 15251, 15937, 18731, 4082, 14911, 16626, 8824, 16208, 10167, 17711, 9678, 15852, 13620, 16479, 14586, 2446, 4866, 1315, 7746, 10615, 7927, 2443, 7157, 13506, 18410, 10494]",3145,1500,3,False,1500
5476,email query,email s,17,True,False,True,"{21: 26, 33: 14, 2: 18, 29: 13, 25: 57, 43: 9, 57: 16, 49: 16, 61: 14, 67: 52, 65: 21, 50: 28, 15: 53, 6: 13, 46: 15, 27: 69, 7: 65, 48: 67, 19: 21, 31: 14, 63: 26, 22: 39, 9: 79, 26: 40, 47: 15, 53: 66, 11: 19, 51: 26, 54: 9, 13: 32, 17: 37, 52: 30, 39: 27, 38: 19, 1: 6, 59: 33, 56: 23, 32: 9, 8: 25, 4: 12, 20: 26, 24: 7, 18: 31, 42: 7, 28: 31, 45: 57, 0: 13, 66: 11, 62: 11, 35: 7, 64: 15, 37: 2, 40: 25, 3: 3, 14: 5, 12: 8, 16: 15, 55: 16, 30: 13, 58: 6, 36: 4, 60: 5, 5: 3, 41: 2, 44: 2, 34: 2}","[12686, 3384, 6034, 14374, 14516, 14680, 18580, 5912, 661, 4433, 14182, 14634, 14672, 13694, 17233, 12320, 12666, 7276, 14925, 15315, 1125, 14820, 3769, 14096, 12401, 14972, 14176, 4685, 4278, 5735, 7514, 16051, 15882, 4696, 17145, 19193, 12994, 9901, 13641, 15193, 6739, 9240, 1608, 14664, 18117, 5676, 15714, 5964, 5329, 16651, 15936, 14441, 15878, 18316, 14255, 18692, 5858, 4640, 10716, 13839, 16635, 2097, 11464, 12427, 2320, 14629, 7617, 16183, 16205, 2170, 4384, 6683, 5285, 18707, 6780, 4231, 2404, 4895, 18091, 2944, 13054, 3904, 3491, 9455, 15985, 10432, 8657, 15304, 9114, 5838, 5197, 17244, 6207, 3970, 17246, 3950, 6168, 8697, 6800, 9942, 11118, 8582, 6355, 15275, 4581, 12724, 11921, 1833, 523, 7619, 15729, 176, 8576, 3101, 1573, 1283, 11796, 11277, 2547, 1738, 6806, 15187, 7129, 5179, 5854, 16373, 9231, 6270, 777, 2062, 13249, 4144, 6325, 3924, 5350, 14414, 3142, 2249, 6444, 13582, 2833, 18030, 6483, 18404, 15057, 7482, 15001, 15872, 14584, 10835, 954, 7257, 1381, 17819, 17518, 6497, 14430, 4901, 16466, 10805, 132, 7506, 755, 14427, 12119, 16613, 19042, 14994, 11257, 8042, 2144, 5966, 1580, 8010, 2550, 10684, 14088, 5037, 8764, 17076, 14185, 15984, 5299, 16601, 19182, 13197, 14561, 12605, 17010, 2703, 6715, 11207, 10188, 212, 2293, 17676, 1720, 5934, 112, 8568, 15870, 3226, 4524, 4431, 5141, 5383, 7609, 12807, 19001, 14368, 6704, 14903, 4172, 117, 18698, 1699, 16558, 7518, 10618, 2110, 10308, 7828, 6623, 17644, 4449, 951, 13858, 15106, 8402, 916, 4771, 8608, 6448, 6656, 13547, 2814, 8336, 8093, 6398, 637, 9909, 10621, 786, 14146, 17292, 9457, 3, 2884, 14785, 10504, 16361, 8181, 17690, 654, 11067, 18741, 386, 18208, 10130, 8079, 7082, 14740, 8076, 18619, 14428, 10992, 12679, 9431, 18328, 13606, 7641, 13542, 1002, 11975, 15646, 19078, 1352, 8683, 16053, 11763, 14823, 7059, 4995, 3754, 6213, 10090, 19084, 1973, 8131, 5353, 836, 13960, 3217, 4885, 9645, 16941, 14750, 13171, 9132, 1355, 4440, 15747, 8233, 6008, 12781, 16749, 13905, 18198, 5033, 2910, 16502, 1233, 965, 16926, 3944, 13518, 18213, 12739, 9972, 14609, 5764, 6128, 9532, 12680, 3672, 5458, 6822, 11547, 3163, 8040, 14081, 8369, 18182, 17541, 11552, 12451, 15074, 1783, 17730, 1690, 16992, 2490, 2459, 18065, 320, 18311, 45, 9495, 4572, 544, 12731, 16811, 15096, 14957, 4594, 16607, 2449, 7791, 13659, 8892, 1713, 17336, 6598, 13832, 10495, 18937, 3067, 3473, 12715, 13492, 14787, 16503, 17899, 16638, 2408, 7141, 10590, 2917, 14650, 12571, 4321, 2855, 1829, 3736, 3381, 11069, 16093, 15201, 14311, 9836, 18289, 16899, 897, 13981, 12223, 8884, 15721, 7778, 13648, 5737, 6550, 19249, 2715, 447, 12941, 8915, 18963, 16291, 760, 5869, 3635, 3439, 6740, 5003, 3174, 2945, 16056, 4860, 11216, 7363, 1147, 12124, 9764, 11245, 4361, 7784, 16285, 17057, 11203, 5114, 17655, 12056, 17890, 7741, 15799, 10258, 16088, 19222, 15303, 1433, 5991, 322, 2322, 3156, 9940, 7814, 17068, 16968, 10018, 1991, 11946, 8705, 10371, 4619, 11074, 2034, 15550, 11743, 18666, 13494, 14175, 13948, 15123, 11154, 10397, 1701, 4770, 839, 12085, 16500, 16241, 1535, 18782, 2221, 539, 18405, 4245, 103, 1571, 16945, 12196, 9441, 1732, 1367, 3596, 4794, 7230, 5245, 17483, 2955, 2003, 11509, 4044, 12934, 3456, 16693, 593, 4582, 14076, 10972, 1965, 7227, 14324, 8658, 3772, 8355, 11889, 1908, 2684, 10026, 1666, 16507, 5589, 9295, 8389, 2099, 18653, 13808, 19147, 6675, 10970, 2788, 19028, 16983, 16166, 9845, 8160, 11381, 10088, 10333, 11716, 14695, 12697, 4365, 3747, 17296, 11904, 74, 7047, 10639, 13094, 940, 10478, 2032, 6642, 14896, 10840, 5430, 5556, 12597, 2183, 18403, 4252, 14613, 18283, 8790, 12140, 13540, 13353, 14114, 13297, 4056, 14038, 11299, 13770, 11433, 14285, 1526, 1955, 15711, 255, 12481, 612, 1635, 4886, 357, 11434, 9524, 13106, 2607, 5391, 9406, 2331, 624, 2749, 17849, 9829, 11436, 18426, 9481, 18550, 15647, 532, 11720, 11824, 15610, 15741, 7902, 13558, 17967, 14539, 17889, 4631, 1238, 16921, 7787, 15293, 3108, 8215, 2851, 4514, 12938, 16730, 17178, 4890, 17960, 4725, 7917, 3191, 8231, 16341, 8195, 10913, 2173, 5557, 2637, 16896, 5806, 1815, 1451, 8864, 2290, 12108, 5328, 6203, 2431, 7508, 17898, 17188, 6897, 1199, 15526, 18437, 6631, 8644, 16917, 14964, 14233, 2454, 584, 4830, 7199, 4180, 14889, 5761, 13756, 6917, 7756, 18880, 15095, 1816, 14070, 16252, 7429, 16589, 1631, 15968, 15221, 12478, 18594, 1477, 5637, 12058, 1205, 13397, 9107, 18654, 1968, 3759, 13147, 14144, 14973, 12452, 18020, 13592, 17920, 13687, 11335, 7207, 418, 7834, 778, 12982, 10688, 9031, 509, 9601, 9780, 17040, 12023, 3916, 91, 6536, 18535, 7547, 15240, 707, 14533, 15064, 17012, 16805, 8637, 5969, 16221, 1940, 13307, 4717, 12615, 18220, 11028, 12170, 1743, 2376, 12415, 14220, 18827, 1294, 18543, 6977, 15309, 11778, 11842, 17103, 3857, 4637, 12162, 19169, 17166, 18237, 17818, 9507, 19022, 5790, 19112, 15611, 1118, 15184, 18703, 1817, 15530, 16579, 8437, 11839, 11378, 3537, 9205, 9217, 16272, 18759, 16828, 12002, 8348, 1723, 3481, 14115, 379, 8544, 264, 6015, 7672, 2253, 7364, 3706, 13796, 17139, 16125, 12059, 9623, 7185, 2418, 18230, 3087, 281, 4379, 1796, 8459, 4400, 17824, 2736, 16446, 13525, 15341, 3275, 7872, 1662, 7557, 4319, 15442, 7181, 10456, 4963, 17048, 16943, 12784, 3441, 5240, 9975, 13216, 17702, 11594, 13554, 6165, 19168, 16070, 3540, 3262, 10661, 4061, 13173, 2875, 17014, 4349, 10818, 8428, 16764, 14232, 8930, 15734, 17680, 7069, 15684, 17050, 18987, 6914, 6863, 19263, 10595, 150, 10039, 2722, 18223, 16444, 6559, 7258, 2661, 7699, 17136, 12773, 4247, 5723, 15194, 1696, 1500, 2807, 9893, 11835, 13240, 18313, 17107, 10265, 10244, 5570, 2862, 14049, 1012, 12861, 723, 9583, 17461, 10056, 1264, 8297, 3716, 14666, 15259, 13531, 543, 13723, 16810, 6700, 3516, 13766, 7186, 10692, 6321, 15484, 14547, 8744, 3703, 10383, 16829, 6366, 6846, 3906, 2021, 18133, 857, 279, 12232, 10212, 10541, 12325, 13475, 1225, 937, 6966, 10881, 16936, 18502, 1440, 11914, 3326, 5633, 14913, 4623, 10743, 12361, 17335, 1072, 5043, 14810, 15077, 3255, 17215, 6553, 17852, 4801, 6962, 3060, 9430, 8799, 13824, 188, 15175, 15163, 4733, 5011, 3536, 17635, 6532, 14071, 6112, 17158, 6597, 11272, 105, 19219, 5013, 12483, 201, 6848, 17033, 6367, 7859, 14702, 18844, 7053, 18694, 15670, 636, 10129, 6378, 5369, 7273, 16247, 9142, 15345, 16817, 14854, 2600, 15783, 889, 11833, 6612, 2068, 2427, 7062, 7918, 16181, 5464, 8339, 8950, 8453, 16423, 6064, 2380, 4268, 13929, 12974, 19141, 1299, 2484, 3883, 3273, 8772, 13256, 11239, 5766, 18098, 12705, 11004, 2695, 10048, 10960, 2766, 15661, 13258, 8015, 6032, 16397, 7749, 19039, 7634, 15076, 4234, 15114, 8475, 8091, 19220, 18004, 9704, 13918, 15569, 16443, 10015, 9943, 7817, 9349, 2588, 8249, 398, 5316, 15538, 18372, 13559, 2937, 2803, 16248, 6155, 630, 9911, 13190, 19157, 15788, 13248, 13148, 1320, 12074, 8471, 8798, 3213, 12418, 814, 2402, 12718, 12397, 10564, 9875, 10128, 6947, 9491, 17707, 3266, 19196, 14309, 18523, 19043, 17975, 18063, 11618, 15016, 14434, 7680, 1739, 18029, 11694, 1745, 9271, 5189, 9561, 11283, 14978, 10753, 16017, 12914, 978, 2828, 17257, 13135, 5061, 121, 6602, 16015, 19271, 12159, 1244, 8260, 13195, 15873, 12815, 14291, 14515, 118, 4892, 14985, 9551, 12654, 4739, 927, 12176, 9523, 11726, 18187, 5880, 2569, 3386, 13942, 3390, 15774, 129, 65, 12922, 8422, 12692, 16213, 11515, 2111, 8347, 10758, 14064, 4401, 17782, 15621, 6709, 14716, 4091, 13964, 8424, 4218, 7249, 11311, 11171, 18564, 14755, 7114, 14009, 14815, 294, 495, 7684, 6833, 4046, 3505, 16995, 17858, 7761, 15803, 9840, 13958, 8226, 10369, 12497, 17142, 1748, 2854, 7159, 11539, 11055, 13337, 17173, 14214, 6803, 11144, 12649, 283, 15489, 13174, 7015, 610, 7030, 18206, 14077, 15468, 14962, 8046, 7809, 17387, 16034, 16678, 1173, 3502, 12942, 15655, 16859, 7099, 1673, 446, 1365, 5881, 3713, 11697, 1897, 16001, 1702, 14149, 11876, 9341, 4325, 6923, 2001, 138, 3276, 18716, 17604, 10501, 115, 12800, 6111, 11148, 4549, 16057, 4707, 6843, 16091, 4295, 7519, 13708, 12409, 11018, 5052, 13566, 14715, 12755, 793, 10837, 1888, 12375, 3935, 5763, 11791, 11258, 13264, 11469, 4683, 8905, 1853, 11600, 4421, 2798, 5074, 18141, 13807, 8595, 8126, 13837, 8060, 6956, 11767, 14560, 9389, 15261, 1232, 12560, 7262, 11504, 3546, 4627, 1177, 517, 4008, 9219, 17696, 4148, 14124, 13243, 11235, 7561, 8331, 16320, 3591, 11341, 4015, 12028, 14929, 18601, 3528, 14065, 1510, 19191, 13833, 17616, 10869, 17689, 831, 16725, 6319, 15465, 10467, 8162, 13563, 7728, 10778, 13545, 12290, 16480, 14401, 12838, 4212, 17529, 4832, 15111, 12690, 10373, 7596, 18614, 17477, 1043, 13100, 4774, 17479, 3774, 9302, 3901, 13071, 6412, 9516, 1261, 3054, 13522, 17602, 14343, 18500, 10957, 2791, 9624, 3634, 17904, 5709, 14670, 11058, 7087, 7435, 13848, 82, 5565, 2562, 14029, 3583, 1676, 12709, 18473, 3158, 12787, 8068, 8263, 16146, 3593, 1802, 1861, 3348, 4487, 17749, 6105, 10471, 17472, 10200, 1182, 14180, 1076, 10156, 4839, 9903, 4879, 9720, 2157, 15344, 16067, 3064, 17182, 5368, 4987, 18484, 18923, 11896, 1052, 15727, 15289, 5885, 1933, 5251, 17072, 6038, 6195, 13524, 6606, 18506, 17536, 6784, 3231, 14121, 8925, 10030, 803, 13764, 146, 19268, 14099, 4130, 16372, 1537, 12248, 13718, 17187, 11728, 1740, 19233, 5600, 4092, 4779, 6028, 3395, 16152, 19150, 2417, 11980, 11237, 8427, 18127, 3538, 9257, 607, 2078, 18457, 5802, 3435, 15019, 4256, 9221, 13465, 11742, 5788, 9528, 17493, 4607, 3131, 6616, 5356, 1550, 4617, 8827, 849, 2601, 4437, 17861, 10261, 15704, 3890, 8149, 12063, 3086, 15925, 12301, 6847, 5603, 7768, 3187, 13372, 9258, 6584, 7594, 2603, 1835, 17380, 17193, 15251, 15937, 18731, 4082, 14911, 16626, 8824, 16208, 10167, 17711, 9678, 15852, 13620, 16479, 14586, 2446, 4866, 1315, 7746, 10615, 7927, 2443, 7157, 13506, 18410, 10494]",5476,1500,3,False,1500
3401,recommendation events,recommendation events,56,True,True,True,"{21: 26, 33: 14, 2: 18, 29: 13, 25: 57, 43: 9, 57: 16, 49: 16, 61: 14, 67: 52, 65: 21, 50: 28, 15: 53, 6: 13, 46: 15, 27: 69, 7: 65, 48: 67, 19: 21, 31: 14, 63: 26, 22: 39, 9: 79, 26: 40, 47: 15, 53: 66, 11: 19, 51: 26, 54: 9, 13: 32, 17: 37, 52: 30, 39: 27, 38: 19, 1: 6, 59: 33, 56: 23, 32: 9, 8: 25, 4: 12, 20: 26, 24: 7, 18: 31, 42: 7, 28: 31, 45: 57, 0: 13, 66: 11, 62: 11, 35: 7, 64: 15, 37: 2, 40: 25, 3: 3, 14: 5, 12: 8, 16: 15, 55: 16, 30: 13, 58: 6, 36: 4, 60: 5, 5: 3, 41: 2, 44: 2, 34: 2}","[12686, 3384, 6034, 14374, 14516, 14680, 18580, 5912, 661, 4433, 14182, 14634, 14672, 13694, 17233, 12320, 12666, 7276, 14925, 15315, 1125, 14820, 3769, 14096, 12401, 14972, 14176, 4685, 4278, 5735, 7514, 16051, 15882, 4696, 17145, 19193, 12994, 9901, 13641, 15193, 6739, 9240, 1608, 14664, 18117, 5676, 15714, 5964, 5329, 16651, 15936, 14441, 15878, 18316, 14255, 18692, 5858, 4640, 10716, 13839, 16635, 2097, 11464, 12427, 2320, 14629, 7617, 16183, 16205, 2170, 4384, 6683, 5285, 18707, 6780, 4231, 2404, 4895, 18091, 2944, 13054, 3904, 3491, 9455, 15985, 10432, 8657, 15304, 9114, 5838, 5197, 17244, 6207, 3970, 17246, 3950, 6168, 8697, 6800, 9942, 11118, 8582, 6355, 15275, 4581, 12724, 11921, 1833, 523, 7619, 15729, 176, 8576, 3101, 1573, 1283, 11796, 11277, 2547, 1738, 6806, 15187, 7129, 5179, 5854, 16373, 9231, 6270, 777, 2062, 13249, 4144, 6325, 3924, 5350, 14414, 3142, 2249, 6444, 13582, 2833, 18030, 6483, 18404, 15057, 7482, 15001, 15872, 14584, 10835, 954, 7257, 1381, 17819, 17518, 6497, 14430, 4901, 16466, 10805, 132, 7506, 755, 14427, 12119, 16613, 19042, 14994, 11257, 8042, 2144, 5966, 1580, 8010, 2550, 10684, 14088, 5037, 8764, 17076, 14185, 15984, 5299, 16601, 19182, 13197, 14561, 12605, 17010, 2703, 6715, 11207, 10188, 212, 2293, 17676, 1720, 5934, 112, 8568, 15870, 3226, 4524, 4431, 5141, 5383, 7609, 12807, 19001, 14368, 6704, 14903, 4172, 117, 18698, 1699, 16558, 7518, 10618, 2110, 10308, 7828, 6623, 17644, 4449, 951, 13858, 15106, 8402, 916, 4771, 8608, 6448, 6656, 13547, 2814, 8336, 8093, 6398, 637, 9909, 10621, 786, 14146, 17292, 9457, 3, 2884, 14785, 10504, 16361, 8181, 17690, 654, 11067, 18741, 386, 18208, 10130, 8079, 7082, 14740, 8076, 18619, 14428, 10992, 12679, 9431, 18328, 13606, 7641, 13542, 1002, 11975, 15646, 19078, 1352, 8683, 16053, 11763, 14823, 7059, 4995, 3754, 6213, 10090, 19084, 1973, 8131, 5353, 836, 13960, 3217, 4885, 9645, 16941, 14750, 13171, 9132, 1355, 4440, 15747, 8233, 6008, 12781, 16749, 13905, 18198, 5033, 2910, 16502, 1233, 965, 16926, 3944, 13518, 18213, 12739, 9972, 14609, 5764, 6128, 9532, 12680, 3672, 5458, 6822, 11547, 3163, 8040, 14081, 8369, 18182, 17541, 11552, 12451, 15074, 1783, 17730, 1690, 16992, 2490, 2459, 18065, 320, 18311, 45, 9495, 4572, 544, 12731, 16811, 15096, 14957, 4594, 16607, 2449, 7791, 13659, 8892, 1713, 17336, 6598, 13832, 10495, 18937, 3067, 3473, 12715, 13492, 14787, 16503, 17899, 16638, 2408, 7141, 10590, 2917, 14650, 12571, 4321, 2855, 1829, 3736, 3381, 11069, 16093, 15201, 14311, 9836, 18289, 16899, 897, 13981, 12223, 8884, 15721, 7778, 13648, 5737, 6550, 19249, 2715, 447, 12941, 8915, 18963, 16291, 760, 5869, 3635, 3439, 6740, 5003, 3174, 2945, 16056, 4860, 11216, 7363, 1147, 12124, 9764, 11245, 4361, 7784, 16285, 17057, 11203, 5114, 17655, 12056, 17890, 7741, 15799, 10258, 16088, 19222, 15303, 1433, 5991, 322, 2322, 3156, 9940, 7814, 17068, 16968, 10018, 1991, 11946, 8705, 10371, 4619, 11074, 2034, 15550, 11743, 18666, 13494, 14175, 13948, 15123, 11154, 10397, 1701, 4770, 839, 12085, 16500, 16241, 1535, 18782, 2221, 539, 18405, 4245, 103, 1571, 16945, 12196, 9441, 1732, 1367, 3596, 4794, 7230, 5245, 17483, 2955, 2003, 11509, 4044, 12934, 3456, 16693, 593, 4582, 14076, 10972, 1965, 7227, 14324, 8658, 3772, 8355, 11889, 1908, 2684, 10026, 1666, 16507, 5589, 9295, 8389, 2099, 18653, 13808, 19147, 6675, 10970, 2788, 19028, 16983, 16166, 9845, 8160, 11381, 10088, 10333, 11716, 14695, 12697, 4365, 3747, 17296, 11904, 74, 7047, 10639, 13094, 940, 10478, 2032, 6642, 14896, 10840, 5430, 5556, 12597, 2183, 18403, 4252, 14613, 18283, 8790, 12140, 13540, 13353, 14114, 13297, 4056, 14038, 11299, 13770, 11433, 14285, 1526, 1955, 15711, 255, 12481, 612, 1635, 4886, 357, 11434, 9524, 13106, 2607, 5391, 9406, 2331, 624, 2749, 17849, 9829, 11436, 18426, 9481, 18550, 15647, 532, 11720, 11824, 15610, 15741, 7902, 13558, 17967, 14539, 17889, 4631, 1238, 16921, 7787, 15293, 3108, 8215, 2851, 4514, 12938, 16730, 17178, 4890, 17960, 4725, 7917, 3191, 8231, 16341, 8195, 10913, 2173, 5557, 2637, 16896, 5806, 1815, 1451, 8864, 2290, 12108, 5328, 6203, 2431, 7508, 17898, 17188, 6897, 1199, 15526, 18437, 6631, 8644, 16917, 14964, 14233, 2454, 584, 4830, 7199, 4180, 14889, 5761, 13756, 6917, 7756, 18880, 15095, 1816, 14070, 16252, 7429, 16589, 1631, 15968, 15221, 12478, 18594, 1477, 5637, 12058, 1205, 13397, 9107, 18654, 1968, 3759, 13147, 14144, 14973, 12452, 18020, 13592, 17920, 13687, 11335, 7207, 418, 7834, 778, 12982, 10688, 9031, 509, 9601, 9780, 17040, 12023, 3916, 91, 6536, 18535, 7547, 15240, 707, 14533, 15064, 17012, 16805, 8637, 5969, 16221, 1940, 13307, 4717, 12615, 18220, 11028, 12170, 1743, 2376, 12415, 14220, 18827, 1294, 18543, 6977, 15309, 11778, 11842, 17103, 3857, 4637, 12162, 19169, 17166, 18237, 17818, 9507, 19022, 5790, 19112, 15611, 1118, 15184, 18703, 1817, 15530, 16579, 8437, 11839, 11378, 3537, 9205, 9217, 16272, 18759, 16828, 12002, 8348, 1723, 3481, 14115, 379, 8544, 264, 6015, 7672, 2253, 7364, 3706, 13796, 17139, 16125, 12059, 9623, 7185, 2418, 18230, 3087, 281, 4379, 1796, 8459, 4400, 17824, 2736, 16446, 13525, 15341, 3275, 7872, 1662, 7557, 4319, 15442, 7181, 10456, 4963, 17048, 16943, 12784, 3441, 5240, 9975, 13216, 17702, 11594, 13554, 6165, 19168, 16070, 3540, 3262, 10661, 4061, 13173, 2875, 17014, 4349, 10818, 8428, 16764, 14232, 8930, 15734, 17680, 7069, 15684, 17050, 18987, 6914, 6863, 19263, 10595, 150, 10039, 2722, 18223, 16444, 6559, 7258, 2661, 7699, 17136, 12773, 4247, 5723, 15194, 1696, 1500, 2807, 9893, 11835, 13240, 18313, 17107, 10265, 10244, 5570, 2862, 14049, 1012, 12861, 723, 9583, 17461, 10056, 1264, 8297, 3716, 14666, 15259, 13531, 543, 13723, 16810, 6700, 3516, 13766, 7186, 10692, 6321, 15484, 14547, 8744, 3703, 10383, 16829, 6366, 6846, 3906, 2021, 18133, 857, 279, 12232, 10212, 10541, 12325, 13475, 1225, 937, 6966, 10881, 16936, 18502, 1440, 11914, 3326, 5633, 14913, 4623, 10743, 12361, 17335, 1072, 5043, 14810, 15077, 3255, 17215, 6553, 17852, 4801, 6962, 3060, 9430, 8799, 13824, 188, 15175, 15163, 4733, 5011, 3536, 17635, 6532, 14071, 6112, 17158, 6597, 11272, 105, 19219, 5013, 12483, 201, 6848, 17033, 6367, 7859, 14702, 18844, 7053, 18694, 15670, 636, 10129, 6378, 5369, 7273, 16247, 9142, 15345, 16817, 14854, 2600, 15783, 889, 11833, 6612, 2068, 2427, 7062, 7918, 16181, 5464, 8339, 8950, 8453, 16423, 6064, 2380, 4268, 13929, 12974, 19141, 1299, 2484, 3883, 3273, 8772, 13256, 11239, 5766, 18098, 12705, 11004, 2695, 10048, 10960, 2766, 15661, 13258, 8015, 6032, 16397, 7749, 19039, 7634, 15076, 4234, 15114, 8475, 8091, 19220, 18004, 9704, 13918, 15569, 16443, 10015, 9943, 7817, 9349, 2588, 8249, 398, 5316, 15538, 18372, 13559, 2937, 2803, 16248, 6155, 630, 9911, 13190, 19157, 15788, 13248, 13148, 1320, 12074, 8471, 8798, 3213, 12418, 814, 2402, 12718, 12397, 10564, 9875, 10128, 6947, 9491, 17707, 3266, 19196, 14309, 18523, 19043, 17975, 18063, 11618, 15016, 14434, 7680, 1739, 18029, 11694, 1745, 9271, 5189, 9561, 11283, 14978, 10753, 16017, 12914, 978, 2828, 17257, 13135, 5061, 121, 6602, 16015, 19271, 12159, 1244, 8260, 13195, 15873, 12815, 14291, 14515, 118, 4892, 14985, 9551, 12654, 4739, 927, 12176, 9523, 11726, 18187, 5880, 2569, 3386, 13942, 3390, 15774, 129, 65, 12922, 8422, 12692, 16213, 11515, 2111, 8347, 10758, 14064, 4401, 17782, 15621, 6709, 14716, 4091, 13964, 8424, 4218, 7249, 11311, 11171, 18564, 14755, 7114, 14009, 14815, 294, 495, 7684, 6833, 4046, 3505, 16995, 17858, 7761, 15803, 9840, 13958, 8226, 10369, 12497, 17142, 1748, 2854, 7159, 11539, 11055, 13337, 17173, 14214, 6803, 11144, 12649, 283, 15489, 13174, 7015, 610, 7030, 18206, 14077, 15468, 14962, 8046, 7809, 17387, 16034, 16678, 1173, 3502, 12942, 15655, 16859, 7099, 1673, 446, 1365, 5881, 3713, 11697, 1897, 16001, 1702, 14149, 11876, 9341, 4325, 6923, 2001, 138, 3276, 18716, 17604, 10501, 115, 12800, 6111, 11148, 4549, 16057, 4707, 6843, 16091, 4295, 7519, 13708, 12409, 11018, 5052, 13566, 14715, 12755, 793, 10837, 1888, 12375, 3935, 5763, 11791, 11258, 13264, 11469, 4683, 8905, 1853, 11600, 4421, 2798, 5074, 18141, 13807, 8595, 8126, 13837, 8060, 6956, 11767, 14560, 9389, 15261, 1232, 12560, 7262, 11504, 3546, 4627, 1177, 517, 4008, 9219, 17696, 4148, 14124, 13243, 11235, 7561, 8331, 16320, 3591, 11341, 4015, 12028, 14929, 18601, 3528, 14065, 1510, 19191, 13833, 17616, 10869, 17689, 831, 16725, 6319, 15465, 10467, 8162, 13563, 7728, 10778, 13545, 12290, 16480, 14401, 12838, 4212, 17529, 4832, 15111, 12690, 10373, 7596, 18614, 17477, 1043, 13100, 4774, 17479, 3774, 9302, 3901, 13071, 6412, 9516, 1261, 3054, 13522, 17602, 14343, 18500, 10957, 2791, 9624, 3634, 17904, 5709, 14670, 11058, 7087, 7435, 13848, 82, 5565, 2562, 14029, 3583, 1676, 12709, 18473, 3158, 12787, 8068, 8263, 16146, 3593, 1802, 1861, 3348, 4487, 17749, 6105, 10471, 17472, 10200, 1182, 14180, 1076, 10156, 4839, 9903, 4879, 9720, 2157, 15344, 16067, 3064, 17182, 5368, 4987, 18484, 18923, 11896, 1052, 15727, 15289, 5885, 1933, 5251, 17072, 6038, 6195, 13524, 6606, 18506, 17536, 6784, 3231, 14121, 8925, 10030, 803, 13764, 146, 19268, 14099, 4130, 16372, 1537, 12248, 13718, 17187, 11728, 1740, 19233, 5600, 4092, 4779, 6028, 3395, 16152, 19150, 2417, 11980, 11237, 8427, 18127, 3538, 9257, 607, 2078, 18457, 5802, 3435, 15019, 4256, 9221, 13465, 11742, 5788, 9528, 17493, 4607, 3131, 6616, 5356, 1550, 4617, 8827, 849, 2601, 4437, 17861, 10261, 15704, 3890, 8149, 12063, 3086, 15925, 12301, 6847, 5603, 7768, 3187, 13372, 9258, 6584, 7594, 2603, 1835, 17380, 17193, 15251, 15937, 18731, 4082, 14911, 16626, 8824, 16208, 10167, 17711, 9678, 15852, 13620, 16479, 14586, 2446, 4866, 1315, 7746, 10615, 7927, 2443, 7157, 13506, 18410, 10494]",3401,1500,3,False,1500
5175,general quirky,qa fact,53,True,False,False,"{21: 26, 33: 14, 2: 18, 29: 13, 25: 57, 43: 9, 57: 16, 49: 16, 61: 14, 67: 52, 65: 21, 50: 28, 15: 53, 6: 13, 46: 15, 27: 69, 7: 65, 48: 67, 19: 21, 31: 14, 63: 26, 22: 39, 9: 79, 26: 40, 47: 15, 53: 66, 11: 19, 51: 26, 54: 9, 13: 32, 17: 37, 52: 30, 39: 27, 38: 19, 1: 6, 59: 33, 56: 23, 32: 9, 8: 25, 4: 12, 20: 26, 24: 7, 18: 31, 42: 7, 28: 31, 45: 57, 0: 13, 66: 11, 62: 11, 35: 7, 64: 15, 37: 2, 40: 25, 3: 3, 14: 5, 12: 8, 16: 15, 55: 16, 30: 13, 58: 6, 36: 4, 60: 5, 5: 3, 41: 2, 44: 2, 34: 2}","[12686, 3384, 6034, 14374, 14516, 14680, 18580, 5912, 661, 4433, 14182, 14634, 14672, 13694, 17233, 12320, 12666, 7276, 14925, 15315, 1125, 14820, 3769, 14096, 12401, 14972, 14176, 4685, 4278, 5735, 7514, 16051, 15882, 4696, 17145, 19193, 12994, 9901, 13641, 15193, 6739, 9240, 1608, 14664, 18117, 5676, 15714, 5964, 5329, 16651, 15936, 14441, 15878, 18316, 14255, 18692, 5858, 4640, 10716, 13839, 16635, 2097, 11464, 12427, 2320, 14629, 7617, 16183, 16205, 2170, 4384, 6683, 5285, 18707, 6780, 4231, 2404, 4895, 18091, 2944, 13054, 3904, 3491, 9455, 15985, 10432, 8657, 15304, 9114, 5838, 5197, 17244, 6207, 3970, 17246, 3950, 6168, 8697, 6800, 9942, 11118, 8582, 6355, 15275, 4581, 12724, 11921, 1833, 523, 7619, 15729, 176, 8576, 3101, 1573, 1283, 11796, 11277, 2547, 1738, 6806, 15187, 7129, 5179, 5854, 16373, 9231, 6270, 777, 2062, 13249, 4144, 6325, 3924, 5350, 14414, 3142, 2249, 6444, 13582, 2833, 18030, 6483, 18404, 15057, 7482, 15001, 15872, 14584, 10835, 954, 7257, 1381, 17819, 17518, 6497, 14430, 4901, 16466, 10805, 132, 7506, 755, 14427, 12119, 16613, 19042, 14994, 11257, 8042, 2144, 5966, 1580, 8010, 2550, 10684, 14088, 5037, 8764, 17076, 14185, 15984, 5299, 16601, 19182, 13197, 14561, 12605, 17010, 2703, 6715, 11207, 10188, 212, 2293, 17676, 1720, 5934, 112, 8568, 15870, 3226, 4524, 4431, 5141, 5383, 7609, 12807, 19001, 14368, 6704, 14903, 4172, 117, 18698, 1699, 16558, 7518, 10618, 2110, 10308, 7828, 6623, 17644, 4449, 951, 13858, 15106, 8402, 916, 4771, 8608, 6448, 6656, 13547, 2814, 8336, 8093, 6398, 637, 9909, 10621, 786, 14146, 17292, 9457, 3, 2884, 14785, 10504, 16361, 8181, 17690, 654, 11067, 18741, 386, 18208, 10130, 8079, 7082, 14740, 8076, 18619, 14428, 10992, 12679, 9431, 18328, 13606, 7641, 13542, 1002, 11975, 15646, 19078, 1352, 8683, 16053, 11763, 14823, 7059, 4995, 3754, 6213, 10090, 19084, 1973, 8131, 5353, 836, 13960, 3217, 4885, 9645, 16941, 14750, 13171, 9132, 1355, 4440, 15747, 8233, 6008, 12781, 16749, 13905, 18198, 5033, 2910, 16502, 1233, 965, 16926, 3944, 13518, 18213, 12739, 9972, 14609, 5764, 6128, 9532, 12680, 3672, 5458, 6822, 11547, 3163, 8040, 14081, 8369, 18182, 17541, 11552, 12451, 15074, 1783, 17730, 1690, 16992, 2490, 2459, 18065, 320, 18311, 45, 9495, 4572, 544, 12731, 16811, 15096, 14957, 4594, 16607, 2449, 7791, 13659, 8892, 1713, 17336, 6598, 13832, 10495, 18937, 3067, 3473, 12715, 13492, 14787, 16503, 17899, 16638, 2408, 7141, 10590, 2917, 14650, 12571, 4321, 2855, 1829, 3736, 3381, 11069, 16093, 15201, 14311, 9836, 18289, 16899, 897, 13981, 12223, 8884, 15721, 7778, 13648, 5737, 6550, 19249, 2715, 447, 12941, 8915, 18963, 16291, 760, 5869, 3635, 3439, 6740, 5003, 3174, 2945, 16056, 4860, 11216, 7363, 1147, 12124, 9764, 11245, 4361, 7784, 16285, 17057, 11203, 5114, 17655, 12056, 17890, 7741, 15799, 10258, 16088, 19222, 15303, 1433, 5991, 322, 2322, 3156, 9940, 7814, 17068, 16968, 10018, 1991, 11946, 8705, 10371, 4619, 11074, 2034, 15550, 11743, 18666, 13494, 14175, 13948, 15123, 11154, 10397, 1701, 4770, 839, 12085, 16500, 16241, 1535, 18782, 2221, 539, 18405, 4245, 103, 1571, 16945, 12196, 9441, 1732, 1367, 3596, 4794, 7230, 5245, 17483, 2955, 2003, 11509, 4044, 12934, 3456, 16693, 593, 4582, 14076, 10972, 1965, 7227, 14324, 8658, 3772, 8355, 11889, 1908, 2684, 10026, 1666, 16507, 5589, 9295, 8389, 2099, 18653, 13808, 19147, 6675, 10970, 2788, 19028, 16983, 16166, 9845, 8160, 11381, 10088, 10333, 11716, 14695, 12697, 4365, 3747, 17296, 11904, 74, 7047, 10639, 13094, 940, 10478, 2032, 6642, 14896, 10840, 5430, 5556, 12597, 2183, 18403, 4252, 14613, 18283, 8790, 12140, 13540, 13353, 14114, 13297, 4056, 14038, 11299, 13770, 11433, 14285, 1526, 1955, 15711, 255, 12481, 612, 1635, 4886, 357, 11434, 9524, 13106, 2607, 5391, 9406, 2331, 624, 2749, 17849, 9829, 11436, 18426, 9481, 18550, 15647, 532, 11720, 11824, 15610, 15741, 7902, 13558, 17967, 14539, 17889, 4631, 1238, 16921, 7787, 15293, 3108, 8215, 2851, 4514, 12938, 16730, 17178, 4890, 17960, 4725, 7917, 3191, 8231, 16341, 8195, 10913, 2173, 5557, 2637, 16896, 5806, 1815, 1451, 8864, 2290, 12108, 5328, 6203, 2431, 7508, 17898, 17188, 6897, 1199, 15526, 18437, 6631, 8644, 16917, 14964, 14233, 2454, 584, 4830, 7199, 4180, 14889, 5761, 13756, 6917, 7756, 18880, 15095, 1816, 14070, 16252, 7429, 16589, 1631, 15968, 15221, 12478, 18594, 1477, 5637, 12058, 1205, 13397, 9107, 18654, 1968, 3759, 13147, 14144, 14973, 12452, 18020, 13592, 17920, 13687, 11335, 7207, 418, 7834, 778, 12982, 10688, 9031, 509, 9601, 9780, 17040, 12023, 3916, 91, 6536, 18535, 7547, 15240, 707, 14533, 15064, 17012, 16805, 8637, 5969, 16221, 1940, 13307, 4717, 12615, 18220, 11028, 12170, 1743, 2376, 12415, 14220, 18827, 1294, 18543, 6977, 15309, 11778, 11842, 17103, 3857, 4637, 12162, 19169, 17166, 18237, 17818, 9507, 19022, 5790, 19112, 15611, 1118, 15184, 18703, 1817, 15530, 16579, 8437, 11839, 11378, 3537, 9205, 9217, 16272, 18759, 16828, 12002, 8348, 1723, 3481, 14115, 379, 8544, 264, 6015, 7672, 2253, 7364, 3706, 13796, 17139, 16125, 12059, 9623, 7185, 2418, 18230, 3087, 281, 4379, 1796, 8459, 4400, 17824, 2736, 16446, 13525, 15341, 3275, 7872, 1662, 7557, 4319, 15442, 7181, 10456, 4963, 17048, 16943, 12784, 3441, 5240, 9975, 13216, 17702, 11594, 13554, 6165, 19168, 16070, 3540, 3262, 10661, 4061, 13173, 2875, 17014, 4349, 10818, 8428, 16764, 14232, 8930, 15734, 17680, 7069, 15684, 17050, 18987, 6914, 6863, 19263, 10595, 150, 10039, 2722, 18223, 16444, 6559, 7258, 2661, 7699, 17136, 12773, 4247, 5723, 15194, 1696, 1500, 2807, 9893, 11835, 13240, 18313, 17107, 10265, 10244, 5570, 2862, 14049, 1012, 12861, 723, 9583, 17461, 10056, 1264, 8297, 3716, 14666, 15259, 13531, 543, 13723, 16810, 6700, 3516, 13766, 7186, 10692, 6321, 15484, 14547, 8744, 3703, 10383, 16829, 6366, 6846, 3906, 2021, 18133, 857, 279, 12232, 10212, 10541, 12325, 13475, 1225, 937, 6966, 10881, 16936, 18502, 1440, 11914, 3326, 5633, 14913, 4623, 10743, 12361, 17335, 1072, 5043, 14810, 15077, 3255, 17215, 6553, 17852, 4801, 6962, 3060, 9430, 8799, 13824, 188, 15175, 15163, 4733, 5011, 3536, 17635, 6532, 14071, 6112, 17158, 6597, 11272, 105, 19219, 5013, 12483, 201, 6848, 17033, 6367, 7859, 14702, 18844, 7053, 18694, 15670, 636, 10129, 6378, 5369, 7273, 16247, 9142, 15345, 16817, 14854, 2600, 15783, 889, 11833, 6612, 2068, 2427, 7062, 7918, 16181, 5464, 8339, 8950, 8453, 16423, 6064, 2380, 4268, 13929, 12974, 19141, 1299, 2484, 3883, 3273, 8772, 13256, 11239, 5766, 18098, 12705, 11004, 2695, 10048, 10960, 2766, 15661, 13258, 8015, 6032, 16397, 7749, 19039, 7634, 15076, 4234, 15114, 8475, 8091, 19220, 18004, 9704, 13918, 15569, 16443, 10015, 9943, 7817, 9349, 2588, 8249, 398, 5316, 15538, 18372, 13559, 2937, 2803, 16248, 6155, 630, 9911, 13190, 19157, 15788, 13248, 13148, 1320, 12074, 8471, 8798, 3213, 12418, 814, 2402, 12718, 12397, 10564, 9875, 10128, 6947, 9491, 17707, 3266, 19196, 14309, 18523, 19043, 17975, 18063, 11618, 15016, 14434, 7680, 1739, 18029, 11694, 1745, 9271, 5189, 9561, 11283, 14978, 10753, 16017, 12914, 978, 2828, 17257, 13135, 5061, 121, 6602, 16015, 19271, 12159, 1244, 8260, 13195, 15873, 12815, 14291, 14515, 118, 4892, 14985, 9551, 12654, 4739, 927, 12176, 9523, 11726, 18187, 5880, 2569, 3386, 13942, 3390, 15774, 129, 65, 12922, 8422, 12692, 16213, 11515, 2111, 8347, 10758, 14064, 4401, 17782, 15621, 6709, 14716, 4091, 13964, 8424, 4218, 7249, 11311, 11171, 18564, 14755, 7114, 14009, 14815, 294, 495, 7684, 6833, 4046, 3505, 16995, 17858, 7761, 15803, 9840, 13958, 8226, 10369, 12497, 17142, 1748, 2854, 7159, 11539, 11055, 13337, 17173, 14214, 6803, 11144, 12649, 283, 15489, 13174, 7015, 610, 7030, 18206, 14077, 15468, 14962, 8046, 7809, 17387, 16034, 16678, 1173, 3502, 12942, 15655, 16859, 7099, 1673, 446, 1365, 5881, 3713, 11697, 1897, 16001, 1702, 14149, 11876, 9341, 4325, 6923, 2001, 138, 3276, 18716, 17604, 10501, 115, 12800, 6111, 11148, 4549, 16057, 4707, 6843, 16091, 4295, 7519, 13708, 12409, 11018, 5052, 13566, 14715, 12755, 793, 10837, 1888, 12375, 3935, 5763, 11791, 11258, 13264, 11469, 4683, 8905, 1853, 11600, 4421, 2798, 5074, 18141, 13807, 8595, 8126, 13837, 8060, 6956, 11767, 14560, 9389, 15261, 1232, 12560, 7262, 11504, 3546, 4627, 1177, 517, 4008, 9219, 17696, 4148, 14124, 13243, 11235, 7561, 8331, 16320, 3591, 11341, 4015, 12028, 14929, 18601, 3528, 14065, 1510, 19191, 13833, 17616, 10869, 17689, 831, 16725, 6319, 15465, 10467, 8162, 13563, 7728, 10778, 13545, 12290, 16480, 14401, 12838, 4212, 17529, 4832, 15111, 12690, 10373, 7596, 18614, 17477, 1043, 13100, 4774, 17479, 3774, 9302, 3901, 13071, 6412, 9516, 1261, 3054, 13522, 17602, 14343, 18500, 10957, 2791, 9624, 3634, 17904, 5709, 14670, 11058, 7087, 7435, 13848, 82, 5565, 2562, 14029, 3583, 1676, 12709, 18473, 3158, 12787, 8068, 8263, 16146, 3593, 1802, 1861, 3348, 4487, 17749, 6105, 10471, 17472, 10200, 1182, 14180, 1076, 10156, 4839, 9903, 4879, 9720, 2157, 15344, 16067, 3064, 17182, 5368, 4987, 18484, 18923, 11896, 1052, 15727, 15289, 5885, 1933, 5251, 17072, 6038, 6195, 13524, 6606, 18506, 17536, 6784, 3231, 14121, 8925, 10030, 803, 13764, 146, 19268, 14099, 4130, 16372, 1537, 12248, 13718, 17187, 11728, 1740, 19233, 5600, 4092, 4779, 6028, 3395, 16152, 19150, 2417, 11980, 11237, 8427, 18127, 3538, 9257, 607, 2078, 18457, 5802, 3435, 15019, 4256, 9221, 13465, 11742, 5788, 9528, 17493, 4607, 3131, 6616, 5356, 1550, 4617, 8827, 849, 2601, 4437, 17861, 10261, 15704, 3890, 8149, 12063, 3086, 15925, 12301, 6847, 5603, 7768, 3187, 13372, 9258, 6584, 7594, 2603, 1835, 17380, 17193, 15251, 15937, 18731, 4082, 14911, 16626, 8824, 16208, 10167, 17711, 9678, 15852, 13620, 16479, 14586, 2446, 4866, 1315, 7746, 10615, 7927, 2443, 7157, 13506, 18410, 10494]",5175,1500,3,False,1500
3433,cooking recipe,cooking reci,11,True,True,False,"{21: 26, 33: 14, 2: 18, 29: 13, 25: 57, 43: 9, 57: 16, 49: 16, 61: 14, 67: 52, 65: 21, 50: 28, 15: 53, 6: 13, 46: 15, 27: 69, 7: 65, 48: 67, 19: 21, 31: 14, 63: 26, 22: 39, 9: 79, 26: 40, 47: 15, 53: 66, 11: 19, 51: 26, 54: 9, 13: 32, 17: 37, 52: 30, 39: 27, 38: 19, 1: 6, 59: 33, 56: 23, 32: 9, 8: 25, 4: 12, 20: 26, 24: 7, 18: 31, 42: 7, 28: 31, 45: 57, 0: 13, 66: 11, 62: 11, 35: 7, 64: 15, 37: 2, 40: 25, 3: 3, 14: 5, 12: 8, 16: 15, 55: 16, 30: 13, 58: 6, 36: 4, 60: 5, 5: 3, 41: 2, 44: 2, 34: 2}","[12686, 3384, 6034, 14374, 14516, 14680, 18580, 5912, 661, 4433, 14182, 14634, 14672, 13694, 17233, 12320, 12666, 7276, 14925, 15315, 1125, 14820, 3769, 14096, 12401, 14972, 14176, 4685, 4278, 5735, 7514, 16051, 15882, 4696, 17145, 19193, 12994, 9901, 13641, 15193, 6739, 9240, 1608, 14664, 18117, 5676, 15714, 5964, 5329, 16651, 15936, 14441, 15878, 18316, 14255, 18692, 5858, 4640, 10716, 13839, 16635, 2097, 11464, 12427, 2320, 14629, 7617, 16183, 16205, 2170, 4384, 6683, 5285, 18707, 6780, 4231, 2404, 4895, 18091, 2944, 13054, 3904, 3491, 9455, 15985, 10432, 8657, 15304, 9114, 5838, 5197, 17244, 6207, 3970, 17246, 3950, 6168, 8697, 6800, 9942, 11118, 8582, 6355, 15275, 4581, 12724, 11921, 1833, 523, 7619, 15729, 176, 8576, 3101, 1573, 1283, 11796, 11277, 2547, 1738, 6806, 15187, 7129, 5179, 5854, 16373, 9231, 6270, 777, 2062, 13249, 4144, 6325, 3924, 5350, 14414, 3142, 2249, 6444, 13582, 2833, 18030, 6483, 18404, 15057, 7482, 15001, 15872, 14584, 10835, 954, 7257, 1381, 17819, 17518, 6497, 14430, 4901, 16466, 10805, 132, 7506, 755, 14427, 12119, 16613, 19042, 14994, 11257, 8042, 2144, 5966, 1580, 8010, 2550, 10684, 14088, 5037, 8764, 17076, 14185, 15984, 5299, 16601, 19182, 13197, 14561, 12605, 17010, 2703, 6715, 11207, 10188, 212, 2293, 17676, 1720, 5934, 112, 8568, 15870, 3226, 4524, 4431, 5141, 5383, 7609, 12807, 19001, 14368, 6704, 14903, 4172, 117, 18698, 1699, 16558, 7518, 10618, 2110, 10308, 7828, 6623, 17644, 4449, 951, 13858, 15106, 8402, 916, 4771, 8608, 6448, 6656, 13547, 2814, 8336, 8093, 6398, 637, 9909, 10621, 786, 14146, 17292, 9457, 3, 2884, 14785, 10504, 16361, 8181, 17690, 654, 11067, 18741, 386, 18208, 10130, 8079, 7082, 14740, 8076, 18619, 14428, 10992, 12679, 9431, 18328, 13606, 7641, 13542, 1002, 11975, 15646, 19078, 1352, 8683, 16053, 11763, 14823, 7059, 4995, 3754, 6213, 10090, 19084, 1973, 8131, 5353, 836, 13960, 3217, 4885, 9645, 16941, 14750, 13171, 9132, 1355, 4440, 15747, 8233, 6008, 12781, 16749, 13905, 18198, 5033, 2910, 16502, 1233, 965, 16926, 3944, 13518, 18213, 12739, 9972, 14609, 5764, 6128, 9532, 12680, 3672, 5458, 6822, 11547, 3163, 8040, 14081, 8369, 18182, 17541, 11552, 12451, 15074, 1783, 17730, 1690, 16992, 2490, 2459, 18065, 320, 18311, 45, 9495, 4572, 544, 12731, 16811, 15096, 14957, 4594, 16607, 2449, 7791, 13659, 8892, 1713, 17336, 6598, 13832, 10495, 18937, 3067, 3473, 12715, 13492, 14787, 16503, 17899, 16638, 2408, 7141, 10590, 2917, 14650, 12571, 4321, 2855, 1829, 3736, 3381, 11069, 16093, 15201, 14311, 9836, 18289, 16899, 897, 13981, 12223, 8884, 15721, 7778, 13648, 5737, 6550, 19249, 2715, 447, 12941, 8915, 18963, 16291, 760, 5869, 3635, 3439, 6740, 5003, 3174, 2945, 16056, 4860, 11216, 7363, 1147, 12124, 9764, 11245, 4361, 7784, 16285, 17057, 11203, 5114, 17655, 12056, 17890, 7741, 15799, 10258, 16088, 19222, 15303, 1433, 5991, 322, 2322, 3156, 9940, 7814, 17068, 16968, 10018, 1991, 11946, 8705, 10371, 4619, 11074, 2034, 15550, 11743, 18666, 13494, 14175, 13948, 15123, 11154, 10397, 1701, 4770, 839, 12085, 16500, 16241, 1535, 18782, 2221, 539, 18405, 4245, 103, 1571, 16945, 12196, 9441, 1732, 1367, 3596, 4794, 7230, 5245, 17483, 2955, 2003, 11509, 4044, 12934, 3456, 16693, 593, 4582, 14076, 10972, 1965, 7227, 14324, 8658, 3772, 8355, 11889, 1908, 2684, 10026, 1666, 16507, 5589, 9295, 8389, 2099, 18653, 13808, 19147, 6675, 10970, 2788, 19028, 16983, 16166, 9845, 8160, 11381, 10088, 10333, 11716, 14695, 12697, 4365, 3747, 17296, 11904, 74, 7047, 10639, 13094, 940, 10478, 2032, 6642, 14896, 10840, 5430, 5556, 12597, 2183, 18403, 4252, 14613, 18283, 8790, 12140, 13540, 13353, 14114, 13297, 4056, 14038, 11299, 13770, 11433, 14285, 1526, 1955, 15711, 255, 12481, 612, 1635, 4886, 357, 11434, 9524, 13106, 2607, 5391, 9406, 2331, 624, 2749, 17849, 9829, 11436, 18426, 9481, 18550, 15647, 532, 11720, 11824, 15610, 15741, 7902, 13558, 17967, 14539, 17889, 4631, 1238, 16921, 7787, 15293, 3108, 8215, 2851, 4514, 12938, 16730, 17178, 4890, 17960, 4725, 7917, 3191, 8231, 16341, 8195, 10913, 2173, 5557, 2637, 16896, 5806, 1815, 1451, 8864, 2290, 12108, 5328, 6203, 2431, 7508, 17898, 17188, 6897, 1199, 15526, 18437, 6631, 8644, 16917, 14964, 14233, 2454, 584, 4830, 7199, 4180, 14889, 5761, 13756, 6917, 7756, 18880, 15095, 1816, 14070, 16252, 7429, 16589, 1631, 15968, 15221, 12478, 18594, 1477, 5637, 12058, 1205, 13397, 9107, 18654, 1968, 3759, 13147, 14144, 14973, 12452, 18020, 13592, 17920, 13687, 11335, 7207, 418, 7834, 778, 12982, 10688, 9031, 509, 9601, 9780, 17040, 12023, 3916, 91, 6536, 18535, 7547, 15240, 707, 14533, 15064, 17012, 16805, 8637, 5969, 16221, 1940, 13307, 4717, 12615, 18220, 11028, 12170, 1743, 2376, 12415, 14220, 18827, 1294, 18543, 6977, 15309, 11778, 11842, 17103, 3857, 4637, 12162, 19169, 17166, 18237, 17818, 9507, 19022, 5790, 19112, 15611, 1118, 15184, 18703, 1817, 15530, 16579, 8437, 11839, 11378, 3537, 9205, 9217, 16272, 18759, 16828, 12002, 8348, 1723, 3481, 14115, 379, 8544, 264, 6015, 7672, 2253, 7364, 3706, 13796, 17139, 16125, 12059, 9623, 7185, 2418, 18230, 3087, 281, 4379, 1796, 8459, 4400, 17824, 2736, 16446, 13525, 15341, 3275, 7872, 1662, 7557, 4319, 15442, 7181, 10456, 4963, 17048, 16943, 12784, 3441, 5240, 9975, 13216, 17702, 11594, 13554, 6165, 19168, 16070, 3540, 3262, 10661, 4061, 13173, 2875, 17014, 4349, 10818, 8428, 16764, 14232, 8930, 15734, 17680, 7069, 15684, 17050, 18987, 6914, 6863, 19263, 10595, 150, 10039, 2722, 18223, 16444, 6559, 7258, 2661, 7699, 17136, 12773, 4247, 5723, 15194, 1696, 1500, 2807, 9893, 11835, 13240, 18313, 17107, 10265, 10244, 5570, 2862, 14049, 1012, 12861, 723, 9583, 17461, 10056, 1264, 8297, 3716, 14666, 15259, 13531, 543, 13723, 16810, 6700, 3516, 13766, 7186, 10692, 6321, 15484, 14547, 8744, 3703, 10383, 16829, 6366, 6846, 3906, 2021, 18133, 857, 279, 12232, 10212, 10541, 12325, 13475, 1225, 937, 6966, 10881, 16936, 18502, 1440, 11914, 3326, 5633, 14913, 4623, 10743, 12361, 17335, 1072, 5043, 14810, 15077, 3255, 17215, 6553, 17852, 4801, 6962, 3060, 9430, 8799, 13824, 188, 15175, 15163, 4733, 5011, 3536, 17635, 6532, 14071, 6112, 17158, 6597, 11272, 105, 19219, 5013, 12483, 201, 6848, 17033, 6367, 7859, 14702, 18844, 7053, 18694, 15670, 636, 10129, 6378, 5369, 7273, 16247, 9142, 15345, 16817, 14854, 2600, 15783, 889, 11833, 6612, 2068, 2427, 7062, 7918, 16181, 5464, 8339, 8950, 8453, 16423, 6064, 2380, 4268, 13929, 12974, 19141, 1299, 2484, 3883, 3273, 8772, 13256, 11239, 5766, 18098, 12705, 11004, 2695, 10048, 10960, 2766, 15661, 13258, 8015, 6032, 16397, 7749, 19039, 7634, 15076, 4234, 15114, 8475, 8091, 19220, 18004, 9704, 13918, 15569, 16443, 10015, 9943, 7817, 9349, 2588, 8249, 398, 5316, 15538, 18372, 13559, 2937, 2803, 16248, 6155, 630, 9911, 13190, 19157, 15788, 13248, 13148, 1320, 12074, 8471, 8798, 3213, 12418, 814, 2402, 12718, 12397, 10564, 9875, 10128, 6947, 9491, 17707, 3266, 19196, 14309, 18523, 19043, 17975, 18063, 11618, 15016, 14434, 7680, 1739, 18029, 11694, 1745, 9271, 5189, 9561, 11283, 14978, 10753, 16017, 12914, 978, 2828, 17257, 13135, 5061, 121, 6602, 16015, 19271, 12159, 1244, 8260, 13195, 15873, 12815, 14291, 14515, 118, 4892, 14985, 9551, 12654, 4739, 927, 12176, 9523, 11726, 18187, 5880, 2569, 3386, 13942, 3390, 15774, 129, 65, 12922, 8422, 12692, 16213, 11515, 2111, 8347, 10758, 14064, 4401, 17782, 15621, 6709, 14716, 4091, 13964, 8424, 4218, 7249, 11311, 11171, 18564, 14755, 7114, 14009, 14815, 294, 495, 7684, 6833, 4046, 3505, 16995, 17858, 7761, 15803, 9840, 13958, 8226, 10369, 12497, 17142, 1748, 2854, 7159, 11539, 11055, 13337, 17173, 14214, 6803, 11144, 12649, 283, 15489, 13174, 7015, 610, 7030, 18206, 14077, 15468, 14962, 8046, 7809, 17387, 16034, 16678, 1173, 3502, 12942, 15655, 16859, 7099, 1673, 446, 1365, 5881, 3713, 11697, 1897, 16001, 1702, 14149, 11876, 9341, 4325, 6923, 2001, 138, 3276, 18716, 17604, 10501, 115, 12800, 6111, 11148, 4549, 16057, 4707, 6843, 16091, 4295, 7519, 13708, 12409, 11018, 5052, 13566, 14715, 12755, 793, 10837, 1888, 12375, 3935, 5763, 11791, 11258, 13264, 11469, 4683, 8905, 1853, 11600, 4421, 2798, 5074, 18141, 13807, 8595, 8126, 13837, 8060, 6956, 11767, 14560, 9389, 15261, 1232, 12560, 7262, 11504, 3546, 4627, 1177, 517, 4008, 9219, 17696, 4148, 14124, 13243, 11235, 7561, 8331, 16320, 3591, 11341, 4015, 12028, 14929, 18601, 3528, 14065, 1510, 19191, 13833, 17616, 10869, 17689, 831, 16725, 6319, 15465, 10467, 8162, 13563, 7728, 10778, 13545, 12290, 16480, 14401, 12838, 4212, 17529, 4832, 15111, 12690, 10373, 7596, 18614, 17477, 1043, 13100, 4774, 17479, 3774, 9302, 3901, 13071, 6412, 9516, 1261, 3054, 13522, 17602, 14343, 18500, 10957, 2791, 9624, 3634, 17904, 5709, 14670, 11058, 7087, 7435, 13848, 82, 5565, 2562, 14029, 3583, 1676, 12709, 18473, 3158, 12787, 8068, 8263, 16146, 3593, 1802, 1861, 3348, 4487, 17749, 6105, 10471, 17472, 10200, 1182, 14180, 1076, 10156, 4839, 9903, 4879, 9720, 2157, 15344, 16067, 3064, 17182, 5368, 4987, 18484, 18923, 11896, 1052, 15727, 15289, 5885, 1933, 5251, 17072, 6038, 6195, 13524, 6606, 18506, 17536, 6784, 3231, 14121, 8925, 10030, 803, 13764, 146, 19268, 14099, 4130, 16372, 1537, 12248, 13718, 17187, 11728, 1740, 19233, 5600, 4092, 4779, 6028, 3395, 16152, 19150, 2417, 11980, 11237, 8427, 18127, 3538, 9257, 607, 2078, 18457, 5802, 3435, 15019, 4256, 9221, 13465, 11742, 5788, 9528, 17493, 4607, 3131, 6616, 5356, 1550, 4617, 8827, 849, 2601, 4437, 17861, 10261, 15704, 3890, 8149, 12063, 3086, 15925, 12301, 6847, 5603, 7768, 3187, 13372, 9258, 6584, 7594, 2603, 1835, 17380, 17193, 15251, 15937, 18731, 4082, 14911, 16626, 8824, 16208, 10167, 17711, 9678, 15852, 13620, 16479, 14586, 2446, 4866, 1315, 7746, 10615, 7927, 2443, 7157, 13506, 18410, 10494]",3433,1500,3,False,1500
1215,social post,social post,59,True,True,True,"{21: 26, 33: 14, 2: 18, 29: 13, 25: 57, 43: 9, 57: 16, 49: 16, 61: 14, 67: 52, 65: 21, 50: 28, 15: 53, 6: 13, 46: 15, 27: 69, 7: 65, 48: 67, 19: 21, 31: 14, 63: 26, 22: 39, 9: 79, 26: 40, 47: 15, 53: 66, 11: 19, 51: 26, 54: 9, 13: 32, 17: 37, 52: 30, 39: 27, 38: 19, 1: 6, 59: 33, 56: 23, 32: 9, 8: 25, 4: 12, 20: 26, 24: 7, 18: 31, 42: 7, 28: 31, 45: 57, 0: 13, 66: 11, 62: 11, 35: 7, 64: 15, 37: 2, 40: 25, 3: 3, 14: 5, 12: 8, 16: 15, 55: 16, 30: 13, 58: 6, 36: 4, 60: 5, 5: 3, 41: 2, 44: 2, 34: 2}","[12686, 3384, 6034, 14374, 14516, 14680, 18580, 5912, 661, 4433, 14182, 14634, 14672, 13694, 17233, 12320, 12666, 7276, 14925, 15315, 1125, 14820, 3769, 14096, 12401, 14972, 14176, 4685, 4278, 5735, 7514, 16051, 15882, 4696, 17145, 19193, 12994, 9901, 13641, 15193, 6739, 9240, 1608, 14664, 18117, 5676, 15714, 5964, 5329, 16651, 15936, 14441, 15878, 18316, 14255, 18692, 5858, 4640, 10716, 13839, 16635, 2097, 11464, 12427, 2320, 14629, 7617, 16183, 16205, 2170, 4384, 6683, 5285, 18707, 6780, 4231, 2404, 4895, 18091, 2944, 13054, 3904, 3491, 9455, 15985, 10432, 8657, 15304, 9114, 5838, 5197, 17244, 6207, 3970, 17246, 3950, 6168, 8697, 6800, 9942, 11118, 8582, 6355, 15275, 4581, 12724, 11921, 1833, 523, 7619, 15729, 176, 8576, 3101, 1573, 1283, 11796, 11277, 2547, 1738, 6806, 15187, 7129, 5179, 5854, 16373, 9231, 6270, 777, 2062, 13249, 4144, 6325, 3924, 5350, 14414, 3142, 2249, 6444, 13582, 2833, 18030, 6483, 18404, 15057, 7482, 15001, 15872, 14584, 10835, 954, 7257, 1381, 17819, 17518, 6497, 14430, 4901, 16466, 10805, 132, 7506, 755, 14427, 12119, 16613, 19042, 14994, 11257, 8042, 2144, 5966, 1580, 8010, 2550, 10684, 14088, 5037, 8764, 17076, 14185, 15984, 5299, 16601, 19182, 13197, 14561, 12605, 17010, 2703, 6715, 11207, 10188, 212, 2293, 17676, 1720, 5934, 112, 8568, 15870, 3226, 4524, 4431, 5141, 5383, 7609, 12807, 19001, 14368, 6704, 14903, 4172, 117, 18698, 1699, 16558, 7518, 10618, 2110, 10308, 7828, 6623, 17644, 4449, 951, 13858, 15106, 8402, 916, 4771, 8608, 6448, 6656, 13547, 2814, 8336, 8093, 6398, 637, 9909, 10621, 786, 14146, 17292, 9457, 3, 2884, 14785, 10504, 16361, 8181, 17690, 654, 11067, 18741, 386, 18208, 10130, 8079, 7082, 14740, 8076, 18619, 14428, 10992, 12679, 9431, 18328, 13606, 7641, 13542, 1002, 11975, 15646, 19078, 1352, 8683, 16053, 11763, 14823, 7059, 4995, 3754, 6213, 10090, 19084, 1973, 8131, 5353, 836, 13960, 3217, 4885, 9645, 16941, 14750, 13171, 9132, 1355, 4440, 15747, 8233, 6008, 12781, 16749, 13905, 18198, 5033, 2910, 16502, 1233, 965, 16926, 3944, 13518, 18213, 12739, 9972, 14609, 5764, 6128, 9532, 12680, 3672, 5458, 6822, 11547, 3163, 8040, 14081, 8369, 18182, 17541, 11552, 12451, 15074, 1783, 17730, 1690, 16992, 2490, 2459, 18065, 320, 18311, 45, 9495, 4572, 544, 12731, 16811, 15096, 14957, 4594, 16607, 2449, 7791, 13659, 8892, 1713, 17336, 6598, 13832, 10495, 18937, 3067, 3473, 12715, 13492, 14787, 16503, 17899, 16638, 2408, 7141, 10590, 2917, 14650, 12571, 4321, 2855, 1829, 3736, 3381, 11069, 16093, 15201, 14311, 9836, 18289, 16899, 897, 13981, 12223, 8884, 15721, 7778, 13648, 5737, 6550, 19249, 2715, 447, 12941, 8915, 18963, 16291, 760, 5869, 3635, 3439, 6740, 5003, 3174, 2945, 16056, 4860, 11216, 7363, 1147, 12124, 9764, 11245, 4361, 7784, 16285, 17057, 11203, 5114, 17655, 12056, 17890, 7741, 15799, 10258, 16088, 19222, 15303, 1433, 5991, 322, 2322, 3156, 9940, 7814, 17068, 16968, 10018, 1991, 11946, 8705, 10371, 4619, 11074, 2034, 15550, 11743, 18666, 13494, 14175, 13948, 15123, 11154, 10397, 1701, 4770, 839, 12085, 16500, 16241, 1535, 18782, 2221, 539, 18405, 4245, 103, 1571, 16945, 12196, 9441, 1732, 1367, 3596, 4794, 7230, 5245, 17483, 2955, 2003, 11509, 4044, 12934, 3456, 16693, 593, 4582, 14076, 10972, 1965, 7227, 14324, 8658, 3772, 8355, 11889, 1908, 2684, 10026, 1666, 16507, 5589, 9295, 8389, 2099, 18653, 13808, 19147, 6675, 10970, 2788, 19028, 16983, 16166, 9845, 8160, 11381, 10088, 10333, 11716, 14695, 12697, 4365, 3747, 17296, 11904, 74, 7047, 10639, 13094, 940, 10478, 2032, 6642, 14896, 10840, 5430, 5556, 12597, 2183, 18403, 4252, 14613, 18283, 8790, 12140, 13540, 13353, 14114, 13297, 4056, 14038, 11299, 13770, 11433, 14285, 1526, 1955, 15711, 255, 12481, 612, 1635, 4886, 357, 11434, 9524, 13106, 2607, 5391, 9406, 2331, 624, 2749, 17849, 9829, 11436, 18426, 9481, 18550, 15647, 532, 11720, 11824, 15610, 15741, 7902, 13558, 17967, 14539, 17889, 4631, 1238, 16921, 7787, 15293, 3108, 8215, 2851, 4514, 12938, 16730, 17178, 4890, 17960, 4725, 7917, 3191, 8231, 16341, 8195, 10913, 2173, 5557, 2637, 16896, 5806, 1815, 1451, 8864, 2290, 12108, 5328, 6203, 2431, 7508, 17898, 17188, 6897, 1199, 15526, 18437, 6631, 8644, 16917, 14964, 14233, 2454, 584, 4830, 7199, 4180, 14889, 5761, 13756, 6917, 7756, 18880, 15095, 1816, 14070, 16252, 7429, 16589, 1631, 15968, 15221, 12478, 18594, 1477, 5637, 12058, 1205, 13397, 9107, 18654, 1968, 3759, 13147, 14144, 14973, 12452, 18020, 13592, 17920, 13687, 11335, 7207, 418, 7834, 778, 12982, 10688, 9031, 509, 9601, 9780, 17040, 12023, 3916, 91, 6536, 18535, 7547, 15240, 707, 14533, 15064, 17012, 16805, 8637, 5969, 16221, 1940, 13307, 4717, 12615, 18220, 11028, 12170, 1743, 2376, 12415, 14220, 18827, 1294, 18543, 6977, 15309, 11778, 11842, 17103, 3857, 4637, 12162, 19169, 17166, 18237, 17818, 9507, 19022, 5790, 19112, 15611, 1118, 15184, 18703, 1817, 15530, 16579, 8437, 11839, 11378, 3537, 9205, 9217, 16272, 18759, 16828, 12002, 8348, 1723, 3481, 14115, 379, 8544, 264, 6015, 7672, 2253, 7364, 3706, 13796, 17139, 16125, 12059, 9623, 7185, 2418, 18230, 3087, 281, 4379, 1796, 8459, 4400, 17824, 2736, 16446, 13525, 15341, 3275, 7872, 1662, 7557, 4319, 15442, 7181, 10456, 4963, 17048, 16943, 12784, 3441, 5240, 9975, 13216, 17702, 11594, 13554, 6165, 19168, 16070, 3540, 3262, 10661, 4061, 13173, 2875, 17014, 4349, 10818, 8428, 16764, 14232, 8930, 15734, 17680, 7069, 15684, 17050, 18987, 6914, 6863, 19263, 10595, 150, 10039, 2722, 18223, 16444, 6559, 7258, 2661, 7699, 17136, 12773, 4247, 5723, 15194, 1696, 1500, 2807, 9893, 11835, 13240, 18313, 17107, 10265, 10244, 5570, 2862, 14049, 1012, 12861, 723, 9583, 17461, 10056, 1264, 8297, 3716, 14666, 15259, 13531, 543, 13723, 16810, 6700, 3516, 13766, 7186, 10692, 6321, 15484, 14547, 8744, 3703, 10383, 16829, 6366, 6846, 3906, 2021, 18133, 857, 279, 12232, 10212, 10541, 12325, 13475, 1225, 937, 6966, 10881, 16936, 18502, 1440, 11914, 3326, 5633, 14913, 4623, 10743, 12361, 17335, 1072, 5043, 14810, 15077, 3255, 17215, 6553, 17852, 4801, 6962, 3060, 9430, 8799, 13824, 188, 15175, 15163, 4733, 5011, 3536, 17635, 6532, 14071, 6112, 17158, 6597, 11272, 105, 19219, 5013, 12483, 201, 6848, 17033, 6367, 7859, 14702, 18844, 7053, 18694, 15670, 636, 10129, 6378, 5369, 7273, 16247, 9142, 15345, 16817, 14854, 2600, 15783, 889, 11833, 6612, 2068, 2427, 7062, 7918, 16181, 5464, 8339, 8950, 8453, 16423, 6064, 2380, 4268, 13929, 12974, 19141, 1299, 2484, 3883, 3273, 8772, 13256, 11239, 5766, 18098, 12705, 11004, 2695, 10048, 10960, 2766, 15661, 13258, 8015, 6032, 16397, 7749, 19039, 7634, 15076, 4234, 15114, 8475, 8091, 19220, 18004, 9704, 13918, 15569, 16443, 10015, 9943, 7817, 9349, 2588, 8249, 398, 5316, 15538, 18372, 13559, 2937, 2803, 16248, 6155, 630, 9911, 13190, 19157, 15788, 13248, 13148, 1320, 12074, 8471, 8798, 3213, 12418, 814, 2402, 12718, 12397, 10564, 9875, 10128, 6947, 9491, 17707, 3266, 19196, 14309, 18523, 19043, 17975, 18063, 11618, 15016, 14434, 7680, 1739, 18029, 11694, 1745, 9271, 5189, 9561, 11283, 14978, 10753, 16017, 12914, 978, 2828, 17257, 13135, 5061, 121, 6602, 16015, 19271, 12159, 1244, 8260, 13195, 15873, 12815, 14291, 14515, 118, 4892, 14985, 9551, 12654, 4739, 927, 12176, 9523, 11726, 18187, 5880, 2569, 3386, 13942, 3390, 15774, 129, 65, 12922, 8422, 12692, 16213, 11515, 2111, 8347, 10758, 14064, 4401, 17782, 15621, 6709, 14716, 4091, 13964, 8424, 4218, 7249, 11311, 11171, 18564, 14755, 7114, 14009, 14815, 294, 495, 7684, 6833, 4046, 3505, 16995, 17858, 7761, 15803, 9840, 13958, 8226, 10369, 12497, 17142, 1748, 2854, 7159, 11539, 11055, 13337, 17173, 14214, 6803, 11144, 12649, 283, 15489, 13174, 7015, 610, 7030, 18206, 14077, 15468, 14962, 8046, 7809, 17387, 16034, 16678, 1173, 3502, 12942, 15655, 16859, 7099, 1673, 446, 1365, 5881, 3713, 11697, 1897, 16001, 1702, 14149, 11876, 9341, 4325, 6923, 2001, 138, 3276, 18716, 17604, 10501, 115, 12800, 6111, 11148, 4549, 16057, 4707, 6843, 16091, 4295, 7519, 13708, 12409, 11018, 5052, 13566, 14715, 12755, 793, 10837, 1888, 12375, 3935, 5763, 11791, 11258, 13264, 11469, 4683, 8905, 1853, 11600, 4421, 2798, 5074, 18141, 13807, 8595, 8126, 13837, 8060, 6956, 11767, 14560, 9389, 15261, 1232, 12560, 7262, 11504, 3546, 4627, 1177, 517, 4008, 9219, 17696, 4148, 14124, 13243, 11235, 7561, 8331, 16320, 3591, 11341, 4015, 12028, 14929, 18601, 3528, 14065, 1510, 19191, 13833, 17616, 10869, 17689, 831, 16725, 6319, 15465, 10467, 8162, 13563, 7728, 10778, 13545, 12290, 16480, 14401, 12838, 4212, 17529, 4832, 15111, 12690, 10373, 7596, 18614, 17477, 1043, 13100, 4774, 17479, 3774, 9302, 3901, 13071, 6412, 9516, 1261, 3054, 13522, 17602, 14343, 18500, 10957, 2791, 9624, 3634, 17904, 5709, 14670, 11058, 7087, 7435, 13848, 82, 5565, 2562, 14029, 3583, 1676, 12709, 18473, 3158, 12787, 8068, 8263, 16146, 3593, 1802, 1861, 3348, 4487, 17749, 6105, 10471, 17472, 10200, 1182, 14180, 1076, 10156, 4839, 9903, 4879, 9720, 2157, 15344, 16067, 3064, 17182, 5368, 4987, 18484, 18923, 11896, 1052, 15727, 15289, 5885, 1933, 5251, 17072, 6038, 6195, 13524, 6606, 18506, 17536, 6784, 3231, 14121, 8925, 10030, 803, 13764, 146, 19268, 14099, 4130, 16372, 1537, 12248, 13718, 17187, 11728, 1740, 19233, 5600, 4092, 4779, 6028, 3395, 16152, 19150, 2417, 11980, 11237, 8427, 18127, 3538, 9257, 607, 2078, 18457, 5802, 3435, 15019, 4256, 9221, 13465, 11742, 5788, 9528, 17493, 4607, 3131, 6616, 5356, 1550, 4617, 8827, 849, 2601, 4437, 17861, 10261, 15704, 3890, 8149, 12063, 3086, 15925, 12301, 6847, 5603, 7768, 3187, 13372, 9258, 6584, 7594, 2603, 1835, 17380, 17193, 15251, 15937, 18731, 4082, 14911, 16626, 8824, 16208, 10167, 17711, 9678, 15852, 13620, 16479, 14586, 2446, 4866, 1315, 7746, 10615, 7927, 2443, 7157, 13506, 18410, 10494]",1215,1500,3,False,1500
6198,email query,email s,17,True,False,True,"{21: 26, 33: 14, 2: 18, 29: 13, 25: 57, 43: 9, 57: 16, 49: 16, 61: 14, 67: 52, 65: 21, 50: 28, 15: 53, 6: 13, 46: 15, 27: 69, 7: 65, 48: 67, 19: 21, 31: 14, 63: 26, 22: 39, 9: 79, 26: 40, 47: 15, 53: 66, 11: 19, 51: 26, 54: 9, 13: 32, 17: 37, 52: 30, 39: 27, 38: 19, 1: 6, 59: 33, 56: 23, 32: 9, 8: 25, 4: 12, 20: 26, 24: 7, 18: 31, 42: 7, 28: 31, 45: 57, 0: 13, 66: 11, 62: 11, 35: 7, 64: 15, 37: 2, 40: 25, 3: 3, 14: 5, 12: 8, 16: 15, 55: 16, 30: 13, 58: 6, 36: 4, 60: 5, 5: 3, 41: 2, 44: 2, 34: 2}","[12686, 3384, 6034, 14374, 14516, 14680, 18580, 5912, 661, 4433, 14182, 14634, 14672, 13694, 17233, 12320, 12666, 7276, 14925, 15315, 1125, 14820, 3769, 14096, 12401, 14972, 14176, 4685, 4278, 5735, 7514, 16051, 15882, 4696, 17145, 19193, 12994, 9901, 13641, 15193, 6739, 9240, 1608, 14664, 18117, 5676, 15714, 5964, 5329, 16651, 15936, 14441, 15878, 18316, 14255, 18692, 5858, 4640, 10716, 13839, 16635, 2097, 11464, 12427, 2320, 14629, 7617, 16183, 16205, 2170, 4384, 6683, 5285, 18707, 6780, 4231, 2404, 4895, 18091, 2944, 13054, 3904, 3491, 9455, 15985, 10432, 8657, 15304, 9114, 5838, 5197, 17244, 6207, 3970, 17246, 3950, 6168, 8697, 6800, 9942, 11118, 8582, 6355, 15275, 4581, 12724, 11921, 1833, 523, 7619, 15729, 176, 8576, 3101, 1573, 1283, 11796, 11277, 2547, 1738, 6806, 15187, 7129, 5179, 5854, 16373, 9231, 6270, 777, 2062, 13249, 4144, 6325, 3924, 5350, 14414, 3142, 2249, 6444, 13582, 2833, 18030, 6483, 18404, 15057, 7482, 15001, 15872, 14584, 10835, 954, 7257, 1381, 17819, 17518, 6497, 14430, 4901, 16466, 10805, 132, 7506, 755, 14427, 12119, 16613, 19042, 14994, 11257, 8042, 2144, 5966, 1580, 8010, 2550, 10684, 14088, 5037, 8764, 17076, 14185, 15984, 5299, 16601, 19182, 13197, 14561, 12605, 17010, 2703, 6715, 11207, 10188, 212, 2293, 17676, 1720, 5934, 112, 8568, 15870, 3226, 4524, 4431, 5141, 5383, 7609, 12807, 19001, 14368, 6704, 14903, 4172, 117, 18698, 1699, 16558, 7518, 10618, 2110, 10308, 7828, 6623, 17644, 4449, 951, 13858, 15106, 8402, 916, 4771, 8608, 6448, 6656, 13547, 2814, 8336, 8093, 6398, 637, 9909, 10621, 786, 14146, 17292, 9457, 3, 2884, 14785, 10504, 16361, 8181, 17690, 654, 11067, 18741, 386, 18208, 10130, 8079, 7082, 14740, 8076, 18619, 14428, 10992, 12679, 9431, 18328, 13606, 7641, 13542, 1002, 11975, 15646, 19078, 1352, 8683, 16053, 11763, 14823, 7059, 4995, 3754, 6213, 10090, 19084, 1973, 8131, 5353, 836, 13960, 3217, 4885, 9645, 16941, 14750, 13171, 9132, 1355, 4440, 15747, 8233, 6008, 12781, 16749, 13905, 18198, 5033, 2910, 16502, 1233, 965, 16926, 3944, 13518, 18213, 12739, 9972, 14609, 5764, 6128, 9532, 12680, 3672, 5458, 6822, 11547, 3163, 8040, 14081, 8369, 18182, 17541, 11552, 12451, 15074, 1783, 17730, 1690, 16992, 2490, 2459, 18065, 320, 18311, 45, 9495, 4572, 544, 12731, 16811, 15096, 14957, 4594, 16607, 2449, 7791, 13659, 8892, 1713, 17336, 6598, 13832, 10495, 18937, 3067, 3473, 12715, 13492, 14787, 16503, 17899, 16638, 2408, 7141, 10590, 2917, 14650, 12571, 4321, 2855, 1829, 3736, 3381, 11069, 16093, 15201, 14311, 9836, 18289, 16899, 897, 13981, 12223, 8884, 15721, 7778, 13648, 5737, 6550, 19249, 2715, 447, 12941, 8915, 18963, 16291, 760, 5869, 3635, 3439, 6740, 5003, 3174, 2945, 16056, 4860, 11216, 7363, 1147, 12124, 9764, 11245, 4361, 7784, 16285, 17057, 11203, 5114, 17655, 12056, 17890, 7741, 15799, 10258, 16088, 19222, 15303, 1433, 5991, 322, 2322, 3156, 9940, 7814, 17068, 16968, 10018, 1991, 11946, 8705, 10371, 4619, 11074, 2034, 15550, 11743, 18666, 13494, 14175, 13948, 15123, 11154, 10397, 1701, 4770, 839, 12085, 16500, 16241, 1535, 18782, 2221, 539, 18405, 4245, 103, 1571, 16945, 12196, 9441, 1732, 1367, 3596, 4794, 7230, 5245, 17483, 2955, 2003, 11509, 4044, 12934, 3456, 16693, 593, 4582, 14076, 10972, 1965, 7227, 14324, 8658, 3772, 8355, 11889, 1908, 2684, 10026, 1666, 16507, 5589, 9295, 8389, 2099, 18653, 13808, 19147, 6675, 10970, 2788, 19028, 16983, 16166, 9845, 8160, 11381, 10088, 10333, 11716, 14695, 12697, 4365, 3747, 17296, 11904, 74, 7047, 10639, 13094, 940, 10478, 2032, 6642, 14896, 10840, 5430, 5556, 12597, 2183, 18403, 4252, 14613, 18283, 8790, 12140, 13540, 13353, 14114, 13297, 4056, 14038, 11299, 13770, 11433, 14285, 1526, 1955, 15711, 255, 12481, 612, 1635, 4886, 357, 11434, 9524, 13106, 2607, 5391, 9406, 2331, 624, 2749, 17849, 9829, 11436, 18426, 9481, 18550, 15647, 532, 11720, 11824, 15610, 15741, 7902, 13558, 17967, 14539, 17889, 4631, 1238, 16921, 7787, 15293, 3108, 8215, 2851, 4514, 12938, 16730, 17178, 4890, 17960, 4725, 7917, 3191, 8231, 16341, 8195, 10913, 2173, 5557, 2637, 16896, 5806, 1815, 1451, 8864, 2290, 12108, 5328, 6203, 2431, 7508, 17898, 17188, 6897, 1199, 15526, 18437, 6631, 8644, 16917, 14964, 14233, 2454, 584, 4830, 7199, 4180, 14889, 5761, 13756, 6917, 7756, 18880, 15095, 1816, 14070, 16252, 7429, 16589, 1631, 15968, 15221, 12478, 18594, 1477, 5637, 12058, 1205, 13397, 9107, 18654, 1968, 3759, 13147, 14144, 14973, 12452, 18020, 13592, 17920, 13687, 11335, 7207, 418, 7834, 778, 12982, 10688, 9031, 509, 9601, 9780, 17040, 12023, 3916, 91, 6536, 18535, 7547, 15240, 707, 14533, 15064, 17012, 16805, 8637, 5969, 16221, 1940, 13307, 4717, 12615, 18220, 11028, 12170, 1743, 2376, 12415, 14220, 18827, 1294, 18543, 6977, 15309, 11778, 11842, 17103, 3857, 4637, 12162, 19169, 17166, 18237, 17818, 9507, 19022, 5790, 19112, 15611, 1118, 15184, 18703, 1817, 15530, 16579, 8437, 11839, 11378, 3537, 9205, 9217, 16272, 18759, 16828, 12002, 8348, 1723, 3481, 14115, 379, 8544, 264, 6015, 7672, 2253, 7364, 3706, 13796, 17139, 16125, 12059, 9623, 7185, 2418, 18230, 3087, 281, 4379, 1796, 8459, 4400, 17824, 2736, 16446, 13525, 15341, 3275, 7872, 1662, 7557, 4319, 15442, 7181, 10456, 4963, 17048, 16943, 12784, 3441, 5240, 9975, 13216, 17702, 11594, 13554, 6165, 19168, 16070, 3540, 3262, 10661, 4061, 13173, 2875, 17014, 4349, 10818, 8428, 16764, 14232, 8930, 15734, 17680, 7069, 15684, 17050, 18987, 6914, 6863, 19263, 10595, 150, 10039, 2722, 18223, 16444, 6559, 7258, 2661, 7699, 17136, 12773, 4247, 5723, 15194, 1696, 1500, 2807, 9893, 11835, 13240, 18313, 17107, 10265, 10244, 5570, 2862, 14049, 1012, 12861, 723, 9583, 17461, 10056, 1264, 8297, 3716, 14666, 15259, 13531, 543, 13723, 16810, 6700, 3516, 13766, 7186, 10692, 6321, 15484, 14547, 8744, 3703, 10383, 16829, 6366, 6846, 3906, 2021, 18133, 857, 279, 12232, 10212, 10541, 12325, 13475, 1225, 937, 6966, 10881, 16936, 18502, 1440, 11914, 3326, 5633, 14913, 4623, 10743, 12361, 17335, 1072, 5043, 14810, 15077, 3255, 17215, 6553, 17852, 4801, 6962, 3060, 9430, 8799, 13824, 188, 15175, 15163, 4733, 5011, 3536, 17635, 6532, 14071, 6112, 17158, 6597, 11272, 105, 19219, 5013, 12483, 201, 6848, 17033, 6367, 7859, 14702, 18844, 7053, 18694, 15670, 636, 10129, 6378, 5369, 7273, 16247, 9142, 15345, 16817, 14854, 2600, 15783, 889, 11833, 6612, 2068, 2427, 7062, 7918, 16181, 5464, 8339, 8950, 8453, 16423, 6064, 2380, 4268, 13929, 12974, 19141, 1299, 2484, 3883, 3273, 8772, 13256, 11239, 5766, 18098, 12705, 11004, 2695, 10048, 10960, 2766, 15661, 13258, 8015, 6032, 16397, 7749, 19039, 7634, 15076, 4234, 15114, 8475, 8091, 19220, 18004, 9704, 13918, 15569, 16443, 10015, 9943, 7817, 9349, 2588, 8249, 398, 5316, 15538, 18372, 13559, 2937, 2803, 16248, 6155, 630, 9911, 13190, 19157, 15788, 13248, 13148, 1320, 12074, 8471, 8798, 3213, 12418, 814, 2402, 12718, 12397, 10564, 9875, 10128, 6947, 9491, 17707, 3266, 19196, 14309, 18523, 19043, 17975, 18063, 11618, 15016, 14434, 7680, 1739, 18029, 11694, 1745, 9271, 5189, 9561, 11283, 14978, 10753, 16017, 12914, 978, 2828, 17257, 13135, 5061, 121, 6602, 16015, 19271, 12159, 1244, 8260, 13195, 15873, 12815, 14291, 14515, 118, 4892, 14985, 9551, 12654, 4739, 927, 12176, 9523, 11726, 18187, 5880, 2569, 3386, 13942, 3390, 15774, 129, 65, 12922, 8422, 12692, 16213, 11515, 2111, 8347, 10758, 14064, 4401, 17782, 15621, 6709, 14716, 4091, 13964, 8424, 4218, 7249, 11311, 11171, 18564, 14755, 7114, 14009, 14815, 294, 495, 7684, 6833, 4046, 3505, 16995, 17858, 7761, 15803, 9840, 13958, 8226, 10369, 12497, 17142, 1748, 2854, 7159, 11539, 11055, 13337, 17173, 14214, 6803, 11144, 12649, 283, 15489, 13174, 7015, 610, 7030, 18206, 14077, 15468, 14962, 8046, 7809, 17387, 16034, 16678, 1173, 3502, 12942, 15655, 16859, 7099, 1673, 446, 1365, 5881, 3713, 11697, 1897, 16001, 1702, 14149, 11876, 9341, 4325, 6923, 2001, 138, 3276, 18716, 17604, 10501, 115, 12800, 6111, 11148, 4549, 16057, 4707, 6843, 16091, 4295, 7519, 13708, 12409, 11018, 5052, 13566, 14715, 12755, 793, 10837, 1888, 12375, 3935, 5763, 11791, 11258, 13264, 11469, 4683, 8905, 1853, 11600, 4421, 2798, 5074, 18141, 13807, 8595, 8126, 13837, 8060, 6956, 11767, 14560, 9389, 15261, 1232, 12560, 7262, 11504, 3546, 4627, 1177, 517, 4008, 9219, 17696, 4148, 14124, 13243, 11235, 7561, 8331, 16320, 3591, 11341, 4015, 12028, 14929, 18601, 3528, 14065, 1510, 19191, 13833, 17616, 10869, 17689, 831, 16725, 6319, 15465, 10467, 8162, 13563, 7728, 10778, 13545, 12290, 16480, 14401, 12838, 4212, 17529, 4832, 15111, 12690, 10373, 7596, 18614, 17477, 1043, 13100, 4774, 17479, 3774, 9302, 3901, 13071, 6412, 9516, 1261, 3054, 13522, 17602, 14343, 18500, 10957, 2791, 9624, 3634, 17904, 5709, 14670, 11058, 7087, 7435, 13848, 82, 5565, 2562, 14029, 3583, 1676, 12709, 18473, 3158, 12787, 8068, 8263, 16146, 3593, 1802, 1861, 3348, 4487, 17749, 6105, 10471, 17472, 10200, 1182, 14180, 1076, 10156, 4839, 9903, 4879, 9720, 2157, 15344, 16067, 3064, 17182, 5368, 4987, 18484, 18923, 11896, 1052, 15727, 15289, 5885, 1933, 5251, 17072, 6038, 6195, 13524, 6606, 18506, 17536, 6784, 3231, 14121, 8925, 10030, 803, 13764, 146, 19268, 14099, 4130, 16372, 1537, 12248, 13718, 17187, 11728, 1740, 19233, 5600, 4092, 4779, 6028, 3395, 16152, 19150, 2417, 11980, 11237, 8427, 18127, 3538, 9257, 607, 2078, 18457, 5802, 3435, 15019, 4256, 9221, 13465, 11742, 5788, 9528, 17493, 4607, 3131, 6616, 5356, 1550, 4617, 8827, 849, 2601, 4437, 17861, 10261, 15704, 3890, 8149, 12063, 3086, 15925, 12301, 6847, 5603, 7768, 3187, 13372, 9258, 6584, 7594, 2603, 1835, 17380, 17193, 15251, 15937, 18731, 4082, 14911, 16626, 8824, 16208, 10167, 17711, 9678, 15852, 13620, 16479, 14586, 2446, 4866, 1315, 7746, 10615, 7927, 2443, 7157, 13506, 18410, 10494]",6198,1500,3,False,1500
1579,qa maths,qa math,54,True,True,False,"{21: 26, 33: 14, 2: 18, 29: 13, 25: 57, 43: 9, 57: 16, 49: 16, 61: 14, 67: 52, 65: 21, 50: 28, 15: 53, 6: 13, 46: 15, 27: 69, 7: 65, 48: 67, 19: 21, 31: 14, 63: 26, 22: 39, 9: 79, 26: 40, 47: 15, 53: 66, 11: 19, 51: 26, 54: 9, 13: 32, 17: 37, 52: 30, 39: 27, 38: 19, 1: 6, 59: 33, 56: 23, 32: 9, 8: 25, 4: 12, 20: 26, 24: 7, 18: 31, 42: 7, 28: 31, 45: 57, 0: 13, 66: 11, 62: 11, 35: 7, 64: 15, 37: 2, 40: 25, 3: 3, 14: 5, 12: 8, 16: 15, 55: 16, 30: 13, 58: 6, 36: 4, 60: 5, 5: 3, 41: 2, 44: 2, 34: 2}","[12686, 3384, 6034, 14374, 14516, 14680, 18580, 5912, 661, 4433, 14182, 14634, 14672, 13694, 17233, 12320, 12666, 7276, 14925, 15315, 1125, 14820, 3769, 14096, 12401, 14972, 14176, 4685, 4278, 5735, 7514, 16051, 15882, 4696, 17145, 19193, 12994, 9901, 13641, 15193, 6739, 9240, 1608, 14664, 18117, 5676, 15714, 5964, 5329, 16651, 15936, 14441, 15878, 18316, 14255, 18692, 5858, 4640, 10716, 13839, 16635, 2097, 11464, 12427, 2320, 14629, 7617, 16183, 16205, 2170, 4384, 6683, 5285, 18707, 6780, 4231, 2404, 4895, 18091, 2944, 13054, 3904, 3491, 9455, 15985, 10432, 8657, 15304, 9114, 5838, 5197, 17244, 6207, 3970, 17246, 3950, 6168, 8697, 6800, 9942, 11118, 8582, 6355, 15275, 4581, 12724, 11921, 1833, 523, 7619, 15729, 176, 8576, 3101, 1573, 1283, 11796, 11277, 2547, 1738, 6806, 15187, 7129, 5179, 5854, 16373, 9231, 6270, 777, 2062, 13249, 4144, 6325, 3924, 5350, 14414, 3142, 2249, 6444, 13582, 2833, 18030, 6483, 18404, 15057, 7482, 15001, 15872, 14584, 10835, 954, 7257, 1381, 17819, 17518, 6497, 14430, 4901, 16466, 10805, 132, 7506, 755, 14427, 12119, 16613, 19042, 14994, 11257, 8042, 2144, 5966, 1580, 8010, 2550, 10684, 14088, 5037, 8764, 17076, 14185, 15984, 5299, 16601, 19182, 13197, 14561, 12605, 17010, 2703, 6715, 11207, 10188, 212, 2293, 17676, 1720, 5934, 112, 8568, 15870, 3226, 4524, 4431, 5141, 5383, 7609, 12807, 19001, 14368, 6704, 14903, 4172, 117, 18698, 1699, 16558, 7518, 10618, 2110, 10308, 7828, 6623, 17644, 4449, 951, 13858, 15106, 8402, 916, 4771, 8608, 6448, 6656, 13547, 2814, 8336, 8093, 6398, 637, 9909, 10621, 786, 14146, 17292, 9457, 3, 2884, 14785, 10504, 16361, 8181, 17690, 654, 11067, 18741, 386, 18208, 10130, 8079, 7082, 14740, 8076, 18619, 14428, 10992, 12679, 9431, 18328, 13606, 7641, 13542, 1002, 11975, 15646, 19078, 1352, 8683, 16053, 11763, 14823, 7059, 4995, 3754, 6213, 10090, 19084, 1973, 8131, 5353, 836, 13960, 3217, 4885, 9645, 16941, 14750, 13171, 9132, 1355, 4440, 15747, 8233, 6008, 12781, 16749, 13905, 18198, 5033, 2910, 16502, 1233, 965, 16926, 3944, 13518, 18213, 12739, 9972, 14609, 5764, 6128, 9532, 12680, 3672, 5458, 6822, 11547, 3163, 8040, 14081, 8369, 18182, 17541, 11552, 12451, 15074, 1783, 17730, 1690, 16992, 2490, 2459, 18065, 320, 18311, 45, 9495, 4572, 544, 12731, 16811, 15096, 14957, 4594, 16607, 2449, 7791, 13659, 8892, 1713, 17336, 6598, 13832, 10495, 18937, 3067, 3473, 12715, 13492, 14787, 16503, 17899, 16638, 2408, 7141, 10590, 2917, 14650, 12571, 4321, 2855, 1829, 3736, 3381, 11069, 16093, 15201, 14311, 9836, 18289, 16899, 897, 13981, 12223, 8884, 15721, 7778, 13648, 5737, 6550, 19249, 2715, 447, 12941, 8915, 18963, 16291, 760, 5869, 3635, 3439, 6740, 5003, 3174, 2945, 16056, 4860, 11216, 7363, 1147, 12124, 9764, 11245, 4361, 7784, 16285, 17057, 11203, 5114, 17655, 12056, 17890, 7741, 15799, 10258, 16088, 19222, 15303, 1433, 5991, 322, 2322, 3156, 9940, 7814, 17068, 16968, 10018, 1991, 11946, 8705, 10371, 4619, 11074, 2034, 15550, 11743, 18666, 13494, 14175, 13948, 15123, 11154, 10397, 1701, 4770, 839, 12085, 16500, 16241, 1535, 18782, 2221, 539, 18405, 4245, 103, 1571, 16945, 12196, 9441, 1732, 1367, 3596, 4794, 7230, 5245, 17483, 2955, 2003, 11509, 4044, 12934, 3456, 16693, 593, 4582, 14076, 10972, 1965, 7227, 14324, 8658, 3772, 8355, 11889, 1908, 2684, 10026, 1666, 16507, 5589, 9295, 8389, 2099, 18653, 13808, 19147, 6675, 10970, 2788, 19028, 16983, 16166, 9845, 8160, 11381, 10088, 10333, 11716, 14695, 12697, 4365, 3747, 17296, 11904, 74, 7047, 10639, 13094, 940, 10478, 2032, 6642, 14896, 10840, 5430, 5556, 12597, 2183, 18403, 4252, 14613, 18283, 8790, 12140, 13540, 13353, 14114, 13297, 4056, 14038, 11299, 13770, 11433, 14285, 1526, 1955, 15711, 255, 12481, 612, 1635, 4886, 357, 11434, 9524, 13106, 2607, 5391, 9406, 2331, 624, 2749, 17849, 9829, 11436, 18426, 9481, 18550, 15647, 532, 11720, 11824, 15610, 15741, 7902, 13558, 17967, 14539, 17889, 4631, 1238, 16921, 7787, 15293, 3108, 8215, 2851, 4514, 12938, 16730, 17178, 4890, 17960, 4725, 7917, 3191, 8231, 16341, 8195, 10913, 2173, 5557, 2637, 16896, 5806, 1815, 1451, 8864, 2290, 12108, 5328, 6203, 2431, 7508, 17898, 17188, 6897, 1199, 15526, 18437, 6631, 8644, 16917, 14964, 14233, 2454, 584, 4830, 7199, 4180, 14889, 5761, 13756, 6917, 7756, 18880, 15095, 1816, 14070, 16252, 7429, 16589, 1631, 15968, 15221, 12478, 18594, 1477, 5637, 12058, 1205, 13397, 9107, 18654, 1968, 3759, 13147, 14144, 14973, 12452, 18020, 13592, 17920, 13687, 11335, 7207, 418, 7834, 778, 12982, 10688, 9031, 509, 9601, 9780, 17040, 12023, 3916, 91, 6536, 18535, 7547, 15240, 707, 14533, 15064, 17012, 16805, 8637, 5969, 16221, 1940, 13307, 4717, 12615, 18220, 11028, 12170, 1743, 2376, 12415, 14220, 18827, 1294, 18543, 6977, 15309, 11778, 11842, 17103, 3857, 4637, 12162, 19169, 17166, 18237, 17818, 9507, 19022, 5790, 19112, 15611, 1118, 15184, 18703, 1817, 15530, 16579, 8437, 11839, 11378, 3537, 9205, 9217, 16272, 18759, 16828, 12002, 8348, 1723, 3481, 14115, 379, 8544, 264, 6015, 7672, 2253, 7364, 3706, 13796, 17139, 16125, 12059, 9623, 7185, 2418, 18230, 3087, 281, 4379, 1796, 8459, 4400, 17824, 2736, 16446, 13525, 15341, 3275, 7872, 1662, 7557, 4319, 15442, 7181, 10456, 4963, 17048, 16943, 12784, 3441, 5240, 9975, 13216, 17702, 11594, 13554, 6165, 19168, 16070, 3540, 3262, 10661, 4061, 13173, 2875, 17014, 4349, 10818, 8428, 16764, 14232, 8930, 15734, 17680, 7069, 15684, 17050, 18987, 6914, 6863, 19263, 10595, 150, 10039, 2722, 18223, 16444, 6559, 7258, 2661, 7699, 17136, 12773, 4247, 5723, 15194, 1696, 1500, 2807, 9893, 11835, 13240, 18313, 17107, 10265, 10244, 5570, 2862, 14049, 1012, 12861, 723, 9583, 17461, 10056, 1264, 8297, 3716, 14666, 15259, 13531, 543, 13723, 16810, 6700, 3516, 13766, 7186, 10692, 6321, 15484, 14547, 8744, 3703, 10383, 16829, 6366, 6846, 3906, 2021, 18133, 857, 279, 12232, 10212, 10541, 12325, 13475, 1225, 937, 6966, 10881, 16936, 18502, 1440, 11914, 3326, 5633, 14913, 4623, 10743, 12361, 17335, 1072, 5043, 14810, 15077, 3255, 17215, 6553, 17852, 4801, 6962, 3060, 9430, 8799, 13824, 188, 15175, 15163, 4733, 5011, 3536, 17635, 6532, 14071, 6112, 17158, 6597, 11272, 105, 19219, 5013, 12483, 201, 6848, 17033, 6367, 7859, 14702, 18844, 7053, 18694, 15670, 636, 10129, 6378, 5369, 7273, 16247, 9142, 15345, 16817, 14854, 2600, 15783, 889, 11833, 6612, 2068, 2427, 7062, 7918, 16181, 5464, 8339, 8950, 8453, 16423, 6064, 2380, 4268, 13929, 12974, 19141, 1299, 2484, 3883, 3273, 8772, 13256, 11239, 5766, 18098, 12705, 11004, 2695, 10048, 10960, 2766, 15661, 13258, 8015, 6032, 16397, 7749, 19039, 7634, 15076, 4234, 15114, 8475, 8091, 19220, 18004, 9704, 13918, 15569, 16443, 10015, 9943, 7817, 9349, 2588, 8249, 398, 5316, 15538, 18372, 13559, 2937, 2803, 16248, 6155, 630, 9911, 13190, 19157, 15788, 13248, 13148, 1320, 12074, 8471, 8798, 3213, 12418, 814, 2402, 12718, 12397, 10564, 9875, 10128, 6947, 9491, 17707, 3266, 19196, 14309, 18523, 19043, 17975, 18063, 11618, 15016, 14434, 7680, 1739, 18029, 11694, 1745, 9271, 5189, 9561, 11283, 14978, 10753, 16017, 12914, 978, 2828, 17257, 13135, 5061, 121, 6602, 16015, 19271, 12159, 1244, 8260, 13195, 15873, 12815, 14291, 14515, 118, 4892, 14985, 9551, 12654, 4739, 927, 12176, 9523, 11726, 18187, 5880, 2569, 3386, 13942, 3390, 15774, 129, 65, 12922, 8422, 12692, 16213, 11515, 2111, 8347, 10758, 14064, 4401, 17782, 15621, 6709, 14716, 4091, 13964, 8424, 4218, 7249, 11311, 11171, 18564, 14755, 7114, 14009, 14815, 294, 495, 7684, 6833, 4046, 3505, 16995, 17858, 7761, 15803, 9840, 13958, 8226, 10369, 12497, 17142, 1748, 2854, 7159, 11539, 11055, 13337, 17173, 14214, 6803, 11144, 12649, 283, 15489, 13174, 7015, 610, 7030, 18206, 14077, 15468, 14962, 8046, 7809, 17387, 16034, 16678, 1173, 3502, 12942, 15655, 16859, 7099, 1673, 446, 1365, 5881, 3713, 11697, 1897, 16001, 1702, 14149, 11876, 9341, 4325, 6923, 2001, 138, 3276, 18716, 17604, 10501, 115, 12800, 6111, 11148, 4549, 16057, 4707, 6843, 16091, 4295, 7519, 13708, 12409, 11018, 5052, 13566, 14715, 12755, 793, 10837, 1888, 12375, 3935, 5763, 11791, 11258, 13264, 11469, 4683, 8905, 1853, 11600, 4421, 2798, 5074, 18141, 13807, 8595, 8126, 13837, 8060, 6956, 11767, 14560, 9389, 15261, 1232, 12560, 7262, 11504, 3546, 4627, 1177, 517, 4008, 9219, 17696, 4148, 14124, 13243, 11235, 7561, 8331, 16320, 3591, 11341, 4015, 12028, 14929, 18601, 3528, 14065, 1510, 19191, 13833, 17616, 10869, 17689, 831, 16725, 6319, 15465, 10467, 8162, 13563, 7728, 10778, 13545, 12290, 16480, 14401, 12838, 4212, 17529, 4832, 15111, 12690, 10373, 7596, 18614, 17477, 1043, 13100, 4774, 17479, 3774, 9302, 3901, 13071, 6412, 9516, 1261, 3054, 13522, 17602, 14343, 18500, 10957, 2791, 9624, 3634, 17904, 5709, 14670, 11058, 7087, 7435, 13848, 82, 5565, 2562, 14029, 3583, 1676, 12709, 18473, 3158, 12787, 8068, 8263, 16146, 3593, 1802, 1861, 3348, 4487, 17749, 6105, 10471, 17472, 10200, 1182, 14180, 1076, 10156, 4839, 9903, 4879, 9720, 2157, 15344, 16067, 3064, 17182, 5368, 4987, 18484, 18923, 11896, 1052, 15727, 15289, 5885, 1933, 5251, 17072, 6038, 6195, 13524, 6606, 18506, 17536, 6784, 3231, 14121, 8925, 10030, 803, 13764, 146, 19268, 14099, 4130, 16372, 1537, 12248, 13718, 17187, 11728, 1740, 19233, 5600, 4092, 4779, 6028, 3395, 16152, 19150, 2417, 11980, 11237, 8427, 18127, 3538, 9257, 607, 2078, 18457, 5802, 3435, 15019, 4256, 9221, 13465, 11742, 5788, 9528, 17493, 4607, 3131, 6616, 5356, 1550, 4617, 8827, 849, 2601, 4437, 17861, 10261, 15704, 3890, 8149, 12063, 3086, 15925, 12301, 6847, 5603, 7768, 3187, 13372, 9258, 6584, 7594, 2603, 1835, 17380, 17193, 15251, 15937, 18731, 4082, 14911, 16626, 8824, 16208, 10167, 17711, 9678, 15852, 13620, 16479, 14586, 2446, 4866, 1315, 7746, 10615, 7927, 2443, 7157, 13506, 18410, 10494]",1579,1500,3,False,1500
4799,calendar set,calendar set,9,True,True,True,"{21: 26, 33: 14, 2: 18, 29: 13, 25: 57, 43: 9, 57: 16, 49: 16, 61: 14, 67: 52, 65: 21, 50: 28, 15: 53, 6: 13, 46: 15, 27: 69, 7: 65, 48: 67, 19: 21, 31: 14, 63: 26, 22: 39, 9: 79, 26: 40, 47: 15, 53: 66, 11: 19, 51: 26, 54: 9, 13: 32, 17: 37, 52: 30, 39: 27, 38: 19, 1: 6, 59: 33, 56: 23, 32: 9, 8: 25, 4: 12, 20: 26, 24: 7, 18: 31, 42: 7, 28: 31, 45: 57, 0: 13, 66: 11, 62: 11, 35: 7, 64: 15, 37: 2, 40: 25, 3: 3, 14: 5, 12: 8, 16: 15, 55: 16, 30: 13, 58: 6, 36: 4, 60: 5, 5: 3, 41: 2, 44: 2, 34: 2}","[12686, 3384, 6034, 14374, 14516, 14680, 18580, 5912, 661, 4433, 14182, 14634, 14672, 13694, 17233, 12320, 12666, 7276, 14925, 15315, 1125, 14820, 3769, 14096, 12401, 14972, 14176, 4685, 4278, 5735, 7514, 16051, 15882, 4696, 17145, 19193, 12994, 9901, 13641, 15193, 6739, 9240, 1608, 14664, 18117, 5676, 15714, 5964, 5329, 16651, 15936, 14441, 15878, 18316, 14255, 18692, 5858, 4640, 10716, 13839, 16635, 2097, 11464, 12427, 2320, 14629, 7617, 16183, 16205, 2170, 4384, 6683, 5285, 18707, 6780, 4231, 2404, 4895, 18091, 2944, 13054, 3904, 3491, 9455, 15985, 10432, 8657, 15304, 9114, 5838, 5197, 17244, 6207, 3970, 17246, 3950, 6168, 8697, 6800, 9942, 11118, 8582, 6355, 15275, 4581, 12724, 11921, 1833, 523, 7619, 15729, 176, 8576, 3101, 1573, 1283, 11796, 11277, 2547, 1738, 6806, 15187, 7129, 5179, 5854, 16373, 9231, 6270, 777, 2062, 13249, 4144, 6325, 3924, 5350, 14414, 3142, 2249, 6444, 13582, 2833, 18030, 6483, 18404, 15057, 7482, 15001, 15872, 14584, 10835, 954, 7257, 1381, 17819, 17518, 6497, 14430, 4901, 16466, 10805, 132, 7506, 755, 14427, 12119, 16613, 19042, 14994, 11257, 8042, 2144, 5966, 1580, 8010, 2550, 10684, 14088, 5037, 8764, 17076, 14185, 15984, 5299, 16601, 19182, 13197, 14561, 12605, 17010, 2703, 6715, 11207, 10188, 212, 2293, 17676, 1720, 5934, 112, 8568, 15870, 3226, 4524, 4431, 5141, 5383, 7609, 12807, 19001, 14368, 6704, 14903, 4172, 117, 18698, 1699, 16558, 7518, 10618, 2110, 10308, 7828, 6623, 17644, 4449, 951, 13858, 15106, 8402, 916, 4771, 8608, 6448, 6656, 13547, 2814, 8336, 8093, 6398, 637, 9909, 10621, 786, 14146, 17292, 9457, 3, 2884, 14785, 10504, 16361, 8181, 17690, 654, 11067, 18741, 386, 18208, 10130, 8079, 7082, 14740, 8076, 18619, 14428, 10992, 12679, 9431, 18328, 13606, 7641, 13542, 1002, 11975, 15646, 19078, 1352, 8683, 16053, 11763, 14823, 7059, 4995, 3754, 6213, 10090, 19084, 1973, 8131, 5353, 836, 13960, 3217, 4885, 9645, 16941, 14750, 13171, 9132, 1355, 4440, 15747, 8233, 6008, 12781, 16749, 13905, 18198, 5033, 2910, 16502, 1233, 965, 16926, 3944, 13518, 18213, 12739, 9972, 14609, 5764, 6128, 9532, 12680, 3672, 5458, 6822, 11547, 3163, 8040, 14081, 8369, 18182, 17541, 11552, 12451, 15074, 1783, 17730, 1690, 16992, 2490, 2459, 18065, 320, 18311, 45, 9495, 4572, 544, 12731, 16811, 15096, 14957, 4594, 16607, 2449, 7791, 13659, 8892, 1713, 17336, 6598, 13832, 10495, 18937, 3067, 3473, 12715, 13492, 14787, 16503, 17899, 16638, 2408, 7141, 10590, 2917, 14650, 12571, 4321, 2855, 1829, 3736, 3381, 11069, 16093, 15201, 14311, 9836, 18289, 16899, 897, 13981, 12223, 8884, 15721, 7778, 13648, 5737, 6550, 19249, 2715, 447, 12941, 8915, 18963, 16291, 760, 5869, 3635, 3439, 6740, 5003, 3174, 2945, 16056, 4860, 11216, 7363, 1147, 12124, 9764, 11245, 4361, 7784, 16285, 17057, 11203, 5114, 17655, 12056, 17890, 7741, 15799, 10258, 16088, 19222, 15303, 1433, 5991, 322, 2322, 3156, 9940, 7814, 17068, 16968, 10018, 1991, 11946, 8705, 10371, 4619, 11074, 2034, 15550, 11743, 18666, 13494, 14175, 13948, 15123, 11154, 10397, 1701, 4770, 839, 12085, 16500, 16241, 1535, 18782, 2221, 539, 18405, 4245, 103, 1571, 16945, 12196, 9441, 1732, 1367, 3596, 4794, 7230, 5245, 17483, 2955, 2003, 11509, 4044, 12934, 3456, 16693, 593, 4582, 14076, 10972, 1965, 7227, 14324, 8658, 3772, 8355, 11889, 1908, 2684, 10026, 1666, 16507, 5589, 9295, 8389, 2099, 18653, 13808, 19147, 6675, 10970, 2788, 19028, 16983, 16166, 9845, 8160, 11381, 10088, 10333, 11716, 14695, 12697, 4365, 3747, 17296, 11904, 74, 7047, 10639, 13094, 940, 10478, 2032, 6642, 14896, 10840, 5430, 5556, 12597, 2183, 18403, 4252, 14613, 18283, 8790, 12140, 13540, 13353, 14114, 13297, 4056, 14038, 11299, 13770, 11433, 14285, 1526, 1955, 15711, 255, 12481, 612, 1635, 4886, 357, 11434, 9524, 13106, 2607, 5391, 9406, 2331, 624, 2749, 17849, 9829, 11436, 18426, 9481, 18550, 15647, 532, 11720, 11824, 15610, 15741, 7902, 13558, 17967, 14539, 17889, 4631, 1238, 16921, 7787, 15293, 3108, 8215, 2851, 4514, 12938, 16730, 17178, 4890, 17960, 4725, 7917, 3191, 8231, 16341, 8195, 10913, 2173, 5557, 2637, 16896, 5806, 1815, 1451, 8864, 2290, 12108, 5328, 6203, 2431, 7508, 17898, 17188, 6897, 1199, 15526, 18437, 6631, 8644, 16917, 14964, 14233, 2454, 584, 4830, 7199, 4180, 14889, 5761, 13756, 6917, 7756, 18880, 15095, 1816, 14070, 16252, 7429, 16589, 1631, 15968, 15221, 12478, 18594, 1477, 5637, 12058, 1205, 13397, 9107, 18654, 1968, 3759, 13147, 14144, 14973, 12452, 18020, 13592, 17920, 13687, 11335, 7207, 418, 7834, 778, 12982, 10688, 9031, 509, 9601, 9780, 17040, 12023, 3916, 91, 6536, 18535, 7547, 15240, 707, 14533, 15064, 17012, 16805, 8637, 5969, 16221, 1940, 13307, 4717, 12615, 18220, 11028, 12170, 1743, 2376, 12415, 14220, 18827, 1294, 18543, 6977, 15309, 11778, 11842, 17103, 3857, 4637, 12162, 19169, 17166, 18237, 17818, 9507, 19022, 5790, 19112, 15611, 1118, 15184, 18703, 1817, 15530, 16579, 8437, 11839, 11378, 3537, 9205, 9217, 16272, 18759, 16828, 12002, 8348, 1723, 3481, 14115, 379, 8544, 264, 6015, 7672, 2253, 7364, 3706, 13796, 17139, 16125, 12059, 9623, 7185, 2418, 18230, 3087, 281, 4379, 1796, 8459, 4400, 17824, 2736, 16446, 13525, 15341, 3275, 7872, 1662, 7557, 4319, 15442, 7181, 10456, 4963, 17048, 16943, 12784, 3441, 5240, 9975, 13216, 17702, 11594, 13554, 6165, 19168, 16070, 3540, 3262, 10661, 4061, 13173, 2875, 17014, 4349, 10818, 8428, 16764, 14232, 8930, 15734, 17680, 7069, 15684, 17050, 18987, 6914, 6863, 19263, 10595, 150, 10039, 2722, 18223, 16444, 6559, 7258, 2661, 7699, 17136, 12773, 4247, 5723, 15194, 1696, 1500, 2807, 9893, 11835, 13240, 18313, 17107, 10265, 10244, 5570, 2862, 14049, 1012, 12861, 723, 9583, 17461, 10056, 1264, 8297, 3716, 14666, 15259, 13531, 543, 13723, 16810, 6700, 3516, 13766, 7186, 10692, 6321, 15484, 14547, 8744, 3703, 10383, 16829, 6366, 6846, 3906, 2021, 18133, 857, 279, 12232, 10212, 10541, 12325, 13475, 1225, 937, 6966, 10881, 16936, 18502, 1440, 11914, 3326, 5633, 14913, 4623, 10743, 12361, 17335, 1072, 5043, 14810, 15077, 3255, 17215, 6553, 17852, 4801, 6962, 3060, 9430, 8799, 13824, 188, 15175, 15163, 4733, 5011, 3536, 17635, 6532, 14071, 6112, 17158, 6597, 11272, 105, 19219, 5013, 12483, 201, 6848, 17033, 6367, 7859, 14702, 18844, 7053, 18694, 15670, 636, 10129, 6378, 5369, 7273, 16247, 9142, 15345, 16817, 14854, 2600, 15783, 889, 11833, 6612, 2068, 2427, 7062, 7918, 16181, 5464, 8339, 8950, 8453, 16423, 6064, 2380, 4268, 13929, 12974, 19141, 1299, 2484, 3883, 3273, 8772, 13256, 11239, 5766, 18098, 12705, 11004, 2695, 10048, 10960, 2766, 15661, 13258, 8015, 6032, 16397, 7749, 19039, 7634, 15076, 4234, 15114, 8475, 8091, 19220, 18004, 9704, 13918, 15569, 16443, 10015, 9943, 7817, 9349, 2588, 8249, 398, 5316, 15538, 18372, 13559, 2937, 2803, 16248, 6155, 630, 9911, 13190, 19157, 15788, 13248, 13148, 1320, 12074, 8471, 8798, 3213, 12418, 814, 2402, 12718, 12397, 10564, 9875, 10128, 6947, 9491, 17707, 3266, 19196, 14309, 18523, 19043, 17975, 18063, 11618, 15016, 14434, 7680, 1739, 18029, 11694, 1745, 9271, 5189, 9561, 11283, 14978, 10753, 16017, 12914, 978, 2828, 17257, 13135, 5061, 121, 6602, 16015, 19271, 12159, 1244, 8260, 13195, 15873, 12815, 14291, 14515, 118, 4892, 14985, 9551, 12654, 4739, 927, 12176, 9523, 11726, 18187, 5880, 2569, 3386, 13942, 3390, 15774, 129, 65, 12922, 8422, 12692, 16213, 11515, 2111, 8347, 10758, 14064, 4401, 17782, 15621, 6709, 14716, 4091, 13964, 8424, 4218, 7249, 11311, 11171, 18564, 14755, 7114, 14009, 14815, 294, 495, 7684, 6833, 4046, 3505, 16995, 17858, 7761, 15803, 9840, 13958, 8226, 10369, 12497, 17142, 1748, 2854, 7159, 11539, 11055, 13337, 17173, 14214, 6803, 11144, 12649, 283, 15489, 13174, 7015, 610, 7030, 18206, 14077, 15468, 14962, 8046, 7809, 17387, 16034, 16678, 1173, 3502, 12942, 15655, 16859, 7099, 1673, 446, 1365, 5881, 3713, 11697, 1897, 16001, 1702, 14149, 11876, 9341, 4325, 6923, 2001, 138, 3276, 18716, 17604, 10501, 115, 12800, 6111, 11148, 4549, 16057, 4707, 6843, 16091, 4295, 7519, 13708, 12409, 11018, 5052, 13566, 14715, 12755, 793, 10837, 1888, 12375, 3935, 5763, 11791, 11258, 13264, 11469, 4683, 8905, 1853, 11600, 4421, 2798, 5074, 18141, 13807, 8595, 8126, 13837, 8060, 6956, 11767, 14560, 9389, 15261, 1232, 12560, 7262, 11504, 3546, 4627, 1177, 517, 4008, 9219, 17696, 4148, 14124, 13243, 11235, 7561, 8331, 16320, 3591, 11341, 4015, 12028, 14929, 18601, 3528, 14065, 1510, 19191, 13833, 17616, 10869, 17689, 831, 16725, 6319, 15465, 10467, 8162, 13563, 7728, 10778, 13545, 12290, 16480, 14401, 12838, 4212, 17529, 4832, 15111, 12690, 10373, 7596, 18614, 17477, 1043, 13100, 4774, 17479, 3774, 9302, 3901, 13071, 6412, 9516, 1261, 3054, 13522, 17602, 14343, 18500, 10957, 2791, 9624, 3634, 17904, 5709, 14670, 11058, 7087, 7435, 13848, 82, 5565, 2562, 14029, 3583, 1676, 12709, 18473, 3158, 12787, 8068, 8263, 16146, 3593, 1802, 1861, 3348, 4487, 17749, 6105, 10471, 17472, 10200, 1182, 14180, 1076, 10156, 4839, 9903, 4879, 9720, 2157, 15344, 16067, 3064, 17182, 5368, 4987, 18484, 18923, 11896, 1052, 15727, 15289, 5885, 1933, 5251, 17072, 6038, 6195, 13524, 6606, 18506, 17536, 6784, 3231, 14121, 8925, 10030, 803, 13764, 146, 19268, 14099, 4130, 16372, 1537, 12248, 13718, 17187, 11728, 1740, 19233, 5600, 4092, 4779, 6028, 3395, 16152, 19150, 2417, 11980, 11237, 8427, 18127, 3538, 9257, 607, 2078, 18457, 5802, 3435, 15019, 4256, 9221, 13465, 11742, 5788, 9528, 17493, 4607, 3131, 6616, 5356, 1550, 4617, 8827, 849, 2601, 4437, 17861, 10261, 15704, 3890, 8149, 12063, 3086, 15925, 12301, 6847, 5603, 7768, 3187, 13372, 9258, 6584, 7594, 2603, 1835, 17380, 17193, 15251, 15937, 18731, 4082, 14911, 16626, 8824, 16208, 10167, 17711, 9678, 15852, 13620, 16479, 14586, 2446, 4866, 1315, 7746, 10615, 7927, 2443, 7157, 13506, 18410, 10494]",4799,1500,3,False,1500
970,transport query,weather,67,True,False,True,"{21: 26, 33: 14, 2: 18, 29: 13, 25: 57, 43: 9, 57: 16, 49: 16, 61: 14, 67: 52, 65: 21, 50: 28, 15: 53, 6: 13, 46: 15, 27: 69, 7: 65, 48: 67, 19: 21, 31: 14, 63: 26, 22: 39, 9: 79, 26: 40, 47: 15, 53: 66, 11: 19, 51: 26, 54: 9, 13: 32, 17: 37, 52: 30, 39: 27, 38: 19, 1: 6, 59: 33, 56: 23, 32: 9, 8: 25, 4: 12, 20: 26, 24: 7, 18: 31, 42: 7, 28: 31, 45: 57, 0: 13, 66: 11, 62: 11, 35: 7, 64: 15, 37: 2, 40: 25, 3: 3, 14: 5, 12: 8, 16: 15, 55: 16, 30: 13, 58: 6, 36: 4, 60: 5, 5: 3, 41: 2, 44: 2, 34: 2}","[12686, 3384, 6034, 14374, 14516, 14680, 18580, 5912, 661, 4433, 14182, 14634, 14672, 13694, 17233, 12320, 12666, 7276, 14925, 15315, 1125, 14820, 3769, 14096, 12401, 14972, 14176, 4685, 4278, 5735, 7514, 16051, 15882, 4696, 17145, 19193, 12994, 9901, 13641, 15193, 6739, 9240, 1608, 14664, 18117, 5676, 15714, 5964, 5329, 16651, 15936, 14441, 15878, 18316, 14255, 18692, 5858, 4640, 10716, 13839, 16635, 2097, 11464, 12427, 2320, 14629, 7617, 16183, 16205, 2170, 4384, 6683, 5285, 18707, 6780, 4231, 2404, 4895, 18091, 2944, 13054, 3904, 3491, 9455, 15985, 10432, 8657, 15304, 9114, 5838, 5197, 17244, 6207, 3970, 17246, 3950, 6168, 8697, 6800, 9942, 11118, 8582, 6355, 15275, 4581, 12724, 11921, 1833, 523, 7619, 15729, 176, 8576, 3101, 1573, 1283, 11796, 11277, 2547, 1738, 6806, 15187, 7129, 5179, 5854, 16373, 9231, 6270, 777, 2062, 13249, 4144, 6325, 3924, 5350, 14414, 3142, 2249, 6444, 13582, 2833, 18030, 6483, 18404, 15057, 7482, 15001, 15872, 14584, 10835, 954, 7257, 1381, 17819, 17518, 6497, 14430, 4901, 16466, 10805, 132, 7506, 755, 14427, 12119, 16613, 19042, 14994, 11257, 8042, 2144, 5966, 1580, 8010, 2550, 10684, 14088, 5037, 8764, 17076, 14185, 15984, 5299, 16601, 19182, 13197, 14561, 12605, 17010, 2703, 6715, 11207, 10188, 212, 2293, 17676, 1720, 5934, 112, 8568, 15870, 3226, 4524, 4431, 5141, 5383, 7609, 12807, 19001, 14368, 6704, 14903, 4172, 117, 18698, 1699, 16558, 7518, 10618, 2110, 10308, 7828, 6623, 17644, 4449, 951, 13858, 15106, 8402, 916, 4771, 8608, 6448, 6656, 13547, 2814, 8336, 8093, 6398, 637, 9909, 10621, 786, 14146, 17292, 9457, 3, 2884, 14785, 10504, 16361, 8181, 17690, 654, 11067, 18741, 386, 18208, 10130, 8079, 7082, 14740, 8076, 18619, 14428, 10992, 12679, 9431, 18328, 13606, 7641, 13542, 1002, 11975, 15646, 19078, 1352, 8683, 16053, 11763, 14823, 7059, 4995, 3754, 6213, 10090, 19084, 1973, 8131, 5353, 836, 13960, 3217, 4885, 9645, 16941, 14750, 13171, 9132, 1355, 4440, 15747, 8233, 6008, 12781, 16749, 13905, 18198, 5033, 2910, 16502, 1233, 965, 16926, 3944, 13518, 18213, 12739, 9972, 14609, 5764, 6128, 9532, 12680, 3672, 5458, 6822, 11547, 3163, 8040, 14081, 8369, 18182, 17541, 11552, 12451, 15074, 1783, 17730, 1690, 16992, 2490, 2459, 18065, 320, 18311, 45, 9495, 4572, 544, 12731, 16811, 15096, 14957, 4594, 16607, 2449, 7791, 13659, 8892, 1713, 17336, 6598, 13832, 10495, 18937, 3067, 3473, 12715, 13492, 14787, 16503, 17899, 16638, 2408, 7141, 10590, 2917, 14650, 12571, 4321, 2855, 1829, 3736, 3381, 11069, 16093, 15201, 14311, 9836, 18289, 16899, 897, 13981, 12223, 8884, 15721, 7778, 13648, 5737, 6550, 19249, 2715, 447, 12941, 8915, 18963, 16291, 760, 5869, 3635, 3439, 6740, 5003, 3174, 2945, 16056, 4860, 11216, 7363, 1147, 12124, 9764, 11245, 4361, 7784, 16285, 17057, 11203, 5114, 17655, 12056, 17890, 7741, 15799, 10258, 16088, 19222, 15303, 1433, 5991, 322, 2322, 3156, 9940, 7814, 17068, 16968, 10018, 1991, 11946, 8705, 10371, 4619, 11074, 2034, 15550, 11743, 18666, 13494, 14175, 13948, 15123, 11154, 10397, 1701, 4770, 839, 12085, 16500, 16241, 1535, 18782, 2221, 539, 18405, 4245, 103, 1571, 16945, 12196, 9441, 1732, 1367, 3596, 4794, 7230, 5245, 17483, 2955, 2003, 11509, 4044, 12934, 3456, 16693, 593, 4582, 14076, 10972, 1965, 7227, 14324, 8658, 3772, 8355, 11889, 1908, 2684, 10026, 1666, 16507, 5589, 9295, 8389, 2099, 18653, 13808, 19147, 6675, 10970, 2788, 19028, 16983, 16166, 9845, 8160, 11381, 10088, 10333, 11716, 14695, 12697, 4365, 3747, 17296, 11904, 74, 7047, 10639, 13094, 940, 10478, 2032, 6642, 14896, 10840, 5430, 5556, 12597, 2183, 18403, 4252, 14613, 18283, 8790, 12140, 13540, 13353, 14114, 13297, 4056, 14038, 11299, 13770, 11433, 14285, 1526, 1955, 15711, 255, 12481, 612, 1635, 4886, 357, 11434, 9524, 13106, 2607, 5391, 9406, 2331, 624, 2749, 17849, 9829, 11436, 18426, 9481, 18550, 15647, 532, 11720, 11824, 15610, 15741, 7902, 13558, 17967, 14539, 17889, 4631, 1238, 16921, 7787, 15293, 3108, 8215, 2851, 4514, 12938, 16730, 17178, 4890, 17960, 4725, 7917, 3191, 8231, 16341, 8195, 10913, 2173, 5557, 2637, 16896, 5806, 1815, 1451, 8864, 2290, 12108, 5328, 6203, 2431, 7508, 17898, 17188, 6897, 1199, 15526, 18437, 6631, 8644, 16917, 14964, 14233, 2454, 584, 4830, 7199, 4180, 14889, 5761, 13756, 6917, 7756, 18880, 15095, 1816, 14070, 16252, 7429, 16589, 1631, 15968, 15221, 12478, 18594, 1477, 5637, 12058, 1205, 13397, 9107, 18654, 1968, 3759, 13147, 14144, 14973, 12452, 18020, 13592, 17920, 13687, 11335, 7207, 418, 7834, 778, 12982, 10688, 9031, 509, 9601, 9780, 17040, 12023, 3916, 91, 6536, 18535, 7547, 15240, 707, 14533, 15064, 17012, 16805, 8637, 5969, 16221, 1940, 13307, 4717, 12615, 18220, 11028, 12170, 1743, 2376, 12415, 14220, 18827, 1294, 18543, 6977, 15309, 11778, 11842, 17103, 3857, 4637, 12162, 19169, 17166, 18237, 17818, 9507, 19022, 5790, 19112, 15611, 1118, 15184, 18703, 1817, 15530, 16579, 8437, 11839, 11378, 3537, 9205, 9217, 16272, 18759, 16828, 12002, 8348, 1723, 3481, 14115, 379, 8544, 264, 6015, 7672, 2253, 7364, 3706, 13796, 17139, 16125, 12059, 9623, 7185, 2418, 18230, 3087, 281, 4379, 1796, 8459, 4400, 17824, 2736, 16446, 13525, 15341, 3275, 7872, 1662, 7557, 4319, 15442, 7181, 10456, 4963, 17048, 16943, 12784, 3441, 5240, 9975, 13216, 17702, 11594, 13554, 6165, 19168, 16070, 3540, 3262, 10661, 4061, 13173, 2875, 17014, 4349, 10818, 8428, 16764, 14232, 8930, 15734, 17680, 7069, 15684, 17050, 18987, 6914, 6863, 19263, 10595, 150, 10039, 2722, 18223, 16444, 6559, 7258, 2661, 7699, 17136, 12773, 4247, 5723, 15194, 1696, 1500, 2807, 9893, 11835, 13240, 18313, 17107, 10265, 10244, 5570, 2862, 14049, 1012, 12861, 723, 9583, 17461, 10056, 1264, 8297, 3716, 14666, 15259, 13531, 543, 13723, 16810, 6700, 3516, 13766, 7186, 10692, 6321, 15484, 14547, 8744, 3703, 10383, 16829, 6366, 6846, 3906, 2021, 18133, 857, 279, 12232, 10212, 10541, 12325, 13475, 1225, 937, 6966, 10881, 16936, 18502, 1440, 11914, 3326, 5633, 14913, 4623, 10743, 12361, 17335, 1072, 5043, 14810, 15077, 3255, 17215, 6553, 17852, 4801, 6962, 3060, 9430, 8799, 13824, 188, 15175, 15163, 4733, 5011, 3536, 17635, 6532, 14071, 6112, 17158, 6597, 11272, 105, 19219, 5013, 12483, 201, 6848, 17033, 6367, 7859, 14702, 18844, 7053, 18694, 15670, 636, 10129, 6378, 5369, 7273, 16247, 9142, 15345, 16817, 14854, 2600, 15783, 889, 11833, 6612, 2068, 2427, 7062, 7918, 16181, 5464, 8339, 8950, 8453, 16423, 6064, 2380, 4268, 13929, 12974, 19141, 1299, 2484, 3883, 3273, 8772, 13256, 11239, 5766, 18098, 12705, 11004, 2695, 10048, 10960, 2766, 15661, 13258, 8015, 6032, 16397, 7749, 19039, 7634, 15076, 4234, 15114, 8475, 8091, 19220, 18004, 9704, 13918, 15569, 16443, 10015, 9943, 7817, 9349, 2588, 8249, 398, 5316, 15538, 18372, 13559, 2937, 2803, 16248, 6155, 630, 9911, 13190, 19157, 15788, 13248, 13148, 1320, 12074, 8471, 8798, 3213, 12418, 814, 2402, 12718, 12397, 10564, 9875, 10128, 6947, 9491, 17707, 3266, 19196, 14309, 18523, 19043, 17975, 18063, 11618, 15016, 14434, 7680, 1739, 18029, 11694, 1745, 9271, 5189, 9561, 11283, 14978, 10753, 16017, 12914, 978, 2828, 17257, 13135, 5061, 121, 6602, 16015, 19271, 12159, 1244, 8260, 13195, 15873, 12815, 14291, 14515, 118, 4892, 14985, 9551, 12654, 4739, 927, 12176, 9523, 11726, 18187, 5880, 2569, 3386, 13942, 3390, 15774, 129, 65, 12922, 8422, 12692, 16213, 11515, 2111, 8347, 10758, 14064, 4401, 17782, 15621, 6709, 14716, 4091, 13964, 8424, 4218, 7249, 11311, 11171, 18564, 14755, 7114, 14009, 14815, 294, 495, 7684, 6833, 4046, 3505, 16995, 17858, 7761, 15803, 9840, 13958, 8226, 10369, 12497, 17142, 1748, 2854, 7159, 11539, 11055, 13337, 17173, 14214, 6803, 11144, 12649, 283, 15489, 13174, 7015, 610, 7030, 18206, 14077, 15468, 14962, 8046, 7809, 17387, 16034, 16678, 1173, 3502, 12942, 15655, 16859, 7099, 1673, 446, 1365, 5881, 3713, 11697, 1897, 16001, 1702, 14149, 11876, 9341, 4325, 6923, 2001, 138, 3276, 18716, 17604, 10501, 115, 12800, 6111, 11148, 4549, 16057, 4707, 6843, 16091, 4295, 7519, 13708, 12409, 11018, 5052, 13566, 14715, 12755, 793, 10837, 1888, 12375, 3935, 5763, 11791, 11258, 13264, 11469, 4683, 8905, 1853, 11600, 4421, 2798, 5074, 18141, 13807, 8595, 8126, 13837, 8060, 6956, 11767, 14560, 9389, 15261, 1232, 12560, 7262, 11504, 3546, 4627, 1177, 517, 4008, 9219, 17696, 4148, 14124, 13243, 11235, 7561, 8331, 16320, 3591, 11341, 4015, 12028, 14929, 18601, 3528, 14065, 1510, 19191, 13833, 17616, 10869, 17689, 831, 16725, 6319, 15465, 10467, 8162, 13563, 7728, 10778, 13545, 12290, 16480, 14401, 12838, 4212, 17529, 4832, 15111, 12690, 10373, 7596, 18614, 17477, 1043, 13100, 4774, 17479, 3774, 9302, 3901, 13071, 6412, 9516, 1261, 3054, 13522, 17602, 14343, 18500, 10957, 2791, 9624, 3634, 17904, 5709, 14670, 11058, 7087, 7435, 13848, 82, 5565, 2562, 14029, 3583, 1676, 12709, 18473, 3158, 12787, 8068, 8263, 16146, 3593, 1802, 1861, 3348, 4487, 17749, 6105, 10471, 17472, 10200, 1182, 14180, 1076, 10156, 4839, 9903, 4879, 9720, 2157, 15344, 16067, 3064, 17182, 5368, 4987, 18484, 18923, 11896, 1052, 15727, 15289, 5885, 1933, 5251, 17072, 6038, 6195, 13524, 6606, 18506, 17536, 6784, 3231, 14121, 8925, 10030, 803, 13764, 146, 19268, 14099, 4130, 16372, 1537, 12248, 13718, 17187, 11728, 1740, 19233, 5600, 4092, 4779, 6028, 3395, 16152, 19150, 2417, 11980, 11237, 8427, 18127, 3538, 9257, 607, 2078, 18457, 5802, 3435, 15019, 4256, 9221, 13465, 11742, 5788, 9528, 17493, 4607, 3131, 6616, 5356, 1550, 4617, 8827, 849, 2601, 4437, 17861, 10261, 15704, 3890, 8149, 12063, 3086, 15925, 12301, 6847, 5603, 7768, 3187, 13372, 9258, 6584, 7594, 2603, 1835, 17380, 17193, 15251, 15937, 18731, 4082, 14911, 16626, 8824, 16208, 10167, 17711, 9678, 15852, 13620, 16479, 14586, 2446, 4866, 1315, 7746, 10615, 7927, 2443, 7157, 13506, 18410, 10494]",970,1500,3,False,1500
5859,general confirm,general confirm,20,True,True,True,"{21: 26, 33: 14, 2: 18, 29: 13, 25: 57, 43: 9, 57: 16, 49: 16, 61: 14, 67: 52, 65: 21, 50: 28, 15: 53, 6: 13, 46: 15, 27: 69, 7: 65, 48: 67, 19: 21, 31: 14, 63: 26, 22: 39, 9: 79, 26: 40, 47: 15, 53: 66, 11: 19, 51: 26, 54: 9, 13: 32, 17: 37, 52: 30, 39: 27, 38: 19, 1: 6, 59: 33, 56: 23, 32: 9, 8: 25, 4: 12, 20: 26, 24: 7, 18: 31, 42: 7, 28: 31, 45: 57, 0: 13, 66: 11, 62: 11, 35: 7, 64: 15, 37: 2, 40: 25, 3: 3, 14: 5, 12: 8, 16: 15, 55: 16, 30: 13, 58: 6, 36: 4, 60: 5, 5: 3, 41: 2, 44: 2, 34: 2}","[12686, 3384, 6034, 14374, 14516, 14680, 18580, 5912, 661, 4433, 14182, 14634, 14672, 13694, 17233, 12320, 12666, 7276, 14925, 15315, 1125, 14820, 3769, 14096, 12401, 14972, 14176, 4685, 4278, 5735, 7514, 16051, 15882, 4696, 17145, 19193, 12994, 9901, 13641, 15193, 6739, 9240, 1608, 14664, 18117, 5676, 15714, 5964, 5329, 16651, 15936, 14441, 15878, 18316, 14255, 18692, 5858, 4640, 10716, 13839, 16635, 2097, 11464, 12427, 2320, 14629, 7617, 16183, 16205, 2170, 4384, 6683, 5285, 18707, 6780, 4231, 2404, 4895, 18091, 2944, 13054, 3904, 3491, 9455, 15985, 10432, 8657, 15304, 9114, 5838, 5197, 17244, 6207, 3970, 17246, 3950, 6168, 8697, 6800, 9942, 11118, 8582, 6355, 15275, 4581, 12724, 11921, 1833, 523, 7619, 15729, 176, 8576, 3101, 1573, 1283, 11796, 11277, 2547, 1738, 6806, 15187, 7129, 5179, 5854, 16373, 9231, 6270, 777, 2062, 13249, 4144, 6325, 3924, 5350, 14414, 3142, 2249, 6444, 13582, 2833, 18030, 6483, 18404, 15057, 7482, 15001, 15872, 14584, 10835, 954, 7257, 1381, 17819, 17518, 6497, 14430, 4901, 16466, 10805, 132, 7506, 755, 14427, 12119, 16613, 19042, 14994, 11257, 8042, 2144, 5966, 1580, 8010, 2550, 10684, 14088, 5037, 8764, 17076, 14185, 15984, 5299, 16601, 19182, 13197, 14561, 12605, 17010, 2703, 6715, 11207, 10188, 212, 2293, 17676, 1720, 5934, 112, 8568, 15870, 3226, 4524, 4431, 5141, 5383, 7609, 12807, 19001, 14368, 6704, 14903, 4172, 117, 18698, 1699, 16558, 7518, 10618, 2110, 10308, 7828, 6623, 17644, 4449, 951, 13858, 15106, 8402, 916, 4771, 8608, 6448, 6656, 13547, 2814, 8336, 8093, 6398, 637, 9909, 10621, 786, 14146, 17292, 9457, 3, 2884, 14785, 10504, 16361, 8181, 17690, 654, 11067, 18741, 386, 18208, 10130, 8079, 7082, 14740, 8076, 18619, 14428, 10992, 12679, 9431, 18328, 13606, 7641, 13542, 1002, 11975, 15646, 19078, 1352, 8683, 16053, 11763, 14823, 7059, 4995, 3754, 6213, 10090, 19084, 1973, 8131, 5353, 836, 13960, 3217, 4885, 9645, 16941, 14750, 13171, 9132, 1355, 4440, 15747, 8233, 6008, 12781, 16749, 13905, 18198, 5033, 2910, 16502, 1233, 965, 16926, 3944, 13518, 18213, 12739, 9972, 14609, 5764, 6128, 9532, 12680, 3672, 5458, 6822, 11547, 3163, 8040, 14081, 8369, 18182, 17541, 11552, 12451, 15074, 1783, 17730, 1690, 16992, 2490, 2459, 18065, 320, 18311, 45, 9495, 4572, 544, 12731, 16811, 15096, 14957, 4594, 16607, 2449, 7791, 13659, 8892, 1713, 17336, 6598, 13832, 10495, 18937, 3067, 3473, 12715, 13492, 14787, 16503, 17899, 16638, 2408, 7141, 10590, 2917, 14650, 12571, 4321, 2855, 1829, 3736, 3381, 11069, 16093, 15201, 14311, 9836, 18289, 16899, 897, 13981, 12223, 8884, 15721, 7778, 13648, 5737, 6550, 19249, 2715, 447, 12941, 8915, 18963, 16291, 760, 5869, 3635, 3439, 6740, 5003, 3174, 2945, 16056, 4860, 11216, 7363, 1147, 12124, 9764, 11245, 4361, 7784, 16285, 17057, 11203, 5114, 17655, 12056, 17890, 7741, 15799, 10258, 16088, 19222, 15303, 1433, 5991, 322, 2322, 3156, 9940, 7814, 17068, 16968, 10018, 1991, 11946, 8705, 10371, 4619, 11074, 2034, 15550, 11743, 18666, 13494, 14175, 13948, 15123, 11154, 10397, 1701, 4770, 839, 12085, 16500, 16241, 1535, 18782, 2221, 539, 18405, 4245, 103, 1571, 16945, 12196, 9441, 1732, 1367, 3596, 4794, 7230, 5245, 17483, 2955, 2003, 11509, 4044, 12934, 3456, 16693, 593, 4582, 14076, 10972, 1965, 7227, 14324, 8658, 3772, 8355, 11889, 1908, 2684, 10026, 1666, 16507, 5589, 9295, 8389, 2099, 18653, 13808, 19147, 6675, 10970, 2788, 19028, 16983, 16166, 9845, 8160, 11381, 10088, 10333, 11716, 14695, 12697, 4365, 3747, 17296, 11904, 74, 7047, 10639, 13094, 940, 10478, 2032, 6642, 14896, 10840, 5430, 5556, 12597, 2183, 18403, 4252, 14613, 18283, 8790, 12140, 13540, 13353, 14114, 13297, 4056, 14038, 11299, 13770, 11433, 14285, 1526, 1955, 15711, 255, 12481, 612, 1635, 4886, 357, 11434, 9524, 13106, 2607, 5391, 9406, 2331, 624, 2749, 17849, 9829, 11436, 18426, 9481, 18550, 15647, 532, 11720, 11824, 15610, 15741, 7902, 13558, 17967, 14539, 17889, 4631, 1238, 16921, 7787, 15293, 3108, 8215, 2851, 4514, 12938, 16730, 17178, 4890, 17960, 4725, 7917, 3191, 8231, 16341, 8195, 10913, 2173, 5557, 2637, 16896, 5806, 1815, 1451, 8864, 2290, 12108, 5328, 6203, 2431, 7508, 17898, 17188, 6897, 1199, 15526, 18437, 6631, 8644, 16917, 14964, 14233, 2454, 584, 4830, 7199, 4180, 14889, 5761, 13756, 6917, 7756, 18880, 15095, 1816, 14070, 16252, 7429, 16589, 1631, 15968, 15221, 12478, 18594, 1477, 5637, 12058, 1205, 13397, 9107, 18654, 1968, 3759, 13147, 14144, 14973, 12452, 18020, 13592, 17920, 13687, 11335, 7207, 418, 7834, 778, 12982, 10688, 9031, 509, 9601, 9780, 17040, 12023, 3916, 91, 6536, 18535, 7547, 15240, 707, 14533, 15064, 17012, 16805, 8637, 5969, 16221, 1940, 13307, 4717, 12615, 18220, 11028, 12170, 1743, 2376, 12415, 14220, 18827, 1294, 18543, 6977, 15309, 11778, 11842, 17103, 3857, 4637, 12162, 19169, 17166, 18237, 17818, 9507, 19022, 5790, 19112, 15611, 1118, 15184, 18703, 1817, 15530, 16579, 8437, 11839, 11378, 3537, 9205, 9217, 16272, 18759, 16828, 12002, 8348, 1723, 3481, 14115, 379, 8544, 264, 6015, 7672, 2253, 7364, 3706, 13796, 17139, 16125, 12059, 9623, 7185, 2418, 18230, 3087, 281, 4379, 1796, 8459, 4400, 17824, 2736, 16446, 13525, 15341, 3275, 7872, 1662, 7557, 4319, 15442, 7181, 10456, 4963, 17048, 16943, 12784, 3441, 5240, 9975, 13216, 17702, 11594, 13554, 6165, 19168, 16070, 3540, 3262, 10661, 4061, 13173, 2875, 17014, 4349, 10818, 8428, 16764, 14232, 8930, 15734, 17680, 7069, 15684, 17050, 18987, 6914, 6863, 19263, 10595, 150, 10039, 2722, 18223, 16444, 6559, 7258, 2661, 7699, 17136, 12773, 4247, 5723, 15194, 1696, 1500, 2807, 9893, 11835, 13240, 18313, 17107, 10265, 10244, 5570, 2862, 14049, 1012, 12861, 723, 9583, 17461, 10056, 1264, 8297, 3716, 14666, 15259, 13531, 543, 13723, 16810, 6700, 3516, 13766, 7186, 10692, 6321, 15484, 14547, 8744, 3703, 10383, 16829, 6366, 6846, 3906, 2021, 18133, 857, 279, 12232, 10212, 10541, 12325, 13475, 1225, 937, 6966, 10881, 16936, 18502, 1440, 11914, 3326, 5633, 14913, 4623, 10743, 12361, 17335, 1072, 5043, 14810, 15077, 3255, 17215, 6553, 17852, 4801, 6962, 3060, 9430, 8799, 13824, 188, 15175, 15163, 4733, 5011, 3536, 17635, 6532, 14071, 6112, 17158, 6597, 11272, 105, 19219, 5013, 12483, 201, 6848, 17033, 6367, 7859, 14702, 18844, 7053, 18694, 15670, 636, 10129, 6378, 5369, 7273, 16247, 9142, 15345, 16817, 14854, 2600, 15783, 889, 11833, 6612, 2068, 2427, 7062, 7918, 16181, 5464, 8339, 8950, 8453, 16423, 6064, 2380, 4268, 13929, 12974, 19141, 1299, 2484, 3883, 3273, 8772, 13256, 11239, 5766, 18098, 12705, 11004, 2695, 10048, 10960, 2766, 15661, 13258, 8015, 6032, 16397, 7749, 19039, 7634, 15076, 4234, 15114, 8475, 8091, 19220, 18004, 9704, 13918, 15569, 16443, 10015, 9943, 7817, 9349, 2588, 8249, 398, 5316, 15538, 18372, 13559, 2937, 2803, 16248, 6155, 630, 9911, 13190, 19157, 15788, 13248, 13148, 1320, 12074, 8471, 8798, 3213, 12418, 814, 2402, 12718, 12397, 10564, 9875, 10128, 6947, 9491, 17707, 3266, 19196, 14309, 18523, 19043, 17975, 18063, 11618, 15016, 14434, 7680, 1739, 18029, 11694, 1745, 9271, 5189, 9561, 11283, 14978, 10753, 16017, 12914, 978, 2828, 17257, 13135, 5061, 121, 6602, 16015, 19271, 12159, 1244, 8260, 13195, 15873, 12815, 14291, 14515, 118, 4892, 14985, 9551, 12654, 4739, 927, 12176, 9523, 11726, 18187, 5880, 2569, 3386, 13942, 3390, 15774, 129, 65, 12922, 8422, 12692, 16213, 11515, 2111, 8347, 10758, 14064, 4401, 17782, 15621, 6709, 14716, 4091, 13964, 8424, 4218, 7249, 11311, 11171, 18564, 14755, 7114, 14009, 14815, 294, 495, 7684, 6833, 4046, 3505, 16995, 17858, 7761, 15803, 9840, 13958, 8226, 10369, 12497, 17142, 1748, 2854, 7159, 11539, 11055, 13337, 17173, 14214, 6803, 11144, 12649, 283, 15489, 13174, 7015, 610, 7030, 18206, 14077, 15468, 14962, 8046, 7809, 17387, 16034, 16678, 1173, 3502, 12942, 15655, 16859, 7099, 1673, 446, 1365, 5881, 3713, 11697, 1897, 16001, 1702, 14149, 11876, 9341, 4325, 6923, 2001, 138, 3276, 18716, 17604, 10501, 115, 12800, 6111, 11148, 4549, 16057, 4707, 6843, 16091, 4295, 7519, 13708, 12409, 11018, 5052, 13566, 14715, 12755, 793, 10837, 1888, 12375, 3935, 5763, 11791, 11258, 13264, 11469, 4683, 8905, 1853, 11600, 4421, 2798, 5074, 18141, 13807, 8595, 8126, 13837, 8060, 6956, 11767, 14560, 9389, 15261, 1232, 12560, 7262, 11504, 3546, 4627, 1177, 517, 4008, 9219, 17696, 4148, 14124, 13243, 11235, 7561, 8331, 16320, 3591, 11341, 4015, 12028, 14929, 18601, 3528, 14065, 1510, 19191, 13833, 17616, 10869, 17689, 831, 16725, 6319, 15465, 10467, 8162, 13563, 7728, 10778, 13545, 12290, 16480, 14401, 12838, 4212, 17529, 4832, 15111, 12690, 10373, 7596, 18614, 17477, 1043, 13100, 4774, 17479, 3774, 9302, 3901, 13071, 6412, 9516, 1261, 3054, 13522, 17602, 14343, 18500, 10957, 2791, 9624, 3634, 17904, 5709, 14670, 11058, 7087, 7435, 13848, 82, 5565, 2562, 14029, 3583, 1676, 12709, 18473, 3158, 12787, 8068, 8263, 16146, 3593, 1802, 1861, 3348, 4487, 17749, 6105, 10471, 17472, 10200, 1182, 14180, 1076, 10156, 4839, 9903, 4879, 9720, 2157, 15344, 16067, 3064, 17182, 5368, 4987, 18484, 18923, 11896, 1052, 15727, 15289, 5885, 1933, 5251, 17072, 6038, 6195, 13524, 6606, 18506, 17536, 6784, 3231, 14121, 8925, 10030, 803, 13764, 146, 19268, 14099, 4130, 16372, 1537, 12248, 13718, 17187, 11728, 1740, 19233, 5600, 4092, 4779, 6028, 3395, 16152, 19150, 2417, 11980, 11237, 8427, 18127, 3538, 9257, 607, 2078, 18457, 5802, 3435, 15019, 4256, 9221, 13465, 11742, 5788, 9528, 17493, 4607, 3131, 6616, 5356, 1550, 4617, 8827, 849, 2601, 4437, 17861, 10261, 15704, 3890, 8149, 12063, 3086, 15925, 12301, 6847, 5603, 7768, 3187, 13372, 9258, 6584, 7594, 2603, 1835, 17380, 17193, 15251, 15937, 18731, 4082, 14911, 16626, 8824, 16208, 10167, 17711, 9678, 15852, 13620, 16479, 14586, 2446, 4866, 1315, 7746, 10615, 7927, 2443, 7157, 13506, 18410, 10494]",5859,1500,3,False,1500
5539,general negate,general neg,25,True,True,False,"{21: 26, 33: 14, 2: 18, 29: 13, 25: 57, 43: 9, 57: 16, 49: 16, 61: 14, 67: 52, 65: 21, 50: 28, 15: 53, 6: 13, 46: 15, 27: 69, 7: 65, 48: 67, 19: 21, 31: 14, 63: 26, 22: 39, 9: 79, 26: 40, 47: 15, 53: 66, 11: 19, 51: 26, 54: 9, 13: 32, 17: 37, 52: 30, 39: 27, 38: 19, 1: 6, 59: 33, 56: 23, 32: 9, 8: 25, 4: 12, 20: 26, 24: 7, 18: 31, 42: 7, 28: 31, 45: 57, 0: 13, 66: 11, 62: 11, 35: 7, 64: 15, 37: 2, 40: 25, 3: 3, 14: 5, 12: 8, 16: 15, 55: 16, 30: 13, 58: 6, 36: 4, 60: 5, 5: 3, 41: 2, 44: 2, 34: 2}","[12686, 3384, 6034, 14374, 14516, 14680, 18580, 5912, 661, 4433, 14182, 14634, 14672, 13694, 17233, 12320, 12666, 7276, 14925, 15315, 1125, 14820, 3769, 14096, 12401, 14972, 14176, 4685, 4278, 5735, 7514, 16051, 15882, 4696, 17145, 19193, 12994, 9901, 13641, 15193, 6739, 9240, 1608, 14664, 18117, 5676, 15714, 5964, 5329, 16651, 15936, 14441, 15878, 18316, 14255, 18692, 5858, 4640, 10716, 13839, 16635, 2097, 11464, 12427, 2320, 14629, 7617, 16183, 16205, 2170, 4384, 6683, 5285, 18707, 6780, 4231, 2404, 4895, 18091, 2944, 13054, 3904, 3491, 9455, 15985, 10432, 8657, 15304, 9114, 5838, 5197, 17244, 6207, 3970, 17246, 3950, 6168, 8697, 6800, 9942, 11118, 8582, 6355, 15275, 4581, 12724, 11921, 1833, 523, 7619, 15729, 176, 8576, 3101, 1573, 1283, 11796, 11277, 2547, 1738, 6806, 15187, 7129, 5179, 5854, 16373, 9231, 6270, 777, 2062, 13249, 4144, 6325, 3924, 5350, 14414, 3142, 2249, 6444, 13582, 2833, 18030, 6483, 18404, 15057, 7482, 15001, 15872, 14584, 10835, 954, 7257, 1381, 17819, 17518, 6497, 14430, 4901, 16466, 10805, 132, 7506, 755, 14427, 12119, 16613, 19042, 14994, 11257, 8042, 2144, 5966, 1580, 8010, 2550, 10684, 14088, 5037, 8764, 17076, 14185, 15984, 5299, 16601, 19182, 13197, 14561, 12605, 17010, 2703, 6715, 11207, 10188, 212, 2293, 17676, 1720, 5934, 112, 8568, 15870, 3226, 4524, 4431, 5141, 5383, 7609, 12807, 19001, 14368, 6704, 14903, 4172, 117, 18698, 1699, 16558, 7518, 10618, 2110, 10308, 7828, 6623, 17644, 4449, 951, 13858, 15106, 8402, 916, 4771, 8608, 6448, 6656, 13547, 2814, 8336, 8093, 6398, 637, 9909, 10621, 786, 14146, 17292, 9457, 3, 2884, 14785, 10504, 16361, 8181, 17690, 654, 11067, 18741, 386, 18208, 10130, 8079, 7082, 14740, 8076, 18619, 14428, 10992, 12679, 9431, 18328, 13606, 7641, 13542, 1002, 11975, 15646, 19078, 1352, 8683, 16053, 11763, 14823, 7059, 4995, 3754, 6213, 10090, 19084, 1973, 8131, 5353, 836, 13960, 3217, 4885, 9645, 16941, 14750, 13171, 9132, 1355, 4440, 15747, 8233, 6008, 12781, 16749, 13905, 18198, 5033, 2910, 16502, 1233, 965, 16926, 3944, 13518, 18213, 12739, 9972, 14609, 5764, 6128, 9532, 12680, 3672, 5458, 6822, 11547, 3163, 8040, 14081, 8369, 18182, 17541, 11552, 12451, 15074, 1783, 17730, 1690, 16992, 2490, 2459, 18065, 320, 18311, 45, 9495, 4572, 544, 12731, 16811, 15096, 14957, 4594, 16607, 2449, 7791, 13659, 8892, 1713, 17336, 6598, 13832, 10495, 18937, 3067, 3473, 12715, 13492, 14787, 16503, 17899, 16638, 2408, 7141, 10590, 2917, 14650, 12571, 4321, 2855, 1829, 3736, 3381, 11069, 16093, 15201, 14311, 9836, 18289, 16899, 897, 13981, 12223, 8884, 15721, 7778, 13648, 5737, 6550, 19249, 2715, 447, 12941, 8915, 18963, 16291, 760, 5869, 3635, 3439, 6740, 5003, 3174, 2945, 16056, 4860, 11216, 7363, 1147, 12124, 9764, 11245, 4361, 7784, 16285, 17057, 11203, 5114, 17655, 12056, 17890, 7741, 15799, 10258, 16088, 19222, 15303, 1433, 5991, 322, 2322, 3156, 9940, 7814, 17068, 16968, 10018, 1991, 11946, 8705, 10371, 4619, 11074, 2034, 15550, 11743, 18666, 13494, 14175, 13948, 15123, 11154, 10397, 1701, 4770, 839, 12085, 16500, 16241, 1535, 18782, 2221, 539, 18405, 4245, 103, 1571, 16945, 12196, 9441, 1732, 1367, 3596, 4794, 7230, 5245, 17483, 2955, 2003, 11509, 4044, 12934, 3456, 16693, 593, 4582, 14076, 10972, 1965, 7227, 14324, 8658, 3772, 8355, 11889, 1908, 2684, 10026, 1666, 16507, 5589, 9295, 8389, 2099, 18653, 13808, 19147, 6675, 10970, 2788, 19028, 16983, 16166, 9845, 8160, 11381, 10088, 10333, 11716, 14695, 12697, 4365, 3747, 17296, 11904, 74, 7047, 10639, 13094, 940, 10478, 2032, 6642, 14896, 10840, 5430, 5556, 12597, 2183, 18403, 4252, 14613, 18283, 8790, 12140, 13540, 13353, 14114, 13297, 4056, 14038, 11299, 13770, 11433, 14285, 1526, 1955, 15711, 255, 12481, 612, 1635, 4886, 357, 11434, 9524, 13106, 2607, 5391, 9406, 2331, 624, 2749, 17849, 9829, 11436, 18426, 9481, 18550, 15647, 532, 11720, 11824, 15610, 15741, 7902, 13558, 17967, 14539, 17889, 4631, 1238, 16921, 7787, 15293, 3108, 8215, 2851, 4514, 12938, 16730, 17178, 4890, 17960, 4725, 7917, 3191, 8231, 16341, 8195, 10913, 2173, 5557, 2637, 16896, 5806, 1815, 1451, 8864, 2290, 12108, 5328, 6203, 2431, 7508, 17898, 17188, 6897, 1199, 15526, 18437, 6631, 8644, 16917, 14964, 14233, 2454, 584, 4830, 7199, 4180, 14889, 5761, 13756, 6917, 7756, 18880, 15095, 1816, 14070, 16252, 7429, 16589, 1631, 15968, 15221, 12478, 18594, 1477, 5637, 12058, 1205, 13397, 9107, 18654, 1968, 3759, 13147, 14144, 14973, 12452, 18020, 13592, 17920, 13687, 11335, 7207, 418, 7834, 778, 12982, 10688, 9031, 509, 9601, 9780, 17040, 12023, 3916, 91, 6536, 18535, 7547, 15240, 707, 14533, 15064, 17012, 16805, 8637, 5969, 16221, 1940, 13307, 4717, 12615, 18220, 11028, 12170, 1743, 2376, 12415, 14220, 18827, 1294, 18543, 6977, 15309, 11778, 11842, 17103, 3857, 4637, 12162, 19169, 17166, 18237, 17818, 9507, 19022, 5790, 19112, 15611, 1118, 15184, 18703, 1817, 15530, 16579, 8437, 11839, 11378, 3537, 9205, 9217, 16272, 18759, 16828, 12002, 8348, 1723, 3481, 14115, 379, 8544, 264, 6015, 7672, 2253, 7364, 3706, 13796, 17139, 16125, 12059, 9623, 7185, 2418, 18230, 3087, 281, 4379, 1796, 8459, 4400, 17824, 2736, 16446, 13525, 15341, 3275, 7872, 1662, 7557, 4319, 15442, 7181, 10456, 4963, 17048, 16943, 12784, 3441, 5240, 9975, 13216, 17702, 11594, 13554, 6165, 19168, 16070, 3540, 3262, 10661, 4061, 13173, 2875, 17014, 4349, 10818, 8428, 16764, 14232, 8930, 15734, 17680, 7069, 15684, 17050, 18987, 6914, 6863, 19263, 10595, 150, 10039, 2722, 18223, 16444, 6559, 7258, 2661, 7699, 17136, 12773, 4247, 5723, 15194, 1696, 1500, 2807, 9893, 11835, 13240, 18313, 17107, 10265, 10244, 5570, 2862, 14049, 1012, 12861, 723, 9583, 17461, 10056, 1264, 8297, 3716, 14666, 15259, 13531, 543, 13723, 16810, 6700, 3516, 13766, 7186, 10692, 6321, 15484, 14547, 8744, 3703, 10383, 16829, 6366, 6846, 3906, 2021, 18133, 857, 279, 12232, 10212, 10541, 12325, 13475, 1225, 937, 6966, 10881, 16936, 18502, 1440, 11914, 3326, 5633, 14913, 4623, 10743, 12361, 17335, 1072, 5043, 14810, 15077, 3255, 17215, 6553, 17852, 4801, 6962, 3060, 9430, 8799, 13824, 188, 15175, 15163, 4733, 5011, 3536, 17635, 6532, 14071, 6112, 17158, 6597, 11272, 105, 19219, 5013, 12483, 201, 6848, 17033, 6367, 7859, 14702, 18844, 7053, 18694, 15670, 636, 10129, 6378, 5369, 7273, 16247, 9142, 15345, 16817, 14854, 2600, 15783, 889, 11833, 6612, 2068, 2427, 7062, 7918, 16181, 5464, 8339, 8950, 8453, 16423, 6064, 2380, 4268, 13929, 12974, 19141, 1299, 2484, 3883, 3273, 8772, 13256, 11239, 5766, 18098, 12705, 11004, 2695, 10048, 10960, 2766, 15661, 13258, 8015, 6032, 16397, 7749, 19039, 7634, 15076, 4234, 15114, 8475, 8091, 19220, 18004, 9704, 13918, 15569, 16443, 10015, 9943, 7817, 9349, 2588, 8249, 398, 5316, 15538, 18372, 13559, 2937, 2803, 16248, 6155, 630, 9911, 13190, 19157, 15788, 13248, 13148, 1320, 12074, 8471, 8798, 3213, 12418, 814, 2402, 12718, 12397, 10564, 9875, 10128, 6947, 9491, 17707, 3266, 19196, 14309, 18523, 19043, 17975, 18063, 11618, 15016, 14434, 7680, 1739, 18029, 11694, 1745, 9271, 5189, 9561, 11283, 14978, 10753, 16017, 12914, 978, 2828, 17257, 13135, 5061, 121, 6602, 16015, 19271, 12159, 1244, 8260, 13195, 15873, 12815, 14291, 14515, 118, 4892, 14985, 9551, 12654, 4739, 927, 12176, 9523, 11726, 18187, 5880, 2569, 3386, 13942, 3390, 15774, 129, 65, 12922, 8422, 12692, 16213, 11515, 2111, 8347, 10758, 14064, 4401, 17782, 15621, 6709, 14716, 4091, 13964, 8424, 4218, 7249, 11311, 11171, 18564, 14755, 7114, 14009, 14815, 294, 495, 7684, 6833, 4046, 3505, 16995, 17858, 7761, 15803, 9840, 13958, 8226, 10369, 12497, 17142, 1748, 2854, 7159, 11539, 11055, 13337, 17173, 14214, 6803, 11144, 12649, 283, 15489, 13174, 7015, 610, 7030, 18206, 14077, 15468, 14962, 8046, 7809, 17387, 16034, 16678, 1173, 3502, 12942, 15655, 16859, 7099, 1673, 446, 1365, 5881, 3713, 11697, 1897, 16001, 1702, 14149, 11876, 9341, 4325, 6923, 2001, 138, 3276, 18716, 17604, 10501, 115, 12800, 6111, 11148, 4549, 16057, 4707, 6843, 16091, 4295, 7519, 13708, 12409, 11018, 5052, 13566, 14715, 12755, 793, 10837, 1888, 12375, 3935, 5763, 11791, 11258, 13264, 11469, 4683, 8905, 1853, 11600, 4421, 2798, 5074, 18141, 13807, 8595, 8126, 13837, 8060, 6956, 11767, 14560, 9389, 15261, 1232, 12560, 7262, 11504, 3546, 4627, 1177, 517, 4008, 9219, 17696, 4148, 14124, 13243, 11235, 7561, 8331, 16320, 3591, 11341, 4015, 12028, 14929, 18601, 3528, 14065, 1510, 19191, 13833, 17616, 10869, 17689, 831, 16725, 6319, 15465, 10467, 8162, 13563, 7728, 10778, 13545, 12290, 16480, 14401, 12838, 4212, 17529, 4832, 15111, 12690, 10373, 7596, 18614, 17477, 1043, 13100, 4774, 17479, 3774, 9302, 3901, 13071, 6412, 9516, 1261, 3054, 13522, 17602, 14343, 18500, 10957, 2791, 9624, 3634, 17904, 5709, 14670, 11058, 7087, 7435, 13848, 82, 5565, 2562, 14029, 3583, 1676, 12709, 18473, 3158, 12787, 8068, 8263, 16146, 3593, 1802, 1861, 3348, 4487, 17749, 6105, 10471, 17472, 10200, 1182, 14180, 1076, 10156, 4839, 9903, 4879, 9720, 2157, 15344, 16067, 3064, 17182, 5368, 4987, 18484, 18923, 11896, 1052, 15727, 15289, 5885, 1933, 5251, 17072, 6038, 6195, 13524, 6606, 18506, 17536, 6784, 3231, 14121, 8925, 10030, 803, 13764, 146, 19268, 14099, 4130, 16372, 1537, 12248, 13718, 17187, 11728, 1740, 19233, 5600, 4092, 4779, 6028, 3395, 16152, 19150, 2417, 11980, 11237, 8427, 18127, 3538, 9257, 607, 2078, 18457, 5802, 3435, 15019, 4256, 9221, 13465, 11742, 5788, 9528, 17493, 4607, 3131, 6616, 5356, 1550, 4617, 8827, 849, 2601, 4437, 17861, 10261, 15704, 3890, 8149, 12063, 3086, 15925, 12301, 6847, 5603, 7768, 3187, 13372, 9258, 6584, 7594, 2603, 1835, 17380, 17193, 15251, 15937, 18731, 4082, 14911, 16626, 8824, 16208, 10167, 17711, 9678, 15852, 13620, 16479, 14586, 2446, 4866, 1315, 7746, 10615, 7927, 2443, 7157, 13506, 18410, 10494]",5539,1500,3,False,1500
455,play music,general repeat,28,True,False,True,"{21: 26, 33: 14, 2: 18, 29: 13, 25: 57, 43: 9, 57: 16, 49: 16, 61: 14, 67: 52, 65: 21, 50: 28, 15: 53, 6: 13, 46: 15, 27: 69, 7: 65, 48: 67, 19: 21, 31: 14, 63: 26, 22: 39, 9: 79, 26: 40, 47: 15, 53: 66, 11: 19, 51: 26, 54: 9, 13: 32, 17: 37, 52: 30, 39: 27, 38: 19, 1: 6, 59: 33, 56: 23, 32: 9, 8: 25, 4: 12, 20: 26, 24: 7, 18: 31, 42: 7, 28: 31, 45: 57, 0: 13, 66: 11, 62: 11, 35: 7, 64: 15, 37: 2, 40: 25, 3: 3, 14: 5, 12: 8, 16: 15, 55: 16, 30: 13, 58: 6, 36: 4, 60: 5, 5: 3, 41: 2, 44: 2, 34: 2}","[12686, 3384, 6034, 14374, 14516, 14680, 18580, 5912, 661, 4433, 14182, 14634, 14672, 13694, 17233, 12320, 12666, 7276, 14925, 15315, 1125, 14820, 3769, 14096, 12401, 14972, 14176, 4685, 4278, 5735, 7514, 16051, 15882, 4696, 17145, 19193, 12994, 9901, 13641, 15193, 6739, 9240, 1608, 14664, 18117, 5676, 15714, 5964, 5329, 16651, 15936, 14441, 15878, 18316, 14255, 18692, 5858, 4640, 10716, 13839, 16635, 2097, 11464, 12427, 2320, 14629, 7617, 16183, 16205, 2170, 4384, 6683, 5285, 18707, 6780, 4231, 2404, 4895, 18091, 2944, 13054, 3904, 3491, 9455, 15985, 10432, 8657, 15304, 9114, 5838, 5197, 17244, 6207, 3970, 17246, 3950, 6168, 8697, 6800, 9942, 11118, 8582, 6355, 15275, 4581, 12724, 11921, 1833, 523, 7619, 15729, 176, 8576, 3101, 1573, 1283, 11796, 11277, 2547, 1738, 6806, 15187, 7129, 5179, 5854, 16373, 9231, 6270, 777, 2062, 13249, 4144, 6325, 3924, 5350, 14414, 3142, 2249, 6444, 13582, 2833, 18030, 6483, 18404, 15057, 7482, 15001, 15872, 14584, 10835, 954, 7257, 1381, 17819, 17518, 6497, 14430, 4901, 16466, 10805, 132, 7506, 755, 14427, 12119, 16613, 19042, 14994, 11257, 8042, 2144, 5966, 1580, 8010, 2550, 10684, 14088, 5037, 8764, 17076, 14185, 15984, 5299, 16601, 19182, 13197, 14561, 12605, 17010, 2703, 6715, 11207, 10188, 212, 2293, 17676, 1720, 5934, 112, 8568, 15870, 3226, 4524, 4431, 5141, 5383, 7609, 12807, 19001, 14368, 6704, 14903, 4172, 117, 18698, 1699, 16558, 7518, 10618, 2110, 10308, 7828, 6623, 17644, 4449, 951, 13858, 15106, 8402, 916, 4771, 8608, 6448, 6656, 13547, 2814, 8336, 8093, 6398, 637, 9909, 10621, 786, 14146, 17292, 9457, 3, 2884, 14785, 10504, 16361, 8181, 17690, 654, 11067, 18741, 386, 18208, 10130, 8079, 7082, 14740, 8076, 18619, 14428, 10992, 12679, 9431, 18328, 13606, 7641, 13542, 1002, 11975, 15646, 19078, 1352, 8683, 16053, 11763, 14823, 7059, 4995, 3754, 6213, 10090, 19084, 1973, 8131, 5353, 836, 13960, 3217, 4885, 9645, 16941, 14750, 13171, 9132, 1355, 4440, 15747, 8233, 6008, 12781, 16749, 13905, 18198, 5033, 2910, 16502, 1233, 965, 16926, 3944, 13518, 18213, 12739, 9972, 14609, 5764, 6128, 9532, 12680, 3672, 5458, 6822, 11547, 3163, 8040, 14081, 8369, 18182, 17541, 11552, 12451, 15074, 1783, 17730, 1690, 16992, 2490, 2459, 18065, 320, 18311, 45, 9495, 4572, 544, 12731, 16811, 15096, 14957, 4594, 16607, 2449, 7791, 13659, 8892, 1713, 17336, 6598, 13832, 10495, 18937, 3067, 3473, 12715, 13492, 14787, 16503, 17899, 16638, 2408, 7141, 10590, 2917, 14650, 12571, 4321, 2855, 1829, 3736, 3381, 11069, 16093, 15201, 14311, 9836, 18289, 16899, 897, 13981, 12223, 8884, 15721, 7778, 13648, 5737, 6550, 19249, 2715, 447, 12941, 8915, 18963, 16291, 760, 5869, 3635, 3439, 6740, 5003, 3174, 2945, 16056, 4860, 11216, 7363, 1147, 12124, 9764, 11245, 4361, 7784, 16285, 17057, 11203, 5114, 17655, 12056, 17890, 7741, 15799, 10258, 16088, 19222, 15303, 1433, 5991, 322, 2322, 3156, 9940, 7814, 17068, 16968, 10018, 1991, 11946, 8705, 10371, 4619, 11074, 2034, 15550, 11743, 18666, 13494, 14175, 13948, 15123, 11154, 10397, 1701, 4770, 839, 12085, 16500, 16241, 1535, 18782, 2221, 539, 18405, 4245, 103, 1571, 16945, 12196, 9441, 1732, 1367, 3596, 4794, 7230, 5245, 17483, 2955, 2003, 11509, 4044, 12934, 3456, 16693, 593, 4582, 14076, 10972, 1965, 7227, 14324, 8658, 3772, 8355, 11889, 1908, 2684, 10026, 1666, 16507, 5589, 9295, 8389, 2099, 18653, 13808, 19147, 6675, 10970, 2788, 19028, 16983, 16166, 9845, 8160, 11381, 10088, 10333, 11716, 14695, 12697, 4365, 3747, 17296, 11904, 74, 7047, 10639, 13094, 940, 10478, 2032, 6642, 14896, 10840, 5430, 5556, 12597, 2183, 18403, 4252, 14613, 18283, 8790, 12140, 13540, 13353, 14114, 13297, 4056, 14038, 11299, 13770, 11433, 14285, 1526, 1955, 15711, 255, 12481, 612, 1635, 4886, 357, 11434, 9524, 13106, 2607, 5391, 9406, 2331, 624, 2749, 17849, 9829, 11436, 18426, 9481, 18550, 15647, 532, 11720, 11824, 15610, 15741, 7902, 13558, 17967, 14539, 17889, 4631, 1238, 16921, 7787, 15293, 3108, 8215, 2851, 4514, 12938, 16730, 17178, 4890, 17960, 4725, 7917, 3191, 8231, 16341, 8195, 10913, 2173, 5557, 2637, 16896, 5806, 1815, 1451, 8864, 2290, 12108, 5328, 6203, 2431, 7508, 17898, 17188, 6897, 1199, 15526, 18437, 6631, 8644, 16917, 14964, 14233, 2454, 584, 4830, 7199, 4180, 14889, 5761, 13756, 6917, 7756, 18880, 15095, 1816, 14070, 16252, 7429, 16589, 1631, 15968, 15221, 12478, 18594, 1477, 5637, 12058, 1205, 13397, 9107, 18654, 1968, 3759, 13147, 14144, 14973, 12452, 18020, 13592, 17920, 13687, 11335, 7207, 418, 7834, 778, 12982, 10688, 9031, 509, 9601, 9780, 17040, 12023, 3916, 91, 6536, 18535, 7547, 15240, 707, 14533, 15064, 17012, 16805, 8637, 5969, 16221, 1940, 13307, 4717, 12615, 18220, 11028, 12170, 1743, 2376, 12415, 14220, 18827, 1294, 18543, 6977, 15309, 11778, 11842, 17103, 3857, 4637, 12162, 19169, 17166, 18237, 17818, 9507, 19022, 5790, 19112, 15611, 1118, 15184, 18703, 1817, 15530, 16579, 8437, 11839, 11378, 3537, 9205, 9217, 16272, 18759, 16828, 12002, 8348, 1723, 3481, 14115, 379, 8544, 264, 6015, 7672, 2253, 7364, 3706, 13796, 17139, 16125, 12059, 9623, 7185, 2418, 18230, 3087, 281, 4379, 1796, 8459, 4400, 17824, 2736, 16446, 13525, 15341, 3275, 7872, 1662, 7557, 4319, 15442, 7181, 10456, 4963, 17048, 16943, 12784, 3441, 5240, 9975, 13216, 17702, 11594, 13554, 6165, 19168, 16070, 3540, 3262, 10661, 4061, 13173, 2875, 17014, 4349, 10818, 8428, 16764, 14232, 8930, 15734, 17680, 7069, 15684, 17050, 18987, 6914, 6863, 19263, 10595, 150, 10039, 2722, 18223, 16444, 6559, 7258, 2661, 7699, 17136, 12773, 4247, 5723, 15194, 1696, 1500, 2807, 9893, 11835, 13240, 18313, 17107, 10265, 10244, 5570, 2862, 14049, 1012, 12861, 723, 9583, 17461, 10056, 1264, 8297, 3716, 14666, 15259, 13531, 543, 13723, 16810, 6700, 3516, 13766, 7186, 10692, 6321, 15484, 14547, 8744, 3703, 10383, 16829, 6366, 6846, 3906, 2021, 18133, 857, 279, 12232, 10212, 10541, 12325, 13475, 1225, 937, 6966, 10881, 16936, 18502, 1440, 11914, 3326, 5633, 14913, 4623, 10743, 12361, 17335, 1072, 5043, 14810, 15077, 3255, 17215, 6553, 17852, 4801, 6962, 3060, 9430, 8799, 13824, 188, 15175, 15163, 4733, 5011, 3536, 17635, 6532, 14071, 6112, 17158, 6597, 11272, 105, 19219, 5013, 12483, 201, 6848, 17033, 6367, 7859, 14702, 18844, 7053, 18694, 15670, 636, 10129, 6378, 5369, 7273, 16247, 9142, 15345, 16817, 14854, 2600, 15783, 889, 11833, 6612, 2068, 2427, 7062, 7918, 16181, 5464, 8339, 8950, 8453, 16423, 6064, 2380, 4268, 13929, 12974, 19141, 1299, 2484, 3883, 3273, 8772, 13256, 11239, 5766, 18098, 12705, 11004, 2695, 10048, 10960, 2766, 15661, 13258, 8015, 6032, 16397, 7749, 19039, 7634, 15076, 4234, 15114, 8475, 8091, 19220, 18004, 9704, 13918, 15569, 16443, 10015, 9943, 7817, 9349, 2588, 8249, 398, 5316, 15538, 18372, 13559, 2937, 2803, 16248, 6155, 630, 9911, 13190, 19157, 15788, 13248, 13148, 1320, 12074, 8471, 8798, 3213, 12418, 814, 2402, 12718, 12397, 10564, 9875, 10128, 6947, 9491, 17707, 3266, 19196, 14309, 18523, 19043, 17975, 18063, 11618, 15016, 14434, 7680, 1739, 18029, 11694, 1745, 9271, 5189, 9561, 11283, 14978, 10753, 16017, 12914, 978, 2828, 17257, 13135, 5061, 121, 6602, 16015, 19271, 12159, 1244, 8260, 13195, 15873, 12815, 14291, 14515, 118, 4892, 14985, 9551, 12654, 4739, 927, 12176, 9523, 11726, 18187, 5880, 2569, 3386, 13942, 3390, 15774, 129, 65, 12922, 8422, 12692, 16213, 11515, 2111, 8347, 10758, 14064, 4401, 17782, 15621, 6709, 14716, 4091, 13964, 8424, 4218, 7249, 11311, 11171, 18564, 14755, 7114, 14009, 14815, 294, 495, 7684, 6833, 4046, 3505, 16995, 17858, 7761, 15803, 9840, 13958, 8226, 10369, 12497, 17142, 1748, 2854, 7159, 11539, 11055, 13337, 17173, 14214, 6803, 11144, 12649, 283, 15489, 13174, 7015, 610, 7030, 18206, 14077, 15468, 14962, 8046, 7809, 17387, 16034, 16678, 1173, 3502, 12942, 15655, 16859, 7099, 1673, 446, 1365, 5881, 3713, 11697, 1897, 16001, 1702, 14149, 11876, 9341, 4325, 6923, 2001, 138, 3276, 18716, 17604, 10501, 115, 12800, 6111, 11148, 4549, 16057, 4707, 6843, 16091, 4295, 7519, 13708, 12409, 11018, 5052, 13566, 14715, 12755, 793, 10837, 1888, 12375, 3935, 5763, 11791, 11258, 13264, 11469, 4683, 8905, 1853, 11600, 4421, 2798, 5074, 18141, 13807, 8595, 8126, 13837, 8060, 6956, 11767, 14560, 9389, 15261, 1232, 12560, 7262, 11504, 3546, 4627, 1177, 517, 4008, 9219, 17696, 4148, 14124, 13243, 11235, 7561, 8331, 16320, 3591, 11341, 4015, 12028, 14929, 18601, 3528, 14065, 1510, 19191, 13833, 17616, 10869, 17689, 831, 16725, 6319, 15465, 10467, 8162, 13563, 7728, 10778, 13545, 12290, 16480, 14401, 12838, 4212, 17529, 4832, 15111, 12690, 10373, 7596, 18614, 17477, 1043, 13100, 4774, 17479, 3774, 9302, 3901, 13071, 6412, 9516, 1261, 3054, 13522, 17602, 14343, 18500, 10957, 2791, 9624, 3634, 17904, 5709, 14670, 11058, 7087, 7435, 13848, 82, 5565, 2562, 14029, 3583, 1676, 12709, 18473, 3158, 12787, 8068, 8263, 16146, 3593, 1802, 1861, 3348, 4487, 17749, 6105, 10471, 17472, 10200, 1182, 14180, 1076, 10156, 4839, 9903, 4879, 9720, 2157, 15344, 16067, 3064, 17182, 5368, 4987, 18484, 18923, 11896, 1052, 15727, 15289, 5885, 1933, 5251, 17072, 6038, 6195, 13524, 6606, 18506, 17536, 6784, 3231, 14121, 8925, 10030, 803, 13764, 146, 19268, 14099, 4130, 16372, 1537, 12248, 13718, 17187, 11728, 1740, 19233, 5600, 4092, 4779, 6028, 3395, 16152, 19150, 2417, 11980, 11237, 8427, 18127, 3538, 9257, 607, 2078, 18457, 5802, 3435, 15019, 4256, 9221, 13465, 11742, 5788, 9528, 17493, 4607, 3131, 6616, 5356, 1550, 4617, 8827, 849, 2601, 4437, 17861, 10261, 15704, 3890, 8149, 12063, 3086, 15925, 12301, 6847, 5603, 7768, 3187, 13372, 9258, 6584, 7594, 2603, 1835, 17380, 17193, 15251, 15937, 18731, 4082, 14911, 16626, 8824, 16208, 10167, 17711, 9678, 15852, 13620, 16479, 14586, 2446, 4866, 1315, 7746, 10615, 7927, 2443, 7157, 13506, 18410, 10494]",455,1500,3,False,1500
3845,email query,email query,15,True,True,True,"{21: 26, 33: 14, 2: 18, 29: 13, 25: 57, 43: 9, 57: 16, 49: 16, 61: 14, 67: 52, 65: 21, 50: 28, 15: 53, 6: 13, 46: 15, 27: 69, 7: 65, 48: 67, 19: 21, 31: 14, 63: 26, 22: 39, 9: 79, 26: 40, 47: 15, 53: 66, 11: 19, 51: 26, 54: 9, 13: 32, 17: 37, 52: 30, 39: 27, 38: 19, 1: 6, 59: 33, 56: 23, 32: 9, 8: 25, 4: 12, 20: 26, 24: 7, 18: 31, 42: 7, 28: 31, 45: 57, 0: 13, 66: 11, 62: 11, 35: 7, 64: 15, 37: 2, 40: 25, 3: 3, 14: 5, 12: 8, 16: 15, 55: 16, 30: 13, 58: 6, 36: 4, 60: 5, 5: 3, 41: 2, 44: 2, 34: 2}","[12686, 3384, 6034, 14374, 14516, 14680, 18580, 5912, 661, 4433, 14182, 14634, 14672, 13694, 17233, 12320, 12666, 7276, 14925, 15315, 1125, 14820, 3769, 14096, 12401, 14972, 14176, 4685, 4278, 5735, 7514, 16051, 15882, 4696, 17145, 19193, 12994, 9901, 13641, 15193, 6739, 9240, 1608, 14664, 18117, 5676, 15714, 5964, 5329, 16651, 15936, 14441, 15878, 18316, 14255, 18692, 5858, 4640, 10716, 13839, 16635, 2097, 11464, 12427, 2320, 14629, 7617, 16183, 16205, 2170, 4384, 6683, 5285, 18707, 6780, 4231, 2404, 4895, 18091, 2944, 13054, 3904, 3491, 9455, 15985, 10432, 8657, 15304, 9114, 5838, 5197, 17244, 6207, 3970, 17246, 3950, 6168, 8697, 6800, 9942, 11118, 8582, 6355, 15275, 4581, 12724, 11921, 1833, 523, 7619, 15729, 176, 8576, 3101, 1573, 1283, 11796, 11277, 2547, 1738, 6806, 15187, 7129, 5179, 5854, 16373, 9231, 6270, 777, 2062, 13249, 4144, 6325, 3924, 5350, 14414, 3142, 2249, 6444, 13582, 2833, 18030, 6483, 18404, 15057, 7482, 15001, 15872, 14584, 10835, 954, 7257, 1381, 17819, 17518, 6497, 14430, 4901, 16466, 10805, 132, 7506, 755, 14427, 12119, 16613, 19042, 14994, 11257, 8042, 2144, 5966, 1580, 8010, 2550, 10684, 14088, 5037, 8764, 17076, 14185, 15984, 5299, 16601, 19182, 13197, 14561, 12605, 17010, 2703, 6715, 11207, 10188, 212, 2293, 17676, 1720, 5934, 112, 8568, 15870, 3226, 4524, 4431, 5141, 5383, 7609, 12807, 19001, 14368, 6704, 14903, 4172, 117, 18698, 1699, 16558, 7518, 10618, 2110, 10308, 7828, 6623, 17644, 4449, 951, 13858, 15106, 8402, 916, 4771, 8608, 6448, 6656, 13547, 2814, 8336, 8093, 6398, 637, 9909, 10621, 786, 14146, 17292, 9457, 3, 2884, 14785, 10504, 16361, 8181, 17690, 654, 11067, 18741, 386, 18208, 10130, 8079, 7082, 14740, 8076, 18619, 14428, 10992, 12679, 9431, 18328, 13606, 7641, 13542, 1002, 11975, 15646, 19078, 1352, 8683, 16053, 11763, 14823, 7059, 4995, 3754, 6213, 10090, 19084, 1973, 8131, 5353, 836, 13960, 3217, 4885, 9645, 16941, 14750, 13171, 9132, 1355, 4440, 15747, 8233, 6008, 12781, 16749, 13905, 18198, 5033, 2910, 16502, 1233, 965, 16926, 3944, 13518, 18213, 12739, 9972, 14609, 5764, 6128, 9532, 12680, 3672, 5458, 6822, 11547, 3163, 8040, 14081, 8369, 18182, 17541, 11552, 12451, 15074, 1783, 17730, 1690, 16992, 2490, 2459, 18065, 320, 18311, 45, 9495, 4572, 544, 12731, 16811, 15096, 14957, 4594, 16607, 2449, 7791, 13659, 8892, 1713, 17336, 6598, 13832, 10495, 18937, 3067, 3473, 12715, 13492, 14787, 16503, 17899, 16638, 2408, 7141, 10590, 2917, 14650, 12571, 4321, 2855, 1829, 3736, 3381, 11069, 16093, 15201, 14311, 9836, 18289, 16899, 897, 13981, 12223, 8884, 15721, 7778, 13648, 5737, 6550, 19249, 2715, 447, 12941, 8915, 18963, 16291, 760, 5869, 3635, 3439, 6740, 5003, 3174, 2945, 16056, 4860, 11216, 7363, 1147, 12124, 9764, 11245, 4361, 7784, 16285, 17057, 11203, 5114, 17655, 12056, 17890, 7741, 15799, 10258, 16088, 19222, 15303, 1433, 5991, 322, 2322, 3156, 9940, 7814, 17068, 16968, 10018, 1991, 11946, 8705, 10371, 4619, 11074, 2034, 15550, 11743, 18666, 13494, 14175, 13948, 15123, 11154, 10397, 1701, 4770, 839, 12085, 16500, 16241, 1535, 18782, 2221, 539, 18405, 4245, 103, 1571, 16945, 12196, 9441, 1732, 1367, 3596, 4794, 7230, 5245, 17483, 2955, 2003, 11509, 4044, 12934, 3456, 16693, 593, 4582, 14076, 10972, 1965, 7227, 14324, 8658, 3772, 8355, 11889, 1908, 2684, 10026, 1666, 16507, 5589, 9295, 8389, 2099, 18653, 13808, 19147, 6675, 10970, 2788, 19028, 16983, 16166, 9845, 8160, 11381, 10088, 10333, 11716, 14695, 12697, 4365, 3747, 17296, 11904, 74, 7047, 10639, 13094, 940, 10478, 2032, 6642, 14896, 10840, 5430, 5556, 12597, 2183, 18403, 4252, 14613, 18283, 8790, 12140, 13540, 13353, 14114, 13297, 4056, 14038, 11299, 13770, 11433, 14285, 1526, 1955, 15711, 255, 12481, 612, 1635, 4886, 357, 11434, 9524, 13106, 2607, 5391, 9406, 2331, 624, 2749, 17849, 9829, 11436, 18426, 9481, 18550, 15647, 532, 11720, 11824, 15610, 15741, 7902, 13558, 17967, 14539, 17889, 4631, 1238, 16921, 7787, 15293, 3108, 8215, 2851, 4514, 12938, 16730, 17178, 4890, 17960, 4725, 7917, 3191, 8231, 16341, 8195, 10913, 2173, 5557, 2637, 16896, 5806, 1815, 1451, 8864, 2290, 12108, 5328, 6203, 2431, 7508, 17898, 17188, 6897, 1199, 15526, 18437, 6631, 8644, 16917, 14964, 14233, 2454, 584, 4830, 7199, 4180, 14889, 5761, 13756, 6917, 7756, 18880, 15095, 1816, 14070, 16252, 7429, 16589, 1631, 15968, 15221, 12478, 18594, 1477, 5637, 12058, 1205, 13397, 9107, 18654, 1968, 3759, 13147, 14144, 14973, 12452, 18020, 13592, 17920, 13687, 11335, 7207, 418, 7834, 778, 12982, 10688, 9031, 509, 9601, 9780, 17040, 12023, 3916, 91, 6536, 18535, 7547, 15240, 707, 14533, 15064, 17012, 16805, 8637, 5969, 16221, 1940, 13307, 4717, 12615, 18220, 11028, 12170, 1743, 2376, 12415, 14220, 18827, 1294, 18543, 6977, 15309, 11778, 11842, 17103, 3857, 4637, 12162, 19169, 17166, 18237, 17818, 9507, 19022, 5790, 19112, 15611, 1118, 15184, 18703, 1817, 15530, 16579, 8437, 11839, 11378, 3537, 9205, 9217, 16272, 18759, 16828, 12002, 8348, 1723, 3481, 14115, 379, 8544, 264, 6015, 7672, 2253, 7364, 3706, 13796, 17139, 16125, 12059, 9623, 7185, 2418, 18230, 3087, 281, 4379, 1796, 8459, 4400, 17824, 2736, 16446, 13525, 15341, 3275, 7872, 1662, 7557, 4319, 15442, 7181, 10456, 4963, 17048, 16943, 12784, 3441, 5240, 9975, 13216, 17702, 11594, 13554, 6165, 19168, 16070, 3540, 3262, 10661, 4061, 13173, 2875, 17014, 4349, 10818, 8428, 16764, 14232, 8930, 15734, 17680, 7069, 15684, 17050, 18987, 6914, 6863, 19263, 10595, 150, 10039, 2722, 18223, 16444, 6559, 7258, 2661, 7699, 17136, 12773, 4247, 5723, 15194, 1696, 1500, 2807, 9893, 11835, 13240, 18313, 17107, 10265, 10244, 5570, 2862, 14049, 1012, 12861, 723, 9583, 17461, 10056, 1264, 8297, 3716, 14666, 15259, 13531, 543, 13723, 16810, 6700, 3516, 13766, 7186, 10692, 6321, 15484, 14547, 8744, 3703, 10383, 16829, 6366, 6846, 3906, 2021, 18133, 857, 279, 12232, 10212, 10541, 12325, 13475, 1225, 937, 6966, 10881, 16936, 18502, 1440, 11914, 3326, 5633, 14913, 4623, 10743, 12361, 17335, 1072, 5043, 14810, 15077, 3255, 17215, 6553, 17852, 4801, 6962, 3060, 9430, 8799, 13824, 188, 15175, 15163, 4733, 5011, 3536, 17635, 6532, 14071, 6112, 17158, 6597, 11272, 105, 19219, 5013, 12483, 201, 6848, 17033, 6367, 7859, 14702, 18844, 7053, 18694, 15670, 636, 10129, 6378, 5369, 7273, 16247, 9142, 15345, 16817, 14854, 2600, 15783, 889, 11833, 6612, 2068, 2427, 7062, 7918, 16181, 5464, 8339, 8950, 8453, 16423, 6064, 2380, 4268, 13929, 12974, 19141, 1299, 2484, 3883, 3273, 8772, 13256, 11239, 5766, 18098, 12705, 11004, 2695, 10048, 10960, 2766, 15661, 13258, 8015, 6032, 16397, 7749, 19039, 7634, 15076, 4234, 15114, 8475, 8091, 19220, 18004, 9704, 13918, 15569, 16443, 10015, 9943, 7817, 9349, 2588, 8249, 398, 5316, 15538, 18372, 13559, 2937, 2803, 16248, 6155, 630, 9911, 13190, 19157, 15788, 13248, 13148, 1320, 12074, 8471, 8798, 3213, 12418, 814, 2402, 12718, 12397, 10564, 9875, 10128, 6947, 9491, 17707, 3266, 19196, 14309, 18523, 19043, 17975, 18063, 11618, 15016, 14434, 7680, 1739, 18029, 11694, 1745, 9271, 5189, 9561, 11283, 14978, 10753, 16017, 12914, 978, 2828, 17257, 13135, 5061, 121, 6602, 16015, 19271, 12159, 1244, 8260, 13195, 15873, 12815, 14291, 14515, 118, 4892, 14985, 9551, 12654, 4739, 927, 12176, 9523, 11726, 18187, 5880, 2569, 3386, 13942, 3390, 15774, 129, 65, 12922, 8422, 12692, 16213, 11515, 2111, 8347, 10758, 14064, 4401, 17782, 15621, 6709, 14716, 4091, 13964, 8424, 4218, 7249, 11311, 11171, 18564, 14755, 7114, 14009, 14815, 294, 495, 7684, 6833, 4046, 3505, 16995, 17858, 7761, 15803, 9840, 13958, 8226, 10369, 12497, 17142, 1748, 2854, 7159, 11539, 11055, 13337, 17173, 14214, 6803, 11144, 12649, 283, 15489, 13174, 7015, 610, 7030, 18206, 14077, 15468, 14962, 8046, 7809, 17387, 16034, 16678, 1173, 3502, 12942, 15655, 16859, 7099, 1673, 446, 1365, 5881, 3713, 11697, 1897, 16001, 1702, 14149, 11876, 9341, 4325, 6923, 2001, 138, 3276, 18716, 17604, 10501, 115, 12800, 6111, 11148, 4549, 16057, 4707, 6843, 16091, 4295, 7519, 13708, 12409, 11018, 5052, 13566, 14715, 12755, 793, 10837, 1888, 12375, 3935, 5763, 11791, 11258, 13264, 11469, 4683, 8905, 1853, 11600, 4421, 2798, 5074, 18141, 13807, 8595, 8126, 13837, 8060, 6956, 11767, 14560, 9389, 15261, 1232, 12560, 7262, 11504, 3546, 4627, 1177, 517, 4008, 9219, 17696, 4148, 14124, 13243, 11235, 7561, 8331, 16320, 3591, 11341, 4015, 12028, 14929, 18601, 3528, 14065, 1510, 19191, 13833, 17616, 10869, 17689, 831, 16725, 6319, 15465, 10467, 8162, 13563, 7728, 10778, 13545, 12290, 16480, 14401, 12838, 4212, 17529, 4832, 15111, 12690, 10373, 7596, 18614, 17477, 1043, 13100, 4774, 17479, 3774, 9302, 3901, 13071, 6412, 9516, 1261, 3054, 13522, 17602, 14343, 18500, 10957, 2791, 9624, 3634, 17904, 5709, 14670, 11058, 7087, 7435, 13848, 82, 5565, 2562, 14029, 3583, 1676, 12709, 18473, 3158, 12787, 8068, 8263, 16146, 3593, 1802, 1861, 3348, 4487, 17749, 6105, 10471, 17472, 10200, 1182, 14180, 1076, 10156, 4839, 9903, 4879, 9720, 2157, 15344, 16067, 3064, 17182, 5368, 4987, 18484, 18923, 11896, 1052, 15727, 15289, 5885, 1933, 5251, 17072, 6038, 6195, 13524, 6606, 18506, 17536, 6784, 3231, 14121, 8925, 10030, 803, 13764, 146, 19268, 14099, 4130, 16372, 1537, 12248, 13718, 17187, 11728, 1740, 19233, 5600, 4092, 4779, 6028, 3395, 16152, 19150, 2417, 11980, 11237, 8427, 18127, 3538, 9257, 607, 2078, 18457, 5802, 3435, 15019, 4256, 9221, 13465, 11742, 5788, 9528, 17493, 4607, 3131, 6616, 5356, 1550, 4617, 8827, 849, 2601, 4437, 17861, 10261, 15704, 3890, 8149, 12063, 3086, 15925, 12301, 6847, 5603, 7768, 3187, 13372, 9258, 6584, 7594, 2603, 1835, 17380, 17193, 15251, 15937, 18731, 4082, 14911, 16626, 8824, 16208, 10167, 17711, 9678, 15852, 13620, 16479, 14586, 2446, 4866, 1315, 7746, 10615, 7927, 2443, 7157, 13506, 18410, 10494]",3845,1500,3,False,1500
624,general explain,general explain,22,True,True,True,"{21: 26, 33: 14, 2: 18, 29: 13, 25: 57, 43: 9, 57: 16, 49: 16, 61: 14, 67: 52, 65: 21, 50: 28, 15: 53, 6: 13, 46: 15, 27: 69, 7: 65, 48: 67, 19: 21, 31: 14, 63: 26, 22: 39, 9: 79, 26: 40, 47: 15, 53: 66, 11: 19, 51: 26, 54: 9, 13: 32, 17: 37, 52: 30, 39: 27, 38: 19, 1: 6, 59: 33, 56: 23, 32: 9, 8: 25, 4: 12, 20: 26, 24: 7, 18: 31, 42: 7, 28: 31, 45: 57, 0: 13, 66: 11, 62: 11, 35: 7, 64: 15, 37: 2, 40: 25, 3: 3, 14: 5, 12: 8, 16: 15, 55: 16, 30: 13, 58: 6, 36: 4, 60: 5, 5: 3, 41: 2, 44: 2, 34: 2}","[12686, 3384, 6034, 14374, 14516, 14680, 18580, 5912, 661, 4433, 14182, 14634, 14672, 13694, 17233, 12320, 12666, 7276, 14925, 15315, 1125, 14820, 3769, 14096, 12401, 14972, 14176, 4685, 4278, 5735, 7514, 16051, 15882, 4696, 17145, 19193, 12994, 9901, 13641, 15193, 6739, 9240, 1608, 14664, 18117, 5676, 15714, 5964, 5329, 16651, 15936, 14441, 15878, 18316, 14255, 18692, 5858, 4640, 10716, 13839, 16635, 2097, 11464, 12427, 2320, 14629, 7617, 16183, 16205, 2170, 4384, 6683, 5285, 18707, 6780, 4231, 2404, 4895, 18091, 2944, 13054, 3904, 3491, 9455, 15985, 10432, 8657, 15304, 9114, 5838, 5197, 17244, 6207, 3970, 17246, 3950, 6168, 8697, 6800, 9942, 11118, 8582, 6355, 15275, 4581, 12724, 11921, 1833, 523, 7619, 15729, 176, 8576, 3101, 1573, 1283, 11796, 11277, 2547, 1738, 6806, 15187, 7129, 5179, 5854, 16373, 9231, 6270, 777, 2062, 13249, 4144, 6325, 3924, 5350, 14414, 3142, 2249, 6444, 13582, 2833, 18030, 6483, 18404, 15057, 7482, 15001, 15872, 14584, 10835, 954, 7257, 1381, 17819, 17518, 6497, 14430, 4901, 16466, 10805, 132, 7506, 755, 14427, 12119, 16613, 19042, 14994, 11257, 8042, 2144, 5966, 1580, 8010, 2550, 10684, 14088, 5037, 8764, 17076, 14185, 15984, 5299, 16601, 19182, 13197, 14561, 12605, 17010, 2703, 6715, 11207, 10188, 212, 2293, 17676, 1720, 5934, 112, 8568, 15870, 3226, 4524, 4431, 5141, 5383, 7609, 12807, 19001, 14368, 6704, 14903, 4172, 117, 18698, 1699, 16558, 7518, 10618, 2110, 10308, 7828, 6623, 17644, 4449, 951, 13858, 15106, 8402, 916, 4771, 8608, 6448, 6656, 13547, 2814, 8336, 8093, 6398, 637, 9909, 10621, 786, 14146, 17292, 9457, 3, 2884, 14785, 10504, 16361, 8181, 17690, 654, 11067, 18741, 386, 18208, 10130, 8079, 7082, 14740, 8076, 18619, 14428, 10992, 12679, 9431, 18328, 13606, 7641, 13542, 1002, 11975, 15646, 19078, 1352, 8683, 16053, 11763, 14823, 7059, 4995, 3754, 6213, 10090, 19084, 1973, 8131, 5353, 836, 13960, 3217, 4885, 9645, 16941, 14750, 13171, 9132, 1355, 4440, 15747, 8233, 6008, 12781, 16749, 13905, 18198, 5033, 2910, 16502, 1233, 965, 16926, 3944, 13518, 18213, 12739, 9972, 14609, 5764, 6128, 9532, 12680, 3672, 5458, 6822, 11547, 3163, 8040, 14081, 8369, 18182, 17541, 11552, 12451, 15074, 1783, 17730, 1690, 16992, 2490, 2459, 18065, 320, 18311, 45, 9495, 4572, 544, 12731, 16811, 15096, 14957, 4594, 16607, 2449, 7791, 13659, 8892, 1713, 17336, 6598, 13832, 10495, 18937, 3067, 3473, 12715, 13492, 14787, 16503, 17899, 16638, 2408, 7141, 10590, 2917, 14650, 12571, 4321, 2855, 1829, 3736, 3381, 11069, 16093, 15201, 14311, 9836, 18289, 16899, 897, 13981, 12223, 8884, 15721, 7778, 13648, 5737, 6550, 19249, 2715, 447, 12941, 8915, 18963, 16291, 760, 5869, 3635, 3439, 6740, 5003, 3174, 2945, 16056, 4860, 11216, 7363, 1147, 12124, 9764, 11245, 4361, 7784, 16285, 17057, 11203, 5114, 17655, 12056, 17890, 7741, 15799, 10258, 16088, 19222, 15303, 1433, 5991, 322, 2322, 3156, 9940, 7814, 17068, 16968, 10018, 1991, 11946, 8705, 10371, 4619, 11074, 2034, 15550, 11743, 18666, 13494, 14175, 13948, 15123, 11154, 10397, 1701, 4770, 839, 12085, 16500, 16241, 1535, 18782, 2221, 539, 18405, 4245, 103, 1571, 16945, 12196, 9441, 1732, 1367, 3596, 4794, 7230, 5245, 17483, 2955, 2003, 11509, 4044, 12934, 3456, 16693, 593, 4582, 14076, 10972, 1965, 7227, 14324, 8658, 3772, 8355, 11889, 1908, 2684, 10026, 1666, 16507, 5589, 9295, 8389, 2099, 18653, 13808, 19147, 6675, 10970, 2788, 19028, 16983, 16166, 9845, 8160, 11381, 10088, 10333, 11716, 14695, 12697, 4365, 3747, 17296, 11904, 74, 7047, 10639, 13094, 940, 10478, 2032, 6642, 14896, 10840, 5430, 5556, 12597, 2183, 18403, 4252, 14613, 18283, 8790, 12140, 13540, 13353, 14114, 13297, 4056, 14038, 11299, 13770, 11433, 14285, 1526, 1955, 15711, 255, 12481, 612, 1635, 4886, 357, 11434, 9524, 13106, 2607, 5391, 9406, 2331, 624, 2749, 17849, 9829, 11436, 18426, 9481, 18550, 15647, 532, 11720, 11824, 15610, 15741, 7902, 13558, 17967, 14539, 17889, 4631, 1238, 16921, 7787, 15293, 3108, 8215, 2851, 4514, 12938, 16730, 17178, 4890, 17960, 4725, 7917, 3191, 8231, 16341, 8195, 10913, 2173, 5557, 2637, 16896, 5806, 1815, 1451, 8864, 2290, 12108, 5328, 6203, 2431, 7508, 17898, 17188, 6897, 1199, 15526, 18437, 6631, 8644, 16917, 14964, 14233, 2454, 584, 4830, 7199, 4180, 14889, 5761, 13756, 6917, 7756, 18880, 15095, 1816, 14070, 16252, 7429, 16589, 1631, 15968, 15221, 12478, 18594, 1477, 5637, 12058, 1205, 13397, 9107, 18654, 1968, 3759, 13147, 14144, 14973, 12452, 18020, 13592, 17920, 13687, 11335, 7207, 418, 7834, 778, 12982, 10688, 9031, 509, 9601, 9780, 17040, 12023, 3916, 91, 6536, 18535, 7547, 15240, 707, 14533, 15064, 17012, 16805, 8637, 5969, 16221, 1940, 13307, 4717, 12615, 18220, 11028, 12170, 1743, 2376, 12415, 14220, 18827, 1294, 18543, 6977, 15309, 11778, 11842, 17103, 3857, 4637, 12162, 19169, 17166, 18237, 17818, 9507, 19022, 5790, 19112, 15611, 1118, 15184, 18703, 1817, 15530, 16579, 8437, 11839, 11378, 3537, 9205, 9217, 16272, 18759, 16828, 12002, 8348, 1723, 3481, 14115, 379, 8544, 264, 6015, 7672, 2253, 7364, 3706, 13796, 17139, 16125, 12059, 9623, 7185, 2418, 18230, 3087, 281, 4379, 1796, 8459, 4400, 17824, 2736, 16446, 13525, 15341, 3275, 7872, 1662, 7557, 4319, 15442, 7181, 10456, 4963, 17048, 16943, 12784, 3441, 5240, 9975, 13216, 17702, 11594, 13554, 6165, 19168, 16070, 3540, 3262, 10661, 4061, 13173, 2875, 17014, 4349, 10818, 8428, 16764, 14232, 8930, 15734, 17680, 7069, 15684, 17050, 18987, 6914, 6863, 19263, 10595, 150, 10039, 2722, 18223, 16444, 6559, 7258, 2661, 7699, 17136, 12773, 4247, 5723, 15194, 1696, 1500, 2807, 9893, 11835, 13240, 18313, 17107, 10265, 10244, 5570, 2862, 14049, 1012, 12861, 723, 9583, 17461, 10056, 1264, 8297, 3716, 14666, 15259, 13531, 543, 13723, 16810, 6700, 3516, 13766, 7186, 10692, 6321, 15484, 14547, 8744, 3703, 10383, 16829, 6366, 6846, 3906, 2021, 18133, 857, 279, 12232, 10212, 10541, 12325, 13475, 1225, 937, 6966, 10881, 16936, 18502, 1440, 11914, 3326, 5633, 14913, 4623, 10743, 12361, 17335, 1072, 5043, 14810, 15077, 3255, 17215, 6553, 17852, 4801, 6962, 3060, 9430, 8799, 13824, 188, 15175, 15163, 4733, 5011, 3536, 17635, 6532, 14071, 6112, 17158, 6597, 11272, 105, 19219, 5013, 12483, 201, 6848, 17033, 6367, 7859, 14702, 18844, 7053, 18694, 15670, 636, 10129, 6378, 5369, 7273, 16247, 9142, 15345, 16817, 14854, 2600, 15783, 889, 11833, 6612, 2068, 2427, 7062, 7918, 16181, 5464, 8339, 8950, 8453, 16423, 6064, 2380, 4268, 13929, 12974, 19141, 1299, 2484, 3883, 3273, 8772, 13256, 11239, 5766, 18098, 12705, 11004, 2695, 10048, 10960, 2766, 15661, 13258, 8015, 6032, 16397, 7749, 19039, 7634, 15076, 4234, 15114, 8475, 8091, 19220, 18004, 9704, 13918, 15569, 16443, 10015, 9943, 7817, 9349, 2588, 8249, 398, 5316, 15538, 18372, 13559, 2937, 2803, 16248, 6155, 630, 9911, 13190, 19157, 15788, 13248, 13148, 1320, 12074, 8471, 8798, 3213, 12418, 814, 2402, 12718, 12397, 10564, 9875, 10128, 6947, 9491, 17707, 3266, 19196, 14309, 18523, 19043, 17975, 18063, 11618, 15016, 14434, 7680, 1739, 18029, 11694, 1745, 9271, 5189, 9561, 11283, 14978, 10753, 16017, 12914, 978, 2828, 17257, 13135, 5061, 121, 6602, 16015, 19271, 12159, 1244, 8260, 13195, 15873, 12815, 14291, 14515, 118, 4892, 14985, 9551, 12654, 4739, 927, 12176, 9523, 11726, 18187, 5880, 2569, 3386, 13942, 3390, 15774, 129, 65, 12922, 8422, 12692, 16213, 11515, 2111, 8347, 10758, 14064, 4401, 17782, 15621, 6709, 14716, 4091, 13964, 8424, 4218, 7249, 11311, 11171, 18564, 14755, 7114, 14009, 14815, 294, 495, 7684, 6833, 4046, 3505, 16995, 17858, 7761, 15803, 9840, 13958, 8226, 10369, 12497, 17142, 1748, 2854, 7159, 11539, 11055, 13337, 17173, 14214, 6803, 11144, 12649, 283, 15489, 13174, 7015, 610, 7030, 18206, 14077, 15468, 14962, 8046, 7809, 17387, 16034, 16678, 1173, 3502, 12942, 15655, 16859, 7099, 1673, 446, 1365, 5881, 3713, 11697, 1897, 16001, 1702, 14149, 11876, 9341, 4325, 6923, 2001, 138, 3276, 18716, 17604, 10501, 115, 12800, 6111, 11148, 4549, 16057, 4707, 6843, 16091, 4295, 7519, 13708, 12409, 11018, 5052, 13566, 14715, 12755, 793, 10837, 1888, 12375, 3935, 5763, 11791, 11258, 13264, 11469, 4683, 8905, 1853, 11600, 4421, 2798, 5074, 18141, 13807, 8595, 8126, 13837, 8060, 6956, 11767, 14560, 9389, 15261, 1232, 12560, 7262, 11504, 3546, 4627, 1177, 517, 4008, 9219, 17696, 4148, 14124, 13243, 11235, 7561, 8331, 16320, 3591, 11341, 4015, 12028, 14929, 18601, 3528, 14065, 1510, 19191, 13833, 17616, 10869, 17689, 831, 16725, 6319, 15465, 10467, 8162, 13563, 7728, 10778, 13545, 12290, 16480, 14401, 12838, 4212, 17529, 4832, 15111, 12690, 10373, 7596, 18614, 17477, 1043, 13100, 4774, 17479, 3774, 9302, 3901, 13071, 6412, 9516, 1261, 3054, 13522, 17602, 14343, 18500, 10957, 2791, 9624, 3634, 17904, 5709, 14670, 11058, 7087, 7435, 13848, 82, 5565, 2562, 14029, 3583, 1676, 12709, 18473, 3158, 12787, 8068, 8263, 16146, 3593, 1802, 1861, 3348, 4487, 17749, 6105, 10471, 17472, 10200, 1182, 14180, 1076, 10156, 4839, 9903, 4879, 9720, 2157, 15344, 16067, 3064, 17182, 5368, 4987, 18484, 18923, 11896, 1052, 15727, 15289, 5885, 1933, 5251, 17072, 6038, 6195, 13524, 6606, 18506, 17536, 6784, 3231, 14121, 8925, 10030, 803, 13764, 146, 19268, 14099, 4130, 16372, 1537, 12248, 13718, 17187, 11728, 1740, 19233, 5600, 4092, 4779, 6028, 3395, 16152, 19150, 2417, 11980, 11237, 8427, 18127, 3538, 9257, 607, 2078, 18457, 5802, 3435, 15019, 4256, 9221, 13465, 11742, 5788, 9528, 17493, 4607, 3131, 6616, 5356, 1550, 4617, 8827, 849, 2601, 4437, 17861, 10261, 15704, 3890, 8149, 12063, 3086, 15925, 12301, 6847, 5603, 7768, 3187, 13372, 9258, 6584, 7594, 2603, 1835, 17380, 17193, 15251, 15937, 18731, 4082, 14911, 16626, 8824, 16208, 10167, 17711, 9678, 15852, 13620, 16479, 14586, 2446, 4866, 1315, 7746, 10615, 7927, 2443, 7157, 13506, 18410, 10494]",624,1500,3,False,1500
6222,calendar query,calendar query,7,True,True,True,"{21: 26, 33: 14, 2: 18, 29: 13, 25: 57, 43: 9, 57: 16, 49: 16, 61: 14, 67: 52, 65: 21, 50: 28, 15: 53, 6: 13, 46: 15, 27: 69, 7: 65, 48: 67, 19: 21, 31: 14, 63: 26, 22: 39, 9: 79, 26: 40, 47: 15, 53: 66, 11: 19, 51: 26, 54: 9, 13: 32, 17: 37, 52: 30, 39: 27, 38: 19, 1: 6, 59: 33, 56: 23, 32: 9, 8: 25, 4: 12, 20: 26, 24: 7, 18: 31, 42: 7, 28: 31, 45: 57, 0: 13, 66: 11, 62: 11, 35: 7, 64: 15, 37: 2, 40: 25, 3: 3, 14: 5, 12: 8, 16: 15, 55: 16, 30: 13, 58: 6, 36: 4, 60: 5, 5: 3, 41: 2, 44: 2, 34: 2}","[12686, 3384, 6034, 14374, 14516, 14680, 18580, 5912, 661, 4433, 14182, 14634, 14672, 13694, 17233, 12320, 12666, 7276, 14925, 15315, 1125, 14820, 3769, 14096, 12401, 14972, 14176, 4685, 4278, 5735, 7514, 16051, 15882, 4696, 17145, 19193, 12994, 9901, 13641, 15193, 6739, 9240, 1608, 14664, 18117, 5676, 15714, 5964, 5329, 16651, 15936, 14441, 15878, 18316, 14255, 18692, 5858, 4640, 10716, 13839, 16635, 2097, 11464, 12427, 2320, 14629, 7617, 16183, 16205, 2170, 4384, 6683, 5285, 18707, 6780, 4231, 2404, 4895, 18091, 2944, 13054, 3904, 3491, 9455, 15985, 10432, 8657, 15304, 9114, 5838, 5197, 17244, 6207, 3970, 17246, 3950, 6168, 8697, 6800, 9942, 11118, 8582, 6355, 15275, 4581, 12724, 11921, 1833, 523, 7619, 15729, 176, 8576, 3101, 1573, 1283, 11796, 11277, 2547, 1738, 6806, 15187, 7129, 5179, 5854, 16373, 9231, 6270, 777, 2062, 13249, 4144, 6325, 3924, 5350, 14414, 3142, 2249, 6444, 13582, 2833, 18030, 6483, 18404, 15057, 7482, 15001, 15872, 14584, 10835, 954, 7257, 1381, 17819, 17518, 6497, 14430, 4901, 16466, 10805, 132, 7506, 755, 14427, 12119, 16613, 19042, 14994, 11257, 8042, 2144, 5966, 1580, 8010, 2550, 10684, 14088, 5037, 8764, 17076, 14185, 15984, 5299, 16601, 19182, 13197, 14561, 12605, 17010, 2703, 6715, 11207, 10188, 212, 2293, 17676, 1720, 5934, 112, 8568, 15870, 3226, 4524, 4431, 5141, 5383, 7609, 12807, 19001, 14368, 6704, 14903, 4172, 117, 18698, 1699, 16558, 7518, 10618, 2110, 10308, 7828, 6623, 17644, 4449, 951, 13858, 15106, 8402, 916, 4771, 8608, 6448, 6656, 13547, 2814, 8336, 8093, 6398, 637, 9909, 10621, 786, 14146, 17292, 9457, 3, 2884, 14785, 10504, 16361, 8181, 17690, 654, 11067, 18741, 386, 18208, 10130, 8079, 7082, 14740, 8076, 18619, 14428, 10992, 12679, 9431, 18328, 13606, 7641, 13542, 1002, 11975, 15646, 19078, 1352, 8683, 16053, 11763, 14823, 7059, 4995, 3754, 6213, 10090, 19084, 1973, 8131, 5353, 836, 13960, 3217, 4885, 9645, 16941, 14750, 13171, 9132, 1355, 4440, 15747, 8233, 6008, 12781, 16749, 13905, 18198, 5033, 2910, 16502, 1233, 965, 16926, 3944, 13518, 18213, 12739, 9972, 14609, 5764, 6128, 9532, 12680, 3672, 5458, 6822, 11547, 3163, 8040, 14081, 8369, 18182, 17541, 11552, 12451, 15074, 1783, 17730, 1690, 16992, 2490, 2459, 18065, 320, 18311, 45, 9495, 4572, 544, 12731, 16811, 15096, 14957, 4594, 16607, 2449, 7791, 13659, 8892, 1713, 17336, 6598, 13832, 10495, 18937, 3067, 3473, 12715, 13492, 14787, 16503, 17899, 16638, 2408, 7141, 10590, 2917, 14650, 12571, 4321, 2855, 1829, 3736, 3381, 11069, 16093, 15201, 14311, 9836, 18289, 16899, 897, 13981, 12223, 8884, 15721, 7778, 13648, 5737, 6550, 19249, 2715, 447, 12941, 8915, 18963, 16291, 760, 5869, 3635, 3439, 6740, 5003, 3174, 2945, 16056, 4860, 11216, 7363, 1147, 12124, 9764, 11245, 4361, 7784, 16285, 17057, 11203, 5114, 17655, 12056, 17890, 7741, 15799, 10258, 16088, 19222, 15303, 1433, 5991, 322, 2322, 3156, 9940, 7814, 17068, 16968, 10018, 1991, 11946, 8705, 10371, 4619, 11074, 2034, 15550, 11743, 18666, 13494, 14175, 13948, 15123, 11154, 10397, 1701, 4770, 839, 12085, 16500, 16241, 1535, 18782, 2221, 539, 18405, 4245, 103, 1571, 16945, 12196, 9441, 1732, 1367, 3596, 4794, 7230, 5245, 17483, 2955, 2003, 11509, 4044, 12934, 3456, 16693, 593, 4582, 14076, 10972, 1965, 7227, 14324, 8658, 3772, 8355, 11889, 1908, 2684, 10026, 1666, 16507, 5589, 9295, 8389, 2099, 18653, 13808, 19147, 6675, 10970, 2788, 19028, 16983, 16166, 9845, 8160, 11381, 10088, 10333, 11716, 14695, 12697, 4365, 3747, 17296, 11904, 74, 7047, 10639, 13094, 940, 10478, 2032, 6642, 14896, 10840, 5430, 5556, 12597, 2183, 18403, 4252, 14613, 18283, 8790, 12140, 13540, 13353, 14114, 13297, 4056, 14038, 11299, 13770, 11433, 14285, 1526, 1955, 15711, 255, 12481, 612, 1635, 4886, 357, 11434, 9524, 13106, 2607, 5391, 9406, 2331, 624, 2749, 17849, 9829, 11436, 18426, 9481, 18550, 15647, 532, 11720, 11824, 15610, 15741, 7902, 13558, 17967, 14539, 17889, 4631, 1238, 16921, 7787, 15293, 3108, 8215, 2851, 4514, 12938, 16730, 17178, 4890, 17960, 4725, 7917, 3191, 8231, 16341, 8195, 10913, 2173, 5557, 2637, 16896, 5806, 1815, 1451, 8864, 2290, 12108, 5328, 6203, 2431, 7508, 17898, 17188, 6897, 1199, 15526, 18437, 6631, 8644, 16917, 14964, 14233, 2454, 584, 4830, 7199, 4180, 14889, 5761, 13756, 6917, 7756, 18880, 15095, 1816, 14070, 16252, 7429, 16589, 1631, 15968, 15221, 12478, 18594, 1477, 5637, 12058, 1205, 13397, 9107, 18654, 1968, 3759, 13147, 14144, 14973, 12452, 18020, 13592, 17920, 13687, 11335, 7207, 418, 7834, 778, 12982, 10688, 9031, 509, 9601, 9780, 17040, 12023, 3916, 91, 6536, 18535, 7547, 15240, 707, 14533, 15064, 17012, 16805, 8637, 5969, 16221, 1940, 13307, 4717, 12615, 18220, 11028, 12170, 1743, 2376, 12415, 14220, 18827, 1294, 18543, 6977, 15309, 11778, 11842, 17103, 3857, 4637, 12162, 19169, 17166, 18237, 17818, 9507, 19022, 5790, 19112, 15611, 1118, 15184, 18703, 1817, 15530, 16579, 8437, 11839, 11378, 3537, 9205, 9217, 16272, 18759, 16828, 12002, 8348, 1723, 3481, 14115, 379, 8544, 264, 6015, 7672, 2253, 7364, 3706, 13796, 17139, 16125, 12059, 9623, 7185, 2418, 18230, 3087, 281, 4379, 1796, 8459, 4400, 17824, 2736, 16446, 13525, 15341, 3275, 7872, 1662, 7557, 4319, 15442, 7181, 10456, 4963, 17048, 16943, 12784, 3441, 5240, 9975, 13216, 17702, 11594, 13554, 6165, 19168, 16070, 3540, 3262, 10661, 4061, 13173, 2875, 17014, 4349, 10818, 8428, 16764, 14232, 8930, 15734, 17680, 7069, 15684, 17050, 18987, 6914, 6863, 19263, 10595, 150, 10039, 2722, 18223, 16444, 6559, 7258, 2661, 7699, 17136, 12773, 4247, 5723, 15194, 1696, 1500, 2807, 9893, 11835, 13240, 18313, 17107, 10265, 10244, 5570, 2862, 14049, 1012, 12861, 723, 9583, 17461, 10056, 1264, 8297, 3716, 14666, 15259, 13531, 543, 13723, 16810, 6700, 3516, 13766, 7186, 10692, 6321, 15484, 14547, 8744, 3703, 10383, 16829, 6366, 6846, 3906, 2021, 18133, 857, 279, 12232, 10212, 10541, 12325, 13475, 1225, 937, 6966, 10881, 16936, 18502, 1440, 11914, 3326, 5633, 14913, 4623, 10743, 12361, 17335, 1072, 5043, 14810, 15077, 3255, 17215, 6553, 17852, 4801, 6962, 3060, 9430, 8799, 13824, 188, 15175, 15163, 4733, 5011, 3536, 17635, 6532, 14071, 6112, 17158, 6597, 11272, 105, 19219, 5013, 12483, 201, 6848, 17033, 6367, 7859, 14702, 18844, 7053, 18694, 15670, 636, 10129, 6378, 5369, 7273, 16247, 9142, 15345, 16817, 14854, 2600, 15783, 889, 11833, 6612, 2068, 2427, 7062, 7918, 16181, 5464, 8339, 8950, 8453, 16423, 6064, 2380, 4268, 13929, 12974, 19141, 1299, 2484, 3883, 3273, 8772, 13256, 11239, 5766, 18098, 12705, 11004, 2695, 10048, 10960, 2766, 15661, 13258, 8015, 6032, 16397, 7749, 19039, 7634, 15076, 4234, 15114, 8475, 8091, 19220, 18004, 9704, 13918, 15569, 16443, 10015, 9943, 7817, 9349, 2588, 8249, 398, 5316, 15538, 18372, 13559, 2937, 2803, 16248, 6155, 630, 9911, 13190, 19157, 15788, 13248, 13148, 1320, 12074, 8471, 8798, 3213, 12418, 814, 2402, 12718, 12397, 10564, 9875, 10128, 6947, 9491, 17707, 3266, 19196, 14309, 18523, 19043, 17975, 18063, 11618, 15016, 14434, 7680, 1739, 18029, 11694, 1745, 9271, 5189, 9561, 11283, 14978, 10753, 16017, 12914, 978, 2828, 17257, 13135, 5061, 121, 6602, 16015, 19271, 12159, 1244, 8260, 13195, 15873, 12815, 14291, 14515, 118, 4892, 14985, 9551, 12654, 4739, 927, 12176, 9523, 11726, 18187, 5880, 2569, 3386, 13942, 3390, 15774, 129, 65, 12922, 8422, 12692, 16213, 11515, 2111, 8347, 10758, 14064, 4401, 17782, 15621, 6709, 14716, 4091, 13964, 8424, 4218, 7249, 11311, 11171, 18564, 14755, 7114, 14009, 14815, 294, 495, 7684, 6833, 4046, 3505, 16995, 17858, 7761, 15803, 9840, 13958, 8226, 10369, 12497, 17142, 1748, 2854, 7159, 11539, 11055, 13337, 17173, 14214, 6803, 11144, 12649, 283, 15489, 13174, 7015, 610, 7030, 18206, 14077, 15468, 14962, 8046, 7809, 17387, 16034, 16678, 1173, 3502, 12942, 15655, 16859, 7099, 1673, 446, 1365, 5881, 3713, 11697, 1897, 16001, 1702, 14149, 11876, 9341, 4325, 6923, 2001, 138, 3276, 18716, 17604, 10501, 115, 12800, 6111, 11148, 4549, 16057, 4707, 6843, 16091, 4295, 7519, 13708, 12409, 11018, 5052, 13566, 14715, 12755, 793, 10837, 1888, 12375, 3935, 5763, 11791, 11258, 13264, 11469, 4683, 8905, 1853, 11600, 4421, 2798, 5074, 18141, 13807, 8595, 8126, 13837, 8060, 6956, 11767, 14560, 9389, 15261, 1232, 12560, 7262, 11504, 3546, 4627, 1177, 517, 4008, 9219, 17696, 4148, 14124, 13243, 11235, 7561, 8331, 16320, 3591, 11341, 4015, 12028, 14929, 18601, 3528, 14065, 1510, 19191, 13833, 17616, 10869, 17689, 831, 16725, 6319, 15465, 10467, 8162, 13563, 7728, 10778, 13545, 12290, 16480, 14401, 12838, 4212, 17529, 4832, 15111, 12690, 10373, 7596, 18614, 17477, 1043, 13100, 4774, 17479, 3774, 9302, 3901, 13071, 6412, 9516, 1261, 3054, 13522, 17602, 14343, 18500, 10957, 2791, 9624, 3634, 17904, 5709, 14670, 11058, 7087, 7435, 13848, 82, 5565, 2562, 14029, 3583, 1676, 12709, 18473, 3158, 12787, 8068, 8263, 16146, 3593, 1802, 1861, 3348, 4487, 17749, 6105, 10471, 17472, 10200, 1182, 14180, 1076, 10156, 4839, 9903, 4879, 9720, 2157, 15344, 16067, 3064, 17182, 5368, 4987, 18484, 18923, 11896, 1052, 15727, 15289, 5885, 1933, 5251, 17072, 6038, 6195, 13524, 6606, 18506, 17536, 6784, 3231, 14121, 8925, 10030, 803, 13764, 146, 19268, 14099, 4130, 16372, 1537, 12248, 13718, 17187, 11728, 1740, 19233, 5600, 4092, 4779, 6028, 3395, 16152, 19150, 2417, 11980, 11237, 8427, 18127, 3538, 9257, 607, 2078, 18457, 5802, 3435, 15019, 4256, 9221, 13465, 11742, 5788, 9528, 17493, 4607, 3131, 6616, 5356, 1550, 4617, 8827, 849, 2601, 4437, 17861, 10261, 15704, 3890, 8149, 12063, 3086, 15925, 12301, 6847, 5603, 7768, 3187, 13372, 9258, 6584, 7594, 2603, 1835, 17380, 17193, 15251, 15937, 18731, 4082, 14911, 16626, 8824, 16208, 10167, 17711, 9678, 15852, 13620, 16479, 14586, 2446, 4866, 1315, 7746, 10615, 7927, 2443, 7157, 13506, 18410, 10494]",6222,1500,3,False,1500
1869,iot hue light change,iot hue light change,31,True,True,True,"{21: 26, 33: 14, 2: 18, 29: 13, 25: 57, 43: 9, 57: 16, 49: 16, 61: 14, 67: 52, 65: 21, 50: 28, 15: 53, 6: 13, 46: 15, 27: 69, 7: 65, 48: 67, 19: 21, 31: 14, 63: 26, 22: 39, 9: 79, 26: 40, 47: 15, 53: 66, 11: 19, 51: 26, 54: 9, 13: 32, 17: 37, 52: 30, 39: 27, 38: 19, 1: 6, 59: 33, 56: 23, 32: 9, 8: 25, 4: 12, 20: 26, 24: 7, 18: 31, 42: 7, 28: 31, 45: 57, 0: 13, 66: 11, 62: 11, 35: 7, 64: 15, 37: 2, 40: 25, 3: 3, 14: 5, 12: 8, 16: 15, 55: 16, 30: 13, 58: 6, 36: 4, 60: 5, 5: 3, 41: 2, 44: 2, 34: 2}","[12686, 3384, 6034, 14374, 14516, 14680, 18580, 5912, 661, 4433, 14182, 14634, 14672, 13694, 17233, 12320, 12666, 7276, 14925, 15315, 1125, 14820, 3769, 14096, 12401, 14972, 14176, 4685, 4278, 5735, 7514, 16051, 15882, 4696, 17145, 19193, 12994, 9901, 13641, 15193, 6739, 9240, 1608, 14664, 18117, 5676, 15714, 5964, 5329, 16651, 15936, 14441, 15878, 18316, 14255, 18692, 5858, 4640, 10716, 13839, 16635, 2097, 11464, 12427, 2320, 14629, 7617, 16183, 16205, 2170, 4384, 6683, 5285, 18707, 6780, 4231, 2404, 4895, 18091, 2944, 13054, 3904, 3491, 9455, 15985, 10432, 8657, 15304, 9114, 5838, 5197, 17244, 6207, 3970, 17246, 3950, 6168, 8697, 6800, 9942, 11118, 8582, 6355, 15275, 4581, 12724, 11921, 1833, 523, 7619, 15729, 176, 8576, 3101, 1573, 1283, 11796, 11277, 2547, 1738, 6806, 15187, 7129, 5179, 5854, 16373, 9231, 6270, 777, 2062, 13249, 4144, 6325, 3924, 5350, 14414, 3142, 2249, 6444, 13582, 2833, 18030, 6483, 18404, 15057, 7482, 15001, 15872, 14584, 10835, 954, 7257, 1381, 17819, 17518, 6497, 14430, 4901, 16466, 10805, 132, 7506, 755, 14427, 12119, 16613, 19042, 14994, 11257, 8042, 2144, 5966, 1580, 8010, 2550, 10684, 14088, 5037, 8764, 17076, 14185, 15984, 5299, 16601, 19182, 13197, 14561, 12605, 17010, 2703, 6715, 11207, 10188, 212, 2293, 17676, 1720, 5934, 112, 8568, 15870, 3226, 4524, 4431, 5141, 5383, 7609, 12807, 19001, 14368, 6704, 14903, 4172, 117, 18698, 1699, 16558, 7518, 10618, 2110, 10308, 7828, 6623, 17644, 4449, 951, 13858, 15106, 8402, 916, 4771, 8608, 6448, 6656, 13547, 2814, 8336, 8093, 6398, 637, 9909, 10621, 786, 14146, 17292, 9457, 3, 2884, 14785, 10504, 16361, 8181, 17690, 654, 11067, 18741, 386, 18208, 10130, 8079, 7082, 14740, 8076, 18619, 14428, 10992, 12679, 9431, 18328, 13606, 7641, 13542, 1002, 11975, 15646, 19078, 1352, 8683, 16053, 11763, 14823, 7059, 4995, 3754, 6213, 10090, 19084, 1973, 8131, 5353, 836, 13960, 3217, 4885, 9645, 16941, 14750, 13171, 9132, 1355, 4440, 15747, 8233, 6008, 12781, 16749, 13905, 18198, 5033, 2910, 16502, 1233, 965, 16926, 3944, 13518, 18213, 12739, 9972, 14609, 5764, 6128, 9532, 12680, 3672, 5458, 6822, 11547, 3163, 8040, 14081, 8369, 18182, 17541, 11552, 12451, 15074, 1783, 17730, 1690, 16992, 2490, 2459, 18065, 320, 18311, 45, 9495, 4572, 544, 12731, 16811, 15096, 14957, 4594, 16607, 2449, 7791, 13659, 8892, 1713, 17336, 6598, 13832, 10495, 18937, 3067, 3473, 12715, 13492, 14787, 16503, 17899, 16638, 2408, 7141, 10590, 2917, 14650, 12571, 4321, 2855, 1829, 3736, 3381, 11069, 16093, 15201, 14311, 9836, 18289, 16899, 897, 13981, 12223, 8884, 15721, 7778, 13648, 5737, 6550, 19249, 2715, 447, 12941, 8915, 18963, 16291, 760, 5869, 3635, 3439, 6740, 5003, 3174, 2945, 16056, 4860, 11216, 7363, 1147, 12124, 9764, 11245, 4361, 7784, 16285, 17057, 11203, 5114, 17655, 12056, 17890, 7741, 15799, 10258, 16088, 19222, 15303, 1433, 5991, 322, 2322, 3156, 9940, 7814, 17068, 16968, 10018, 1991, 11946, 8705, 10371, 4619, 11074, 2034, 15550, 11743, 18666, 13494, 14175, 13948, 15123, 11154, 10397, 1701, 4770, 839, 12085, 16500, 16241, 1535, 18782, 2221, 539, 18405, 4245, 103, 1571, 16945, 12196, 9441, 1732, 1367, 3596, 4794, 7230, 5245, 17483, 2955, 2003, 11509, 4044, 12934, 3456, 16693, 593, 4582, 14076, 10972, 1965, 7227, 14324, 8658, 3772, 8355, 11889, 1908, 2684, 10026, 1666, 16507, 5589, 9295, 8389, 2099, 18653, 13808, 19147, 6675, 10970, 2788, 19028, 16983, 16166, 9845, 8160, 11381, 10088, 10333, 11716, 14695, 12697, 4365, 3747, 17296, 11904, 74, 7047, 10639, 13094, 940, 10478, 2032, 6642, 14896, 10840, 5430, 5556, 12597, 2183, 18403, 4252, 14613, 18283, 8790, 12140, 13540, 13353, 14114, 13297, 4056, 14038, 11299, 13770, 11433, 14285, 1526, 1955, 15711, 255, 12481, 612, 1635, 4886, 357, 11434, 9524, 13106, 2607, 5391, 9406, 2331, 624, 2749, 17849, 9829, 11436, 18426, 9481, 18550, 15647, 532, 11720, 11824, 15610, 15741, 7902, 13558, 17967, 14539, 17889, 4631, 1238, 16921, 7787, 15293, 3108, 8215, 2851, 4514, 12938, 16730, 17178, 4890, 17960, 4725, 7917, 3191, 8231, 16341, 8195, 10913, 2173, 5557, 2637, 16896, 5806, 1815, 1451, 8864, 2290, 12108, 5328, 6203, 2431, 7508, 17898, 17188, 6897, 1199, 15526, 18437, 6631, 8644, 16917, 14964, 14233, 2454, 584, 4830, 7199, 4180, 14889, 5761, 13756, 6917, 7756, 18880, 15095, 1816, 14070, 16252, 7429, 16589, 1631, 15968, 15221, 12478, 18594, 1477, 5637, 12058, 1205, 13397, 9107, 18654, 1968, 3759, 13147, 14144, 14973, 12452, 18020, 13592, 17920, 13687, 11335, 7207, 418, 7834, 778, 12982, 10688, 9031, 509, 9601, 9780, 17040, 12023, 3916, 91, 6536, 18535, 7547, 15240, 707, 14533, 15064, 17012, 16805, 8637, 5969, 16221, 1940, 13307, 4717, 12615, 18220, 11028, 12170, 1743, 2376, 12415, 14220, 18827, 1294, 18543, 6977, 15309, 11778, 11842, 17103, 3857, 4637, 12162, 19169, 17166, 18237, 17818, 9507, 19022, 5790, 19112, 15611, 1118, 15184, 18703, 1817, 15530, 16579, 8437, 11839, 11378, 3537, 9205, 9217, 16272, 18759, 16828, 12002, 8348, 1723, 3481, 14115, 379, 8544, 264, 6015, 7672, 2253, 7364, 3706, 13796, 17139, 16125, 12059, 9623, 7185, 2418, 18230, 3087, 281, 4379, 1796, 8459, 4400, 17824, 2736, 16446, 13525, 15341, 3275, 7872, 1662, 7557, 4319, 15442, 7181, 10456, 4963, 17048, 16943, 12784, 3441, 5240, 9975, 13216, 17702, 11594, 13554, 6165, 19168, 16070, 3540, 3262, 10661, 4061, 13173, 2875, 17014, 4349, 10818, 8428, 16764, 14232, 8930, 15734, 17680, 7069, 15684, 17050, 18987, 6914, 6863, 19263, 10595, 150, 10039, 2722, 18223, 16444, 6559, 7258, 2661, 7699, 17136, 12773, 4247, 5723, 15194, 1696, 1500, 2807, 9893, 11835, 13240, 18313, 17107, 10265, 10244, 5570, 2862, 14049, 1012, 12861, 723, 9583, 17461, 10056, 1264, 8297, 3716, 14666, 15259, 13531, 543, 13723, 16810, 6700, 3516, 13766, 7186, 10692, 6321, 15484, 14547, 8744, 3703, 10383, 16829, 6366, 6846, 3906, 2021, 18133, 857, 279, 12232, 10212, 10541, 12325, 13475, 1225, 937, 6966, 10881, 16936, 18502, 1440, 11914, 3326, 5633, 14913, 4623, 10743, 12361, 17335, 1072, 5043, 14810, 15077, 3255, 17215, 6553, 17852, 4801, 6962, 3060, 9430, 8799, 13824, 188, 15175, 15163, 4733, 5011, 3536, 17635, 6532, 14071, 6112, 17158, 6597, 11272, 105, 19219, 5013, 12483, 201, 6848, 17033, 6367, 7859, 14702, 18844, 7053, 18694, 15670, 636, 10129, 6378, 5369, 7273, 16247, 9142, 15345, 16817, 14854, 2600, 15783, 889, 11833, 6612, 2068, 2427, 7062, 7918, 16181, 5464, 8339, 8950, 8453, 16423, 6064, 2380, 4268, 13929, 12974, 19141, 1299, 2484, 3883, 3273, 8772, 13256, 11239, 5766, 18098, 12705, 11004, 2695, 10048, 10960, 2766, 15661, 13258, 8015, 6032, 16397, 7749, 19039, 7634, 15076, 4234, 15114, 8475, 8091, 19220, 18004, 9704, 13918, 15569, 16443, 10015, 9943, 7817, 9349, 2588, 8249, 398, 5316, 15538, 18372, 13559, 2937, 2803, 16248, 6155, 630, 9911, 13190, 19157, 15788, 13248, 13148, 1320, 12074, 8471, 8798, 3213, 12418, 814, 2402, 12718, 12397, 10564, 9875, 10128, 6947, 9491, 17707, 3266, 19196, 14309, 18523, 19043, 17975, 18063, 11618, 15016, 14434, 7680, 1739, 18029, 11694, 1745, 9271, 5189, 9561, 11283, 14978, 10753, 16017, 12914, 978, 2828, 17257, 13135, 5061, 121, 6602, 16015, 19271, 12159, 1244, 8260, 13195, 15873, 12815, 14291, 14515, 118, 4892, 14985, 9551, 12654, 4739, 927, 12176, 9523, 11726, 18187, 5880, 2569, 3386, 13942, 3390, 15774, 129, 65, 12922, 8422, 12692, 16213, 11515, 2111, 8347, 10758, 14064, 4401, 17782, 15621, 6709, 14716, 4091, 13964, 8424, 4218, 7249, 11311, 11171, 18564, 14755, 7114, 14009, 14815, 294, 495, 7684, 6833, 4046, 3505, 16995, 17858, 7761, 15803, 9840, 13958, 8226, 10369, 12497, 17142, 1748, 2854, 7159, 11539, 11055, 13337, 17173, 14214, 6803, 11144, 12649, 283, 15489, 13174, 7015, 610, 7030, 18206, 14077, 15468, 14962, 8046, 7809, 17387, 16034, 16678, 1173, 3502, 12942, 15655, 16859, 7099, 1673, 446, 1365, 5881, 3713, 11697, 1897, 16001, 1702, 14149, 11876, 9341, 4325, 6923, 2001, 138, 3276, 18716, 17604, 10501, 115, 12800, 6111, 11148, 4549, 16057, 4707, 6843, 16091, 4295, 7519, 13708, 12409, 11018, 5052, 13566, 14715, 12755, 793, 10837, 1888, 12375, 3935, 5763, 11791, 11258, 13264, 11469, 4683, 8905, 1853, 11600, 4421, 2798, 5074, 18141, 13807, 8595, 8126, 13837, 8060, 6956, 11767, 14560, 9389, 15261, 1232, 12560, 7262, 11504, 3546, 4627, 1177, 517, 4008, 9219, 17696, 4148, 14124, 13243, 11235, 7561, 8331, 16320, 3591, 11341, 4015, 12028, 14929, 18601, 3528, 14065, 1510, 19191, 13833, 17616, 10869, 17689, 831, 16725, 6319, 15465, 10467, 8162, 13563, 7728, 10778, 13545, 12290, 16480, 14401, 12838, 4212, 17529, 4832, 15111, 12690, 10373, 7596, 18614, 17477, 1043, 13100, 4774, 17479, 3774, 9302, 3901, 13071, 6412, 9516, 1261, 3054, 13522, 17602, 14343, 18500, 10957, 2791, 9624, 3634, 17904, 5709, 14670, 11058, 7087, 7435, 13848, 82, 5565, 2562, 14029, 3583, 1676, 12709, 18473, 3158, 12787, 8068, 8263, 16146, 3593, 1802, 1861, 3348, 4487, 17749, 6105, 10471, 17472, 10200, 1182, 14180, 1076, 10156, 4839, 9903, 4879, 9720, 2157, 15344, 16067, 3064, 17182, 5368, 4987, 18484, 18923, 11896, 1052, 15727, 15289, 5885, 1933, 5251, 17072, 6038, 6195, 13524, 6606, 18506, 17536, 6784, 3231, 14121, 8925, 10030, 803, 13764, 146, 19268, 14099, 4130, 16372, 1537, 12248, 13718, 17187, 11728, 1740, 19233, 5600, 4092, 4779, 6028, 3395, 16152, 19150, 2417, 11980, 11237, 8427, 18127, 3538, 9257, 607, 2078, 18457, 5802, 3435, 15019, 4256, 9221, 13465, 11742, 5788, 9528, 17493, 4607, 3131, 6616, 5356, 1550, 4617, 8827, 849, 2601, 4437, 17861, 10261, 15704, 3890, 8149, 12063, 3086, 15925, 12301, 6847, 5603, 7768, 3187, 13372, 9258, 6584, 7594, 2603, 1835, 17380, 17193, 15251, 15937, 18731, 4082, 14911, 16626, 8824, 16208, 10167, 17711, 9678, 15852, 13620, 16479, 14586, 2446, 4866, 1315, 7746, 10615, 7927, 2443, 7157, 13506, 18410, 10494]",1869,1500,3,False,1500
5399,lists create or add,lists create,38,True,True,False,"{21: 26, 33: 14, 2: 18, 29: 13, 25: 57, 43: 9, 57: 16, 49: 16, 61: 14, 67: 52, 65: 21, 50: 28, 15: 53, 6: 13, 46: 15, 27: 69, 7: 65, 48: 67, 19: 21, 31: 14, 63: 26, 22: 39, 9: 79, 26: 40, 47: 15, 53: 66, 11: 19, 51: 26, 54: 9, 13: 32, 17: 37, 52: 30, 39: 27, 38: 19, 1: 6, 59: 33, 56: 23, 32: 9, 8: 25, 4: 12, 20: 26, 24: 7, 18: 31, 42: 7, 28: 31, 45: 57, 0: 13, 66: 11, 62: 11, 35: 7, 64: 15, 37: 2, 40: 25, 3: 3, 14: 5, 12: 8, 16: 15, 55: 16, 30: 13, 58: 6, 36: 4, 60: 5, 5: 3, 41: 2, 44: 2, 34: 2}","[12686, 3384, 6034, 14374, 14516, 14680, 18580, 5912, 661, 4433, 14182, 14634, 14672, 13694, 17233, 12320, 12666, 7276, 14925, 15315, 1125, 14820, 3769, 14096, 12401, 14972, 14176, 4685, 4278, 5735, 7514, 16051, 15882, 4696, 17145, 19193, 12994, 9901, 13641, 15193, 6739, 9240, 1608, 14664, 18117, 5676, 15714, 5964, 5329, 16651, 15936, 14441, 15878, 18316, 14255, 18692, 5858, 4640, 10716, 13839, 16635, 2097, 11464, 12427, 2320, 14629, 7617, 16183, 16205, 2170, 4384, 6683, 5285, 18707, 6780, 4231, 2404, 4895, 18091, 2944, 13054, 3904, 3491, 9455, 15985, 10432, 8657, 15304, 9114, 5838, 5197, 17244, 6207, 3970, 17246, 3950, 6168, 8697, 6800, 9942, 11118, 8582, 6355, 15275, 4581, 12724, 11921, 1833, 523, 7619, 15729, 176, 8576, 3101, 1573, 1283, 11796, 11277, 2547, 1738, 6806, 15187, 7129, 5179, 5854, 16373, 9231, 6270, 777, 2062, 13249, 4144, 6325, 3924, 5350, 14414, 3142, 2249, 6444, 13582, 2833, 18030, 6483, 18404, 15057, 7482, 15001, 15872, 14584, 10835, 954, 7257, 1381, 17819, 17518, 6497, 14430, 4901, 16466, 10805, 132, 7506, 755, 14427, 12119, 16613, 19042, 14994, 11257, 8042, 2144, 5966, 1580, 8010, 2550, 10684, 14088, 5037, 8764, 17076, 14185, 15984, 5299, 16601, 19182, 13197, 14561, 12605, 17010, 2703, 6715, 11207, 10188, 212, 2293, 17676, 1720, 5934, 112, 8568, 15870, 3226, 4524, 4431, 5141, 5383, 7609, 12807, 19001, 14368, 6704, 14903, 4172, 117, 18698, 1699, 16558, 7518, 10618, 2110, 10308, 7828, 6623, 17644, 4449, 951, 13858, 15106, 8402, 916, 4771, 8608, 6448, 6656, 13547, 2814, 8336, 8093, 6398, 637, 9909, 10621, 786, 14146, 17292, 9457, 3, 2884, 14785, 10504, 16361, 8181, 17690, 654, 11067, 18741, 386, 18208, 10130, 8079, 7082, 14740, 8076, 18619, 14428, 10992, 12679, 9431, 18328, 13606, 7641, 13542, 1002, 11975, 15646, 19078, 1352, 8683, 16053, 11763, 14823, 7059, 4995, 3754, 6213, 10090, 19084, 1973, 8131, 5353, 836, 13960, 3217, 4885, 9645, 16941, 14750, 13171, 9132, 1355, 4440, 15747, 8233, 6008, 12781, 16749, 13905, 18198, 5033, 2910, 16502, 1233, 965, 16926, 3944, 13518, 18213, 12739, 9972, 14609, 5764, 6128, 9532, 12680, 3672, 5458, 6822, 11547, 3163, 8040, 14081, 8369, 18182, 17541, 11552, 12451, 15074, 1783, 17730, 1690, 16992, 2490, 2459, 18065, 320, 18311, 45, 9495, 4572, 544, 12731, 16811, 15096, 14957, 4594, 16607, 2449, 7791, 13659, 8892, 1713, 17336, 6598, 13832, 10495, 18937, 3067, 3473, 12715, 13492, 14787, 16503, 17899, 16638, 2408, 7141, 10590, 2917, 14650, 12571, 4321, 2855, 1829, 3736, 3381, 11069, 16093, 15201, 14311, 9836, 18289, 16899, 897, 13981, 12223, 8884, 15721, 7778, 13648, 5737, 6550, 19249, 2715, 447, 12941, 8915, 18963, 16291, 760, 5869, 3635, 3439, 6740, 5003, 3174, 2945, 16056, 4860, 11216, 7363, 1147, 12124, 9764, 11245, 4361, 7784, 16285, 17057, 11203, 5114, 17655, 12056, 17890, 7741, 15799, 10258, 16088, 19222, 15303, 1433, 5991, 322, 2322, 3156, 9940, 7814, 17068, 16968, 10018, 1991, 11946, 8705, 10371, 4619, 11074, 2034, 15550, 11743, 18666, 13494, 14175, 13948, 15123, 11154, 10397, 1701, 4770, 839, 12085, 16500, 16241, 1535, 18782, 2221, 539, 18405, 4245, 103, 1571, 16945, 12196, 9441, 1732, 1367, 3596, 4794, 7230, 5245, 17483, 2955, 2003, 11509, 4044, 12934, 3456, 16693, 593, 4582, 14076, 10972, 1965, 7227, 14324, 8658, 3772, 8355, 11889, 1908, 2684, 10026, 1666, 16507, 5589, 9295, 8389, 2099, 18653, 13808, 19147, 6675, 10970, 2788, 19028, 16983, 16166, 9845, 8160, 11381, 10088, 10333, 11716, 14695, 12697, 4365, 3747, 17296, 11904, 74, 7047, 10639, 13094, 940, 10478, 2032, 6642, 14896, 10840, 5430, 5556, 12597, 2183, 18403, 4252, 14613, 18283, 8790, 12140, 13540, 13353, 14114, 13297, 4056, 14038, 11299, 13770, 11433, 14285, 1526, 1955, 15711, 255, 12481, 612, 1635, 4886, 357, 11434, 9524, 13106, 2607, 5391, 9406, 2331, 624, 2749, 17849, 9829, 11436, 18426, 9481, 18550, 15647, 532, 11720, 11824, 15610, 15741, 7902, 13558, 17967, 14539, 17889, 4631, 1238, 16921, 7787, 15293, 3108, 8215, 2851, 4514, 12938, 16730, 17178, 4890, 17960, 4725, 7917, 3191, 8231, 16341, 8195, 10913, 2173, 5557, 2637, 16896, 5806, 1815, 1451, 8864, 2290, 12108, 5328, 6203, 2431, 7508, 17898, 17188, 6897, 1199, 15526, 18437, 6631, 8644, 16917, 14964, 14233, 2454, 584, 4830, 7199, 4180, 14889, 5761, 13756, 6917, 7756, 18880, 15095, 1816, 14070, 16252, 7429, 16589, 1631, 15968, 15221, 12478, 18594, 1477, 5637, 12058, 1205, 13397, 9107, 18654, 1968, 3759, 13147, 14144, 14973, 12452, 18020, 13592, 17920, 13687, 11335, 7207, 418, 7834, 778, 12982, 10688, 9031, 509, 9601, 9780, 17040, 12023, 3916, 91, 6536, 18535, 7547, 15240, 707, 14533, 15064, 17012, 16805, 8637, 5969, 16221, 1940, 13307, 4717, 12615, 18220, 11028, 12170, 1743, 2376, 12415, 14220, 18827, 1294, 18543, 6977, 15309, 11778, 11842, 17103, 3857, 4637, 12162, 19169, 17166, 18237, 17818, 9507, 19022, 5790, 19112, 15611, 1118, 15184, 18703, 1817, 15530, 16579, 8437, 11839, 11378, 3537, 9205, 9217, 16272, 18759, 16828, 12002, 8348, 1723, 3481, 14115, 379, 8544, 264, 6015, 7672, 2253, 7364, 3706, 13796, 17139, 16125, 12059, 9623, 7185, 2418, 18230, 3087, 281, 4379, 1796, 8459, 4400, 17824, 2736, 16446, 13525, 15341, 3275, 7872, 1662, 7557, 4319, 15442, 7181, 10456, 4963, 17048, 16943, 12784, 3441, 5240, 9975, 13216, 17702, 11594, 13554, 6165, 19168, 16070, 3540, 3262, 10661, 4061, 13173, 2875, 17014, 4349, 10818, 8428, 16764, 14232, 8930, 15734, 17680, 7069, 15684, 17050, 18987, 6914, 6863, 19263, 10595, 150, 10039, 2722, 18223, 16444, 6559, 7258, 2661, 7699, 17136, 12773, 4247, 5723, 15194, 1696, 1500, 2807, 9893, 11835, 13240, 18313, 17107, 10265, 10244, 5570, 2862, 14049, 1012, 12861, 723, 9583, 17461, 10056, 1264, 8297, 3716, 14666, 15259, 13531, 543, 13723, 16810, 6700, 3516, 13766, 7186, 10692, 6321, 15484, 14547, 8744, 3703, 10383, 16829, 6366, 6846, 3906, 2021, 18133, 857, 279, 12232, 10212, 10541, 12325, 13475, 1225, 937, 6966, 10881, 16936, 18502, 1440, 11914, 3326, 5633, 14913, 4623, 10743, 12361, 17335, 1072, 5043, 14810, 15077, 3255, 17215, 6553, 17852, 4801, 6962, 3060, 9430, 8799, 13824, 188, 15175, 15163, 4733, 5011, 3536, 17635, 6532, 14071, 6112, 17158, 6597, 11272, 105, 19219, 5013, 12483, 201, 6848, 17033, 6367, 7859, 14702, 18844, 7053, 18694, 15670, 636, 10129, 6378, 5369, 7273, 16247, 9142, 15345, 16817, 14854, 2600, 15783, 889, 11833, 6612, 2068, 2427, 7062, 7918, 16181, 5464, 8339, 8950, 8453, 16423, 6064, 2380, 4268, 13929, 12974, 19141, 1299, 2484, 3883, 3273, 8772, 13256, 11239, 5766, 18098, 12705, 11004, 2695, 10048, 10960, 2766, 15661, 13258, 8015, 6032, 16397, 7749, 19039, 7634, 15076, 4234, 15114, 8475, 8091, 19220, 18004, 9704, 13918, 15569, 16443, 10015, 9943, 7817, 9349, 2588, 8249, 398, 5316, 15538, 18372, 13559, 2937, 2803, 16248, 6155, 630, 9911, 13190, 19157, 15788, 13248, 13148, 1320, 12074, 8471, 8798, 3213, 12418, 814, 2402, 12718, 12397, 10564, 9875, 10128, 6947, 9491, 17707, 3266, 19196, 14309, 18523, 19043, 17975, 18063, 11618, 15016, 14434, 7680, 1739, 18029, 11694, 1745, 9271, 5189, 9561, 11283, 14978, 10753, 16017, 12914, 978, 2828, 17257, 13135, 5061, 121, 6602, 16015, 19271, 12159, 1244, 8260, 13195, 15873, 12815, 14291, 14515, 118, 4892, 14985, 9551, 12654, 4739, 927, 12176, 9523, 11726, 18187, 5880, 2569, 3386, 13942, 3390, 15774, 129, 65, 12922, 8422, 12692, 16213, 11515, 2111, 8347, 10758, 14064, 4401, 17782, 15621, 6709, 14716, 4091, 13964, 8424, 4218, 7249, 11311, 11171, 18564, 14755, 7114, 14009, 14815, 294, 495, 7684, 6833, 4046, 3505, 16995, 17858, 7761, 15803, 9840, 13958, 8226, 10369, 12497, 17142, 1748, 2854, 7159, 11539, 11055, 13337, 17173, 14214, 6803, 11144, 12649, 283, 15489, 13174, 7015, 610, 7030, 18206, 14077, 15468, 14962, 8046, 7809, 17387, 16034, 16678, 1173, 3502, 12942, 15655, 16859, 7099, 1673, 446, 1365, 5881, 3713, 11697, 1897, 16001, 1702, 14149, 11876, 9341, 4325, 6923, 2001, 138, 3276, 18716, 17604, 10501, 115, 12800, 6111, 11148, 4549, 16057, 4707, 6843, 16091, 4295, 7519, 13708, 12409, 11018, 5052, 13566, 14715, 12755, 793, 10837, 1888, 12375, 3935, 5763, 11791, 11258, 13264, 11469, 4683, 8905, 1853, 11600, 4421, 2798, 5074, 18141, 13807, 8595, 8126, 13837, 8060, 6956, 11767, 14560, 9389, 15261, 1232, 12560, 7262, 11504, 3546, 4627, 1177, 517, 4008, 9219, 17696, 4148, 14124, 13243, 11235, 7561, 8331, 16320, 3591, 11341, 4015, 12028, 14929, 18601, 3528, 14065, 1510, 19191, 13833, 17616, 10869, 17689, 831, 16725, 6319, 15465, 10467, 8162, 13563, 7728, 10778, 13545, 12290, 16480, 14401, 12838, 4212, 17529, 4832, 15111, 12690, 10373, 7596, 18614, 17477, 1043, 13100, 4774, 17479, 3774, 9302, 3901, 13071, 6412, 9516, 1261, 3054, 13522, 17602, 14343, 18500, 10957, 2791, 9624, 3634, 17904, 5709, 14670, 11058, 7087, 7435, 13848, 82, 5565, 2562, 14029, 3583, 1676, 12709, 18473, 3158, 12787, 8068, 8263, 16146, 3593, 1802, 1861, 3348, 4487, 17749, 6105, 10471, 17472, 10200, 1182, 14180, 1076, 10156, 4839, 9903, 4879, 9720, 2157, 15344, 16067, 3064, 17182, 5368, 4987, 18484, 18923, 11896, 1052, 15727, 15289, 5885, 1933, 5251, 17072, 6038, 6195, 13524, 6606, 18506, 17536, 6784, 3231, 14121, 8925, 10030, 803, 13764, 146, 19268, 14099, 4130, 16372, 1537, 12248, 13718, 17187, 11728, 1740, 19233, 5600, 4092, 4779, 6028, 3395, 16152, 19150, 2417, 11980, 11237, 8427, 18127, 3538, 9257, 607, 2078, 18457, 5802, 3435, 15019, 4256, 9221, 13465, 11742, 5788, 9528, 17493, 4607, 3131, 6616, 5356, 1550, 4617, 8827, 849, 2601, 4437, 17861, 10261, 15704, 3890, 8149, 12063, 3086, 15925, 12301, 6847, 5603, 7768, 3187, 13372, 9258, 6584, 7594, 2603, 1835, 17380, 17193, 15251, 15937, 18731, 4082, 14911, 16626, 8824, 16208, 10167, 17711, 9678, 15852, 13620, 16479, 14586, 2446, 4866, 1315, 7746, 10615, 7927, 2443, 7157, 13506, 18410, 10494]",5399,1500,3,False,1500
1332,social post,social post,59,True,True,True,"{21: 26, 33: 14, 2: 18, 29: 13, 25: 57, 43: 9, 57: 16, 49: 16, 61: 14, 67: 52, 65: 21, 50: 28, 15: 53, 6: 13, 46: 15, 27: 69, 7: 65, 48: 67, 19: 21, 31: 14, 63: 26, 22: 39, 9: 79, 26: 40, 47: 15, 53: 66, 11: 19, 51: 26, 54: 9, 13: 32, 17: 37, 52: 30, 39: 27, 38: 19, 1: 6, 59: 33, 56: 23, 32: 9, 8: 25, 4: 12, 20: 26, 24: 7, 18: 31, 42: 7, 28: 31, 45: 57, 0: 13, 66: 11, 62: 11, 35: 7, 64: 15, 37: 2, 40: 25, 3: 3, 14: 5, 12: 8, 16: 15, 55: 16, 30: 13, 58: 6, 36: 4, 60: 5, 5: 3, 41: 2, 44: 2, 34: 2}","[12686, 3384, 6034, 14374, 14516, 14680, 18580, 5912, 661, 4433, 14182, 14634, 14672, 13694, 17233, 12320, 12666, 7276, 14925, 15315, 1125, 14820, 3769, 14096, 12401, 14972, 14176, 4685, 4278, 5735, 7514, 16051, 15882, 4696, 17145, 19193, 12994, 9901, 13641, 15193, 6739, 9240, 1608, 14664, 18117, 5676, 15714, 5964, 5329, 16651, 15936, 14441, 15878, 18316, 14255, 18692, 5858, 4640, 10716, 13839, 16635, 2097, 11464, 12427, 2320, 14629, 7617, 16183, 16205, 2170, 4384, 6683, 5285, 18707, 6780, 4231, 2404, 4895, 18091, 2944, 13054, 3904, 3491, 9455, 15985, 10432, 8657, 15304, 9114, 5838, 5197, 17244, 6207, 3970, 17246, 3950, 6168, 8697, 6800, 9942, 11118, 8582, 6355, 15275, 4581, 12724, 11921, 1833, 523, 7619, 15729, 176, 8576, 3101, 1573, 1283, 11796, 11277, 2547, 1738, 6806, 15187, 7129, 5179, 5854, 16373, 9231, 6270, 777, 2062, 13249, 4144, 6325, 3924, 5350, 14414, 3142, 2249, 6444, 13582, 2833, 18030, 6483, 18404, 15057, 7482, 15001, 15872, 14584, 10835, 954, 7257, 1381, 17819, 17518, 6497, 14430, 4901, 16466, 10805, 132, 7506, 755, 14427, 12119, 16613, 19042, 14994, 11257, 8042, 2144, 5966, 1580, 8010, 2550, 10684, 14088, 5037, 8764, 17076, 14185, 15984, 5299, 16601, 19182, 13197, 14561, 12605, 17010, 2703, 6715, 11207, 10188, 212, 2293, 17676, 1720, 5934, 112, 8568, 15870, 3226, 4524, 4431, 5141, 5383, 7609, 12807, 19001, 14368, 6704, 14903, 4172, 117, 18698, 1699, 16558, 7518, 10618, 2110, 10308, 7828, 6623, 17644, 4449, 951, 13858, 15106, 8402, 916, 4771, 8608, 6448, 6656, 13547, 2814, 8336, 8093, 6398, 637, 9909, 10621, 786, 14146, 17292, 9457, 3, 2884, 14785, 10504, 16361, 8181, 17690, 654, 11067, 18741, 386, 18208, 10130, 8079, 7082, 14740, 8076, 18619, 14428, 10992, 12679, 9431, 18328, 13606, 7641, 13542, 1002, 11975, 15646, 19078, 1352, 8683, 16053, 11763, 14823, 7059, 4995, 3754, 6213, 10090, 19084, 1973, 8131, 5353, 836, 13960, 3217, 4885, 9645, 16941, 14750, 13171, 9132, 1355, 4440, 15747, 8233, 6008, 12781, 16749, 13905, 18198, 5033, 2910, 16502, 1233, 965, 16926, 3944, 13518, 18213, 12739, 9972, 14609, 5764, 6128, 9532, 12680, 3672, 5458, 6822, 11547, 3163, 8040, 14081, 8369, 18182, 17541, 11552, 12451, 15074, 1783, 17730, 1690, 16992, 2490, 2459, 18065, 320, 18311, 45, 9495, 4572, 544, 12731, 16811, 15096, 14957, 4594, 16607, 2449, 7791, 13659, 8892, 1713, 17336, 6598, 13832, 10495, 18937, 3067, 3473, 12715, 13492, 14787, 16503, 17899, 16638, 2408, 7141, 10590, 2917, 14650, 12571, 4321, 2855, 1829, 3736, 3381, 11069, 16093, 15201, 14311, 9836, 18289, 16899, 897, 13981, 12223, 8884, 15721, 7778, 13648, 5737, 6550, 19249, 2715, 447, 12941, 8915, 18963, 16291, 760, 5869, 3635, 3439, 6740, 5003, 3174, 2945, 16056, 4860, 11216, 7363, 1147, 12124, 9764, 11245, 4361, 7784, 16285, 17057, 11203, 5114, 17655, 12056, 17890, 7741, 15799, 10258, 16088, 19222, 15303, 1433, 5991, 322, 2322, 3156, 9940, 7814, 17068, 16968, 10018, 1991, 11946, 8705, 10371, 4619, 11074, 2034, 15550, 11743, 18666, 13494, 14175, 13948, 15123, 11154, 10397, 1701, 4770, 839, 12085, 16500, 16241, 1535, 18782, 2221, 539, 18405, 4245, 103, 1571, 16945, 12196, 9441, 1732, 1367, 3596, 4794, 7230, 5245, 17483, 2955, 2003, 11509, 4044, 12934, 3456, 16693, 593, 4582, 14076, 10972, 1965, 7227, 14324, 8658, 3772, 8355, 11889, 1908, 2684, 10026, 1666, 16507, 5589, 9295, 8389, 2099, 18653, 13808, 19147, 6675, 10970, 2788, 19028, 16983, 16166, 9845, 8160, 11381, 10088, 10333, 11716, 14695, 12697, 4365, 3747, 17296, 11904, 74, 7047, 10639, 13094, 940, 10478, 2032, 6642, 14896, 10840, 5430, 5556, 12597, 2183, 18403, 4252, 14613, 18283, 8790, 12140, 13540, 13353, 14114, 13297, 4056, 14038, 11299, 13770, 11433, 14285, 1526, 1955, 15711, 255, 12481, 612, 1635, 4886, 357, 11434, 9524, 13106, 2607, 5391, 9406, 2331, 624, 2749, 17849, 9829, 11436, 18426, 9481, 18550, 15647, 532, 11720, 11824, 15610, 15741, 7902, 13558, 17967, 14539, 17889, 4631, 1238, 16921, 7787, 15293, 3108, 8215, 2851, 4514, 12938, 16730, 17178, 4890, 17960, 4725, 7917, 3191, 8231, 16341, 8195, 10913, 2173, 5557, 2637, 16896, 5806, 1815, 1451, 8864, 2290, 12108, 5328, 6203, 2431, 7508, 17898, 17188, 6897, 1199, 15526, 18437, 6631, 8644, 16917, 14964, 14233, 2454, 584, 4830, 7199, 4180, 14889, 5761, 13756, 6917, 7756, 18880, 15095, 1816, 14070, 16252, 7429, 16589, 1631, 15968, 15221, 12478, 18594, 1477, 5637, 12058, 1205, 13397, 9107, 18654, 1968, 3759, 13147, 14144, 14973, 12452, 18020, 13592, 17920, 13687, 11335, 7207, 418, 7834, 778, 12982, 10688, 9031, 509, 9601, 9780, 17040, 12023, 3916, 91, 6536, 18535, 7547, 15240, 707, 14533, 15064, 17012, 16805, 8637, 5969, 16221, 1940, 13307, 4717, 12615, 18220, 11028, 12170, 1743, 2376, 12415, 14220, 18827, 1294, 18543, 6977, 15309, 11778, 11842, 17103, 3857, 4637, 12162, 19169, 17166, 18237, 17818, 9507, 19022, 5790, 19112, 15611, 1118, 15184, 18703, 1817, 15530, 16579, 8437, 11839, 11378, 3537, 9205, 9217, 16272, 18759, 16828, 12002, 8348, 1723, 3481, 14115, 379, 8544, 264, 6015, 7672, 2253, 7364, 3706, 13796, 17139, 16125, 12059, 9623, 7185, 2418, 18230, 3087, 281, 4379, 1796, 8459, 4400, 17824, 2736, 16446, 13525, 15341, 3275, 7872, 1662, 7557, 4319, 15442, 7181, 10456, 4963, 17048, 16943, 12784, 3441, 5240, 9975, 13216, 17702, 11594, 13554, 6165, 19168, 16070, 3540, 3262, 10661, 4061, 13173, 2875, 17014, 4349, 10818, 8428, 16764, 14232, 8930, 15734, 17680, 7069, 15684, 17050, 18987, 6914, 6863, 19263, 10595, 150, 10039, 2722, 18223, 16444, 6559, 7258, 2661, 7699, 17136, 12773, 4247, 5723, 15194, 1696, 1500, 2807, 9893, 11835, 13240, 18313, 17107, 10265, 10244, 5570, 2862, 14049, 1012, 12861, 723, 9583, 17461, 10056, 1264, 8297, 3716, 14666, 15259, 13531, 543, 13723, 16810, 6700, 3516, 13766, 7186, 10692, 6321, 15484, 14547, 8744, 3703, 10383, 16829, 6366, 6846, 3906, 2021, 18133, 857, 279, 12232, 10212, 10541, 12325, 13475, 1225, 937, 6966, 10881, 16936, 18502, 1440, 11914, 3326, 5633, 14913, 4623, 10743, 12361, 17335, 1072, 5043, 14810, 15077, 3255, 17215, 6553, 17852, 4801, 6962, 3060, 9430, 8799, 13824, 188, 15175, 15163, 4733, 5011, 3536, 17635, 6532, 14071, 6112, 17158, 6597, 11272, 105, 19219, 5013, 12483, 201, 6848, 17033, 6367, 7859, 14702, 18844, 7053, 18694, 15670, 636, 10129, 6378, 5369, 7273, 16247, 9142, 15345, 16817, 14854, 2600, 15783, 889, 11833, 6612, 2068, 2427, 7062, 7918, 16181, 5464, 8339, 8950, 8453, 16423, 6064, 2380, 4268, 13929, 12974, 19141, 1299, 2484, 3883, 3273, 8772, 13256, 11239, 5766, 18098, 12705, 11004, 2695, 10048, 10960, 2766, 15661, 13258, 8015, 6032, 16397, 7749, 19039, 7634, 15076, 4234, 15114, 8475, 8091, 19220, 18004, 9704, 13918, 15569, 16443, 10015, 9943, 7817, 9349, 2588, 8249, 398, 5316, 15538, 18372, 13559, 2937, 2803, 16248, 6155, 630, 9911, 13190, 19157, 15788, 13248, 13148, 1320, 12074, 8471, 8798, 3213, 12418, 814, 2402, 12718, 12397, 10564, 9875, 10128, 6947, 9491, 17707, 3266, 19196, 14309, 18523, 19043, 17975, 18063, 11618, 15016, 14434, 7680, 1739, 18029, 11694, 1745, 9271, 5189, 9561, 11283, 14978, 10753, 16017, 12914, 978, 2828, 17257, 13135, 5061, 121, 6602, 16015, 19271, 12159, 1244, 8260, 13195, 15873, 12815, 14291, 14515, 118, 4892, 14985, 9551, 12654, 4739, 927, 12176, 9523, 11726, 18187, 5880, 2569, 3386, 13942, 3390, 15774, 129, 65, 12922, 8422, 12692, 16213, 11515, 2111, 8347, 10758, 14064, 4401, 17782, 15621, 6709, 14716, 4091, 13964, 8424, 4218, 7249, 11311, 11171, 18564, 14755, 7114, 14009, 14815, 294, 495, 7684, 6833, 4046, 3505, 16995, 17858, 7761, 15803, 9840, 13958, 8226, 10369, 12497, 17142, 1748, 2854, 7159, 11539, 11055, 13337, 17173, 14214, 6803, 11144, 12649, 283, 15489, 13174, 7015, 610, 7030, 18206, 14077, 15468, 14962, 8046, 7809, 17387, 16034, 16678, 1173, 3502, 12942, 15655, 16859, 7099, 1673, 446, 1365, 5881, 3713, 11697, 1897, 16001, 1702, 14149, 11876, 9341, 4325, 6923, 2001, 138, 3276, 18716, 17604, 10501, 115, 12800, 6111, 11148, 4549, 16057, 4707, 6843, 16091, 4295, 7519, 13708, 12409, 11018, 5052, 13566, 14715, 12755, 793, 10837, 1888, 12375, 3935, 5763, 11791, 11258, 13264, 11469, 4683, 8905, 1853, 11600, 4421, 2798, 5074, 18141, 13807, 8595, 8126, 13837, 8060, 6956, 11767, 14560, 9389, 15261, 1232, 12560, 7262, 11504, 3546, 4627, 1177, 517, 4008, 9219, 17696, 4148, 14124, 13243, 11235, 7561, 8331, 16320, 3591, 11341, 4015, 12028, 14929, 18601, 3528, 14065, 1510, 19191, 13833, 17616, 10869, 17689, 831, 16725, 6319, 15465, 10467, 8162, 13563, 7728, 10778, 13545, 12290, 16480, 14401, 12838, 4212, 17529, 4832, 15111, 12690, 10373, 7596, 18614, 17477, 1043, 13100, 4774, 17479, 3774, 9302, 3901, 13071, 6412, 9516, 1261, 3054, 13522, 17602, 14343, 18500, 10957, 2791, 9624, 3634, 17904, 5709, 14670, 11058, 7087, 7435, 13848, 82, 5565, 2562, 14029, 3583, 1676, 12709, 18473, 3158, 12787, 8068, 8263, 16146, 3593, 1802, 1861, 3348, 4487, 17749, 6105, 10471, 17472, 10200, 1182, 14180, 1076, 10156, 4839, 9903, 4879, 9720, 2157, 15344, 16067, 3064, 17182, 5368, 4987, 18484, 18923, 11896, 1052, 15727, 15289, 5885, 1933, 5251, 17072, 6038, 6195, 13524, 6606, 18506, 17536, 6784, 3231, 14121, 8925, 10030, 803, 13764, 146, 19268, 14099, 4130, 16372, 1537, 12248, 13718, 17187, 11728, 1740, 19233, 5600, 4092, 4779, 6028, 3395, 16152, 19150, 2417, 11980, 11237, 8427, 18127, 3538, 9257, 607, 2078, 18457, 5802, 3435, 15019, 4256, 9221, 13465, 11742, 5788, 9528, 17493, 4607, 3131, 6616, 5356, 1550, 4617, 8827, 849, 2601, 4437, 17861, 10261, 15704, 3890, 8149, 12063, 3086, 15925, 12301, 6847, 5603, 7768, 3187, 13372, 9258, 6584, 7594, 2603, 1835, 17380, 17193, 15251, 15937, 18731, 4082, 14911, 16626, 8824, 16208, 10167, 17711, 9678, 15852, 13620, 16479, 14586, 2446, 4866, 1315, 7746, 10615, 7927, 2443, 7157, 13506, 18410, 10494]",1332,1500,3,False,1500
5725,play game,play game,47,True,True,True,"{21: 26, 33: 14, 2: 18, 29: 13, 25: 57, 43: 9, 57: 16, 49: 16, 61: 14, 67: 52, 65: 21, 50: 28, 15: 53, 6: 13, 46: 15, 27: 69, 7: 65, 48: 67, 19: 21, 31: 14, 63: 26, 22: 39, 9: 79, 26: 40, 47: 15, 53: 66, 11: 19, 51: 26, 54: 9, 13: 32, 17: 37, 52: 30, 39: 27, 38: 19, 1: 6, 59: 33, 56: 23, 32: 9, 8: 25, 4: 12, 20: 26, 24: 7, 18: 31, 42: 7, 28: 31, 45: 57, 0: 13, 66: 11, 62: 11, 35: 7, 64: 15, 37: 2, 40: 25, 3: 3, 14: 5, 12: 8, 16: 15, 55: 16, 30: 13, 58: 6, 36: 4, 60: 5, 5: 3, 41: 2, 44: 2, 34: 2}","[12686, 3384, 6034, 14374, 14516, 14680, 18580, 5912, 661, 4433, 14182, 14634, 14672, 13694, 17233, 12320, 12666, 7276, 14925, 15315, 1125, 14820, 3769, 14096, 12401, 14972, 14176, 4685, 4278, 5735, 7514, 16051, 15882, 4696, 17145, 19193, 12994, 9901, 13641, 15193, 6739, 9240, 1608, 14664, 18117, 5676, 15714, 5964, 5329, 16651, 15936, 14441, 15878, 18316, 14255, 18692, 5858, 4640, 10716, 13839, 16635, 2097, 11464, 12427, 2320, 14629, 7617, 16183, 16205, 2170, 4384, 6683, 5285, 18707, 6780, 4231, 2404, 4895, 18091, 2944, 13054, 3904, 3491, 9455, 15985, 10432, 8657, 15304, 9114, 5838, 5197, 17244, 6207, 3970, 17246, 3950, 6168, 8697, 6800, 9942, 11118, 8582, 6355, 15275, 4581, 12724, 11921, 1833, 523, 7619, 15729, 176, 8576, 3101, 1573, 1283, 11796, 11277, 2547, 1738, 6806, 15187, 7129, 5179, 5854, 16373, 9231, 6270, 777, 2062, 13249, 4144, 6325, 3924, 5350, 14414, 3142, 2249, 6444, 13582, 2833, 18030, 6483, 18404, 15057, 7482, 15001, 15872, 14584, 10835, 954, 7257, 1381, 17819, 17518, 6497, 14430, 4901, 16466, 10805, 132, 7506, 755, 14427, 12119, 16613, 19042, 14994, 11257, 8042, 2144, 5966, 1580, 8010, 2550, 10684, 14088, 5037, 8764, 17076, 14185, 15984, 5299, 16601, 19182, 13197, 14561, 12605, 17010, 2703, 6715, 11207, 10188, 212, 2293, 17676, 1720, 5934, 112, 8568, 15870, 3226, 4524, 4431, 5141, 5383, 7609, 12807, 19001, 14368, 6704, 14903, 4172, 117, 18698, 1699, 16558, 7518, 10618, 2110, 10308, 7828, 6623, 17644, 4449, 951, 13858, 15106, 8402, 916, 4771, 8608, 6448, 6656, 13547, 2814, 8336, 8093, 6398, 637, 9909, 10621, 786, 14146, 17292, 9457, 3, 2884, 14785, 10504, 16361, 8181, 17690, 654, 11067, 18741, 386, 18208, 10130, 8079, 7082, 14740, 8076, 18619, 14428, 10992, 12679, 9431, 18328, 13606, 7641, 13542, 1002, 11975, 15646, 19078, 1352, 8683, 16053, 11763, 14823, 7059, 4995, 3754, 6213, 10090, 19084, 1973, 8131, 5353, 836, 13960, 3217, 4885, 9645, 16941, 14750, 13171, 9132, 1355, 4440, 15747, 8233, 6008, 12781, 16749, 13905, 18198, 5033, 2910, 16502, 1233, 965, 16926, 3944, 13518, 18213, 12739, 9972, 14609, 5764, 6128, 9532, 12680, 3672, 5458, 6822, 11547, 3163, 8040, 14081, 8369, 18182, 17541, 11552, 12451, 15074, 1783, 17730, 1690, 16992, 2490, 2459, 18065, 320, 18311, 45, 9495, 4572, 544, 12731, 16811, 15096, 14957, 4594, 16607, 2449, 7791, 13659, 8892, 1713, 17336, 6598, 13832, 10495, 18937, 3067, 3473, 12715, 13492, 14787, 16503, 17899, 16638, 2408, 7141, 10590, 2917, 14650, 12571, 4321, 2855, 1829, 3736, 3381, 11069, 16093, 15201, 14311, 9836, 18289, 16899, 897, 13981, 12223, 8884, 15721, 7778, 13648, 5737, 6550, 19249, 2715, 447, 12941, 8915, 18963, 16291, 760, 5869, 3635, 3439, 6740, 5003, 3174, 2945, 16056, 4860, 11216, 7363, 1147, 12124, 9764, 11245, 4361, 7784, 16285, 17057, 11203, 5114, 17655, 12056, 17890, 7741, 15799, 10258, 16088, 19222, 15303, 1433, 5991, 322, 2322, 3156, 9940, 7814, 17068, 16968, 10018, 1991, 11946, 8705, 10371, 4619, 11074, 2034, 15550, 11743, 18666, 13494, 14175, 13948, 15123, 11154, 10397, 1701, 4770, 839, 12085, 16500, 16241, 1535, 18782, 2221, 539, 18405, 4245, 103, 1571, 16945, 12196, 9441, 1732, 1367, 3596, 4794, 7230, 5245, 17483, 2955, 2003, 11509, 4044, 12934, 3456, 16693, 593, 4582, 14076, 10972, 1965, 7227, 14324, 8658, 3772, 8355, 11889, 1908, 2684, 10026, 1666, 16507, 5589, 9295, 8389, 2099, 18653, 13808, 19147, 6675, 10970, 2788, 19028, 16983, 16166, 9845, 8160, 11381, 10088, 10333, 11716, 14695, 12697, 4365, 3747, 17296, 11904, 74, 7047, 10639, 13094, 940, 10478, 2032, 6642, 14896, 10840, 5430, 5556, 12597, 2183, 18403, 4252, 14613, 18283, 8790, 12140, 13540, 13353, 14114, 13297, 4056, 14038, 11299, 13770, 11433, 14285, 1526, 1955, 15711, 255, 12481, 612, 1635, 4886, 357, 11434, 9524, 13106, 2607, 5391, 9406, 2331, 624, 2749, 17849, 9829, 11436, 18426, 9481, 18550, 15647, 532, 11720, 11824, 15610, 15741, 7902, 13558, 17967, 14539, 17889, 4631, 1238, 16921, 7787, 15293, 3108, 8215, 2851, 4514, 12938, 16730, 17178, 4890, 17960, 4725, 7917, 3191, 8231, 16341, 8195, 10913, 2173, 5557, 2637, 16896, 5806, 1815, 1451, 8864, 2290, 12108, 5328, 6203, 2431, 7508, 17898, 17188, 6897, 1199, 15526, 18437, 6631, 8644, 16917, 14964, 14233, 2454, 584, 4830, 7199, 4180, 14889, 5761, 13756, 6917, 7756, 18880, 15095, 1816, 14070, 16252, 7429, 16589, 1631, 15968, 15221, 12478, 18594, 1477, 5637, 12058, 1205, 13397, 9107, 18654, 1968, 3759, 13147, 14144, 14973, 12452, 18020, 13592, 17920, 13687, 11335, 7207, 418, 7834, 778, 12982, 10688, 9031, 509, 9601, 9780, 17040, 12023, 3916, 91, 6536, 18535, 7547, 15240, 707, 14533, 15064, 17012, 16805, 8637, 5969, 16221, 1940, 13307, 4717, 12615, 18220, 11028, 12170, 1743, 2376, 12415, 14220, 18827, 1294, 18543, 6977, 15309, 11778, 11842, 17103, 3857, 4637, 12162, 19169, 17166, 18237, 17818, 9507, 19022, 5790, 19112, 15611, 1118, 15184, 18703, 1817, 15530, 16579, 8437, 11839, 11378, 3537, 9205, 9217, 16272, 18759, 16828, 12002, 8348, 1723, 3481, 14115, 379, 8544, 264, 6015, 7672, 2253, 7364, 3706, 13796, 17139, 16125, 12059, 9623, 7185, 2418, 18230, 3087, 281, 4379, 1796, 8459, 4400, 17824, 2736, 16446, 13525, 15341, 3275, 7872, 1662, 7557, 4319, 15442, 7181, 10456, 4963, 17048, 16943, 12784, 3441, 5240, 9975, 13216, 17702, 11594, 13554, 6165, 19168, 16070, 3540, 3262, 10661, 4061, 13173, 2875, 17014, 4349, 10818, 8428, 16764, 14232, 8930, 15734, 17680, 7069, 15684, 17050, 18987, 6914, 6863, 19263, 10595, 150, 10039, 2722, 18223, 16444, 6559, 7258, 2661, 7699, 17136, 12773, 4247, 5723, 15194, 1696, 1500, 2807, 9893, 11835, 13240, 18313, 17107, 10265, 10244, 5570, 2862, 14049, 1012, 12861, 723, 9583, 17461, 10056, 1264, 8297, 3716, 14666, 15259, 13531, 543, 13723, 16810, 6700, 3516, 13766, 7186, 10692, 6321, 15484, 14547, 8744, 3703, 10383, 16829, 6366, 6846, 3906, 2021, 18133, 857, 279, 12232, 10212, 10541, 12325, 13475, 1225, 937, 6966, 10881, 16936, 18502, 1440, 11914, 3326, 5633, 14913, 4623, 10743, 12361, 17335, 1072, 5043, 14810, 15077, 3255, 17215, 6553, 17852, 4801, 6962, 3060, 9430, 8799, 13824, 188, 15175, 15163, 4733, 5011, 3536, 17635, 6532, 14071, 6112, 17158, 6597, 11272, 105, 19219, 5013, 12483, 201, 6848, 17033, 6367, 7859, 14702, 18844, 7053, 18694, 15670, 636, 10129, 6378, 5369, 7273, 16247, 9142, 15345, 16817, 14854, 2600, 15783, 889, 11833, 6612, 2068, 2427, 7062, 7918, 16181, 5464, 8339, 8950, 8453, 16423, 6064, 2380, 4268, 13929, 12974, 19141, 1299, 2484, 3883, 3273, 8772, 13256, 11239, 5766, 18098, 12705, 11004, 2695, 10048, 10960, 2766, 15661, 13258, 8015, 6032, 16397, 7749, 19039, 7634, 15076, 4234, 15114, 8475, 8091, 19220, 18004, 9704, 13918, 15569, 16443, 10015, 9943, 7817, 9349, 2588, 8249, 398, 5316, 15538, 18372, 13559, 2937, 2803, 16248, 6155, 630, 9911, 13190, 19157, 15788, 13248, 13148, 1320, 12074, 8471, 8798, 3213, 12418, 814, 2402, 12718, 12397, 10564, 9875, 10128, 6947, 9491, 17707, 3266, 19196, 14309, 18523, 19043, 17975, 18063, 11618, 15016, 14434, 7680, 1739, 18029, 11694, 1745, 9271, 5189, 9561, 11283, 14978, 10753, 16017, 12914, 978, 2828, 17257, 13135, 5061, 121, 6602, 16015, 19271, 12159, 1244, 8260, 13195, 15873, 12815, 14291, 14515, 118, 4892, 14985, 9551, 12654, 4739, 927, 12176, 9523, 11726, 18187, 5880, 2569, 3386, 13942, 3390, 15774, 129, 65, 12922, 8422, 12692, 16213, 11515, 2111, 8347, 10758, 14064, 4401, 17782, 15621, 6709, 14716, 4091, 13964, 8424, 4218, 7249, 11311, 11171, 18564, 14755, 7114, 14009, 14815, 294, 495, 7684, 6833, 4046, 3505, 16995, 17858, 7761, 15803, 9840, 13958, 8226, 10369, 12497, 17142, 1748, 2854, 7159, 11539, 11055, 13337, 17173, 14214, 6803, 11144, 12649, 283, 15489, 13174, 7015, 610, 7030, 18206, 14077, 15468, 14962, 8046, 7809, 17387, 16034, 16678, 1173, 3502, 12942, 15655, 16859, 7099, 1673, 446, 1365, 5881, 3713, 11697, 1897, 16001, 1702, 14149, 11876, 9341, 4325, 6923, 2001, 138, 3276, 18716, 17604, 10501, 115, 12800, 6111, 11148, 4549, 16057, 4707, 6843, 16091, 4295, 7519, 13708, 12409, 11018, 5052, 13566, 14715, 12755, 793, 10837, 1888, 12375, 3935, 5763, 11791, 11258, 13264, 11469, 4683, 8905, 1853, 11600, 4421, 2798, 5074, 18141, 13807, 8595, 8126, 13837, 8060, 6956, 11767, 14560, 9389, 15261, 1232, 12560, 7262, 11504, 3546, 4627, 1177, 517, 4008, 9219, 17696, 4148, 14124, 13243, 11235, 7561, 8331, 16320, 3591, 11341, 4015, 12028, 14929, 18601, 3528, 14065, 1510, 19191, 13833, 17616, 10869, 17689, 831, 16725, 6319, 15465, 10467, 8162, 13563, 7728, 10778, 13545, 12290, 16480, 14401, 12838, 4212, 17529, 4832, 15111, 12690, 10373, 7596, 18614, 17477, 1043, 13100, 4774, 17479, 3774, 9302, 3901, 13071, 6412, 9516, 1261, 3054, 13522, 17602, 14343, 18500, 10957, 2791, 9624, 3634, 17904, 5709, 14670, 11058, 7087, 7435, 13848, 82, 5565, 2562, 14029, 3583, 1676, 12709, 18473, 3158, 12787, 8068, 8263, 16146, 3593, 1802, 1861, 3348, 4487, 17749, 6105, 10471, 17472, 10200, 1182, 14180, 1076, 10156, 4839, 9903, 4879, 9720, 2157, 15344, 16067, 3064, 17182, 5368, 4987, 18484, 18923, 11896, 1052, 15727, 15289, 5885, 1933, 5251, 17072, 6038, 6195, 13524, 6606, 18506, 17536, 6784, 3231, 14121, 8925, 10030, 803, 13764, 146, 19268, 14099, 4130, 16372, 1537, 12248, 13718, 17187, 11728, 1740, 19233, 5600, 4092, 4779, 6028, 3395, 16152, 19150, 2417, 11980, 11237, 8427, 18127, 3538, 9257, 607, 2078, 18457, 5802, 3435, 15019, 4256, 9221, 13465, 11742, 5788, 9528, 17493, 4607, 3131, 6616, 5356, 1550, 4617, 8827, 849, 2601, 4437, 17861, 10261, 15704, 3890, 8149, 12063, 3086, 15925, 12301, 6847, 5603, 7768, 3187, 13372, 9258, 6584, 7594, 2603, 1835, 17380, 17193, 15251, 15937, 18731, 4082, 14911, 16626, 8824, 16208, 10167, 17711, 9678, 15852, 13620, 16479, 14586, 2446, 4866, 1315, 7746, 10615, 7927, 2443, 7157, 13506, 18410, 10494]",5725,1500,3,False,1500
4564,social post,social post,59,True,True,True,"{21: 26, 33: 14, 2: 18, 29: 13, 25: 57, 43: 9, 57: 16, 49: 16, 61: 14, 67: 52, 65: 21, 50: 28, 15: 53, 6: 13, 46: 15, 27: 69, 7: 65, 48: 67, 19: 21, 31: 14, 63: 26, 22: 39, 9: 79, 26: 40, 47: 15, 53: 66, 11: 19, 51: 26, 54: 9, 13: 32, 17: 37, 52: 30, 39: 27, 38: 19, 1: 6, 59: 33, 56: 23, 32: 9, 8: 25, 4: 12, 20: 26, 24: 7, 18: 31, 42: 7, 28: 31, 45: 57, 0: 13, 66: 11, 62: 11, 35: 7, 64: 15, 37: 2, 40: 25, 3: 3, 14: 5, 12: 8, 16: 15, 55: 16, 30: 13, 58: 6, 36: 4, 60: 5, 5: 3, 41: 2, 44: 2, 34: 2}","[12686, 3384, 6034, 14374, 14516, 14680, 18580, 5912, 661, 4433, 14182, 14634, 14672, 13694, 17233, 12320, 12666, 7276, 14925, 15315, 1125, 14820, 3769, 14096, 12401, 14972, 14176, 4685, 4278, 5735, 7514, 16051, 15882, 4696, 17145, 19193, 12994, 9901, 13641, 15193, 6739, 9240, 1608, 14664, 18117, 5676, 15714, 5964, 5329, 16651, 15936, 14441, 15878, 18316, 14255, 18692, 5858, 4640, 10716, 13839, 16635, 2097, 11464, 12427, 2320, 14629, 7617, 16183, 16205, 2170, 4384, 6683, 5285, 18707, 6780, 4231, 2404, 4895, 18091, 2944, 13054, 3904, 3491, 9455, 15985, 10432, 8657, 15304, 9114, 5838, 5197, 17244, 6207, 3970, 17246, 3950, 6168, 8697, 6800, 9942, 11118, 8582, 6355, 15275, 4581, 12724, 11921, 1833, 523, 7619, 15729, 176, 8576, 3101, 1573, 1283, 11796, 11277, 2547, 1738, 6806, 15187, 7129, 5179, 5854, 16373, 9231, 6270, 777, 2062, 13249, 4144, 6325, 3924, 5350, 14414, 3142, 2249, 6444, 13582, 2833, 18030, 6483, 18404, 15057, 7482, 15001, 15872, 14584, 10835, 954, 7257, 1381, 17819, 17518, 6497, 14430, 4901, 16466, 10805, 132, 7506, 755, 14427, 12119, 16613, 19042, 14994, 11257, 8042, 2144, 5966, 1580, 8010, 2550, 10684, 14088, 5037, 8764, 17076, 14185, 15984, 5299, 16601, 19182, 13197, 14561, 12605, 17010, 2703, 6715, 11207, 10188, 212, 2293, 17676, 1720, 5934, 112, 8568, 15870, 3226, 4524, 4431, 5141, 5383, 7609, 12807, 19001, 14368, 6704, 14903, 4172, 117, 18698, 1699, 16558, 7518, 10618, 2110, 10308, 7828, 6623, 17644, 4449, 951, 13858, 15106, 8402, 916, 4771, 8608, 6448, 6656, 13547, 2814, 8336, 8093, 6398, 637, 9909, 10621, 786, 14146, 17292, 9457, 3, 2884, 14785, 10504, 16361, 8181, 17690, 654, 11067, 18741, 386, 18208, 10130, 8079, 7082, 14740, 8076, 18619, 14428, 10992, 12679, 9431, 18328, 13606, 7641, 13542, 1002, 11975, 15646, 19078, 1352, 8683, 16053, 11763, 14823, 7059, 4995, 3754, 6213, 10090, 19084, 1973, 8131, 5353, 836, 13960, 3217, 4885, 9645, 16941, 14750, 13171, 9132, 1355, 4440, 15747, 8233, 6008, 12781, 16749, 13905, 18198, 5033, 2910, 16502, 1233, 965, 16926, 3944, 13518, 18213, 12739, 9972, 14609, 5764, 6128, 9532, 12680, 3672, 5458, 6822, 11547, 3163, 8040, 14081, 8369, 18182, 17541, 11552, 12451, 15074, 1783, 17730, 1690, 16992, 2490, 2459, 18065, 320, 18311, 45, 9495, 4572, 544, 12731, 16811, 15096, 14957, 4594, 16607, 2449, 7791, 13659, 8892, 1713, 17336, 6598, 13832, 10495, 18937, 3067, 3473, 12715, 13492, 14787, 16503, 17899, 16638, 2408, 7141, 10590, 2917, 14650, 12571, 4321, 2855, 1829, 3736, 3381, 11069, 16093, 15201, 14311, 9836, 18289, 16899, 897, 13981, 12223, 8884, 15721, 7778, 13648, 5737, 6550, 19249, 2715, 447, 12941, 8915, 18963, 16291, 760, 5869, 3635, 3439, 6740, 5003, 3174, 2945, 16056, 4860, 11216, 7363, 1147, 12124, 9764, 11245, 4361, 7784, 16285, 17057, 11203, 5114, 17655, 12056, 17890, 7741, 15799, 10258, 16088, 19222, 15303, 1433, 5991, 322, 2322, 3156, 9940, 7814, 17068, 16968, 10018, 1991, 11946, 8705, 10371, 4619, 11074, 2034, 15550, 11743, 18666, 13494, 14175, 13948, 15123, 11154, 10397, 1701, 4770, 839, 12085, 16500, 16241, 1535, 18782, 2221, 539, 18405, 4245, 103, 1571, 16945, 12196, 9441, 1732, 1367, 3596, 4794, 7230, 5245, 17483, 2955, 2003, 11509, 4044, 12934, 3456, 16693, 593, 4582, 14076, 10972, 1965, 7227, 14324, 8658, 3772, 8355, 11889, 1908, 2684, 10026, 1666, 16507, 5589, 9295, 8389, 2099, 18653, 13808, 19147, 6675, 10970, 2788, 19028, 16983, 16166, 9845, 8160, 11381, 10088, 10333, 11716, 14695, 12697, 4365, 3747, 17296, 11904, 74, 7047, 10639, 13094, 940, 10478, 2032, 6642, 14896, 10840, 5430, 5556, 12597, 2183, 18403, 4252, 14613, 18283, 8790, 12140, 13540, 13353, 14114, 13297, 4056, 14038, 11299, 13770, 11433, 14285, 1526, 1955, 15711, 255, 12481, 612, 1635, 4886, 357, 11434, 9524, 13106, 2607, 5391, 9406, 2331, 624, 2749, 17849, 9829, 11436, 18426, 9481, 18550, 15647, 532, 11720, 11824, 15610, 15741, 7902, 13558, 17967, 14539, 17889, 4631, 1238, 16921, 7787, 15293, 3108, 8215, 2851, 4514, 12938, 16730, 17178, 4890, 17960, 4725, 7917, 3191, 8231, 16341, 8195, 10913, 2173, 5557, 2637, 16896, 5806, 1815, 1451, 8864, 2290, 12108, 5328, 6203, 2431, 7508, 17898, 17188, 6897, 1199, 15526, 18437, 6631, 8644, 16917, 14964, 14233, 2454, 584, 4830, 7199, 4180, 14889, 5761, 13756, 6917, 7756, 18880, 15095, 1816, 14070, 16252, 7429, 16589, 1631, 15968, 15221, 12478, 18594, 1477, 5637, 12058, 1205, 13397, 9107, 18654, 1968, 3759, 13147, 14144, 14973, 12452, 18020, 13592, 17920, 13687, 11335, 7207, 418, 7834, 778, 12982, 10688, 9031, 509, 9601, 9780, 17040, 12023, 3916, 91, 6536, 18535, 7547, 15240, 707, 14533, 15064, 17012, 16805, 8637, 5969, 16221, 1940, 13307, 4717, 12615, 18220, 11028, 12170, 1743, 2376, 12415, 14220, 18827, 1294, 18543, 6977, 15309, 11778, 11842, 17103, 3857, 4637, 12162, 19169, 17166, 18237, 17818, 9507, 19022, 5790, 19112, 15611, 1118, 15184, 18703, 1817, 15530, 16579, 8437, 11839, 11378, 3537, 9205, 9217, 16272, 18759, 16828, 12002, 8348, 1723, 3481, 14115, 379, 8544, 264, 6015, 7672, 2253, 7364, 3706, 13796, 17139, 16125, 12059, 9623, 7185, 2418, 18230, 3087, 281, 4379, 1796, 8459, 4400, 17824, 2736, 16446, 13525, 15341, 3275, 7872, 1662, 7557, 4319, 15442, 7181, 10456, 4963, 17048, 16943, 12784, 3441, 5240, 9975, 13216, 17702, 11594, 13554, 6165, 19168, 16070, 3540, 3262, 10661, 4061, 13173, 2875, 17014, 4349, 10818, 8428, 16764, 14232, 8930, 15734, 17680, 7069, 15684, 17050, 18987, 6914, 6863, 19263, 10595, 150, 10039, 2722, 18223, 16444, 6559, 7258, 2661, 7699, 17136, 12773, 4247, 5723, 15194, 1696, 1500, 2807, 9893, 11835, 13240, 18313, 17107, 10265, 10244, 5570, 2862, 14049, 1012, 12861, 723, 9583, 17461, 10056, 1264, 8297, 3716, 14666, 15259, 13531, 543, 13723, 16810, 6700, 3516, 13766, 7186, 10692, 6321, 15484, 14547, 8744, 3703, 10383, 16829, 6366, 6846, 3906, 2021, 18133, 857, 279, 12232, 10212, 10541, 12325, 13475, 1225, 937, 6966, 10881, 16936, 18502, 1440, 11914, 3326, 5633, 14913, 4623, 10743, 12361, 17335, 1072, 5043, 14810, 15077, 3255, 17215, 6553, 17852, 4801, 6962, 3060, 9430, 8799, 13824, 188, 15175, 15163, 4733, 5011, 3536, 17635, 6532, 14071, 6112, 17158, 6597, 11272, 105, 19219, 5013, 12483, 201, 6848, 17033, 6367, 7859, 14702, 18844, 7053, 18694, 15670, 636, 10129, 6378, 5369, 7273, 16247, 9142, 15345, 16817, 14854, 2600, 15783, 889, 11833, 6612, 2068, 2427, 7062, 7918, 16181, 5464, 8339, 8950, 8453, 16423, 6064, 2380, 4268, 13929, 12974, 19141, 1299, 2484, 3883, 3273, 8772, 13256, 11239, 5766, 18098, 12705, 11004, 2695, 10048, 10960, 2766, 15661, 13258, 8015, 6032, 16397, 7749, 19039, 7634, 15076, 4234, 15114, 8475, 8091, 19220, 18004, 9704, 13918, 15569, 16443, 10015, 9943, 7817, 9349, 2588, 8249, 398, 5316, 15538, 18372, 13559, 2937, 2803, 16248, 6155, 630, 9911, 13190, 19157, 15788, 13248, 13148, 1320, 12074, 8471, 8798, 3213, 12418, 814, 2402, 12718, 12397, 10564, 9875, 10128, 6947, 9491, 17707, 3266, 19196, 14309, 18523, 19043, 17975, 18063, 11618, 15016, 14434, 7680, 1739, 18029, 11694, 1745, 9271, 5189, 9561, 11283, 14978, 10753, 16017, 12914, 978, 2828, 17257, 13135, 5061, 121, 6602, 16015, 19271, 12159, 1244, 8260, 13195, 15873, 12815, 14291, 14515, 118, 4892, 14985, 9551, 12654, 4739, 927, 12176, 9523, 11726, 18187, 5880, 2569, 3386, 13942, 3390, 15774, 129, 65, 12922, 8422, 12692, 16213, 11515, 2111, 8347, 10758, 14064, 4401, 17782, 15621, 6709, 14716, 4091, 13964, 8424, 4218, 7249, 11311, 11171, 18564, 14755, 7114, 14009, 14815, 294, 495, 7684, 6833, 4046, 3505, 16995, 17858, 7761, 15803, 9840, 13958, 8226, 10369, 12497, 17142, 1748, 2854, 7159, 11539, 11055, 13337, 17173, 14214, 6803, 11144, 12649, 283, 15489, 13174, 7015, 610, 7030, 18206, 14077, 15468, 14962, 8046, 7809, 17387, 16034, 16678, 1173, 3502, 12942, 15655, 16859, 7099, 1673, 446, 1365, 5881, 3713, 11697, 1897, 16001, 1702, 14149, 11876, 9341, 4325, 6923, 2001, 138, 3276, 18716, 17604, 10501, 115, 12800, 6111, 11148, 4549, 16057, 4707, 6843, 16091, 4295, 7519, 13708, 12409, 11018, 5052, 13566, 14715, 12755, 793, 10837, 1888, 12375, 3935, 5763, 11791, 11258, 13264, 11469, 4683, 8905, 1853, 11600, 4421, 2798, 5074, 18141, 13807, 8595, 8126, 13837, 8060, 6956, 11767, 14560, 9389, 15261, 1232, 12560, 7262, 11504, 3546, 4627, 1177, 517, 4008, 9219, 17696, 4148, 14124, 13243, 11235, 7561, 8331, 16320, 3591, 11341, 4015, 12028, 14929, 18601, 3528, 14065, 1510, 19191, 13833, 17616, 10869, 17689, 831, 16725, 6319, 15465, 10467, 8162, 13563, 7728, 10778, 13545, 12290, 16480, 14401, 12838, 4212, 17529, 4832, 15111, 12690, 10373, 7596, 18614, 17477, 1043, 13100, 4774, 17479, 3774, 9302, 3901, 13071, 6412, 9516, 1261, 3054, 13522, 17602, 14343, 18500, 10957, 2791, 9624, 3634, 17904, 5709, 14670, 11058, 7087, 7435, 13848, 82, 5565, 2562, 14029, 3583, 1676, 12709, 18473, 3158, 12787, 8068, 8263, 16146, 3593, 1802, 1861, 3348, 4487, 17749, 6105, 10471, 17472, 10200, 1182, 14180, 1076, 10156, 4839, 9903, 4879, 9720, 2157, 15344, 16067, 3064, 17182, 5368, 4987, 18484, 18923, 11896, 1052, 15727, 15289, 5885, 1933, 5251, 17072, 6038, 6195, 13524, 6606, 18506, 17536, 6784, 3231, 14121, 8925, 10030, 803, 13764, 146, 19268, 14099, 4130, 16372, 1537, 12248, 13718, 17187, 11728, 1740, 19233, 5600, 4092, 4779, 6028, 3395, 16152, 19150, 2417, 11980, 11237, 8427, 18127, 3538, 9257, 607, 2078, 18457, 5802, 3435, 15019, 4256, 9221, 13465, 11742, 5788, 9528, 17493, 4607, 3131, 6616, 5356, 1550, 4617, 8827, 849, 2601, 4437, 17861, 10261, 15704, 3890, 8149, 12063, 3086, 15925, 12301, 6847, 5603, 7768, 3187, 13372, 9258, 6584, 7594, 2603, 1835, 17380, 17193, 15251, 15937, 18731, 4082, 14911, 16626, 8824, 16208, 10167, 17711, 9678, 15852, 13620, 16479, 14586, 2446, 4866, 1315, 7746, 10615, 7927, 2443, 7157, 13506, 18410, 10494]",4564,1500,3,False,1500
2772,qa factoid,iot hue lighton,34,True,False,False,"{21: 26, 33: 14, 2: 18, 29: 13, 25: 57, 43: 9, 57: 16, 49: 16, 61: 14, 67: 52, 65: 21, 50: 28, 15: 53, 6: 13, 46: 15, 27: 69, 7: 65, 48: 67, 19: 21, 31: 14, 63: 26, 22: 39, 9: 79, 26: 40, 47: 15, 53: 66, 11: 19, 51: 26, 54: 9, 13: 32, 17: 37, 52: 30, 39: 27, 38: 19, 1: 6, 59: 33, 56: 23, 32: 9, 8: 25, 4: 12, 20: 26, 24: 7, 18: 31, 42: 7, 28: 31, 45: 57, 0: 13, 66: 11, 62: 11, 35: 7, 64: 15, 37: 2, 40: 25, 3: 3, 14: 5, 12: 8, 16: 15, 55: 16, 30: 13, 58: 6, 36: 4, 60: 5, 5: 3, 41: 2, 44: 2, 34: 2}","[12686, 3384, 6034, 14374, 14516, 14680, 18580, 5912, 661, 4433, 14182, 14634, 14672, 13694, 17233, 12320, 12666, 7276, 14925, 15315, 1125, 14820, 3769, 14096, 12401, 14972, 14176, 4685, 4278, 5735, 7514, 16051, 15882, 4696, 17145, 19193, 12994, 9901, 13641, 15193, 6739, 9240, 1608, 14664, 18117, 5676, 15714, 5964, 5329, 16651, 15936, 14441, 15878, 18316, 14255, 18692, 5858, 4640, 10716, 13839, 16635, 2097, 11464, 12427, 2320, 14629, 7617, 16183, 16205, 2170, 4384, 6683, 5285, 18707, 6780, 4231, 2404, 4895, 18091, 2944, 13054, 3904, 3491, 9455, 15985, 10432, 8657, 15304, 9114, 5838, 5197, 17244, 6207, 3970, 17246, 3950, 6168, 8697, 6800, 9942, 11118, 8582, 6355, 15275, 4581, 12724, 11921, 1833, 523, 7619, 15729, 176, 8576, 3101, 1573, 1283, 11796, 11277, 2547, 1738, 6806, 15187, 7129, 5179, 5854, 16373, 9231, 6270, 777, 2062, 13249, 4144, 6325, 3924, 5350, 14414, 3142, 2249, 6444, 13582, 2833, 18030, 6483, 18404, 15057, 7482, 15001, 15872, 14584, 10835, 954, 7257, 1381, 17819, 17518, 6497, 14430, 4901, 16466, 10805, 132, 7506, 755, 14427, 12119, 16613, 19042, 14994, 11257, 8042, 2144, 5966, 1580, 8010, 2550, 10684, 14088, 5037, 8764, 17076, 14185, 15984, 5299, 16601, 19182, 13197, 14561, 12605, 17010, 2703, 6715, 11207, 10188, 212, 2293, 17676, 1720, 5934, 112, 8568, 15870, 3226, 4524, 4431, 5141, 5383, 7609, 12807, 19001, 14368, 6704, 14903, 4172, 117, 18698, 1699, 16558, 7518, 10618, 2110, 10308, 7828, 6623, 17644, 4449, 951, 13858, 15106, 8402, 916, 4771, 8608, 6448, 6656, 13547, 2814, 8336, 8093, 6398, 637, 9909, 10621, 786, 14146, 17292, 9457, 3, 2884, 14785, 10504, 16361, 8181, 17690, 654, 11067, 18741, 386, 18208, 10130, 8079, 7082, 14740, 8076, 18619, 14428, 10992, 12679, 9431, 18328, 13606, 7641, 13542, 1002, 11975, 15646, 19078, 1352, 8683, 16053, 11763, 14823, 7059, 4995, 3754, 6213, 10090, 19084, 1973, 8131, 5353, 836, 13960, 3217, 4885, 9645, 16941, 14750, 13171, 9132, 1355, 4440, 15747, 8233, 6008, 12781, 16749, 13905, 18198, 5033, 2910, 16502, 1233, 965, 16926, 3944, 13518, 18213, 12739, 9972, 14609, 5764, 6128, 9532, 12680, 3672, 5458, 6822, 11547, 3163, 8040, 14081, 8369, 18182, 17541, 11552, 12451, 15074, 1783, 17730, 1690, 16992, 2490, 2459, 18065, 320, 18311, 45, 9495, 4572, 544, 12731, 16811, 15096, 14957, 4594, 16607, 2449, 7791, 13659, 8892, 1713, 17336, 6598, 13832, 10495, 18937, 3067, 3473, 12715, 13492, 14787, 16503, 17899, 16638, 2408, 7141, 10590, 2917, 14650, 12571, 4321, 2855, 1829, 3736, 3381, 11069, 16093, 15201, 14311, 9836, 18289, 16899, 897, 13981, 12223, 8884, 15721, 7778, 13648, 5737, 6550, 19249, 2715, 447, 12941, 8915, 18963, 16291, 760, 5869, 3635, 3439, 6740, 5003, 3174, 2945, 16056, 4860, 11216, 7363, 1147, 12124, 9764, 11245, 4361, 7784, 16285, 17057, 11203, 5114, 17655, 12056, 17890, 7741, 15799, 10258, 16088, 19222, 15303, 1433, 5991, 322, 2322, 3156, 9940, 7814, 17068, 16968, 10018, 1991, 11946, 8705, 10371, 4619, 11074, 2034, 15550, 11743, 18666, 13494, 14175, 13948, 15123, 11154, 10397, 1701, 4770, 839, 12085, 16500, 16241, 1535, 18782, 2221, 539, 18405, 4245, 103, 1571, 16945, 12196, 9441, 1732, 1367, 3596, 4794, 7230, 5245, 17483, 2955, 2003, 11509, 4044, 12934, 3456, 16693, 593, 4582, 14076, 10972, 1965, 7227, 14324, 8658, 3772, 8355, 11889, 1908, 2684, 10026, 1666, 16507, 5589, 9295, 8389, 2099, 18653, 13808, 19147, 6675, 10970, 2788, 19028, 16983, 16166, 9845, 8160, 11381, 10088, 10333, 11716, 14695, 12697, 4365, 3747, 17296, 11904, 74, 7047, 10639, 13094, 940, 10478, 2032, 6642, 14896, 10840, 5430, 5556, 12597, 2183, 18403, 4252, 14613, 18283, 8790, 12140, 13540, 13353, 14114, 13297, 4056, 14038, 11299, 13770, 11433, 14285, 1526, 1955, 15711, 255, 12481, 612, 1635, 4886, 357, 11434, 9524, 13106, 2607, 5391, 9406, 2331, 624, 2749, 17849, 9829, 11436, 18426, 9481, 18550, 15647, 532, 11720, 11824, 15610, 15741, 7902, 13558, 17967, 14539, 17889, 4631, 1238, 16921, 7787, 15293, 3108, 8215, 2851, 4514, 12938, 16730, 17178, 4890, 17960, 4725, 7917, 3191, 8231, 16341, 8195, 10913, 2173, 5557, 2637, 16896, 5806, 1815, 1451, 8864, 2290, 12108, 5328, 6203, 2431, 7508, 17898, 17188, 6897, 1199, 15526, 18437, 6631, 8644, 16917, 14964, 14233, 2454, 584, 4830, 7199, 4180, 14889, 5761, 13756, 6917, 7756, 18880, 15095, 1816, 14070, 16252, 7429, 16589, 1631, 15968, 15221, 12478, 18594, 1477, 5637, 12058, 1205, 13397, 9107, 18654, 1968, 3759, 13147, 14144, 14973, 12452, 18020, 13592, 17920, 13687, 11335, 7207, 418, 7834, 778, 12982, 10688, 9031, 509, 9601, 9780, 17040, 12023, 3916, 91, 6536, 18535, 7547, 15240, 707, 14533, 15064, 17012, 16805, 8637, 5969, 16221, 1940, 13307, 4717, 12615, 18220, 11028, 12170, 1743, 2376, 12415, 14220, 18827, 1294, 18543, 6977, 15309, 11778, 11842, 17103, 3857, 4637, 12162, 19169, 17166, 18237, 17818, 9507, 19022, 5790, 19112, 15611, 1118, 15184, 18703, 1817, 15530, 16579, 8437, 11839, 11378, 3537, 9205, 9217, 16272, 18759, 16828, 12002, 8348, 1723, 3481, 14115, 379, 8544, 264, 6015, 7672, 2253, 7364, 3706, 13796, 17139, 16125, 12059, 9623, 7185, 2418, 18230, 3087, 281, 4379, 1796, 8459, 4400, 17824, 2736, 16446, 13525, 15341, 3275, 7872, 1662, 7557, 4319, 15442, 7181, 10456, 4963, 17048, 16943, 12784, 3441, 5240, 9975, 13216, 17702, 11594, 13554, 6165, 19168, 16070, 3540, 3262, 10661, 4061, 13173, 2875, 17014, 4349, 10818, 8428, 16764, 14232, 8930, 15734, 17680, 7069, 15684, 17050, 18987, 6914, 6863, 19263, 10595, 150, 10039, 2722, 18223, 16444, 6559, 7258, 2661, 7699, 17136, 12773, 4247, 5723, 15194, 1696, 1500, 2807, 9893, 11835, 13240, 18313, 17107, 10265, 10244, 5570, 2862, 14049, 1012, 12861, 723, 9583, 17461, 10056, 1264, 8297, 3716, 14666, 15259, 13531, 543, 13723, 16810, 6700, 3516, 13766, 7186, 10692, 6321, 15484, 14547, 8744, 3703, 10383, 16829, 6366, 6846, 3906, 2021, 18133, 857, 279, 12232, 10212, 10541, 12325, 13475, 1225, 937, 6966, 10881, 16936, 18502, 1440, 11914, 3326, 5633, 14913, 4623, 10743, 12361, 17335, 1072, 5043, 14810, 15077, 3255, 17215, 6553, 17852, 4801, 6962, 3060, 9430, 8799, 13824, 188, 15175, 15163, 4733, 5011, 3536, 17635, 6532, 14071, 6112, 17158, 6597, 11272, 105, 19219, 5013, 12483, 201, 6848, 17033, 6367, 7859, 14702, 18844, 7053, 18694, 15670, 636, 10129, 6378, 5369, 7273, 16247, 9142, 15345, 16817, 14854, 2600, 15783, 889, 11833, 6612, 2068, 2427, 7062, 7918, 16181, 5464, 8339, 8950, 8453, 16423, 6064, 2380, 4268, 13929, 12974, 19141, 1299, 2484, 3883, 3273, 8772, 13256, 11239, 5766, 18098, 12705, 11004, 2695, 10048, 10960, 2766, 15661, 13258, 8015, 6032, 16397, 7749, 19039, 7634, 15076, 4234, 15114, 8475, 8091, 19220, 18004, 9704, 13918, 15569, 16443, 10015, 9943, 7817, 9349, 2588, 8249, 398, 5316, 15538, 18372, 13559, 2937, 2803, 16248, 6155, 630, 9911, 13190, 19157, 15788, 13248, 13148, 1320, 12074, 8471, 8798, 3213, 12418, 814, 2402, 12718, 12397, 10564, 9875, 10128, 6947, 9491, 17707, 3266, 19196, 14309, 18523, 19043, 17975, 18063, 11618, 15016, 14434, 7680, 1739, 18029, 11694, 1745, 9271, 5189, 9561, 11283, 14978, 10753, 16017, 12914, 978, 2828, 17257, 13135, 5061, 121, 6602, 16015, 19271, 12159, 1244, 8260, 13195, 15873, 12815, 14291, 14515, 118, 4892, 14985, 9551, 12654, 4739, 927, 12176, 9523, 11726, 18187, 5880, 2569, 3386, 13942, 3390, 15774, 129, 65, 12922, 8422, 12692, 16213, 11515, 2111, 8347, 10758, 14064, 4401, 17782, 15621, 6709, 14716, 4091, 13964, 8424, 4218, 7249, 11311, 11171, 18564, 14755, 7114, 14009, 14815, 294, 495, 7684, 6833, 4046, 3505, 16995, 17858, 7761, 15803, 9840, 13958, 8226, 10369, 12497, 17142, 1748, 2854, 7159, 11539, 11055, 13337, 17173, 14214, 6803, 11144, 12649, 283, 15489, 13174, 7015, 610, 7030, 18206, 14077, 15468, 14962, 8046, 7809, 17387, 16034, 16678, 1173, 3502, 12942, 15655, 16859, 7099, 1673, 446, 1365, 5881, 3713, 11697, 1897, 16001, 1702, 14149, 11876, 9341, 4325, 6923, 2001, 138, 3276, 18716, 17604, 10501, 115, 12800, 6111, 11148, 4549, 16057, 4707, 6843, 16091, 4295, 7519, 13708, 12409, 11018, 5052, 13566, 14715, 12755, 793, 10837, 1888, 12375, 3935, 5763, 11791, 11258, 13264, 11469, 4683, 8905, 1853, 11600, 4421, 2798, 5074, 18141, 13807, 8595, 8126, 13837, 8060, 6956, 11767, 14560, 9389, 15261, 1232, 12560, 7262, 11504, 3546, 4627, 1177, 517, 4008, 9219, 17696, 4148, 14124, 13243, 11235, 7561, 8331, 16320, 3591, 11341, 4015, 12028, 14929, 18601, 3528, 14065, 1510, 19191, 13833, 17616, 10869, 17689, 831, 16725, 6319, 15465, 10467, 8162, 13563, 7728, 10778, 13545, 12290, 16480, 14401, 12838, 4212, 17529, 4832, 15111, 12690, 10373, 7596, 18614, 17477, 1043, 13100, 4774, 17479, 3774, 9302, 3901, 13071, 6412, 9516, 1261, 3054, 13522, 17602, 14343, 18500, 10957, 2791, 9624, 3634, 17904, 5709, 14670, 11058, 7087, 7435, 13848, 82, 5565, 2562, 14029, 3583, 1676, 12709, 18473, 3158, 12787, 8068, 8263, 16146, 3593, 1802, 1861, 3348, 4487, 17749, 6105, 10471, 17472, 10200, 1182, 14180, 1076, 10156, 4839, 9903, 4879, 9720, 2157, 15344, 16067, 3064, 17182, 5368, 4987, 18484, 18923, 11896, 1052, 15727, 15289, 5885, 1933, 5251, 17072, 6038, 6195, 13524, 6606, 18506, 17536, 6784, 3231, 14121, 8925, 10030, 803, 13764, 146, 19268, 14099, 4130, 16372, 1537, 12248, 13718, 17187, 11728, 1740, 19233, 5600, 4092, 4779, 6028, 3395, 16152, 19150, 2417, 11980, 11237, 8427, 18127, 3538, 9257, 607, 2078, 18457, 5802, 3435, 15019, 4256, 9221, 13465, 11742, 5788, 9528, 17493, 4607, 3131, 6616, 5356, 1550, 4617, 8827, 849, 2601, 4437, 17861, 10261, 15704, 3890, 8149, 12063, 3086, 15925, 12301, 6847, 5603, 7768, 3187, 13372, 9258, 6584, 7594, 2603, 1835, 17380, 17193, 15251, 15937, 18731, 4082, 14911, 16626, 8824, 16208, 10167, 17711, 9678, 15852, 13620, 16479, 14586, 2446, 4866, 1315, 7746, 10615, 7927, 2443, 7157, 13506, 18410, 10494]",2772,1500,3,False,1500
1429,weather query,weather,67,True,True,False,"{21: 26, 33: 14, 2: 18, 29: 13, 25: 57, 43: 9, 57: 16, 49: 16, 61: 14, 67: 52, 65: 21, 50: 28, 15: 53, 6: 13, 46: 15, 27: 69, 7: 65, 48: 67, 19: 21, 31: 14, 63: 26, 22: 39, 9: 79, 26: 40, 47: 15, 53: 66, 11: 19, 51: 26, 54: 9, 13: 32, 17: 37, 52: 30, 39: 27, 38: 19, 1: 6, 59: 33, 56: 23, 32: 9, 8: 25, 4: 12, 20: 26, 24: 7, 18: 31, 42: 7, 28: 31, 45: 57, 0: 13, 66: 11, 62: 11, 35: 7, 64: 15, 37: 2, 40: 25, 3: 3, 14: 5, 12: 8, 16: 15, 55: 16, 30: 13, 58: 6, 36: 4, 60: 5, 5: 3, 41: 2, 44: 2, 34: 2}","[12686, 3384, 6034, 14374, 14516, 14680, 18580, 5912, 661, 4433, 14182, 14634, 14672, 13694, 17233, 12320, 12666, 7276, 14925, 15315, 1125, 14820, 3769, 14096, 12401, 14972, 14176, 4685, 4278, 5735, 7514, 16051, 15882, 4696, 17145, 19193, 12994, 9901, 13641, 15193, 6739, 9240, 1608, 14664, 18117, 5676, 15714, 5964, 5329, 16651, 15936, 14441, 15878, 18316, 14255, 18692, 5858, 4640, 10716, 13839, 16635, 2097, 11464, 12427, 2320, 14629, 7617, 16183, 16205, 2170, 4384, 6683, 5285, 18707, 6780, 4231, 2404, 4895, 18091, 2944, 13054, 3904, 3491, 9455, 15985, 10432, 8657, 15304, 9114, 5838, 5197, 17244, 6207, 3970, 17246, 3950, 6168, 8697, 6800, 9942, 11118, 8582, 6355, 15275, 4581, 12724, 11921, 1833, 523, 7619, 15729, 176, 8576, 3101, 1573, 1283, 11796, 11277, 2547, 1738, 6806, 15187, 7129, 5179, 5854, 16373, 9231, 6270, 777, 2062, 13249, 4144, 6325, 3924, 5350, 14414, 3142, 2249, 6444, 13582, 2833, 18030, 6483, 18404, 15057, 7482, 15001, 15872, 14584, 10835, 954, 7257, 1381, 17819, 17518, 6497, 14430, 4901, 16466, 10805, 132, 7506, 755, 14427, 12119, 16613, 19042, 14994, 11257, 8042, 2144, 5966, 1580, 8010, 2550, 10684, 14088, 5037, 8764, 17076, 14185, 15984, 5299, 16601, 19182, 13197, 14561, 12605, 17010, 2703, 6715, 11207, 10188, 212, 2293, 17676, 1720, 5934, 112, 8568, 15870, 3226, 4524, 4431, 5141, 5383, 7609, 12807, 19001, 14368, 6704, 14903, 4172, 117, 18698, 1699, 16558, 7518, 10618, 2110, 10308, 7828, 6623, 17644, 4449, 951, 13858, 15106, 8402, 916, 4771, 8608, 6448, 6656, 13547, 2814, 8336, 8093, 6398, 637, 9909, 10621, 786, 14146, 17292, 9457, 3, 2884, 14785, 10504, 16361, 8181, 17690, 654, 11067, 18741, 386, 18208, 10130, 8079, 7082, 14740, 8076, 18619, 14428, 10992, 12679, 9431, 18328, 13606, 7641, 13542, 1002, 11975, 15646, 19078, 1352, 8683, 16053, 11763, 14823, 7059, 4995, 3754, 6213, 10090, 19084, 1973, 8131, 5353, 836, 13960, 3217, 4885, 9645, 16941, 14750, 13171, 9132, 1355, 4440, 15747, 8233, 6008, 12781, 16749, 13905, 18198, 5033, 2910, 16502, 1233, 965, 16926, 3944, 13518, 18213, 12739, 9972, 14609, 5764, 6128, 9532, 12680, 3672, 5458, 6822, 11547, 3163, 8040, 14081, 8369, 18182, 17541, 11552, 12451, 15074, 1783, 17730, 1690, 16992, 2490, 2459, 18065, 320, 18311, 45, 9495, 4572, 544, 12731, 16811, 15096, 14957, 4594, 16607, 2449, 7791, 13659, 8892, 1713, 17336, 6598, 13832, 10495, 18937, 3067, 3473, 12715, 13492, 14787, 16503, 17899, 16638, 2408, 7141, 10590, 2917, 14650, 12571, 4321, 2855, 1829, 3736, 3381, 11069, 16093, 15201, 14311, 9836, 18289, 16899, 897, 13981, 12223, 8884, 15721, 7778, 13648, 5737, 6550, 19249, 2715, 447, 12941, 8915, 18963, 16291, 760, 5869, 3635, 3439, 6740, 5003, 3174, 2945, 16056, 4860, 11216, 7363, 1147, 12124, 9764, 11245, 4361, 7784, 16285, 17057, 11203, 5114, 17655, 12056, 17890, 7741, 15799, 10258, 16088, 19222, 15303, 1433, 5991, 322, 2322, 3156, 9940, 7814, 17068, 16968, 10018, 1991, 11946, 8705, 10371, 4619, 11074, 2034, 15550, 11743, 18666, 13494, 14175, 13948, 15123, 11154, 10397, 1701, 4770, 839, 12085, 16500, 16241, 1535, 18782, 2221, 539, 18405, 4245, 103, 1571, 16945, 12196, 9441, 1732, 1367, 3596, 4794, 7230, 5245, 17483, 2955, 2003, 11509, 4044, 12934, 3456, 16693, 593, 4582, 14076, 10972, 1965, 7227, 14324, 8658, 3772, 8355, 11889, 1908, 2684, 10026, 1666, 16507, 5589, 9295, 8389, 2099, 18653, 13808, 19147, 6675, 10970, 2788, 19028, 16983, 16166, 9845, 8160, 11381, 10088, 10333, 11716, 14695, 12697, 4365, 3747, 17296, 11904, 74, 7047, 10639, 13094, 940, 10478, 2032, 6642, 14896, 10840, 5430, 5556, 12597, 2183, 18403, 4252, 14613, 18283, 8790, 12140, 13540, 13353, 14114, 13297, 4056, 14038, 11299, 13770, 11433, 14285, 1526, 1955, 15711, 255, 12481, 612, 1635, 4886, 357, 11434, 9524, 13106, 2607, 5391, 9406, 2331, 624, 2749, 17849, 9829, 11436, 18426, 9481, 18550, 15647, 532, 11720, 11824, 15610, 15741, 7902, 13558, 17967, 14539, 17889, 4631, 1238, 16921, 7787, 15293, 3108, 8215, 2851, 4514, 12938, 16730, 17178, 4890, 17960, 4725, 7917, 3191, 8231, 16341, 8195, 10913, 2173, 5557, 2637, 16896, 5806, 1815, 1451, 8864, 2290, 12108, 5328, 6203, 2431, 7508, 17898, 17188, 6897, 1199, 15526, 18437, 6631, 8644, 16917, 14964, 14233, 2454, 584, 4830, 7199, 4180, 14889, 5761, 13756, 6917, 7756, 18880, 15095, 1816, 14070, 16252, 7429, 16589, 1631, 15968, 15221, 12478, 18594, 1477, 5637, 12058, 1205, 13397, 9107, 18654, 1968, 3759, 13147, 14144, 14973, 12452, 18020, 13592, 17920, 13687, 11335, 7207, 418, 7834, 778, 12982, 10688, 9031, 509, 9601, 9780, 17040, 12023, 3916, 91, 6536, 18535, 7547, 15240, 707, 14533, 15064, 17012, 16805, 8637, 5969, 16221, 1940, 13307, 4717, 12615, 18220, 11028, 12170, 1743, 2376, 12415, 14220, 18827, 1294, 18543, 6977, 15309, 11778, 11842, 17103, 3857, 4637, 12162, 19169, 17166, 18237, 17818, 9507, 19022, 5790, 19112, 15611, 1118, 15184, 18703, 1817, 15530, 16579, 8437, 11839, 11378, 3537, 9205, 9217, 16272, 18759, 16828, 12002, 8348, 1723, 3481, 14115, 379, 8544, 264, 6015, 7672, 2253, 7364, 3706, 13796, 17139, 16125, 12059, 9623, 7185, 2418, 18230, 3087, 281, 4379, 1796, 8459, 4400, 17824, 2736, 16446, 13525, 15341, 3275, 7872, 1662, 7557, 4319, 15442, 7181, 10456, 4963, 17048, 16943, 12784, 3441, 5240, 9975, 13216, 17702, 11594, 13554, 6165, 19168, 16070, 3540, 3262, 10661, 4061, 13173, 2875, 17014, 4349, 10818, 8428, 16764, 14232, 8930, 15734, 17680, 7069, 15684, 17050, 18987, 6914, 6863, 19263, 10595, 150, 10039, 2722, 18223, 16444, 6559, 7258, 2661, 7699, 17136, 12773, 4247, 5723, 15194, 1696, 1500, 2807, 9893, 11835, 13240, 18313, 17107, 10265, 10244, 5570, 2862, 14049, 1012, 12861, 723, 9583, 17461, 10056, 1264, 8297, 3716, 14666, 15259, 13531, 543, 13723, 16810, 6700, 3516, 13766, 7186, 10692, 6321, 15484, 14547, 8744, 3703, 10383, 16829, 6366, 6846, 3906, 2021, 18133, 857, 279, 12232, 10212, 10541, 12325, 13475, 1225, 937, 6966, 10881, 16936, 18502, 1440, 11914, 3326, 5633, 14913, 4623, 10743, 12361, 17335, 1072, 5043, 14810, 15077, 3255, 17215, 6553, 17852, 4801, 6962, 3060, 9430, 8799, 13824, 188, 15175, 15163, 4733, 5011, 3536, 17635, 6532, 14071, 6112, 17158, 6597, 11272, 105, 19219, 5013, 12483, 201, 6848, 17033, 6367, 7859, 14702, 18844, 7053, 18694, 15670, 636, 10129, 6378, 5369, 7273, 16247, 9142, 15345, 16817, 14854, 2600, 15783, 889, 11833, 6612, 2068, 2427, 7062, 7918, 16181, 5464, 8339, 8950, 8453, 16423, 6064, 2380, 4268, 13929, 12974, 19141, 1299, 2484, 3883, 3273, 8772, 13256, 11239, 5766, 18098, 12705, 11004, 2695, 10048, 10960, 2766, 15661, 13258, 8015, 6032, 16397, 7749, 19039, 7634, 15076, 4234, 15114, 8475, 8091, 19220, 18004, 9704, 13918, 15569, 16443, 10015, 9943, 7817, 9349, 2588, 8249, 398, 5316, 15538, 18372, 13559, 2937, 2803, 16248, 6155, 630, 9911, 13190, 19157, 15788, 13248, 13148, 1320, 12074, 8471, 8798, 3213, 12418, 814, 2402, 12718, 12397, 10564, 9875, 10128, 6947, 9491, 17707, 3266, 19196, 14309, 18523, 19043, 17975, 18063, 11618, 15016, 14434, 7680, 1739, 18029, 11694, 1745, 9271, 5189, 9561, 11283, 14978, 10753, 16017, 12914, 978, 2828, 17257, 13135, 5061, 121, 6602, 16015, 19271, 12159, 1244, 8260, 13195, 15873, 12815, 14291, 14515, 118, 4892, 14985, 9551, 12654, 4739, 927, 12176, 9523, 11726, 18187, 5880, 2569, 3386, 13942, 3390, 15774, 129, 65, 12922, 8422, 12692, 16213, 11515, 2111, 8347, 10758, 14064, 4401, 17782, 15621, 6709, 14716, 4091, 13964, 8424, 4218, 7249, 11311, 11171, 18564, 14755, 7114, 14009, 14815, 294, 495, 7684, 6833, 4046, 3505, 16995, 17858, 7761, 15803, 9840, 13958, 8226, 10369, 12497, 17142, 1748, 2854, 7159, 11539, 11055, 13337, 17173, 14214, 6803, 11144, 12649, 283, 15489, 13174, 7015, 610, 7030, 18206, 14077, 15468, 14962, 8046, 7809, 17387, 16034, 16678, 1173, 3502, 12942, 15655, 16859, 7099, 1673, 446, 1365, 5881, 3713, 11697, 1897, 16001, 1702, 14149, 11876, 9341, 4325, 6923, 2001, 138, 3276, 18716, 17604, 10501, 115, 12800, 6111, 11148, 4549, 16057, 4707, 6843, 16091, 4295, 7519, 13708, 12409, 11018, 5052, 13566, 14715, 12755, 793, 10837, 1888, 12375, 3935, 5763, 11791, 11258, 13264, 11469, 4683, 8905, 1853, 11600, 4421, 2798, 5074, 18141, 13807, 8595, 8126, 13837, 8060, 6956, 11767, 14560, 9389, 15261, 1232, 12560, 7262, 11504, 3546, 4627, 1177, 517, 4008, 9219, 17696, 4148, 14124, 13243, 11235, 7561, 8331, 16320, 3591, 11341, 4015, 12028, 14929, 18601, 3528, 14065, 1510, 19191, 13833, 17616, 10869, 17689, 831, 16725, 6319, 15465, 10467, 8162, 13563, 7728, 10778, 13545, 12290, 16480, 14401, 12838, 4212, 17529, 4832, 15111, 12690, 10373, 7596, 18614, 17477, 1043, 13100, 4774, 17479, 3774, 9302, 3901, 13071, 6412, 9516, 1261, 3054, 13522, 17602, 14343, 18500, 10957, 2791, 9624, 3634, 17904, 5709, 14670, 11058, 7087, 7435, 13848, 82, 5565, 2562, 14029, 3583, 1676, 12709, 18473, 3158, 12787, 8068, 8263, 16146, 3593, 1802, 1861, 3348, 4487, 17749, 6105, 10471, 17472, 10200, 1182, 14180, 1076, 10156, 4839, 9903, 4879, 9720, 2157, 15344, 16067, 3064, 17182, 5368, 4987, 18484, 18923, 11896, 1052, 15727, 15289, 5885, 1933, 5251, 17072, 6038, 6195, 13524, 6606, 18506, 17536, 6784, 3231, 14121, 8925, 10030, 803, 13764, 146, 19268, 14099, 4130, 16372, 1537, 12248, 13718, 17187, 11728, 1740, 19233, 5600, 4092, 4779, 6028, 3395, 16152, 19150, 2417, 11980, 11237, 8427, 18127, 3538, 9257, 607, 2078, 18457, 5802, 3435, 15019, 4256, 9221, 13465, 11742, 5788, 9528, 17493, 4607, 3131, 6616, 5356, 1550, 4617, 8827, 849, 2601, 4437, 17861, 10261, 15704, 3890, 8149, 12063, 3086, 15925, 12301, 6847, 5603, 7768, 3187, 13372, 9258, 6584, 7594, 2603, 1835, 17380, 17193, 15251, 15937, 18731, 4082, 14911, 16626, 8824, 16208, 10167, 17711, 9678, 15852, 13620, 16479, 14586, 2446, 4866, 1315, 7746, 10615, 7927, 2443, 7157, 13506, 18410, 10494]",1429,1500,3,False,1500
2898,play music,play music,48,True,True,True,"{21: 26, 33: 14, 2: 18, 29: 13, 25: 57, 43: 9, 57: 16, 49: 16, 61: 14, 67: 52, 65: 21, 50: 28, 15: 53, 6: 13, 46: 15, 27: 69, 7: 65, 48: 67, 19: 21, 31: 14, 63: 26, 22: 39, 9: 79, 26: 40, 47: 15, 53: 66, 11: 19, 51: 26, 54: 9, 13: 32, 17: 37, 52: 30, 39: 27, 38: 19, 1: 6, 59: 33, 56: 23, 32: 9, 8: 25, 4: 12, 20: 26, 24: 7, 18: 31, 42: 7, 28: 31, 45: 57, 0: 13, 66: 11, 62: 11, 35: 7, 64: 15, 37: 2, 40: 25, 3: 3, 14: 5, 12: 8, 16: 15, 55: 16, 30: 13, 58: 6, 36: 4, 60: 5, 5: 3, 41: 2, 44: 2, 34: 2}","[12686, 3384, 6034, 14374, 14516, 14680, 18580, 5912, 661, 4433, 14182, 14634, 14672, 13694, 17233, 12320, 12666, 7276, 14925, 15315, 1125, 14820, 3769, 14096, 12401, 14972, 14176, 4685, 4278, 5735, 7514, 16051, 15882, 4696, 17145, 19193, 12994, 9901, 13641, 15193, 6739, 9240, 1608, 14664, 18117, 5676, 15714, 5964, 5329, 16651, 15936, 14441, 15878, 18316, 14255, 18692, 5858, 4640, 10716, 13839, 16635, 2097, 11464, 12427, 2320, 14629, 7617, 16183, 16205, 2170, 4384, 6683, 5285, 18707, 6780, 4231, 2404, 4895, 18091, 2944, 13054, 3904, 3491, 9455, 15985, 10432, 8657, 15304, 9114, 5838, 5197, 17244, 6207, 3970, 17246, 3950, 6168, 8697, 6800, 9942, 11118, 8582, 6355, 15275, 4581, 12724, 11921, 1833, 523, 7619, 15729, 176, 8576, 3101, 1573, 1283, 11796, 11277, 2547, 1738, 6806, 15187, 7129, 5179, 5854, 16373, 9231, 6270, 777, 2062, 13249, 4144, 6325, 3924, 5350, 14414, 3142, 2249, 6444, 13582, 2833, 18030, 6483, 18404, 15057, 7482, 15001, 15872, 14584, 10835, 954, 7257, 1381, 17819, 17518, 6497, 14430, 4901, 16466, 10805, 132, 7506, 755, 14427, 12119, 16613, 19042, 14994, 11257, 8042, 2144, 5966, 1580, 8010, 2550, 10684, 14088, 5037, 8764, 17076, 14185, 15984, 5299, 16601, 19182, 13197, 14561, 12605, 17010, 2703, 6715, 11207, 10188, 212, 2293, 17676, 1720, 5934, 112, 8568, 15870, 3226, 4524, 4431, 5141, 5383, 7609, 12807, 19001, 14368, 6704, 14903, 4172, 117, 18698, 1699, 16558, 7518, 10618, 2110, 10308, 7828, 6623, 17644, 4449, 951, 13858, 15106, 8402, 916, 4771, 8608, 6448, 6656, 13547, 2814, 8336, 8093, 6398, 637, 9909, 10621, 786, 14146, 17292, 9457, 3, 2884, 14785, 10504, 16361, 8181, 17690, 654, 11067, 18741, 386, 18208, 10130, 8079, 7082, 14740, 8076, 18619, 14428, 10992, 12679, 9431, 18328, 13606, 7641, 13542, 1002, 11975, 15646, 19078, 1352, 8683, 16053, 11763, 14823, 7059, 4995, 3754, 6213, 10090, 19084, 1973, 8131, 5353, 836, 13960, 3217, 4885, 9645, 16941, 14750, 13171, 9132, 1355, 4440, 15747, 8233, 6008, 12781, 16749, 13905, 18198, 5033, 2910, 16502, 1233, 965, 16926, 3944, 13518, 18213, 12739, 9972, 14609, 5764, 6128, 9532, 12680, 3672, 5458, 6822, 11547, 3163, 8040, 14081, 8369, 18182, 17541, 11552, 12451, 15074, 1783, 17730, 1690, 16992, 2490, 2459, 18065, 320, 18311, 45, 9495, 4572, 544, 12731, 16811, 15096, 14957, 4594, 16607, 2449, 7791, 13659, 8892, 1713, 17336, 6598, 13832, 10495, 18937, 3067, 3473, 12715, 13492, 14787, 16503, 17899, 16638, 2408, 7141, 10590, 2917, 14650, 12571, 4321, 2855, 1829, 3736, 3381, 11069, 16093, 15201, 14311, 9836, 18289, 16899, 897, 13981, 12223, 8884, 15721, 7778, 13648, 5737, 6550, 19249, 2715, 447, 12941, 8915, 18963, 16291, 760, 5869, 3635, 3439, 6740, 5003, 3174, 2945, 16056, 4860, 11216, 7363, 1147, 12124, 9764, 11245, 4361, 7784, 16285, 17057, 11203, 5114, 17655, 12056, 17890, 7741, 15799, 10258, 16088, 19222, 15303, 1433, 5991, 322, 2322, 3156, 9940, 7814, 17068, 16968, 10018, 1991, 11946, 8705, 10371, 4619, 11074, 2034, 15550, 11743, 18666, 13494, 14175, 13948, 15123, 11154, 10397, 1701, 4770, 839, 12085, 16500, 16241, 1535, 18782, 2221, 539, 18405, 4245, 103, 1571, 16945, 12196, 9441, 1732, 1367, 3596, 4794, 7230, 5245, 17483, 2955, 2003, 11509, 4044, 12934, 3456, 16693, 593, 4582, 14076, 10972, 1965, 7227, 14324, 8658, 3772, 8355, 11889, 1908, 2684, 10026, 1666, 16507, 5589, 9295, 8389, 2099, 18653, 13808, 19147, 6675, 10970, 2788, 19028, 16983, 16166, 9845, 8160, 11381, 10088, 10333, 11716, 14695, 12697, 4365, 3747, 17296, 11904, 74, 7047, 10639, 13094, 940, 10478, 2032, 6642, 14896, 10840, 5430, 5556, 12597, 2183, 18403, 4252, 14613, 18283, 8790, 12140, 13540, 13353, 14114, 13297, 4056, 14038, 11299, 13770, 11433, 14285, 1526, 1955, 15711, 255, 12481, 612, 1635, 4886, 357, 11434, 9524, 13106, 2607, 5391, 9406, 2331, 624, 2749, 17849, 9829, 11436, 18426, 9481, 18550, 15647, 532, 11720, 11824, 15610, 15741, 7902, 13558, 17967, 14539, 17889, 4631, 1238, 16921, 7787, 15293, 3108, 8215, 2851, 4514, 12938, 16730, 17178, 4890, 17960, 4725, 7917, 3191, 8231, 16341, 8195, 10913, 2173, 5557, 2637, 16896, 5806, 1815, 1451, 8864, 2290, 12108, 5328, 6203, 2431, 7508, 17898, 17188, 6897, 1199, 15526, 18437, 6631, 8644, 16917, 14964, 14233, 2454, 584, 4830, 7199, 4180, 14889, 5761, 13756, 6917, 7756, 18880, 15095, 1816, 14070, 16252, 7429, 16589, 1631, 15968, 15221, 12478, 18594, 1477, 5637, 12058, 1205, 13397, 9107, 18654, 1968, 3759, 13147, 14144, 14973, 12452, 18020, 13592, 17920, 13687, 11335, 7207, 418, 7834, 778, 12982, 10688, 9031, 509, 9601, 9780, 17040, 12023, 3916, 91, 6536, 18535, 7547, 15240, 707, 14533, 15064, 17012, 16805, 8637, 5969, 16221, 1940, 13307, 4717, 12615, 18220, 11028, 12170, 1743, 2376, 12415, 14220, 18827, 1294, 18543, 6977, 15309, 11778, 11842, 17103, 3857, 4637, 12162, 19169, 17166, 18237, 17818, 9507, 19022, 5790, 19112, 15611, 1118, 15184, 18703, 1817, 15530, 16579, 8437, 11839, 11378, 3537, 9205, 9217, 16272, 18759, 16828, 12002, 8348, 1723, 3481, 14115, 379, 8544, 264, 6015, 7672, 2253, 7364, 3706, 13796, 17139, 16125, 12059, 9623, 7185, 2418, 18230, 3087, 281, 4379, 1796, 8459, 4400, 17824, 2736, 16446, 13525, 15341, 3275, 7872, 1662, 7557, 4319, 15442, 7181, 10456, 4963, 17048, 16943, 12784, 3441, 5240, 9975, 13216, 17702, 11594, 13554, 6165, 19168, 16070, 3540, 3262, 10661, 4061, 13173, 2875, 17014, 4349, 10818, 8428, 16764, 14232, 8930, 15734, 17680, 7069, 15684, 17050, 18987, 6914, 6863, 19263, 10595, 150, 10039, 2722, 18223, 16444, 6559, 7258, 2661, 7699, 17136, 12773, 4247, 5723, 15194, 1696, 1500, 2807, 9893, 11835, 13240, 18313, 17107, 10265, 10244, 5570, 2862, 14049, 1012, 12861, 723, 9583, 17461, 10056, 1264, 8297, 3716, 14666, 15259, 13531, 543, 13723, 16810, 6700, 3516, 13766, 7186, 10692, 6321, 15484, 14547, 8744, 3703, 10383, 16829, 6366, 6846, 3906, 2021, 18133, 857, 279, 12232, 10212, 10541, 12325, 13475, 1225, 937, 6966, 10881, 16936, 18502, 1440, 11914, 3326, 5633, 14913, 4623, 10743, 12361, 17335, 1072, 5043, 14810, 15077, 3255, 17215, 6553, 17852, 4801, 6962, 3060, 9430, 8799, 13824, 188, 15175, 15163, 4733, 5011, 3536, 17635, 6532, 14071, 6112, 17158, 6597, 11272, 105, 19219, 5013, 12483, 201, 6848, 17033, 6367, 7859, 14702, 18844, 7053, 18694, 15670, 636, 10129, 6378, 5369, 7273, 16247, 9142, 15345, 16817, 14854, 2600, 15783, 889, 11833, 6612, 2068, 2427, 7062, 7918, 16181, 5464, 8339, 8950, 8453, 16423, 6064, 2380, 4268, 13929, 12974, 19141, 1299, 2484, 3883, 3273, 8772, 13256, 11239, 5766, 18098, 12705, 11004, 2695, 10048, 10960, 2766, 15661, 13258, 8015, 6032, 16397, 7749, 19039, 7634, 15076, 4234, 15114, 8475, 8091, 19220, 18004, 9704, 13918, 15569, 16443, 10015, 9943, 7817, 9349, 2588, 8249, 398, 5316, 15538, 18372, 13559, 2937, 2803, 16248, 6155, 630, 9911, 13190, 19157, 15788, 13248, 13148, 1320, 12074, 8471, 8798, 3213, 12418, 814, 2402, 12718, 12397, 10564, 9875, 10128, 6947, 9491, 17707, 3266, 19196, 14309, 18523, 19043, 17975, 18063, 11618, 15016, 14434, 7680, 1739, 18029, 11694, 1745, 9271, 5189, 9561, 11283, 14978, 10753, 16017, 12914, 978, 2828, 17257, 13135, 5061, 121, 6602, 16015, 19271, 12159, 1244, 8260, 13195, 15873, 12815, 14291, 14515, 118, 4892, 14985, 9551, 12654, 4739, 927, 12176, 9523, 11726, 18187, 5880, 2569, 3386, 13942, 3390, 15774, 129, 65, 12922, 8422, 12692, 16213, 11515, 2111, 8347, 10758, 14064, 4401, 17782, 15621, 6709, 14716, 4091, 13964, 8424, 4218, 7249, 11311, 11171, 18564, 14755, 7114, 14009, 14815, 294, 495, 7684, 6833, 4046, 3505, 16995, 17858, 7761, 15803, 9840, 13958, 8226, 10369, 12497, 17142, 1748, 2854, 7159, 11539, 11055, 13337, 17173, 14214, 6803, 11144, 12649, 283, 15489, 13174, 7015, 610, 7030, 18206, 14077, 15468, 14962, 8046, 7809, 17387, 16034, 16678, 1173, 3502, 12942, 15655, 16859, 7099, 1673, 446, 1365, 5881, 3713, 11697, 1897, 16001, 1702, 14149, 11876, 9341, 4325, 6923, 2001, 138, 3276, 18716, 17604, 10501, 115, 12800, 6111, 11148, 4549, 16057, 4707, 6843, 16091, 4295, 7519, 13708, 12409, 11018, 5052, 13566, 14715, 12755, 793, 10837, 1888, 12375, 3935, 5763, 11791, 11258, 13264, 11469, 4683, 8905, 1853, 11600, 4421, 2798, 5074, 18141, 13807, 8595, 8126, 13837, 8060, 6956, 11767, 14560, 9389, 15261, 1232, 12560, 7262, 11504, 3546, 4627, 1177, 517, 4008, 9219, 17696, 4148, 14124, 13243, 11235, 7561, 8331, 16320, 3591, 11341, 4015, 12028, 14929, 18601, 3528, 14065, 1510, 19191, 13833, 17616, 10869, 17689, 831, 16725, 6319, 15465, 10467, 8162, 13563, 7728, 10778, 13545, 12290, 16480, 14401, 12838, 4212, 17529, 4832, 15111, 12690, 10373, 7596, 18614, 17477, 1043, 13100, 4774, 17479, 3774, 9302, 3901, 13071, 6412, 9516, 1261, 3054, 13522, 17602, 14343, 18500, 10957, 2791, 9624, 3634, 17904, 5709, 14670, 11058, 7087, 7435, 13848, 82, 5565, 2562, 14029, 3583, 1676, 12709, 18473, 3158, 12787, 8068, 8263, 16146, 3593, 1802, 1861, 3348, 4487, 17749, 6105, 10471, 17472, 10200, 1182, 14180, 1076, 10156, 4839, 9903, 4879, 9720, 2157, 15344, 16067, 3064, 17182, 5368, 4987, 18484, 18923, 11896, 1052, 15727, 15289, 5885, 1933, 5251, 17072, 6038, 6195, 13524, 6606, 18506, 17536, 6784, 3231, 14121, 8925, 10030, 803, 13764, 146, 19268, 14099, 4130, 16372, 1537, 12248, 13718, 17187, 11728, 1740, 19233, 5600, 4092, 4779, 6028, 3395, 16152, 19150, 2417, 11980, 11237, 8427, 18127, 3538, 9257, 607, 2078, 18457, 5802, 3435, 15019, 4256, 9221, 13465, 11742, 5788, 9528, 17493, 4607, 3131, 6616, 5356, 1550, 4617, 8827, 849, 2601, 4437, 17861, 10261, 15704, 3890, 8149, 12063, 3086, 15925, 12301, 6847, 5603, 7768, 3187, 13372, 9258, 6584, 7594, 2603, 1835, 17380, 17193, 15251, 15937, 18731, 4082, 14911, 16626, 8824, 16208, 10167, 17711, 9678, 15852, 13620, 16479, 14586, 2446, 4866, 1315, 7746, 10615, 7927, 2443, 7157, 13506, 18410, 10494]",2898,1500,3,False,1500
1710,general explain,general explain,22,True,True,True,"{21: 26, 33: 14, 2: 18, 29: 13, 25: 57, 43: 9, 57: 16, 49: 16, 61: 14, 67: 52, 65: 21, 50: 28, 15: 53, 6: 13, 46: 15, 27: 69, 7: 65, 48: 67, 19: 21, 31: 14, 63: 26, 22: 39, 9: 79, 26: 40, 47: 15, 53: 66, 11: 19, 51: 26, 54: 9, 13: 32, 17: 37, 52: 30, 39: 27, 38: 19, 1: 6, 59: 33, 56: 23, 32: 9, 8: 25, 4: 12, 20: 26, 24: 7, 18: 31, 42: 7, 28: 31, 45: 57, 0: 13, 66: 11, 62: 11, 35: 7, 64: 15, 37: 2, 40: 25, 3: 3, 14: 5, 12: 8, 16: 15, 55: 16, 30: 13, 58: 6, 36: 4, 60: 5, 5: 3, 41: 2, 44: 2, 34: 2}","[12686, 3384, 6034, 14374, 14516, 14680, 18580, 5912, 661, 4433, 14182, 14634, 14672, 13694, 17233, 12320, 12666, 7276, 14925, 15315, 1125, 14820, 3769, 14096, 12401, 14972, 14176, 4685, 4278, 5735, 7514, 16051, 15882, 4696, 17145, 19193, 12994, 9901, 13641, 15193, 6739, 9240, 1608, 14664, 18117, 5676, 15714, 5964, 5329, 16651, 15936, 14441, 15878, 18316, 14255, 18692, 5858, 4640, 10716, 13839, 16635, 2097, 11464, 12427, 2320, 14629, 7617, 16183, 16205, 2170, 4384, 6683, 5285, 18707, 6780, 4231, 2404, 4895, 18091, 2944, 13054, 3904, 3491, 9455, 15985, 10432, 8657, 15304, 9114, 5838, 5197, 17244, 6207, 3970, 17246, 3950, 6168, 8697, 6800, 9942, 11118, 8582, 6355, 15275, 4581, 12724, 11921, 1833, 523, 7619, 15729, 176, 8576, 3101, 1573, 1283, 11796, 11277, 2547, 1738, 6806, 15187, 7129, 5179, 5854, 16373, 9231, 6270, 777, 2062, 13249, 4144, 6325, 3924, 5350, 14414, 3142, 2249, 6444, 13582, 2833, 18030, 6483, 18404, 15057, 7482, 15001, 15872, 14584, 10835, 954, 7257, 1381, 17819, 17518, 6497, 14430, 4901, 16466, 10805, 132, 7506, 755, 14427, 12119, 16613, 19042, 14994, 11257, 8042, 2144, 5966, 1580, 8010, 2550, 10684, 14088, 5037, 8764, 17076, 14185, 15984, 5299, 16601, 19182, 13197, 14561, 12605, 17010, 2703, 6715, 11207, 10188, 212, 2293, 17676, 1720, 5934, 112, 8568, 15870, 3226, 4524, 4431, 5141, 5383, 7609, 12807, 19001, 14368, 6704, 14903, 4172, 117, 18698, 1699, 16558, 7518, 10618, 2110, 10308, 7828, 6623, 17644, 4449, 951, 13858, 15106, 8402, 916, 4771, 8608, 6448, 6656, 13547, 2814, 8336, 8093, 6398, 637, 9909, 10621, 786, 14146, 17292, 9457, 3, 2884, 14785, 10504, 16361, 8181, 17690, 654, 11067, 18741, 386, 18208, 10130, 8079, 7082, 14740, 8076, 18619, 14428, 10992, 12679, 9431, 18328, 13606, 7641, 13542, 1002, 11975, 15646, 19078, 1352, 8683, 16053, 11763, 14823, 7059, 4995, 3754, 6213, 10090, 19084, 1973, 8131, 5353, 836, 13960, 3217, 4885, 9645, 16941, 14750, 13171, 9132, 1355, 4440, 15747, 8233, 6008, 12781, 16749, 13905, 18198, 5033, 2910, 16502, 1233, 965, 16926, 3944, 13518, 18213, 12739, 9972, 14609, 5764, 6128, 9532, 12680, 3672, 5458, 6822, 11547, 3163, 8040, 14081, 8369, 18182, 17541, 11552, 12451, 15074, 1783, 17730, 1690, 16992, 2490, 2459, 18065, 320, 18311, 45, 9495, 4572, 544, 12731, 16811, 15096, 14957, 4594, 16607, 2449, 7791, 13659, 8892, 1713, 17336, 6598, 13832, 10495, 18937, 3067, 3473, 12715, 13492, 14787, 16503, 17899, 16638, 2408, 7141, 10590, 2917, 14650, 12571, 4321, 2855, 1829, 3736, 3381, 11069, 16093, 15201, 14311, 9836, 18289, 16899, 897, 13981, 12223, 8884, 15721, 7778, 13648, 5737, 6550, 19249, 2715, 447, 12941, 8915, 18963, 16291, 760, 5869, 3635, 3439, 6740, 5003, 3174, 2945, 16056, 4860, 11216, 7363, 1147, 12124, 9764, 11245, 4361, 7784, 16285, 17057, 11203, 5114, 17655, 12056, 17890, 7741, 15799, 10258, 16088, 19222, 15303, 1433, 5991, 322, 2322, 3156, 9940, 7814, 17068, 16968, 10018, 1991, 11946, 8705, 10371, 4619, 11074, 2034, 15550, 11743, 18666, 13494, 14175, 13948, 15123, 11154, 10397, 1701, 4770, 839, 12085, 16500, 16241, 1535, 18782, 2221, 539, 18405, 4245, 103, 1571, 16945, 12196, 9441, 1732, 1367, 3596, 4794, 7230, 5245, 17483, 2955, 2003, 11509, 4044, 12934, 3456, 16693, 593, 4582, 14076, 10972, 1965, 7227, 14324, 8658, 3772, 8355, 11889, 1908, 2684, 10026, 1666, 16507, 5589, 9295, 8389, 2099, 18653, 13808, 19147, 6675, 10970, 2788, 19028, 16983, 16166, 9845, 8160, 11381, 10088, 10333, 11716, 14695, 12697, 4365, 3747, 17296, 11904, 74, 7047, 10639, 13094, 940, 10478, 2032, 6642, 14896, 10840, 5430, 5556, 12597, 2183, 18403, 4252, 14613, 18283, 8790, 12140, 13540, 13353, 14114, 13297, 4056, 14038, 11299, 13770, 11433, 14285, 1526, 1955, 15711, 255, 12481, 612, 1635, 4886, 357, 11434, 9524, 13106, 2607, 5391, 9406, 2331, 624, 2749, 17849, 9829, 11436, 18426, 9481, 18550, 15647, 532, 11720, 11824, 15610, 15741, 7902, 13558, 17967, 14539, 17889, 4631, 1238, 16921, 7787, 15293, 3108, 8215, 2851, 4514, 12938, 16730, 17178, 4890, 17960, 4725, 7917, 3191, 8231, 16341, 8195, 10913, 2173, 5557, 2637, 16896, 5806, 1815, 1451, 8864, 2290, 12108, 5328, 6203, 2431, 7508, 17898, 17188, 6897, 1199, 15526, 18437, 6631, 8644, 16917, 14964, 14233, 2454, 584, 4830, 7199, 4180, 14889, 5761, 13756, 6917, 7756, 18880, 15095, 1816, 14070, 16252, 7429, 16589, 1631, 15968, 15221, 12478, 18594, 1477, 5637, 12058, 1205, 13397, 9107, 18654, 1968, 3759, 13147, 14144, 14973, 12452, 18020, 13592, 17920, 13687, 11335, 7207, 418, 7834, 778, 12982, 10688, 9031, 509, 9601, 9780, 17040, 12023, 3916, 91, 6536, 18535, 7547, 15240, 707, 14533, 15064, 17012, 16805, 8637, 5969, 16221, 1940, 13307, 4717, 12615, 18220, 11028, 12170, 1743, 2376, 12415, 14220, 18827, 1294, 18543, 6977, 15309, 11778, 11842, 17103, 3857, 4637, 12162, 19169, 17166, 18237, 17818, 9507, 19022, 5790, 19112, 15611, 1118, 15184, 18703, 1817, 15530, 16579, 8437, 11839, 11378, 3537, 9205, 9217, 16272, 18759, 16828, 12002, 8348, 1723, 3481, 14115, 379, 8544, 264, 6015, 7672, 2253, 7364, 3706, 13796, 17139, 16125, 12059, 9623, 7185, 2418, 18230, 3087, 281, 4379, 1796, 8459, 4400, 17824, 2736, 16446, 13525, 15341, 3275, 7872, 1662, 7557, 4319, 15442, 7181, 10456, 4963, 17048, 16943, 12784, 3441, 5240, 9975, 13216, 17702, 11594, 13554, 6165, 19168, 16070, 3540, 3262, 10661, 4061, 13173, 2875, 17014, 4349, 10818, 8428, 16764, 14232, 8930, 15734, 17680, 7069, 15684, 17050, 18987, 6914, 6863, 19263, 10595, 150, 10039, 2722, 18223, 16444, 6559, 7258, 2661, 7699, 17136, 12773, 4247, 5723, 15194, 1696, 1500, 2807, 9893, 11835, 13240, 18313, 17107, 10265, 10244, 5570, 2862, 14049, 1012, 12861, 723, 9583, 17461, 10056, 1264, 8297, 3716, 14666, 15259, 13531, 543, 13723, 16810, 6700, 3516, 13766, 7186, 10692, 6321, 15484, 14547, 8744, 3703, 10383, 16829, 6366, 6846, 3906, 2021, 18133, 857, 279, 12232, 10212, 10541, 12325, 13475, 1225, 937, 6966, 10881, 16936, 18502, 1440, 11914, 3326, 5633, 14913, 4623, 10743, 12361, 17335, 1072, 5043, 14810, 15077, 3255, 17215, 6553, 17852, 4801, 6962, 3060, 9430, 8799, 13824, 188, 15175, 15163, 4733, 5011, 3536, 17635, 6532, 14071, 6112, 17158, 6597, 11272, 105, 19219, 5013, 12483, 201, 6848, 17033, 6367, 7859, 14702, 18844, 7053, 18694, 15670, 636, 10129, 6378, 5369, 7273, 16247, 9142, 15345, 16817, 14854, 2600, 15783, 889, 11833, 6612, 2068, 2427, 7062, 7918, 16181, 5464, 8339, 8950, 8453, 16423, 6064, 2380, 4268, 13929, 12974, 19141, 1299, 2484, 3883, 3273, 8772, 13256, 11239, 5766, 18098, 12705, 11004, 2695, 10048, 10960, 2766, 15661, 13258, 8015, 6032, 16397, 7749, 19039, 7634, 15076, 4234, 15114, 8475, 8091, 19220, 18004, 9704, 13918, 15569, 16443, 10015, 9943, 7817, 9349, 2588, 8249, 398, 5316, 15538, 18372, 13559, 2937, 2803, 16248, 6155, 630, 9911, 13190, 19157, 15788, 13248, 13148, 1320, 12074, 8471, 8798, 3213, 12418, 814, 2402, 12718, 12397, 10564, 9875, 10128, 6947, 9491, 17707, 3266, 19196, 14309, 18523, 19043, 17975, 18063, 11618, 15016, 14434, 7680, 1739, 18029, 11694, 1745, 9271, 5189, 9561, 11283, 14978, 10753, 16017, 12914, 978, 2828, 17257, 13135, 5061, 121, 6602, 16015, 19271, 12159, 1244, 8260, 13195, 15873, 12815, 14291, 14515, 118, 4892, 14985, 9551, 12654, 4739, 927, 12176, 9523, 11726, 18187, 5880, 2569, 3386, 13942, 3390, 15774, 129, 65, 12922, 8422, 12692, 16213, 11515, 2111, 8347, 10758, 14064, 4401, 17782, 15621, 6709, 14716, 4091, 13964, 8424, 4218, 7249, 11311, 11171, 18564, 14755, 7114, 14009, 14815, 294, 495, 7684, 6833, 4046, 3505, 16995, 17858, 7761, 15803, 9840, 13958, 8226, 10369, 12497, 17142, 1748, 2854, 7159, 11539, 11055, 13337, 17173, 14214, 6803, 11144, 12649, 283, 15489, 13174, 7015, 610, 7030, 18206, 14077, 15468, 14962, 8046, 7809, 17387, 16034, 16678, 1173, 3502, 12942, 15655, 16859, 7099, 1673, 446, 1365, 5881, 3713, 11697, 1897, 16001, 1702, 14149, 11876, 9341, 4325, 6923, 2001, 138, 3276, 18716, 17604, 10501, 115, 12800, 6111, 11148, 4549, 16057, 4707, 6843, 16091, 4295, 7519, 13708, 12409, 11018, 5052, 13566, 14715, 12755, 793, 10837, 1888, 12375, 3935, 5763, 11791, 11258, 13264, 11469, 4683, 8905, 1853, 11600, 4421, 2798, 5074, 18141, 13807, 8595, 8126, 13837, 8060, 6956, 11767, 14560, 9389, 15261, 1232, 12560, 7262, 11504, 3546, 4627, 1177, 517, 4008, 9219, 17696, 4148, 14124, 13243, 11235, 7561, 8331, 16320, 3591, 11341, 4015, 12028, 14929, 18601, 3528, 14065, 1510, 19191, 13833, 17616, 10869, 17689, 831, 16725, 6319, 15465, 10467, 8162, 13563, 7728, 10778, 13545, 12290, 16480, 14401, 12838, 4212, 17529, 4832, 15111, 12690, 10373, 7596, 18614, 17477, 1043, 13100, 4774, 17479, 3774, 9302, 3901, 13071, 6412, 9516, 1261, 3054, 13522, 17602, 14343, 18500, 10957, 2791, 9624, 3634, 17904, 5709, 14670, 11058, 7087, 7435, 13848, 82, 5565, 2562, 14029, 3583, 1676, 12709, 18473, 3158, 12787, 8068, 8263, 16146, 3593, 1802, 1861, 3348, 4487, 17749, 6105, 10471, 17472, 10200, 1182, 14180, 1076, 10156, 4839, 9903, 4879, 9720, 2157, 15344, 16067, 3064, 17182, 5368, 4987, 18484, 18923, 11896, 1052, 15727, 15289, 5885, 1933, 5251, 17072, 6038, 6195, 13524, 6606, 18506, 17536, 6784, 3231, 14121, 8925, 10030, 803, 13764, 146, 19268, 14099, 4130, 16372, 1537, 12248, 13718, 17187, 11728, 1740, 19233, 5600, 4092, 4779, 6028, 3395, 16152, 19150, 2417, 11980, 11237, 8427, 18127, 3538, 9257, 607, 2078, 18457, 5802, 3435, 15019, 4256, 9221, 13465, 11742, 5788, 9528, 17493, 4607, 3131, 6616, 5356, 1550, 4617, 8827, 849, 2601, 4437, 17861, 10261, 15704, 3890, 8149, 12063, 3086, 15925, 12301, 6847, 5603, 7768, 3187, 13372, 9258, 6584, 7594, 2603, 1835, 17380, 17193, 15251, 15937, 18731, 4082, 14911, 16626, 8824, 16208, 10167, 17711, 9678, 15852, 13620, 16479, 14586, 2446, 4866, 1315, 7746, 10615, 7927, 2443, 7157, 13506, 18410, 10494]",1710,1500,3,False,1500
4202,general repeat,general repeat,28,True,True,True,"{21: 26, 33: 14, 2: 18, 29: 13, 25: 57, 43: 9, 57: 16, 49: 16, 61: 14, 67: 52, 65: 21, 50: 28, 15: 53, 6: 13, 46: 15, 27: 69, 7: 65, 48: 67, 19: 21, 31: 14, 63: 26, 22: 39, 9: 79, 26: 40, 47: 15, 53: 66, 11: 19, 51: 26, 54: 9, 13: 32, 17: 37, 52: 30, 39: 27, 38: 19, 1: 6, 59: 33, 56: 23, 32: 9, 8: 25, 4: 12, 20: 26, 24: 7, 18: 31, 42: 7, 28: 31, 45: 57, 0: 13, 66: 11, 62: 11, 35: 7, 64: 15, 37: 2, 40: 25, 3: 3, 14: 5, 12: 8, 16: 15, 55: 16, 30: 13, 58: 6, 36: 4, 60: 5, 5: 3, 41: 2, 44: 2, 34: 2}","[12686, 3384, 6034, 14374, 14516, 14680, 18580, 5912, 661, 4433, 14182, 14634, 14672, 13694, 17233, 12320, 12666, 7276, 14925, 15315, 1125, 14820, 3769, 14096, 12401, 14972, 14176, 4685, 4278, 5735, 7514, 16051, 15882, 4696, 17145, 19193, 12994, 9901, 13641, 15193, 6739, 9240, 1608, 14664, 18117, 5676, 15714, 5964, 5329, 16651, 15936, 14441, 15878, 18316, 14255, 18692, 5858, 4640, 10716, 13839, 16635, 2097, 11464, 12427, 2320, 14629, 7617, 16183, 16205, 2170, 4384, 6683, 5285, 18707, 6780, 4231, 2404, 4895, 18091, 2944, 13054, 3904, 3491, 9455, 15985, 10432, 8657, 15304, 9114, 5838, 5197, 17244, 6207, 3970, 17246, 3950, 6168, 8697, 6800, 9942, 11118, 8582, 6355, 15275, 4581, 12724, 11921, 1833, 523, 7619, 15729, 176, 8576, 3101, 1573, 1283, 11796, 11277, 2547, 1738, 6806, 15187, 7129, 5179, 5854, 16373, 9231, 6270, 777, 2062, 13249, 4144, 6325, 3924, 5350, 14414, 3142, 2249, 6444, 13582, 2833, 18030, 6483, 18404, 15057, 7482, 15001, 15872, 14584, 10835, 954, 7257, 1381, 17819, 17518, 6497, 14430, 4901, 16466, 10805, 132, 7506, 755, 14427, 12119, 16613, 19042, 14994, 11257, 8042, 2144, 5966, 1580, 8010, 2550, 10684, 14088, 5037, 8764, 17076, 14185, 15984, 5299, 16601, 19182, 13197, 14561, 12605, 17010, 2703, 6715, 11207, 10188, 212, 2293, 17676, 1720, 5934, 112, 8568, 15870, 3226, 4524, 4431, 5141, 5383, 7609, 12807, 19001, 14368, 6704, 14903, 4172, 117, 18698, 1699, 16558, 7518, 10618, 2110, 10308, 7828, 6623, 17644, 4449, 951, 13858, 15106, 8402, 916, 4771, 8608, 6448, 6656, 13547, 2814, 8336, 8093, 6398, 637, 9909, 10621, 786, 14146, 17292, 9457, 3, 2884, 14785, 10504, 16361, 8181, 17690, 654, 11067, 18741, 386, 18208, 10130, 8079, 7082, 14740, 8076, 18619, 14428, 10992, 12679, 9431, 18328, 13606, 7641, 13542, 1002, 11975, 15646, 19078, 1352, 8683, 16053, 11763, 14823, 7059, 4995, 3754, 6213, 10090, 19084, 1973, 8131, 5353, 836, 13960, 3217, 4885, 9645, 16941, 14750, 13171, 9132, 1355, 4440, 15747, 8233, 6008, 12781, 16749, 13905, 18198, 5033, 2910, 16502, 1233, 965, 16926, 3944, 13518, 18213, 12739, 9972, 14609, 5764, 6128, 9532, 12680, 3672, 5458, 6822, 11547, 3163, 8040, 14081, 8369, 18182, 17541, 11552, 12451, 15074, 1783, 17730, 1690, 16992, 2490, 2459, 18065, 320, 18311, 45, 9495, 4572, 544, 12731, 16811, 15096, 14957, 4594, 16607, 2449, 7791, 13659, 8892, 1713, 17336, 6598, 13832, 10495, 18937, 3067, 3473, 12715, 13492, 14787, 16503, 17899, 16638, 2408, 7141, 10590, 2917, 14650, 12571, 4321, 2855, 1829, 3736, 3381, 11069, 16093, 15201, 14311, 9836, 18289, 16899, 897, 13981, 12223, 8884, 15721, 7778, 13648, 5737, 6550, 19249, 2715, 447, 12941, 8915, 18963, 16291, 760, 5869, 3635, 3439, 6740, 5003, 3174, 2945, 16056, 4860, 11216, 7363, 1147, 12124, 9764, 11245, 4361, 7784, 16285, 17057, 11203, 5114, 17655, 12056, 17890, 7741, 15799, 10258, 16088, 19222, 15303, 1433, 5991, 322, 2322, 3156, 9940, 7814, 17068, 16968, 10018, 1991, 11946, 8705, 10371, 4619, 11074, 2034, 15550, 11743, 18666, 13494, 14175, 13948, 15123, 11154, 10397, 1701, 4770, 839, 12085, 16500, 16241, 1535, 18782, 2221, 539, 18405, 4245, 103, 1571, 16945, 12196, 9441, 1732, 1367, 3596, 4794, 7230, 5245, 17483, 2955, 2003, 11509, 4044, 12934, 3456, 16693, 593, 4582, 14076, 10972, 1965, 7227, 14324, 8658, 3772, 8355, 11889, 1908, 2684, 10026, 1666, 16507, 5589, 9295, 8389, 2099, 18653, 13808, 19147, 6675, 10970, 2788, 19028, 16983, 16166, 9845, 8160, 11381, 10088, 10333, 11716, 14695, 12697, 4365, 3747, 17296, 11904, 74, 7047, 10639, 13094, 940, 10478, 2032, 6642, 14896, 10840, 5430, 5556, 12597, 2183, 18403, 4252, 14613, 18283, 8790, 12140, 13540, 13353, 14114, 13297, 4056, 14038, 11299, 13770, 11433, 14285, 1526, 1955, 15711, 255, 12481, 612, 1635, 4886, 357, 11434, 9524, 13106, 2607, 5391, 9406, 2331, 624, 2749, 17849, 9829, 11436, 18426, 9481, 18550, 15647, 532, 11720, 11824, 15610, 15741, 7902, 13558, 17967, 14539, 17889, 4631, 1238, 16921, 7787, 15293, 3108, 8215, 2851, 4514, 12938, 16730, 17178, 4890, 17960, 4725, 7917, 3191, 8231, 16341, 8195, 10913, 2173, 5557, 2637, 16896, 5806, 1815, 1451, 8864, 2290, 12108, 5328, 6203, 2431, 7508, 17898, 17188, 6897, 1199, 15526, 18437, 6631, 8644, 16917, 14964, 14233, 2454, 584, 4830, 7199, 4180, 14889, 5761, 13756, 6917, 7756, 18880, 15095, 1816, 14070, 16252, 7429, 16589, 1631, 15968, 15221, 12478, 18594, 1477, 5637, 12058, 1205, 13397, 9107, 18654, 1968, 3759, 13147, 14144, 14973, 12452, 18020, 13592, 17920, 13687, 11335, 7207, 418, 7834, 778, 12982, 10688, 9031, 509, 9601, 9780, 17040, 12023, 3916, 91, 6536, 18535, 7547, 15240, 707, 14533, 15064, 17012, 16805, 8637, 5969, 16221, 1940, 13307, 4717, 12615, 18220, 11028, 12170, 1743, 2376, 12415, 14220, 18827, 1294, 18543, 6977, 15309, 11778, 11842, 17103, 3857, 4637, 12162, 19169, 17166, 18237, 17818, 9507, 19022, 5790, 19112, 15611, 1118, 15184, 18703, 1817, 15530, 16579, 8437, 11839, 11378, 3537, 9205, 9217, 16272, 18759, 16828, 12002, 8348, 1723, 3481, 14115, 379, 8544, 264, 6015, 7672, 2253, 7364, 3706, 13796, 17139, 16125, 12059, 9623, 7185, 2418, 18230, 3087, 281, 4379, 1796, 8459, 4400, 17824, 2736, 16446, 13525, 15341, 3275, 7872, 1662, 7557, 4319, 15442, 7181, 10456, 4963, 17048, 16943, 12784, 3441, 5240, 9975, 13216, 17702, 11594, 13554, 6165, 19168, 16070, 3540, 3262, 10661, 4061, 13173, 2875, 17014, 4349, 10818, 8428, 16764, 14232, 8930, 15734, 17680, 7069, 15684, 17050, 18987, 6914, 6863, 19263, 10595, 150, 10039, 2722, 18223, 16444, 6559, 7258, 2661, 7699, 17136, 12773, 4247, 5723, 15194, 1696, 1500, 2807, 9893, 11835, 13240, 18313, 17107, 10265, 10244, 5570, 2862, 14049, 1012, 12861, 723, 9583, 17461, 10056, 1264, 8297, 3716, 14666, 15259, 13531, 543, 13723, 16810, 6700, 3516, 13766, 7186, 10692, 6321, 15484, 14547, 8744, 3703, 10383, 16829, 6366, 6846, 3906, 2021, 18133, 857, 279, 12232, 10212, 10541, 12325, 13475, 1225, 937, 6966, 10881, 16936, 18502, 1440, 11914, 3326, 5633, 14913, 4623, 10743, 12361, 17335, 1072, 5043, 14810, 15077, 3255, 17215, 6553, 17852, 4801, 6962, 3060, 9430, 8799, 13824, 188, 15175, 15163, 4733, 5011, 3536, 17635, 6532, 14071, 6112, 17158, 6597, 11272, 105, 19219, 5013, 12483, 201, 6848, 17033, 6367, 7859, 14702, 18844, 7053, 18694, 15670, 636, 10129, 6378, 5369, 7273, 16247, 9142, 15345, 16817, 14854, 2600, 15783, 889, 11833, 6612, 2068, 2427, 7062, 7918, 16181, 5464, 8339, 8950, 8453, 16423, 6064, 2380, 4268, 13929, 12974, 19141, 1299, 2484, 3883, 3273, 8772, 13256, 11239, 5766, 18098, 12705, 11004, 2695, 10048, 10960, 2766, 15661, 13258, 8015, 6032, 16397, 7749, 19039, 7634, 15076, 4234, 15114, 8475, 8091, 19220, 18004, 9704, 13918, 15569, 16443, 10015, 9943, 7817, 9349, 2588, 8249, 398, 5316, 15538, 18372, 13559, 2937, 2803, 16248, 6155, 630, 9911, 13190, 19157, 15788, 13248, 13148, 1320, 12074, 8471, 8798, 3213, 12418, 814, 2402, 12718, 12397, 10564, 9875, 10128, 6947, 9491, 17707, 3266, 19196, 14309, 18523, 19043, 17975, 18063, 11618, 15016, 14434, 7680, 1739, 18029, 11694, 1745, 9271, 5189, 9561, 11283, 14978, 10753, 16017, 12914, 978, 2828, 17257, 13135, 5061, 121, 6602, 16015, 19271, 12159, 1244, 8260, 13195, 15873, 12815, 14291, 14515, 118, 4892, 14985, 9551, 12654, 4739, 927, 12176, 9523, 11726, 18187, 5880, 2569, 3386, 13942, 3390, 15774, 129, 65, 12922, 8422, 12692, 16213, 11515, 2111, 8347, 10758, 14064, 4401, 17782, 15621, 6709, 14716, 4091, 13964, 8424, 4218, 7249, 11311, 11171, 18564, 14755, 7114, 14009, 14815, 294, 495, 7684, 6833, 4046, 3505, 16995, 17858, 7761, 15803, 9840, 13958, 8226, 10369, 12497, 17142, 1748, 2854, 7159, 11539, 11055, 13337, 17173, 14214, 6803, 11144, 12649, 283, 15489, 13174, 7015, 610, 7030, 18206, 14077, 15468, 14962, 8046, 7809, 17387, 16034, 16678, 1173, 3502, 12942, 15655, 16859, 7099, 1673, 446, 1365, 5881, 3713, 11697, 1897, 16001, 1702, 14149, 11876, 9341, 4325, 6923, 2001, 138, 3276, 18716, 17604, 10501, 115, 12800, 6111, 11148, 4549, 16057, 4707, 6843, 16091, 4295, 7519, 13708, 12409, 11018, 5052, 13566, 14715, 12755, 793, 10837, 1888, 12375, 3935, 5763, 11791, 11258, 13264, 11469, 4683, 8905, 1853, 11600, 4421, 2798, 5074, 18141, 13807, 8595, 8126, 13837, 8060, 6956, 11767, 14560, 9389, 15261, 1232, 12560, 7262, 11504, 3546, 4627, 1177, 517, 4008, 9219, 17696, 4148, 14124, 13243, 11235, 7561, 8331, 16320, 3591, 11341, 4015, 12028, 14929, 18601, 3528, 14065, 1510, 19191, 13833, 17616, 10869, 17689, 831, 16725, 6319, 15465, 10467, 8162, 13563, 7728, 10778, 13545, 12290, 16480, 14401, 12838, 4212, 17529, 4832, 15111, 12690, 10373, 7596, 18614, 17477, 1043, 13100, 4774, 17479, 3774, 9302, 3901, 13071, 6412, 9516, 1261, 3054, 13522, 17602, 14343, 18500, 10957, 2791, 9624, 3634, 17904, 5709, 14670, 11058, 7087, 7435, 13848, 82, 5565, 2562, 14029, 3583, 1676, 12709, 18473, 3158, 12787, 8068, 8263, 16146, 3593, 1802, 1861, 3348, 4487, 17749, 6105, 10471, 17472, 10200, 1182, 14180, 1076, 10156, 4839, 9903, 4879, 9720, 2157, 15344, 16067, 3064, 17182, 5368, 4987, 18484, 18923, 11896, 1052, 15727, 15289, 5885, 1933, 5251, 17072, 6038, 6195, 13524, 6606, 18506, 17536, 6784, 3231, 14121, 8925, 10030, 803, 13764, 146, 19268, 14099, 4130, 16372, 1537, 12248, 13718, 17187, 11728, 1740, 19233, 5600, 4092, 4779, 6028, 3395, 16152, 19150, 2417, 11980, 11237, 8427, 18127, 3538, 9257, 607, 2078, 18457, 5802, 3435, 15019, 4256, 9221, 13465, 11742, 5788, 9528, 17493, 4607, 3131, 6616, 5356, 1550, 4617, 8827, 849, 2601, 4437, 17861, 10261, 15704, 3890, 8149, 12063, 3086, 15925, 12301, 6847, 5603, 7768, 3187, 13372, 9258, 6584, 7594, 2603, 1835, 17380, 17193, 15251, 15937, 18731, 4082, 14911, 16626, 8824, 16208, 10167, 17711, 9678, 15852, 13620, 16479, 14586, 2446, 4866, 1315, 7746, 10615, 7927, 2443, 7157, 13506, 18410, 10494]",4202,1500,3,False,1500
5358,email sendemail,email s,17,True,True,False,"{21: 26, 33: 14, 2: 18, 29: 13, 25: 57, 43: 9, 57: 16, 49: 16, 61: 14, 67: 52, 65: 21, 50: 28, 15: 53, 6: 13, 46: 15, 27: 69, 7: 65, 48: 67, 19: 21, 31: 14, 63: 26, 22: 39, 9: 79, 26: 40, 47: 15, 53: 66, 11: 19, 51: 26, 54: 9, 13: 32, 17: 37, 52: 30, 39: 27, 38: 19, 1: 6, 59: 33, 56: 23, 32: 9, 8: 25, 4: 12, 20: 26, 24: 7, 18: 31, 42: 7, 28: 31, 45: 57, 0: 13, 66: 11, 62: 11, 35: 7, 64: 15, 37: 2, 40: 25, 3: 3, 14: 5, 12: 8, 16: 15, 55: 16, 30: 13, 58: 6, 36: 4, 60: 5, 5: 3, 41: 2, 44: 2, 34: 2}","[12686, 3384, 6034, 14374, 14516, 14680, 18580, 5912, 661, 4433, 14182, 14634, 14672, 13694, 17233, 12320, 12666, 7276, 14925, 15315, 1125, 14820, 3769, 14096, 12401, 14972, 14176, 4685, 4278, 5735, 7514, 16051, 15882, 4696, 17145, 19193, 12994, 9901, 13641, 15193, 6739, 9240, 1608, 14664, 18117, 5676, 15714, 5964, 5329, 16651, 15936, 14441, 15878, 18316, 14255, 18692, 5858, 4640, 10716, 13839, 16635, 2097, 11464, 12427, 2320, 14629, 7617, 16183, 16205, 2170, 4384, 6683, 5285, 18707, 6780, 4231, 2404, 4895, 18091, 2944, 13054, 3904, 3491, 9455, 15985, 10432, 8657, 15304, 9114, 5838, 5197, 17244, 6207, 3970, 17246, 3950, 6168, 8697, 6800, 9942, 11118, 8582, 6355, 15275, 4581, 12724, 11921, 1833, 523, 7619, 15729, 176, 8576, 3101, 1573, 1283, 11796, 11277, 2547, 1738, 6806, 15187, 7129, 5179, 5854, 16373, 9231, 6270, 777, 2062, 13249, 4144, 6325, 3924, 5350, 14414, 3142, 2249, 6444, 13582, 2833, 18030, 6483, 18404, 15057, 7482, 15001, 15872, 14584, 10835, 954, 7257, 1381, 17819, 17518, 6497, 14430, 4901, 16466, 10805, 132, 7506, 755, 14427, 12119, 16613, 19042, 14994, 11257, 8042, 2144, 5966, 1580, 8010, 2550, 10684, 14088, 5037, 8764, 17076, 14185, 15984, 5299, 16601, 19182, 13197, 14561, 12605, 17010, 2703, 6715, 11207, 10188, 212, 2293, 17676, 1720, 5934, 112, 8568, 15870, 3226, 4524, 4431, 5141, 5383, 7609, 12807, 19001, 14368, 6704, 14903, 4172, 117, 18698, 1699, 16558, 7518, 10618, 2110, 10308, 7828, 6623, 17644, 4449, 951, 13858, 15106, 8402, 916, 4771, 8608, 6448, 6656, 13547, 2814, 8336, 8093, 6398, 637, 9909, 10621, 786, 14146, 17292, 9457, 3, 2884, 14785, 10504, 16361, 8181, 17690, 654, 11067, 18741, 386, 18208, 10130, 8079, 7082, 14740, 8076, 18619, 14428, 10992, 12679, 9431, 18328, 13606, 7641, 13542, 1002, 11975, 15646, 19078, 1352, 8683, 16053, 11763, 14823, 7059, 4995, 3754, 6213, 10090, 19084, 1973, 8131, 5353, 836, 13960, 3217, 4885, 9645, 16941, 14750, 13171, 9132, 1355, 4440, 15747, 8233, 6008, 12781, 16749, 13905, 18198, 5033, 2910, 16502, 1233, 965, 16926, 3944, 13518, 18213, 12739, 9972, 14609, 5764, 6128, 9532, 12680, 3672, 5458, 6822, 11547, 3163, 8040, 14081, 8369, 18182, 17541, 11552, 12451, 15074, 1783, 17730, 1690, 16992, 2490, 2459, 18065, 320, 18311, 45, 9495, 4572, 544, 12731, 16811, 15096, 14957, 4594, 16607, 2449, 7791, 13659, 8892, 1713, 17336, 6598, 13832, 10495, 18937, 3067, 3473, 12715, 13492, 14787, 16503, 17899, 16638, 2408, 7141, 10590, 2917, 14650, 12571, 4321, 2855, 1829, 3736, 3381, 11069, 16093, 15201, 14311, 9836, 18289, 16899, 897, 13981, 12223, 8884, 15721, 7778, 13648, 5737, 6550, 19249, 2715, 447, 12941, 8915, 18963, 16291, 760, 5869, 3635, 3439, 6740, 5003, 3174, 2945, 16056, 4860, 11216, 7363, 1147, 12124, 9764, 11245, 4361, 7784, 16285, 17057, 11203, 5114, 17655, 12056, 17890, 7741, 15799, 10258, 16088, 19222, 15303, 1433, 5991, 322, 2322, 3156, 9940, 7814, 17068, 16968, 10018, 1991, 11946, 8705, 10371, 4619, 11074, 2034, 15550, 11743, 18666, 13494, 14175, 13948, 15123, 11154, 10397, 1701, 4770, 839, 12085, 16500, 16241, 1535, 18782, 2221, 539, 18405, 4245, 103, 1571, 16945, 12196, 9441, 1732, 1367, 3596, 4794, 7230, 5245, 17483, 2955, 2003, 11509, 4044, 12934, 3456, 16693, 593, 4582, 14076, 10972, 1965, 7227, 14324, 8658, 3772, 8355, 11889, 1908, 2684, 10026, 1666, 16507, 5589, 9295, 8389, 2099, 18653, 13808, 19147, 6675, 10970, 2788, 19028, 16983, 16166, 9845, 8160, 11381, 10088, 10333, 11716, 14695, 12697, 4365, 3747, 17296, 11904, 74, 7047, 10639, 13094, 940, 10478, 2032, 6642, 14896, 10840, 5430, 5556, 12597, 2183, 18403, 4252, 14613, 18283, 8790, 12140, 13540, 13353, 14114, 13297, 4056, 14038, 11299, 13770, 11433, 14285, 1526, 1955, 15711, 255, 12481, 612, 1635, 4886, 357, 11434, 9524, 13106, 2607, 5391, 9406, 2331, 624, 2749, 17849, 9829, 11436, 18426, 9481, 18550, 15647, 532, 11720, 11824, 15610, 15741, 7902, 13558, 17967, 14539, 17889, 4631, 1238, 16921, 7787, 15293, 3108, 8215, 2851, 4514, 12938, 16730, 17178, 4890, 17960, 4725, 7917, 3191, 8231, 16341, 8195, 10913, 2173, 5557, 2637, 16896, 5806, 1815, 1451, 8864, 2290, 12108, 5328, 6203, 2431, 7508, 17898, 17188, 6897, 1199, 15526, 18437, 6631, 8644, 16917, 14964, 14233, 2454, 584, 4830, 7199, 4180, 14889, 5761, 13756, 6917, 7756, 18880, 15095, 1816, 14070, 16252, 7429, 16589, 1631, 15968, 15221, 12478, 18594, 1477, 5637, 12058, 1205, 13397, 9107, 18654, 1968, 3759, 13147, 14144, 14973, 12452, 18020, 13592, 17920, 13687, 11335, 7207, 418, 7834, 778, 12982, 10688, 9031, 509, 9601, 9780, 17040, 12023, 3916, 91, 6536, 18535, 7547, 15240, 707, 14533, 15064, 17012, 16805, 8637, 5969, 16221, 1940, 13307, 4717, 12615, 18220, 11028, 12170, 1743, 2376, 12415, 14220, 18827, 1294, 18543, 6977, 15309, 11778, 11842, 17103, 3857, 4637, 12162, 19169, 17166, 18237, 17818, 9507, 19022, 5790, 19112, 15611, 1118, 15184, 18703, 1817, 15530, 16579, 8437, 11839, 11378, 3537, 9205, 9217, 16272, 18759, 16828, 12002, 8348, 1723, 3481, 14115, 379, 8544, 264, 6015, 7672, 2253, 7364, 3706, 13796, 17139, 16125, 12059, 9623, 7185, 2418, 18230, 3087, 281, 4379, 1796, 8459, 4400, 17824, 2736, 16446, 13525, 15341, 3275, 7872, 1662, 7557, 4319, 15442, 7181, 10456, 4963, 17048, 16943, 12784, 3441, 5240, 9975, 13216, 17702, 11594, 13554, 6165, 19168, 16070, 3540, 3262, 10661, 4061, 13173, 2875, 17014, 4349, 10818, 8428, 16764, 14232, 8930, 15734, 17680, 7069, 15684, 17050, 18987, 6914, 6863, 19263, 10595, 150, 10039, 2722, 18223, 16444, 6559, 7258, 2661, 7699, 17136, 12773, 4247, 5723, 15194, 1696, 1500, 2807, 9893, 11835, 13240, 18313, 17107, 10265, 10244, 5570, 2862, 14049, 1012, 12861, 723, 9583, 17461, 10056, 1264, 8297, 3716, 14666, 15259, 13531, 543, 13723, 16810, 6700, 3516, 13766, 7186, 10692, 6321, 15484, 14547, 8744, 3703, 10383, 16829, 6366, 6846, 3906, 2021, 18133, 857, 279, 12232, 10212, 10541, 12325, 13475, 1225, 937, 6966, 10881, 16936, 18502, 1440, 11914, 3326, 5633, 14913, 4623, 10743, 12361, 17335, 1072, 5043, 14810, 15077, 3255, 17215, 6553, 17852, 4801, 6962, 3060, 9430, 8799, 13824, 188, 15175, 15163, 4733, 5011, 3536, 17635, 6532, 14071, 6112, 17158, 6597, 11272, 105, 19219, 5013, 12483, 201, 6848, 17033, 6367, 7859, 14702, 18844, 7053, 18694, 15670, 636, 10129, 6378, 5369, 7273, 16247, 9142, 15345, 16817, 14854, 2600, 15783, 889, 11833, 6612, 2068, 2427, 7062, 7918, 16181, 5464, 8339, 8950, 8453, 16423, 6064, 2380, 4268, 13929, 12974, 19141, 1299, 2484, 3883, 3273, 8772, 13256, 11239, 5766, 18098, 12705, 11004, 2695, 10048, 10960, 2766, 15661, 13258, 8015, 6032, 16397, 7749, 19039, 7634, 15076, 4234, 15114, 8475, 8091, 19220, 18004, 9704, 13918, 15569, 16443, 10015, 9943, 7817, 9349, 2588, 8249, 398, 5316, 15538, 18372, 13559, 2937, 2803, 16248, 6155, 630, 9911, 13190, 19157, 15788, 13248, 13148, 1320, 12074, 8471, 8798, 3213, 12418, 814, 2402, 12718, 12397, 10564, 9875, 10128, 6947, 9491, 17707, 3266, 19196, 14309, 18523, 19043, 17975, 18063, 11618, 15016, 14434, 7680, 1739, 18029, 11694, 1745, 9271, 5189, 9561, 11283, 14978, 10753, 16017, 12914, 978, 2828, 17257, 13135, 5061, 121, 6602, 16015, 19271, 12159, 1244, 8260, 13195, 15873, 12815, 14291, 14515, 118, 4892, 14985, 9551, 12654, 4739, 927, 12176, 9523, 11726, 18187, 5880, 2569, 3386, 13942, 3390, 15774, 129, 65, 12922, 8422, 12692, 16213, 11515, 2111, 8347, 10758, 14064, 4401, 17782, 15621, 6709, 14716, 4091, 13964, 8424, 4218, 7249, 11311, 11171, 18564, 14755, 7114, 14009, 14815, 294, 495, 7684, 6833, 4046, 3505, 16995, 17858, 7761, 15803, 9840, 13958, 8226, 10369, 12497, 17142, 1748, 2854, 7159, 11539, 11055, 13337, 17173, 14214, 6803, 11144, 12649, 283, 15489, 13174, 7015, 610, 7030, 18206, 14077, 15468, 14962, 8046, 7809, 17387, 16034, 16678, 1173, 3502, 12942, 15655, 16859, 7099, 1673, 446, 1365, 5881, 3713, 11697, 1897, 16001, 1702, 14149, 11876, 9341, 4325, 6923, 2001, 138, 3276, 18716, 17604, 10501, 115, 12800, 6111, 11148, 4549, 16057, 4707, 6843, 16091, 4295, 7519, 13708, 12409, 11018, 5052, 13566, 14715, 12755, 793, 10837, 1888, 12375, 3935, 5763, 11791, 11258, 13264, 11469, 4683, 8905, 1853, 11600, 4421, 2798, 5074, 18141, 13807, 8595, 8126, 13837, 8060, 6956, 11767, 14560, 9389, 15261, 1232, 12560, 7262, 11504, 3546, 4627, 1177, 517, 4008, 9219, 17696, 4148, 14124, 13243, 11235, 7561, 8331, 16320, 3591, 11341, 4015, 12028, 14929, 18601, 3528, 14065, 1510, 19191, 13833, 17616, 10869, 17689, 831, 16725, 6319, 15465, 10467, 8162, 13563, 7728, 10778, 13545, 12290, 16480, 14401, 12838, 4212, 17529, 4832, 15111, 12690, 10373, 7596, 18614, 17477, 1043, 13100, 4774, 17479, 3774, 9302, 3901, 13071, 6412, 9516, 1261, 3054, 13522, 17602, 14343, 18500, 10957, 2791, 9624, 3634, 17904, 5709, 14670, 11058, 7087, 7435, 13848, 82, 5565, 2562, 14029, 3583, 1676, 12709, 18473, 3158, 12787, 8068, 8263, 16146, 3593, 1802, 1861, 3348, 4487, 17749, 6105, 10471, 17472, 10200, 1182, 14180, 1076, 10156, 4839, 9903, 4879, 9720, 2157, 15344, 16067, 3064, 17182, 5368, 4987, 18484, 18923, 11896, 1052, 15727, 15289, 5885, 1933, 5251, 17072, 6038, 6195, 13524, 6606, 18506, 17536, 6784, 3231, 14121, 8925, 10030, 803, 13764, 146, 19268, 14099, 4130, 16372, 1537, 12248, 13718, 17187, 11728, 1740, 19233, 5600, 4092, 4779, 6028, 3395, 16152, 19150, 2417, 11980, 11237, 8427, 18127, 3538, 9257, 607, 2078, 18457, 5802, 3435, 15019, 4256, 9221, 13465, 11742, 5788, 9528, 17493, 4607, 3131, 6616, 5356, 1550, 4617, 8827, 849, 2601, 4437, 17861, 10261, 15704, 3890, 8149, 12063, 3086, 15925, 12301, 6847, 5603, 7768, 3187, 13372, 9258, 6584, 7594, 2603, 1835, 17380, 17193, 15251, 15937, 18731, 4082, 14911, 16626, 8824, 16208, 10167, 17711, 9678, 15852, 13620, 16479, 14586, 2446, 4866, 1315, 7746, 10615, 7927, 2443, 7157, 13506, 18410, 10494]",5358,1500,3,False,1500
5446,transport query,transport query,63,True,True,True,"{21: 26, 33: 14, 2: 18, 29: 13, 25: 57, 43: 9, 57: 16, 49: 16, 61: 14, 67: 52, 65: 21, 50: 28, 15: 53, 6: 13, 46: 15, 27: 69, 7: 65, 48: 67, 19: 21, 31: 14, 63: 26, 22: 39, 9: 79, 26: 40, 47: 15, 53: 66, 11: 19, 51: 26, 54: 9, 13: 32, 17: 37, 52: 30, 39: 27, 38: 19, 1: 6, 59: 33, 56: 23, 32: 9, 8: 25, 4: 12, 20: 26, 24: 7, 18: 31, 42: 7, 28: 31, 45: 57, 0: 13, 66: 11, 62: 11, 35: 7, 64: 15, 37: 2, 40: 25, 3: 3, 14: 5, 12: 8, 16: 15, 55: 16, 30: 13, 58: 6, 36: 4, 60: 5, 5: 3, 41: 2, 44: 2, 34: 2}","[12686, 3384, 6034, 14374, 14516, 14680, 18580, 5912, 661, 4433, 14182, 14634, 14672, 13694, 17233, 12320, 12666, 7276, 14925, 15315, 1125, 14820, 3769, 14096, 12401, 14972, 14176, 4685, 4278, 5735, 7514, 16051, 15882, 4696, 17145, 19193, 12994, 9901, 13641, 15193, 6739, 9240, 1608, 14664, 18117, 5676, 15714, 5964, 5329, 16651, 15936, 14441, 15878, 18316, 14255, 18692, 5858, 4640, 10716, 13839, 16635, 2097, 11464, 12427, 2320, 14629, 7617, 16183, 16205, 2170, 4384, 6683, 5285, 18707, 6780, 4231, 2404, 4895, 18091, 2944, 13054, 3904, 3491, 9455, 15985, 10432, 8657, 15304, 9114, 5838, 5197, 17244, 6207, 3970, 17246, 3950, 6168, 8697, 6800, 9942, 11118, 8582, 6355, 15275, 4581, 12724, 11921, 1833, 523, 7619, 15729, 176, 8576, 3101, 1573, 1283, 11796, 11277, 2547, 1738, 6806, 15187, 7129, 5179, 5854, 16373, 9231, 6270, 777, 2062, 13249, 4144, 6325, 3924, 5350, 14414, 3142, 2249, 6444, 13582, 2833, 18030, 6483, 18404, 15057, 7482, 15001, 15872, 14584, 10835, 954, 7257, 1381, 17819, 17518, 6497, 14430, 4901, 16466, 10805, 132, 7506, 755, 14427, 12119, 16613, 19042, 14994, 11257, 8042, 2144, 5966, 1580, 8010, 2550, 10684, 14088, 5037, 8764, 17076, 14185, 15984, 5299, 16601, 19182, 13197, 14561, 12605, 17010, 2703, 6715, 11207, 10188, 212, 2293, 17676, 1720, 5934, 112, 8568, 15870, 3226, 4524, 4431, 5141, 5383, 7609, 12807, 19001, 14368, 6704, 14903, 4172, 117, 18698, 1699, 16558, 7518, 10618, 2110, 10308, 7828, 6623, 17644, 4449, 951, 13858, 15106, 8402, 916, 4771, 8608, 6448, 6656, 13547, 2814, 8336, 8093, 6398, 637, 9909, 10621, 786, 14146, 17292, 9457, 3, 2884, 14785, 10504, 16361, 8181, 17690, 654, 11067, 18741, 386, 18208, 10130, 8079, 7082, 14740, 8076, 18619, 14428, 10992, 12679, 9431, 18328, 13606, 7641, 13542, 1002, 11975, 15646, 19078, 1352, 8683, 16053, 11763, 14823, 7059, 4995, 3754, 6213, 10090, 19084, 1973, 8131, 5353, 836, 13960, 3217, 4885, 9645, 16941, 14750, 13171, 9132, 1355, 4440, 15747, 8233, 6008, 12781, 16749, 13905, 18198, 5033, 2910, 16502, 1233, 965, 16926, 3944, 13518, 18213, 12739, 9972, 14609, 5764, 6128, 9532, 12680, 3672, 5458, 6822, 11547, 3163, 8040, 14081, 8369, 18182, 17541, 11552, 12451, 15074, 1783, 17730, 1690, 16992, 2490, 2459, 18065, 320, 18311, 45, 9495, 4572, 544, 12731, 16811, 15096, 14957, 4594, 16607, 2449, 7791, 13659, 8892, 1713, 17336, 6598, 13832, 10495, 18937, 3067, 3473, 12715, 13492, 14787, 16503, 17899, 16638, 2408, 7141, 10590, 2917, 14650, 12571, 4321, 2855, 1829, 3736, 3381, 11069, 16093, 15201, 14311, 9836, 18289, 16899, 897, 13981, 12223, 8884, 15721, 7778, 13648, 5737, 6550, 19249, 2715, 447, 12941, 8915, 18963, 16291, 760, 5869, 3635, 3439, 6740, 5003, 3174, 2945, 16056, 4860, 11216, 7363, 1147, 12124, 9764, 11245, 4361, 7784, 16285, 17057, 11203, 5114, 17655, 12056, 17890, 7741, 15799, 10258, 16088, 19222, 15303, 1433, 5991, 322, 2322, 3156, 9940, 7814, 17068, 16968, 10018, 1991, 11946, 8705, 10371, 4619, 11074, 2034, 15550, 11743, 18666, 13494, 14175, 13948, 15123, 11154, 10397, 1701, 4770, 839, 12085, 16500, 16241, 1535, 18782, 2221, 539, 18405, 4245, 103, 1571, 16945, 12196, 9441, 1732, 1367, 3596, 4794, 7230, 5245, 17483, 2955, 2003, 11509, 4044, 12934, 3456, 16693, 593, 4582, 14076, 10972, 1965, 7227, 14324, 8658, 3772, 8355, 11889, 1908, 2684, 10026, 1666, 16507, 5589, 9295, 8389, 2099, 18653, 13808, 19147, 6675, 10970, 2788, 19028, 16983, 16166, 9845, 8160, 11381, 10088, 10333, 11716, 14695, 12697, 4365, 3747, 17296, 11904, 74, 7047, 10639, 13094, 940, 10478, 2032, 6642, 14896, 10840, 5430, 5556, 12597, 2183, 18403, 4252, 14613, 18283, 8790, 12140, 13540, 13353, 14114, 13297, 4056, 14038, 11299, 13770, 11433, 14285, 1526, 1955, 15711, 255, 12481, 612, 1635, 4886, 357, 11434, 9524, 13106, 2607, 5391, 9406, 2331, 624, 2749, 17849, 9829, 11436, 18426, 9481, 18550, 15647, 532, 11720, 11824, 15610, 15741, 7902, 13558, 17967, 14539, 17889, 4631, 1238, 16921, 7787, 15293, 3108, 8215, 2851, 4514, 12938, 16730, 17178, 4890, 17960, 4725, 7917, 3191, 8231, 16341, 8195, 10913, 2173, 5557, 2637, 16896, 5806, 1815, 1451, 8864, 2290, 12108, 5328, 6203, 2431, 7508, 17898, 17188, 6897, 1199, 15526, 18437, 6631, 8644, 16917, 14964, 14233, 2454, 584, 4830, 7199, 4180, 14889, 5761, 13756, 6917, 7756, 18880, 15095, 1816, 14070, 16252, 7429, 16589, 1631, 15968, 15221, 12478, 18594, 1477, 5637, 12058, 1205, 13397, 9107, 18654, 1968, 3759, 13147, 14144, 14973, 12452, 18020, 13592, 17920, 13687, 11335, 7207, 418, 7834, 778, 12982, 10688, 9031, 509, 9601, 9780, 17040, 12023, 3916, 91, 6536, 18535, 7547, 15240, 707, 14533, 15064, 17012, 16805, 8637, 5969, 16221, 1940, 13307, 4717, 12615, 18220, 11028, 12170, 1743, 2376, 12415, 14220, 18827, 1294, 18543, 6977, 15309, 11778, 11842, 17103, 3857, 4637, 12162, 19169, 17166, 18237, 17818, 9507, 19022, 5790, 19112, 15611, 1118, 15184, 18703, 1817, 15530, 16579, 8437, 11839, 11378, 3537, 9205, 9217, 16272, 18759, 16828, 12002, 8348, 1723, 3481, 14115, 379, 8544, 264, 6015, 7672, 2253, 7364, 3706, 13796, 17139, 16125, 12059, 9623, 7185, 2418, 18230, 3087, 281, 4379, 1796, 8459, 4400, 17824, 2736, 16446, 13525, 15341, 3275, 7872, 1662, 7557, 4319, 15442, 7181, 10456, 4963, 17048, 16943, 12784, 3441, 5240, 9975, 13216, 17702, 11594, 13554, 6165, 19168, 16070, 3540, 3262, 10661, 4061, 13173, 2875, 17014, 4349, 10818, 8428, 16764, 14232, 8930, 15734, 17680, 7069, 15684, 17050, 18987, 6914, 6863, 19263, 10595, 150, 10039, 2722, 18223, 16444, 6559, 7258, 2661, 7699, 17136, 12773, 4247, 5723, 15194, 1696, 1500, 2807, 9893, 11835, 13240, 18313, 17107, 10265, 10244, 5570, 2862, 14049, 1012, 12861, 723, 9583, 17461, 10056, 1264, 8297, 3716, 14666, 15259, 13531, 543, 13723, 16810, 6700, 3516, 13766, 7186, 10692, 6321, 15484, 14547, 8744, 3703, 10383, 16829, 6366, 6846, 3906, 2021, 18133, 857, 279, 12232, 10212, 10541, 12325, 13475, 1225, 937, 6966, 10881, 16936, 18502, 1440, 11914, 3326, 5633, 14913, 4623, 10743, 12361, 17335, 1072, 5043, 14810, 15077, 3255, 17215, 6553, 17852, 4801, 6962, 3060, 9430, 8799, 13824, 188, 15175, 15163, 4733, 5011, 3536, 17635, 6532, 14071, 6112, 17158, 6597, 11272, 105, 19219, 5013, 12483, 201, 6848, 17033, 6367, 7859, 14702, 18844, 7053, 18694, 15670, 636, 10129, 6378, 5369, 7273, 16247, 9142, 15345, 16817, 14854, 2600, 15783, 889, 11833, 6612, 2068, 2427, 7062, 7918, 16181, 5464, 8339, 8950, 8453, 16423, 6064, 2380, 4268, 13929, 12974, 19141, 1299, 2484, 3883, 3273, 8772, 13256, 11239, 5766, 18098, 12705, 11004, 2695, 10048, 10960, 2766, 15661, 13258, 8015, 6032, 16397, 7749, 19039, 7634, 15076, 4234, 15114, 8475, 8091, 19220, 18004, 9704, 13918, 15569, 16443, 10015, 9943, 7817, 9349, 2588, 8249, 398, 5316, 15538, 18372, 13559, 2937, 2803, 16248, 6155, 630, 9911, 13190, 19157, 15788, 13248, 13148, 1320, 12074, 8471, 8798, 3213, 12418, 814, 2402, 12718, 12397, 10564, 9875, 10128, 6947, 9491, 17707, 3266, 19196, 14309, 18523, 19043, 17975, 18063, 11618, 15016, 14434, 7680, 1739, 18029, 11694, 1745, 9271, 5189, 9561, 11283, 14978, 10753, 16017, 12914, 978, 2828, 17257, 13135, 5061, 121, 6602, 16015, 19271, 12159, 1244, 8260, 13195, 15873, 12815, 14291, 14515, 118, 4892, 14985, 9551, 12654, 4739, 927, 12176, 9523, 11726, 18187, 5880, 2569, 3386, 13942, 3390, 15774, 129, 65, 12922, 8422, 12692, 16213, 11515, 2111, 8347, 10758, 14064, 4401, 17782, 15621, 6709, 14716, 4091, 13964, 8424, 4218, 7249, 11311, 11171, 18564, 14755, 7114, 14009, 14815, 294, 495, 7684, 6833, 4046, 3505, 16995, 17858, 7761, 15803, 9840, 13958, 8226, 10369, 12497, 17142, 1748, 2854, 7159, 11539, 11055, 13337, 17173, 14214, 6803, 11144, 12649, 283, 15489, 13174, 7015, 610, 7030, 18206, 14077, 15468, 14962, 8046, 7809, 17387, 16034, 16678, 1173, 3502, 12942, 15655, 16859, 7099, 1673, 446, 1365, 5881, 3713, 11697, 1897, 16001, 1702, 14149, 11876, 9341, 4325, 6923, 2001, 138, 3276, 18716, 17604, 10501, 115, 12800, 6111, 11148, 4549, 16057, 4707, 6843, 16091, 4295, 7519, 13708, 12409, 11018, 5052, 13566, 14715, 12755, 793, 10837, 1888, 12375, 3935, 5763, 11791, 11258, 13264, 11469, 4683, 8905, 1853, 11600, 4421, 2798, 5074, 18141, 13807, 8595, 8126, 13837, 8060, 6956, 11767, 14560, 9389, 15261, 1232, 12560, 7262, 11504, 3546, 4627, 1177, 517, 4008, 9219, 17696, 4148, 14124, 13243, 11235, 7561, 8331, 16320, 3591, 11341, 4015, 12028, 14929, 18601, 3528, 14065, 1510, 19191, 13833, 17616, 10869, 17689, 831, 16725, 6319, 15465, 10467, 8162, 13563, 7728, 10778, 13545, 12290, 16480, 14401, 12838, 4212, 17529, 4832, 15111, 12690, 10373, 7596, 18614, 17477, 1043, 13100, 4774, 17479, 3774, 9302, 3901, 13071, 6412, 9516, 1261, 3054, 13522, 17602, 14343, 18500, 10957, 2791, 9624, 3634, 17904, 5709, 14670, 11058, 7087, 7435, 13848, 82, 5565, 2562, 14029, 3583, 1676, 12709, 18473, 3158, 12787, 8068, 8263, 16146, 3593, 1802, 1861, 3348, 4487, 17749, 6105, 10471, 17472, 10200, 1182, 14180, 1076, 10156, 4839, 9903, 4879, 9720, 2157, 15344, 16067, 3064, 17182, 5368, 4987, 18484, 18923, 11896, 1052, 15727, 15289, 5885, 1933, 5251, 17072, 6038, 6195, 13524, 6606, 18506, 17536, 6784, 3231, 14121, 8925, 10030, 803, 13764, 146, 19268, 14099, 4130, 16372, 1537, 12248, 13718, 17187, 11728, 1740, 19233, 5600, 4092, 4779, 6028, 3395, 16152, 19150, 2417, 11980, 11237, 8427, 18127, 3538, 9257, 607, 2078, 18457, 5802, 3435, 15019, 4256, 9221, 13465, 11742, 5788, 9528, 17493, 4607, 3131, 6616, 5356, 1550, 4617, 8827, 849, 2601, 4437, 17861, 10261, 15704, 3890, 8149, 12063, 3086, 15925, 12301, 6847, 5603, 7768, 3187, 13372, 9258, 6584, 7594, 2603, 1835, 17380, 17193, 15251, 15937, 18731, 4082, 14911, 16626, 8824, 16208, 10167, 17711, 9678, 15852, 13620, 16479, 14586, 2446, 4866, 1315, 7746, 10615, 7927, 2443, 7157, 13506, 18410, 10494]",5446,1500,3,False,1500
5508,weather query,weather,67,True,True,False,"{21: 26, 33: 14, 2: 18, 29: 13, 25: 57, 43: 9, 57: 16, 49: 16, 61: 14, 67: 52, 65: 21, 50: 28, 15: 53, 6: 13, 46: 15, 27: 69, 7: 65, 48: 67, 19: 21, 31: 14, 63: 26, 22: 39, 9: 79, 26: 40, 47: 15, 53: 66, 11: 19, 51: 26, 54: 9, 13: 32, 17: 37, 52: 30, 39: 27, 38: 19, 1: 6, 59: 33, 56: 23, 32: 9, 8: 25, 4: 12, 20: 26, 24: 7, 18: 31, 42: 7, 28: 31, 45: 57, 0: 13, 66: 11, 62: 11, 35: 7, 64: 15, 37: 2, 40: 25, 3: 3, 14: 5, 12: 8, 16: 15, 55: 16, 30: 13, 58: 6, 36: 4, 60: 5, 5: 3, 41: 2, 44: 2, 34: 2}","[12686, 3384, 6034, 14374, 14516, 14680, 18580, 5912, 661, 4433, 14182, 14634, 14672, 13694, 17233, 12320, 12666, 7276, 14925, 15315, 1125, 14820, 3769, 14096, 12401, 14972, 14176, 4685, 4278, 5735, 7514, 16051, 15882, 4696, 17145, 19193, 12994, 9901, 13641, 15193, 6739, 9240, 1608, 14664, 18117, 5676, 15714, 5964, 5329, 16651, 15936, 14441, 15878, 18316, 14255, 18692, 5858, 4640, 10716, 13839, 16635, 2097, 11464, 12427, 2320, 14629, 7617, 16183, 16205, 2170, 4384, 6683, 5285, 18707, 6780, 4231, 2404, 4895, 18091, 2944, 13054, 3904, 3491, 9455, 15985, 10432, 8657, 15304, 9114, 5838, 5197, 17244, 6207, 3970, 17246, 3950, 6168, 8697, 6800, 9942, 11118, 8582, 6355, 15275, 4581, 12724, 11921, 1833, 523, 7619, 15729, 176, 8576, 3101, 1573, 1283, 11796, 11277, 2547, 1738, 6806, 15187, 7129, 5179, 5854, 16373, 9231, 6270, 777, 2062, 13249, 4144, 6325, 3924, 5350, 14414, 3142, 2249, 6444, 13582, 2833, 18030, 6483, 18404, 15057, 7482, 15001, 15872, 14584, 10835, 954, 7257, 1381, 17819, 17518, 6497, 14430, 4901, 16466, 10805, 132, 7506, 755, 14427, 12119, 16613, 19042, 14994, 11257, 8042, 2144, 5966, 1580, 8010, 2550, 10684, 14088, 5037, 8764, 17076, 14185, 15984, 5299, 16601, 19182, 13197, 14561, 12605, 17010, 2703, 6715, 11207, 10188, 212, 2293, 17676, 1720, 5934, 112, 8568, 15870, 3226, 4524, 4431, 5141, 5383, 7609, 12807, 19001, 14368, 6704, 14903, 4172, 117, 18698, 1699, 16558, 7518, 10618, 2110, 10308, 7828, 6623, 17644, 4449, 951, 13858, 15106, 8402, 916, 4771, 8608, 6448, 6656, 13547, 2814, 8336, 8093, 6398, 637, 9909, 10621, 786, 14146, 17292, 9457, 3, 2884, 14785, 10504, 16361, 8181, 17690, 654, 11067, 18741, 386, 18208, 10130, 8079, 7082, 14740, 8076, 18619, 14428, 10992, 12679, 9431, 18328, 13606, 7641, 13542, 1002, 11975, 15646, 19078, 1352, 8683, 16053, 11763, 14823, 7059, 4995, 3754, 6213, 10090, 19084, 1973, 8131, 5353, 836, 13960, 3217, 4885, 9645, 16941, 14750, 13171, 9132, 1355, 4440, 15747, 8233, 6008, 12781, 16749, 13905, 18198, 5033, 2910, 16502, 1233, 965, 16926, 3944, 13518, 18213, 12739, 9972, 14609, 5764, 6128, 9532, 12680, 3672, 5458, 6822, 11547, 3163, 8040, 14081, 8369, 18182, 17541, 11552, 12451, 15074, 1783, 17730, 1690, 16992, 2490, 2459, 18065, 320, 18311, 45, 9495, 4572, 544, 12731, 16811, 15096, 14957, 4594, 16607, 2449, 7791, 13659, 8892, 1713, 17336, 6598, 13832, 10495, 18937, 3067, 3473, 12715, 13492, 14787, 16503, 17899, 16638, 2408, 7141, 10590, 2917, 14650, 12571, 4321, 2855, 1829, 3736, 3381, 11069, 16093, 15201, 14311, 9836, 18289, 16899, 897, 13981, 12223, 8884, 15721, 7778, 13648, 5737, 6550, 19249, 2715, 447, 12941, 8915, 18963, 16291, 760, 5869, 3635, 3439, 6740, 5003, 3174, 2945, 16056, 4860, 11216, 7363, 1147, 12124, 9764, 11245, 4361, 7784, 16285, 17057, 11203, 5114, 17655, 12056, 17890, 7741, 15799, 10258, 16088, 19222, 15303, 1433, 5991, 322, 2322, 3156, 9940, 7814, 17068, 16968, 10018, 1991, 11946, 8705, 10371, 4619, 11074, 2034, 15550, 11743, 18666, 13494, 14175, 13948, 15123, 11154, 10397, 1701, 4770, 839, 12085, 16500, 16241, 1535, 18782, 2221, 539, 18405, 4245, 103, 1571, 16945, 12196, 9441, 1732, 1367, 3596, 4794, 7230, 5245, 17483, 2955, 2003, 11509, 4044, 12934, 3456, 16693, 593, 4582, 14076, 10972, 1965, 7227, 14324, 8658, 3772, 8355, 11889, 1908, 2684, 10026, 1666, 16507, 5589, 9295, 8389, 2099, 18653, 13808, 19147, 6675, 10970, 2788, 19028, 16983, 16166, 9845, 8160, 11381, 10088, 10333, 11716, 14695, 12697, 4365, 3747, 17296, 11904, 74, 7047, 10639, 13094, 940, 10478, 2032, 6642, 14896, 10840, 5430, 5556, 12597, 2183, 18403, 4252, 14613, 18283, 8790, 12140, 13540, 13353, 14114, 13297, 4056, 14038, 11299, 13770, 11433, 14285, 1526, 1955, 15711, 255, 12481, 612, 1635, 4886, 357, 11434, 9524, 13106, 2607, 5391, 9406, 2331, 624, 2749, 17849, 9829, 11436, 18426, 9481, 18550, 15647, 532, 11720, 11824, 15610, 15741, 7902, 13558, 17967, 14539, 17889, 4631, 1238, 16921, 7787, 15293, 3108, 8215, 2851, 4514, 12938, 16730, 17178, 4890, 17960, 4725, 7917, 3191, 8231, 16341, 8195, 10913, 2173, 5557, 2637, 16896, 5806, 1815, 1451, 8864, 2290, 12108, 5328, 6203, 2431, 7508, 17898, 17188, 6897, 1199, 15526, 18437, 6631, 8644, 16917, 14964, 14233, 2454, 584, 4830, 7199, 4180, 14889, 5761, 13756, 6917, 7756, 18880, 15095, 1816, 14070, 16252, 7429, 16589, 1631, 15968, 15221, 12478, 18594, 1477, 5637, 12058, 1205, 13397, 9107, 18654, 1968, 3759, 13147, 14144, 14973, 12452, 18020, 13592, 17920, 13687, 11335, 7207, 418, 7834, 778, 12982, 10688, 9031, 509, 9601, 9780, 17040, 12023, 3916, 91, 6536, 18535, 7547, 15240, 707, 14533, 15064, 17012, 16805, 8637, 5969, 16221, 1940, 13307, 4717, 12615, 18220, 11028, 12170, 1743, 2376, 12415, 14220, 18827, 1294, 18543, 6977, 15309, 11778, 11842, 17103, 3857, 4637, 12162, 19169, 17166, 18237, 17818, 9507, 19022, 5790, 19112, 15611, 1118, 15184, 18703, 1817, 15530, 16579, 8437, 11839, 11378, 3537, 9205, 9217, 16272, 18759, 16828, 12002, 8348, 1723, 3481, 14115, 379, 8544, 264, 6015, 7672, 2253, 7364, 3706, 13796, 17139, 16125, 12059, 9623, 7185, 2418, 18230, 3087, 281, 4379, 1796, 8459, 4400, 17824, 2736, 16446, 13525, 15341, 3275, 7872, 1662, 7557, 4319, 15442, 7181, 10456, 4963, 17048, 16943, 12784, 3441, 5240, 9975, 13216, 17702, 11594, 13554, 6165, 19168, 16070, 3540, 3262, 10661, 4061, 13173, 2875, 17014, 4349, 10818, 8428, 16764, 14232, 8930, 15734, 17680, 7069, 15684, 17050, 18987, 6914, 6863, 19263, 10595, 150, 10039, 2722, 18223, 16444, 6559, 7258, 2661, 7699, 17136, 12773, 4247, 5723, 15194, 1696, 1500, 2807, 9893, 11835, 13240, 18313, 17107, 10265, 10244, 5570, 2862, 14049, 1012, 12861, 723, 9583, 17461, 10056, 1264, 8297, 3716, 14666, 15259, 13531, 543, 13723, 16810, 6700, 3516, 13766, 7186, 10692, 6321, 15484, 14547, 8744, 3703, 10383, 16829, 6366, 6846, 3906, 2021, 18133, 857, 279, 12232, 10212, 10541, 12325, 13475, 1225, 937, 6966, 10881, 16936, 18502, 1440, 11914, 3326, 5633, 14913, 4623, 10743, 12361, 17335, 1072, 5043, 14810, 15077, 3255, 17215, 6553, 17852, 4801, 6962, 3060, 9430, 8799, 13824, 188, 15175, 15163, 4733, 5011, 3536, 17635, 6532, 14071, 6112, 17158, 6597, 11272, 105, 19219, 5013, 12483, 201, 6848, 17033, 6367, 7859, 14702, 18844, 7053, 18694, 15670, 636, 10129, 6378, 5369, 7273, 16247, 9142, 15345, 16817, 14854, 2600, 15783, 889, 11833, 6612, 2068, 2427, 7062, 7918, 16181, 5464, 8339, 8950, 8453, 16423, 6064, 2380, 4268, 13929, 12974, 19141, 1299, 2484, 3883, 3273, 8772, 13256, 11239, 5766, 18098, 12705, 11004, 2695, 10048, 10960, 2766, 15661, 13258, 8015, 6032, 16397, 7749, 19039, 7634, 15076, 4234, 15114, 8475, 8091, 19220, 18004, 9704, 13918, 15569, 16443, 10015, 9943, 7817, 9349, 2588, 8249, 398, 5316, 15538, 18372, 13559, 2937, 2803, 16248, 6155, 630, 9911, 13190, 19157, 15788, 13248, 13148, 1320, 12074, 8471, 8798, 3213, 12418, 814, 2402, 12718, 12397, 10564, 9875, 10128, 6947, 9491, 17707, 3266, 19196, 14309, 18523, 19043, 17975, 18063, 11618, 15016, 14434, 7680, 1739, 18029, 11694, 1745, 9271, 5189, 9561, 11283, 14978, 10753, 16017, 12914, 978, 2828, 17257, 13135, 5061, 121, 6602, 16015, 19271, 12159, 1244, 8260, 13195, 15873, 12815, 14291, 14515, 118, 4892, 14985, 9551, 12654, 4739, 927, 12176, 9523, 11726, 18187, 5880, 2569, 3386, 13942, 3390, 15774, 129, 65, 12922, 8422, 12692, 16213, 11515, 2111, 8347, 10758, 14064, 4401, 17782, 15621, 6709, 14716, 4091, 13964, 8424, 4218, 7249, 11311, 11171, 18564, 14755, 7114, 14009, 14815, 294, 495, 7684, 6833, 4046, 3505, 16995, 17858, 7761, 15803, 9840, 13958, 8226, 10369, 12497, 17142, 1748, 2854, 7159, 11539, 11055, 13337, 17173, 14214, 6803, 11144, 12649, 283, 15489, 13174, 7015, 610, 7030, 18206, 14077, 15468, 14962, 8046, 7809, 17387, 16034, 16678, 1173, 3502, 12942, 15655, 16859, 7099, 1673, 446, 1365, 5881, 3713, 11697, 1897, 16001, 1702, 14149, 11876, 9341, 4325, 6923, 2001, 138, 3276, 18716, 17604, 10501, 115, 12800, 6111, 11148, 4549, 16057, 4707, 6843, 16091, 4295, 7519, 13708, 12409, 11018, 5052, 13566, 14715, 12755, 793, 10837, 1888, 12375, 3935, 5763, 11791, 11258, 13264, 11469, 4683, 8905, 1853, 11600, 4421, 2798, 5074, 18141, 13807, 8595, 8126, 13837, 8060, 6956, 11767, 14560, 9389, 15261, 1232, 12560, 7262, 11504, 3546, 4627, 1177, 517, 4008, 9219, 17696, 4148, 14124, 13243, 11235, 7561, 8331, 16320, 3591, 11341, 4015, 12028, 14929, 18601, 3528, 14065, 1510, 19191, 13833, 17616, 10869, 17689, 831, 16725, 6319, 15465, 10467, 8162, 13563, 7728, 10778, 13545, 12290, 16480, 14401, 12838, 4212, 17529, 4832, 15111, 12690, 10373, 7596, 18614, 17477, 1043, 13100, 4774, 17479, 3774, 9302, 3901, 13071, 6412, 9516, 1261, 3054, 13522, 17602, 14343, 18500, 10957, 2791, 9624, 3634, 17904, 5709, 14670, 11058, 7087, 7435, 13848, 82, 5565, 2562, 14029, 3583, 1676, 12709, 18473, 3158, 12787, 8068, 8263, 16146, 3593, 1802, 1861, 3348, 4487, 17749, 6105, 10471, 17472, 10200, 1182, 14180, 1076, 10156, 4839, 9903, 4879, 9720, 2157, 15344, 16067, 3064, 17182, 5368, 4987, 18484, 18923, 11896, 1052, 15727, 15289, 5885, 1933, 5251, 17072, 6038, 6195, 13524, 6606, 18506, 17536, 6784, 3231, 14121, 8925, 10030, 803, 13764, 146, 19268, 14099, 4130, 16372, 1537, 12248, 13718, 17187, 11728, 1740, 19233, 5600, 4092, 4779, 6028, 3395, 16152, 19150, 2417, 11980, 11237, 8427, 18127, 3538, 9257, 607, 2078, 18457, 5802, 3435, 15019, 4256, 9221, 13465, 11742, 5788, 9528, 17493, 4607, 3131, 6616, 5356, 1550, 4617, 8827, 849, 2601, 4437, 17861, 10261, 15704, 3890, 8149, 12063, 3086, 15925, 12301, 6847, 5603, 7768, 3187, 13372, 9258, 6584, 7594, 2603, 1835, 17380, 17193, 15251, 15937, 18731, 4082, 14911, 16626, 8824, 16208, 10167, 17711, 9678, 15852, 13620, 16479, 14586, 2446, 4866, 1315, 7746, 10615, 7927, 2443, 7157, 13506, 18410, 10494]",5508,1500,3,False,1500
