,outputs,label_tokens,true_numeric_labels,true_label_present_in_prompt,correct,predicted_label_present_in_prompt,prompt_labels,prompt_example_indices,id,n_shots,run_number,unlimiformer,nspw
903,exchange charge,supported,54,False,False,True,"{61: 1, 73: 2, 45: 1, 44: 2, 68: 2, 15: 2, 51: 1, 18: 1, 1: 1, 31: 2, 7: 1, 39: 2, 63: 2, 60: 2, 5: 1, 47: 2, 25: 1, 59: 1, 6: 1, 20: 1, 13: 1, 71: 1, 2: 1, 0: 1, 52: 1, 62: 1, 64: 1, 37: 1, 21: 1, 46: 1, 43: 1}","[8613, 8938, 2407, 6608, 7272, 689, 3199, 2217, 4906, 139, 2161, 6514, 968, 954, 662, 6275, 3196, 9381, 5274, 2798, 7044, 9658, 7803, 5122, 9346, 3927, 6417, 7737, 9797, 9353, 4326, 9294, 719, 8875, 7089, 4587, 2078, 2951, 2223, 7293]",903,40,1,False,10
1003,top up failed,top up revert,61,True,False,True,"{61: 1, 73: 2, 45: 1, 44: 2, 68: 2, 15: 2, 51: 1, 18: 1, 1: 1, 31: 2, 7: 1, 39: 2, 63: 2, 60: 2, 5: 1, 47: 2, 25: 1, 59: 1, 6: 1, 20: 1, 13: 1, 71: 1, 2: 1, 0: 1, 52: 1, 62: 1, 64: 1, 37: 1, 21: 1, 46: 1, 43: 1}","[8613, 8938, 2407, 6608, 7272, 689, 3199, 2217, 4906, 139, 2161, 6514, 968, 954, 662, 6275, 3196, 9381, 5274, 2798, 7044, 9658, 7803, 5122, 9346, 3927, 6417, 7737, 9797, 9353, 4326, 9294, 719, 8875, 7089, 4587, 2078, 2951, 2223, 7293]",1003,40,1,False,10
2953,card about to expire,card about,9,False,True,False,"{61: 1, 73: 2, 45: 1, 44: 2, 68: 2, 15: 2, 51: 1, 18: 1, 1: 1, 31: 2, 7: 1, 39: 2, 63: 2, 60: 2, 5: 1, 47: 2, 25: 1, 59: 1, 6: 1, 20: 1, 13: 1, 71: 1, 2: 1, 0: 1, 52: 1, 62: 1, 64: 1, 37: 1, 21: 1, 46: 1, 43: 1}","[8613, 8938, 2407, 6608, 7272, 689, 3199, 2217, 4906, 139, 2161, 6514, 968, 954, 662, 6275, 3196, 9381, 5274, 2798, 7044, 9658, 7803, 5122, 9346, 3927, 6417, 7737, 9797, 9353, 4326, 9294, 719, 8875, 7089, 4587, 2078, 2951, 2223, 7293]",2953,40,1,False,10
2979,apple pay or google pay,apple,2,True,True,False,"{61: 1, 73: 2, 45: 1, 44: 2, 68: 2, 15: 2, 51: 1, 18: 1, 1: 1, 31: 2, 7: 1, 39: 2, 63: 2, 60: 2, 5: 1, 47: 2, 25: 1, 59: 1, 6: 1, 20: 1, 13: 1, 71: 1, 2: 1, 0: 1, 52: 1, 62: 1, 64: 1, 37: 1, 21: 1, 46: 1, 43: 1}","[8613, 8938, 2407, 6608, 7272, 689, 3199, 2217, 4906, 139, 2161, 6514, 968, 954, 662, 6275, 3196, 9381, 5274, 2798, 7044, 9658, 7803, 5122, 9346, 3927, 6417, 7737, 9797, 9353, 4326, 9294, 719, 8875, 7089, 4587, 2078, 2951, 2223, 7293]",2979,40,1,False,10
1926,get physical card,card sw,18,True,False,False,"{61: 1, 73: 2, 45: 1, 44: 2, 68: 2, 15: 2, 51: 1, 18: 1, 1: 1, 31: 2, 7: 1, 39: 2, 63: 2, 60: 2, 5: 1, 47: 2, 25: 1, 59: 1, 6: 1, 20: 1, 13: 1, 71: 1, 2: 1, 0: 1, 52: 1, 62: 1, 64: 1, 37: 1, 21: 1, 46: 1, 43: 1}","[8613, 8938, 2407, 6608, 7272, 689, 3199, 2217, 4906, 139, 2161, 6514, 968, 954, 662, 6275, 3196, 9381, 5274, 2798, 7044, 9658, 7803, 5122, 9346, 3927, 6417, 7737, 9797, 9353, 4326, 9294, 719, 8875, 7089, 4587, 2078, 2951, 2223, 7293]",1926,40,1,False,10
2137,change pin,change,21,True,True,False,"{61: 1, 73: 2, 45: 1, 44: 2, 68: 2, 15: 2, 51: 1, 18: 1, 1: 1, 31: 2, 7: 1, 39: 2, 63: 2, 60: 2, 5: 1, 47: 2, 25: 1, 59: 1, 6: 1, 20: 1, 13: 1, 71: 1, 2: 1, 0: 1, 52: 1, 62: 1, 64: 1, 37: 1, 21: 1, 46: 1, 43: 1}","[8613, 8938, 2407, 6608, 7272, 689, 3199, 2217, 4906, 139, 2161, 6514, 968, 954, 662, 6275, 3196, 9381, 5274, 2798, 7044, 9658, 7803, 5122, 9346, 3927, 6417, 7737, 9797, 9353, 4326, 9294, 719, 8875, 7089, 4587, 2078, 2951, 2223, 7293]",2137,40,1,False,10
2980,apple pay or google pay,apple,2,True,True,False,"{61: 1, 73: 2, 45: 1, 44: 2, 68: 2, 15: 2, 51: 1, 18: 1, 1: 1, 31: 2, 7: 1, 39: 2, 63: 2, 60: 2, 5: 1, 47: 2, 25: 1, 59: 1, 6: 1, 20: 1, 13: 1, 71: 1, 2: 1, 0: 1, 52: 1, 62: 1, 64: 1, 37: 1, 21: 1, 46: 1, 43: 1}","[8613, 8938, 2407, 6608, 7272, 689, 3199, 2217, 4906, 139, 2161, 6514, 968, 954, 662, 6275, 3196, 9381, 5274, 2798, 7044, 9658, 7803, 5122, 9346, 3927, 6417, 7737, 9797, 9353, 4326, 9294, 719, 8875, 7089, 4587, 2078, 2951, 2223, 7293]",2980,40,1,False,10
702,cancel transfer,cancel,8,False,True,False,"{61: 1, 73: 2, 45: 1, 44: 2, 68: 2, 15: 2, 51: 1, 18: 1, 1: 1, 31: 2, 7: 1, 39: 2, 63: 2, 60: 2, 5: 1, 47: 2, 25: 1, 59: 1, 6: 1, 20: 1, 13: 1, 71: 1, 2: 1, 0: 1, 52: 1, 62: 1, 64: 1, 37: 1, 21: 1, 46: 1, 43: 1}","[8613, 8938, 2407, 6608, 7272, 689, 3199, 2217, 4906, 139, 2161, 6514, 968, 954, 662, 6275, 3196, 9381, 5274, 2798, 7044, 9658, 7803, 5122, 9346, 3927, 6417, 7737, 9797, 9353, 4326, 9294, 719, 8875, 7089, 4587, 2078, 2951, 2223, 7293]",702,40,1,False,10
2493,get physical card,order,43,True,False,False,"{61: 1, 73: 2, 45: 1, 44: 2, 68: 2, 15: 2, 51: 1, 18: 1, 1: 1, 31: 2, 7: 1, 39: 2, 63: 2, 60: 2, 5: 1, 47: 2, 25: 1, 59: 1, 6: 1, 20: 1, 13: 1, 71: 1, 2: 1, 0: 1, 52: 1, 62: 1, 64: 1, 37: 1, 21: 1, 46: 1, 43: 1}","[8613, 8938, 2407, 6608, 7272, 689, 3199, 2217, 4906, 139, 2161, 6514, 968, 954, 662, 6275, 3196, 9381, 5274, 2798, 7044, 9658, 7803, 5122, 9346, 3927, 6417, 7737, 9797, 9353, 4326, 9294, 719, 8875, 7089, 4587, 2078, 2951, 2223, 7293]",2493,40,1,False,10
2210,exchange charge,transfer fee,64,True,False,True,"{61: 1, 73: 2, 45: 1, 44: 2, 68: 2, 15: 2, 51: 1, 18: 1, 1: 1, 31: 2, 7: 1, 39: 2, 63: 2, 60: 2, 5: 1, 47: 2, 25: 1, 59: 1, 6: 1, 20: 1, 13: 1, 71: 1, 2: 1, 0: 1, 52: 1, 62: 1, 64: 1, 37: 1, 21: 1, 46: 1, 43: 1}","[8613, 8938, 2407, 6608, 7272, 689, 3199, 2217, 4906, 139, 2161, 6514, 968, 954, 662, 6275, 3196, 9381, 5274, 2798, 7044, 9658, 7803, 5122, 9346, 3927, 6417, 7737, 9797, 9353, 4326, 9294, 719, 8875, 7089, 4587, 2078, 2951, 2223, 7293]",2210,40,1,False,10
112,exchange rate,exchange rate,32,False,True,False,"{61: 1, 73: 2, 45: 1, 44: 2, 68: 2, 15: 2, 51: 1, 18: 1, 1: 1, 31: 2, 7: 1, 39: 2, 63: 2, 60: 2, 5: 1, 47: 2, 25: 1, 59: 1, 6: 1, 20: 1, 13: 1, 71: 1, 2: 1, 0: 1, 52: 1, 62: 1, 64: 1, 37: 1, 21: 1, 46: 1, 43: 1}","[8613, 8938, 2407, 6608, 7272, 689, 3199, 2217, 4906, 139, 2161, 6514, 968, 954, 662, 6275, 3196, 9381, 5274, 2798, 7044, 9658, 7803, 5122, 9346, 3927, 6417, 7737, 9797, 9353, 4326, 9294, 719, 8875, 7089, 4587, 2078, 2951, 2223, 7293]",112,40,1,False,10
2909,exchange charge,cash withdrawal charge,19,False,False,True,"{61: 1, 73: 2, 45: 1, 44: 2, 68: 2, 15: 2, 51: 1, 18: 1, 1: 1, 31: 2, 7: 1, 39: 2, 63: 2, 60: 2, 5: 1, 47: 2, 25: 1, 59: 1, 6: 1, 20: 1, 13: 1, 71: 1, 2: 1, 0: 1, 52: 1, 62: 1, 64: 1, 37: 1, 21: 1, 46: 1, 43: 1}","[8613, 8938, 2407, 6608, 7272, 689, 3199, 2217, 4906, 139, 2161, 6514, 968, 954, 662, 6275, 3196, 9381, 5274, 2798, 7044, 9658, 7803, 5122, 9346, 3927, 6417, 7737, 9797, 9353, 4326, 9294, 719, 8875, 7089, 4587, 2078, 2951, 2223, 7293]",2909,40,1,False,10
1987,card payment fee charged,transaction,63,True,False,False,"{61: 1, 73: 2, 45: 1, 44: 2, 68: 2, 15: 2, 51: 1, 18: 1, 1: 1, 31: 2, 7: 1, 39: 2, 63: 2, 60: 2, 5: 1, 47: 2, 25: 1, 59: 1, 6: 1, 20: 1, 13: 1, 71: 1, 2: 1, 0: 1, 52: 1, 62: 1, 64: 1, 37: 1, 21: 1, 46: 1, 43: 1}","[8613, 8938, 2407, 6608, 7272, 689, 3199, 2217, 4906, 139, 2161, 6514, 968, 954, 662, 6275, 3196, 9381, 5274, 2798, 7044, 9658, 7803, 5122, 9346, 3927, 6417, 7737, 9797, 9353, 4326, 9294, 719, 8875, 7089, 4587, 2078, 2951, 2223, 7293]",1987,40,1,False,10
1283,card payment fee charged,vis,73,True,False,False,"{61: 1, 73: 2, 45: 1, 44: 2, 68: 2, 15: 2, 51: 1, 18: 1, 1: 1, 31: 2, 7: 1, 39: 2, 63: 2, 60: 2, 5: 1, 47: 2, 25: 1, 59: 1, 6: 1, 20: 1, 13: 1, 71: 1, 2: 1, 0: 1, 52: 1, 62: 1, 64: 1, 37: 1, 21: 1, 46: 1, 43: 1}","[8613, 8938, 2407, 6608, 7272, 689, 3199, 2217, 4906, 139, 2161, 6514, 968, 954, 662, 6275, 3196, 9381, 5274, 2798, 7044, 9658, 7803, 5122, 9346, 3927, 6417, 7737, 9797, 9353, 4326, 9294, 719, 8875, 7089, 4587, 2078, 2951, 2223, 7293]",1283,40,1,False,10
1539,passcode forgotten,pass,44,True,True,False,"{61: 1, 73: 2, 45: 1, 44: 2, 68: 2, 15: 2, 51: 1, 18: 1, 1: 1, 31: 2, 7: 1, 39: 2, 63: 2, 60: 2, 5: 1, 47: 2, 25: 1, 59: 1, 6: 1, 20: 1, 13: 1, 71: 1, 2: 1, 0: 1, 52: 1, 62: 1, 64: 1, 37: 1, 21: 1, 46: 1, 43: 1}","[8613, 8938, 2407, 6608, 7272, 689, 3199, 2217, 4906, 139, 2161, 6514, 968, 954, 662, 6275, 3196, 9381, 5274, 2798, 7044, 9658, 7803, 5122, 9346, 3927, 6417, 7737, 9797, 9353, 4326, 9294, 719, 8875, 7089, 4587, 2078, 2951, 2223, 7293]",1539,40,1,False,10
2879,activate my card,activ,0,True,True,False,"{61: 1, 73: 2, 45: 1, 44: 2, 68: 2, 15: 2, 51: 1, 18: 1, 1: 1, 31: 2, 7: 1, 39: 2, 63: 2, 60: 2, 5: 1, 47: 2, 25: 1, 59: 1, 6: 1, 20: 1, 13: 1, 71: 1, 2: 1, 0: 1, 52: 1, 62: 1, 64: 1, 37: 1, 21: 1, 46: 1, 43: 1}","[8613, 8938, 2407, 6608, 7272, 689, 3199, 2217, 4906, 139, 2161, 6514, 968, 954, 662, 6275, 3196, 9381, 5274, 2798, 7044, 9658, 7803, 5122, 9346, 3927, 6417, 7737, 9797, 9353, 4326, 9294, 719, 8875, 7089, 4587, 2078, 2951, 2223, 7293]",2879,40,1,False,10
1158,change pin,edit,30,False,False,False,"{61: 1, 73: 2, 45: 1, 44: 2, 68: 2, 15: 2, 51: 1, 18: 1, 1: 1, 31: 2, 7: 1, 39: 2, 63: 2, 60: 2, 5: 1, 47: 2, 25: 1, 59: 1, 6: 1, 20: 1, 13: 1, 71: 1, 2: 1, 0: 1, 52: 1, 62: 1, 64: 1, 37: 1, 21: 1, 46: 1, 43: 1}","[8613, 8938, 2407, 6608, 7272, 689, 3199, 2217, 4906, 139, 2161, 6514, 968, 954, 662, 6275, 3196, 9381, 5274, 2798, 7044, 9658, 7803, 5122, 9346, 3927, 6417, 7737, 9797, 9353, 4326, 9294, 719, 8875, 7089, 4587, 2078, 2951, 2223, 7293]",1158,40,1,False,10
1376,disposable card limits,dispos,29,False,True,False,"{61: 1, 73: 2, 45: 1, 44: 2, 68: 2, 15: 2, 51: 1, 18: 1, 1: 1, 31: 2, 7: 1, 39: 2, 63: 2, 60: 2, 5: 1, 47: 2, 25: 1, 59: 1, 6: 1, 20: 1, 13: 1, 71: 1, 2: 1, 0: 1, 52: 1, 62: 1, 64: 1, 37: 1, 21: 1, 46: 1, 43: 1}","[8613, 8938, 2407, 6608, 7272, 689, 3199, 2217, 4906, 139, 2161, 6514, 968, 954, 662, 6275, 3196, 9381, 5274, 2798, 7044, 9658, 7803, 5122, 9346, 3927, 6417, 7737, 9797, 9353, 4326, 9294, 719, 8875, 7089, 4587, 2078, 2951, 2223, 7293]",1376,40,1,False,10
1517,exchange charge,direct,28,False,False,True,"{61: 1, 73: 2, 45: 1, 44: 2, 68: 2, 15: 2, 51: 1, 18: 1, 1: 1, 31: 2, 7: 1, 39: 2, 63: 2, 60: 2, 5: 1, 47: 2, 25: 1, 59: 1, 6: 1, 20: 1, 13: 1, 71: 1, 2: 1, 0: 1, 52: 1, 62: 1, 64: 1, 37: 1, 21: 1, 46: 1, 43: 1}","[8613, 8938, 2407, 6608, 7272, 689, 3199, 2217, 4906, 139, 2161, 6514, 968, 954, 662, 6275, 3196, 9381, 5274, 2798, 7044, 9658, 7803, 5122, 9346, 3927, 6417, 7737, 9797, 9353, 4326, 9294, 719, 8875, 7089, 4587, 2078, 2951, 2223, 7293]",1517,40,1,False,10
1171,card payment fee charged,why,74,False,False,False,"{61: 1, 73: 2, 45: 1, 44: 2, 68: 2, 15: 2, 51: 1, 18: 1, 1: 1, 31: 2, 7: 1, 39: 2, 63: 2, 60: 2, 5: 1, 47: 2, 25: 1, 59: 1, 6: 1, 20: 1, 13: 1, 71: 1, 2: 1, 0: 1, 52: 1, 62: 1, 64: 1, 37: 1, 21: 1, 46: 1, 43: 1}","[8613, 8938, 2407, 6608, 7272, 689, 3199, 2217, 4906, 139, 2161, 6514, 968, 954, 662, 6275, 3196, 9381, 5274, 2798, 7044, 9658, 7803, 5122, 9346, 3927, 6417, 7737, 9797, 9353, 4326, 9294, 719, 8875, 7089, 4587, 2078, 2951, 2223, 7293]",1171,40,1,False,10
2242,exchange charge,receiving,50,False,False,True,"{61: 1, 73: 2, 45: 1, 44: 2, 68: 2, 15: 2, 51: 1, 18: 1, 1: 1, 31: 2, 7: 1, 39: 2, 63: 2, 60: 2, 5: 1, 47: 2, 25: 1, 59: 1, 6: 1, 20: 1, 13: 1, 71: 1, 2: 1, 0: 1, 52: 1, 62: 1, 64: 1, 37: 1, 21: 1, 46: 1, 43: 1}","[8613, 8938, 2407, 6608, 7272, 689, 3199, 2217, 4906, 139, 2161, 6514, 968, 954, 662, 6275, 3196, 9381, 5274, 2798, 7044, 9658, 7803, 5122, 9346, 3927, 6417, 7737, 9797, 9353, 4326, 9294, 719, 8875, 7089, 4587, 2078, 2951, 2223, 7293]",2242,40,1,False,10
1476,exchange charge,at,3,False,False,True,"{61: 1, 73: 2, 45: 1, 44: 2, 68: 2, 15: 2, 51: 1, 18: 1, 1: 1, 31: 2, 7: 1, 39: 2, 63: 2, 60: 2, 5: 1, 47: 2, 25: 1, 59: 1, 6: 1, 20: 1, 13: 1, 71: 1, 2: 1, 0: 1, 52: 1, 62: 1, 64: 1, 37: 1, 21: 1, 46: 1, 43: 1}","[8613, 8938, 2407, 6608, 7272, 689, 3199, 2217, 4906, 139, 2161, 6514, 968, 954, 662, 6275, 3196, 9381, 5274, 2798, 7044, 9658, 7803, 5122, 9346, 3927, 6417, 7737, 9797, 9353, 4326, 9294, 719, 8875, 7089, 4587, 2078, 2951, 2223, 7293]",1476,40,1,False,10
237,exchange charge,pending c,46,True,False,True,"{61: 1, 73: 2, 45: 1, 44: 2, 68: 2, 15: 2, 51: 1, 18: 1, 1: 1, 31: 2, 7: 1, 39: 2, 63: 2, 60: 2, 5: 1, 47: 2, 25: 1, 59: 1, 6: 1, 20: 1, 13: 1, 71: 1, 2: 1, 0: 1, 52: 1, 62: 1, 64: 1, 37: 1, 21: 1, 46: 1, 43: 1}","[8613, 8938, 2407, 6608, 7272, 689, 3199, 2217, 4906, 139, 2161, 6514, 968, 954, 662, 6275, 3196, 9381, 5274, 2798, 7044, 9658, 7803, 5122, 9346, 3927, 6417, 7737, 9797, 9353, 4326, 9294, 719, 8875, 7089, 4587, 2078, 2951, 2223, 7293]",237,40,1,False,10
1650,exchange charge,lost or stolen phone,42,False,False,True,"{61: 1, 73: 2, 45: 1, 44: 2, 68: 2, 15: 2, 51: 1, 18: 1, 1: 1, 31: 2, 7: 1, 39: 2, 63: 2, 60: 2, 5: 1, 47: 2, 25: 1, 59: 1, 6: 1, 20: 1, 13: 1, 71: 1, 2: 1, 0: 1, 52: 1, 62: 1, 64: 1, 37: 1, 21: 1, 46: 1, 43: 1}","[8613, 8938, 2407, 6608, 7272, 689, 3199, 2217, 4906, 139, 2161, 6514, 968, 954, 662, 6275, 3196, 9381, 5274, 2798, 7044, 9658, 7803, 5122, 9346, 3927, 6417, 7737, 9797, 9353, 4326, 9294, 719, 8875, 7089, 4587, 2078, 2951, 2223, 7293]",1650,40,1,False,10
2484,exchange charge,order,43,True,False,True,"{61: 1, 73: 2, 45: 1, 44: 2, 68: 2, 15: 2, 51: 1, 18: 1, 1: 1, 31: 2, 7: 1, 39: 2, 63: 2, 60: 2, 5: 1, 47: 2, 25: 1, 59: 1, 6: 1, 20: 1, 13: 1, 71: 1, 2: 1, 0: 1, 52: 1, 62: 1, 64: 1, 37: 1, 21: 1, 46: 1, 43: 1}","[8613, 8938, 2407, 6608, 7272, 689, 3199, 2217, 4906, 139, 2161, 6514, 968, 954, 662, 6275, 3196, 9381, 5274, 2798, 7044, 9658, 7803, 5122, 9346, 3927, 6417, 7737, 9797, 9353, 4326, 9294, 719, 8875, 7089, 4587, 2078, 2951, 2223, 7293]",2484,40,1,False,10
2105,card not working,revert,53,False,False,False,"{61: 1, 73: 2, 45: 1, 44: 2, 68: 2, 15: 2, 51: 1, 18: 1, 1: 1, 31: 2, 7: 1, 39: 2, 63: 2, 60: 2, 5: 1, 47: 2, 25: 1, 59: 1, 6: 1, 20: 1, 13: 1, 71: 1, 2: 1, 0: 1, 52: 1, 62: 1, 64: 1, 37: 1, 21: 1, 46: 1, 43: 1}","[8613, 8938, 2407, 6608, 7272, 689, 3199, 2217, 4906, 139, 2161, 6514, 968, 954, 662, 6275, 3196, 9381, 5274, 2798, 7044, 9658, 7803, 5122, 9346, 3927, 6417, 7737, 9797, 9353, 4326, 9294, 719, 8875, 7089, 4587, 2078, 2951, 2223, 7293]",2105,40,1,False,10
2121,change pin,change,21,True,True,False,"{61: 1, 73: 2, 45: 1, 44: 2, 68: 2, 15: 2, 51: 1, 18: 1, 1: 1, 31: 2, 7: 1, 39: 2, 63: 2, 60: 2, 5: 1, 47: 2, 25: 1, 59: 1, 6: 1, 20: 1, 13: 1, 71: 1, 2: 1, 0: 1, 52: 1, 62: 1, 64: 1, 37: 1, 21: 1, 46: 1, 43: 1}","[8613, 8938, 2407, 6608, 7272, 689, 3199, 2217, 4906, 139, 2161, 6514, 968, 954, 662, 6275, 3196, 9381, 5274, 2798, 7044, 9658, 7803, 5122, 9346, 3927, 6417, 7737, 9797, 9353, 4326, 9294, 719, 8875, 7089, 4587, 2078, 2951, 2223, 7293]",2121,40,1,False,10
1452,atm support,at,3,False,True,False,"{61: 1, 73: 2, 45: 1, 44: 2, 68: 2, 15: 2, 51: 1, 18: 1, 1: 1, 31: 2, 7: 1, 39: 2, 63: 2, 60: 2, 5: 1, 47: 2, 25: 1, 59: 1, 6: 1, 20: 1, 13: 1, 71: 1, 2: 1, 0: 1, 52: 1, 62: 1, 64: 1, 37: 1, 21: 1, 46: 1, 43: 1}","[8613, 8938, 2407, 6608, 7272, 689, 3199, 2217, 4906, 139, 2161, 6514, 968, 954, 662, 6275, 3196, 9381, 5274, 2798, 7044, 9658, 7803, 5122, 9346, 3927, 6417, 7737, 9797, 9353, 4326, 9294, 719, 8875, 7089, 4587, 2078, 2951, 2223, 7293]",1452,40,1,False,10
274,exchange charge,fi,36,False,False,True,"{61: 1, 73: 2, 45: 1, 44: 2, 68: 2, 15: 2, 51: 1, 18: 1, 1: 1, 31: 2, 7: 1, 39: 2, 63: 2, 60: 2, 5: 1, 47: 2, 25: 1, 59: 1, 6: 1, 20: 1, 13: 1, 71: 1, 2: 1, 0: 1, 52: 1, 62: 1, 64: 1, 37: 1, 21: 1, 46: 1, 43: 1}","[8613, 8938, 2407, 6608, 7272, 689, 3199, 2217, 4906, 139, 2161, 6514, 968, 954, 662, 6275, 3196, 9381, 5274, 2798, 7044, 9658, 7803, 5122, 9346, 3927, 6417, 7737, 9797, 9353, 4326, 9294, 719, 8875, 7089, 4587, 2078, 2951, 2223, 7293]",274,40,1,False,10
564,contactless not working,contact,23,False,True,False,"{61: 1, 73: 2, 45: 1, 44: 2, 68: 2, 15: 2, 51: 1, 18: 1, 1: 1, 31: 2, 7: 1, 39: 2, 63: 2, 60: 2, 5: 1, 47: 2, 25: 1, 59: 1, 6: 1, 20: 1, 13: 1, 71: 1, 2: 1, 0: 1, 52: 1, 62: 1, 64: 1, 37: 1, 21: 1, 46: 1, 43: 1}","[8613, 8938, 2407, 6608, 7272, 689, 3199, 2217, 4906, 139, 2161, 6514, 968, 954, 662, 6275, 3196, 9381, 5274, 2798, 7044, 9658, 7803, 5122, 9346, 3927, 6417, 7737, 9797, 9353, 4326, 9294, 719, 8875, 7089, 4587, 2078, 2951, 2223, 7293]",564,40,1,False,10
905,exchange charge,supported,54,False,False,True,"{61: 1, 73: 2, 45: 1, 44: 2, 68: 2, 15: 2, 51: 1, 18: 1, 1: 1, 31: 2, 7: 1, 39: 2, 63: 2, 60: 2, 5: 1, 47: 2, 25: 1, 59: 1, 6: 1, 20: 1, 13: 1, 71: 1, 2: 1, 0: 1, 52: 1, 62: 1, 64: 1, 37: 1, 21: 1, 46: 1, 43: 1}","[8613, 8938, 2407, 6608, 7272, 689, 3199, 2217, 4906, 139, 2161, 6514, 968, 954, 662, 6275, 3196, 9381, 5274, 2798, 7044, 9658, 7803, 5122, 9346, 3927, 6417, 7737, 9797, 9353, 4326, 9294, 719, 8875, 7089, 4587, 2078, 2951, 2223, 7293]",905,40,1,False,10
1535,passcode forgotten,pass,44,True,True,False,"{61: 1, 73: 2, 45: 1, 44: 2, 68: 2, 15: 2, 51: 1, 18: 1, 1: 1, 31: 2, 7: 1, 39: 2, 63: 2, 60: 2, 5: 1, 47: 2, 25: 1, 59: 1, 6: 1, 20: 1, 13: 1, 71: 1, 2: 1, 0: 1, 52: 1, 62: 1, 64: 1, 37: 1, 21: 1, 46: 1, 43: 1}","[8613, 8938, 2407, 6608, 7272, 689, 3199, 2217, 4906, 139, 2161, 6514, 968, 954, 662, 6275, 3196, 9381, 5274, 2798, 7044, 9658, 7803, 5122, 9346, 3927, 6417, 7737, 9797, 9353, 4326, 9294, 719, 8875, 7089, 4587, 2078, 2951, 2223, 7293]",1535,40,1,False,10
2113,exchange charge,revert,53,False,False,True,"{61: 1, 73: 2, 45: 1, 44: 2, 68: 2, 15: 2, 51: 1, 18: 1, 1: 1, 31: 2, 7: 1, 39: 2, 63: 2, 60: 2, 5: 1, 47: 2, 25: 1, 59: 1, 6: 1, 20: 1, 13: 1, 71: 1, 2: 1, 0: 1, 52: 1, 62: 1, 64: 1, 37: 1, 21: 1, 46: 1, 43: 1}","[8613, 8938, 2407, 6608, 7272, 689, 3199, 2217, 4906, 139, 2161, 6514, 968, 954, 662, 6275, 3196, 9381, 5274, 2798, 7044, 9658, 7803, 5122, 9346, 3927, 6417, 7737, 9797, 9353, 4326, 9294, 719, 8875, 7089, 4587, 2078, 2951, 2223, 7293]",2113,40,1,False,10
2142,change pin,change,21,True,True,False,"{61: 1, 73: 2, 45: 1, 44: 2, 68: 2, 15: 2, 51: 1, 18: 1, 1: 1, 31: 2, 7: 1, 39: 2, 63: 2, 60: 2, 5: 1, 47: 2, 25: 1, 59: 1, 6: 1, 20: 1, 13: 1, 71: 1, 2: 1, 0: 1, 52: 1, 62: 1, 64: 1, 37: 1, 21: 1, 46: 1, 43: 1}","[8613, 8938, 2407, 6608, 7272, 689, 3199, 2217, 4906, 139, 2161, 6514, 968, 954, 662, 6275, 3196, 9381, 5274, 2798, 7044, 9658, 7803, 5122, 9346, 3927, 6417, 7737, 9797, 9353, 4326, 9294, 719, 8875, 7089, 4587, 2078, 2951, 2223, 7293]",2142,40,1,False,10
2965,apple pay or google pay,apple,2,True,True,False,"{61: 1, 73: 2, 45: 1, 44: 2, 68: 2, 15: 2, 51: 1, 18: 1, 1: 1, 31: 2, 7: 1, 39: 2, 63: 2, 60: 2, 5: 1, 47: 2, 25: 1, 59: 1, 6: 1, 20: 1, 13: 1, 71: 1, 2: 1, 0: 1, 52: 1, 62: 1, 64: 1, 37: 1, 21: 1, 46: 1, 43: 1}","[8613, 8938, 2407, 6608, 7272, 689, 3199, 2217, 4906, 139, 2161, 6514, 968, 954, 662, 6275, 3196, 9381, 5274, 2798, 7044, 9658, 7803, 5122, 9346, 3927, 6417, 7737, 9797, 9353, 4326, 9294, 719, 8875, 7089, 4587, 2078, 2951, 2223, 7293]",2965,40,1,False,10
1834,exchange charge,declined card,25,True,False,True,"{61: 1, 73: 2, 45: 1, 44: 2, 68: 2, 15: 2, 51: 1, 18: 1, 1: 1, 31: 2, 7: 1, 39: 2, 63: 2, 60: 2, 5: 1, 47: 2, 25: 1, 59: 1, 6: 1, 20: 1, 13: 1, 71: 1, 2: 1, 0: 1, 52: 1, 62: 1, 64: 1, 37: 1, 21: 1, 46: 1, 43: 1}","[8613, 8938, 2407, 6608, 7272, 689, 3199, 2217, 4906, 139, 2161, 6514, 968, 954, 662, 6275, 3196, 9381, 5274, 2798, 7044, 9658, 7803, 5122, 9346, 3927, 6417, 7737, 9797, 9353, 4326, 9294, 719, 8875, 7089, 4587, 2078, 2951, 2223, 7293]",1834,40,1,False,10
1549,passcode forgotten,pass,44,True,True,False,"{61: 1, 73: 2, 45: 1, 44: 2, 68: 2, 15: 2, 51: 1, 18: 1, 1: 1, 31: 2, 7: 1, 39: 2, 63: 2, 60: 2, 5: 1, 47: 2, 25: 1, 59: 1, 6: 1, 20: 1, 13: 1, 71: 1, 2: 1, 0: 1, 52: 1, 62: 1, 64: 1, 37: 1, 21: 1, 46: 1, 43: 1}","[8613, 8938, 2407, 6608, 7272, 689, 3199, 2217, 4906, 139, 2161, 6514, 968, 954, 662, 6275, 3196, 9381, 5274, 2798, 7044, 9658, 7803, 5122, 9346, 3927, 6417, 7737, 9797, 9353, 4326, 9294, 719, 8875, 7089, 4587, 2078, 2951, 2223, 7293]",1549,40,1,False,10
1320,top up by card charge,to,62,True,False,False,"{61: 1, 73: 2, 45: 1, 44: 2, 68: 2, 15: 2, 51: 1, 18: 1, 1: 1, 31: 2, 7: 1, 39: 2, 63: 2, 60: 2, 5: 1, 47: 2, 25: 1, 59: 1, 6: 1, 20: 1, 13: 1, 71: 1, 2: 1, 0: 1, 52: 1, 62: 1, 64: 1, 37: 1, 21: 1, 46: 1, 43: 1}","[8613, 8938, 2407, 6608, 7272, 689, 3199, 2217, 4906, 139, 2161, 6514, 968, 954, 662, 6275, 3196, 9381, 5274, 2798, 7044, 9658, 7803, 5122, 9346, 3927, 6417, 7737, 9797, 9353, 4326, 9294, 719, 8875, 7089, 4587, 2078, 2951, 2223, 7293]",1320,40,1,False,10
2421,exchange charge,getting spare,39,True,False,True,"{61: 1, 73: 2, 45: 1, 44: 2, 68: 2, 15: 2, 51: 1, 18: 1, 1: 1, 31: 2, 7: 1, 39: 2, 63: 2, 60: 2, 5: 1, 47: 2, 25: 1, 59: 1, 6: 1, 20: 1, 13: 1, 71: 1, 2: 1, 0: 1, 52: 1, 62: 1, 64: 1, 37: 1, 21: 1, 46: 1, 43: 1}","[8613, 8938, 2407, 6608, 7272, 689, 3199, 2217, 4906, 139, 2161, 6514, 968, 954, 662, 6275, 3196, 9381, 5274, 2798, 7044, 9658, 7803, 5122, 9346, 3927, 6417, 7737, 9797, 9353, 4326, 9294, 719, 8875, 7089, 4587, 2078, 2951, 2223, 7293]",2421,40,1,False,10
2784,exchange charge,exchange charge,31,True,True,True,"{61: 1, 73: 2, 45: 1, 44: 2, 68: 2, 15: 2, 51: 1, 18: 1, 1: 1, 31: 2, 7: 1, 39: 2, 63: 2, 60: 2, 5: 1, 47: 2, 25: 1, 59: 1, 6: 1, 20: 1, 13: 1, 71: 1, 2: 1, 0: 1, 52: 1, 62: 1, 64: 1, 37: 1, 21: 1, 46: 1, 43: 1}","[8613, 8938, 2407, 6608, 7272, 689, 3199, 2217, 4906, 139, 2161, 6514, 968, 954, 662, 6275, 3196, 9381, 5274, 2798, 7044, 9658, 7803, 5122, 9346, 3927, 6417, 7737, 9797, 9353, 4326, 9294, 719, 8875, 7089, 4587, 2078, 2951, 2223, 7293]",2784,40,1,False,10
768,exchange rate,wrong amount,75,False,False,False,"{61: 1, 73: 2, 45: 1, 44: 2, 68: 2, 15: 2, 51: 1, 18: 1, 1: 1, 31: 2, 7: 1, 39: 2, 63: 2, 60: 2, 5: 1, 47: 2, 25: 1, 59: 1, 6: 1, 20: 1, 13: 1, 71: 1, 2: 1, 0: 1, 52: 1, 62: 1, 64: 1, 37: 1, 21: 1, 46: 1, 43: 1}","[8613, 8938, 2407, 6608, 7272, 689, 3199, 2217, 4906, 139, 2161, 6514, 968, 954, 662, 6275, 3196, 9381, 5274, 2798, 7044, 9658, 7803, 5122, 9346, 3927, 6417, 7737, 9797, 9353, 4326, 9294, 719, 8875, 7089, 4587, 2078, 2951, 2223, 7293]",768,40,1,False,10
2472,exchange charge,top up by c,58,False,False,True,"{61: 1, 73: 2, 45: 1, 44: 2, 68: 2, 15: 2, 51: 1, 18: 1, 1: 1, 31: 2, 7: 1, 39: 2, 63: 2, 60: 2, 5: 1, 47: 2, 25: 1, 59: 1, 6: 1, 20: 1, 13: 1, 71: 1, 2: 1, 0: 1, 52: 1, 62: 1, 64: 1, 37: 1, 21: 1, 46: 1, 43: 1}","[8613, 8938, 2407, 6608, 7272, 689, 3199, 2217, 4906, 139, 2161, 6514, 968, 954, 662, 6275, 3196, 9381, 5274, 2798, 7044, 9658, 7803, 5122, 9346, 3927, 6417, 7737, 9797, 9353, 4326, 9294, 719, 8875, 7089, 4587, 2078, 2951, 2223, 7293]",2472,40,1,False,10
2154,exchange charge,change,21,True,False,True,"{61: 1, 73: 2, 45: 1, 44: 2, 68: 2, 15: 2, 51: 1, 18: 1, 1: 1, 31: 2, 7: 1, 39: 2, 63: 2, 60: 2, 5: 1, 47: 2, 25: 1, 59: 1, 6: 1, 20: 1, 13: 1, 71: 1, 2: 1, 0: 1, 52: 1, 62: 1, 64: 1, 37: 1, 21: 1, 46: 1, 43: 1}","[8613, 8938, 2407, 6608, 7272, 689, 3199, 2217, 4906, 139, 2161, 6514, 968, 954, 662, 6275, 3196, 9381, 5274, 2798, 7044, 9658, 7803, 5122, 9346, 3927, 6417, 7737, 9797, 9353, 4326, 9294, 719, 8875, 7089, 4587, 2078, 2951, 2223, 7293]",2154,40,1,False,10
795,cash withdrawal not recognised,wrong amount,75,False,False,False,"{61: 1, 73: 2, 45: 1, 44: 2, 68: 2, 15: 2, 51: 1, 18: 1, 1: 1, 31: 2, 7: 1, 39: 2, 63: 2, 60: 2, 5: 1, 47: 2, 25: 1, 59: 1, 6: 1, 20: 1, 13: 1, 71: 1, 2: 1, 0: 1, 52: 1, 62: 1, 64: 1, 37: 1, 21: 1, 46: 1, 43: 1}","[8613, 8938, 2407, 6608, 7272, 689, 3199, 2217, 4906, 139, 2161, 6514, 968, 954, 662, 6275, 3196, 9381, 5274, 2798, 7044, 9658, 7803, 5122, 9346, 3927, 6417, 7737, 9797, 9353, 4326, 9294, 719, 8875, 7089, 4587, 2078, 2951, 2223, 7293]",795,40,1,False,10
1278,card payment fee charged,get physical,38,False,False,False,"{61: 1, 73: 2, 45: 1, 44: 2, 68: 2, 15: 2, 51: 1, 18: 1, 1: 1, 31: 2, 7: 1, 39: 2, 63: 2, 60: 2, 5: 1, 47: 2, 25: 1, 59: 1, 6: 1, 20: 1, 13: 1, 71: 1, 2: 1, 0: 1, 52: 1, 62: 1, 64: 1, 37: 1, 21: 1, 46: 1, 43: 1}","[8613, 8938, 2407, 6608, 7272, 689, 3199, 2217, 4906, 139, 2161, 6514, 968, 954, 662, 6275, 3196, 9381, 5274, 2798, 7044, 9658, 7803, 5122, 9346, 3927, 6417, 7737, 9797, 9353, 4326, 9294, 719, 8875, 7089, 4587, 2078, 2951, 2223, 7293]",1278,40,1,False,10
1494,exchange charge,direct,28,False,False,True,"{61: 1, 73: 2, 45: 1, 44: 2, 68: 2, 15: 2, 51: 1, 18: 1, 1: 1, 31: 2, 7: 1, 39: 2, 63: 2, 60: 2, 5: 1, 47: 2, 25: 1, 59: 1, 6: 1, 20: 1, 13: 1, 71: 1, 2: 1, 0: 1, 52: 1, 62: 1, 64: 1, 37: 1, 21: 1, 46: 1, 43: 1}","[8613, 8938, 2407, 6608, 7272, 689, 3199, 2217, 4906, 139, 2161, 6514, 968, 954, 662, 6275, 3196, 9381, 5274, 2798, 7044, 9658, 7803, 5122, 9346, 3927, 6417, 7737, 9797, 9353, 4326, 9294, 719, 8875, 7089, 4587, 2078, 2951, 2223, 7293]",1494,40,1,False,10
241,exchange charge,fi,36,False,False,True,"{61: 1, 73: 2, 45: 1, 44: 2, 68: 2, 15: 2, 51: 1, 18: 1, 1: 1, 31: 2, 7: 1, 39: 2, 63: 2, 60: 2, 5: 1, 47: 2, 25: 1, 59: 1, 6: 1, 20: 1, 13: 1, 71: 1, 2: 1, 0: 1, 52: 1, 62: 1, 64: 1, 37: 1, 21: 1, 46: 1, 43: 1}","[8613, 8938, 2407, 6608, 7272, 689, 3199, 2217, 4906, 139, 2161, 6514, 968, 954, 662, 6275, 3196, 9381, 5274, 2798, 7044, 9658, 7803, 5122, 9346, 3927, 6417, 7737, 9797, 9353, 4326, 9294, 719, 8875, 7089, 4587, 2078, 2951, 2223, 7293]",241,40,1,False,10
3060,exchange charge,country,24,False,False,True,"{61: 1, 73: 2, 45: 1, 44: 2, 68: 2, 15: 2, 51: 1, 18: 1, 1: 1, 31: 2, 7: 1, 39: 2, 63: 2, 60: 2, 5: 1, 47: 2, 25: 1, 59: 1, 6: 1, 20: 1, 13: 1, 71: 1, 2: 1, 0: 1, 52: 1, 62: 1, 64: 1, 37: 1, 21: 1, 46: 1, 43: 1}","[8613, 8938, 2407, 6608, 7272, 689, 3199, 2217, 4906, 139, 2161, 6514, 968, 954, 662, 6275, 3196, 9381, 5274, 2798, 7044, 9658, 7803, 5122, 9346, 3927, 6417, 7737, 9797, 9353, 4326, 9294, 719, 8875, 7089, 4587, 2078, 2951, 2223, 7293]",3060,40,1,False,10
494,age limit,age,1,True,True,False,"{61: 1, 73: 2, 45: 1, 44: 2, 68: 2, 15: 2, 51: 1, 18: 1, 1: 1, 31: 2, 7: 1, 39: 2, 63: 2, 60: 2, 5: 1, 47: 2, 25: 1, 59: 1, 6: 1, 20: 1, 13: 1, 71: 1, 2: 1, 0: 1, 52: 1, 62: 1, 64: 1, 37: 1, 21: 1, 46: 1, 43: 1}","[8613, 8938, 2407, 6608, 7272, 689, 3199, 2217, 4906, 139, 2161, 6514, 968, 954, 662, 6275, 3196, 9381, 5274, 2798, 7044, 9658, 7803, 5122, 9346, 3927, 6417, 7737, 9797, 9353, 4326, 9294, 719, 8875, 7089, 4587, 2078, 2951, 2223, 7293]",494,40,1,False,10
327,exchange charge,automatic,4,False,False,True,"{61: 1, 73: 2, 45: 1, 44: 2, 68: 2, 15: 2, 51: 1, 18: 1, 1: 1, 31: 2, 7: 1, 39: 2, 63: 2, 60: 2, 5: 1, 47: 2, 25: 1, 59: 1, 6: 1, 20: 1, 13: 1, 71: 1, 2: 1, 0: 1, 52: 1, 62: 1, 64: 1, 37: 1, 21: 1, 46: 1, 43: 1}","[8613, 8938, 2407, 6608, 7272, 689, 3199, 2217, 4906, 139, 2161, 6514, 968, 954, 662, 6275, 3196, 9381, 5274, 2798, 7044, 9658, 7803, 5122, 9346, 3927, 6417, 7737, 9797, 9353, 4326, 9294, 719, 8875, 7089, 4587, 2078, 2951, 2223, 7293]",327,40,1,False,10
458,lost or stolen card,lost or stolen card,41,False,True,False,"{61: 1, 73: 2, 45: 1, 44: 2, 68: 2, 15: 2, 51: 1, 18: 1, 1: 1, 31: 2, 7: 1, 39: 2, 63: 2, 60: 2, 5: 1, 47: 2, 25: 1, 59: 1, 6: 1, 20: 1, 13: 1, 71: 1, 2: 1, 0: 1, 52: 1, 62: 1, 64: 1, 37: 1, 21: 1, 46: 1, 43: 1}","[8613, 8938, 2407, 6608, 7272, 689, 3199, 2217, 4906, 139, 2161, 6514, 968, 954, 662, 6275, 3196, 9381, 5274, 2798, 7044, 9658, 7803, 5122, 9346, 3927, 6417, 7737, 9797, 9353, 4326, 9294, 719, 8875, 7089, 4587, 2078, 2951, 2223, 7293]",458,40,1,False,10
428,exchange rate,exchange via,33,False,False,False,"{61: 1, 73: 2, 45: 1, 44: 2, 68: 2, 15: 2, 51: 1, 18: 1, 1: 1, 31: 2, 7: 1, 39: 2, 63: 2, 60: 2, 5: 1, 47: 2, 25: 1, 59: 1, 6: 1, 20: 1, 13: 1, 71: 1, 2: 1, 0: 1, 52: 1, 62: 1, 64: 1, 37: 1, 21: 1, 46: 1, 43: 1}","[8613, 8938, 2407, 6608, 7272, 689, 3199, 2217, 4906, 139, 2161, 6514, 968, 954, 662, 6275, 3196, 9381, 5274, 2798, 7044, 9658, 7803, 5122, 9346, 3927, 6417, 7737, 9797, 9353, 4326, 9294, 719, 8875, 7089, 4587, 2078, 2951, 2223, 7293]",428,40,1,False,10
2862,activate my card,activ,0,True,True,False,"{61: 1, 73: 2, 45: 1, 44: 2, 68: 2, 15: 2, 51: 1, 18: 1, 1: 1, 31: 2, 7: 1, 39: 2, 63: 2, 60: 2, 5: 1, 47: 2, 25: 1, 59: 1, 6: 1, 20: 1, 13: 1, 71: 1, 2: 1, 0: 1, 52: 1, 62: 1, 64: 1, 37: 1, 21: 1, 46: 1, 43: 1}","[8613, 8938, 2407, 6608, 7272, 689, 3199, 2217, 4906, 139, 2161, 6514, 968, 954, 662, 6275, 3196, 9381, 5274, 2798, 7044, 9658, 7803, 5122, 9346, 3927, 6417, 7737, 9797, 9353, 4326, 9294, 719, 8875, 7089, 4587, 2078, 2951, 2223, 7293]",2862,40,1,False,10
2164,exchange charge,benef,7,True,False,True,"{61: 1, 73: 2, 45: 1, 44: 2, 68: 2, 15: 2, 51: 1, 18: 1, 1: 1, 31: 2, 7: 1, 39: 2, 63: 2, 60: 2, 5: 1, 47: 2, 25: 1, 59: 1, 6: 1, 20: 1, 13: 1, 71: 1, 2: 1, 0: 1, 52: 1, 62: 1, 64: 1, 37: 1, 21: 1, 46: 1, 43: 1}","[8613, 8938, 2407, 6608, 7272, 689, 3199, 2217, 4906, 139, 2161, 6514, 968, 954, 662, 6275, 3196, 9381, 5274, 2798, 7044, 9658, 7803, 5122, 9346, 3927, 6417, 7737, 9797, 9353, 4326, 9294, 719, 8875, 7089, 4587, 2078, 2951, 2223, 7293]",2164,40,1,False,10
2897,exchange charge,cash withdrawal charge,19,False,False,True,"{61: 1, 73: 2, 45: 1, 44: 2, 68: 2, 15: 2, 51: 1, 18: 1, 1: 1, 31: 2, 7: 1, 39: 2, 63: 2, 60: 2, 5: 1, 47: 2, 25: 1, 59: 1, 6: 1, 20: 1, 13: 1, 71: 1, 2: 1, 0: 1, 52: 1, 62: 1, 64: 1, 37: 1, 21: 1, 46: 1, 43: 1}","[8613, 8938, 2407, 6608, 7272, 689, 3199, 2217, 4906, 139, 2161, 6514, 968, 954, 662, 6275, 3196, 9381, 5274, 2798, 7044, 9658, 7803, 5122, 9346, 3927, 6417, 7737, 9797, 9353, 4326, 9294, 719, 8875, 7089, 4587, 2078, 2951, 2223, 7293]",2897,40,1,False,10
2440,exchange charge,top up by c,58,False,False,True,"{61: 1, 73: 2, 45: 1, 44: 2, 68: 2, 15: 2, 51: 1, 18: 1, 1: 1, 31: 2, 7: 1, 39: 2, 63: 2, 60: 2, 5: 1, 47: 2, 25: 1, 59: 1, 6: 1, 20: 1, 13: 1, 71: 1, 2: 1, 0: 1, 52: 1, 62: 1, 64: 1, 37: 1, 21: 1, 46: 1, 43: 1}","[8613, 8938, 2407, 6608, 7272, 689, 3199, 2217, 4906, 139, 2161, 6514, 968, 954, 662, 6275, 3196, 9381, 5274, 2798, 7044, 9658, 7803, 5122, 9346, 3927, 6417, 7737, 9797, 9353, 4326, 9294, 719, 8875, 7089, 4587, 2078, 2951, 2223, 7293]",2440,40,1,False,10
1663,exchange charge,lost or stolen phone,42,False,False,True,"{61: 1, 73: 2, 45: 1, 44: 2, 68: 2, 15: 2, 51: 1, 18: 1, 1: 1, 31: 2, 7: 1, 39: 2, 63: 2, 60: 2, 5: 1, 47: 2, 25: 1, 59: 1, 6: 1, 20: 1, 13: 1, 71: 1, 2: 1, 0: 1, 52: 1, 62: 1, 64: 1, 37: 1, 21: 1, 46: 1, 43: 1}","[8613, 8938, 2407, 6608, 7272, 689, 3199, 2217, 4906, 139, 2161, 6514, 968, 954, 662, 6275, 3196, 9381, 5274, 2798, 7044, 9658, 7803, 5122, 9346, 3927, 6417, 7737, 9797, 9353, 4326, 9294, 719, 8875, 7089, 4587, 2078, 2951, 2223, 7293]",1663,40,1,False,10
2700,exchange charge,balance not updated after bank,5,True,False,True,"{61: 1, 73: 2, 45: 1, 44: 2, 68: 2, 15: 2, 51: 1, 18: 1, 1: 1, 31: 2, 7: 1, 39: 2, 63: 2, 60: 2, 5: 1, 47: 2, 25: 1, 59: 1, 6: 1, 20: 1, 13: 1, 71: 1, 2: 1, 0: 1, 52: 1, 62: 1, 64: 1, 37: 1, 21: 1, 46: 1, 43: 1}","[8613, 8938, 2407, 6608, 7272, 689, 3199, 2217, 4906, 139, 2161, 6514, 968, 954, 662, 6275, 3196, 9381, 5274, 2798, 7044, 9658, 7803, 5122, 9346, 3927, 6417, 7737, 9797, 9353, 4326, 9294, 719, 8875, 7089, 4587, 2078, 2951, 2223, 7293]",2700,40,1,False,10
2955,card not working,card about,9,False,False,False,"{61: 1, 73: 2, 45: 1, 44: 2, 68: 2, 15: 2, 51: 1, 18: 1, 1: 1, 31: 2, 7: 1, 39: 2, 63: 2, 60: 2, 5: 1, 47: 2, 25: 1, 59: 1, 6: 1, 20: 1, 13: 1, 71: 1, 2: 1, 0: 1, 52: 1, 62: 1, 64: 1, 37: 1, 21: 1, 46: 1, 43: 1}","[8613, 8938, 2407, 6608, 7272, 689, 3199, 2217, 4906, 139, 2161, 6514, 968, 954, 662, 6275, 3196, 9381, 5274, 2798, 7044, 9658, 7803, 5122, 9346, 3927, 6417, 7737, 9797, 9353, 4326, 9294, 719, 8875, 7089, 4587, 2078, 2951, 2223, 7293]",2955,40,1,False,10
522,pin blocked,pin,49,False,True,False,"{61: 1, 73: 2, 45: 1, 44: 2, 68: 2, 15: 2, 51: 1, 18: 1, 1: 1, 31: 2, 7: 1, 39: 2, 63: 2, 60: 2, 5: 1, 47: 2, 25: 1, 59: 1, 6: 1, 20: 1, 13: 1, 71: 1, 2: 1, 0: 1, 52: 1, 62: 1, 64: 1, 37: 1, 21: 1, 46: 1, 43: 1}","[8613, 8938, 2407, 6608, 7272, 689, 3199, 2217, 4906, 139, 2161, 6514, 968, 954, 662, 6275, 3196, 9381, 5274, 2798, 7044, 9658, 7803, 5122, 9346, 3927, 6417, 7737, 9797, 9353, 4326, 9294, 719, 8875, 7089, 4587, 2078, 2951, 2223, 7293]",522,40,1,False,10
1788,exchange charge,Ref,51,True,False,True,"{61: 1, 73: 2, 45: 1, 44: 2, 68: 2, 15: 2, 51: 1, 18: 1, 1: 1, 31: 2, 7: 1, 39: 2, 63: 2, 60: 2, 5: 1, 47: 2, 25: 1, 59: 1, 6: 1, 20: 1, 13: 1, 71: 1, 2: 1, 0: 1, 52: 1, 62: 1, 64: 1, 37: 1, 21: 1, 46: 1, 43: 1}","[8613, 8938, 2407, 6608, 7272, 689, 3199, 2217, 4906, 139, 2161, 6514, 968, 954, 662, 6275, 3196, 9381, 5274, 2798, 7044, 9658, 7803, 5122, 9346, 3927, 6417, 7737, 9797, 9353, 4326, 9294, 719, 8875, 7089, 4587, 2078, 2951, 2223, 7293]",1788,40,1,False,10
1055,balance not updated after cheque or cash deposit,balance not updated after che,6,True,True,False,"{61: 1, 73: 2, 45: 1, 44: 2, 68: 2, 15: 2, 51: 1, 18: 1, 1: 1, 31: 2, 7: 1, 39: 2, 63: 2, 60: 2, 5: 1, 47: 2, 25: 1, 59: 1, 6: 1, 20: 1, 13: 1, 71: 1, 2: 1, 0: 1, 52: 1, 62: 1, 64: 1, 37: 1, 21: 1, 46: 1, 43: 1}","[8613, 8938, 2407, 6608, 7272, 689, 3199, 2217, 4906, 139, 2161, 6514, 968, 954, 662, 6275, 3196, 9381, 5274, 2798, 7044, 9658, 7803, 5122, 9346, 3927, 6417, 7737, 9797, 9353, 4326, 9294, 719, 8875, 7089, 4587, 2078, 2951, 2223, 7293]",1055,40,1,False,10
2992,apple pay or google pay,apple,2,True,True,False,"{61: 1, 73: 2, 45: 1, 44: 2, 68: 2, 15: 2, 51: 1, 18: 1, 1: 1, 31: 2, 7: 1, 39: 2, 63: 2, 60: 2, 5: 1, 47: 2, 25: 1, 59: 1, 6: 1, 20: 1, 13: 1, 71: 1, 2: 1, 0: 1, 52: 1, 62: 1, 64: 1, 37: 1, 21: 1, 46: 1, 43: 1}","[8613, 8938, 2407, 6608, 7272, 689, 3199, 2217, 4906, 139, 2161, 6514, 968, 954, 662, 6275, 3196, 9381, 5274, 2798, 7044, 9658, 7803, 5122, 9346, 3927, 6417, 7737, 9797, 9353, 4326, 9294, 719, 8875, 7089, 4587, 2078, 2951, 2223, 7293]",2992,40,1,False,10
1093,exchange charge,card payment not,16,False,False,True,"{61: 1, 73: 2, 45: 1, 44: 2, 68: 2, 15: 2, 51: 1, 18: 1, 1: 1, 31: 2, 7: 1, 39: 2, 63: 2, 60: 2, 5: 1, 47: 2, 25: 1, 59: 1, 6: 1, 20: 1, 13: 1, 71: 1, 2: 1, 0: 1, 52: 1, 62: 1, 64: 1, 37: 1, 21: 1, 46: 1, 43: 1}","[8613, 8938, 2407, 6608, 7272, 689, 3199, 2217, 4906, 139, 2161, 6514, 968, 954, 662, 6275, 3196, 9381, 5274, 2798, 7044, 9658, 7803, 5122, 9346, 3927, 6417, 7737, 9797, 9353, 4326, 9294, 719, 8875, 7089, 4587, 2078, 2951, 2223, 7293]",1093,40,1,False,10
791,exchange charge,wrong amount,75,False,False,True,"{61: 1, 73: 2, 45: 1, 44: 2, 68: 2, 15: 2, 51: 1, 18: 1, 1: 1, 31: 2, 7: 1, 39: 2, 63: 2, 60: 2, 5: 1, 47: 2, 25: 1, 59: 1, 6: 1, 20: 1, 13: 1, 71: 1, 2: 1, 0: 1, 52: 1, 62: 1, 64: 1, 37: 1, 21: 1, 46: 1, 43: 1}","[8613, 8938, 2407, 6608, 7272, 689, 3199, 2217, 4906, 139, 2161, 6514, 968, 954, 662, 6275, 3196, 9381, 5274, 2798, 7044, 9658, 7803, 5122, 9346, 3927, 6417, 7737, 9797, 9353, 4326, 9294, 719, 8875, 7089, 4587, 2078, 2951, 2223, 7293]",791,40,1,False,10
894,exchange charge,supported,54,False,False,True,"{61: 1, 73: 2, 45: 1, 44: 2, 68: 2, 15: 2, 51: 1, 18: 1, 1: 1, 31: 2, 7: 1, 39: 2, 63: 2, 60: 2, 5: 1, 47: 2, 25: 1, 59: 1, 6: 1, 20: 1, 13: 1, 71: 1, 2: 1, 0: 1, 52: 1, 62: 1, 64: 1, 37: 1, 21: 1, 46: 1, 43: 1}","[8613, 8938, 2407, 6608, 7272, 689, 3199, 2217, 4906, 139, 2161, 6514, 968, 954, 662, 6275, 3196, 9381, 5274, 2798, 7044, 9658, 7803, 5122, 9346, 3927, 6417, 7737, 9797, 9353, 4326, 9294, 719, 8875, 7089, 4587, 2078, 2951, 2223, 7293]",894,40,1,False,10
897,exchange charge,supported,54,False,False,True,"{61: 1, 73: 2, 45: 1, 44: 2, 68: 2, 15: 2, 51: 1, 18: 1, 1: 1, 31: 2, 7: 1, 39: 2, 63: 2, 60: 2, 5: 1, 47: 2, 25: 1, 59: 1, 6: 1, 20: 1, 13: 1, 71: 1, 2: 1, 0: 1, 52: 1, 62: 1, 64: 1, 37: 1, 21: 1, 46: 1, 43: 1}","[8613, 8938, 2407, 6608, 7272, 689, 3199, 2217, 4906, 139, 2161, 6514, 968, 954, 662, 6275, 3196, 9381, 5274, 2798, 7044, 9658, 7803, 5122, 9346, 3927, 6417, 7737, 9797, 9353, 4326, 9294, 719, 8875, 7089, 4587, 2078, 2951, 2223, 7293]",897,40,1,False,10
1175,card payment fee charged,why,74,False,False,False,"{61: 1, 73: 2, 45: 1, 44: 2, 68: 2, 15: 2, 51: 1, 18: 1, 1: 1, 31: 2, 7: 1, 39: 2, 63: 2, 60: 2, 5: 1, 47: 2, 25: 1, 59: 1, 6: 1, 20: 1, 13: 1, 71: 1, 2: 1, 0: 1, 52: 1, 62: 1, 64: 1, 37: 1, 21: 1, 46: 1, 43: 1}","[8613, 8938, 2407, 6608, 7272, 689, 3199, 2217, 4906, 139, 2161, 6514, 968, 954, 662, 6275, 3196, 9381, 5274, 2798, 7044, 9658, 7803, 5122, 9346, 3927, 6417, 7737, 9797, 9353, 4326, 9294, 719, 8875, 7089, 4587, 2078, 2951, 2223, 7293]",1175,40,1,False,10
68,card linking,card linking,13,True,True,True,"{61: 1, 73: 2, 45: 1, 44: 2, 68: 2, 15: 2, 51: 1, 18: 1, 1: 1, 31: 2, 7: 1, 39: 2, 63: 2, 60: 2, 5: 1, 47: 2, 25: 1, 59: 1, 6: 1, 20: 1, 13: 1, 71: 1, 2: 1, 0: 1, 52: 1, 62: 1, 64: 1, 37: 1, 21: 1, 46: 1, 43: 1}","[8613, 8938, 2407, 6608, 7272, 689, 3199, 2217, 4906, 139, 2161, 6514, 968, 954, 662, 6275, 3196, 9381, 5274, 2798, 7044, 9658, 7803, 5122, 9346, 3927, 6417, 7737, 9797, 9353, 4326, 9294, 719, 8875, 7089, 4587, 2078, 2951, 2223, 7293]",68,40,1,False,10
1551,change pin,pass,44,True,False,False,"{61: 1, 73: 2, 45: 1, 44: 2, 68: 2, 15: 2, 51: 1, 18: 1, 1: 1, 31: 2, 7: 1, 39: 2, 63: 2, 60: 2, 5: 1, 47: 2, 25: 1, 59: 1, 6: 1, 20: 1, 13: 1, 71: 1, 2: 1, 0: 1, 52: 1, 62: 1, 64: 1, 37: 1, 21: 1, 46: 1, 43: 1}","[8613, 8938, 2407, 6608, 7272, 689, 3199, 2217, 4906, 139, 2161, 6514, 968, 954, 662, 6275, 3196, 9381, 5274, 2798, 7044, 9658, 7803, 5122, 9346, 3927, 6417, 7737, 9797, 9353, 4326, 9294, 719, 8875, 7089, 4587, 2078, 2951, 2223, 7293]",1551,40,1,False,10
1508,exchange charge,direct,28,False,False,True,"{61: 1, 73: 2, 45: 1, 44: 2, 68: 2, 15: 2, 51: 1, 18: 1, 1: 1, 31: 2, 7: 1, 39: 2, 63: 2, 60: 2, 5: 1, 47: 2, 25: 1, 59: 1, 6: 1, 20: 1, 13: 1, 71: 1, 2: 1, 0: 1, 52: 1, 62: 1, 64: 1, 37: 1, 21: 1, 46: 1, 43: 1}","[8613, 8938, 2407, 6608, 7272, 689, 3199, 2217, 4906, 139, 2161, 6514, 968, 954, 662, 6275, 3196, 9381, 5274, 2798, 7044, 9658, 7803, 5122, 9346, 3927, 6417, 7737, 9797, 9353, 4326, 9294, 719, 8875, 7089, 4587, 2078, 2951, 2223, 7293]",1508,40,1,False,10
2250,exchange rate,receiving,50,False,False,False,"{61: 1, 73: 2, 45: 1, 44: 2, 68: 2, 15: 2, 51: 1, 18: 1, 1: 1, 31: 2, 7: 1, 39: 2, 63: 2, 60: 2, 5: 1, 47: 2, 25: 1, 59: 1, 6: 1, 20: 1, 13: 1, 71: 1, 2: 1, 0: 1, 52: 1, 62: 1, 64: 1, 37: 1, 21: 1, 46: 1, 43: 1}","[8613, 8938, 2407, 6608, 7272, 689, 3199, 2217, 4906, 139, 2161, 6514, 968, 954, 662, 6275, 3196, 9381, 5274, 2798, 7044, 9658, 7803, 5122, 9346, 3927, 6417, 7737, 9797, 9353, 4326, 9294, 719, 8875, 7089, 4587, 2078, 2951, 2223, 7293]",2250,40,1,False,10
519,card payment fee charged,age,1,True,False,False,"{61: 1, 73: 2, 45: 1, 44: 2, 68: 2, 15: 2, 51: 1, 18: 1, 1: 1, 31: 2, 7: 1, 39: 2, 63: 2, 60: 2, 5: 1, 47: 2, 25: 1, 59: 1, 6: 1, 20: 1, 13: 1, 71: 1, 2: 1, 0: 1, 52: 1, 62: 1, 64: 1, 37: 1, 21: 1, 46: 1, 43: 1}","[8613, 8938, 2407, 6608, 7272, 689, 3199, 2217, 4906, 139, 2161, 6514, 968, 954, 662, 6275, 3196, 9381, 5274, 2798, 7044, 9658, 7803, 5122, 9346, 3927, 6417, 7737, 9797, 9353, 4326, 9294, 719, 8875, 7089, 4587, 2078, 2951, 2223, 7293]",519,40,1,False,10
1731,transfer not received by recipient,declined transfer,27,False,False,False,"{61: 1, 73: 2, 45: 1, 44: 2, 68: 2, 15: 2, 51: 1, 18: 1, 1: 1, 31: 2, 7: 1, 39: 2, 63: 2, 60: 2, 5: 1, 47: 2, 25: 1, 59: 1, 6: 1, 20: 1, 13: 1, 71: 1, 2: 1, 0: 1, 52: 1, 62: 1, 64: 1, 37: 1, 21: 1, 46: 1, 43: 1}","[8613, 8938, 2407, 6608, 7272, 689, 3199, 2217, 4906, 139, 2161, 6514, 968, 954, 662, 6275, 3196, 9381, 5274, 2798, 7044, 9658, 7803, 5122, 9346, 3927, 6417, 7737, 9797, 9353, 4326, 9294, 719, 8875, 7089, 4587, 2078, 2951, 2223, 7293]",1731,40,1,False,10
1210,verify my identity,unable,68,True,False,False,"{61: 1, 73: 2, 45: 1, 44: 2, 68: 2, 15: 2, 51: 1, 18: 1, 1: 1, 31: 2, 7: 1, 39: 2, 63: 2, 60: 2, 5: 1, 47: 2, 25: 1, 59: 1, 6: 1, 20: 1, 13: 1, 71: 1, 2: 1, 0: 1, 52: 1, 62: 1, 64: 1, 37: 1, 21: 1, 46: 1, 43: 1}","[8613, 8938, 2407, 6608, 7272, 689, 3199, 2217, 4906, 139, 2161, 6514, 968, 954, 662, 6275, 3196, 9381, 5274, 2798, 7044, 9658, 7803, 5122, 9346, 3927, 6417, 7737, 9797, 9353, 4326, 9294, 719, 8875, 7089, 4587, 2078, 2951, 2223, 7293]",1210,40,1,False,10
1750,transfer fee charged,declined transfer,27,False,False,False,"{61: 1, 73: 2, 45: 1, 44: 2, 68: 2, 15: 2, 51: 1, 18: 1, 1: 1, 31: 2, 7: 1, 39: 2, 63: 2, 60: 2, 5: 1, 47: 2, 25: 1, 59: 1, 6: 1, 20: 1, 13: 1, 71: 1, 2: 1, 0: 1, 52: 1, 62: 1, 64: 1, 37: 1, 21: 1, 46: 1, 43: 1}","[8613, 8938, 2407, 6608, 7272, 689, 3199, 2217, 4906, 139, 2161, 6514, 968, 954, 662, 6275, 3196, 9381, 5274, 2798, 7044, 9658, 7803, 5122, 9346, 3927, 6417, 7737, 9797, 9353, 4326, 9294, 719, 8875, 7089, 4587, 2078, 2951, 2223, 7293]",1750,40,1,False,10
1687,exchange charge,request,52,True,False,True,"{61: 1, 73: 2, 45: 1, 44: 2, 68: 2, 15: 2, 51: 1, 18: 1, 1: 1, 31: 2, 7: 1, 39: 2, 63: 2, 60: 2, 5: 1, 47: 2, 25: 1, 59: 1, 6: 1, 20: 1, 13: 1, 71: 1, 2: 1, 0: 1, 52: 1, 62: 1, 64: 1, 37: 1, 21: 1, 46: 1, 43: 1}","[8613, 8938, 2407, 6608, 7272, 689, 3199, 2217, 4906, 139, 2161, 6514, 968, 954, 662, 6275, 3196, 9381, 5274, 2798, 7044, 9658, 7803, 5122, 9346, 3927, 6417, 7737, 9797, 9353, 4326, 9294, 719, 8875, 7089, 4587, 2078, 2951, 2223, 7293]",1687,40,1,False,10
891,exchange charge,supported,54,False,False,True,"{61: 1, 73: 2, 45: 1, 44: 2, 68: 2, 15: 2, 51: 1, 18: 1, 1: 1, 31: 2, 7: 1, 39: 2, 63: 2, 60: 2, 5: 1, 47: 2, 25: 1, 59: 1, 6: 1, 20: 1, 13: 1, 71: 1, 2: 1, 0: 1, 52: 1, 62: 1, 64: 1, 37: 1, 21: 1, 46: 1, 43: 1}","[8613, 8938, 2407, 6608, 7272, 689, 3199, 2217, 4906, 139, 2161, 6514, 968, 954, 662, 6275, 3196, 9381, 5274, 2798, 7044, 9658, 7803, 5122, 9346, 3927, 6417, 7737, 9797, 9353, 4326, 9294, 719, 8875, 7089, 4587, 2078, 2951, 2223, 7293]",891,40,1,False,10
1061,cash withdrawal not recognised,balance not updated after che,6,True,False,False,"{61: 1, 73: 2, 45: 1, 44: 2, 68: 2, 15: 2, 51: 1, 18: 1, 1: 1, 31: 2, 7: 1, 39: 2, 63: 2, 60: 2, 5: 1, 47: 2, 25: 1, 59: 1, 6: 1, 20: 1, 13: 1, 71: 1, 2: 1, 0: 1, 52: 1, 62: 1, 64: 1, 37: 1, 21: 1, 46: 1, 43: 1}","[8613, 8938, 2407, 6608, 7272, 689, 3199, 2217, 4906, 139, 2161, 6514, 968, 954, 662, 6275, 3196, 9381, 5274, 2798, 7044, 9658, 7803, 5122, 9346, 3927, 6417, 7737, 9797, 9353, 4326, 9294, 719, 8875, 7089, 4587, 2078, 2951, 2223, 7293]",1061,40,1,False,10
2403,get physical card,getting spare,39,True,False,False,"{61: 1, 73: 2, 45: 1, 44: 2, 68: 2, 15: 2, 51: 1, 18: 1, 1: 1, 31: 2, 7: 1, 39: 2, 63: 2, 60: 2, 5: 1, 47: 2, 25: 1, 59: 1, 6: 1, 20: 1, 13: 1, 71: 1, 2: 1, 0: 1, 52: 1, 62: 1, 64: 1, 37: 1, 21: 1, 46: 1, 43: 1}","[8613, 8938, 2407, 6608, 7272, 689, 3199, 2217, 4906, 139, 2161, 6514, 968, 954, 662, 6275, 3196, 9381, 5274, 2798, 7044, 9658, 7803, 5122, 9346, 3927, 6417, 7737, 9797, 9353, 4326, 9294, 719, 8875, 7089, 4587, 2078, 2951, 2223, 7293]",2403,40,1,False,10
1898,exchange charge,terminate,55,False,False,True,"{61: 1, 73: 2, 45: 1, 44: 2, 68: 2, 15: 2, 51: 1, 18: 1, 1: 1, 31: 2, 7: 1, 39: 2, 63: 2, 60: 2, 5: 1, 47: 2, 25: 1, 59: 1, 6: 1, 20: 1, 13: 1, 71: 1, 2: 1, 0: 1, 52: 1, 62: 1, 64: 1, 37: 1, 21: 1, 46: 1, 43: 1}","[8613, 8938, 2407, 6608, 7272, 689, 3199, 2217, 4906, 139, 2161, 6514, 968, 954, 662, 6275, 3196, 9381, 5274, 2798, 7044, 9658, 7803, 5122, 9346, 3927, 6417, 7737, 9797, 9353, 4326, 9294, 719, 8875, 7089, 4587, 2078, 2951, 2223, 7293]",1898,40,1,False,10
2978,apple pay or google pay,apple,2,True,True,False,"{61: 1, 73: 2, 45: 1, 44: 2, 68: 2, 15: 2, 51: 1, 18: 1, 1: 1, 31: 2, 7: 1, 39: 2, 63: 2, 60: 2, 5: 1, 47: 2, 25: 1, 59: 1, 6: 1, 20: 1, 13: 1, 71: 1, 2: 1, 0: 1, 52: 1, 62: 1, 64: 1, 37: 1, 21: 1, 46: 1, 43: 1}","[8613, 8938, 2407, 6608, 7272, 689, 3199, 2217, 4906, 139, 2161, 6514, 968, 954, 662, 6275, 3196, 9381, 5274, 2798, 7044, 9658, 7803, 5122, 9346, 3927, 6417, 7737, 9797, 9353, 4326, 9294, 719, 8875, 7089, 4587, 2078, 2951, 2223, 7293]",2978,40,1,False,10
1427,card not working,comprom,22,False,False,False,"{61: 1, 73: 2, 45: 1, 44: 2, 68: 2, 15: 2, 51: 1, 18: 1, 1: 1, 31: 2, 7: 1, 39: 2, 63: 2, 60: 2, 5: 1, 47: 2, 25: 1, 59: 1, 6: 1, 20: 1, 13: 1, 71: 1, 2: 1, 0: 1, 52: 1, 62: 1, 64: 1, 37: 1, 21: 1, 46: 1, 43: 1}","[8613, 8938, 2407, 6608, 7272, 689, 3199, 2217, 4906, 139, 2161, 6514, 968, 954, 662, 6275, 3196, 9381, 5274, 2798, 7044, 9658, 7803, 5122, 9346, 3927, 6417, 7737, 9797, 9353, 4326, 9294, 719, 8875, 7089, 4587, 2078, 2951, 2223, 7293]",1427,40,1,False,10
1526,wrong exchange rate for cash withdrawal,pass,44,True,False,False,"{61: 1, 73: 2, 45: 1, 44: 2, 68: 2, 15: 2, 51: 1, 18: 1, 1: 1, 31: 2, 7: 1, 39: 2, 63: 2, 60: 2, 5: 1, 47: 2, 25: 1, 59: 1, 6: 1, 20: 1, 13: 1, 71: 1, 2: 1, 0: 1, 52: 1, 62: 1, 64: 1, 37: 1, 21: 1, 46: 1, 43: 1}","[8613, 8938, 2407, 6608, 7272, 689, 3199, 2217, 4906, 139, 2161, 6514, 968, 954, 662, 6275, 3196, 9381, 5274, 2798, 7044, 9658, 7803, 5122, 9346, 3927, 6417, 7737, 9797, 9353, 4326, 9294, 719, 8875, 7089, 4587, 2078, 2951, 2223, 7293]",1526,40,1,False,10
824,exchange charge,card payment fee,15,True,False,True,"{61: 1, 73: 2, 45: 1, 44: 2, 68: 2, 15: 2, 51: 1, 18: 1, 1: 1, 31: 2, 7: 1, 39: 2, 63: 2, 60: 2, 5: 1, 47: 2, 25: 1, 59: 1, 6: 1, 20: 1, 13: 1, 71: 1, 2: 1, 0: 1, 52: 1, 62: 1, 64: 1, 37: 1, 21: 1, 46: 1, 43: 1}","[8613, 8938, 2407, 6608, 7272, 689, 3199, 2217, 4906, 139, 2161, 6514, 968, 954, 662, 6275, 3196, 9381, 5274, 2798, 7044, 9658, 7803, 5122, 9346, 3927, 6417, 7737, 9797, 9353, 4326, 9294, 719, 8875, 7089, 4587, 2078, 2951, 2223, 7293]",824,40,1,False,10
1983,card payment fee charged,transaction,63,True,False,False,"{61: 1, 73: 2, 45: 1, 44: 2, 68: 2, 15: 2, 51: 1, 18: 1, 1: 1, 31: 2, 7: 1, 39: 2, 63: 2, 60: 2, 5: 1, 47: 2, 25: 1, 59: 1, 6: 1, 20: 1, 13: 1, 71: 1, 2: 1, 0: 1, 52: 1, 62: 1, 64: 1, 37: 1, 21: 1, 46: 1, 43: 1}","[8613, 8938, 2407, 6608, 7272, 689, 3199, 2217, 4906, 139, 2161, 6514, 968, 954, 662, 6275, 3196, 9381, 5274, 2798, 7044, 9658, 7803, 5122, 9346, 3927, 6417, 7737, 9797, 9353, 4326, 9294, 719, 8875, 7089, 4587, 2078, 2951, 2223, 7293]",1983,40,1,False,10
2132,change pin,change,21,True,True,False,"{61: 1, 73: 2, 45: 1, 44: 2, 68: 2, 15: 2, 51: 1, 18: 1, 1: 1, 31: 2, 7: 1, 39: 2, 63: 2, 60: 2, 5: 1, 47: 2, 25: 1, 59: 1, 6: 1, 20: 1, 13: 1, 71: 1, 2: 1, 0: 1, 52: 1, 62: 1, 64: 1, 37: 1, 21: 1, 46: 1, 43: 1}","[8613, 8938, 2407, 6608, 7272, 689, 3199, 2217, 4906, 139, 2161, 6514, 968, 954, 662, 6275, 3196, 9381, 5274, 2798, 7044, 9658, 7803, 5122, 9346, 3927, 6417, 7737, 9797, 9353, 4326, 9294, 719, 8875, 7089, 4587, 2078, 2951, 2223, 7293]",2132,40,1,False,10
418,exchange charge,exchange via,33,False,False,True,"{61: 1, 73: 2, 45: 1, 44: 2, 68: 2, 15: 2, 51: 1, 18: 1, 1: 1, 31: 2, 7: 1, 39: 2, 63: 2, 60: 2, 5: 1, 47: 2, 25: 1, 59: 1, 6: 1, 20: 1, 13: 1, 71: 1, 2: 1, 0: 1, 52: 1, 62: 1, 64: 1, 37: 1, 21: 1, 46: 1, 43: 1}","[8613, 8938, 2407, 6608, 7272, 689, 3199, 2217, 4906, 139, 2161, 6514, 968, 954, 662, 6275, 3196, 9381, 5274, 2798, 7044, 9658, 7803, 5122, 9346, 3927, 6417, 7737, 9797, 9353, 4326, 9294, 719, 8875, 7089, 4587, 2078, 2951, 2223, 7293]",418,40,1,False,10
1345,exchange charge,to,62,True,False,True,"{61: 1, 73: 2, 45: 1, 44: 2, 68: 2, 15: 2, 51: 1, 18: 1, 1: 1, 31: 2, 7: 1, 39: 2, 63: 2, 60: 2, 5: 1, 47: 2, 25: 1, 59: 1, 6: 1, 20: 1, 13: 1, 71: 1, 2: 1, 0: 1, 52: 1, 62: 1, 64: 1, 37: 1, 21: 1, 46: 1, 43: 1}","[8613, 8938, 2407, 6608, 7272, 689, 3199, 2217, 4906, 139, 2161, 6514, 968, 954, 662, 6275, 3196, 9381, 5274, 2798, 7044, 9658, 7803, 5122, 9346, 3927, 6417, 7737, 9797, 9353, 4326, 9294, 719, 8875, 7089, 4587, 2078, 2951, 2223, 7293]",1345,40,1,False,10
2829,exchange charge,top up by card,57,False,False,True,"{61: 1, 73: 2, 45: 1, 44: 2, 68: 2, 15: 2, 51: 1, 18: 1, 1: 1, 31: 2, 7: 1, 39: 2, 63: 2, 60: 2, 5: 1, 47: 2, 25: 1, 59: 1, 6: 1, 20: 1, 13: 1, 71: 1, 2: 1, 0: 1, 52: 1, 62: 1, 64: 1, 37: 1, 21: 1, 46: 1, 43: 1}","[8613, 8938, 2407, 6608, 7272, 689, 3199, 2217, 4906, 139, 2161, 6514, 968, 954, 662, 6275, 3196, 9381, 5274, 2798, 7044, 9658, 7803, 5122, 9346, 3927, 6417, 7737, 9797, 9353, 4326, 9294, 719, 8875, 7089, 4587, 2078, 2951, 2223, 7293]",2829,40,1,False,10
2489,exchange charge,order,43,True,False,True,"{61: 1, 73: 2, 45: 1, 44: 2, 68: 2, 15: 2, 51: 1, 18: 1, 1: 1, 31: 2, 7: 1, 39: 2, 63: 2, 60: 2, 5: 1, 47: 2, 25: 1, 59: 1, 6: 1, 20: 1, 13: 1, 71: 1, 2: 1, 0: 1, 52: 1, 62: 1, 64: 1, 37: 1, 21: 1, 46: 1, 43: 1}","[8613, 8938, 2407, 6608, 7272, 689, 3199, 2217, 4906, 139, 2161, 6514, 968, 954, 662, 6275, 3196, 9381, 5274, 2798, 7044, 9658, 7803, 5122, 9346, 3927, 6417, 7737, 9797, 9353, 4326, 9294, 719, 8875, 7089, 4587, 2078, 2951, 2223, 7293]",2489,40,1,False,10
598,contactless not working,contact,23,False,True,False,"{61: 1, 73: 2, 45: 1, 44: 2, 68: 2, 15: 2, 51: 1, 18: 1, 1: 1, 31: 2, 7: 1, 39: 2, 63: 2, 60: 2, 5: 1, 47: 2, 25: 1, 59: 1, 6: 1, 20: 1, 13: 1, 71: 1, 2: 1, 0: 1, 52: 1, 62: 1, 64: 1, 37: 1, 21: 1, 46: 1, 43: 1}","[8613, 8938, 2407, 6608, 7272, 689, 3199, 2217, 4906, 139, 2161, 6514, 968, 954, 662, 6275, 3196, 9381, 5274, 2798, 7044, 9658, 7803, 5122, 9346, 3927, 6417, 7737, 9797, 9353, 4326, 9294, 719, 8875, 7089, 4587, 2078, 2951, 2223, 7293]",598,40,1,False,10
804,exchange charge,card payment fee,15,True,False,True,"{61: 1, 73: 2, 45: 1, 44: 2, 68: 2, 15: 2, 51: 1, 18: 1, 1: 1, 31: 2, 7: 1, 39: 2, 63: 2, 60: 2, 5: 1, 47: 2, 25: 1, 59: 1, 6: 1, 20: 1, 13: 1, 71: 1, 2: 1, 0: 1, 52: 1, 62: 1, 64: 1, 37: 1, 21: 1, 46: 1, 43: 1}","[8613, 8938, 2407, 6608, 7272, 689, 3199, 2217, 4906, 139, 2161, 6514, 968, 954, 662, 6275, 3196, 9381, 5274, 2798, 7044, 9658, 7803, 5122, 9346, 3927, 6417, 7737, 9797, 9353, 4326, 9294, 719, 8875, 7089, 4587, 2078, 2951, 2223, 7293]",804,40,1,False,10
3017,exchange charge,verify my,69,False,False,True,"{61: 1, 73: 2, 45: 1, 44: 2, 68: 2, 15: 2, 51: 1, 18: 1, 1: 1, 31: 2, 7: 1, 39: 2, 63: 2, 60: 2, 5: 1, 47: 2, 25: 1, 59: 1, 6: 1, 20: 1, 13: 1, 71: 1, 2: 1, 0: 1, 52: 1, 62: 1, 64: 1, 37: 1, 21: 1, 46: 1, 43: 1}","[8613, 8938, 2407, 6608, 7272, 689, 3199, 2217, 4906, 139, 2161, 6514, 968, 954, 662, 6275, 3196, 9381, 5274, 2798, 7044, 9658, 7803, 5122, 9346, 3927, 6417, 7737, 9797, 9353, 4326, 9294, 719, 8875, 7089, 4587, 2078, 2951, 2223, 7293]",3017,40,1,False,10
2589,exchange rate,wrong exchange,76,False,False,False,"{61: 1, 73: 2, 45: 1, 44: 2, 68: 2, 15: 2, 51: 1, 18: 1, 1: 1, 31: 2, 7: 1, 39: 2, 63: 2, 60: 2, 5: 1, 47: 2, 25: 1, 59: 1, 6: 1, 20: 1, 13: 1, 71: 1, 2: 1, 0: 1, 52: 1, 62: 1, 64: 1, 37: 1, 21: 1, 46: 1, 43: 1}","[8613, 8938, 2407, 6608, 7272, 689, 3199, 2217, 4906, 139, 2161, 6514, 968, 954, 662, 6275, 3196, 9381, 5274, 2798, 7044, 9658, 7803, 5122, 9346, 3927, 6417, 7737, 9797, 9353, 4326, 9294, 719, 8875, 7089, 4587, 2078, 2951, 2223, 7293]",2589,40,1,False,10
2540,card not working,virtual,72,False,False,False,"{61: 1, 73: 2, 45: 1, 44: 2, 68: 2, 15: 2, 51: 1, 18: 1, 1: 1, 31: 2, 7: 1, 39: 2, 63: 2, 60: 2, 5: 1, 47: 2, 25: 1, 59: 1, 6: 1, 20: 1, 13: 1, 71: 1, 2: 1, 0: 1, 52: 1, 62: 1, 64: 1, 37: 1, 21: 1, 46: 1, 43: 1}","[8613, 8938, 2407, 6608, 7272, 689, 3199, 2217, 4906, 139, 2161, 6514, 968, 954, 662, 6275, 3196, 9381, 5274, 2798, 7044, 9658, 7803, 5122, 9346, 3927, 6417, 7737, 9797, 9353, 4326, 9294, 719, 8875, 7089, 4587, 2078, 2951, 2223, 7293]",2540,40,1,False,10
2908,exchange charge,cash withdrawal charge,19,False,False,True,"{61: 1, 73: 2, 45: 1, 44: 2, 68: 2, 15: 2, 51: 1, 18: 1, 1: 1, 31: 2, 7: 1, 39: 2, 63: 2, 60: 2, 5: 1, 47: 2, 25: 1, 59: 1, 6: 1, 20: 1, 13: 1, 71: 1, 2: 1, 0: 1, 52: 1, 62: 1, 64: 1, 37: 1, 21: 1, 46: 1, 43: 1}","[8613, 8938, 2407, 6608, 7272, 689, 3199, 2217, 4906, 139, 2161, 6514, 968, 954, 662, 6275, 3196, 9381, 5274, 2798, 7044, 9658, 7803, 5122, 9346, 3927, 6417, 7737, 9797, 9353, 4326, 9294, 719, 8875, 7089, 4587, 2078, 2951, 2223, 7293]",2908,40,1,False,10
2968,exchange charge,apple,2,True,False,True,"{61: 1, 73: 2, 45: 1, 44: 2, 68: 2, 15: 2, 51: 1, 18: 1, 1: 1, 31: 2, 7: 1, 39: 2, 63: 2, 60: 2, 5: 1, 47: 2, 25: 1, 59: 1, 6: 1, 20: 1, 13: 1, 71: 1, 2: 1, 0: 1, 52: 1, 62: 1, 64: 1, 37: 1, 21: 1, 46: 1, 43: 1}","[8613, 8938, 2407, 6608, 7272, 689, 3199, 2217, 4906, 139, 2161, 6514, 968, 954, 662, 6275, 3196, 9381, 5274, 2798, 7044, 9658, 7803, 5122, 9346, 3927, 6417, 7737, 9797, 9353, 4326, 9294, 719, 8875, 7089, 4587, 2078, 2951, 2223, 7293]",2968,40,1,False,10
2747,atm support,cash withdrawal not,20,True,False,False,"{61: 1, 73: 2, 45: 1, 44: 2, 68: 2, 15: 2, 51: 1, 18: 1, 1: 1, 31: 2, 7: 1, 39: 2, 63: 2, 60: 2, 5: 1, 47: 2, 25: 1, 59: 1, 6: 1, 20: 1, 13: 1, 71: 1, 2: 1, 0: 1, 52: 1, 62: 1, 64: 1, 37: 1, 21: 1, 46: 1, 43: 1}","[8613, 8938, 2407, 6608, 7272, 689, 3199, 2217, 4906, 139, 2161, 6514, 968, 954, 662, 6275, 3196, 9381, 5274, 2798, 7044, 9658, 7803, 5122, 9346, 3927, 6417, 7737, 9797, 9353, 4326, 9294, 719, 8875, 7089, 4587, 2078, 2951, 2223, 7293]",2747,40,1,False,10
1340,transfer fee charged,to,62,True,False,False,"{61: 1, 73: 2, 45: 1, 44: 2, 68: 2, 15: 2, 51: 1, 18: 1, 1: 1, 31: 2, 7: 1, 39: 2, 63: 2, 60: 2, 5: 1, 47: 2, 25: 1, 59: 1, 6: 1, 20: 1, 13: 1, 71: 1, 2: 1, 0: 1, 52: 1, 62: 1, 64: 1, 37: 1, 21: 1, 46: 1, 43: 1}","[8613, 8938, 2407, 6608, 7272, 689, 3199, 2217, 4906, 139, 2161, 6514, 968, 954, 662, 6275, 3196, 9381, 5274, 2798, 7044, 9658, 7803, 5122, 9346, 3927, 6417, 7737, 9797, 9353, 4326, 9294, 719, 8875, 7089, 4587, 2078, 2951, 2223, 7293]",1340,40,1,False,10
1348,top up by card charge,to,62,True,False,False,"{61: 1, 73: 2, 45: 1, 44: 2, 68: 2, 15: 2, 51: 1, 18: 1, 1: 1, 31: 2, 7: 1, 39: 2, 63: 2, 60: 2, 5: 1, 47: 2, 25: 1, 59: 1, 6: 1, 20: 1, 13: 1, 71: 1, 2: 1, 0: 1, 52: 1, 62: 1, 64: 1, 37: 1, 21: 1, 46: 1, 43: 1}","[8613, 8938, 2407, 6608, 7272, 689, 3199, 2217, 4906, 139, 2161, 6514, 968, 954, 662, 6275, 3196, 9381, 5274, 2798, 7044, 9658, 7803, 5122, 9346, 3927, 6417, 7737, 9797, 9353, 4326, 9294, 719, 8875, 7089, 4587, 2078, 2951, 2223, 7293]",1348,40,1,False,10
1451,exchange charge,at,3,False,False,True,"{61: 1, 73: 2, 45: 1, 44: 2, 68: 2, 15: 2, 51: 1, 18: 1, 1: 1, 31: 2, 7: 1, 39: 2, 63: 2, 60: 2, 5: 1, 47: 2, 25: 1, 59: 1, 6: 1, 20: 1, 13: 1, 71: 1, 2: 1, 0: 1, 52: 1, 62: 1, 64: 1, 37: 1, 21: 1, 46: 1, 43: 1}","[8613, 8938, 2407, 6608, 7272, 689, 3199, 2217, 4906, 139, 2161, 6514, 968, 954, 662, 6275, 3196, 9381, 5274, 2798, 7044, 9658, 7803, 5122, 9346, 3927, 6417, 7737, 9797, 9353, 4326, 9294, 719, 8875, 7089, 4587, 2078, 2951, 2223, 7293]",1451,40,1,False,10
2903,exchange charge,cash withdrawal charge,19,False,False,True,"{61: 1, 73: 2, 45: 1, 44: 2, 68: 2, 15: 2, 51: 1, 18: 1, 1: 1, 31: 2, 7: 1, 39: 2, 63: 2, 60: 2, 5: 1, 47: 2, 25: 1, 59: 1, 6: 1, 20: 1, 13: 1, 71: 1, 2: 1, 0: 1, 52: 1, 62: 1, 64: 1, 37: 1, 21: 1, 46: 1, 43: 1}","[8613, 8938, 2407, 6608, 7272, 689, 3199, 2217, 4906, 139, 2161, 6514, 968, 954, 662, 6275, 3196, 9381, 5274, 2798, 7044, 9658, 7803, 5122, 9346, 3927, 6417, 7737, 9797, 9353, 4326, 9294, 719, 8875, 7089, 4587, 2078, 2951, 2223, 7293]",2903,40,1,False,10
1237,verify my identity,unable,68,True,False,False,"{61: 1, 73: 2, 45: 1, 44: 2, 68: 2, 15: 2, 51: 1, 18: 1, 1: 1, 31: 2, 7: 1, 39: 2, 63: 2, 60: 2, 5: 1, 47: 2, 25: 1, 59: 1, 6: 1, 20: 1, 13: 1, 71: 1, 2: 1, 0: 1, 52: 1, 62: 1, 64: 1, 37: 1, 21: 1, 46: 1, 43: 1}","[8613, 8938, 2407, 6608, 7272, 689, 3199, 2217, 4906, 139, 2161, 6514, 968, 954, 662, 6275, 3196, 9381, 5274, 2798, 7044, 9658, 7803, 5122, 9346, 3927, 6417, 7737, 9797, 9353, 4326, 9294, 719, 8875, 7089, 4587, 2078, 2951, 2223, 7293]",1237,40,1,False,10
2119,exchange charge,revert,53,False,False,True,"{61: 1, 73: 2, 45: 1, 44: 2, 68: 2, 15: 2, 51: 1, 18: 1, 1: 1, 31: 2, 7: 1, 39: 2, 63: 2, 60: 2, 5: 1, 47: 2, 25: 1, 59: 1, 6: 1, 20: 1, 13: 1, 71: 1, 2: 1, 0: 1, 52: 1, 62: 1, 64: 1, 37: 1, 21: 1, 46: 1, 43: 1}","[8613, 8938, 2407, 6608, 7272, 689, 3199, 2217, 4906, 139, 2161, 6514, 968, 954, 662, 6275, 3196, 9381, 5274, 2798, 7044, 9658, 7803, 5122, 9346, 3927, 6417, 7737, 9797, 9353, 4326, 9294, 719, 8875, 7089, 4587, 2078, 2951, 2223, 7293]",2119,40,1,False,10
652,exchange charge,pending top,47,True,False,True,"{61: 1, 73: 2, 45: 1, 44: 2, 68: 2, 15: 2, 51: 1, 18: 1, 1: 1, 31: 2, 7: 1, 39: 2, 63: 2, 60: 2, 5: 1, 47: 2, 25: 1, 59: 1, 6: 1, 20: 1, 13: 1, 71: 1, 2: 1, 0: 1, 52: 1, 62: 1, 64: 1, 37: 1, 21: 1, 46: 1, 43: 1}","[8613, 8938, 2407, 6608, 7272, 689, 3199, 2217, 4906, 139, 2161, 6514, 968, 954, 662, 6275, 3196, 9381, 5274, 2798, 7044, 9658, 7803, 5122, 9346, 3927, 6417, 7737, 9797, 9353, 4326, 9294, 719, 8875, 7089, 4587, 2078, 2951, 2223, 7293]",652,40,1,False,10
131,exchange rate,card payment wrong,17,False,False,False,"{61: 1, 73: 2, 45: 1, 44: 2, 68: 2, 15: 2, 51: 1, 18: 1, 1: 1, 31: 2, 7: 1, 39: 2, 63: 2, 60: 2, 5: 1, 47: 2, 25: 1, 59: 1, 6: 1, 20: 1, 13: 1, 71: 1, 2: 1, 0: 1, 52: 1, 62: 1, 64: 1, 37: 1, 21: 1, 46: 1, 43: 1}","[8613, 8938, 2407, 6608, 7272, 689, 3199, 2217, 4906, 139, 2161, 6514, 968, 954, 662, 6275, 3196, 9381, 5274, 2798, 7044, 9658, 7803, 5122, 9346, 3927, 6417, 7737, 9797, 9353, 4326, 9294, 719, 8875, 7089, 4587, 2078, 2951, 2223, 7293]",131,40,1,False,10
949,virtual card not working,getting virtual,40,False,False,False,"{61: 1, 73: 2, 45: 1, 44: 2, 68: 2, 15: 2, 51: 1, 18: 1, 1: 1, 31: 2, 7: 1, 39: 2, 63: 2, 60: 2, 5: 1, 47: 2, 25: 1, 59: 1, 6: 1, 20: 1, 13: 1, 71: 1, 2: 1, 0: 1, 52: 1, 62: 1, 64: 1, 37: 1, 21: 1, 46: 1, 43: 1}","[8613, 8938, 2407, 6608, 7272, 689, 3199, 2217, 4906, 139, 2161, 6514, 968, 954, 662, 6275, 3196, 9381, 5274, 2798, 7044, 9658, 7803, 5122, 9346, 3927, 6417, 7737, 9797, 9353, 4326, 9294, 719, 8875, 7089, 4587, 2078, 2951, 2223, 7293]",949,40,1,False,10
2528,exchange charge,virtual,72,False,False,True,"{61: 1, 73: 2, 45: 1, 44: 2, 68: 2, 15: 2, 51: 1, 18: 1, 1: 1, 31: 2, 7: 1, 39: 2, 63: 2, 60: 2, 5: 1, 47: 2, 25: 1, 59: 1, 6: 1, 20: 1, 13: 1, 71: 1, 2: 1, 0: 1, 52: 1, 62: 1, 64: 1, 37: 1, 21: 1, 46: 1, 43: 1}","[8613, 8938, 2407, 6608, 7272, 689, 3199, 2217, 4906, 139, 2161, 6514, 968, 954, 662, 6275, 3196, 9381, 5274, 2798, 7044, 9658, 7803, 5122, 9346, 3927, 6417, 7737, 9797, 9353, 4326, 9294, 719, 8875, 7089, 4587, 2078, 2951, 2223, 7293]",2528,40,1,False,10
2158,change pin,change,21,True,True,False,"{61: 1, 73: 2, 45: 1, 44: 2, 68: 2, 15: 2, 51: 1, 18: 1, 1: 1, 31: 2, 7: 1, 39: 2, 63: 2, 60: 2, 5: 1, 47: 2, 25: 1, 59: 1, 6: 1, 20: 1, 13: 1, 71: 1, 2: 1, 0: 1, 52: 1, 62: 1, 64: 1, 37: 1, 21: 1, 46: 1, 43: 1}","[8613, 8938, 2407, 6608, 7272, 689, 3199, 2217, 4906, 139, 2161, 6514, 968, 954, 662, 6275, 3196, 9381, 5274, 2798, 7044, 9658, 7803, 5122, 9346, 3927, 6417, 7737, 9797, 9353, 4326, 9294, 719, 8875, 7089, 4587, 2078, 2951, 2223, 7293]",2158,40,1,False,10
2705,balance not updated after cheque or cash deposit,balance not updated after bank,5,True,False,False,"{61: 1, 73: 2, 45: 1, 44: 2, 68: 2, 15: 2, 51: 1, 18: 1, 1: 1, 31: 2, 7: 1, 39: 2, 63: 2, 60: 2, 5: 1, 47: 2, 25: 1, 59: 1, 6: 1, 20: 1, 13: 1, 71: 1, 2: 1, 0: 1, 52: 1, 62: 1, 64: 1, 37: 1, 21: 1, 46: 1, 43: 1}","[8613, 8938, 2407, 6608, 7272, 689, 3199, 2217, 4906, 139, 2161, 6514, 968, 954, 662, 6275, 3196, 9381, 5274, 2798, 7044, 9658, 7803, 5122, 9346, 3927, 6417, 7737, 9797, 9353, 4326, 9294, 719, 8875, 7089, 4587, 2078, 2951, 2223, 7293]",2705,40,1,False,10
592,contactless not working,contact,23,False,True,False,"{61: 1, 73: 2, 45: 1, 44: 2, 68: 2, 15: 2, 51: 1, 18: 1, 1: 1, 31: 2, 7: 1, 39: 2, 63: 2, 60: 2, 5: 1, 47: 2, 25: 1, 59: 1, 6: 1, 20: 1, 13: 1, 71: 1, 2: 1, 0: 1, 52: 1, 62: 1, 64: 1, 37: 1, 21: 1, 46: 1, 43: 1}","[8613, 8938, 2407, 6608, 7272, 689, 3199, 2217, 4906, 139, 2161, 6514, 968, 954, 662, 6275, 3196, 9381, 5274, 2798, 7044, 9658, 7803, 5122, 9346, 3927, 6417, 7737, 9797, 9353, 4326, 9294, 719, 8875, 7089, 4587, 2078, 2951, 2223, 7293]",592,40,1,False,10
2511,exchange charge,order,43,True,False,True,"{61: 1, 73: 2, 45: 1, 44: 2, 68: 2, 15: 2, 51: 1, 18: 1, 1: 1, 31: 2, 7: 1, 39: 2, 63: 2, 60: 2, 5: 1, 47: 2, 25: 1, 59: 1, 6: 1, 20: 1, 13: 1, 71: 1, 2: 1, 0: 1, 52: 1, 62: 1, 64: 1, 37: 1, 21: 1, 46: 1, 43: 1}","[8613, 8938, 2407, 6608, 7272, 689, 3199, 2217, 4906, 139, 2161, 6514, 968, 954, 662, 6275, 3196, 9381, 5274, 2798, 7044, 9658, 7803, 5122, 9346, 3927, 6417, 7737, 9797, 9353, 4326, 9294, 719, 8875, 7089, 4587, 2078, 2951, 2223, 7293]",2511,40,1,False,10
1080,exchange charge,card payment not,16,False,False,True,"{61: 1, 73: 2, 45: 1, 44: 2, 68: 2, 15: 2, 51: 1, 18: 1, 1: 1, 31: 2, 7: 1, 39: 2, 63: 2, 60: 2, 5: 1, 47: 2, 25: 1, 59: 1, 6: 1, 20: 1, 13: 1, 71: 1, 2: 1, 0: 1, 52: 1, 62: 1, 64: 1, 37: 1, 21: 1, 46: 1, 43: 1}","[8613, 8938, 2407, 6608, 7272, 689, 3199, 2217, 4906, 139, 2161, 6514, 968, 954, 662, 6275, 3196, 9381, 5274, 2798, 7044, 9658, 7803, 5122, 9346, 3927, 6417, 7737, 9797, 9353, 4326, 9294, 719, 8875, 7089, 4587, 2078, 2951, 2223, 7293]",1080,40,1,False,10
1361,exchange charge,dispos,29,False,False,True,"{61: 1, 73: 2, 45: 1, 44: 2, 68: 2, 15: 2, 51: 1, 18: 1, 1: 1, 31: 2, 7: 1, 39: 2, 63: 2, 60: 2, 5: 1, 47: 2, 25: 1, 59: 1, 6: 1, 20: 1, 13: 1, 71: 1, 2: 1, 0: 1, 52: 1, 62: 1, 64: 1, 37: 1, 21: 1, 46: 1, 43: 1}","[8613, 8938, 2407, 6608, 7272, 689, 3199, 2217, 4906, 139, 2161, 6514, 968, 954, 662, 6275, 3196, 9381, 5274, 2798, 7044, 9658, 7803, 5122, 9346, 3927, 6417, 7737, 9797, 9353, 4326, 9294, 719, 8875, 7089, 4587, 2078, 2951, 2223, 7293]",1361,40,1,False,10
448,card not working,lost or stolen card,41,False,False,False,"{61: 1, 73: 2, 45: 1, 44: 2, 68: 2, 15: 2, 51: 1, 18: 1, 1: 1, 31: 2, 7: 1, 39: 2, 63: 2, 60: 2, 5: 1, 47: 2, 25: 1, 59: 1, 6: 1, 20: 1, 13: 1, 71: 1, 2: 1, 0: 1, 52: 1, 62: 1, 64: 1, 37: 1, 21: 1, 46: 1, 43: 1}","[8613, 8938, 2407, 6608, 7272, 689, 3199, 2217, 4906, 139, 2161, 6514, 968, 954, 662, 6275, 3196, 9381, 5274, 2798, 7044, 9658, 7803, 5122, 9346, 3927, 6417, 7737, 9797, 9353, 4326, 9294, 719, 8875, 7089, 4587, 2078, 2951, 2223, 7293]",448,40,1,False,10
18,exchange charge,card arrival,11,False,False,True,"{61: 1, 73: 2, 45: 1, 44: 2, 68: 2, 15: 2, 51: 1, 18: 1, 1: 1, 31: 2, 7: 1, 39: 2, 63: 2, 60: 2, 5: 1, 47: 2, 25: 1, 59: 1, 6: 1, 20: 1, 13: 1, 71: 1, 2: 1, 0: 1, 52: 1, 62: 1, 64: 1, 37: 1, 21: 1, 46: 1, 43: 1}","[8613, 8938, 2407, 6608, 7272, 689, 3199, 2217, 4906, 139, 2161, 6514, 968, 954, 662, 6275, 3196, 9381, 5274, 2798, 7044, 9658, 7803, 5122, 9346, 3927, 6417, 7737, 9797, 9353, 4326, 9294, 719, 8875, 7089, 4587, 2078, 2951, 2223, 7293]",18,40,1,False,10
1168,verify my identity,why,74,False,False,False,"{61: 1, 73: 2, 45: 1, 44: 2, 68: 2, 15: 2, 51: 1, 18: 1, 1: 1, 31: 2, 7: 1, 39: 2, 63: 2, 60: 2, 5: 1, 47: 2, 25: 1, 59: 1, 6: 1, 20: 1, 13: 1, 71: 1, 2: 1, 0: 1, 52: 1, 62: 1, 64: 1, 37: 1, 21: 1, 46: 1, 43: 1}","[8613, 8938, 2407, 6608, 7272, 689, 3199, 2217, 4906, 139, 2161, 6514, 968, 954, 662, 6275, 3196, 9381, 5274, 2798, 7044, 9658, 7803, 5122, 9346, 3927, 6417, 7737, 9797, 9353, 4326, 9294, 719, 8875, 7089, 4587, 2078, 2951, 2223, 7293]",1168,40,1,False,10
2396,top up by card charge,verify top,71,True,False,False,"{61: 1, 73: 2, 45: 1, 44: 2, 68: 2, 15: 2, 51: 1, 18: 1, 1: 1, 31: 2, 7: 1, 39: 2, 63: 2, 60: 2, 5: 1, 47: 2, 25: 1, 59: 1, 6: 1, 20: 1, 13: 1, 71: 1, 2: 1, 0: 1, 52: 1, 62: 1, 64: 1, 37: 1, 21: 1, 46: 1, 43: 1}","[8613, 8938, 2407, 6608, 7272, 689, 3199, 2217, 4906, 139, 2161, 6514, 968, 954, 662, 6275, 3196, 9381, 5274, 2798, 7044, 9658, 7803, 5122, 9346, 3927, 6417, 7737, 9797, 9353, 4326, 9294, 719, 8875, 7089, 4587, 2078, 2951, 2223, 7293]",2396,40,1,False,10
362,card payment fee charged,card not,14,False,False,False,"{61: 1, 73: 2, 45: 1, 44: 2, 68: 2, 15: 2, 51: 1, 18: 1, 1: 1, 31: 2, 7: 1, 39: 2, 63: 2, 60: 2, 5: 1, 47: 2, 25: 1, 59: 1, 6: 1, 20: 1, 13: 1, 71: 1, 2: 1, 0: 1, 52: 1, 62: 1, 64: 1, 37: 1, 21: 1, 46: 1, 43: 1}","[8613, 8938, 2407, 6608, 7272, 689, 3199, 2217, 4906, 139, 2161, 6514, 968, 954, 662, 6275, 3196, 9381, 5274, 2798, 7044, 9658, 7803, 5122, 9346, 3927, 6417, 7737, 9797, 9353, 4326, 9294, 719, 8875, 7089, 4587, 2078, 2951, 2223, 7293]",362,40,1,False,10
1456,exchange charge,at,3,False,False,True,"{61: 1, 73: 2, 45: 1, 44: 2, 68: 2, 15: 2, 51: 1, 18: 1, 1: 1, 31: 2, 7: 1, 39: 2, 63: 2, 60: 2, 5: 1, 47: 2, 25: 1, 59: 1, 6: 1, 20: 1, 13: 1, 71: 1, 2: 1, 0: 1, 52: 1, 62: 1, 64: 1, 37: 1, 21: 1, 46: 1, 43: 1}","[8613, 8938, 2407, 6608, 7272, 689, 3199, 2217, 4906, 139, 2161, 6514, 968, 954, 662, 6275, 3196, 9381, 5274, 2798, 7044, 9658, 7803, 5122, 9346, 3927, 6417, 7737, 9797, 9353, 4326, 9294, 719, 8875, 7089, 4587, 2078, 2951, 2223, 7293]",1456,40,1,False,10
1735,card payment fee charged,declined transfer,27,False,False,False,"{61: 1, 73: 2, 45: 1, 44: 2, 68: 2, 15: 2, 51: 1, 18: 1, 1: 1, 31: 2, 7: 1, 39: 2, 63: 2, 60: 2, 5: 1, 47: 2, 25: 1, 59: 1, 6: 1, 20: 1, 13: 1, 71: 1, 2: 1, 0: 1, 52: 1, 62: 1, 64: 1, 37: 1, 21: 1, 46: 1, 43: 1}","[8613, 8938, 2407, 6608, 7272, 689, 3199, 2217, 4906, 139, 2161, 6514, 968, 954, 662, 6275, 3196, 9381, 5274, 2798, 7044, 9658, 7803, 5122, 9346, 3927, 6417, 7737, 9797, 9353, 4326, 9294, 719, 8875, 7089, 4587, 2078, 2951, 2223, 7293]",1735,40,1,False,10
2579,exchange charge,wrong exchange,76,False,False,True,"{61: 1, 73: 2, 45: 1, 44: 2, 68: 2, 15: 2, 51: 1, 18: 1, 1: 1, 31: 2, 7: 1, 39: 2, 63: 2, 60: 2, 5: 1, 47: 2, 25: 1, 59: 1, 6: 1, 20: 1, 13: 1, 71: 1, 2: 1, 0: 1, 52: 1, 62: 1, 64: 1, 37: 1, 21: 1, 46: 1, 43: 1}","[8613, 8938, 2407, 6608, 7272, 689, 3199, 2217, 4906, 139, 2161, 6514, 968, 954, 662, 6275, 3196, 9381, 5274, 2798, 7044, 9658, 7803, 5122, 9346, 3927, 6417, 7737, 9797, 9353, 4326, 9294, 719, 8875, 7089, 4587, 2078, 2951, 2223, 7293]",2579,40,1,False,10
385,card payment fee charged,card not,14,False,False,False,"{61: 1, 73: 2, 45: 1, 44: 2, 68: 2, 15: 2, 51: 1, 18: 1, 1: 1, 31: 2, 7: 1, 39: 2, 63: 2, 60: 2, 5: 1, 47: 2, 25: 1, 59: 1, 6: 1, 20: 1, 13: 1, 71: 1, 2: 1, 0: 1, 52: 1, 62: 1, 64: 1, 37: 1, 21: 1, 46: 1, 43: 1}","[8613, 8938, 2407, 6608, 7272, 689, 3199, 2217, 4906, 139, 2161, 6514, 968, 954, 662, 6275, 3196, 9381, 5274, 2798, 7044, 9658, 7803, 5122, 9346, 3927, 6417, 7737, 9797, 9353, 4326, 9294, 719, 8875, 7089, 4587, 2078, 2951, 2223, 7293]",385,40,1,False,10
2555,virtual card not working,virtual,72,False,True,False,"{61: 1, 73: 2, 45: 1, 44: 2, 68: 2, 15: 2, 51: 1, 18: 1, 1: 1, 31: 2, 7: 1, 39: 2, 63: 2, 60: 2, 5: 1, 47: 2, 25: 1, 59: 1, 6: 1, 20: 1, 13: 1, 71: 1, 2: 1, 0: 1, 52: 1, 62: 1, 64: 1, 37: 1, 21: 1, 46: 1, 43: 1}","[8613, 8938, 2407, 6608, 7272, 689, 3199, 2217, 4906, 139, 2161, 6514, 968, 954, 662, 6275, 3196, 9381, 5274, 2798, 7044, 9658, 7803, 5122, 9346, 3927, 6417, 7737, 9797, 9353, 4326, 9294, 719, 8875, 7089, 4587, 2078, 2951, 2223, 7293]",2555,40,1,False,10
2307,exchange charge,failed,35,False,False,True,"{61: 1, 73: 2, 45: 1, 44: 2, 68: 2, 15: 2, 51: 1, 18: 1, 1: 1, 31: 2, 7: 1, 39: 2, 63: 2, 60: 2, 5: 1, 47: 2, 25: 1, 59: 1, 6: 1, 20: 1, 13: 1, 71: 1, 2: 1, 0: 1, 52: 1, 62: 1, 64: 1, 37: 1, 21: 1, 46: 1, 43: 1}","[8613, 8938, 2407, 6608, 7272, 689, 3199, 2217, 4906, 139, 2161, 6514, 968, 954, 662, 6275, 3196, 9381, 5274, 2798, 7044, 9658, 7803, 5122, 9346, 3927, 6417, 7737, 9797, 9353, 4326, 9294, 719, 8875, 7089, 4587, 2078, 2951, 2223, 7293]",2307,40,1,False,10
1779,balance not updated after cheque or cash deposit,Ref,51,True,False,False,"{61: 1, 73: 2, 45: 1, 44: 2, 68: 2, 15: 2, 51: 1, 18: 1, 1: 1, 31: 2, 7: 1, 39: 2, 63: 2, 60: 2, 5: 1, 47: 2, 25: 1, 59: 1, 6: 1, 20: 1, 13: 1, 71: 1, 2: 1, 0: 1, 52: 1, 62: 1, 64: 1, 37: 1, 21: 1, 46: 1, 43: 1}","[8613, 8938, 2407, 6608, 7272, 689, 3199, 2217, 4906, 139, 2161, 6514, 968, 954, 662, 6275, 3196, 9381, 5274, 2798, 7044, 9658, 7803, 5122, 9346, 3927, 6417, 7737, 9797, 9353, 4326, 9294, 719, 8875, 7089, 4587, 2078, 2951, 2223, 7293]",1779,40,1,False,10
1119,exchange charge,card payment not,16,False,False,True,"{61: 1, 73: 2, 45: 1, 44: 2, 68: 2, 15: 2, 51: 1, 18: 1, 1: 1, 31: 2, 7: 1, 39: 2, 63: 2, 60: 2, 5: 1, 47: 2, 25: 1, 59: 1, 6: 1, 20: 1, 13: 1, 71: 1, 2: 1, 0: 1, 52: 1, 62: 1, 64: 1, 37: 1, 21: 1, 46: 1, 43: 1}","[8613, 8938, 2407, 6608, 7272, 689, 3199, 2217, 4906, 139, 2161, 6514, 968, 954, 662, 6275, 3196, 9381, 5274, 2798, 7044, 9658, 7803, 5122, 9346, 3927, 6417, 7737, 9797, 9353, 4326, 9294, 719, 8875, 7089, 4587, 2078, 2951, 2223, 7293]",1119,40,1,False,10
2104,card payment fee charged,revert,53,False,False,False,"{61: 1, 73: 2, 45: 1, 44: 2, 68: 2, 15: 2, 51: 1, 18: 1, 1: 1, 31: 2, 7: 1, 39: 2, 63: 2, 60: 2, 5: 1, 47: 2, 25: 1, 59: 1, 6: 1, 20: 1, 13: 1, 71: 1, 2: 1, 0: 1, 52: 1, 62: 1, 64: 1, 37: 1, 21: 1, 46: 1, 43: 1}","[8613, 8938, 2407, 6608, 7272, 689, 3199, 2217, 4906, 139, 2161, 6514, 968, 954, 662, 6275, 3196, 9381, 5274, 2798, 7044, 9658, 7803, 5122, 9346, 3927, 6417, 7737, 9797, 9353, 4326, 9294, 719, 8875, 7089, 4587, 2078, 2951, 2223, 7293]",2104,40,1,False,10
713,exchange charge,cancel,8,False,False,True,"{61: 1, 73: 2, 45: 1, 44: 2, 68: 2, 15: 2, 51: 1, 18: 1, 1: 1, 31: 2, 7: 1, 39: 2, 63: 2, 60: 2, 5: 1, 47: 2, 25: 1, 59: 1, 6: 1, 20: 1, 13: 1, 71: 1, 2: 1, 0: 1, 52: 1, 62: 1, 64: 1, 37: 1, 21: 1, 46: 1, 43: 1}","[8613, 8938, 2407, 6608, 7272, 689, 3199, 2217, 4906, 139, 2161, 6514, 968, 954, 662, 6275, 3196, 9381, 5274, 2798, 7044, 9658, 7803, 5122, 9346, 3927, 6417, 7737, 9797, 9353, 4326, 9294, 719, 8875, 7089, 4587, 2078, 2951, 2223, 7293]",713,40,1,False,10
2077,transfer fee charged,transfer timing,67,False,False,False,"{61: 1, 73: 2, 45: 1, 44: 2, 68: 2, 15: 2, 51: 1, 18: 1, 1: 1, 31: 2, 7: 1, 39: 2, 63: 2, 60: 2, 5: 1, 47: 2, 25: 1, 59: 1, 6: 1, 20: 1, 13: 1, 71: 1, 2: 1, 0: 1, 52: 1, 62: 1, 64: 1, 37: 1, 21: 1, 46: 1, 43: 1}","[8613, 8938, 2407, 6608, 7272, 689, 3199, 2217, 4906, 139, 2161, 6514, 968, 954, 662, 6275, 3196, 9381, 5274, 2798, 7044, 9658, 7803, 5122, 9346, 3927, 6417, 7737, 9797, 9353, 4326, 9294, 719, 8875, 7089, 4587, 2078, 2951, 2223, 7293]",2077,40,1,False,10
1671,exchange charge,lost or stolen phone,42,False,False,True,"{61: 1, 73: 2, 45: 1, 44: 2, 68: 2, 15: 2, 51: 1, 18: 1, 1: 1, 31: 2, 7: 1, 39: 2, 63: 2, 60: 2, 5: 1, 47: 2, 25: 1, 59: 1, 6: 1, 20: 1, 13: 1, 71: 1, 2: 1, 0: 1, 52: 1, 62: 1, 64: 1, 37: 1, 21: 1, 46: 1, 43: 1}","[8613, 8938, 2407, 6608, 7272, 689, 3199, 2217, 4906, 139, 2161, 6514, 968, 954, 662, 6275, 3196, 9381, 5274, 2798, 7044, 9658, 7803, 5122, 9346, 3927, 6417, 7737, 9797, 9353, 4326, 9294, 719, 8875, 7089, 4587, 2078, 2951, 2223, 7293]",1671,40,1,False,10
1150,exchange charge,edit,30,False,False,True,"{61: 1, 73: 2, 45: 1, 44: 2, 68: 2, 15: 2, 51: 1, 18: 1, 1: 1, 31: 2, 7: 1, 39: 2, 63: 2, 60: 2, 5: 1, 47: 2, 25: 1, 59: 1, 6: 1, 20: 1, 13: 1, 71: 1, 2: 1, 0: 1, 52: 1, 62: 1, 64: 1, 37: 1, 21: 1, 46: 1, 43: 1}","[8613, 8938, 2407, 6608, 7272, 689, 3199, 2217, 4906, 139, 2161, 6514, 968, 954, 662, 6275, 3196, 9381, 5274, 2798, 7044, 9658, 7803, 5122, 9346, 3927, 6417, 7737, 9797, 9353, 4326, 9294, 719, 8875, 7089, 4587, 2078, 2951, 2223, 7293]",1150,40,1,False,10
1491,exchange charge,direct,28,False,False,True,"{61: 1, 73: 2, 45: 1, 44: 2, 68: 2, 15: 2, 51: 1, 18: 1, 1: 1, 31: 2, 7: 1, 39: 2, 63: 2, 60: 2, 5: 1, 47: 2, 25: 1, 59: 1, 6: 1, 20: 1, 13: 1, 71: 1, 2: 1, 0: 1, 52: 1, 62: 1, 64: 1, 37: 1, 21: 1, 46: 1, 43: 1}","[8613, 8938, 2407, 6608, 7272, 689, 3199, 2217, 4906, 139, 2161, 6514, 968, 954, 662, 6275, 3196, 9381, 5274, 2798, 7044, 9658, 7803, 5122, 9346, 3927, 6417, 7737, 9797, 9353, 4326, 9294, 719, 8875, 7089, 4587, 2078, 2951, 2223, 7293]",1491,40,1,False,10
2610,exchange charge,get dispos,37,True,False,True,"{61: 1, 73: 2, 45: 1, 44: 2, 68: 2, 15: 2, 51: 1, 18: 1, 1: 1, 31: 2, 7: 1, 39: 2, 63: 2, 60: 2, 5: 1, 47: 2, 25: 1, 59: 1, 6: 1, 20: 1, 13: 1, 71: 1, 2: 1, 0: 1, 52: 1, 62: 1, 64: 1, 37: 1, 21: 1, 46: 1, 43: 1}","[8613, 8938, 2407, 6608, 7272, 689, 3199, 2217, 4906, 139, 2161, 6514, 968, 954, 662, 6275, 3196, 9381, 5274, 2798, 7044, 9658, 7803, 5122, 9346, 3927, 6417, 7737, 9797, 9353, 4326, 9294, 719, 8875, 7089, 4587, 2078, 2951, 2223, 7293]",2610,40,1,False,10
1729,exchange charge,declined transfer,27,False,False,True,"{61: 1, 73: 2, 45: 1, 44: 2, 68: 2, 15: 2, 51: 1, 18: 1, 1: 1, 31: 2, 7: 1, 39: 2, 63: 2, 60: 2, 5: 1, 47: 2, 25: 1, 59: 1, 6: 1, 20: 1, 13: 1, 71: 1, 2: 1, 0: 1, 52: 1, 62: 1, 64: 1, 37: 1, 21: 1, 46: 1, 43: 1}","[8613, 8938, 2407, 6608, 7272, 689, 3199, 2217, 4906, 139, 2161, 6514, 968, 954, 662, 6275, 3196, 9381, 5274, 2798, 7044, 9658, 7803, 5122, 9346, 3927, 6417, 7737, 9797, 9353, 4326, 9294, 719, 8875, 7089, 4587, 2078, 2951, 2223, 7293]",1729,40,1,False,10
1360,exchange charge,dispos,29,False,False,True,"{61: 1, 73: 2, 45: 1, 44: 2, 68: 2, 15: 2, 51: 1, 18: 1, 1: 1, 31: 2, 7: 1, 39: 2, 63: 2, 60: 2, 5: 1, 47: 2, 25: 1, 59: 1, 6: 1, 20: 1, 13: 1, 71: 1, 2: 1, 0: 1, 52: 1, 62: 1, 64: 1, 37: 1, 21: 1, 46: 1, 43: 1}","[8613, 8938, 2407, 6608, 7272, 689, 3199, 2217, 4906, 139, 2161, 6514, 968, 954, 662, 6275, 3196, 9381, 5274, 2798, 7044, 9658, 7803, 5122, 9346, 3927, 6417, 7737, 9797, 9353, 4326, 9294, 719, 8875, 7089, 4587, 2078, 2951, 2223, 7293]",1360,40,1,False,10
1397,exchange charge,dispos,29,False,False,True,"{61: 1, 73: 2, 45: 1, 44: 2, 68: 2, 15: 2, 51: 1, 18: 1, 1: 1, 31: 2, 7: 1, 39: 2, 63: 2, 60: 2, 5: 1, 47: 2, 25: 1, 59: 1, 6: 1, 20: 1, 13: 1, 71: 1, 2: 1, 0: 1, 52: 1, 62: 1, 64: 1, 37: 1, 21: 1, 46: 1, 43: 1}","[8613, 8938, 2407, 6608, 7272, 689, 3199, 2217, 4906, 139, 2161, 6514, 968, 954, 662, 6275, 3196, 9381, 5274, 2798, 7044, 9658, 7803, 5122, 9346, 3927, 6417, 7737, 9797, 9353, 4326, 9294, 719, 8875, 7089, 4587, 2078, 2951, 2223, 7293]",1397,40,1,False,10
842,exchange charge,transfer not,66,False,False,True,"{61: 1, 73: 2, 45: 1, 44: 2, 68: 2, 15: 2, 51: 1, 18: 1, 1: 1, 31: 2, 7: 1, 39: 2, 63: 2, 60: 2, 5: 1, 47: 2, 25: 1, 59: 1, 6: 1, 20: 1, 13: 1, 71: 1, 2: 1, 0: 1, 52: 1, 62: 1, 64: 1, 37: 1, 21: 1, 46: 1, 43: 1}","[8613, 8938, 2407, 6608, 7272, 689, 3199, 2217, 4906, 139, 2161, 6514, 968, 954, 662, 6275, 3196, 9381, 5274, 2798, 7044, 9658, 7803, 5122, 9346, 3927, 6417, 7737, 9797, 9353, 4326, 9294, 719, 8875, 7089, 4587, 2078, 2951, 2223, 7293]",842,40,1,False,10
2504,get physical card,order,43,True,False,False,"{61: 1, 73: 2, 45: 1, 44: 2, 68: 2, 15: 2, 51: 1, 18: 1, 1: 1, 31: 2, 7: 1, 39: 2, 63: 2, 60: 2, 5: 1, 47: 2, 25: 1, 59: 1, 6: 1, 20: 1, 13: 1, 71: 1, 2: 1, 0: 1, 52: 1, 62: 1, 64: 1, 37: 1, 21: 1, 46: 1, 43: 1}","[8613, 8938, 2407, 6608, 7272, 689, 3199, 2217, 4906, 139, 2161, 6514, 968, 954, 662, 6275, 3196, 9381, 5274, 2798, 7044, 9658, 7803, 5122, 9346, 3927, 6417, 7737, 9797, 9353, 4326, 9294, 719, 8875, 7089, 4587, 2078, 2951, 2223, 7293]",2504,40,1,False,10
538,card not working,pin,49,False,False,False,"{61: 1, 73: 2, 45: 1, 44: 2, 68: 2, 15: 2, 51: 1, 18: 1, 1: 1, 31: 2, 7: 1, 39: 2, 63: 2, 60: 2, 5: 1, 47: 2, 25: 1, 59: 1, 6: 1, 20: 1, 13: 1, 71: 1, 2: 1, 0: 1, 52: 1, 62: 1, 64: 1, 37: 1, 21: 1, 46: 1, 43: 1}","[8613, 8938, 2407, 6608, 7272, 689, 3199, 2217, 4906, 139, 2161, 6514, 968, 954, 662, 6275, 3196, 9381, 5274, 2798, 7044, 9658, 7803, 5122, 9346, 3927, 6417, 7737, 9797, 9353, 4326, 9294, 719, 8875, 7089, 4587, 2078, 2951, 2223, 7293]",538,40,1,False,10
2020,exchange rate,verify source,70,False,False,False,"{61: 1, 73: 2, 45: 1, 44: 2, 68: 2, 15: 2, 51: 1, 18: 1, 1: 1, 31: 2, 7: 1, 39: 2, 63: 2, 60: 2, 5: 1, 47: 2, 25: 1, 59: 1, 6: 1, 20: 1, 13: 1, 71: 1, 2: 1, 0: 1, 52: 1, 62: 1, 64: 1, 37: 1, 21: 1, 46: 1, 43: 1}","[8613, 8938, 2407, 6608, 7272, 689, 3199, 2217, 4906, 139, 2161, 6514, 968, 954, 662, 6275, 3196, 9381, 5274, 2798, 7044, 9658, 7803, 5122, 9346, 3927, 6417, 7737, 9797, 9353, 4326, 9294, 719, 8875, 7089, 4587, 2078, 2951, 2223, 7293]",2020,40,1,False,10
769,cash withdrawal not recognised,wrong amount,75,False,False,False,"{61: 1, 73: 2, 45: 1, 44: 2, 68: 2, 15: 2, 51: 1, 18: 1, 1: 1, 31: 2, 7: 1, 39: 2, 63: 2, 60: 2, 5: 1, 47: 2, 25: 1, 59: 1, 6: 1, 20: 1, 13: 1, 71: 1, 2: 1, 0: 1, 52: 1, 62: 1, 64: 1, 37: 1, 21: 1, 46: 1, 43: 1}","[8613, 8938, 2407, 6608, 7272, 689, 3199, 2217, 4906, 139, 2161, 6514, 968, 954, 662, 6275, 3196, 9381, 5274, 2798, 7044, 9658, 7803, 5122, 9346, 3927, 6417, 7737, 9797, 9353, 4326, 9294, 719, 8875, 7089, 4587, 2078, 2951, 2223, 7293]",769,40,1,False,10
945,card delivery estimate,getting virtual,40,False,False,False,"{61: 1, 73: 2, 45: 1, 44: 2, 68: 2, 15: 2, 51: 1, 18: 1, 1: 1, 31: 2, 7: 1, 39: 2, 63: 2, 60: 2, 5: 1, 47: 2, 25: 1, 59: 1, 6: 1, 20: 1, 13: 1, 71: 1, 2: 1, 0: 1, 52: 1, 62: 1, 64: 1, 37: 1, 21: 1, 46: 1, 43: 1}","[8613, 8938, 2407, 6608, 7272, 689, 3199, 2217, 4906, 139, 2161, 6514, 968, 954, 662, 6275, 3196, 9381, 5274, 2798, 7044, 9658, 7803, 5122, 9346, 3927, 6417, 7737, 9797, 9353, 4326, 9294, 719, 8875, 7089, 4587, 2078, 2951, 2223, 7293]",945,40,1,False,10
1591,atm support,declined c,26,False,False,False,"{61: 1, 73: 2, 45: 1, 44: 2, 68: 2, 15: 2, 51: 1, 18: 1, 1: 1, 31: 2, 7: 1, 39: 2, 63: 2, 60: 2, 5: 1, 47: 2, 25: 1, 59: 1, 6: 1, 20: 1, 13: 1, 71: 1, 2: 1, 0: 1, 52: 1, 62: 1, 64: 1, 37: 1, 21: 1, 46: 1, 43: 1}","[8613, 8938, 2407, 6608, 7272, 689, 3199, 2217, 4906, 139, 2161, 6514, 968, 954, 662, 6275, 3196, 9381, 5274, 2798, 7044, 9658, 7803, 5122, 9346, 3927, 6417, 7737, 9797, 9353, 4326, 9294, 719, 8875, 7089, 4587, 2078, 2951, 2223, 7293]",1591,40,1,False,10
1818,exchange charge,declined card,25,True,False,True,"{61: 1, 73: 2, 45: 1, 44: 2, 68: 2, 15: 2, 51: 1, 18: 1, 1: 1, 31: 2, 7: 1, 39: 2, 63: 2, 60: 2, 5: 1, 47: 2, 25: 1, 59: 1, 6: 1, 20: 1, 13: 1, 71: 1, 2: 1, 0: 1, 52: 1, 62: 1, 64: 1, 37: 1, 21: 1, 46: 1, 43: 1}","[8613, 8938, 2407, 6608, 7272, 689, 3199, 2217, 4906, 139, 2161, 6514, 968, 954, 662, 6275, 3196, 9381, 5274, 2798, 7044, 9658, 7803, 5122, 9346, 3927, 6417, 7737, 9797, 9353, 4326, 9294, 719, 8875, 7089, 4587, 2078, 2951, 2223, 7293]",1818,40,1,False,10
1876,exchange charge,pending transfer,48,False,False,True,"{61: 1, 73: 2, 45: 1, 44: 2, 68: 2, 15: 2, 51: 1, 18: 1, 1: 1, 31: 2, 7: 1, 39: 2, 63: 2, 60: 2, 5: 1, 47: 2, 25: 1, 59: 1, 6: 1, 20: 1, 13: 1, 71: 1, 2: 1, 0: 1, 52: 1, 62: 1, 64: 1, 37: 1, 21: 1, 46: 1, 43: 1}","[8613, 8938, 2407, 6608, 7272, 689, 3199, 2217, 4906, 139, 2161, 6514, 968, 954, 662, 6275, 3196, 9381, 5274, 2798, 7044, 9658, 7803, 5122, 9346, 3927, 6417, 7737, 9797, 9353, 4326, 9294, 719, 8875, 7089, 4587, 2078, 2951, 2223, 7293]",1876,40,1,False,10
3031,verify my identity,verify my,69,False,True,False,"{61: 1, 73: 2, 45: 1, 44: 2, 68: 2, 15: 2, 51: 1, 18: 1, 1: 1, 31: 2, 7: 1, 39: 2, 63: 2, 60: 2, 5: 1, 47: 2, 25: 1, 59: 1, 6: 1, 20: 1, 13: 1, 71: 1, 2: 1, 0: 1, 52: 1, 62: 1, 64: 1, 37: 1, 21: 1, 46: 1, 43: 1}","[8613, 8938, 2407, 6608, 7272, 689, 3199, 2217, 4906, 139, 2161, 6514, 968, 954, 662, 6275, 3196, 9381, 5274, 2798, 7044, 9658, 7803, 5122, 9346, 3927, 6417, 7737, 9797, 9353, 4326, 9294, 719, 8875, 7089, 4587, 2078, 2951, 2223, 7293]",3031,40,1,False,10
1992,exchange charge,transaction,63,True,False,True,"{61: 1, 73: 2, 45: 1, 44: 2, 68: 2, 15: 2, 51: 1, 18: 1, 1: 1, 31: 2, 7: 1, 39: 2, 63: 2, 60: 2, 5: 1, 47: 2, 25: 1, 59: 1, 6: 1, 20: 1, 13: 1, 71: 1, 2: 1, 0: 1, 52: 1, 62: 1, 64: 1, 37: 1, 21: 1, 46: 1, 43: 1}","[8613, 8938, 2407, 6608, 7272, 689, 3199, 2217, 4906, 139, 2161, 6514, 968, 954, 662, 6275, 3196, 9381, 5274, 2798, 7044, 9658, 7803, 5122, 9346, 3927, 6417, 7737, 9797, 9353, 4326, 9294, 719, 8875, 7089, 4587, 2078, 2951, 2223, 7293]",1992,40,1,False,10
2997,apple pay or google pay,apple,2,True,True,False,"{61: 1, 73: 2, 45: 1, 44: 2, 68: 2, 15: 2, 51: 1, 18: 1, 1: 1, 31: 2, 7: 1, 39: 2, 63: 2, 60: 2, 5: 1, 47: 2, 25: 1, 59: 1, 6: 1, 20: 1, 13: 1, 71: 1, 2: 1, 0: 1, 52: 1, 62: 1, 64: 1, 37: 1, 21: 1, 46: 1, 43: 1}","[8613, 8938, 2407, 6608, 7272, 689, 3199, 2217, 4906, 139, 2161, 6514, 968, 954, 662, 6275, 3196, 9381, 5274, 2798, 7044, 9658, 7803, 5122, 9346, 3927, 6417, 7737, 9797, 9353, 4326, 9294, 719, 8875, 7089, 4587, 2078, 2951, 2223, 7293]",2997,40,1,False,10
1228,card payment fee charged,unable,68,True,False,False,"{61: 1, 73: 2, 45: 1, 44: 2, 68: 2, 15: 2, 51: 1, 18: 1, 1: 1, 31: 2, 7: 1, 39: 2, 63: 2, 60: 2, 5: 1, 47: 2, 25: 1, 59: 1, 6: 1, 20: 1, 13: 1, 71: 1, 2: 1, 0: 1, 52: 1, 62: 1, 64: 1, 37: 1, 21: 1, 46: 1, 43: 1}","[8613, 8938, 2407, 6608, 7272, 689, 3199, 2217, 4906, 139, 2161, 6514, 968, 954, 662, 6275, 3196, 9381, 5274, 2798, 7044, 9658, 7803, 5122, 9346, 3927, 6417, 7737, 9797, 9353, 4326, 9294, 719, 8875, 7089, 4587, 2078, 2951, 2223, 7293]",1228,40,1,False,10
1682,exchange charge,request,52,True,False,True,"{61: 1, 73: 2, 45: 1, 44: 2, 68: 2, 15: 2, 51: 1, 18: 1, 1: 1, 31: 2, 7: 1, 39: 2, 63: 2, 60: 2, 5: 1, 47: 2, 25: 1, 59: 1, 6: 1, 20: 1, 13: 1, 71: 1, 2: 1, 0: 1, 52: 1, 62: 1, 64: 1, 37: 1, 21: 1, 46: 1, 43: 1}","[8613, 8938, 2407, 6608, 7272, 689, 3199, 2217, 4906, 139, 2161, 6514, 968, 954, 662, 6275, 3196, 9381, 5274, 2798, 7044, 9658, 7803, 5122, 9346, 3927, 6417, 7737, 9797, 9353, 4326, 9294, 719, 8875, 7089, 4587, 2078, 2951, 2223, 7293]",1682,40,1,False,10
469,card not working,lost or stolen card,41,False,False,False,"{61: 1, 73: 2, 45: 1, 44: 2, 68: 2, 15: 2, 51: 1, 18: 1, 1: 1, 31: 2, 7: 1, 39: 2, 63: 2, 60: 2, 5: 1, 47: 2, 25: 1, 59: 1, 6: 1, 20: 1, 13: 1, 71: 1, 2: 1, 0: 1, 52: 1, 62: 1, 64: 1, 37: 1, 21: 1, 46: 1, 43: 1}","[8613, 8938, 2407, 6608, 7272, 689, 3199, 2217, 4906, 139, 2161, 6514, 968, 954, 662, 6275, 3196, 9381, 5274, 2798, 7044, 9658, 7803, 5122, 9346, 3927, 6417, 7737, 9797, 9353, 4326, 9294, 719, 8875, 7089, 4587, 2078, 2951, 2223, 7293]",469,40,1,False,10
2325,exchange charge,transfer into,65,False,False,True,"{61: 1, 73: 2, 45: 1, 44: 2, 68: 2, 15: 2, 51: 1, 18: 1, 1: 1, 31: 2, 7: 1, 39: 2, 63: 2, 60: 2, 5: 1, 47: 2, 25: 1, 59: 1, 6: 1, 20: 1, 13: 1, 71: 1, 2: 1, 0: 1, 52: 1, 62: 1, 64: 1, 37: 1, 21: 1, 46: 1, 43: 1}","[8613, 8938, 2407, 6608, 7272, 689, 3199, 2217, 4906, 139, 2161, 6514, 968, 954, 662, 6275, 3196, 9381, 5274, 2798, 7044, 9658, 7803, 5122, 9346, 3927, 6417, 7737, 9797, 9353, 4326, 9294, 719, 8875, 7089, 4587, 2078, 2951, 2223, 7293]",2325,40,1,False,10
732,top up limits,top up limits,60,True,True,True,"{61: 1, 73: 2, 45: 1, 44: 2, 68: 2, 15: 2, 51: 1, 18: 1, 1: 1, 31: 2, 7: 1, 39: 2, 63: 2, 60: 2, 5: 1, 47: 2, 25: 1, 59: 1, 6: 1, 20: 1, 13: 1, 71: 1, 2: 1, 0: 1, 52: 1, 62: 1, 64: 1, 37: 1, 21: 1, 46: 1, 43: 1}","[8613, 8938, 2407, 6608, 7272, 689, 3199, 2217, 4906, 139, 2161, 6514, 968, 954, 662, 6275, 3196, 9381, 5274, 2798, 7044, 9658, 7803, 5122, 9346, 3927, 6417, 7737, 9797, 9353, 4326, 9294, 719, 8875, 7089, 4587, 2078, 2951, 2223, 7293]",732,40,1,False,10
820,exchange charge,card payment fee,15,True,False,True,"{61: 1, 73: 2, 45: 1, 44: 2, 68: 2, 15: 2, 51: 1, 18: 1, 1: 1, 31: 2, 7: 1, 39: 2, 63: 2, 60: 2, 5: 1, 47: 2, 25: 1, 59: 1, 6: 1, 20: 1, 13: 1, 71: 1, 2: 1, 0: 1, 52: 1, 62: 1, 64: 1, 37: 1, 21: 1, 46: 1, 43: 1}","[8613, 8938, 2407, 6608, 7272, 689, 3199, 2217, 4906, 139, 2161, 6514, 968, 954, 662, 6275, 3196, 9381, 5274, 2798, 7044, 9658, 7803, 5122, 9346, 3927, 6417, 7737, 9797, 9353, 4326, 9294, 719, 8875, 7089, 4587, 2078, 2951, 2223, 7293]",820,40,1,False,10
2990,apple pay or google pay,apple,2,True,True,False,"{61: 1, 73: 2, 45: 1, 44: 2, 68: 2, 15: 2, 51: 1, 18: 1, 1: 1, 31: 2, 7: 1, 39: 2, 63: 2, 60: 2, 5: 1, 47: 2, 25: 1, 59: 1, 6: 1, 20: 1, 13: 1, 71: 1, 2: 1, 0: 1, 52: 1, 62: 1, 64: 1, 37: 1, 21: 1, 46: 1, 43: 1}","[8613, 8938, 2407, 6608, 7272, 689, 3199, 2217, 4906, 139, 2161, 6514, 968, 954, 662, 6275, 3196, 9381, 5274, 2798, 7044, 9658, 7803, 5122, 9346, 3927, 6417, 7737, 9797, 9353, 4326, 9294, 719, 8875, 7089, 4587, 2078, 2951, 2223, 7293]",2990,40,1,False,10
1732,transfer fee charged,declined transfer,27,False,False,False,"{61: 1, 73: 2, 45: 1, 44: 2, 68: 2, 15: 2, 51: 1, 18: 1, 1: 1, 31: 2, 7: 1, 39: 2, 63: 2, 60: 2, 5: 1, 47: 2, 25: 1, 59: 1, 6: 1, 20: 1, 13: 1, 71: 1, 2: 1, 0: 1, 52: 1, 62: 1, 64: 1, 37: 1, 21: 1, 46: 1, 43: 1}","[8613, 8938, 2407, 6608, 7272, 689, 3199, 2217, 4906, 139, 2161, 6514, 968, 954, 662, 6275, 3196, 9381, 5274, 2798, 7044, 9658, 7803, 5122, 9346, 3927, 6417, 7737, 9797, 9353, 4326, 9294, 719, 8875, 7089, 4587, 2078, 2951, 2223, 7293]",1732,40,1,False,10
1252,exchange charge,get physical,38,False,False,True,"{61: 1, 73: 2, 45: 1, 44: 2, 68: 2, 15: 2, 51: 1, 18: 1, 1: 1, 31: 2, 7: 1, 39: 2, 63: 2, 60: 2, 5: 1, 47: 2, 25: 1, 59: 1, 6: 1, 20: 1, 13: 1, 71: 1, 2: 1, 0: 1, 52: 1, 62: 1, 64: 1, 37: 1, 21: 1, 46: 1, 43: 1}","[8613, 8938, 2407, 6608, 7272, 689, 3199, 2217, 4906, 139, 2161, 6514, 968, 954, 662, 6275, 3196, 9381, 5274, 2798, 7044, 9658, 7803, 5122, 9346, 3927, 6417, 7737, 9797, 9353, 4326, 9294, 719, 8875, 7089, 4587, 2078, 2951, 2223, 7293]",1252,40,1,False,10
227,pending card payment,pending c,46,True,False,False,"{61: 1, 73: 2, 45: 1, 44: 2, 68: 2, 15: 2, 51: 1, 18: 1, 1: 1, 31: 2, 7: 1, 39: 2, 63: 2, 60: 2, 5: 1, 47: 2, 25: 1, 59: 1, 6: 1, 20: 1, 13: 1, 71: 1, 2: 1, 0: 1, 52: 1, 62: 1, 64: 1, 37: 1, 21: 1, 46: 1, 43: 1}","[8613, 8938, 2407, 6608, 7272, 689, 3199, 2217, 4906, 139, 2161, 6514, 968, 954, 662, 6275, 3196, 9381, 5274, 2798, 7044, 9658, 7803, 5122, 9346, 3927, 6417, 7737, 9797, 9353, 4326, 9294, 719, 8875, 7089, 4587, 2078, 2951, 2223, 7293]",227,40,1,False,10
1962,exchange charge,transaction,63,True,False,True,"{61: 1, 73: 2, 45: 1, 44: 2, 68: 2, 15: 2, 51: 1, 18: 1, 1: 1, 31: 2, 7: 1, 39: 2, 63: 2, 60: 2, 5: 1, 47: 2, 25: 1, 59: 1, 6: 1, 20: 1, 13: 1, 71: 1, 2: 1, 0: 1, 52: 1, 62: 1, 64: 1, 37: 1, 21: 1, 46: 1, 43: 1}","[8613, 8938, 2407, 6608, 7272, 689, 3199, 2217, 4906, 139, 2161, 6514, 968, 954, 662, 6275, 3196, 9381, 5274, 2798, 7044, 9658, 7803, 5122, 9346, 3927, 6417, 7737, 9797, 9353, 4326, 9294, 719, 8875, 7089, 4587, 2078, 2951, 2223, 7293]",1962,40,1,False,10
400,exchange charge,exchange via,33,False,False,True,"{61: 1, 73: 2, 45: 1, 44: 2, 68: 2, 15: 2, 51: 1, 18: 1, 1: 1, 31: 2, 7: 1, 39: 2, 63: 2, 60: 2, 5: 1, 47: 2, 25: 1, 59: 1, 6: 1, 20: 1, 13: 1, 71: 1, 2: 1, 0: 1, 52: 1, 62: 1, 64: 1, 37: 1, 21: 1, 46: 1, 43: 1}","[8613, 8938, 2407, 6608, 7272, 689, 3199, 2217, 4906, 139, 2161, 6514, 968, 954, 662, 6275, 3196, 9381, 5274, 2798, 7044, 9658, 7803, 5122, 9346, 3927, 6417, 7737, 9797, 9353, 4326, 9294, 719, 8875, 7089, 4587, 2078, 2951, 2223, 7293]",400,40,1,False,10
1134,change pin,edit,30,False,False,False,"{61: 1, 73: 2, 45: 1, 44: 2, 68: 2, 15: 2, 51: 1, 18: 1, 1: 1, 31: 2, 7: 1, 39: 2, 63: 2, 60: 2, 5: 1, 47: 2, 25: 1, 59: 1, 6: 1, 20: 1, 13: 1, 71: 1, 2: 1, 0: 1, 52: 1, 62: 1, 64: 1, 37: 1, 21: 1, 46: 1, 43: 1}","[8613, 8938, 2407, 6608, 7272, 689, 3199, 2217, 4906, 139, 2161, 6514, 968, 954, 662, 6275, 3196, 9381, 5274, 2798, 7044, 9658, 7803, 5122, 9346, 3927, 6417, 7737, 9797, 9353, 4326, 9294, 719, 8875, 7089, 4587, 2078, 2951, 2223, 7293]",1134,40,1,False,10
59,exchange charge,card linking,13,True,False,True,"{61: 1, 73: 2, 45: 1, 44: 2, 68: 2, 15: 2, 51: 1, 18: 1, 1: 1, 31: 2, 7: 1, 39: 2, 63: 2, 60: 2, 5: 1, 47: 2, 25: 1, 59: 1, 6: 1, 20: 1, 13: 1, 71: 1, 2: 1, 0: 1, 52: 1, 62: 1, 64: 1, 37: 1, 21: 1, 46: 1, 43: 1}","[8613, 8938, 2407, 6608, 7272, 689, 3199, 2217, 4906, 139, 2161, 6514, 968, 954, 662, 6275, 3196, 9381, 5274, 2798, 7044, 9658, 7803, 5122, 9346, 3927, 6417, 7737, 9797, 9353, 4326, 9294, 719, 8875, 7089, 4587, 2078, 2951, 2223, 7293]",59,40,1,False,10
2256,exchange charge,receiving,50,False,False,True,"{61: 1, 73: 2, 45: 1, 44: 2, 68: 2, 15: 2, 51: 1, 18: 1, 1: 1, 31: 2, 7: 1, 39: 2, 63: 2, 60: 2, 5: 1, 47: 2, 25: 1, 59: 1, 6: 1, 20: 1, 13: 1, 71: 1, 2: 1, 0: 1, 52: 1, 62: 1, 64: 1, 37: 1, 21: 1, 46: 1, 43: 1}","[8613, 8938, 2407, 6608, 7272, 689, 3199, 2217, 4906, 139, 2161, 6514, 968, 954, 662, 6275, 3196, 9381, 5274, 2798, 7044, 9658, 7803, 5122, 9346, 3927, 6417, 7737, 9797, 9353, 4326, 9294, 719, 8875, 7089, 4587, 2078, 2951, 2223, 7293]",2256,40,1,False,10
853,exchange charge,transfer not,66,False,False,True,"{61: 1, 73: 2, 45: 1, 44: 2, 68: 2, 15: 2, 51: 1, 18: 1, 1: 1, 31: 2, 7: 1, 39: 2, 63: 2, 60: 2, 5: 1, 47: 2, 25: 1, 59: 1, 6: 1, 20: 1, 13: 1, 71: 1, 2: 1, 0: 1, 52: 1, 62: 1, 64: 1, 37: 1, 21: 1, 46: 1, 43: 1}","[8613, 8938, 2407, 6608, 7272, 689, 3199, 2217, 4906, 139, 2161, 6514, 968, 954, 662, 6275, 3196, 9381, 5274, 2798, 7044, 9658, 7803, 5122, 9346, 3927, 6417, 7737, 9797, 9353, 4326, 9294, 719, 8875, 7089, 4587, 2078, 2951, 2223, 7293]",853,40,1,False,10
2777,exchange charge,exchange charge,31,True,True,True,"{61: 1, 73: 2, 45: 1, 44: 2, 68: 2, 15: 2, 51: 1, 18: 1, 1: 1, 31: 2, 7: 1, 39: 2, 63: 2, 60: 2, 5: 1, 47: 2, 25: 1, 59: 1, 6: 1, 20: 1, 13: 1, 71: 1, 2: 1, 0: 1, 52: 1, 62: 1, 64: 1, 37: 1, 21: 1, 46: 1, 43: 1}","[8613, 8938, 2407, 6608, 7272, 689, 3199, 2217, 4906, 139, 2161, 6514, 968, 954, 662, 6275, 3196, 9381, 5274, 2798, 7044, 9658, 7803, 5122, 9346, 3927, 6417, 7737, 9797, 9353, 4326, 9294, 719, 8875, 7089, 4587, 2078, 2951, 2223, 7293]",2777,40,1,False,10
1538,passcode forgotten,pass,44,True,True,False,"{61: 1, 73: 2, 45: 1, 44: 2, 68: 2, 15: 2, 51: 1, 18: 1, 1: 1, 31: 2, 7: 1, 39: 2, 63: 2, 60: 2, 5: 1, 47: 2, 25: 1, 59: 1, 6: 1, 20: 1, 13: 1, 71: 1, 2: 1, 0: 1, 52: 1, 62: 1, 64: 1, 37: 1, 21: 1, 46: 1, 43: 1}","[8613, 8938, 2407, 6608, 7272, 689, 3199, 2217, 4906, 139, 2161, 6514, 968, 954, 662, 6275, 3196, 9381, 5274, 2798, 7044, 9658, 7803, 5122, 9346, 3927, 6417, 7737, 9797, 9353, 4326, 9294, 719, 8875, 7089, 4587, 2078, 2951, 2223, 7293]",1538,40,1,False,10
2109,cancel transfer,revert,53,False,False,False,"{61: 1, 73: 2, 45: 1, 44: 2, 68: 2, 15: 2, 51: 1, 18: 1, 1: 1, 31: 2, 7: 1, 39: 2, 63: 2, 60: 2, 5: 1, 47: 2, 25: 1, 59: 1, 6: 1, 20: 1, 13: 1, 71: 1, 2: 1, 0: 1, 52: 1, 62: 1, 64: 1, 37: 1, 21: 1, 46: 1, 43: 1}","[8613, 8938, 2407, 6608, 7272, 689, 3199, 2217, 4906, 139, 2161, 6514, 968, 954, 662, 6275, 3196, 9381, 5274, 2798, 7044, 9658, 7803, 5122, 9346, 3927, 6417, 7737, 9797, 9353, 4326, 9294, 719, 8875, 7089, 4587, 2078, 2951, 2223, 7293]",2109,40,1,False,10
305,exchange charge,card delivery,12,False,False,True,"{61: 1, 73: 2, 45: 1, 44: 2, 68: 2, 15: 2, 51: 1, 18: 1, 1: 1, 31: 2, 7: 1, 39: 2, 63: 2, 60: 2, 5: 1, 47: 2, 25: 1, 59: 1, 6: 1, 20: 1, 13: 1, 71: 1, 2: 1, 0: 1, 52: 1, 62: 1, 64: 1, 37: 1, 21: 1, 46: 1, 43: 1}","[8613, 8938, 2407, 6608, 7272, 689, 3199, 2217, 4906, 139, 2161, 6514, 968, 954, 662, 6275, 3196, 9381, 5274, 2798, 7044, 9658, 7803, 5122, 9346, 3927, 6417, 7737, 9797, 9353, 4326, 9294, 719, 8875, 7089, 4587, 2078, 2951, 2223, 7293]",305,40,1,False,10
711,cancel transfer,cancel,8,False,True,False,"{61: 1, 73: 2, 45: 1, 44: 2, 68: 2, 15: 2, 51: 1, 18: 1, 1: 1, 31: 2, 7: 1, 39: 2, 63: 2, 60: 2, 5: 1, 47: 2, 25: 1, 59: 1, 6: 1, 20: 1, 13: 1, 71: 1, 2: 1, 0: 1, 52: 1, 62: 1, 64: 1, 37: 1, 21: 1, 46: 1, 43: 1}","[8613, 8938, 2407, 6608, 7272, 689, 3199, 2217, 4906, 139, 2161, 6514, 968, 954, 662, 6275, 3196, 9381, 5274, 2798, 7044, 9658, 7803, 5122, 9346, 3927, 6417, 7737, 9797, 9353, 4326, 9294, 719, 8875, 7089, 4587, 2078, 2951, 2223, 7293]",711,40,1,False,10
2927,exchange charge,card about,9,False,False,True,"{61: 1, 73: 2, 45: 1, 44: 2, 68: 2, 15: 2, 51: 1, 18: 1, 1: 1, 31: 2, 7: 1, 39: 2, 63: 2, 60: 2, 5: 1, 47: 2, 25: 1, 59: 1, 6: 1, 20: 1, 13: 1, 71: 1, 2: 1, 0: 1, 52: 1, 62: 1, 64: 1, 37: 1, 21: 1, 46: 1, 43: 1}","[8613, 8938, 2407, 6608, 7272, 689, 3199, 2217, 4906, 139, 2161, 6514, 968, 954, 662, 6275, 3196, 9381, 5274, 2798, 7044, 9658, 7803, 5122, 9346, 3927, 6417, 7737, 9797, 9353, 4326, 9294, 719, 8875, 7089, 4587, 2078, 2951, 2223, 7293]",2927,40,1,False,10
2623,exchange charge,get dispos,37,True,False,True,"{61: 1, 73: 2, 45: 1, 44: 2, 68: 2, 15: 2, 51: 1, 18: 1, 1: 1, 31: 2, 7: 1, 39: 2, 63: 2, 60: 2, 5: 1, 47: 2, 25: 1, 59: 1, 6: 1, 20: 1, 13: 1, 71: 1, 2: 1, 0: 1, 52: 1, 62: 1, 64: 1, 37: 1, 21: 1, 46: 1, 43: 1}","[8613, 8938, 2407, 6608, 7272, 689, 3199, 2217, 4906, 139, 2161, 6514, 968, 954, 662, 6275, 3196, 9381, 5274, 2798, 7044, 9658, 7803, 5122, 9346, 3927, 6417, 7737, 9797, 9353, 4326, 9294, 719, 8875, 7089, 4587, 2078, 2951, 2223, 7293]",2623,40,1,False,10
271,exchange rate,fi,36,False,False,False,"{61: 1, 73: 2, 45: 1, 44: 2, 68: 2, 15: 2, 51: 1, 18: 1, 1: 1, 31: 2, 7: 1, 39: 2, 63: 2, 60: 2, 5: 1, 47: 2, 25: 1, 59: 1, 6: 1, 20: 1, 13: 1, 71: 1, 2: 1, 0: 1, 52: 1, 62: 1, 64: 1, 37: 1, 21: 1, 46: 1, 43: 1}","[8613, 8938, 2407, 6608, 7272, 689, 3199, 2217, 4906, 139, 2161, 6514, 968, 954, 662, 6275, 3196, 9381, 5274, 2798, 7044, 9658, 7803, 5122, 9346, 3927, 6417, 7737, 9797, 9353, 4326, 9294, 719, 8875, 7089, 4587, 2078, 2951, 2223, 7293]",271,40,1,False,10
1023,exchange charge,top up revert,61,True,False,True,"{61: 1, 73: 2, 45: 1, 44: 2, 68: 2, 15: 2, 51: 1, 18: 1, 1: 1, 31: 2, 7: 1, 39: 2, 63: 2, 60: 2, 5: 1, 47: 2, 25: 1, 59: 1, 6: 1, 20: 1, 13: 1, 71: 1, 2: 1, 0: 1, 52: 1, 62: 1, 64: 1, 37: 1, 21: 1, 46: 1, 43: 1}","[8613, 8938, 2407, 6608, 7272, 689, 3199, 2217, 4906, 139, 2161, 6514, 968, 954, 662, 6275, 3196, 9381, 5274, 2798, 7044, 9658, 7803, 5122, 9346, 3927, 6417, 7737, 9797, 9353, 4326, 9294, 719, 8875, 7089, 4587, 2078, 2951, 2223, 7293]",1023,40,1,False,10
470,card not working,lost or stolen card,41,False,False,False,"{61: 1, 73: 2, 45: 1, 44: 2, 68: 2, 15: 2, 51: 1, 18: 1, 1: 1, 31: 2, 7: 1, 39: 2, 63: 2, 60: 2, 5: 1, 47: 2, 25: 1, 59: 1, 6: 1, 20: 1, 13: 1, 71: 1, 2: 1, 0: 1, 52: 1, 62: 1, 64: 1, 37: 1, 21: 1, 46: 1, 43: 1}","[8613, 8938, 2407, 6608, 7272, 689, 3199, 2217, 4906, 139, 2161, 6514, 968, 954, 662, 6275, 3196, 9381, 5274, 2798, 7044, 9658, 7803, 5122, 9346, 3927, 6417, 7737, 9797, 9353, 4326, 9294, 719, 8875, 7089, 4587, 2078, 2951, 2223, 7293]",470,40,1,False,10
2779,exchange charge,exchange charge,31,True,True,True,"{61: 1, 73: 2, 45: 1, 44: 2, 68: 2, 15: 2, 51: 1, 18: 1, 1: 1, 31: 2, 7: 1, 39: 2, 63: 2, 60: 2, 5: 1, 47: 2, 25: 1, 59: 1, 6: 1, 20: 1, 13: 1, 71: 1, 2: 1, 0: 1, 52: 1, 62: 1, 64: 1, 37: 1, 21: 1, 46: 1, 43: 1}","[8613, 8938, 2407, 6608, 7272, 689, 3199, 2217, 4906, 139, 2161, 6514, 968, 954, 662, 6275, 3196, 9381, 5274, 2798, 7044, 9658, 7803, 5122, 9346, 3927, 6417, 7737, 9797, 9353, 4326, 9294, 719, 8875, 7089, 4587, 2078, 2951, 2223, 7293]",2779,40,1,False,10
1170,verify my identity,why,74,False,False,False,"{61: 1, 73: 2, 45: 1, 44: 2, 68: 2, 15: 2, 51: 1, 18: 1, 1: 1, 31: 2, 7: 1, 39: 2, 63: 2, 60: 2, 5: 1, 47: 2, 25: 1, 59: 1, 6: 1, 20: 1, 13: 1, 71: 1, 2: 1, 0: 1, 52: 1, 62: 1, 64: 1, 37: 1, 21: 1, 46: 1, 43: 1}","[8613, 8938, 2407, 6608, 7272, 689, 3199, 2217, 4906, 139, 2161, 6514, 968, 954, 662, 6275, 3196, 9381, 5274, 2798, 7044, 9658, 7803, 5122, 9346, 3927, 6417, 7737, 9797, 9353, 4326, 9294, 719, 8875, 7089, 4587, 2078, 2951, 2223, 7293]",1170,40,1,False,10
1886,cancel transfer,terminate,55,False,False,False,"{61: 1, 73: 2, 45: 1, 44: 2, 68: 2, 15: 2, 51: 1, 18: 1, 1: 1, 31: 2, 7: 1, 39: 2, 63: 2, 60: 2, 5: 1, 47: 2, 25: 1, 59: 1, 6: 1, 20: 1, 13: 1, 71: 1, 2: 1, 0: 1, 52: 1, 62: 1, 64: 1, 37: 1, 21: 1, 46: 1, 43: 1}","[8613, 8938, 2407, 6608, 7272, 689, 3199, 2217, 4906, 139, 2161, 6514, 968, 954, 662, 6275, 3196, 9381, 5274, 2798, 7044, 9658, 7803, 5122, 9346, 3927, 6417, 7737, 9797, 9353, 4326, 9294, 719, 8875, 7089, 4587, 2078, 2951, 2223, 7293]",1886,40,1,False,10
2723,exchange charge,cash withdrawal not,20,True,False,True,"{61: 1, 73: 2, 45: 1, 44: 2, 68: 2, 15: 2, 51: 1, 18: 1, 1: 1, 31: 2, 7: 1, 39: 2, 63: 2, 60: 2, 5: 1, 47: 2, 25: 1, 59: 1, 6: 1, 20: 1, 13: 1, 71: 1, 2: 1, 0: 1, 52: 1, 62: 1, 64: 1, 37: 1, 21: 1, 46: 1, 43: 1}","[8613, 8938, 2407, 6608, 7272, 689, 3199, 2217, 4906, 139, 2161, 6514, 968, 954, 662, 6275, 3196, 9381, 5274, 2798, 7044, 9658, 7803, 5122, 9346, 3927, 6417, 7737, 9797, 9353, 4326, 9294, 719, 8875, 7089, 4587, 2078, 2951, 2223, 7293]",2723,40,1,False,10
915,exchange charge,supported,54,False,False,True,"{61: 1, 73: 2, 45: 1, 44: 2, 68: 2, 15: 2, 51: 1, 18: 1, 1: 1, 31: 2, 7: 1, 39: 2, 63: 2, 60: 2, 5: 1, 47: 2, 25: 1, 59: 1, 6: 1, 20: 1, 13: 1, 71: 1, 2: 1, 0: 1, 52: 1, 62: 1, 64: 1, 37: 1, 21: 1, 46: 1, 43: 1}","[8613, 8938, 2407, 6608, 7272, 689, 3199, 2217, 4906, 139, 2161, 6514, 968, 954, 662, 6275, 3196, 9381, 5274, 2798, 7044, 9658, 7803, 5122, 9346, 3927, 6417, 7737, 9797, 9353, 4326, 9294, 719, 8875, 7089, 4587, 2078, 2951, 2223, 7293]",915,40,1,False,10
2626,get disposable virtual card,get dispos,37,True,True,False,"{61: 1, 73: 2, 45: 1, 44: 2, 68: 2, 15: 2, 51: 1, 18: 1, 1: 1, 31: 2, 7: 1, 39: 2, 63: 2, 60: 2, 5: 1, 47: 2, 25: 1, 59: 1, 6: 1, 20: 1, 13: 1, 71: 1, 2: 1, 0: 1, 52: 1, 62: 1, 64: 1, 37: 1, 21: 1, 46: 1, 43: 1}","[8613, 8938, 2407, 6608, 7272, 689, 3199, 2217, 4906, 139, 2161, 6514, 968, 954, 662, 6275, 3196, 9381, 5274, 2798, 7044, 9658, 7803, 5122, 9346, 3927, 6417, 7737, 9797, 9353, 4326, 9294, 719, 8875, 7089, 4587, 2078, 2951, 2223, 7293]",2626,40,1,False,10
2604,exchange charge,get dispos,37,True,False,True,"{61: 1, 73: 2, 45: 1, 44: 2, 68: 2, 15: 2, 51: 1, 18: 1, 1: 1, 31: 2, 7: 1, 39: 2, 63: 2, 60: 2, 5: 1, 47: 2, 25: 1, 59: 1, 6: 1, 20: 1, 13: 1, 71: 1, 2: 1, 0: 1, 52: 1, 62: 1, 64: 1, 37: 1, 21: 1, 46: 1, 43: 1}","[8613, 8938, 2407, 6608, 7272, 689, 3199, 2217, 4906, 139, 2161, 6514, 968, 954, 662, 6275, 3196, 9381, 5274, 2798, 7044, 9658, 7803, 5122, 9346, 3927, 6417, 7737, 9797, 9353, 4326, 9294, 719, 8875, 7089, 4587, 2078, 2951, 2223, 7293]",2604,40,1,False,10
1510,transaction charged twice,direct,28,False,False,False,"{61: 1, 73: 2, 45: 1, 44: 2, 68: 2, 15: 2, 51: 1, 18: 1, 1: 1, 31: 2, 7: 1, 39: 2, 63: 2, 60: 2, 5: 1, 47: 2, 25: 1, 59: 1, 6: 1, 20: 1, 13: 1, 71: 1, 2: 1, 0: 1, 52: 1, 62: 1, 64: 1, 37: 1, 21: 1, 46: 1, 43: 1}","[8613, 8938, 2407, 6608, 7272, 689, 3199, 2217, 4906, 139, 2161, 6514, 968, 954, 662, 6275, 3196, 9381, 5274, 2798, 7044, 9658, 7803, 5122, 9346, 3927, 6417, 7737, 9797, 9353, 4326, 9294, 719, 8875, 7089, 4587, 2078, 2951, 2223, 7293]",1510,40,1,False,10
2303,transfer fee charged,failed,35,False,False,False,"{61: 1, 73: 2, 45: 1, 44: 2, 68: 2, 15: 2, 51: 1, 18: 1, 1: 1, 31: 2, 7: 1, 39: 2, 63: 2, 60: 2, 5: 1, 47: 2, 25: 1, 59: 1, 6: 1, 20: 1, 13: 1, 71: 1, 2: 1, 0: 1, 52: 1, 62: 1, 64: 1, 37: 1, 21: 1, 46: 1, 43: 1}","[8613, 8938, 2407, 6608, 7272, 689, 3199, 2217, 4906, 139, 2161, 6514, 968, 954, 662, 6275, 3196, 9381, 5274, 2798, 7044, 9658, 7803, 5122, 9346, 3927, 6417, 7737, 9797, 9353, 4326, 9294, 719, 8875, 7089, 4587, 2078, 2951, 2223, 7293]",2303,40,1,False,10
64,lost or stolen card,card linking,13,True,False,False,"{61: 1, 73: 2, 45: 1, 44: 2, 68: 2, 15: 2, 51: 1, 18: 1, 1: 1, 31: 2, 7: 1, 39: 2, 63: 2, 60: 2, 5: 1, 47: 2, 25: 1, 59: 1, 6: 1, 20: 1, 13: 1, 71: 1, 2: 1, 0: 1, 52: 1, 62: 1, 64: 1, 37: 1, 21: 1, 46: 1, 43: 1}","[8613, 8938, 2407, 6608, 7272, 689, 3199, 2217, 4906, 139, 2161, 6514, 968, 954, 662, 6275, 3196, 9381, 5274, 2798, 7044, 9658, 7803, 5122, 9346, 3927, 6417, 7737, 9797, 9353, 4326, 9294, 719, 8875, 7089, 4587, 2078, 2951, 2223, 7293]",64,40,1,False,10
2041,exchange charge,transfer timing,67,False,False,True,"{61: 1, 73: 2, 45: 1, 44: 2, 68: 2, 15: 2, 51: 1, 18: 1, 1: 1, 31: 2, 7: 1, 39: 2, 63: 2, 60: 2, 5: 1, 47: 2, 25: 1, 59: 1, 6: 1, 20: 1, 13: 1, 71: 1, 2: 1, 0: 1, 52: 1, 62: 1, 64: 1, 37: 1, 21: 1, 46: 1, 43: 1}","[8613, 8938, 2407, 6608, 7272, 689, 3199, 2217, 4906, 139, 2161, 6514, 968, 954, 662, 6275, 3196, 9381, 5274, 2798, 7044, 9658, 7803, 5122, 9346, 3927, 6417, 7737, 9797, 9353, 4326, 9294, 719, 8875, 7089, 4587, 2078, 2951, 2223, 7293]",2041,40,1,False,10
1995,exchange charge,transaction,63,True,False,True,"{61: 1, 73: 2, 45: 1, 44: 2, 68: 2, 15: 2, 51: 1, 18: 1, 1: 1, 31: 2, 7: 1, 39: 2, 63: 2, 60: 2, 5: 1, 47: 2, 25: 1, 59: 1, 6: 1, 20: 1, 13: 1, 71: 1, 2: 1, 0: 1, 52: 1, 62: 1, 64: 1, 37: 1, 21: 1, 46: 1, 43: 1}","[8613, 8938, 2407, 6608, 7272, 689, 3199, 2217, 4906, 139, 2161, 6514, 968, 954, 662, 6275, 3196, 9381, 5274, 2798, 7044, 9658, 7803, 5122, 9346, 3927, 6417, 7737, 9797, 9353, 4326, 9294, 719, 8875, 7089, 4587, 2078, 2951, 2223, 7293]",1995,40,1,False,10
1266,exchange charge,get physical,38,False,False,True,"{61: 1, 73: 2, 45: 1, 44: 2, 68: 2, 15: 2, 51: 1, 18: 1, 1: 1, 31: 2, 7: 1, 39: 2, 63: 2, 60: 2, 5: 1, 47: 2, 25: 1, 59: 1, 6: 1, 20: 1, 13: 1, 71: 1, 2: 1, 0: 1, 52: 1, 62: 1, 64: 1, 37: 1, 21: 1, 46: 1, 43: 1}","[8613, 8938, 2407, 6608, 7272, 689, 3199, 2217, 4906, 139, 2161, 6514, 968, 954, 662, 6275, 3196, 9381, 5274, 2798, 7044, 9658, 7803, 5122, 9346, 3927, 6417, 7737, 9797, 9353, 4326, 9294, 719, 8875, 7089, 4587, 2078, 2951, 2223, 7293]",1266,40,1,False,10
2821,card payment fee charged,top up by card,57,False,False,False,"{61: 1, 73: 2, 45: 1, 44: 2, 68: 2, 15: 2, 51: 1, 18: 1, 1: 1, 31: 2, 7: 1, 39: 2, 63: 2, 60: 2, 5: 1, 47: 2, 25: 1, 59: 1, 6: 1, 20: 1, 13: 1, 71: 1, 2: 1, 0: 1, 52: 1, 62: 1, 64: 1, 37: 1, 21: 1, 46: 1, 43: 1}","[8613, 8938, 2407, 6608, 7272, 689, 3199, 2217, 4906, 139, 2161, 6514, 968, 954, 662, 6275, 3196, 9381, 5274, 2798, 7044, 9658, 7803, 5122, 9346, 3927, 6417, 7737, 9797, 9353, 4326, 9294, 719, 8875, 7089, 4587, 2078, 2951, 2223, 7293]",2821,40,1,False,10
1945,exchange charge,card sw,18,True,False,True,"{61: 1, 73: 2, 45: 1, 44: 2, 68: 2, 15: 2, 51: 1, 18: 1, 1: 1, 31: 2, 7: 1, 39: 2, 63: 2, 60: 2, 5: 1, 47: 2, 25: 1, 59: 1, 6: 1, 20: 1, 13: 1, 71: 1, 2: 1, 0: 1, 52: 1, 62: 1, 64: 1, 37: 1, 21: 1, 46: 1, 43: 1}","[8613, 8938, 2407, 6608, 7272, 689, 3199, 2217, 4906, 139, 2161, 6514, 968, 954, 662, 6275, 3196, 9381, 5274, 2798, 7044, 9658, 7803, 5122, 9346, 3927, 6417, 7737, 9797, 9353, 4326, 9294, 719, 8875, 7089, 4587, 2078, 2951, 2223, 7293]",1945,40,1,False,10
835,exchange charge,card payment fee,15,True,False,True,"{61: 1, 73: 2, 45: 1, 44: 2, 68: 2, 15: 2, 51: 1, 18: 1, 1: 1, 31: 2, 7: 1, 39: 2, 63: 2, 60: 2, 5: 1, 47: 2, 25: 1, 59: 1, 6: 1, 20: 1, 13: 1, 71: 1, 2: 1, 0: 1, 52: 1, 62: 1, 64: 1, 37: 1, 21: 1, 46: 1, 43: 1}","[8613, 8938, 2407, 6608, 7272, 689, 3199, 2217, 4906, 139, 2161, 6514, 968, 954, 662, 6275, 3196, 9381, 5274, 2798, 7044, 9658, 7803, 5122, 9346, 3927, 6417, 7737, 9797, 9353, 4326, 9294, 719, 8875, 7089, 4587, 2078, 2951, 2223, 7293]",835,40,1,False,10
2312,transfer not received by recipient,failed,35,False,False,False,"{61: 1, 73: 2, 45: 1, 44: 2, 68: 2, 15: 2, 51: 1, 18: 1, 1: 1, 31: 2, 7: 1, 39: 2, 63: 2, 60: 2, 5: 1, 47: 2, 25: 1, 59: 1, 6: 1, 20: 1, 13: 1, 71: 1, 2: 1, 0: 1, 52: 1, 62: 1, 64: 1, 37: 1, 21: 1, 46: 1, 43: 1}","[8613, 8938, 2407, 6608, 7272, 689, 3199, 2217, 4906, 139, 2161, 6514, 968, 954, 662, 6275, 3196, 9381, 5274, 2798, 7044, 9658, 7803, 5122, 9346, 3927, 6417, 7737, 9797, 9353, 4326, 9294, 719, 8875, 7089, 4587, 2078, 2951, 2223, 7293]",2312,40,1,False,10
1053,exchange charge,balance not updated after che,6,True,False,True,"{61: 1, 73: 2, 45: 1, 44: 2, 68: 2, 15: 2, 51: 1, 18: 1, 1: 1, 31: 2, 7: 1, 39: 2, 63: 2, 60: 2, 5: 1, 47: 2, 25: 1, 59: 1, 6: 1, 20: 1, 13: 1, 71: 1, 2: 1, 0: 1, 52: 1, 62: 1, 64: 1, 37: 1, 21: 1, 46: 1, 43: 1}","[8613, 8938, 2407, 6608, 7272, 689, 3199, 2217, 4906, 139, 2161, 6514, 968, 954, 662, 6275, 3196, 9381, 5274, 2798, 7044, 9658, 7803, 5122, 9346, 3927, 6417, 7737, 9797, 9353, 4326, 9294, 719, 8875, 7089, 4587, 2078, 2951, 2223, 7293]",1053,40,1,False,10
2800,exchange charge,top up by card,57,False,False,True,"{61: 1, 73: 2, 45: 1, 44: 2, 68: 2, 15: 2, 51: 1, 18: 1, 1: 1, 31: 2, 7: 1, 39: 2, 63: 2, 60: 2, 5: 1, 47: 2, 25: 1, 59: 1, 6: 1, 20: 1, 13: 1, 71: 1, 2: 1, 0: 1, 52: 1, 62: 1, 64: 1, 37: 1, 21: 1, 46: 1, 43: 1}","[8613, 8938, 2407, 6608, 7272, 689, 3199, 2217, 4906, 139, 2161, 6514, 968, 954, 662, 6275, 3196, 9381, 5274, 2798, 7044, 9658, 7803, 5122, 9346, 3927, 6417, 7737, 9797, 9353, 4326, 9294, 719, 8875, 7089, 4587, 2078, 2951, 2223, 7293]",2800,40,1,False,10
1835,exchange charge,declined card,25,True,False,True,"{61: 1, 73: 2, 45: 1, 44: 2, 68: 2, 15: 2, 51: 1, 18: 1, 1: 1, 31: 2, 7: 1, 39: 2, 63: 2, 60: 2, 5: 1, 47: 2, 25: 1, 59: 1, 6: 1, 20: 1, 13: 1, 71: 1, 2: 1, 0: 1, 52: 1, 62: 1, 64: 1, 37: 1, 21: 1, 46: 1, 43: 1}","[8613, 8938, 2407, 6608, 7272, 689, 3199, 2217, 4906, 139, 2161, 6514, 968, 954, 662, 6275, 3196, 9381, 5274, 2798, 7044, 9658, 7803, 5122, 9346, 3927, 6417, 7737, 9797, 9353, 4326, 9294, 719, 8875, 7089, 4587, 2078, 2951, 2223, 7293]",1835,40,1,False,10
1434,card not working,comprom,22,False,False,False,"{61: 1, 73: 2, 45: 1, 44: 2, 68: 2, 15: 2, 51: 1, 18: 1, 1: 1, 31: 2, 7: 1, 39: 2, 63: 2, 60: 2, 5: 1, 47: 2, 25: 1, 59: 1, 6: 1, 20: 1, 13: 1, 71: 1, 2: 1, 0: 1, 52: 1, 62: 1, 64: 1, 37: 1, 21: 1, 46: 1, 43: 1}","[8613, 8938, 2407, 6608, 7272, 689, 3199, 2217, 4906, 139, 2161, 6514, 968, 954, 662, 6275, 3196, 9381, 5274, 2798, 7044, 9658, 7803, 5122, 9346, 3927, 6417, 7737, 9797, 9353, 4326, 9294, 719, 8875, 7089, 4587, 2078, 2951, 2223, 7293]",1434,40,1,False,10
979,card not working,card accept,10,False,False,False,"{61: 1, 73: 2, 45: 1, 44: 2, 68: 2, 15: 2, 51: 1, 18: 1, 1: 1, 31: 2, 7: 1, 39: 2, 63: 2, 60: 2, 5: 1, 47: 2, 25: 1, 59: 1, 6: 1, 20: 1, 13: 1, 71: 1, 2: 1, 0: 1, 52: 1, 62: 1, 64: 1, 37: 1, 21: 1, 46: 1, 43: 1}","[8613, 8938, 2407, 6608, 7272, 689, 3199, 2217, 4906, 139, 2161, 6514, 968, 954, 662, 6275, 3196, 9381, 5274, 2798, 7044, 9658, 7803, 5122, 9346, 3927, 6417, 7737, 9797, 9353, 4326, 9294, 719, 8875, 7089, 4587, 2078, 2951, 2223, 7293]",979,40,1,False,10
2942,card not working,card about,9,False,False,False,"{61: 1, 73: 2, 45: 1, 44: 2, 68: 2, 15: 2, 51: 1, 18: 1, 1: 1, 31: 2, 7: 1, 39: 2, 63: 2, 60: 2, 5: 1, 47: 2, 25: 1, 59: 1, 6: 1, 20: 1, 13: 1, 71: 1, 2: 1, 0: 1, 52: 1, 62: 1, 64: 1, 37: 1, 21: 1, 46: 1, 43: 1}","[8613, 8938, 2407, 6608, 7272, 689, 3199, 2217, 4906, 139, 2161, 6514, 968, 954, 662, 6275, 3196, 9381, 5274, 2798, 7044, 9658, 7803, 5122, 9346, 3927, 6417, 7737, 9797, 9353, 4326, 9294, 719, 8875, 7089, 4587, 2078, 2951, 2223, 7293]",2942,40,1,False,10
1900,cancel transfer,terminate,55,False,False,False,"{61: 1, 73: 2, 45: 1, 44: 2, 68: 2, 15: 2, 51: 1, 18: 1, 1: 1, 31: 2, 7: 1, 39: 2, 63: 2, 60: 2, 5: 1, 47: 2, 25: 1, 59: 1, 6: 1, 20: 1, 13: 1, 71: 1, 2: 1, 0: 1, 52: 1, 62: 1, 64: 1, 37: 1, 21: 1, 46: 1, 43: 1}","[8613, 8938, 2407, 6608, 7272, 689, 3199, 2217, 4906, 139, 2161, 6514, 968, 954, 662, 6275, 3196, 9381, 5274, 2798, 7044, 9658, 7803, 5122, 9346, 3927, 6417, 7737, 9797, 9353, 4326, 9294, 719, 8875, 7089, 4587, 2078, 2951, 2223, 7293]",1900,40,1,False,10
2973,exchange charge,apple,2,True,False,True,"{61: 1, 73: 2, 45: 1, 44: 2, 68: 2, 15: 2, 51: 1, 18: 1, 1: 1, 31: 2, 7: 1, 39: 2, 63: 2, 60: 2, 5: 1, 47: 2, 25: 1, 59: 1, 6: 1, 20: 1, 13: 1, 71: 1, 2: 1, 0: 1, 52: 1, 62: 1, 64: 1, 37: 1, 21: 1, 46: 1, 43: 1}","[8613, 8938, 2407, 6608, 7272, 689, 3199, 2217, 4906, 139, 2161, 6514, 968, 954, 662, 6275, 3196, 9381, 5274, 2798, 7044, 9658, 7803, 5122, 9346, 3927, 6417, 7737, 9797, 9353, 4326, 9294, 719, 8875, 7089, 4587, 2078, 2951, 2223, 7293]",2973,40,1,False,10
2989,apple pay or google pay,apple,2,True,True,False,"{61: 1, 73: 2, 45: 1, 44: 2, 68: 2, 15: 2, 51: 1, 18: 1, 1: 1, 31: 2, 7: 1, 39: 2, 63: 2, 60: 2, 5: 1, 47: 2, 25: 1, 59: 1, 6: 1, 20: 1, 13: 1, 71: 1, 2: 1, 0: 1, 52: 1, 62: 1, 64: 1, 37: 1, 21: 1, 46: 1, 43: 1}","[8613, 8938, 2407, 6608, 7272, 689, 3199, 2217, 4906, 139, 2161, 6514, 968, 954, 662, 6275, 3196, 9381, 5274, 2798, 7044, 9658, 7803, 5122, 9346, 3927, 6417, 7737, 9797, 9353, 4326, 9294, 719, 8875, 7089, 4587, 2078, 2951, 2223, 7293]",2989,40,1,False,10
2241,exchange rate,receiving,50,False,False,False,"{61: 1, 73: 2, 45: 1, 44: 2, 68: 2, 15: 2, 51: 1, 18: 1, 1: 1, 31: 2, 7: 1, 39: 2, 63: 2, 60: 2, 5: 1, 47: 2, 25: 1, 59: 1, 6: 1, 20: 1, 13: 1, 71: 1, 2: 1, 0: 1, 52: 1, 62: 1, 64: 1, 37: 1, 21: 1, 46: 1, 43: 1}","[8613, 8938, 2407, 6608, 7272, 689, 3199, 2217, 4906, 139, 2161, 6514, 968, 954, 662, 6275, 3196, 9381, 5274, 2798, 7044, 9658, 7803, 5122, 9346, 3927, 6417, 7737, 9797, 9353, 4326, 9294, 719, 8875, 7089, 4587, 2078, 2951, 2223, 7293]",2241,40,1,False,10
984,exchange charge,card accept,10,False,False,True,"{61: 1, 73: 2, 45: 1, 44: 2, 68: 2, 15: 2, 51: 1, 18: 1, 1: 1, 31: 2, 7: 1, 39: 2, 63: 2, 60: 2, 5: 1, 47: 2, 25: 1, 59: 1, 6: 1, 20: 1, 13: 1, 71: 1, 2: 1, 0: 1, 52: 1, 62: 1, 64: 1, 37: 1, 21: 1, 46: 1, 43: 1}","[8613, 8938, 2407, 6608, 7272, 689, 3199, 2217, 4906, 139, 2161, 6514, 968, 954, 662, 6275, 3196, 9381, 5274, 2798, 7044, 9658, 7803, 5122, 9346, 3927, 6417, 7737, 9797, 9353, 4326, 9294, 719, 8875, 7089, 4587, 2078, 2951, 2223, 7293]",984,40,1,False,10
2933,card about to expire,card about,9,False,True,False,"{61: 1, 73: 2, 45: 1, 44: 2, 68: 2, 15: 2, 51: 1, 18: 1, 1: 1, 31: 2, 7: 1, 39: 2, 63: 2, 60: 2, 5: 1, 47: 2, 25: 1, 59: 1, 6: 1, 20: 1, 13: 1, 71: 1, 2: 1, 0: 1, 52: 1, 62: 1, 64: 1, 37: 1, 21: 1, 46: 1, 43: 1}","[8613, 8938, 2407, 6608, 7272, 689, 3199, 2217, 4906, 139, 2161, 6514, 968, 954, 662, 6275, 3196, 9381, 5274, 2798, 7044, 9658, 7803, 5122, 9346, 3927, 6417, 7737, 9797, 9353, 4326, 9294, 719, 8875, 7089, 4587, 2078, 2951, 2223, 7293]",2933,40,1,False,10
1265,exchange charge,get physical,38,False,False,True,"{61: 1, 73: 2, 45: 1, 44: 2, 68: 2, 15: 2, 51: 1, 18: 1, 1: 1, 31: 2, 7: 1, 39: 2, 63: 2, 60: 2, 5: 1, 47: 2, 25: 1, 59: 1, 6: 1, 20: 1, 13: 1, 71: 1, 2: 1, 0: 1, 52: 1, 62: 1, 64: 1, 37: 1, 21: 1, 46: 1, 43: 1}","[8613, 8938, 2407, 6608, 7272, 689, 3199, 2217, 4906, 139, 2161, 6514, 968, 954, 662, 6275, 3196, 9381, 5274, 2798, 7044, 9658, 7803, 5122, 9346, 3927, 6417, 7737, 9797, 9353, 4326, 9294, 719, 8875, 7089, 4587, 2078, 2951, 2223, 7293]",1265,40,1,False,10
1811,card payment fee charged,declined card,25,True,False,False,"{61: 1, 73: 2, 45: 1, 44: 2, 68: 2, 15: 2, 51: 1, 18: 1, 1: 1, 31: 2, 7: 1, 39: 2, 63: 2, 60: 2, 5: 1, 47: 2, 25: 1, 59: 1, 6: 1, 20: 1, 13: 1, 71: 1, 2: 1, 0: 1, 52: 1, 62: 1, 64: 1, 37: 1, 21: 1, 46: 1, 43: 1}","[8613, 8938, 2407, 6608, 7272, 689, 3199, 2217, 4906, 139, 2161, 6514, 968, 954, 662, 6275, 3196, 9381, 5274, 2798, 7044, 9658, 7803, 5122, 9346, 3927, 6417, 7737, 9797, 9353, 4326, 9294, 719, 8875, 7089, 4587, 2078, 2951, 2223, 7293]",1811,40,1,False,10
1428,card not working,comprom,22,False,False,False,"{61: 1, 73: 2, 45: 1, 44: 2, 68: 2, 15: 2, 51: 1, 18: 1, 1: 1, 31: 2, 7: 1, 39: 2, 63: 2, 60: 2, 5: 1, 47: 2, 25: 1, 59: 1, 6: 1, 20: 1, 13: 1, 71: 1, 2: 1, 0: 1, 52: 1, 62: 1, 64: 1, 37: 1, 21: 1, 46: 1, 43: 1}","[8613, 8938, 2407, 6608, 7272, 689, 3199, 2217, 4906, 139, 2161, 6514, 968, 954, 662, 6275, 3196, 9381, 5274, 2798, 7044, 9658, 7803, 5122, 9346, 3927, 6417, 7737, 9797, 9353, 4326, 9294, 719, 8875, 7089, 4587, 2078, 2951, 2223, 7293]",1428,40,1,False,10
1568,why verify identity,declined c,26,False,False,False,"{61: 1, 73: 2, 45: 1, 44: 2, 68: 2, 15: 2, 51: 1, 18: 1, 1: 1, 31: 2, 7: 1, 39: 2, 63: 2, 60: 2, 5: 1, 47: 2, 25: 1, 59: 1, 6: 1, 20: 1, 13: 1, 71: 1, 2: 1, 0: 1, 52: 1, 62: 1, 64: 1, 37: 1, 21: 1, 46: 1, 43: 1}","[8613, 8938, 2407, 6608, 7272, 689, 3199, 2217, 4906, 139, 2161, 6514, 968, 954, 662, 6275, 3196, 9381, 5274, 2798, 7044, 9658, 7803, 5122, 9346, 3927, 6417, 7737, 9797, 9353, 4326, 9294, 719, 8875, 7089, 4587, 2078, 2951, 2223, 7293]",1568,40,1,False,10
2675,card payment fee charged,top up failed,59,True,False,False,"{61: 1, 73: 2, 45: 1, 44: 2, 68: 2, 15: 2, 51: 1, 18: 1, 1: 1, 31: 2, 7: 1, 39: 2, 63: 2, 60: 2, 5: 1, 47: 2, 25: 1, 59: 1, 6: 1, 20: 1, 13: 1, 71: 1, 2: 1, 0: 1, 52: 1, 62: 1, 64: 1, 37: 1, 21: 1, 46: 1, 43: 1}","[8613, 8938, 2407, 6608, 7272, 689, 3199, 2217, 4906, 139, 2161, 6514, 968, 954, 662, 6275, 3196, 9381, 5274, 2798, 7044, 9658, 7803, 5122, 9346, 3927, 6417, 7737, 9797, 9353, 4326, 9294, 719, 8875, 7089, 4587, 2078, 2951, 2223, 7293]",2675,40,1,False,10
1645,exchange charge,lost or stolen phone,42,False,False,True,"{61: 1, 73: 2, 45: 1, 44: 2, 68: 2, 15: 2, 51: 1, 18: 1, 1: 1, 31: 2, 7: 1, 39: 2, 63: 2, 60: 2, 5: 1, 47: 2, 25: 1, 59: 1, 6: 1, 20: 1, 13: 1, 71: 1, 2: 1, 0: 1, 52: 1, 62: 1, 64: 1, 37: 1, 21: 1, 46: 1, 43: 1}","[8613, 8938, 2407, 6608, 7272, 689, 3199, 2217, 4906, 139, 2161, 6514, 968, 954, 662, 6275, 3196, 9381, 5274, 2798, 7044, 9658, 7803, 5122, 9346, 3927, 6417, 7737, 9797, 9353, 4326, 9294, 719, 8875, 7089, 4587, 2078, 2951, 2223, 7293]",1645,40,1,False,10
2289,exchange charge,failed,35,False,False,True,"{61: 1, 73: 2, 45: 1, 44: 2, 68: 2, 15: 2, 51: 1, 18: 1, 1: 1, 31: 2, 7: 1, 39: 2, 63: 2, 60: 2, 5: 1, 47: 2, 25: 1, 59: 1, 6: 1, 20: 1, 13: 1, 71: 1, 2: 1, 0: 1, 52: 1, 62: 1, 64: 1, 37: 1, 21: 1, 46: 1, 43: 1}","[8613, 8938, 2407, 6608, 7272, 689, 3199, 2217, 4906, 139, 2161, 6514, 968, 954, 662, 6275, 3196, 9381, 5274, 2798, 7044, 9658, 7803, 5122, 9346, 3927, 6417, 7737, 9797, 9353, 4326, 9294, 719, 8875, 7089, 4587, 2078, 2951, 2223, 7293]",2289,40,1,False,10
2854,activate my card,activ,0,True,True,False,"{61: 1, 73: 2, 45: 1, 44: 2, 68: 2, 15: 2, 51: 1, 18: 1, 1: 1, 31: 2, 7: 1, 39: 2, 63: 2, 60: 2, 5: 1, 47: 2, 25: 1, 59: 1, 6: 1, 20: 1, 13: 1, 71: 1, 2: 1, 0: 1, 52: 1, 62: 1, 64: 1, 37: 1, 21: 1, 46: 1, 43: 1}","[8613, 8938, 2407, 6608, 7272, 689, 3199, 2217, 4906, 139, 2161, 6514, 968, 954, 662, 6275, 3196, 9381, 5274, 2798, 7044, 9658, 7803, 5122, 9346, 3927, 6417, 7737, 9797, 9353, 4326, 9294, 719, 8875, 7089, 4587, 2078, 2951, 2223, 7293]",2854,40,1,False,10
1356,exchange charge,to,62,True,False,True,"{61: 1, 73: 2, 45: 1, 44: 2, 68: 2, 15: 2, 51: 1, 18: 1, 1: 1, 31: 2, 7: 1, 39: 2, 63: 2, 60: 2, 5: 1, 47: 2, 25: 1, 59: 1, 6: 1, 20: 1, 13: 1, 71: 1, 2: 1, 0: 1, 52: 1, 62: 1, 64: 1, 37: 1, 21: 1, 46: 1, 43: 1}","[8613, 8938, 2407, 6608, 7272, 689, 3199, 2217, 4906, 139, 2161, 6514, 968, 954, 662, 6275, 3196, 9381, 5274, 2798, 7044, 9658, 7803, 5122, 9346, 3927, 6417, 7737, 9797, 9353, 4326, 9294, 719, 8875, 7089, 4587, 2078, 2951, 2223, 7293]",1356,40,1,False,10
982,card not working,card accept,10,False,False,False,"{61: 1, 73: 2, 45: 1, 44: 2, 68: 2, 15: 2, 51: 1, 18: 1, 1: 1, 31: 2, 7: 1, 39: 2, 63: 2, 60: 2, 5: 1, 47: 2, 25: 1, 59: 1, 6: 1, 20: 1, 13: 1, 71: 1, 2: 1, 0: 1, 52: 1, 62: 1, 64: 1, 37: 1, 21: 1, 46: 1, 43: 1}","[8613, 8938, 2407, 6608, 7272, 689, 3199, 2217, 4906, 139, 2161, 6514, 968, 954, 662, 6275, 3196, 9381, 5274, 2798, 7044, 9658, 7803, 5122, 9346, 3927, 6417, 7737, 9797, 9353, 4326, 9294, 719, 8875, 7089, 4587, 2078, 2951, 2223, 7293]",982,40,1,False,10
1518,exchange charge,direct,28,False,False,True,"{61: 1, 73: 2, 45: 1, 44: 2, 68: 2, 15: 2, 51: 1, 18: 1, 1: 1, 31: 2, 7: 1, 39: 2, 63: 2, 60: 2, 5: 1, 47: 2, 25: 1, 59: 1, 6: 1, 20: 1, 13: 1, 71: 1, 2: 1, 0: 1, 52: 1, 62: 1, 64: 1, 37: 1, 21: 1, 46: 1, 43: 1}","[8613, 8938, 2407, 6608, 7272, 689, 3199, 2217, 4906, 139, 2161, 6514, 968, 954, 662, 6275, 3196, 9381, 5274, 2798, 7044, 9658, 7803, 5122, 9346, 3927, 6417, 7737, 9797, 9353, 4326, 9294, 719, 8875, 7089, 4587, 2078, 2951, 2223, 7293]",1518,40,1,False,10
722,top up limits,top up limits,60,True,True,True,"{61: 1, 73: 2, 45: 1, 44: 2, 68: 2, 15: 2, 51: 1, 18: 1, 1: 1, 31: 2, 7: 1, 39: 2, 63: 2, 60: 2, 5: 1, 47: 2, 25: 1, 59: 1, 6: 1, 20: 1, 13: 1, 71: 1, 2: 1, 0: 1, 52: 1, 62: 1, 64: 1, 37: 1, 21: 1, 46: 1, 43: 1}","[8613, 8938, 2407, 6608, 7272, 689, 3199, 2217, 4906, 139, 2161, 6514, 968, 954, 662, 6275, 3196, 9381, 5274, 2798, 7044, 9658, 7803, 5122, 9346, 3927, 6417, 7737, 9797, 9353, 4326, 9294, 719, 8875, 7089, 4587, 2078, 2951, 2223, 7293]",722,40,1,False,10
2372,exchange charge,verify top,71,True,False,True,"{61: 1, 73: 2, 45: 1, 44: 2, 68: 2, 15: 2, 51: 1, 18: 1, 1: 1, 31: 2, 7: 1, 39: 2, 63: 2, 60: 2, 5: 1, 47: 2, 25: 1, 59: 1, 6: 1, 20: 1, 13: 1, 71: 1, 2: 1, 0: 1, 52: 1, 62: 1, 64: 1, 37: 1, 21: 1, 46: 1, 43: 1}","[8613, 8938, 2407, 6608, 7272, 689, 3199, 2217, 4906, 139, 2161, 6514, 968, 954, 662, 6275, 3196, 9381, 5274, 2798, 7044, 9658, 7803, 5122, 9346, 3927, 6417, 7737, 9797, 9353, 4326, 9294, 719, 8875, 7089, 4587, 2078, 2951, 2223, 7293]",2372,40,1,False,10
1917,cancel transfer,terminate,55,False,False,False,"{61: 1, 73: 2, 45: 1, 44: 2, 68: 2, 15: 2, 51: 1, 18: 1, 1: 1, 31: 2, 7: 1, 39: 2, 63: 2, 60: 2, 5: 1, 47: 2, 25: 1, 59: 1, 6: 1, 20: 1, 13: 1, 71: 1, 2: 1, 0: 1, 52: 1, 62: 1, 64: 1, 37: 1, 21: 1, 46: 1, 43: 1}","[8613, 8938, 2407, 6608, 7272, 689, 3199, 2217, 4906, 139, 2161, 6514, 968, 954, 662, 6275, 3196, 9381, 5274, 2798, 7044, 9658, 7803, 5122, 9346, 3927, 6417, 7737, 9797, 9353, 4326, 9294, 719, 8875, 7089, 4587, 2078, 2951, 2223, 7293]",1917,40,1,False,10
1500,exchange charge,direct,28,False,False,True,"{61: 1, 73: 2, 45: 1, 44: 2, 68: 2, 15: 2, 51: 1, 18: 1, 1: 1, 31: 2, 7: 1, 39: 2, 63: 2, 60: 2, 5: 1, 47: 2, 25: 1, 59: 1, 6: 1, 20: 1, 13: 1, 71: 1, 2: 1, 0: 1, 52: 1, 62: 1, 64: 1, 37: 1, 21: 1, 46: 1, 43: 1}","[8613, 8938, 2407, 6608, 7272, 689, 3199, 2217, 4906, 139, 2161, 6514, 968, 954, 662, 6275, 3196, 9381, 5274, 2798, 7044, 9658, 7803, 5122, 9346, 3927, 6417, 7737, 9797, 9353, 4326, 9294, 719, 8875, 7089, 4587, 2078, 2951, 2223, 7293]",1500,40,1,False,10
1933,card swallowed,card sw,18,True,True,False,"{61: 1, 73: 2, 45: 1, 44: 2, 68: 2, 15: 2, 51: 1, 18: 1, 1: 1, 31: 2, 7: 1, 39: 2, 63: 2, 60: 2, 5: 1, 47: 2, 25: 1, 59: 1, 6: 1, 20: 1, 13: 1, 71: 1, 2: 1, 0: 1, 52: 1, 62: 1, 64: 1, 37: 1, 21: 1, 46: 1, 43: 1}","[8613, 8938, 2407, 6608, 7272, 689, 3199, 2217, 4906, 139, 2161, 6514, 968, 954, 662, 6275, 3196, 9381, 5274, 2798, 7044, 9658, 7803, 5122, 9346, 3927, 6417, 7737, 9797, 9353, 4326, 9294, 719, 8875, 7089, 4587, 2078, 2951, 2223, 7293]",1933,40,1,False,10
2833,exchange charge,top up by card,57,False,False,True,"{61: 1, 73: 2, 45: 1, 44: 2, 68: 2, 15: 2, 51: 1, 18: 1, 1: 1, 31: 2, 7: 1, 39: 2, 63: 2, 60: 2, 5: 1, 47: 2, 25: 1, 59: 1, 6: 1, 20: 1, 13: 1, 71: 1, 2: 1, 0: 1, 52: 1, 62: 1, 64: 1, 37: 1, 21: 1, 46: 1, 43: 1}","[8613, 8938, 2407, 6608, 7272, 689, 3199, 2217, 4906, 139, 2161, 6514, 968, 954, 662, 6275, 3196, 9381, 5274, 2798, 7044, 9658, 7803, 5122, 9346, 3927, 6417, 7737, 9797, 9353, 4326, 9294, 719, 8875, 7089, 4587, 2078, 2951, 2223, 7293]",2833,40,1,False,10
1639,exchange charge,pending card,45,True,False,True,"{61: 1, 73: 2, 45: 1, 44: 2, 68: 2, 15: 2, 51: 1, 18: 1, 1: 1, 31: 2, 7: 1, 39: 2, 63: 2, 60: 2, 5: 1, 47: 2, 25: 1, 59: 1, 6: 1, 20: 1, 13: 1, 71: 1, 2: 1, 0: 1, 52: 1, 62: 1, 64: 1, 37: 1, 21: 1, 46: 1, 43: 1}","[8613, 8938, 2407, 6608, 7272, 689, 3199, 2217, 4906, 139, 2161, 6514, 968, 954, 662, 6275, 3196, 9381, 5274, 2798, 7044, 9658, 7803, 5122, 9346, 3927, 6417, 7737, 9797, 9353, 4326, 9294, 719, 8875, 7089, 4587, 2078, 2951, 2223, 7293]",1639,40,1,False,10
1136,exchange charge,edit,30,False,False,True,"{61: 1, 73: 2, 45: 1, 44: 2, 68: 2, 15: 2, 51: 1, 18: 1, 1: 1, 31: 2, 7: 1, 39: 2, 63: 2, 60: 2, 5: 1, 47: 2, 25: 1, 59: 1, 6: 1, 20: 1, 13: 1, 71: 1, 2: 1, 0: 1, 52: 1, 62: 1, 64: 1, 37: 1, 21: 1, 46: 1, 43: 1}","[8613, 8938, 2407, 6608, 7272, 689, 3199, 2217, 4906, 139, 2161, 6514, 968, 954, 662, 6275, 3196, 9381, 5274, 2798, 7044, 9658, 7803, 5122, 9346, 3927, 6417, 7737, 9797, 9353, 4326, 9294, 719, 8875, 7089, 4587, 2078, 2951, 2223, 7293]",1136,40,1,False,10
2124,change pin,change,21,True,True,False,"{61: 1, 73: 2, 45: 1, 44: 2, 68: 2, 15: 2, 51: 1, 18: 1, 1: 1, 31: 2, 7: 1, 39: 2, 63: 2, 60: 2, 5: 1, 47: 2, 25: 1, 59: 1, 6: 1, 20: 1, 13: 1, 71: 1, 2: 1, 0: 1, 52: 1, 62: 1, 64: 1, 37: 1, 21: 1, 46: 1, 43: 1}","[8613, 8938, 2407, 6608, 7272, 689, 3199, 2217, 4906, 139, 2161, 6514, 968, 954, 662, 6275, 3196, 9381, 5274, 2798, 7044, 9658, 7803, 5122, 9346, 3927, 6417, 7737, 9797, 9353, 4326, 9294, 719, 8875, 7089, 4587, 2078, 2951, 2223, 7293]",2124,40,1,False,10
3008,verify my identity,verify my,69,False,True,False,"{61: 1, 73: 2, 45: 1, 44: 2, 68: 2, 15: 2, 51: 1, 18: 1, 1: 1, 31: 2, 7: 1, 39: 2, 63: 2, 60: 2, 5: 1, 47: 2, 25: 1, 59: 1, 6: 1, 20: 1, 13: 1, 71: 1, 2: 1, 0: 1, 52: 1, 62: 1, 64: 1, 37: 1, 21: 1, 46: 1, 43: 1}","[8613, 8938, 2407, 6608, 7272, 689, 3199, 2217, 4906, 139, 2161, 6514, 968, 954, 662, 6275, 3196, 9381, 5274, 2798, 7044, 9658, 7803, 5122, 9346, 3927, 6417, 7737, 9797, 9353, 4326, 9294, 719, 8875, 7089, 4587, 2078, 2951, 2223, 7293]",3008,40,1,False,10
1704,exchange charge,request,52,True,False,True,"{61: 1, 73: 2, 45: 1, 44: 2, 68: 2, 15: 2, 51: 1, 18: 1, 1: 1, 31: 2, 7: 1, 39: 2, 63: 2, 60: 2, 5: 1, 47: 2, 25: 1, 59: 1, 6: 1, 20: 1, 13: 1, 71: 1, 2: 1, 0: 1, 52: 1, 62: 1, 64: 1, 37: 1, 21: 1, 46: 1, 43: 1}","[8613, 8938, 2407, 6608, 7272, 689, 3199, 2217, 4906, 139, 2161, 6514, 968, 954, 662, 6275, 3196, 9381, 5274, 2798, 7044, 9658, 7803, 5122, 9346, 3927, 6417, 7737, 9797, 9353, 4326, 9294, 719, 8875, 7089, 4587, 2078, 2951, 2223, 7293]",1704,40,1,False,10
2243,exchange charge,receiving,50,False,False,True,"{61: 1, 73: 2, 45: 1, 44: 2, 68: 2, 15: 2, 51: 1, 18: 1, 1: 1, 31: 2, 7: 1, 39: 2, 63: 2, 60: 2, 5: 1, 47: 2, 25: 1, 59: 1, 6: 1, 20: 1, 13: 1, 71: 1, 2: 1, 0: 1, 52: 1, 62: 1, 64: 1, 37: 1, 21: 1, 46: 1, 43: 1}","[8613, 8938, 2407, 6608, 7272, 689, 3199, 2217, 4906, 139, 2161, 6514, 968, 954, 662, 6275, 3196, 9381, 5274, 2798, 7044, 9658, 7803, 5122, 9346, 3927, 6417, 7737, 9797, 9353, 4326, 9294, 719, 8875, 7089, 4587, 2078, 2951, 2223, 7293]",2243,40,1,False,10
748,exchange charge,top up limits,60,True,False,True,"{61: 1, 73: 2, 45: 1, 44: 2, 68: 2, 15: 2, 51: 1, 18: 1, 1: 1, 31: 2, 7: 1, 39: 2, 63: 2, 60: 2, 5: 1, 47: 2, 25: 1, 59: 1, 6: 1, 20: 1, 13: 1, 71: 1, 2: 1, 0: 1, 52: 1, 62: 1, 64: 1, 37: 1, 21: 1, 46: 1, 43: 1}","[8613, 8938, 2407, 6608, 7272, 689, 3199, 2217, 4906, 139, 2161, 6514, 968, 954, 662, 6275, 3196, 9381, 5274, 2798, 7044, 9658, 7803, 5122, 9346, 3927, 6417, 7737, 9797, 9353, 4326, 9294, 719, 8875, 7089, 4587, 2078, 2951, 2223, 7293]",748,40,1,False,10
2649,top up failed,top up failed,59,True,True,True,"{61: 1, 73: 2, 45: 1, 44: 2, 68: 2, 15: 2, 51: 1, 18: 1, 1: 1, 31: 2, 7: 1, 39: 2, 63: 2, 60: 2, 5: 1, 47: 2, 25: 1, 59: 1, 6: 1, 20: 1, 13: 1, 71: 1, 2: 1, 0: 1, 52: 1, 62: 1, 64: 1, 37: 1, 21: 1, 46: 1, 43: 1}","[8613, 8938, 2407, 6608, 7272, 689, 3199, 2217, 4906, 139, 2161, 6514, 968, 954, 662, 6275, 3196, 9381, 5274, 2798, 7044, 9658, 7803, 5122, 9346, 3927, 6417, 7737, 9797, 9353, 4326, 9294, 719, 8875, 7089, 4587, 2078, 2951, 2223, 7293]",2649,40,1,False,10
1258,pin blocked,get physical,38,False,False,False,"{61: 1, 73: 2, 45: 1, 44: 2, 68: 2, 15: 2, 51: 1, 18: 1, 1: 1, 31: 2, 7: 1, 39: 2, 63: 2, 60: 2, 5: 1, 47: 2, 25: 1, 59: 1, 6: 1, 20: 1, 13: 1, 71: 1, 2: 1, 0: 1, 52: 1, 62: 1, 64: 1, 37: 1, 21: 1, 46: 1, 43: 1}","[8613, 8938, 2407, 6608, 7272, 689, 3199, 2217, 4906, 139, 2161, 6514, 968, 954, 662, 6275, 3196, 9381, 5274, 2798, 7044, 9658, 7803, 5122, 9346, 3927, 6417, 7737, 9797, 9353, 4326, 9294, 719, 8875, 7089, 4587, 2078, 2951, 2223, 7293]",1258,40,1,False,10
1318,exchange charge,vis,73,True,False,True,"{61: 1, 73: 2, 45: 1, 44: 2, 68: 2, 15: 2, 51: 1, 18: 1, 1: 1, 31: 2, 7: 1, 39: 2, 63: 2, 60: 2, 5: 1, 47: 2, 25: 1, 59: 1, 6: 1, 20: 1, 13: 1, 71: 1, 2: 1, 0: 1, 52: 1, 62: 1, 64: 1, 37: 1, 21: 1, 46: 1, 43: 1}","[8613, 8938, 2407, 6608, 7272, 689, 3199, 2217, 4906, 139, 2161, 6514, 968, 954, 662, 6275, 3196, 9381, 5274, 2798, 7044, 9658, 7803, 5122, 9346, 3927, 6417, 7737, 9797, 9353, 4326, 9294, 719, 8875, 7089, 4587, 2078, 2951, 2223, 7293]",1318,40,1,False,10
1770,exchange charge,Ref,51,True,False,True,"{61: 1, 73: 2, 45: 1, 44: 2, 68: 2, 15: 2, 51: 1, 18: 1, 1: 1, 31: 2, 7: 1, 39: 2, 63: 2, 60: 2, 5: 1, 47: 2, 25: 1, 59: 1, 6: 1, 20: 1, 13: 1, 71: 1, 2: 1, 0: 1, 52: 1, 62: 1, 64: 1, 37: 1, 21: 1, 46: 1, 43: 1}","[8613, 8938, 2407, 6608, 7272, 689, 3199, 2217, 4906, 139, 2161, 6514, 968, 954, 662, 6275, 3196, 9381, 5274, 2798, 7044, 9658, 7803, 5122, 9346, 3927, 6417, 7737, 9797, 9353, 4326, 9294, 719, 8875, 7089, 4587, 2078, 2951, 2223, 7293]",1770,40,1,False,10
217,pending cash withdrawal,pending c,46,True,True,False,"{61: 1, 73: 2, 45: 1, 44: 2, 68: 2, 15: 2, 51: 1, 18: 1, 1: 1, 31: 2, 7: 1, 39: 2, 63: 2, 60: 2, 5: 1, 47: 2, 25: 1, 59: 1, 6: 1, 20: 1, 13: 1, 71: 1, 2: 1, 0: 1, 52: 1, 62: 1, 64: 1, 37: 1, 21: 1, 46: 1, 43: 1}","[8613, 8938, 2407, 6608, 7272, 689, 3199, 2217, 4906, 139, 2161, 6514, 968, 954, 662, 6275, 3196, 9381, 5274, 2798, 7044, 9658, 7803, 5122, 9346, 3927, 6417, 7737, 9797, 9353, 4326, 9294, 719, 8875, 7089, 4587, 2078, 2951, 2223, 7293]",217,40,1,False,10
1141,change pin,edit,30,False,False,False,"{61: 1, 73: 2, 45: 1, 44: 2, 68: 2, 15: 2, 51: 1, 18: 1, 1: 1, 31: 2, 7: 1, 39: 2, 63: 2, 60: 2, 5: 1, 47: 2, 25: 1, 59: 1, 6: 1, 20: 1, 13: 1, 71: 1, 2: 1, 0: 1, 52: 1, 62: 1, 64: 1, 37: 1, 21: 1, 46: 1, 43: 1}","[8613, 8938, 2407, 6608, 7272, 689, 3199, 2217, 4906, 139, 2161, 6514, 968, 954, 662, 6275, 3196, 9381, 5274, 2798, 7044, 9658, 7803, 5122, 9346, 3927, 6417, 7737, 9797, 9353, 4326, 9294, 719, 8875, 7089, 4587, 2078, 2951, 2223, 7293]",1141,40,1,False,10
2078,exchange charge,transfer timing,67,False,False,True,"{61: 1, 73: 2, 45: 1, 44: 2, 68: 2, 15: 2, 51: 1, 18: 1, 1: 1, 31: 2, 7: 1, 39: 2, 63: 2, 60: 2, 5: 1, 47: 2, 25: 1, 59: 1, 6: 1, 20: 1, 13: 1, 71: 1, 2: 1, 0: 1, 52: 1, 62: 1, 64: 1, 37: 1, 21: 1, 46: 1, 43: 1}","[8613, 8938, 2407, 6608, 7272, 689, 3199, 2217, 4906, 139, 2161, 6514, 968, 954, 662, 6275, 3196, 9381, 5274, 2798, 7044, 9658, 7803, 5122, 9346, 3927, 6417, 7737, 9797, 9353, 4326, 9294, 719, 8875, 7089, 4587, 2078, 2951, 2223, 7293]",2078,40,1,False,10
402,exchange rate,exchange via,33,False,False,False,"{61: 1, 73: 2, 45: 1, 44: 2, 68: 2, 15: 2, 51: 1, 18: 1, 1: 1, 31: 2, 7: 1, 39: 2, 63: 2, 60: 2, 5: 1, 47: 2, 25: 1, 59: 1, 6: 1, 20: 1, 13: 1, 71: 1, 2: 1, 0: 1, 52: 1, 62: 1, 64: 1, 37: 1, 21: 1, 46: 1, 43: 1}","[8613, 8938, 2407, 6608, 7272, 689, 3199, 2217, 4906, 139, 2161, 6514, 968, 954, 662, 6275, 3196, 9381, 5274, 2798, 7044, 9658, 7803, 5122, 9346, 3927, 6417, 7737, 9797, 9353, 4326, 9294, 719, 8875, 7089, 4587, 2078, 2951, 2223, 7293]",402,40,1,False,10
1349,exchange charge,to,62,True,False,True,"{61: 1, 73: 2, 45: 1, 44: 2, 68: 2, 15: 2, 51: 1, 18: 1, 1: 1, 31: 2, 7: 1, 39: 2, 63: 2, 60: 2, 5: 1, 47: 2, 25: 1, 59: 1, 6: 1, 20: 1, 13: 1, 71: 1, 2: 1, 0: 1, 52: 1, 62: 1, 64: 1, 37: 1, 21: 1, 46: 1, 43: 1}","[8613, 8938, 2407, 6608, 7272, 689, 3199, 2217, 4906, 139, 2161, 6514, 968, 954, 662, 6275, 3196, 9381, 5274, 2798, 7044, 9658, 7803, 5122, 9346, 3927, 6417, 7737, 9797, 9353, 4326, 9294, 719, 8875, 7089, 4587, 2078, 2951, 2223, 7293]",1349,40,1,False,10
80,exchange charge,exchange rate,32,False,False,True,"{61: 1, 73: 2, 45: 1, 44: 2, 68: 2, 15: 2, 51: 1, 18: 1, 1: 1, 31: 2, 7: 1, 39: 2, 63: 2, 60: 2, 5: 1, 47: 2, 25: 1, 59: 1, 6: 1, 20: 1, 13: 1, 71: 1, 2: 1, 0: 1, 52: 1, 62: 1, 64: 1, 37: 1, 21: 1, 46: 1, 43: 1}","[8613, 8938, 2407, 6608, 7272, 689, 3199, 2217, 4906, 139, 2161, 6514, 968, 954, 662, 6275, 3196, 9381, 5274, 2798, 7044, 9658, 7803, 5122, 9346, 3927, 6417, 7737, 9797, 9353, 4326, 9294, 719, 8875, 7089, 4587, 2078, 2951, 2223, 7293]",80,40,1,False,10
1355,exchange charge,to,62,True,False,True,"{61: 1, 73: 2, 45: 1, 44: 2, 68: 2, 15: 2, 51: 1, 18: 1, 1: 1, 31: 2, 7: 1, 39: 2, 63: 2, 60: 2, 5: 1, 47: 2, 25: 1, 59: 1, 6: 1, 20: 1, 13: 1, 71: 1, 2: 1, 0: 1, 52: 1, 62: 1, 64: 1, 37: 1, 21: 1, 46: 1, 43: 1}","[8613, 8938, 2407, 6608, 7272, 689, 3199, 2217, 4906, 139, 2161, 6514, 968, 954, 662, 6275, 3196, 9381, 5274, 2798, 7044, 9658, 7803, 5122, 9346, 3927, 6417, 7737, 9797, 9353, 4326, 9294, 719, 8875, 7089, 4587, 2078, 2951, 2223, 7293]",1355,40,1,False,10
2386,card payment fee charged,verify top,71,True,False,False,"{61: 1, 73: 2, 45: 1, 44: 2, 68: 2, 15: 2, 51: 1, 18: 1, 1: 1, 31: 2, 7: 1, 39: 2, 63: 2, 60: 2, 5: 1, 47: 2, 25: 1, 59: 1, 6: 1, 20: 1, 13: 1, 71: 1, 2: 1, 0: 1, 52: 1, 62: 1, 64: 1, 37: 1, 21: 1, 46: 1, 43: 1}","[8613, 8938, 2407, 6608, 7272, 689, 3199, 2217, 4906, 139, 2161, 6514, 968, 954, 662, 6275, 3196, 9381, 5274, 2798, 7044, 9658, 7803, 5122, 9346, 3927, 6417, 7737, 9797, 9353, 4326, 9294, 719, 8875, 7089, 4587, 2078, 2951, 2223, 7293]",2386,40,1,False,10
838,exchange charge,card payment fee,15,True,False,True,"{61: 1, 73: 2, 45: 1, 44: 2, 68: 2, 15: 2, 51: 1, 18: 1, 1: 1, 31: 2, 7: 1, 39: 2, 63: 2, 60: 2, 5: 1, 47: 2, 25: 1, 59: 1, 6: 1, 20: 1, 13: 1, 71: 1, 2: 1, 0: 1, 52: 1, 62: 1, 64: 1, 37: 1, 21: 1, 46: 1, 43: 1}","[8613, 8938, 2407, 6608, 7272, 689, 3199, 2217, 4906, 139, 2161, 6514, 968, 954, 662, 6275, 3196, 9381, 5274, 2798, 7044, 9658, 7803, 5122, 9346, 3927, 6417, 7737, 9797, 9353, 4326, 9294, 719, 8875, 7089, 4587, 2078, 2951, 2223, 7293]",838,40,1,False,10
2267,exchange charge,receiving,50,False,False,True,"{61: 1, 73: 2, 45: 1, 44: 2, 68: 2, 15: 2, 51: 1, 18: 1, 1: 1, 31: 2, 7: 1, 39: 2, 63: 2, 60: 2, 5: 1, 47: 2, 25: 1, 59: 1, 6: 1, 20: 1, 13: 1, 71: 1, 2: 1, 0: 1, 52: 1, 62: 1, 64: 1, 37: 1, 21: 1, 46: 1, 43: 1}","[8613, 8938, 2407, 6608, 7272, 689, 3199, 2217, 4906, 139, 2161, 6514, 968, 954, 662, 6275, 3196, 9381, 5274, 2798, 7044, 9658, 7803, 5122, 9346, 3927, 6417, 7737, 9797, 9353, 4326, 9294, 719, 8875, 7089, 4587, 2078, 2951, 2223, 7293]",2267,40,1,False,10
2881,exchange charge,cash withdrawal charge,19,False,False,True,"{61: 1, 73: 2, 45: 1, 44: 2, 68: 2, 15: 2, 51: 1, 18: 1, 1: 1, 31: 2, 7: 1, 39: 2, 63: 2, 60: 2, 5: 1, 47: 2, 25: 1, 59: 1, 6: 1, 20: 1, 13: 1, 71: 1, 2: 1, 0: 1, 52: 1, 62: 1, 64: 1, 37: 1, 21: 1, 46: 1, 43: 1}","[8613, 8938, 2407, 6608, 7272, 689, 3199, 2217, 4906, 139, 2161, 6514, 968, 954, 662, 6275, 3196, 9381, 5274, 2798, 7044, 9658, 7803, 5122, 9346, 3927, 6417, 7737, 9797, 9353, 4326, 9294, 719, 8875, 7089, 4587, 2078, 2951, 2223, 7293]",2881,40,1,False,10
801,exchange charge,card payment fee,15,True,False,True,"{61: 1, 73: 2, 45: 1, 44: 2, 68: 2, 15: 2, 51: 1, 18: 1, 1: 1, 31: 2, 7: 1, 39: 2, 63: 2, 60: 2, 5: 1, 47: 2, 25: 1, 59: 1, 6: 1, 20: 1, 13: 1, 71: 1, 2: 1, 0: 1, 52: 1, 62: 1, 64: 1, 37: 1, 21: 1, 46: 1, 43: 1}","[8613, 8938, 2407, 6608, 7272, 689, 3199, 2217, 4906, 139, 2161, 6514, 968, 954, 662, 6275, 3196, 9381, 5274, 2798, 7044, 9658, 7803, 5122, 9346, 3927, 6417, 7737, 9797, 9353, 4326, 9294, 719, 8875, 7089, 4587, 2078, 2951, 2223, 7293]",801,40,1,False,10
73,exchange charge,card linking,13,True,False,True,"{61: 1, 73: 2, 45: 1, 44: 2, 68: 2, 15: 2, 51: 1, 18: 1, 1: 1, 31: 2, 7: 1, 39: 2, 63: 2, 60: 2, 5: 1, 47: 2, 25: 1, 59: 1, 6: 1, 20: 1, 13: 1, 71: 1, 2: 1, 0: 1, 52: 1, 62: 1, 64: 1, 37: 1, 21: 1, 46: 1, 43: 1}","[8613, 8938, 2407, 6608, 7272, 689, 3199, 2217, 4906, 139, 2161, 6514, 968, 954, 662, 6275, 3196, 9381, 5274, 2798, 7044, 9658, 7803, 5122, 9346, 3927, 6417, 7737, 9797, 9353, 4326, 9294, 719, 8875, 7089, 4587, 2078, 2951, 2223, 7293]",73,40,1,False,10
1967,card payment fee charged,transaction,63,True,False,False,"{61: 1, 73: 2, 45: 1, 44: 2, 68: 2, 15: 2, 51: 1, 18: 1, 1: 1, 31: 2, 7: 1, 39: 2, 63: 2, 60: 2, 5: 1, 47: 2, 25: 1, 59: 1, 6: 1, 20: 1, 13: 1, 71: 1, 2: 1, 0: 1, 52: 1, 62: 1, 64: 1, 37: 1, 21: 1, 46: 1, 43: 1}","[8613, 8938, 2407, 6608, 7272, 689, 3199, 2217, 4906, 139, 2161, 6514, 968, 954, 662, 6275, 3196, 9381, 5274, 2798, 7044, 9658, 7803, 5122, 9346, 3927, 6417, 7737, 9797, 9353, 4326, 9294, 719, 8875, 7089, 4587, 2078, 2951, 2223, 7293]",1967,40,1,False,10
2982,top up by card charge,apple,2,True,False,False,"{61: 1, 73: 2, 45: 1, 44: 2, 68: 2, 15: 2, 51: 1, 18: 1, 1: 1, 31: 2, 7: 1, 39: 2, 63: 2, 60: 2, 5: 1, 47: 2, 25: 1, 59: 1, 6: 1, 20: 1, 13: 1, 71: 1, 2: 1, 0: 1, 52: 1, 62: 1, 64: 1, 37: 1, 21: 1, 46: 1, 43: 1}","[8613, 8938, 2407, 6608, 7272, 689, 3199, 2217, 4906, 139, 2161, 6514, 968, 954, 662, 6275, 3196, 9381, 5274, 2798, 7044, 9658, 7803, 5122, 9346, 3927, 6417, 7737, 9797, 9353, 4326, 9294, 719, 8875, 7089, 4587, 2078, 2951, 2223, 7293]",2982,40,1,False,10
46,card linking,card linking,13,True,True,True,"{61: 1, 73: 2, 45: 1, 44: 2, 68: 2, 15: 2, 51: 1, 18: 1, 1: 1, 31: 2, 7: 1, 39: 2, 63: 2, 60: 2, 5: 1, 47: 2, 25: 1, 59: 1, 6: 1, 20: 1, 13: 1, 71: 1, 2: 1, 0: 1, 52: 1, 62: 1, 64: 1, 37: 1, 21: 1, 46: 1, 43: 1}","[8613, 8938, 2407, 6608, 7272, 689, 3199, 2217, 4906, 139, 2161, 6514, 968, 954, 662, 6275, 3196, 9381, 5274, 2798, 7044, 9658, 7803, 5122, 9346, 3927, 6417, 7737, 9797, 9353, 4326, 9294, 719, 8875, 7089, 4587, 2078, 2951, 2223, 7293]",46,40,1,False,10
2916,exchange charge,cash withdrawal charge,19,False,False,True,"{61: 1, 73: 2, 45: 1, 44: 2, 68: 2, 15: 2, 51: 1, 18: 1, 1: 1, 31: 2, 7: 1, 39: 2, 63: 2, 60: 2, 5: 1, 47: 2, 25: 1, 59: 1, 6: 1, 20: 1, 13: 1, 71: 1, 2: 1, 0: 1, 52: 1, 62: 1, 64: 1, 37: 1, 21: 1, 46: 1, 43: 1}","[8613, 8938, 2407, 6608, 7272, 689, 3199, 2217, 4906, 139, 2161, 6514, 968, 954, 662, 6275, 3196, 9381, 5274, 2798, 7044, 9658, 7803, 5122, 9346, 3927, 6417, 7737, 9797, 9353, 4326, 9294, 719, 8875, 7089, 4587, 2078, 2951, 2223, 7293]",2916,40,1,False,10
