,outputs,label_tokens,true_numeric_labels,true_label_present_in_prompt,correct,predicted_label_present_in_prompt,prompt_labels,prompt_example_indices,id,n_shots,run_number,unlimiformer,nspw
210,description,description,2,True,True,True,"{2: 91, 1: 95, 5: 64}","[3093, 1527, 2071, 1634, 2300, 2155, 1018, 1199, 840, 825, 2602, 2492, 2097, 2859, 748, 2839, 2023, 2087, 2123, 128, 3030, 75, 1355, 37, 2666, 2458, 2105, 3270, 40, 2020, 126, 1434, 438, 3244, 2714, 2318, 599, 952, 2377, 1597, 2072, 1984, 1644, 2290, 1936, 2259, 2032, 53, 111, 2590, 3037, 600, 3141, 1548, 2341, 1633, 1493, 2705, 373, 2658, 558, 818, 3075, 709, 551, 517, 2358, 2285, 2685, 1723, 3216, 1382, 2889, 2022, 1767, 2354, 2615, 1321, 391, 2963, 1468, 1869, 1850, 1020, 3086, 721, 3149, 2691, 1255, 139, 3252, 785, 1744, 849, 2338, 144, 921, 671, 1795, 1368, 2434, 2222, 3110, 2504, 282, 2901, 2012, 1881, 564, 2503, 3185, 2398, 3083, 519, 296, 533, 283, 2444, 1732, 2357, 3099, 914, 57, 273, 1221, 1848, 2365, 588, 2646, 3143, 488, 1128, 2418, 1271, 1431, 338, 2948, 554, 923, 2429, 1945, 1606, 761, 2446, 2140, 1076, 2156, 848, 2568, 15, 2091, 2390, 84, 2641, 90, 135, 1176, 3085, 2555, 1120, 2002, 2506, 195, 1437, 199, 1915, 2671, 2053, 2542, 1158, 2843, 258, 2981, 502, 2409, 2096, 2619, 1824, 593, 3298, 2133, 2596, 3163, 2349, 3127, 461, 1970, 795, 1294, 278, 984, 63, 1954, 494, 2775, 569, 2655, 2141, 971, 3043, 3056, 1737, 2395, 2159, 3165, 51, 648, 1077, 1950, 196, 2226, 836, 1999, 3155, 324, 3164, 1861, 358, 208, 2447, 1656, 2798, 3063, 3293, 364, 2863, 2518, 1764, 1854, 2743, 634, 1495, 1603, 957, 2456, 2773, 844, 3078, 2672, 2321, 2165, 3147, 2193, 1436, 2468, 1782, 1888, 2578, 236, 226]",210,250,4,False,250
73,numeric,numeric,5,True,True,True,"{2: 91, 1: 95, 5: 64}","[3093, 1527, 2071, 1634, 2300, 2155, 1018, 1199, 840, 825, 2602, 2492, 2097, 2859, 748, 2839, 2023, 2087, 2123, 128, 3030, 75, 1355, 37, 2666, 2458, 2105, 3270, 40, 2020, 126, 1434, 438, 3244, 2714, 2318, 599, 952, 2377, 1597, 2072, 1984, 1644, 2290, 1936, 2259, 2032, 53, 111, 2590, 3037, 600, 3141, 1548, 2341, 1633, 1493, 2705, 373, 2658, 558, 818, 3075, 709, 551, 517, 2358, 2285, 2685, 1723, 3216, 1382, 2889, 2022, 1767, 2354, 2615, 1321, 391, 2963, 1468, 1869, 1850, 1020, 3086, 721, 3149, 2691, 1255, 139, 3252, 785, 1744, 849, 2338, 144, 921, 671, 1795, 1368, 2434, 2222, 3110, 2504, 282, 2901, 2012, 1881, 564, 2503, 3185, 2398, 3083, 519, 296, 533, 283, 2444, 1732, 2357, 3099, 914, 57, 273, 1221, 1848, 2365, 588, 2646, 3143, 488, 1128, 2418, 1271, 1431, 338, 2948, 554, 923, 2429, 1945, 1606, 761, 2446, 2140, 1076, 2156, 848, 2568, 15, 2091, 2390, 84, 2641, 90, 135, 1176, 3085, 2555, 1120, 2002, 2506, 195, 1437, 199, 1915, 2671, 2053, 2542, 1158, 2843, 258, 2981, 502, 2409, 2096, 2619, 1824, 593, 3298, 2133, 2596, 3163, 2349, 3127, 461, 1970, 795, 1294, 278, 984, 63, 1954, 494, 2775, 569, 2655, 2141, 971, 3043, 3056, 1737, 2395, 2159, 3165, 51, 648, 1077, 1950, 196, 2226, 836, 1999, 3155, 324, 3164, 1861, 358, 208, 2447, 1656, 2798, 3063, 3293, 364, 2863, 2518, 1764, 1854, 2743, 634, 1495, 1603, 957, 2456, 2773, 844, 3078, 2672, 2321, 2165, 3147, 2193, 1436, 2468, 1782, 1888, 2578, 236, 226]",73,250,4,False,250
120,description,description,2,True,True,True,"{2: 91, 1: 95, 5: 64}","[3093, 1527, 2071, 1634, 2300, 2155, 1018, 1199, 840, 825, 2602, 2492, 2097, 2859, 748, 2839, 2023, 2087, 2123, 128, 3030, 75, 1355, 37, 2666, 2458, 2105, 3270, 40, 2020, 126, 1434, 438, 3244, 2714, 2318, 599, 952, 2377, 1597, 2072, 1984, 1644, 2290, 1936, 2259, 2032, 53, 111, 2590, 3037, 600, 3141, 1548, 2341, 1633, 1493, 2705, 373, 2658, 558, 818, 3075, 709, 551, 517, 2358, 2285, 2685, 1723, 3216, 1382, 2889, 2022, 1767, 2354, 2615, 1321, 391, 2963, 1468, 1869, 1850, 1020, 3086, 721, 3149, 2691, 1255, 139, 3252, 785, 1744, 849, 2338, 144, 921, 671, 1795, 1368, 2434, 2222, 3110, 2504, 282, 2901, 2012, 1881, 564, 2503, 3185, 2398, 3083, 519, 296, 533, 283, 2444, 1732, 2357, 3099, 914, 57, 273, 1221, 1848, 2365, 588, 2646, 3143, 488, 1128, 2418, 1271, 1431, 338, 2948, 554, 923, 2429, 1945, 1606, 761, 2446, 2140, 1076, 2156, 848, 2568, 15, 2091, 2390, 84, 2641, 90, 135, 1176, 3085, 2555, 1120, 2002, 2506, 195, 1437, 199, 1915, 2671, 2053, 2542, 1158, 2843, 258, 2981, 502, 2409, 2096, 2619, 1824, 593, 3298, 2133, 2596, 3163, 2349, 3127, 461, 1970, 795, 1294, 278, 984, 63, 1954, 494, 2775, 569, 2655, 2141, 971, 3043, 3056, 1737, 2395, 2159, 3165, 51, 648, 1077, 1950, 196, 2226, 836, 1999, 3155, 324, 3164, 1861, 358, 208, 2447, 1656, 2798, 3063, 3293, 364, 2863, 2518, 1764, 1854, 2743, 634, 1495, 1603, 957, 2456, 2773, 844, 3078, 2672, 2321, 2165, 3147, 2193, 1436, 2468, 1782, 1888, 2578, 236, 226]",120,250,4,False,250
151,numeric,numeric,5,True,True,True,"{2: 91, 1: 95, 5: 64}","[3093, 1527, 2071, 1634, 2300, 2155, 1018, 1199, 840, 825, 2602, 2492, 2097, 2859, 748, 2839, 2023, 2087, 2123, 128, 3030, 75, 1355, 37, 2666, 2458, 2105, 3270, 40, 2020, 126, 1434, 438, 3244, 2714, 2318, 599, 952, 2377, 1597, 2072, 1984, 1644, 2290, 1936, 2259, 2032, 53, 111, 2590, 3037, 600, 3141, 1548, 2341, 1633, 1493, 2705, 373, 2658, 558, 818, 3075, 709, 551, 517, 2358, 2285, 2685, 1723, 3216, 1382, 2889, 2022, 1767, 2354, 2615, 1321, 391, 2963, 1468, 1869, 1850, 1020, 3086, 721, 3149, 2691, 1255, 139, 3252, 785, 1744, 849, 2338, 144, 921, 671, 1795, 1368, 2434, 2222, 3110, 2504, 282, 2901, 2012, 1881, 564, 2503, 3185, 2398, 3083, 519, 296, 533, 283, 2444, 1732, 2357, 3099, 914, 57, 273, 1221, 1848, 2365, 588, 2646, 3143, 488, 1128, 2418, 1271, 1431, 338, 2948, 554, 923, 2429, 1945, 1606, 761, 2446, 2140, 1076, 2156, 848, 2568, 15, 2091, 2390, 84, 2641, 90, 135, 1176, 3085, 2555, 1120, 2002, 2506, 195, 1437, 199, 1915, 2671, 2053, 2542, 1158, 2843, 258, 2981, 502, 2409, 2096, 2619, 1824, 593, 3298, 2133, 2596, 3163, 2349, 3127, 461, 1970, 795, 1294, 278, 984, 63, 1954, 494, 2775, 569, 2655, 2141, 971, 3043, 3056, 1737, 2395, 2159, 3165, 51, 648, 1077, 1950, 196, 2226, 836, 1999, 3155, 324, 3164, 1861, 358, 208, 2447, 1656, 2798, 3063, 3293, 364, 2863, 2518, 1764, 1854, 2743, 634, 1495, 1603, 957, 2456, 2773, 844, 3078, 2672, 2321, 2165, 3147, 2193, 1436, 2468, 1782, 1888, 2578, 236, 226]",151,250,4,False,250
187,description,entity,1,True,False,True,"{2: 91, 1: 95, 5: 64}","[3093, 1527, 2071, 1634, 2300, 2155, 1018, 1199, 840, 825, 2602, 2492, 2097, 2859, 748, 2839, 2023, 2087, 2123, 128, 3030, 75, 1355, 37, 2666, 2458, 2105, 3270, 40, 2020, 126, 1434, 438, 3244, 2714, 2318, 599, 952, 2377, 1597, 2072, 1984, 1644, 2290, 1936, 2259, 2032, 53, 111, 2590, 3037, 600, 3141, 1548, 2341, 1633, 1493, 2705, 373, 2658, 558, 818, 3075, 709, 551, 517, 2358, 2285, 2685, 1723, 3216, 1382, 2889, 2022, 1767, 2354, 2615, 1321, 391, 2963, 1468, 1869, 1850, 1020, 3086, 721, 3149, 2691, 1255, 139, 3252, 785, 1744, 849, 2338, 144, 921, 671, 1795, 1368, 2434, 2222, 3110, 2504, 282, 2901, 2012, 1881, 564, 2503, 3185, 2398, 3083, 519, 296, 533, 283, 2444, 1732, 2357, 3099, 914, 57, 273, 1221, 1848, 2365, 588, 2646, 3143, 488, 1128, 2418, 1271, 1431, 338, 2948, 554, 923, 2429, 1945, 1606, 761, 2446, 2140, 1076, 2156, 848, 2568, 15, 2091, 2390, 84, 2641, 90, 135, 1176, 3085, 2555, 1120, 2002, 2506, 195, 1437, 199, 1915, 2671, 2053, 2542, 1158, 2843, 258, 2981, 502, 2409, 2096, 2619, 1824, 593, 3298, 2133, 2596, 3163, 2349, 3127, 461, 1970, 795, 1294, 278, 984, 63, 1954, 494, 2775, 569, 2655, 2141, 971, 3043, 3056, 1737, 2395, 2159, 3165, 51, 648, 1077, 1950, 196, 2226, 836, 1999, 3155, 324, 3164, 1861, 358, 208, 2447, 1656, 2798, 3063, 3293, 364, 2863, 2518, 1764, 1854, 2743, 634, 1495, 1603, 957, 2456, 2773, 844, 3078, 2672, 2321, 2165, 3147, 2193, 1436, 2468, 1782, 1888, 2578, 236, 226]",187,250,4,False,250
17,numeric,numeric,5,True,True,True,"{2: 91, 1: 95, 5: 64}","[3093, 1527, 2071, 1634, 2300, 2155, 1018, 1199, 840, 825, 2602, 2492, 2097, 2859, 748, 2839, 2023, 2087, 2123, 128, 3030, 75, 1355, 37, 2666, 2458, 2105, 3270, 40, 2020, 126, 1434, 438, 3244, 2714, 2318, 599, 952, 2377, 1597, 2072, 1984, 1644, 2290, 1936, 2259, 2032, 53, 111, 2590, 3037, 600, 3141, 1548, 2341, 1633, 1493, 2705, 373, 2658, 558, 818, 3075, 709, 551, 517, 2358, 2285, 2685, 1723, 3216, 1382, 2889, 2022, 1767, 2354, 2615, 1321, 391, 2963, 1468, 1869, 1850, 1020, 3086, 721, 3149, 2691, 1255, 139, 3252, 785, 1744, 849, 2338, 144, 921, 671, 1795, 1368, 2434, 2222, 3110, 2504, 282, 2901, 2012, 1881, 564, 2503, 3185, 2398, 3083, 519, 296, 533, 283, 2444, 1732, 2357, 3099, 914, 57, 273, 1221, 1848, 2365, 588, 2646, 3143, 488, 1128, 2418, 1271, 1431, 338, 2948, 554, 923, 2429, 1945, 1606, 761, 2446, 2140, 1076, 2156, 848, 2568, 15, 2091, 2390, 84, 2641, 90, 135, 1176, 3085, 2555, 1120, 2002, 2506, 195, 1437, 199, 1915, 2671, 2053, 2542, 1158, 2843, 258, 2981, 502, 2409, 2096, 2619, 1824, 593, 3298, 2133, 2596, 3163, 2349, 3127, 461, 1970, 795, 1294, 278, 984, 63, 1954, 494, 2775, 569, 2655, 2141, 971, 3043, 3056, 1737, 2395, 2159, 3165, 51, 648, 1077, 1950, 196, 2226, 836, 1999, 3155, 324, 3164, 1861, 358, 208, 2447, 1656, 2798, 3063, 3293, 364, 2863, 2518, 1764, 1854, 2743, 634, 1495, 1603, 957, 2456, 2773, 844, 3078, 2672, 2321, 2165, 3147, 2193, 1436, 2468, 1782, 1888, 2578, 236, 226]",17,250,4,False,250
127,entity,entity,1,True,True,True,"{2: 91, 1: 95, 5: 64}","[3093, 1527, 2071, 1634, 2300, 2155, 1018, 1199, 840, 825, 2602, 2492, 2097, 2859, 748, 2839, 2023, 2087, 2123, 128, 3030, 75, 1355, 37, 2666, 2458, 2105, 3270, 40, 2020, 126, 1434, 438, 3244, 2714, 2318, 599, 952, 2377, 1597, 2072, 1984, 1644, 2290, 1936, 2259, 2032, 53, 111, 2590, 3037, 600, 3141, 1548, 2341, 1633, 1493, 2705, 373, 2658, 558, 818, 3075, 709, 551, 517, 2358, 2285, 2685, 1723, 3216, 1382, 2889, 2022, 1767, 2354, 2615, 1321, 391, 2963, 1468, 1869, 1850, 1020, 3086, 721, 3149, 2691, 1255, 139, 3252, 785, 1744, 849, 2338, 144, 921, 671, 1795, 1368, 2434, 2222, 3110, 2504, 282, 2901, 2012, 1881, 564, 2503, 3185, 2398, 3083, 519, 296, 533, 283, 2444, 1732, 2357, 3099, 914, 57, 273, 1221, 1848, 2365, 588, 2646, 3143, 488, 1128, 2418, 1271, 1431, 338, 2948, 554, 923, 2429, 1945, 1606, 761, 2446, 2140, 1076, 2156, 848, 2568, 15, 2091, 2390, 84, 2641, 90, 135, 1176, 3085, 2555, 1120, 2002, 2506, 195, 1437, 199, 1915, 2671, 2053, 2542, 1158, 2843, 258, 2981, 502, 2409, 2096, 2619, 1824, 593, 3298, 2133, 2596, 3163, 2349, 3127, 461, 1970, 795, 1294, 278, 984, 63, 1954, 494, 2775, 569, 2655, 2141, 971, 3043, 3056, 1737, 2395, 2159, 3165, 51, 648, 1077, 1950, 196, 2226, 836, 1999, 3155, 324, 3164, 1861, 358, 208, 2447, 1656, 2798, 3063, 3293, 364, 2863, 2518, 1764, 1854, 2743, 634, 1495, 1603, 957, 2456, 2773, 844, 3078, 2672, 2321, 2165, 3147, 2193, 1436, 2468, 1782, 1888, 2578, 236, 226]",127,250,4,False,250
79,numeric,numeric,5,True,True,True,"{2: 91, 1: 95, 5: 64}","[3093, 1527, 2071, 1634, 2300, 2155, 1018, 1199, 840, 825, 2602, 2492, 2097, 2859, 748, 2839, 2023, 2087, 2123, 128, 3030, 75, 1355, 37, 2666, 2458, 2105, 3270, 40, 2020, 126, 1434, 438, 3244, 2714, 2318, 599, 952, 2377, 1597, 2072, 1984, 1644, 2290, 1936, 2259, 2032, 53, 111, 2590, 3037, 600, 3141, 1548, 2341, 1633, 1493, 2705, 373, 2658, 558, 818, 3075, 709, 551, 517, 2358, 2285, 2685, 1723, 3216, 1382, 2889, 2022, 1767, 2354, 2615, 1321, 391, 2963, 1468, 1869, 1850, 1020, 3086, 721, 3149, 2691, 1255, 139, 3252, 785, 1744, 849, 2338, 144, 921, 671, 1795, 1368, 2434, 2222, 3110, 2504, 282, 2901, 2012, 1881, 564, 2503, 3185, 2398, 3083, 519, 296, 533, 283, 2444, 1732, 2357, 3099, 914, 57, 273, 1221, 1848, 2365, 588, 2646, 3143, 488, 1128, 2418, 1271, 1431, 338, 2948, 554, 923, 2429, 1945, 1606, 761, 2446, 2140, 1076, 2156, 848, 2568, 15, 2091, 2390, 84, 2641, 90, 135, 1176, 3085, 2555, 1120, 2002, 2506, 195, 1437, 199, 1915, 2671, 2053, 2542, 1158, 2843, 258, 2981, 502, 2409, 2096, 2619, 1824, 593, 3298, 2133, 2596, 3163, 2349, 3127, 461, 1970, 795, 1294, 278, 984, 63, 1954, 494, 2775, 569, 2655, 2141, 971, 3043, 3056, 1737, 2395, 2159, 3165, 51, 648, 1077, 1950, 196, 2226, 836, 1999, 3155, 324, 3164, 1861, 358, 208, 2447, 1656, 2798, 3063, 3293, 364, 2863, 2518, 1764, 1854, 2743, 634, 1495, 1603, 957, 2456, 2773, 844, 3078, 2672, 2321, 2165, 3147, 2193, 1436, 2468, 1782, 1888, 2578, 236, 226]",79,250,4,False,250
312,description,description,2,True,True,True,"{2: 91, 1: 95, 5: 64}","[3093, 1527, 2071, 1634, 2300, 2155, 1018, 1199, 840, 825, 2602, 2492, 2097, 2859, 748, 2839, 2023, 2087, 2123, 128, 3030, 75, 1355, 37, 2666, 2458, 2105, 3270, 40, 2020, 126, 1434, 438, 3244, 2714, 2318, 599, 952, 2377, 1597, 2072, 1984, 1644, 2290, 1936, 2259, 2032, 53, 111, 2590, 3037, 600, 3141, 1548, 2341, 1633, 1493, 2705, 373, 2658, 558, 818, 3075, 709, 551, 517, 2358, 2285, 2685, 1723, 3216, 1382, 2889, 2022, 1767, 2354, 2615, 1321, 391, 2963, 1468, 1869, 1850, 1020, 3086, 721, 3149, 2691, 1255, 139, 3252, 785, 1744, 849, 2338, 144, 921, 671, 1795, 1368, 2434, 2222, 3110, 2504, 282, 2901, 2012, 1881, 564, 2503, 3185, 2398, 3083, 519, 296, 533, 283, 2444, 1732, 2357, 3099, 914, 57, 273, 1221, 1848, 2365, 588, 2646, 3143, 488, 1128, 2418, 1271, 1431, 338, 2948, 554, 923, 2429, 1945, 1606, 761, 2446, 2140, 1076, 2156, 848, 2568, 15, 2091, 2390, 84, 2641, 90, 135, 1176, 3085, 2555, 1120, 2002, 2506, 195, 1437, 199, 1915, 2671, 2053, 2542, 1158, 2843, 258, 2981, 502, 2409, 2096, 2619, 1824, 593, 3298, 2133, 2596, 3163, 2349, 3127, 461, 1970, 795, 1294, 278, 984, 63, 1954, 494, 2775, 569, 2655, 2141, 971, 3043, 3056, 1737, 2395, 2159, 3165, 51, 648, 1077, 1950, 196, 2226, 836, 1999, 3155, 324, 3164, 1861, 358, 208, 2447, 1656, 2798, 3063, 3293, 364, 2863, 2518, 1764, 1854, 2743, 634, 1495, 1603, 957, 2456, 2773, 844, 3078, 2672, 2321, 2165, 3147, 2193, 1436, 2468, 1782, 1888, 2578, 236, 226]",312,250,4,False,250
15,description,description,2,True,True,True,"{2: 91, 1: 95, 5: 64}","[3093, 1527, 2071, 1634, 2300, 2155, 1018, 1199, 840, 825, 2602, 2492, 2097, 2859, 748, 2839, 2023, 2087, 2123, 128, 3030, 75, 1355, 37, 2666, 2458, 2105, 3270, 40, 2020, 126, 1434, 438, 3244, 2714, 2318, 599, 952, 2377, 1597, 2072, 1984, 1644, 2290, 1936, 2259, 2032, 53, 111, 2590, 3037, 600, 3141, 1548, 2341, 1633, 1493, 2705, 373, 2658, 558, 818, 3075, 709, 551, 517, 2358, 2285, 2685, 1723, 3216, 1382, 2889, 2022, 1767, 2354, 2615, 1321, 391, 2963, 1468, 1869, 1850, 1020, 3086, 721, 3149, 2691, 1255, 139, 3252, 785, 1744, 849, 2338, 144, 921, 671, 1795, 1368, 2434, 2222, 3110, 2504, 282, 2901, 2012, 1881, 564, 2503, 3185, 2398, 3083, 519, 296, 533, 283, 2444, 1732, 2357, 3099, 914, 57, 273, 1221, 1848, 2365, 588, 2646, 3143, 488, 1128, 2418, 1271, 1431, 338, 2948, 554, 923, 2429, 1945, 1606, 761, 2446, 2140, 1076, 2156, 848, 2568, 15, 2091, 2390, 84, 2641, 90, 135, 1176, 3085, 2555, 1120, 2002, 2506, 195, 1437, 199, 1915, 2671, 2053, 2542, 1158, 2843, 258, 2981, 502, 2409, 2096, 2619, 1824, 593, 3298, 2133, 2596, 3163, 2349, 3127, 461, 1970, 795, 1294, 278, 984, 63, 1954, 494, 2775, 569, 2655, 2141, 971, 3043, 3056, 1737, 2395, 2159, 3165, 51, 648, 1077, 1950, 196, 2226, 836, 1999, 3155, 324, 3164, 1861, 358, 208, 2447, 1656, 2798, 3063, 3293, 364, 2863, 2518, 1764, 1854, 2743, 634, 1495, 1603, 957, 2456, 2773, 844, 3078, 2672, 2321, 2165, 3147, 2193, 1436, 2468, 1782, 1888, 2578, 236, 226]",15,250,4,False,250
55,description,description,2,True,True,True,"{2: 91, 1: 95, 5: 64}","[3093, 1527, 2071, 1634, 2300, 2155, 1018, 1199, 840, 825, 2602, 2492, 2097, 2859, 748, 2839, 2023, 2087, 2123, 128, 3030, 75, 1355, 37, 2666, 2458, 2105, 3270, 40, 2020, 126, 1434, 438, 3244, 2714, 2318, 599, 952, 2377, 1597, 2072, 1984, 1644, 2290, 1936, 2259, 2032, 53, 111, 2590, 3037, 600, 3141, 1548, 2341, 1633, 1493, 2705, 373, 2658, 558, 818, 3075, 709, 551, 517, 2358, 2285, 2685, 1723, 3216, 1382, 2889, 2022, 1767, 2354, 2615, 1321, 391, 2963, 1468, 1869, 1850, 1020, 3086, 721, 3149, 2691, 1255, 139, 3252, 785, 1744, 849, 2338, 144, 921, 671, 1795, 1368, 2434, 2222, 3110, 2504, 282, 2901, 2012, 1881, 564, 2503, 3185, 2398, 3083, 519, 296, 533, 283, 2444, 1732, 2357, 3099, 914, 57, 273, 1221, 1848, 2365, 588, 2646, 3143, 488, 1128, 2418, 1271, 1431, 338, 2948, 554, 923, 2429, 1945, 1606, 761, 2446, 2140, 1076, 2156, 848, 2568, 15, 2091, 2390, 84, 2641, 90, 135, 1176, 3085, 2555, 1120, 2002, 2506, 195, 1437, 199, 1915, 2671, 2053, 2542, 1158, 2843, 258, 2981, 502, 2409, 2096, 2619, 1824, 593, 3298, 2133, 2596, 3163, 2349, 3127, 461, 1970, 795, 1294, 278, 984, 63, 1954, 494, 2775, 569, 2655, 2141, 971, 3043, 3056, 1737, 2395, 2159, 3165, 51, 648, 1077, 1950, 196, 2226, 836, 1999, 3155, 324, 3164, 1861, 358, 208, 2447, 1656, 2798, 3063, 3293, 364, 2863, 2518, 1764, 1854, 2743, 634, 1495, 1603, 957, 2456, 2773, 844, 3078, 2672, 2321, 2165, 3147, 2193, 1436, 2468, 1782, 1888, 2578, 236, 226]",55,250,4,False,250
45,numeric,numeric,5,True,True,True,"{2: 91, 1: 95, 5: 64}","[3093, 1527, 2071, 1634, 2300, 2155, 1018, 1199, 840, 825, 2602, 2492, 2097, 2859, 748, 2839, 2023, 2087, 2123, 128, 3030, 75, 1355, 37, 2666, 2458, 2105, 3270, 40, 2020, 126, 1434, 438, 3244, 2714, 2318, 599, 952, 2377, 1597, 2072, 1984, 1644, 2290, 1936, 2259, 2032, 53, 111, 2590, 3037, 600, 3141, 1548, 2341, 1633, 1493, 2705, 373, 2658, 558, 818, 3075, 709, 551, 517, 2358, 2285, 2685, 1723, 3216, 1382, 2889, 2022, 1767, 2354, 2615, 1321, 391, 2963, 1468, 1869, 1850, 1020, 3086, 721, 3149, 2691, 1255, 139, 3252, 785, 1744, 849, 2338, 144, 921, 671, 1795, 1368, 2434, 2222, 3110, 2504, 282, 2901, 2012, 1881, 564, 2503, 3185, 2398, 3083, 519, 296, 533, 283, 2444, 1732, 2357, 3099, 914, 57, 273, 1221, 1848, 2365, 588, 2646, 3143, 488, 1128, 2418, 1271, 1431, 338, 2948, 554, 923, 2429, 1945, 1606, 761, 2446, 2140, 1076, 2156, 848, 2568, 15, 2091, 2390, 84, 2641, 90, 135, 1176, 3085, 2555, 1120, 2002, 2506, 195, 1437, 199, 1915, 2671, 2053, 2542, 1158, 2843, 258, 2981, 502, 2409, 2096, 2619, 1824, 593, 3298, 2133, 2596, 3163, 2349, 3127, 461, 1970, 795, 1294, 278, 984, 63, 1954, 494, 2775, 569, 2655, 2141, 971, 3043, 3056, 1737, 2395, 2159, 3165, 51, 648, 1077, 1950, 196, 2226, 836, 1999, 3155, 324, 3164, 1861, 358, 208, 2447, 1656, 2798, 3063, 3293, 364, 2863, 2518, 1764, 1854, 2743, 634, 1495, 1603, 957, 2456, 2773, 844, 3078, 2672, 2321, 2165, 3147, 2193, 1436, 2468, 1782, 1888, 2578, 236, 226]",45,250,4,False,250
103,description,description,2,True,True,True,"{2: 91, 1: 95, 5: 64}","[3093, 1527, 2071, 1634, 2300, 2155, 1018, 1199, 840, 825, 2602, 2492, 2097, 2859, 748, 2839, 2023, 2087, 2123, 128, 3030, 75, 1355, 37, 2666, 2458, 2105, 3270, 40, 2020, 126, 1434, 438, 3244, 2714, 2318, 599, 952, 2377, 1597, 2072, 1984, 1644, 2290, 1936, 2259, 2032, 53, 111, 2590, 3037, 600, 3141, 1548, 2341, 1633, 1493, 2705, 373, 2658, 558, 818, 3075, 709, 551, 517, 2358, 2285, 2685, 1723, 3216, 1382, 2889, 2022, 1767, 2354, 2615, 1321, 391, 2963, 1468, 1869, 1850, 1020, 3086, 721, 3149, 2691, 1255, 139, 3252, 785, 1744, 849, 2338, 144, 921, 671, 1795, 1368, 2434, 2222, 3110, 2504, 282, 2901, 2012, 1881, 564, 2503, 3185, 2398, 3083, 519, 296, 533, 283, 2444, 1732, 2357, 3099, 914, 57, 273, 1221, 1848, 2365, 588, 2646, 3143, 488, 1128, 2418, 1271, 1431, 338, 2948, 554, 923, 2429, 1945, 1606, 761, 2446, 2140, 1076, 2156, 848, 2568, 15, 2091, 2390, 84, 2641, 90, 135, 1176, 3085, 2555, 1120, 2002, 2506, 195, 1437, 199, 1915, 2671, 2053, 2542, 1158, 2843, 258, 2981, 502, 2409, 2096, 2619, 1824, 593, 3298, 2133, 2596, 3163, 2349, 3127, 461, 1970, 795, 1294, 278, 984, 63, 1954, 494, 2775, 569, 2655, 2141, 971, 3043, 3056, 1737, 2395, 2159, 3165, 51, 648, 1077, 1950, 196, 2226, 836, 1999, 3155, 324, 3164, 1861, 358, 208, 2447, 1656, 2798, 3063, 3293, 364, 2863, 2518, 1764, 1854, 2743, 634, 1495, 1603, 957, 2456, 2773, 844, 3078, 2672, 2321, 2165, 3147, 2193, 1436, 2468, 1782, 1888, 2578, 236, 226]",103,250,4,False,250
75,numeric,numeric,5,True,True,True,"{2: 91, 1: 95, 5: 64}","[3093, 1527, 2071, 1634, 2300, 2155, 1018, 1199, 840, 825, 2602, 2492, 2097, 2859, 748, 2839, 2023, 2087, 2123, 128, 3030, 75, 1355, 37, 2666, 2458, 2105, 3270, 40, 2020, 126, 1434, 438, 3244, 2714, 2318, 599, 952, 2377, 1597, 2072, 1984, 1644, 2290, 1936, 2259, 2032, 53, 111, 2590, 3037, 600, 3141, 1548, 2341, 1633, 1493, 2705, 373, 2658, 558, 818, 3075, 709, 551, 517, 2358, 2285, 2685, 1723, 3216, 1382, 2889, 2022, 1767, 2354, 2615, 1321, 391, 2963, 1468, 1869, 1850, 1020, 3086, 721, 3149, 2691, 1255, 139, 3252, 785, 1744, 849, 2338, 144, 921, 671, 1795, 1368, 2434, 2222, 3110, 2504, 282, 2901, 2012, 1881, 564, 2503, 3185, 2398, 3083, 519, 296, 533, 283, 2444, 1732, 2357, 3099, 914, 57, 273, 1221, 1848, 2365, 588, 2646, 3143, 488, 1128, 2418, 1271, 1431, 338, 2948, 554, 923, 2429, 1945, 1606, 761, 2446, 2140, 1076, 2156, 848, 2568, 15, 2091, 2390, 84, 2641, 90, 135, 1176, 3085, 2555, 1120, 2002, 2506, 195, 1437, 199, 1915, 2671, 2053, 2542, 1158, 2843, 258, 2981, 502, 2409, 2096, 2619, 1824, 593, 3298, 2133, 2596, 3163, 2349, 3127, 461, 1970, 795, 1294, 278, 984, 63, 1954, 494, 2775, 569, 2655, 2141, 971, 3043, 3056, 1737, 2395, 2159, 3165, 51, 648, 1077, 1950, 196, 2226, 836, 1999, 3155, 324, 3164, 1861, 358, 208, 2447, 1656, 2798, 3063, 3293, 364, 2863, 2518, 1764, 1854, 2743, 634, 1495, 1603, 957, 2456, 2773, 844, 3078, 2672, 2321, 2165, 3147, 2193, 1436, 2468, 1782, 1888, 2578, 236, 226]",75,250,4,False,250
167,description,entity,1,True,False,True,"{2: 91, 1: 95, 5: 64}","[3093, 1527, 2071, 1634, 2300, 2155, 1018, 1199, 840, 825, 2602, 2492, 2097, 2859, 748, 2839, 2023, 2087, 2123, 128, 3030, 75, 1355, 37, 2666, 2458, 2105, 3270, 40, 2020, 126, 1434, 438, 3244, 2714, 2318, 599, 952, 2377, 1597, 2072, 1984, 1644, 2290, 1936, 2259, 2032, 53, 111, 2590, 3037, 600, 3141, 1548, 2341, 1633, 1493, 2705, 373, 2658, 558, 818, 3075, 709, 551, 517, 2358, 2285, 2685, 1723, 3216, 1382, 2889, 2022, 1767, 2354, 2615, 1321, 391, 2963, 1468, 1869, 1850, 1020, 3086, 721, 3149, 2691, 1255, 139, 3252, 785, 1744, 849, 2338, 144, 921, 671, 1795, 1368, 2434, 2222, 3110, 2504, 282, 2901, 2012, 1881, 564, 2503, 3185, 2398, 3083, 519, 296, 533, 283, 2444, 1732, 2357, 3099, 914, 57, 273, 1221, 1848, 2365, 588, 2646, 3143, 488, 1128, 2418, 1271, 1431, 338, 2948, 554, 923, 2429, 1945, 1606, 761, 2446, 2140, 1076, 2156, 848, 2568, 15, 2091, 2390, 84, 2641, 90, 135, 1176, 3085, 2555, 1120, 2002, 2506, 195, 1437, 199, 1915, 2671, 2053, 2542, 1158, 2843, 258, 2981, 502, 2409, 2096, 2619, 1824, 593, 3298, 2133, 2596, 3163, 2349, 3127, 461, 1970, 795, 1294, 278, 984, 63, 1954, 494, 2775, 569, 2655, 2141, 971, 3043, 3056, 1737, 2395, 2159, 3165, 51, 648, 1077, 1950, 196, 2226, 836, 1999, 3155, 324, 3164, 1861, 358, 208, 2447, 1656, 2798, 3063, 3293, 364, 2863, 2518, 1764, 1854, 2743, 634, 1495, 1603, 957, 2456, 2773, 844, 3078, 2672, 2321, 2165, 3147, 2193, 1436, 2468, 1782, 1888, 2578, 236, 226]",167,250,4,False,250
243,description,description,2,True,True,True,"{2: 91, 1: 95, 5: 64}","[3093, 1527, 2071, 1634, 2300, 2155, 1018, 1199, 840, 825, 2602, 2492, 2097, 2859, 748, 2839, 2023, 2087, 2123, 128, 3030, 75, 1355, 37, 2666, 2458, 2105, 3270, 40, 2020, 126, 1434, 438, 3244, 2714, 2318, 599, 952, 2377, 1597, 2072, 1984, 1644, 2290, 1936, 2259, 2032, 53, 111, 2590, 3037, 600, 3141, 1548, 2341, 1633, 1493, 2705, 373, 2658, 558, 818, 3075, 709, 551, 517, 2358, 2285, 2685, 1723, 3216, 1382, 2889, 2022, 1767, 2354, 2615, 1321, 391, 2963, 1468, 1869, 1850, 1020, 3086, 721, 3149, 2691, 1255, 139, 3252, 785, 1744, 849, 2338, 144, 921, 671, 1795, 1368, 2434, 2222, 3110, 2504, 282, 2901, 2012, 1881, 564, 2503, 3185, 2398, 3083, 519, 296, 533, 283, 2444, 1732, 2357, 3099, 914, 57, 273, 1221, 1848, 2365, 588, 2646, 3143, 488, 1128, 2418, 1271, 1431, 338, 2948, 554, 923, 2429, 1945, 1606, 761, 2446, 2140, 1076, 2156, 848, 2568, 15, 2091, 2390, 84, 2641, 90, 135, 1176, 3085, 2555, 1120, 2002, 2506, 195, 1437, 199, 1915, 2671, 2053, 2542, 1158, 2843, 258, 2981, 502, 2409, 2096, 2619, 1824, 593, 3298, 2133, 2596, 3163, 2349, 3127, 461, 1970, 795, 1294, 278, 984, 63, 1954, 494, 2775, 569, 2655, 2141, 971, 3043, 3056, 1737, 2395, 2159, 3165, 51, 648, 1077, 1950, 196, 2226, 836, 1999, 3155, 324, 3164, 1861, 358, 208, 2447, 1656, 2798, 3063, 3293, 364, 2863, 2518, 1764, 1854, 2743, 634, 1495, 1603, 957, 2456, 2773, 844, 3078, 2672, 2321, 2165, 3147, 2193, 1436, 2468, 1782, 1888, 2578, 236, 226]",243,250,4,False,250
311,entity,entity,1,True,True,True,"{2: 91, 1: 95, 5: 64}","[3093, 1527, 2071, 1634, 2300, 2155, 1018, 1199, 840, 825, 2602, 2492, 2097, 2859, 748, 2839, 2023, 2087, 2123, 128, 3030, 75, 1355, 37, 2666, 2458, 2105, 3270, 40, 2020, 126, 1434, 438, 3244, 2714, 2318, 599, 952, 2377, 1597, 2072, 1984, 1644, 2290, 1936, 2259, 2032, 53, 111, 2590, 3037, 600, 3141, 1548, 2341, 1633, 1493, 2705, 373, 2658, 558, 818, 3075, 709, 551, 517, 2358, 2285, 2685, 1723, 3216, 1382, 2889, 2022, 1767, 2354, 2615, 1321, 391, 2963, 1468, 1869, 1850, 1020, 3086, 721, 3149, 2691, 1255, 139, 3252, 785, 1744, 849, 2338, 144, 921, 671, 1795, 1368, 2434, 2222, 3110, 2504, 282, 2901, 2012, 1881, 564, 2503, 3185, 2398, 3083, 519, 296, 533, 283, 2444, 1732, 2357, 3099, 914, 57, 273, 1221, 1848, 2365, 588, 2646, 3143, 488, 1128, 2418, 1271, 1431, 338, 2948, 554, 923, 2429, 1945, 1606, 761, 2446, 2140, 1076, 2156, 848, 2568, 15, 2091, 2390, 84, 2641, 90, 135, 1176, 3085, 2555, 1120, 2002, 2506, 195, 1437, 199, 1915, 2671, 2053, 2542, 1158, 2843, 258, 2981, 502, 2409, 2096, 2619, 1824, 593, 3298, 2133, 2596, 3163, 2349, 3127, 461, 1970, 795, 1294, 278, 984, 63, 1954, 494, 2775, 569, 2655, 2141, 971, 3043, 3056, 1737, 2395, 2159, 3165, 51, 648, 1077, 1950, 196, 2226, 836, 1999, 3155, 324, 3164, 1861, 358, 208, 2447, 1656, 2798, 3063, 3293, 364, 2863, 2518, 1764, 1854, 2743, 634, 1495, 1603, 957, 2456, 2773, 844, 3078, 2672, 2321, 2165, 3147, 2193, 1436, 2468, 1782, 1888, 2578, 236, 226]",311,250,4,False,250
257,description,description,2,True,True,True,"{2: 91, 1: 95, 5: 64}","[3093, 1527, 2071, 1634, 2300, 2155, 1018, 1199, 840, 825, 2602, 2492, 2097, 2859, 748, 2839, 2023, 2087, 2123, 128, 3030, 75, 1355, 37, 2666, 2458, 2105, 3270, 40, 2020, 126, 1434, 438, 3244, 2714, 2318, 599, 952, 2377, 1597, 2072, 1984, 1644, 2290, 1936, 2259, 2032, 53, 111, 2590, 3037, 600, 3141, 1548, 2341, 1633, 1493, 2705, 373, 2658, 558, 818, 3075, 709, 551, 517, 2358, 2285, 2685, 1723, 3216, 1382, 2889, 2022, 1767, 2354, 2615, 1321, 391, 2963, 1468, 1869, 1850, 1020, 3086, 721, 3149, 2691, 1255, 139, 3252, 785, 1744, 849, 2338, 144, 921, 671, 1795, 1368, 2434, 2222, 3110, 2504, 282, 2901, 2012, 1881, 564, 2503, 3185, 2398, 3083, 519, 296, 533, 283, 2444, 1732, 2357, 3099, 914, 57, 273, 1221, 1848, 2365, 588, 2646, 3143, 488, 1128, 2418, 1271, 1431, 338, 2948, 554, 923, 2429, 1945, 1606, 761, 2446, 2140, 1076, 2156, 848, 2568, 15, 2091, 2390, 84, 2641, 90, 135, 1176, 3085, 2555, 1120, 2002, 2506, 195, 1437, 199, 1915, 2671, 2053, 2542, 1158, 2843, 258, 2981, 502, 2409, 2096, 2619, 1824, 593, 3298, 2133, 2596, 3163, 2349, 3127, 461, 1970, 795, 1294, 278, 984, 63, 1954, 494, 2775, 569, 2655, 2141, 971, 3043, 3056, 1737, 2395, 2159, 3165, 51, 648, 1077, 1950, 196, 2226, 836, 1999, 3155, 324, 3164, 1861, 358, 208, 2447, 1656, 2798, 3063, 3293, 364, 2863, 2518, 1764, 1854, 2743, 634, 1495, 1603, 957, 2456, 2773, 844, 3078, 2672, 2321, 2165, 3147, 2193, 1436, 2468, 1782, 1888, 2578, 236, 226]",257,250,4,False,250
114,numeric,numeric,5,True,True,True,"{2: 91, 1: 95, 5: 64}","[3093, 1527, 2071, 1634, 2300, 2155, 1018, 1199, 840, 825, 2602, 2492, 2097, 2859, 748, 2839, 2023, 2087, 2123, 128, 3030, 75, 1355, 37, 2666, 2458, 2105, 3270, 40, 2020, 126, 1434, 438, 3244, 2714, 2318, 599, 952, 2377, 1597, 2072, 1984, 1644, 2290, 1936, 2259, 2032, 53, 111, 2590, 3037, 600, 3141, 1548, 2341, 1633, 1493, 2705, 373, 2658, 558, 818, 3075, 709, 551, 517, 2358, 2285, 2685, 1723, 3216, 1382, 2889, 2022, 1767, 2354, 2615, 1321, 391, 2963, 1468, 1869, 1850, 1020, 3086, 721, 3149, 2691, 1255, 139, 3252, 785, 1744, 849, 2338, 144, 921, 671, 1795, 1368, 2434, 2222, 3110, 2504, 282, 2901, 2012, 1881, 564, 2503, 3185, 2398, 3083, 519, 296, 533, 283, 2444, 1732, 2357, 3099, 914, 57, 273, 1221, 1848, 2365, 588, 2646, 3143, 488, 1128, 2418, 1271, 1431, 338, 2948, 554, 923, 2429, 1945, 1606, 761, 2446, 2140, 1076, 2156, 848, 2568, 15, 2091, 2390, 84, 2641, 90, 135, 1176, 3085, 2555, 1120, 2002, 2506, 195, 1437, 199, 1915, 2671, 2053, 2542, 1158, 2843, 258, 2981, 502, 2409, 2096, 2619, 1824, 593, 3298, 2133, 2596, 3163, 2349, 3127, 461, 1970, 795, 1294, 278, 984, 63, 1954, 494, 2775, 569, 2655, 2141, 971, 3043, 3056, 1737, 2395, 2159, 3165, 51, 648, 1077, 1950, 196, 2226, 836, 1999, 3155, 324, 3164, 1861, 358, 208, 2447, 1656, 2798, 3063, 3293, 364, 2863, 2518, 1764, 1854, 2743, 634, 1495, 1603, 957, 2456, 2773, 844, 3078, 2672, 2321, 2165, 3147, 2193, 1436, 2468, 1782, 1888, 2578, 236, 226]",114,250,4,False,250
142,numeric,numeric,5,True,True,True,"{2: 91, 1: 95, 5: 64}","[3093, 1527, 2071, 1634, 2300, 2155, 1018, 1199, 840, 825, 2602, 2492, 2097, 2859, 748, 2839, 2023, 2087, 2123, 128, 3030, 75, 1355, 37, 2666, 2458, 2105, 3270, 40, 2020, 126, 1434, 438, 3244, 2714, 2318, 599, 952, 2377, 1597, 2072, 1984, 1644, 2290, 1936, 2259, 2032, 53, 111, 2590, 3037, 600, 3141, 1548, 2341, 1633, 1493, 2705, 373, 2658, 558, 818, 3075, 709, 551, 517, 2358, 2285, 2685, 1723, 3216, 1382, 2889, 2022, 1767, 2354, 2615, 1321, 391, 2963, 1468, 1869, 1850, 1020, 3086, 721, 3149, 2691, 1255, 139, 3252, 785, 1744, 849, 2338, 144, 921, 671, 1795, 1368, 2434, 2222, 3110, 2504, 282, 2901, 2012, 1881, 564, 2503, 3185, 2398, 3083, 519, 296, 533, 283, 2444, 1732, 2357, 3099, 914, 57, 273, 1221, 1848, 2365, 588, 2646, 3143, 488, 1128, 2418, 1271, 1431, 338, 2948, 554, 923, 2429, 1945, 1606, 761, 2446, 2140, 1076, 2156, 848, 2568, 15, 2091, 2390, 84, 2641, 90, 135, 1176, 3085, 2555, 1120, 2002, 2506, 195, 1437, 199, 1915, 2671, 2053, 2542, 1158, 2843, 258, 2981, 502, 2409, 2096, 2619, 1824, 593, 3298, 2133, 2596, 3163, 2349, 3127, 461, 1970, 795, 1294, 278, 984, 63, 1954, 494, 2775, 569, 2655, 2141, 971, 3043, 3056, 1737, 2395, 2159, 3165, 51, 648, 1077, 1950, 196, 2226, 836, 1999, 3155, 324, 3164, 1861, 358, 208, 2447, 1656, 2798, 3063, 3293, 364, 2863, 2518, 1764, 1854, 2743, 634, 1495, 1603, 957, 2456, 2773, 844, 3078, 2672, 2321, 2165, 3147, 2193, 1436, 2468, 1782, 1888, 2578, 236, 226]",142,250,4,False,250
336,description,description,2,True,True,True,"{2: 91, 1: 95, 5: 64}","[3093, 1527, 2071, 1634, 2300, 2155, 1018, 1199, 840, 825, 2602, 2492, 2097, 2859, 748, 2839, 2023, 2087, 2123, 128, 3030, 75, 1355, 37, 2666, 2458, 2105, 3270, 40, 2020, 126, 1434, 438, 3244, 2714, 2318, 599, 952, 2377, 1597, 2072, 1984, 1644, 2290, 1936, 2259, 2032, 53, 111, 2590, 3037, 600, 3141, 1548, 2341, 1633, 1493, 2705, 373, 2658, 558, 818, 3075, 709, 551, 517, 2358, 2285, 2685, 1723, 3216, 1382, 2889, 2022, 1767, 2354, 2615, 1321, 391, 2963, 1468, 1869, 1850, 1020, 3086, 721, 3149, 2691, 1255, 139, 3252, 785, 1744, 849, 2338, 144, 921, 671, 1795, 1368, 2434, 2222, 3110, 2504, 282, 2901, 2012, 1881, 564, 2503, 3185, 2398, 3083, 519, 296, 533, 283, 2444, 1732, 2357, 3099, 914, 57, 273, 1221, 1848, 2365, 588, 2646, 3143, 488, 1128, 2418, 1271, 1431, 338, 2948, 554, 923, 2429, 1945, 1606, 761, 2446, 2140, 1076, 2156, 848, 2568, 15, 2091, 2390, 84, 2641, 90, 135, 1176, 3085, 2555, 1120, 2002, 2506, 195, 1437, 199, 1915, 2671, 2053, 2542, 1158, 2843, 258, 2981, 502, 2409, 2096, 2619, 1824, 593, 3298, 2133, 2596, 3163, 2349, 3127, 461, 1970, 795, 1294, 278, 984, 63, 1954, 494, 2775, 569, 2655, 2141, 971, 3043, 3056, 1737, 2395, 2159, 3165, 51, 648, 1077, 1950, 196, 2226, 836, 1999, 3155, 324, 3164, 1861, 358, 208, 2447, 1656, 2798, 3063, 3293, 364, 2863, 2518, 1764, 1854, 2743, 634, 1495, 1603, 957, 2456, 2773, 844, 3078, 2672, 2321, 2165, 3147, 2193, 1436, 2468, 1782, 1888, 2578, 236, 226]",336,250,4,False,250
83,description,numeric,5,True,False,True,"{2: 91, 1: 95, 5: 64}","[3093, 1527, 2071, 1634, 2300, 2155, 1018, 1199, 840, 825, 2602, 2492, 2097, 2859, 748, 2839, 2023, 2087, 2123, 128, 3030, 75, 1355, 37, 2666, 2458, 2105, 3270, 40, 2020, 126, 1434, 438, 3244, 2714, 2318, 599, 952, 2377, 1597, 2072, 1984, 1644, 2290, 1936, 2259, 2032, 53, 111, 2590, 3037, 600, 3141, 1548, 2341, 1633, 1493, 2705, 373, 2658, 558, 818, 3075, 709, 551, 517, 2358, 2285, 2685, 1723, 3216, 1382, 2889, 2022, 1767, 2354, 2615, 1321, 391, 2963, 1468, 1869, 1850, 1020, 3086, 721, 3149, 2691, 1255, 139, 3252, 785, 1744, 849, 2338, 144, 921, 671, 1795, 1368, 2434, 2222, 3110, 2504, 282, 2901, 2012, 1881, 564, 2503, 3185, 2398, 3083, 519, 296, 533, 283, 2444, 1732, 2357, 3099, 914, 57, 273, 1221, 1848, 2365, 588, 2646, 3143, 488, 1128, 2418, 1271, 1431, 338, 2948, 554, 923, 2429, 1945, 1606, 761, 2446, 2140, 1076, 2156, 848, 2568, 15, 2091, 2390, 84, 2641, 90, 135, 1176, 3085, 2555, 1120, 2002, 2506, 195, 1437, 199, 1915, 2671, 2053, 2542, 1158, 2843, 258, 2981, 502, 2409, 2096, 2619, 1824, 593, 3298, 2133, 2596, 3163, 2349, 3127, 461, 1970, 795, 1294, 278, 984, 63, 1954, 494, 2775, 569, 2655, 2141, 971, 3043, 3056, 1737, 2395, 2159, 3165, 51, 648, 1077, 1950, 196, 2226, 836, 1999, 3155, 324, 3164, 1861, 358, 208, 2447, 1656, 2798, 3063, 3293, 364, 2863, 2518, 1764, 1854, 2743, 634, 1495, 1603, 957, 2456, 2773, 844, 3078, 2672, 2321, 2165, 3147, 2193, 1436, 2468, 1782, 1888, 2578, 236, 226]",83,250,4,False,250
212,description,description,2,True,True,True,"{2: 91, 1: 95, 5: 64}","[3093, 1527, 2071, 1634, 2300, 2155, 1018, 1199, 840, 825, 2602, 2492, 2097, 2859, 748, 2839, 2023, 2087, 2123, 128, 3030, 75, 1355, 37, 2666, 2458, 2105, 3270, 40, 2020, 126, 1434, 438, 3244, 2714, 2318, 599, 952, 2377, 1597, 2072, 1984, 1644, 2290, 1936, 2259, 2032, 53, 111, 2590, 3037, 600, 3141, 1548, 2341, 1633, 1493, 2705, 373, 2658, 558, 818, 3075, 709, 551, 517, 2358, 2285, 2685, 1723, 3216, 1382, 2889, 2022, 1767, 2354, 2615, 1321, 391, 2963, 1468, 1869, 1850, 1020, 3086, 721, 3149, 2691, 1255, 139, 3252, 785, 1744, 849, 2338, 144, 921, 671, 1795, 1368, 2434, 2222, 3110, 2504, 282, 2901, 2012, 1881, 564, 2503, 3185, 2398, 3083, 519, 296, 533, 283, 2444, 1732, 2357, 3099, 914, 57, 273, 1221, 1848, 2365, 588, 2646, 3143, 488, 1128, 2418, 1271, 1431, 338, 2948, 554, 923, 2429, 1945, 1606, 761, 2446, 2140, 1076, 2156, 848, 2568, 15, 2091, 2390, 84, 2641, 90, 135, 1176, 3085, 2555, 1120, 2002, 2506, 195, 1437, 199, 1915, 2671, 2053, 2542, 1158, 2843, 258, 2981, 502, 2409, 2096, 2619, 1824, 593, 3298, 2133, 2596, 3163, 2349, 3127, 461, 1970, 795, 1294, 278, 984, 63, 1954, 494, 2775, 569, 2655, 2141, 971, 3043, 3056, 1737, 2395, 2159, 3165, 51, 648, 1077, 1950, 196, 2226, 836, 1999, 3155, 324, 3164, 1861, 358, 208, 2447, 1656, 2798, 3063, 3293, 364, 2863, 2518, 1764, 1854, 2743, 634, 1495, 1603, 957, 2456, 2773, 844, 3078, 2672, 2321, 2165, 3147, 2193, 1436, 2468, 1782, 1888, 2578, 236, 226]",212,250,4,False,250
144,description,description,2,True,True,True,"{2: 91, 1: 95, 5: 64}","[3093, 1527, 2071, 1634, 2300, 2155, 1018, 1199, 840, 825, 2602, 2492, 2097, 2859, 748, 2839, 2023, 2087, 2123, 128, 3030, 75, 1355, 37, 2666, 2458, 2105, 3270, 40, 2020, 126, 1434, 438, 3244, 2714, 2318, 599, 952, 2377, 1597, 2072, 1984, 1644, 2290, 1936, 2259, 2032, 53, 111, 2590, 3037, 600, 3141, 1548, 2341, 1633, 1493, 2705, 373, 2658, 558, 818, 3075, 709, 551, 517, 2358, 2285, 2685, 1723, 3216, 1382, 2889, 2022, 1767, 2354, 2615, 1321, 391, 2963, 1468, 1869, 1850, 1020, 3086, 721, 3149, 2691, 1255, 139, 3252, 785, 1744, 849, 2338, 144, 921, 671, 1795, 1368, 2434, 2222, 3110, 2504, 282, 2901, 2012, 1881, 564, 2503, 3185, 2398, 3083, 519, 296, 533, 283, 2444, 1732, 2357, 3099, 914, 57, 273, 1221, 1848, 2365, 588, 2646, 3143, 488, 1128, 2418, 1271, 1431, 338, 2948, 554, 923, 2429, 1945, 1606, 761, 2446, 2140, 1076, 2156, 848, 2568, 15, 2091, 2390, 84, 2641, 90, 135, 1176, 3085, 2555, 1120, 2002, 2506, 195, 1437, 199, 1915, 2671, 2053, 2542, 1158, 2843, 258, 2981, 502, 2409, 2096, 2619, 1824, 593, 3298, 2133, 2596, 3163, 2349, 3127, 461, 1970, 795, 1294, 278, 984, 63, 1954, 494, 2775, 569, 2655, 2141, 971, 3043, 3056, 1737, 2395, 2159, 3165, 51, 648, 1077, 1950, 196, 2226, 836, 1999, 3155, 324, 3164, 1861, 358, 208, 2447, 1656, 2798, 3063, 3293, 364, 2863, 2518, 1764, 1854, 2743, 634, 1495, 1603, 957, 2456, 2773, 844, 3078, 2672, 2321, 2165, 3147, 2193, 1436, 2468, 1782, 1888, 2578, 236, 226]",144,250,4,False,250
246,description,description,2,True,True,True,"{2: 91, 1: 95, 5: 64}","[3093, 1527, 2071, 1634, 2300, 2155, 1018, 1199, 840, 825, 2602, 2492, 2097, 2859, 748, 2839, 2023, 2087, 2123, 128, 3030, 75, 1355, 37, 2666, 2458, 2105, 3270, 40, 2020, 126, 1434, 438, 3244, 2714, 2318, 599, 952, 2377, 1597, 2072, 1984, 1644, 2290, 1936, 2259, 2032, 53, 111, 2590, 3037, 600, 3141, 1548, 2341, 1633, 1493, 2705, 373, 2658, 558, 818, 3075, 709, 551, 517, 2358, 2285, 2685, 1723, 3216, 1382, 2889, 2022, 1767, 2354, 2615, 1321, 391, 2963, 1468, 1869, 1850, 1020, 3086, 721, 3149, 2691, 1255, 139, 3252, 785, 1744, 849, 2338, 144, 921, 671, 1795, 1368, 2434, 2222, 3110, 2504, 282, 2901, 2012, 1881, 564, 2503, 3185, 2398, 3083, 519, 296, 533, 283, 2444, 1732, 2357, 3099, 914, 57, 273, 1221, 1848, 2365, 588, 2646, 3143, 488, 1128, 2418, 1271, 1431, 338, 2948, 554, 923, 2429, 1945, 1606, 761, 2446, 2140, 1076, 2156, 848, 2568, 15, 2091, 2390, 84, 2641, 90, 135, 1176, 3085, 2555, 1120, 2002, 2506, 195, 1437, 199, 1915, 2671, 2053, 2542, 1158, 2843, 258, 2981, 502, 2409, 2096, 2619, 1824, 593, 3298, 2133, 2596, 3163, 2349, 3127, 461, 1970, 795, 1294, 278, 984, 63, 1954, 494, 2775, 569, 2655, 2141, 971, 3043, 3056, 1737, 2395, 2159, 3165, 51, 648, 1077, 1950, 196, 2226, 836, 1999, 3155, 324, 3164, 1861, 358, 208, 2447, 1656, 2798, 3063, 3293, 364, 2863, 2518, 1764, 1854, 2743, 634, 1495, 1603, 957, 2456, 2773, 844, 3078, 2672, 2321, 2165, 3147, 2193, 1436, 2468, 1782, 1888, 2578, 236, 226]",246,250,4,False,250
168,description,description,2,True,True,True,"{2: 91, 1: 95, 5: 64}","[3093, 1527, 2071, 1634, 2300, 2155, 1018, 1199, 840, 825, 2602, 2492, 2097, 2859, 748, 2839, 2023, 2087, 2123, 128, 3030, 75, 1355, 37, 2666, 2458, 2105, 3270, 40, 2020, 126, 1434, 438, 3244, 2714, 2318, 599, 952, 2377, 1597, 2072, 1984, 1644, 2290, 1936, 2259, 2032, 53, 111, 2590, 3037, 600, 3141, 1548, 2341, 1633, 1493, 2705, 373, 2658, 558, 818, 3075, 709, 551, 517, 2358, 2285, 2685, 1723, 3216, 1382, 2889, 2022, 1767, 2354, 2615, 1321, 391, 2963, 1468, 1869, 1850, 1020, 3086, 721, 3149, 2691, 1255, 139, 3252, 785, 1744, 849, 2338, 144, 921, 671, 1795, 1368, 2434, 2222, 3110, 2504, 282, 2901, 2012, 1881, 564, 2503, 3185, 2398, 3083, 519, 296, 533, 283, 2444, 1732, 2357, 3099, 914, 57, 273, 1221, 1848, 2365, 588, 2646, 3143, 488, 1128, 2418, 1271, 1431, 338, 2948, 554, 923, 2429, 1945, 1606, 761, 2446, 2140, 1076, 2156, 848, 2568, 15, 2091, 2390, 84, 2641, 90, 135, 1176, 3085, 2555, 1120, 2002, 2506, 195, 1437, 199, 1915, 2671, 2053, 2542, 1158, 2843, 258, 2981, 502, 2409, 2096, 2619, 1824, 593, 3298, 2133, 2596, 3163, 2349, 3127, 461, 1970, 795, 1294, 278, 984, 63, 1954, 494, 2775, 569, 2655, 2141, 971, 3043, 3056, 1737, 2395, 2159, 3165, 51, 648, 1077, 1950, 196, 2226, 836, 1999, 3155, 324, 3164, 1861, 358, 208, 2447, 1656, 2798, 3063, 3293, 364, 2863, 2518, 1764, 1854, 2743, 634, 1495, 1603, 957, 2456, 2773, 844, 3078, 2672, 2321, 2165, 3147, 2193, 1436, 2468, 1782, 1888, 2578, 236, 226]",168,250,4,False,250
30,entity,entity,1,True,True,True,"{2: 91, 1: 95, 5: 64}","[3093, 1527, 2071, 1634, 2300, 2155, 1018, 1199, 840, 825, 2602, 2492, 2097, 2859, 748, 2839, 2023, 2087, 2123, 128, 3030, 75, 1355, 37, 2666, 2458, 2105, 3270, 40, 2020, 126, 1434, 438, 3244, 2714, 2318, 599, 952, 2377, 1597, 2072, 1984, 1644, 2290, 1936, 2259, 2032, 53, 111, 2590, 3037, 600, 3141, 1548, 2341, 1633, 1493, 2705, 373, 2658, 558, 818, 3075, 709, 551, 517, 2358, 2285, 2685, 1723, 3216, 1382, 2889, 2022, 1767, 2354, 2615, 1321, 391, 2963, 1468, 1869, 1850, 1020, 3086, 721, 3149, 2691, 1255, 139, 3252, 785, 1744, 849, 2338, 144, 921, 671, 1795, 1368, 2434, 2222, 3110, 2504, 282, 2901, 2012, 1881, 564, 2503, 3185, 2398, 3083, 519, 296, 533, 283, 2444, 1732, 2357, 3099, 914, 57, 273, 1221, 1848, 2365, 588, 2646, 3143, 488, 1128, 2418, 1271, 1431, 338, 2948, 554, 923, 2429, 1945, 1606, 761, 2446, 2140, 1076, 2156, 848, 2568, 15, 2091, 2390, 84, 2641, 90, 135, 1176, 3085, 2555, 1120, 2002, 2506, 195, 1437, 199, 1915, 2671, 2053, 2542, 1158, 2843, 258, 2981, 502, 2409, 2096, 2619, 1824, 593, 3298, 2133, 2596, 3163, 2349, 3127, 461, 1970, 795, 1294, 278, 984, 63, 1954, 494, 2775, 569, 2655, 2141, 971, 3043, 3056, 1737, 2395, 2159, 3165, 51, 648, 1077, 1950, 196, 2226, 836, 1999, 3155, 324, 3164, 1861, 358, 208, 2447, 1656, 2798, 3063, 3293, 364, 2863, 2518, 1764, 1854, 2743, 634, 1495, 1603, 957, 2456, 2773, 844, 3078, 2672, 2321, 2165, 3147, 2193, 1436, 2468, 1782, 1888, 2578, 236, 226]",30,250,4,False,250
60,numeric,numeric,5,True,True,True,"{2: 91, 1: 95, 5: 64}","[3093, 1527, 2071, 1634, 2300, 2155, 1018, 1199, 840, 825, 2602, 2492, 2097, 2859, 748, 2839, 2023, 2087, 2123, 128, 3030, 75, 1355, 37, 2666, 2458, 2105, 3270, 40, 2020, 126, 1434, 438, 3244, 2714, 2318, 599, 952, 2377, 1597, 2072, 1984, 1644, 2290, 1936, 2259, 2032, 53, 111, 2590, 3037, 600, 3141, 1548, 2341, 1633, 1493, 2705, 373, 2658, 558, 818, 3075, 709, 551, 517, 2358, 2285, 2685, 1723, 3216, 1382, 2889, 2022, 1767, 2354, 2615, 1321, 391, 2963, 1468, 1869, 1850, 1020, 3086, 721, 3149, 2691, 1255, 139, 3252, 785, 1744, 849, 2338, 144, 921, 671, 1795, 1368, 2434, 2222, 3110, 2504, 282, 2901, 2012, 1881, 564, 2503, 3185, 2398, 3083, 519, 296, 533, 283, 2444, 1732, 2357, 3099, 914, 57, 273, 1221, 1848, 2365, 588, 2646, 3143, 488, 1128, 2418, 1271, 1431, 338, 2948, 554, 923, 2429, 1945, 1606, 761, 2446, 2140, 1076, 2156, 848, 2568, 15, 2091, 2390, 84, 2641, 90, 135, 1176, 3085, 2555, 1120, 2002, 2506, 195, 1437, 199, 1915, 2671, 2053, 2542, 1158, 2843, 258, 2981, 502, 2409, 2096, 2619, 1824, 593, 3298, 2133, 2596, 3163, 2349, 3127, 461, 1970, 795, 1294, 278, 984, 63, 1954, 494, 2775, 569, 2655, 2141, 971, 3043, 3056, 1737, 2395, 2159, 3165, 51, 648, 1077, 1950, 196, 2226, 836, 1999, 3155, 324, 3164, 1861, 358, 208, 2447, 1656, 2798, 3063, 3293, 364, 2863, 2518, 1764, 1854, 2743, 634, 1495, 1603, 957, 2456, 2773, 844, 3078, 2672, 2321, 2165, 3147, 2193, 1436, 2468, 1782, 1888, 2578, 236, 226]",60,250,4,False,250
180,entity,entity,1,True,True,True,"{2: 91, 1: 95, 5: 64}","[3093, 1527, 2071, 1634, 2300, 2155, 1018, 1199, 840, 825, 2602, 2492, 2097, 2859, 748, 2839, 2023, 2087, 2123, 128, 3030, 75, 1355, 37, 2666, 2458, 2105, 3270, 40, 2020, 126, 1434, 438, 3244, 2714, 2318, 599, 952, 2377, 1597, 2072, 1984, 1644, 2290, 1936, 2259, 2032, 53, 111, 2590, 3037, 600, 3141, 1548, 2341, 1633, 1493, 2705, 373, 2658, 558, 818, 3075, 709, 551, 517, 2358, 2285, 2685, 1723, 3216, 1382, 2889, 2022, 1767, 2354, 2615, 1321, 391, 2963, 1468, 1869, 1850, 1020, 3086, 721, 3149, 2691, 1255, 139, 3252, 785, 1744, 849, 2338, 144, 921, 671, 1795, 1368, 2434, 2222, 3110, 2504, 282, 2901, 2012, 1881, 564, 2503, 3185, 2398, 3083, 519, 296, 533, 283, 2444, 1732, 2357, 3099, 914, 57, 273, 1221, 1848, 2365, 588, 2646, 3143, 488, 1128, 2418, 1271, 1431, 338, 2948, 554, 923, 2429, 1945, 1606, 761, 2446, 2140, 1076, 2156, 848, 2568, 15, 2091, 2390, 84, 2641, 90, 135, 1176, 3085, 2555, 1120, 2002, 2506, 195, 1437, 199, 1915, 2671, 2053, 2542, 1158, 2843, 258, 2981, 502, 2409, 2096, 2619, 1824, 593, 3298, 2133, 2596, 3163, 2349, 3127, 461, 1970, 795, 1294, 278, 984, 63, 1954, 494, 2775, 569, 2655, 2141, 971, 3043, 3056, 1737, 2395, 2159, 3165, 51, 648, 1077, 1950, 196, 2226, 836, 1999, 3155, 324, 3164, 1861, 358, 208, 2447, 1656, 2798, 3063, 3293, 364, 2863, 2518, 1764, 1854, 2743, 634, 1495, 1603, 957, 2456, 2773, 844, 3078, 2672, 2321, 2165, 3147, 2193, 1436, 2468, 1782, 1888, 2578, 236, 226]",180,250,4,False,250
69,entity,entity,1,True,True,True,"{2: 91, 1: 95, 5: 64}","[3093, 1527, 2071, 1634, 2300, 2155, 1018, 1199, 840, 825, 2602, 2492, 2097, 2859, 748, 2839, 2023, 2087, 2123, 128, 3030, 75, 1355, 37, 2666, 2458, 2105, 3270, 40, 2020, 126, 1434, 438, 3244, 2714, 2318, 599, 952, 2377, 1597, 2072, 1984, 1644, 2290, 1936, 2259, 2032, 53, 111, 2590, 3037, 600, 3141, 1548, 2341, 1633, 1493, 2705, 373, 2658, 558, 818, 3075, 709, 551, 517, 2358, 2285, 2685, 1723, 3216, 1382, 2889, 2022, 1767, 2354, 2615, 1321, 391, 2963, 1468, 1869, 1850, 1020, 3086, 721, 3149, 2691, 1255, 139, 3252, 785, 1744, 849, 2338, 144, 921, 671, 1795, 1368, 2434, 2222, 3110, 2504, 282, 2901, 2012, 1881, 564, 2503, 3185, 2398, 3083, 519, 296, 533, 283, 2444, 1732, 2357, 3099, 914, 57, 273, 1221, 1848, 2365, 588, 2646, 3143, 488, 1128, 2418, 1271, 1431, 338, 2948, 554, 923, 2429, 1945, 1606, 761, 2446, 2140, 1076, 2156, 848, 2568, 15, 2091, 2390, 84, 2641, 90, 135, 1176, 3085, 2555, 1120, 2002, 2506, 195, 1437, 199, 1915, 2671, 2053, 2542, 1158, 2843, 258, 2981, 502, 2409, 2096, 2619, 1824, 593, 3298, 2133, 2596, 3163, 2349, 3127, 461, 1970, 795, 1294, 278, 984, 63, 1954, 494, 2775, 569, 2655, 2141, 971, 3043, 3056, 1737, 2395, 2159, 3165, 51, 648, 1077, 1950, 196, 2226, 836, 1999, 3155, 324, 3164, 1861, 358, 208, 2447, 1656, 2798, 3063, 3293, 364, 2863, 2518, 1764, 1854, 2743, 634, 1495, 1603, 957, 2456, 2773, 844, 3078, 2672, 2321, 2165, 3147, 2193, 1436, 2468, 1782, 1888, 2578, 236, 226]",69,250,4,False,250
165,description,entity,1,True,False,True,"{2: 91, 1: 95, 5: 64}","[3093, 1527, 2071, 1634, 2300, 2155, 1018, 1199, 840, 825, 2602, 2492, 2097, 2859, 748, 2839, 2023, 2087, 2123, 128, 3030, 75, 1355, 37, 2666, 2458, 2105, 3270, 40, 2020, 126, 1434, 438, 3244, 2714, 2318, 599, 952, 2377, 1597, 2072, 1984, 1644, 2290, 1936, 2259, 2032, 53, 111, 2590, 3037, 600, 3141, 1548, 2341, 1633, 1493, 2705, 373, 2658, 558, 818, 3075, 709, 551, 517, 2358, 2285, 2685, 1723, 3216, 1382, 2889, 2022, 1767, 2354, 2615, 1321, 391, 2963, 1468, 1869, 1850, 1020, 3086, 721, 3149, 2691, 1255, 139, 3252, 785, 1744, 849, 2338, 144, 921, 671, 1795, 1368, 2434, 2222, 3110, 2504, 282, 2901, 2012, 1881, 564, 2503, 3185, 2398, 3083, 519, 296, 533, 283, 2444, 1732, 2357, 3099, 914, 57, 273, 1221, 1848, 2365, 588, 2646, 3143, 488, 1128, 2418, 1271, 1431, 338, 2948, 554, 923, 2429, 1945, 1606, 761, 2446, 2140, 1076, 2156, 848, 2568, 15, 2091, 2390, 84, 2641, 90, 135, 1176, 3085, 2555, 1120, 2002, 2506, 195, 1437, 199, 1915, 2671, 2053, 2542, 1158, 2843, 258, 2981, 502, 2409, 2096, 2619, 1824, 593, 3298, 2133, 2596, 3163, 2349, 3127, 461, 1970, 795, 1294, 278, 984, 63, 1954, 494, 2775, 569, 2655, 2141, 971, 3043, 3056, 1737, 2395, 2159, 3165, 51, 648, 1077, 1950, 196, 2226, 836, 1999, 3155, 324, 3164, 1861, 358, 208, 2447, 1656, 2798, 3063, 3293, 364, 2863, 2518, 1764, 1854, 2743, 634, 1495, 1603, 957, 2456, 2773, 844, 3078, 2672, 2321, 2165, 3147, 2193, 1436, 2468, 1782, 1888, 2578, 236, 226]",165,250,4,False,250
95,description,description,2,True,True,True,"{2: 91, 1: 95, 5: 64}","[3093, 1527, 2071, 1634, 2300, 2155, 1018, 1199, 840, 825, 2602, 2492, 2097, 2859, 748, 2839, 2023, 2087, 2123, 128, 3030, 75, 1355, 37, 2666, 2458, 2105, 3270, 40, 2020, 126, 1434, 438, 3244, 2714, 2318, 599, 952, 2377, 1597, 2072, 1984, 1644, 2290, 1936, 2259, 2032, 53, 111, 2590, 3037, 600, 3141, 1548, 2341, 1633, 1493, 2705, 373, 2658, 558, 818, 3075, 709, 551, 517, 2358, 2285, 2685, 1723, 3216, 1382, 2889, 2022, 1767, 2354, 2615, 1321, 391, 2963, 1468, 1869, 1850, 1020, 3086, 721, 3149, 2691, 1255, 139, 3252, 785, 1744, 849, 2338, 144, 921, 671, 1795, 1368, 2434, 2222, 3110, 2504, 282, 2901, 2012, 1881, 564, 2503, 3185, 2398, 3083, 519, 296, 533, 283, 2444, 1732, 2357, 3099, 914, 57, 273, 1221, 1848, 2365, 588, 2646, 3143, 488, 1128, 2418, 1271, 1431, 338, 2948, 554, 923, 2429, 1945, 1606, 761, 2446, 2140, 1076, 2156, 848, 2568, 15, 2091, 2390, 84, 2641, 90, 135, 1176, 3085, 2555, 1120, 2002, 2506, 195, 1437, 199, 1915, 2671, 2053, 2542, 1158, 2843, 258, 2981, 502, 2409, 2096, 2619, 1824, 593, 3298, 2133, 2596, 3163, 2349, 3127, 461, 1970, 795, 1294, 278, 984, 63, 1954, 494, 2775, 569, 2655, 2141, 971, 3043, 3056, 1737, 2395, 2159, 3165, 51, 648, 1077, 1950, 196, 2226, 836, 1999, 3155, 324, 3164, 1861, 358, 208, 2447, 1656, 2798, 3063, 3293, 364, 2863, 2518, 1764, 1854, 2743, 634, 1495, 1603, 957, 2456, 2773, 844, 3078, 2672, 2321, 2165, 3147, 2193, 1436, 2468, 1782, 1888, 2578, 236, 226]",95,250,4,False,250
344,description,description,2,True,True,True,"{2: 91, 1: 95, 5: 64}","[3093, 1527, 2071, 1634, 2300, 2155, 1018, 1199, 840, 825, 2602, 2492, 2097, 2859, 748, 2839, 2023, 2087, 2123, 128, 3030, 75, 1355, 37, 2666, 2458, 2105, 3270, 40, 2020, 126, 1434, 438, 3244, 2714, 2318, 599, 952, 2377, 1597, 2072, 1984, 1644, 2290, 1936, 2259, 2032, 53, 111, 2590, 3037, 600, 3141, 1548, 2341, 1633, 1493, 2705, 373, 2658, 558, 818, 3075, 709, 551, 517, 2358, 2285, 2685, 1723, 3216, 1382, 2889, 2022, 1767, 2354, 2615, 1321, 391, 2963, 1468, 1869, 1850, 1020, 3086, 721, 3149, 2691, 1255, 139, 3252, 785, 1744, 849, 2338, 144, 921, 671, 1795, 1368, 2434, 2222, 3110, 2504, 282, 2901, 2012, 1881, 564, 2503, 3185, 2398, 3083, 519, 296, 533, 283, 2444, 1732, 2357, 3099, 914, 57, 273, 1221, 1848, 2365, 588, 2646, 3143, 488, 1128, 2418, 1271, 1431, 338, 2948, 554, 923, 2429, 1945, 1606, 761, 2446, 2140, 1076, 2156, 848, 2568, 15, 2091, 2390, 84, 2641, 90, 135, 1176, 3085, 2555, 1120, 2002, 2506, 195, 1437, 199, 1915, 2671, 2053, 2542, 1158, 2843, 258, 2981, 502, 2409, 2096, 2619, 1824, 593, 3298, 2133, 2596, 3163, 2349, 3127, 461, 1970, 795, 1294, 278, 984, 63, 1954, 494, 2775, 569, 2655, 2141, 971, 3043, 3056, 1737, 2395, 2159, 3165, 51, 648, 1077, 1950, 196, 2226, 836, 1999, 3155, 324, 3164, 1861, 358, 208, 2447, 1656, 2798, 3063, 3293, 364, 2863, 2518, 1764, 1854, 2743, 634, 1495, 1603, 957, 2456, 2773, 844, 3078, 2672, 2321, 2165, 3147, 2193, 1436, 2468, 1782, 1888, 2578, 236, 226]",344,250,4,False,250
145,numeric,numeric,5,True,True,True,"{2: 91, 1: 95, 5: 64}","[3093, 1527, 2071, 1634, 2300, 2155, 1018, 1199, 840, 825, 2602, 2492, 2097, 2859, 748, 2839, 2023, 2087, 2123, 128, 3030, 75, 1355, 37, 2666, 2458, 2105, 3270, 40, 2020, 126, 1434, 438, 3244, 2714, 2318, 599, 952, 2377, 1597, 2072, 1984, 1644, 2290, 1936, 2259, 2032, 53, 111, 2590, 3037, 600, 3141, 1548, 2341, 1633, 1493, 2705, 373, 2658, 558, 818, 3075, 709, 551, 517, 2358, 2285, 2685, 1723, 3216, 1382, 2889, 2022, 1767, 2354, 2615, 1321, 391, 2963, 1468, 1869, 1850, 1020, 3086, 721, 3149, 2691, 1255, 139, 3252, 785, 1744, 849, 2338, 144, 921, 671, 1795, 1368, 2434, 2222, 3110, 2504, 282, 2901, 2012, 1881, 564, 2503, 3185, 2398, 3083, 519, 296, 533, 283, 2444, 1732, 2357, 3099, 914, 57, 273, 1221, 1848, 2365, 588, 2646, 3143, 488, 1128, 2418, 1271, 1431, 338, 2948, 554, 923, 2429, 1945, 1606, 761, 2446, 2140, 1076, 2156, 848, 2568, 15, 2091, 2390, 84, 2641, 90, 135, 1176, 3085, 2555, 1120, 2002, 2506, 195, 1437, 199, 1915, 2671, 2053, 2542, 1158, 2843, 258, 2981, 502, 2409, 2096, 2619, 1824, 593, 3298, 2133, 2596, 3163, 2349, 3127, 461, 1970, 795, 1294, 278, 984, 63, 1954, 494, 2775, 569, 2655, 2141, 971, 3043, 3056, 1737, 2395, 2159, 3165, 51, 648, 1077, 1950, 196, 2226, 836, 1999, 3155, 324, 3164, 1861, 358, 208, 2447, 1656, 2798, 3063, 3293, 364, 2863, 2518, 1764, 1854, 2743, 634, 1495, 1603, 957, 2456, 2773, 844, 3078, 2672, 2321, 2165, 3147, 2193, 1436, 2468, 1782, 1888, 2578, 236, 226]",145,250,4,False,250
38,numeric,numeric,5,True,True,True,"{2: 91, 1: 95, 5: 64}","[3093, 1527, 2071, 1634, 2300, 2155, 1018, 1199, 840, 825, 2602, 2492, 2097, 2859, 748, 2839, 2023, 2087, 2123, 128, 3030, 75, 1355, 37, 2666, 2458, 2105, 3270, 40, 2020, 126, 1434, 438, 3244, 2714, 2318, 599, 952, 2377, 1597, 2072, 1984, 1644, 2290, 1936, 2259, 2032, 53, 111, 2590, 3037, 600, 3141, 1548, 2341, 1633, 1493, 2705, 373, 2658, 558, 818, 3075, 709, 551, 517, 2358, 2285, 2685, 1723, 3216, 1382, 2889, 2022, 1767, 2354, 2615, 1321, 391, 2963, 1468, 1869, 1850, 1020, 3086, 721, 3149, 2691, 1255, 139, 3252, 785, 1744, 849, 2338, 144, 921, 671, 1795, 1368, 2434, 2222, 3110, 2504, 282, 2901, 2012, 1881, 564, 2503, 3185, 2398, 3083, 519, 296, 533, 283, 2444, 1732, 2357, 3099, 914, 57, 273, 1221, 1848, 2365, 588, 2646, 3143, 488, 1128, 2418, 1271, 1431, 338, 2948, 554, 923, 2429, 1945, 1606, 761, 2446, 2140, 1076, 2156, 848, 2568, 15, 2091, 2390, 84, 2641, 90, 135, 1176, 3085, 2555, 1120, 2002, 2506, 195, 1437, 199, 1915, 2671, 2053, 2542, 1158, 2843, 258, 2981, 502, 2409, 2096, 2619, 1824, 593, 3298, 2133, 2596, 3163, 2349, 3127, 461, 1970, 795, 1294, 278, 984, 63, 1954, 494, 2775, 569, 2655, 2141, 971, 3043, 3056, 1737, 2395, 2159, 3165, 51, 648, 1077, 1950, 196, 2226, 836, 1999, 3155, 324, 3164, 1861, 358, 208, 2447, 1656, 2798, 3063, 3293, 364, 2863, 2518, 1764, 1854, 2743, 634, 1495, 1603, 957, 2456, 2773, 844, 3078, 2672, 2321, 2165, 3147, 2193, 1436, 2468, 1782, 1888, 2578, 236, 226]",38,250,4,False,250
135,description,description,2,True,True,True,"{2: 91, 1: 95, 5: 64}","[3093, 1527, 2071, 1634, 2300, 2155, 1018, 1199, 840, 825, 2602, 2492, 2097, 2859, 748, 2839, 2023, 2087, 2123, 128, 3030, 75, 1355, 37, 2666, 2458, 2105, 3270, 40, 2020, 126, 1434, 438, 3244, 2714, 2318, 599, 952, 2377, 1597, 2072, 1984, 1644, 2290, 1936, 2259, 2032, 53, 111, 2590, 3037, 600, 3141, 1548, 2341, 1633, 1493, 2705, 373, 2658, 558, 818, 3075, 709, 551, 517, 2358, 2285, 2685, 1723, 3216, 1382, 2889, 2022, 1767, 2354, 2615, 1321, 391, 2963, 1468, 1869, 1850, 1020, 3086, 721, 3149, 2691, 1255, 139, 3252, 785, 1744, 849, 2338, 144, 921, 671, 1795, 1368, 2434, 2222, 3110, 2504, 282, 2901, 2012, 1881, 564, 2503, 3185, 2398, 3083, 519, 296, 533, 283, 2444, 1732, 2357, 3099, 914, 57, 273, 1221, 1848, 2365, 588, 2646, 3143, 488, 1128, 2418, 1271, 1431, 338, 2948, 554, 923, 2429, 1945, 1606, 761, 2446, 2140, 1076, 2156, 848, 2568, 15, 2091, 2390, 84, 2641, 90, 135, 1176, 3085, 2555, 1120, 2002, 2506, 195, 1437, 199, 1915, 2671, 2053, 2542, 1158, 2843, 258, 2981, 502, 2409, 2096, 2619, 1824, 593, 3298, 2133, 2596, 3163, 2349, 3127, 461, 1970, 795, 1294, 278, 984, 63, 1954, 494, 2775, 569, 2655, 2141, 971, 3043, 3056, 1737, 2395, 2159, 3165, 51, 648, 1077, 1950, 196, 2226, 836, 1999, 3155, 324, 3164, 1861, 358, 208, 2447, 1656, 2798, 3063, 3293, 364, 2863, 2518, 1764, 1854, 2743, 634, 1495, 1603, 957, 2456, 2773, 844, 3078, 2672, 2321, 2165, 3147, 2193, 1436, 2468, 1782, 1888, 2578, 236, 226]",135,250,4,False,250
94,entity,entity,1,True,True,True,"{2: 91, 1: 95, 5: 64}","[3093, 1527, 2071, 1634, 2300, 2155, 1018, 1199, 840, 825, 2602, 2492, 2097, 2859, 748, 2839, 2023, 2087, 2123, 128, 3030, 75, 1355, 37, 2666, 2458, 2105, 3270, 40, 2020, 126, 1434, 438, 3244, 2714, 2318, 599, 952, 2377, 1597, 2072, 1984, 1644, 2290, 1936, 2259, 2032, 53, 111, 2590, 3037, 600, 3141, 1548, 2341, 1633, 1493, 2705, 373, 2658, 558, 818, 3075, 709, 551, 517, 2358, 2285, 2685, 1723, 3216, 1382, 2889, 2022, 1767, 2354, 2615, 1321, 391, 2963, 1468, 1869, 1850, 1020, 3086, 721, 3149, 2691, 1255, 139, 3252, 785, 1744, 849, 2338, 144, 921, 671, 1795, 1368, 2434, 2222, 3110, 2504, 282, 2901, 2012, 1881, 564, 2503, 3185, 2398, 3083, 519, 296, 533, 283, 2444, 1732, 2357, 3099, 914, 57, 273, 1221, 1848, 2365, 588, 2646, 3143, 488, 1128, 2418, 1271, 1431, 338, 2948, 554, 923, 2429, 1945, 1606, 761, 2446, 2140, 1076, 2156, 848, 2568, 15, 2091, 2390, 84, 2641, 90, 135, 1176, 3085, 2555, 1120, 2002, 2506, 195, 1437, 199, 1915, 2671, 2053, 2542, 1158, 2843, 258, 2981, 502, 2409, 2096, 2619, 1824, 593, 3298, 2133, 2596, 3163, 2349, 3127, 461, 1970, 795, 1294, 278, 984, 63, 1954, 494, 2775, 569, 2655, 2141, 971, 3043, 3056, 1737, 2395, 2159, 3165, 51, 648, 1077, 1950, 196, 2226, 836, 1999, 3155, 324, 3164, 1861, 358, 208, 2447, 1656, 2798, 3063, 3293, 364, 2863, 2518, 1764, 1854, 2743, 634, 1495, 1603, 957, 2456, 2773, 844, 3078, 2672, 2321, 2165, 3147, 2193, 1436, 2468, 1782, 1888, 2578, 236, 226]",94,250,4,False,250
162,description,description,2,True,True,True,"{2: 91, 1: 95, 5: 64}","[3093, 1527, 2071, 1634, 2300, 2155, 1018, 1199, 840, 825, 2602, 2492, 2097, 2859, 748, 2839, 2023, 2087, 2123, 128, 3030, 75, 1355, 37, 2666, 2458, 2105, 3270, 40, 2020, 126, 1434, 438, 3244, 2714, 2318, 599, 952, 2377, 1597, 2072, 1984, 1644, 2290, 1936, 2259, 2032, 53, 111, 2590, 3037, 600, 3141, 1548, 2341, 1633, 1493, 2705, 373, 2658, 558, 818, 3075, 709, 551, 517, 2358, 2285, 2685, 1723, 3216, 1382, 2889, 2022, 1767, 2354, 2615, 1321, 391, 2963, 1468, 1869, 1850, 1020, 3086, 721, 3149, 2691, 1255, 139, 3252, 785, 1744, 849, 2338, 144, 921, 671, 1795, 1368, 2434, 2222, 3110, 2504, 282, 2901, 2012, 1881, 564, 2503, 3185, 2398, 3083, 519, 296, 533, 283, 2444, 1732, 2357, 3099, 914, 57, 273, 1221, 1848, 2365, 588, 2646, 3143, 488, 1128, 2418, 1271, 1431, 338, 2948, 554, 923, 2429, 1945, 1606, 761, 2446, 2140, 1076, 2156, 848, 2568, 15, 2091, 2390, 84, 2641, 90, 135, 1176, 3085, 2555, 1120, 2002, 2506, 195, 1437, 199, 1915, 2671, 2053, 2542, 1158, 2843, 258, 2981, 502, 2409, 2096, 2619, 1824, 593, 3298, 2133, 2596, 3163, 2349, 3127, 461, 1970, 795, 1294, 278, 984, 63, 1954, 494, 2775, 569, 2655, 2141, 971, 3043, 3056, 1737, 2395, 2159, 3165, 51, 648, 1077, 1950, 196, 2226, 836, 1999, 3155, 324, 3164, 1861, 358, 208, 2447, 1656, 2798, 3063, 3293, 364, 2863, 2518, 1764, 1854, 2743, 634, 1495, 1603, 957, 2456, 2773, 844, 3078, 2672, 2321, 2165, 3147, 2193, 1436, 2468, 1782, 1888, 2578, 236, 226]",162,250,4,False,250
220,description,description,2,True,True,True,"{2: 91, 1: 95, 5: 64}","[3093, 1527, 2071, 1634, 2300, 2155, 1018, 1199, 840, 825, 2602, 2492, 2097, 2859, 748, 2839, 2023, 2087, 2123, 128, 3030, 75, 1355, 37, 2666, 2458, 2105, 3270, 40, 2020, 126, 1434, 438, 3244, 2714, 2318, 599, 952, 2377, 1597, 2072, 1984, 1644, 2290, 1936, 2259, 2032, 53, 111, 2590, 3037, 600, 3141, 1548, 2341, 1633, 1493, 2705, 373, 2658, 558, 818, 3075, 709, 551, 517, 2358, 2285, 2685, 1723, 3216, 1382, 2889, 2022, 1767, 2354, 2615, 1321, 391, 2963, 1468, 1869, 1850, 1020, 3086, 721, 3149, 2691, 1255, 139, 3252, 785, 1744, 849, 2338, 144, 921, 671, 1795, 1368, 2434, 2222, 3110, 2504, 282, 2901, 2012, 1881, 564, 2503, 3185, 2398, 3083, 519, 296, 533, 283, 2444, 1732, 2357, 3099, 914, 57, 273, 1221, 1848, 2365, 588, 2646, 3143, 488, 1128, 2418, 1271, 1431, 338, 2948, 554, 923, 2429, 1945, 1606, 761, 2446, 2140, 1076, 2156, 848, 2568, 15, 2091, 2390, 84, 2641, 90, 135, 1176, 3085, 2555, 1120, 2002, 2506, 195, 1437, 199, 1915, 2671, 2053, 2542, 1158, 2843, 258, 2981, 502, 2409, 2096, 2619, 1824, 593, 3298, 2133, 2596, 3163, 2349, 3127, 461, 1970, 795, 1294, 278, 984, 63, 1954, 494, 2775, 569, 2655, 2141, 971, 3043, 3056, 1737, 2395, 2159, 3165, 51, 648, 1077, 1950, 196, 2226, 836, 1999, 3155, 324, 3164, 1861, 358, 208, 2447, 1656, 2798, 3063, 3293, 364, 2863, 2518, 1764, 1854, 2743, 634, 1495, 1603, 957, 2456, 2773, 844, 3078, 2672, 2321, 2165, 3147, 2193, 1436, 2468, 1782, 1888, 2578, 236, 226]",220,250,4,False,250
18,description,description,2,True,True,True,"{2: 91, 1: 95, 5: 64}","[3093, 1527, 2071, 1634, 2300, 2155, 1018, 1199, 840, 825, 2602, 2492, 2097, 2859, 748, 2839, 2023, 2087, 2123, 128, 3030, 75, 1355, 37, 2666, 2458, 2105, 3270, 40, 2020, 126, 1434, 438, 3244, 2714, 2318, 599, 952, 2377, 1597, 2072, 1984, 1644, 2290, 1936, 2259, 2032, 53, 111, 2590, 3037, 600, 3141, 1548, 2341, 1633, 1493, 2705, 373, 2658, 558, 818, 3075, 709, 551, 517, 2358, 2285, 2685, 1723, 3216, 1382, 2889, 2022, 1767, 2354, 2615, 1321, 391, 2963, 1468, 1869, 1850, 1020, 3086, 721, 3149, 2691, 1255, 139, 3252, 785, 1744, 849, 2338, 144, 921, 671, 1795, 1368, 2434, 2222, 3110, 2504, 282, 2901, 2012, 1881, 564, 2503, 3185, 2398, 3083, 519, 296, 533, 283, 2444, 1732, 2357, 3099, 914, 57, 273, 1221, 1848, 2365, 588, 2646, 3143, 488, 1128, 2418, 1271, 1431, 338, 2948, 554, 923, 2429, 1945, 1606, 761, 2446, 2140, 1076, 2156, 848, 2568, 15, 2091, 2390, 84, 2641, 90, 135, 1176, 3085, 2555, 1120, 2002, 2506, 195, 1437, 199, 1915, 2671, 2053, 2542, 1158, 2843, 258, 2981, 502, 2409, 2096, 2619, 1824, 593, 3298, 2133, 2596, 3163, 2349, 3127, 461, 1970, 795, 1294, 278, 984, 63, 1954, 494, 2775, 569, 2655, 2141, 971, 3043, 3056, 1737, 2395, 2159, 3165, 51, 648, 1077, 1950, 196, 2226, 836, 1999, 3155, 324, 3164, 1861, 358, 208, 2447, 1656, 2798, 3063, 3293, 364, 2863, 2518, 1764, 1854, 2743, 634, 1495, 1603, 957, 2456, 2773, 844, 3078, 2672, 2321, 2165, 3147, 2193, 1436, 2468, 1782, 1888, 2578, 236, 226]",18,250,4,False,250
29,entity,entity,1,True,True,True,"{2: 91, 1: 95, 5: 64}","[3093, 1527, 2071, 1634, 2300, 2155, 1018, 1199, 840, 825, 2602, 2492, 2097, 2859, 748, 2839, 2023, 2087, 2123, 128, 3030, 75, 1355, 37, 2666, 2458, 2105, 3270, 40, 2020, 126, 1434, 438, 3244, 2714, 2318, 599, 952, 2377, 1597, 2072, 1984, 1644, 2290, 1936, 2259, 2032, 53, 111, 2590, 3037, 600, 3141, 1548, 2341, 1633, 1493, 2705, 373, 2658, 558, 818, 3075, 709, 551, 517, 2358, 2285, 2685, 1723, 3216, 1382, 2889, 2022, 1767, 2354, 2615, 1321, 391, 2963, 1468, 1869, 1850, 1020, 3086, 721, 3149, 2691, 1255, 139, 3252, 785, 1744, 849, 2338, 144, 921, 671, 1795, 1368, 2434, 2222, 3110, 2504, 282, 2901, 2012, 1881, 564, 2503, 3185, 2398, 3083, 519, 296, 533, 283, 2444, 1732, 2357, 3099, 914, 57, 273, 1221, 1848, 2365, 588, 2646, 3143, 488, 1128, 2418, 1271, 1431, 338, 2948, 554, 923, 2429, 1945, 1606, 761, 2446, 2140, 1076, 2156, 848, 2568, 15, 2091, 2390, 84, 2641, 90, 135, 1176, 3085, 2555, 1120, 2002, 2506, 195, 1437, 199, 1915, 2671, 2053, 2542, 1158, 2843, 258, 2981, 502, 2409, 2096, 2619, 1824, 593, 3298, 2133, 2596, 3163, 2349, 3127, 461, 1970, 795, 1294, 278, 984, 63, 1954, 494, 2775, 569, 2655, 2141, 971, 3043, 3056, 1737, 2395, 2159, 3165, 51, 648, 1077, 1950, 196, 2226, 836, 1999, 3155, 324, 3164, 1861, 358, 208, 2447, 1656, 2798, 3063, 3293, 364, 2863, 2518, 1764, 1854, 2743, 634, 1495, 1603, 957, 2456, 2773, 844, 3078, 2672, 2321, 2165, 3147, 2193, 1436, 2468, 1782, 1888, 2578, 236, 226]",29,250,4,False,250
276,entity,entity,1,True,True,True,"{2: 91, 1: 95, 5: 64}","[3093, 1527, 2071, 1634, 2300, 2155, 1018, 1199, 840, 825, 2602, 2492, 2097, 2859, 748, 2839, 2023, 2087, 2123, 128, 3030, 75, 1355, 37, 2666, 2458, 2105, 3270, 40, 2020, 126, 1434, 438, 3244, 2714, 2318, 599, 952, 2377, 1597, 2072, 1984, 1644, 2290, 1936, 2259, 2032, 53, 111, 2590, 3037, 600, 3141, 1548, 2341, 1633, 1493, 2705, 373, 2658, 558, 818, 3075, 709, 551, 517, 2358, 2285, 2685, 1723, 3216, 1382, 2889, 2022, 1767, 2354, 2615, 1321, 391, 2963, 1468, 1869, 1850, 1020, 3086, 721, 3149, 2691, 1255, 139, 3252, 785, 1744, 849, 2338, 144, 921, 671, 1795, 1368, 2434, 2222, 3110, 2504, 282, 2901, 2012, 1881, 564, 2503, 3185, 2398, 3083, 519, 296, 533, 283, 2444, 1732, 2357, 3099, 914, 57, 273, 1221, 1848, 2365, 588, 2646, 3143, 488, 1128, 2418, 1271, 1431, 338, 2948, 554, 923, 2429, 1945, 1606, 761, 2446, 2140, 1076, 2156, 848, 2568, 15, 2091, 2390, 84, 2641, 90, 135, 1176, 3085, 2555, 1120, 2002, 2506, 195, 1437, 199, 1915, 2671, 2053, 2542, 1158, 2843, 258, 2981, 502, 2409, 2096, 2619, 1824, 593, 3298, 2133, 2596, 3163, 2349, 3127, 461, 1970, 795, 1294, 278, 984, 63, 1954, 494, 2775, 569, 2655, 2141, 971, 3043, 3056, 1737, 2395, 2159, 3165, 51, 648, 1077, 1950, 196, 2226, 836, 1999, 3155, 324, 3164, 1861, 358, 208, 2447, 1656, 2798, 3063, 3293, 364, 2863, 2518, 1764, 1854, 2743, 634, 1495, 1603, 957, 2456, 2773, 844, 3078, 2672, 2321, 2165, 3147, 2193, 1436, 2468, 1782, 1888, 2578, 236, 226]",276,250,4,False,250
301,entity,entity,1,True,True,True,"{2: 91, 1: 95, 5: 64}","[3093, 1527, 2071, 1634, 2300, 2155, 1018, 1199, 840, 825, 2602, 2492, 2097, 2859, 748, 2839, 2023, 2087, 2123, 128, 3030, 75, 1355, 37, 2666, 2458, 2105, 3270, 40, 2020, 126, 1434, 438, 3244, 2714, 2318, 599, 952, 2377, 1597, 2072, 1984, 1644, 2290, 1936, 2259, 2032, 53, 111, 2590, 3037, 600, 3141, 1548, 2341, 1633, 1493, 2705, 373, 2658, 558, 818, 3075, 709, 551, 517, 2358, 2285, 2685, 1723, 3216, 1382, 2889, 2022, 1767, 2354, 2615, 1321, 391, 2963, 1468, 1869, 1850, 1020, 3086, 721, 3149, 2691, 1255, 139, 3252, 785, 1744, 849, 2338, 144, 921, 671, 1795, 1368, 2434, 2222, 3110, 2504, 282, 2901, 2012, 1881, 564, 2503, 3185, 2398, 3083, 519, 296, 533, 283, 2444, 1732, 2357, 3099, 914, 57, 273, 1221, 1848, 2365, 588, 2646, 3143, 488, 1128, 2418, 1271, 1431, 338, 2948, 554, 923, 2429, 1945, 1606, 761, 2446, 2140, 1076, 2156, 848, 2568, 15, 2091, 2390, 84, 2641, 90, 135, 1176, 3085, 2555, 1120, 2002, 2506, 195, 1437, 199, 1915, 2671, 2053, 2542, 1158, 2843, 258, 2981, 502, 2409, 2096, 2619, 1824, 593, 3298, 2133, 2596, 3163, 2349, 3127, 461, 1970, 795, 1294, 278, 984, 63, 1954, 494, 2775, 569, 2655, 2141, 971, 3043, 3056, 1737, 2395, 2159, 3165, 51, 648, 1077, 1950, 196, 2226, 836, 1999, 3155, 324, 3164, 1861, 358, 208, 2447, 1656, 2798, 3063, 3293, 364, 2863, 2518, 1764, 1854, 2743, 634, 1495, 1603, 957, 2456, 2773, 844, 3078, 2672, 2321, 2165, 3147, 2193, 1436, 2468, 1782, 1888, 2578, 236, 226]",301,250,4,False,250
122,numeric,entity,1,True,False,True,"{2: 91, 1: 95, 5: 64}","[3093, 1527, 2071, 1634, 2300, 2155, 1018, 1199, 840, 825, 2602, 2492, 2097, 2859, 748, 2839, 2023, 2087, 2123, 128, 3030, 75, 1355, 37, 2666, 2458, 2105, 3270, 40, 2020, 126, 1434, 438, 3244, 2714, 2318, 599, 952, 2377, 1597, 2072, 1984, 1644, 2290, 1936, 2259, 2032, 53, 111, 2590, 3037, 600, 3141, 1548, 2341, 1633, 1493, 2705, 373, 2658, 558, 818, 3075, 709, 551, 517, 2358, 2285, 2685, 1723, 3216, 1382, 2889, 2022, 1767, 2354, 2615, 1321, 391, 2963, 1468, 1869, 1850, 1020, 3086, 721, 3149, 2691, 1255, 139, 3252, 785, 1744, 849, 2338, 144, 921, 671, 1795, 1368, 2434, 2222, 3110, 2504, 282, 2901, 2012, 1881, 564, 2503, 3185, 2398, 3083, 519, 296, 533, 283, 2444, 1732, 2357, 3099, 914, 57, 273, 1221, 1848, 2365, 588, 2646, 3143, 488, 1128, 2418, 1271, 1431, 338, 2948, 554, 923, 2429, 1945, 1606, 761, 2446, 2140, 1076, 2156, 848, 2568, 15, 2091, 2390, 84, 2641, 90, 135, 1176, 3085, 2555, 1120, 2002, 2506, 195, 1437, 199, 1915, 2671, 2053, 2542, 1158, 2843, 258, 2981, 502, 2409, 2096, 2619, 1824, 593, 3298, 2133, 2596, 3163, 2349, 3127, 461, 1970, 795, 1294, 278, 984, 63, 1954, 494, 2775, 569, 2655, 2141, 971, 3043, 3056, 1737, 2395, 2159, 3165, 51, 648, 1077, 1950, 196, 2226, 836, 1999, 3155, 324, 3164, 1861, 358, 208, 2447, 1656, 2798, 3063, 3293, 364, 2863, 2518, 1764, 1854, 2743, 634, 1495, 1603, 957, 2456, 2773, 844, 3078, 2672, 2321, 2165, 3147, 2193, 1436, 2468, 1782, 1888, 2578, 236, 226]",122,250,4,False,250
205,numeric,numeric,5,True,True,True,"{2: 91, 1: 95, 5: 64}","[3093, 1527, 2071, 1634, 2300, 2155, 1018, 1199, 840, 825, 2602, 2492, 2097, 2859, 748, 2839, 2023, 2087, 2123, 128, 3030, 75, 1355, 37, 2666, 2458, 2105, 3270, 40, 2020, 126, 1434, 438, 3244, 2714, 2318, 599, 952, 2377, 1597, 2072, 1984, 1644, 2290, 1936, 2259, 2032, 53, 111, 2590, 3037, 600, 3141, 1548, 2341, 1633, 1493, 2705, 373, 2658, 558, 818, 3075, 709, 551, 517, 2358, 2285, 2685, 1723, 3216, 1382, 2889, 2022, 1767, 2354, 2615, 1321, 391, 2963, 1468, 1869, 1850, 1020, 3086, 721, 3149, 2691, 1255, 139, 3252, 785, 1744, 849, 2338, 144, 921, 671, 1795, 1368, 2434, 2222, 3110, 2504, 282, 2901, 2012, 1881, 564, 2503, 3185, 2398, 3083, 519, 296, 533, 283, 2444, 1732, 2357, 3099, 914, 57, 273, 1221, 1848, 2365, 588, 2646, 3143, 488, 1128, 2418, 1271, 1431, 338, 2948, 554, 923, 2429, 1945, 1606, 761, 2446, 2140, 1076, 2156, 848, 2568, 15, 2091, 2390, 84, 2641, 90, 135, 1176, 3085, 2555, 1120, 2002, 2506, 195, 1437, 199, 1915, 2671, 2053, 2542, 1158, 2843, 258, 2981, 502, 2409, 2096, 2619, 1824, 593, 3298, 2133, 2596, 3163, 2349, 3127, 461, 1970, 795, 1294, 278, 984, 63, 1954, 494, 2775, 569, 2655, 2141, 971, 3043, 3056, 1737, 2395, 2159, 3165, 51, 648, 1077, 1950, 196, 2226, 836, 1999, 3155, 324, 3164, 1861, 358, 208, 2447, 1656, 2798, 3063, 3293, 364, 2863, 2518, 1764, 1854, 2743, 634, 1495, 1603, 957, 2456, 2773, 844, 3078, 2672, 2321, 2165, 3147, 2193, 1436, 2468, 1782, 1888, 2578, 236, 226]",205,250,4,False,250
269,entity,entity,1,True,True,True,"{2: 91, 1: 95, 5: 64}","[3093, 1527, 2071, 1634, 2300, 2155, 1018, 1199, 840, 825, 2602, 2492, 2097, 2859, 748, 2839, 2023, 2087, 2123, 128, 3030, 75, 1355, 37, 2666, 2458, 2105, 3270, 40, 2020, 126, 1434, 438, 3244, 2714, 2318, 599, 952, 2377, 1597, 2072, 1984, 1644, 2290, 1936, 2259, 2032, 53, 111, 2590, 3037, 600, 3141, 1548, 2341, 1633, 1493, 2705, 373, 2658, 558, 818, 3075, 709, 551, 517, 2358, 2285, 2685, 1723, 3216, 1382, 2889, 2022, 1767, 2354, 2615, 1321, 391, 2963, 1468, 1869, 1850, 1020, 3086, 721, 3149, 2691, 1255, 139, 3252, 785, 1744, 849, 2338, 144, 921, 671, 1795, 1368, 2434, 2222, 3110, 2504, 282, 2901, 2012, 1881, 564, 2503, 3185, 2398, 3083, 519, 296, 533, 283, 2444, 1732, 2357, 3099, 914, 57, 273, 1221, 1848, 2365, 588, 2646, 3143, 488, 1128, 2418, 1271, 1431, 338, 2948, 554, 923, 2429, 1945, 1606, 761, 2446, 2140, 1076, 2156, 848, 2568, 15, 2091, 2390, 84, 2641, 90, 135, 1176, 3085, 2555, 1120, 2002, 2506, 195, 1437, 199, 1915, 2671, 2053, 2542, 1158, 2843, 258, 2981, 502, 2409, 2096, 2619, 1824, 593, 3298, 2133, 2596, 3163, 2349, 3127, 461, 1970, 795, 1294, 278, 984, 63, 1954, 494, 2775, 569, 2655, 2141, 971, 3043, 3056, 1737, 2395, 2159, 3165, 51, 648, 1077, 1950, 196, 2226, 836, 1999, 3155, 324, 3164, 1861, 358, 208, 2447, 1656, 2798, 3063, 3293, 364, 2863, 2518, 1764, 1854, 2743, 634, 1495, 1603, 957, 2456, 2773, 844, 3078, 2672, 2321, 2165, 3147, 2193, 1436, 2468, 1782, 1888, 2578, 236, 226]",269,250,4,False,250
281,description,description,2,True,True,True,"{2: 91, 1: 95, 5: 64}","[3093, 1527, 2071, 1634, 2300, 2155, 1018, 1199, 840, 825, 2602, 2492, 2097, 2859, 748, 2839, 2023, 2087, 2123, 128, 3030, 75, 1355, 37, 2666, 2458, 2105, 3270, 40, 2020, 126, 1434, 438, 3244, 2714, 2318, 599, 952, 2377, 1597, 2072, 1984, 1644, 2290, 1936, 2259, 2032, 53, 111, 2590, 3037, 600, 3141, 1548, 2341, 1633, 1493, 2705, 373, 2658, 558, 818, 3075, 709, 551, 517, 2358, 2285, 2685, 1723, 3216, 1382, 2889, 2022, 1767, 2354, 2615, 1321, 391, 2963, 1468, 1869, 1850, 1020, 3086, 721, 3149, 2691, 1255, 139, 3252, 785, 1744, 849, 2338, 144, 921, 671, 1795, 1368, 2434, 2222, 3110, 2504, 282, 2901, 2012, 1881, 564, 2503, 3185, 2398, 3083, 519, 296, 533, 283, 2444, 1732, 2357, 3099, 914, 57, 273, 1221, 1848, 2365, 588, 2646, 3143, 488, 1128, 2418, 1271, 1431, 338, 2948, 554, 923, 2429, 1945, 1606, 761, 2446, 2140, 1076, 2156, 848, 2568, 15, 2091, 2390, 84, 2641, 90, 135, 1176, 3085, 2555, 1120, 2002, 2506, 195, 1437, 199, 1915, 2671, 2053, 2542, 1158, 2843, 258, 2981, 502, 2409, 2096, 2619, 1824, 593, 3298, 2133, 2596, 3163, 2349, 3127, 461, 1970, 795, 1294, 278, 984, 63, 1954, 494, 2775, 569, 2655, 2141, 971, 3043, 3056, 1737, 2395, 2159, 3165, 51, 648, 1077, 1950, 196, 2226, 836, 1999, 3155, 324, 3164, 1861, 358, 208, 2447, 1656, 2798, 3063, 3293, 364, 2863, 2518, 1764, 1854, 2743, 634, 1495, 1603, 957, 2456, 2773, 844, 3078, 2672, 2321, 2165, 3147, 2193, 1436, 2468, 1782, 1888, 2578, 236, 226]",281,250,4,False,250
300,description,entity,1,True,False,True,"{2: 91, 1: 95, 5: 64}","[3093, 1527, 2071, 1634, 2300, 2155, 1018, 1199, 840, 825, 2602, 2492, 2097, 2859, 748, 2839, 2023, 2087, 2123, 128, 3030, 75, 1355, 37, 2666, 2458, 2105, 3270, 40, 2020, 126, 1434, 438, 3244, 2714, 2318, 599, 952, 2377, 1597, 2072, 1984, 1644, 2290, 1936, 2259, 2032, 53, 111, 2590, 3037, 600, 3141, 1548, 2341, 1633, 1493, 2705, 373, 2658, 558, 818, 3075, 709, 551, 517, 2358, 2285, 2685, 1723, 3216, 1382, 2889, 2022, 1767, 2354, 2615, 1321, 391, 2963, 1468, 1869, 1850, 1020, 3086, 721, 3149, 2691, 1255, 139, 3252, 785, 1744, 849, 2338, 144, 921, 671, 1795, 1368, 2434, 2222, 3110, 2504, 282, 2901, 2012, 1881, 564, 2503, 3185, 2398, 3083, 519, 296, 533, 283, 2444, 1732, 2357, 3099, 914, 57, 273, 1221, 1848, 2365, 588, 2646, 3143, 488, 1128, 2418, 1271, 1431, 338, 2948, 554, 923, 2429, 1945, 1606, 761, 2446, 2140, 1076, 2156, 848, 2568, 15, 2091, 2390, 84, 2641, 90, 135, 1176, 3085, 2555, 1120, 2002, 2506, 195, 1437, 199, 1915, 2671, 2053, 2542, 1158, 2843, 258, 2981, 502, 2409, 2096, 2619, 1824, 593, 3298, 2133, 2596, 3163, 2349, 3127, 461, 1970, 795, 1294, 278, 984, 63, 1954, 494, 2775, 569, 2655, 2141, 971, 3043, 3056, 1737, 2395, 2159, 3165, 51, 648, 1077, 1950, 196, 2226, 836, 1999, 3155, 324, 3164, 1861, 358, 208, 2447, 1656, 2798, 3063, 3293, 364, 2863, 2518, 1764, 1854, 2743, 634, 1495, 1603, 957, 2456, 2773, 844, 3078, 2672, 2321, 2165, 3147, 2193, 1436, 2468, 1782, 1888, 2578, 236, 226]",300,250,4,False,250
332,description,description,2,True,True,True,"{2: 91, 1: 95, 5: 64}","[3093, 1527, 2071, 1634, 2300, 2155, 1018, 1199, 840, 825, 2602, 2492, 2097, 2859, 748, 2839, 2023, 2087, 2123, 128, 3030, 75, 1355, 37, 2666, 2458, 2105, 3270, 40, 2020, 126, 1434, 438, 3244, 2714, 2318, 599, 952, 2377, 1597, 2072, 1984, 1644, 2290, 1936, 2259, 2032, 53, 111, 2590, 3037, 600, 3141, 1548, 2341, 1633, 1493, 2705, 373, 2658, 558, 818, 3075, 709, 551, 517, 2358, 2285, 2685, 1723, 3216, 1382, 2889, 2022, 1767, 2354, 2615, 1321, 391, 2963, 1468, 1869, 1850, 1020, 3086, 721, 3149, 2691, 1255, 139, 3252, 785, 1744, 849, 2338, 144, 921, 671, 1795, 1368, 2434, 2222, 3110, 2504, 282, 2901, 2012, 1881, 564, 2503, 3185, 2398, 3083, 519, 296, 533, 283, 2444, 1732, 2357, 3099, 914, 57, 273, 1221, 1848, 2365, 588, 2646, 3143, 488, 1128, 2418, 1271, 1431, 338, 2948, 554, 923, 2429, 1945, 1606, 761, 2446, 2140, 1076, 2156, 848, 2568, 15, 2091, 2390, 84, 2641, 90, 135, 1176, 3085, 2555, 1120, 2002, 2506, 195, 1437, 199, 1915, 2671, 2053, 2542, 1158, 2843, 258, 2981, 502, 2409, 2096, 2619, 1824, 593, 3298, 2133, 2596, 3163, 2349, 3127, 461, 1970, 795, 1294, 278, 984, 63, 1954, 494, 2775, 569, 2655, 2141, 971, 3043, 3056, 1737, 2395, 2159, 3165, 51, 648, 1077, 1950, 196, 2226, 836, 1999, 3155, 324, 3164, 1861, 358, 208, 2447, 1656, 2798, 3063, 3293, 364, 2863, 2518, 1764, 1854, 2743, 634, 1495, 1603, 957, 2456, 2773, 844, 3078, 2672, 2321, 2165, 3147, 2193, 1436, 2468, 1782, 1888, 2578, 236, 226]",332,250,4,False,250
240,description,description,2,True,True,True,"{2: 91, 1: 95, 5: 64}","[3093, 1527, 2071, 1634, 2300, 2155, 1018, 1199, 840, 825, 2602, 2492, 2097, 2859, 748, 2839, 2023, 2087, 2123, 128, 3030, 75, 1355, 37, 2666, 2458, 2105, 3270, 40, 2020, 126, 1434, 438, 3244, 2714, 2318, 599, 952, 2377, 1597, 2072, 1984, 1644, 2290, 1936, 2259, 2032, 53, 111, 2590, 3037, 600, 3141, 1548, 2341, 1633, 1493, 2705, 373, 2658, 558, 818, 3075, 709, 551, 517, 2358, 2285, 2685, 1723, 3216, 1382, 2889, 2022, 1767, 2354, 2615, 1321, 391, 2963, 1468, 1869, 1850, 1020, 3086, 721, 3149, 2691, 1255, 139, 3252, 785, 1744, 849, 2338, 144, 921, 671, 1795, 1368, 2434, 2222, 3110, 2504, 282, 2901, 2012, 1881, 564, 2503, 3185, 2398, 3083, 519, 296, 533, 283, 2444, 1732, 2357, 3099, 914, 57, 273, 1221, 1848, 2365, 588, 2646, 3143, 488, 1128, 2418, 1271, 1431, 338, 2948, 554, 923, 2429, 1945, 1606, 761, 2446, 2140, 1076, 2156, 848, 2568, 15, 2091, 2390, 84, 2641, 90, 135, 1176, 3085, 2555, 1120, 2002, 2506, 195, 1437, 199, 1915, 2671, 2053, 2542, 1158, 2843, 258, 2981, 502, 2409, 2096, 2619, 1824, 593, 3298, 2133, 2596, 3163, 2349, 3127, 461, 1970, 795, 1294, 278, 984, 63, 1954, 494, 2775, 569, 2655, 2141, 971, 3043, 3056, 1737, 2395, 2159, 3165, 51, 648, 1077, 1950, 196, 2226, 836, 1999, 3155, 324, 3164, 1861, 358, 208, 2447, 1656, 2798, 3063, 3293, 364, 2863, 2518, 1764, 1854, 2743, 634, 1495, 1603, 957, 2456, 2773, 844, 3078, 2672, 2321, 2165, 3147, 2193, 1436, 2468, 1782, 1888, 2578, 236, 226]",240,250,4,False,250
41,entity,entity,1,True,True,True,"{2: 91, 1: 95, 5: 64}","[3093, 1527, 2071, 1634, 2300, 2155, 1018, 1199, 840, 825, 2602, 2492, 2097, 2859, 748, 2839, 2023, 2087, 2123, 128, 3030, 75, 1355, 37, 2666, 2458, 2105, 3270, 40, 2020, 126, 1434, 438, 3244, 2714, 2318, 599, 952, 2377, 1597, 2072, 1984, 1644, 2290, 1936, 2259, 2032, 53, 111, 2590, 3037, 600, 3141, 1548, 2341, 1633, 1493, 2705, 373, 2658, 558, 818, 3075, 709, 551, 517, 2358, 2285, 2685, 1723, 3216, 1382, 2889, 2022, 1767, 2354, 2615, 1321, 391, 2963, 1468, 1869, 1850, 1020, 3086, 721, 3149, 2691, 1255, 139, 3252, 785, 1744, 849, 2338, 144, 921, 671, 1795, 1368, 2434, 2222, 3110, 2504, 282, 2901, 2012, 1881, 564, 2503, 3185, 2398, 3083, 519, 296, 533, 283, 2444, 1732, 2357, 3099, 914, 57, 273, 1221, 1848, 2365, 588, 2646, 3143, 488, 1128, 2418, 1271, 1431, 338, 2948, 554, 923, 2429, 1945, 1606, 761, 2446, 2140, 1076, 2156, 848, 2568, 15, 2091, 2390, 84, 2641, 90, 135, 1176, 3085, 2555, 1120, 2002, 2506, 195, 1437, 199, 1915, 2671, 2053, 2542, 1158, 2843, 258, 2981, 502, 2409, 2096, 2619, 1824, 593, 3298, 2133, 2596, 3163, 2349, 3127, 461, 1970, 795, 1294, 278, 984, 63, 1954, 494, 2775, 569, 2655, 2141, 971, 3043, 3056, 1737, 2395, 2159, 3165, 51, 648, 1077, 1950, 196, 2226, 836, 1999, 3155, 324, 3164, 1861, 358, 208, 2447, 1656, 2798, 3063, 3293, 364, 2863, 2518, 1764, 1854, 2743, 634, 1495, 1603, 957, 2456, 2773, 844, 3078, 2672, 2321, 2165, 3147, 2193, 1436, 2468, 1782, 1888, 2578, 236, 226]",41,250,4,False,250
140,description,description,2,True,True,True,"{2: 91, 1: 95, 5: 64}","[3093, 1527, 2071, 1634, 2300, 2155, 1018, 1199, 840, 825, 2602, 2492, 2097, 2859, 748, 2839, 2023, 2087, 2123, 128, 3030, 75, 1355, 37, 2666, 2458, 2105, 3270, 40, 2020, 126, 1434, 438, 3244, 2714, 2318, 599, 952, 2377, 1597, 2072, 1984, 1644, 2290, 1936, 2259, 2032, 53, 111, 2590, 3037, 600, 3141, 1548, 2341, 1633, 1493, 2705, 373, 2658, 558, 818, 3075, 709, 551, 517, 2358, 2285, 2685, 1723, 3216, 1382, 2889, 2022, 1767, 2354, 2615, 1321, 391, 2963, 1468, 1869, 1850, 1020, 3086, 721, 3149, 2691, 1255, 139, 3252, 785, 1744, 849, 2338, 144, 921, 671, 1795, 1368, 2434, 2222, 3110, 2504, 282, 2901, 2012, 1881, 564, 2503, 3185, 2398, 3083, 519, 296, 533, 283, 2444, 1732, 2357, 3099, 914, 57, 273, 1221, 1848, 2365, 588, 2646, 3143, 488, 1128, 2418, 1271, 1431, 338, 2948, 554, 923, 2429, 1945, 1606, 761, 2446, 2140, 1076, 2156, 848, 2568, 15, 2091, 2390, 84, 2641, 90, 135, 1176, 3085, 2555, 1120, 2002, 2506, 195, 1437, 199, 1915, 2671, 2053, 2542, 1158, 2843, 258, 2981, 502, 2409, 2096, 2619, 1824, 593, 3298, 2133, 2596, 3163, 2349, 3127, 461, 1970, 795, 1294, 278, 984, 63, 1954, 494, 2775, 569, 2655, 2141, 971, 3043, 3056, 1737, 2395, 2159, 3165, 51, 648, 1077, 1950, 196, 2226, 836, 1999, 3155, 324, 3164, 1861, 358, 208, 2447, 1656, 2798, 3063, 3293, 364, 2863, 2518, 1764, 1854, 2743, 634, 1495, 1603, 957, 2456, 2773, 844, 3078, 2672, 2321, 2165, 3147, 2193, 1436, 2468, 1782, 1888, 2578, 236, 226]",140,250,4,False,250
314,entity,entity,1,True,True,True,"{2: 91, 1: 95, 5: 64}","[3093, 1527, 2071, 1634, 2300, 2155, 1018, 1199, 840, 825, 2602, 2492, 2097, 2859, 748, 2839, 2023, 2087, 2123, 128, 3030, 75, 1355, 37, 2666, 2458, 2105, 3270, 40, 2020, 126, 1434, 438, 3244, 2714, 2318, 599, 952, 2377, 1597, 2072, 1984, 1644, 2290, 1936, 2259, 2032, 53, 111, 2590, 3037, 600, 3141, 1548, 2341, 1633, 1493, 2705, 373, 2658, 558, 818, 3075, 709, 551, 517, 2358, 2285, 2685, 1723, 3216, 1382, 2889, 2022, 1767, 2354, 2615, 1321, 391, 2963, 1468, 1869, 1850, 1020, 3086, 721, 3149, 2691, 1255, 139, 3252, 785, 1744, 849, 2338, 144, 921, 671, 1795, 1368, 2434, 2222, 3110, 2504, 282, 2901, 2012, 1881, 564, 2503, 3185, 2398, 3083, 519, 296, 533, 283, 2444, 1732, 2357, 3099, 914, 57, 273, 1221, 1848, 2365, 588, 2646, 3143, 488, 1128, 2418, 1271, 1431, 338, 2948, 554, 923, 2429, 1945, 1606, 761, 2446, 2140, 1076, 2156, 848, 2568, 15, 2091, 2390, 84, 2641, 90, 135, 1176, 3085, 2555, 1120, 2002, 2506, 195, 1437, 199, 1915, 2671, 2053, 2542, 1158, 2843, 258, 2981, 502, 2409, 2096, 2619, 1824, 593, 3298, 2133, 2596, 3163, 2349, 3127, 461, 1970, 795, 1294, 278, 984, 63, 1954, 494, 2775, 569, 2655, 2141, 971, 3043, 3056, 1737, 2395, 2159, 3165, 51, 648, 1077, 1950, 196, 2226, 836, 1999, 3155, 324, 3164, 1861, 358, 208, 2447, 1656, 2798, 3063, 3293, 364, 2863, 2518, 1764, 1854, 2743, 634, 1495, 1603, 957, 2456, 2773, 844, 3078, 2672, 2321, 2165, 3147, 2193, 1436, 2468, 1782, 1888, 2578, 236, 226]",314,250,4,False,250
296,description,description,2,True,True,True,"{2: 91, 1: 95, 5: 64}","[3093, 1527, 2071, 1634, 2300, 2155, 1018, 1199, 840, 825, 2602, 2492, 2097, 2859, 748, 2839, 2023, 2087, 2123, 128, 3030, 75, 1355, 37, 2666, 2458, 2105, 3270, 40, 2020, 126, 1434, 438, 3244, 2714, 2318, 599, 952, 2377, 1597, 2072, 1984, 1644, 2290, 1936, 2259, 2032, 53, 111, 2590, 3037, 600, 3141, 1548, 2341, 1633, 1493, 2705, 373, 2658, 558, 818, 3075, 709, 551, 517, 2358, 2285, 2685, 1723, 3216, 1382, 2889, 2022, 1767, 2354, 2615, 1321, 391, 2963, 1468, 1869, 1850, 1020, 3086, 721, 3149, 2691, 1255, 139, 3252, 785, 1744, 849, 2338, 144, 921, 671, 1795, 1368, 2434, 2222, 3110, 2504, 282, 2901, 2012, 1881, 564, 2503, 3185, 2398, 3083, 519, 296, 533, 283, 2444, 1732, 2357, 3099, 914, 57, 273, 1221, 1848, 2365, 588, 2646, 3143, 488, 1128, 2418, 1271, 1431, 338, 2948, 554, 923, 2429, 1945, 1606, 761, 2446, 2140, 1076, 2156, 848, 2568, 15, 2091, 2390, 84, 2641, 90, 135, 1176, 3085, 2555, 1120, 2002, 2506, 195, 1437, 199, 1915, 2671, 2053, 2542, 1158, 2843, 258, 2981, 502, 2409, 2096, 2619, 1824, 593, 3298, 2133, 2596, 3163, 2349, 3127, 461, 1970, 795, 1294, 278, 984, 63, 1954, 494, 2775, 569, 2655, 2141, 971, 3043, 3056, 1737, 2395, 2159, 3165, 51, 648, 1077, 1950, 196, 2226, 836, 1999, 3155, 324, 3164, 1861, 358, 208, 2447, 1656, 2798, 3063, 3293, 364, 2863, 2518, 1764, 1854, 2743, 634, 1495, 1603, 957, 2456, 2773, 844, 3078, 2672, 2321, 2165, 3147, 2193, 1436, 2468, 1782, 1888, 2578, 236, 226]",296,250,4,False,250
289,description,description,2,True,True,True,"{2: 91, 1: 95, 5: 64}","[3093, 1527, 2071, 1634, 2300, 2155, 1018, 1199, 840, 825, 2602, 2492, 2097, 2859, 748, 2839, 2023, 2087, 2123, 128, 3030, 75, 1355, 37, 2666, 2458, 2105, 3270, 40, 2020, 126, 1434, 438, 3244, 2714, 2318, 599, 952, 2377, 1597, 2072, 1984, 1644, 2290, 1936, 2259, 2032, 53, 111, 2590, 3037, 600, 3141, 1548, 2341, 1633, 1493, 2705, 373, 2658, 558, 818, 3075, 709, 551, 517, 2358, 2285, 2685, 1723, 3216, 1382, 2889, 2022, 1767, 2354, 2615, 1321, 391, 2963, 1468, 1869, 1850, 1020, 3086, 721, 3149, 2691, 1255, 139, 3252, 785, 1744, 849, 2338, 144, 921, 671, 1795, 1368, 2434, 2222, 3110, 2504, 282, 2901, 2012, 1881, 564, 2503, 3185, 2398, 3083, 519, 296, 533, 283, 2444, 1732, 2357, 3099, 914, 57, 273, 1221, 1848, 2365, 588, 2646, 3143, 488, 1128, 2418, 1271, 1431, 338, 2948, 554, 923, 2429, 1945, 1606, 761, 2446, 2140, 1076, 2156, 848, 2568, 15, 2091, 2390, 84, 2641, 90, 135, 1176, 3085, 2555, 1120, 2002, 2506, 195, 1437, 199, 1915, 2671, 2053, 2542, 1158, 2843, 258, 2981, 502, 2409, 2096, 2619, 1824, 593, 3298, 2133, 2596, 3163, 2349, 3127, 461, 1970, 795, 1294, 278, 984, 63, 1954, 494, 2775, 569, 2655, 2141, 971, 3043, 3056, 1737, 2395, 2159, 3165, 51, 648, 1077, 1950, 196, 2226, 836, 1999, 3155, 324, 3164, 1861, 358, 208, 2447, 1656, 2798, 3063, 3293, 364, 2863, 2518, 1764, 1854, 2743, 634, 1495, 1603, 957, 2456, 2773, 844, 3078, 2672, 2321, 2165, 3147, 2193, 1436, 2468, 1782, 1888, 2578, 236, 226]",289,250,4,False,250
159,description,description,2,True,True,True,"{2: 91, 1: 95, 5: 64}","[3093, 1527, 2071, 1634, 2300, 2155, 1018, 1199, 840, 825, 2602, 2492, 2097, 2859, 748, 2839, 2023, 2087, 2123, 128, 3030, 75, 1355, 37, 2666, 2458, 2105, 3270, 40, 2020, 126, 1434, 438, 3244, 2714, 2318, 599, 952, 2377, 1597, 2072, 1984, 1644, 2290, 1936, 2259, 2032, 53, 111, 2590, 3037, 600, 3141, 1548, 2341, 1633, 1493, 2705, 373, 2658, 558, 818, 3075, 709, 551, 517, 2358, 2285, 2685, 1723, 3216, 1382, 2889, 2022, 1767, 2354, 2615, 1321, 391, 2963, 1468, 1869, 1850, 1020, 3086, 721, 3149, 2691, 1255, 139, 3252, 785, 1744, 849, 2338, 144, 921, 671, 1795, 1368, 2434, 2222, 3110, 2504, 282, 2901, 2012, 1881, 564, 2503, 3185, 2398, 3083, 519, 296, 533, 283, 2444, 1732, 2357, 3099, 914, 57, 273, 1221, 1848, 2365, 588, 2646, 3143, 488, 1128, 2418, 1271, 1431, 338, 2948, 554, 923, 2429, 1945, 1606, 761, 2446, 2140, 1076, 2156, 848, 2568, 15, 2091, 2390, 84, 2641, 90, 135, 1176, 3085, 2555, 1120, 2002, 2506, 195, 1437, 199, 1915, 2671, 2053, 2542, 1158, 2843, 258, 2981, 502, 2409, 2096, 2619, 1824, 593, 3298, 2133, 2596, 3163, 2349, 3127, 461, 1970, 795, 1294, 278, 984, 63, 1954, 494, 2775, 569, 2655, 2141, 971, 3043, 3056, 1737, 2395, 2159, 3165, 51, 648, 1077, 1950, 196, 2226, 836, 1999, 3155, 324, 3164, 1861, 358, 208, 2447, 1656, 2798, 3063, 3293, 364, 2863, 2518, 1764, 1854, 2743, 634, 1495, 1603, 957, 2456, 2773, 844, 3078, 2672, 2321, 2165, 3147, 2193, 1436, 2468, 1782, 1888, 2578, 236, 226]",159,250,4,False,250
65,description,description,2,True,True,True,"{2: 91, 1: 95, 5: 64}","[3093, 1527, 2071, 1634, 2300, 2155, 1018, 1199, 840, 825, 2602, 2492, 2097, 2859, 748, 2839, 2023, 2087, 2123, 128, 3030, 75, 1355, 37, 2666, 2458, 2105, 3270, 40, 2020, 126, 1434, 438, 3244, 2714, 2318, 599, 952, 2377, 1597, 2072, 1984, 1644, 2290, 1936, 2259, 2032, 53, 111, 2590, 3037, 600, 3141, 1548, 2341, 1633, 1493, 2705, 373, 2658, 558, 818, 3075, 709, 551, 517, 2358, 2285, 2685, 1723, 3216, 1382, 2889, 2022, 1767, 2354, 2615, 1321, 391, 2963, 1468, 1869, 1850, 1020, 3086, 721, 3149, 2691, 1255, 139, 3252, 785, 1744, 849, 2338, 144, 921, 671, 1795, 1368, 2434, 2222, 3110, 2504, 282, 2901, 2012, 1881, 564, 2503, 3185, 2398, 3083, 519, 296, 533, 283, 2444, 1732, 2357, 3099, 914, 57, 273, 1221, 1848, 2365, 588, 2646, 3143, 488, 1128, 2418, 1271, 1431, 338, 2948, 554, 923, 2429, 1945, 1606, 761, 2446, 2140, 1076, 2156, 848, 2568, 15, 2091, 2390, 84, 2641, 90, 135, 1176, 3085, 2555, 1120, 2002, 2506, 195, 1437, 199, 1915, 2671, 2053, 2542, 1158, 2843, 258, 2981, 502, 2409, 2096, 2619, 1824, 593, 3298, 2133, 2596, 3163, 2349, 3127, 461, 1970, 795, 1294, 278, 984, 63, 1954, 494, 2775, 569, 2655, 2141, 971, 3043, 3056, 1737, 2395, 2159, 3165, 51, 648, 1077, 1950, 196, 2226, 836, 1999, 3155, 324, 3164, 1861, 358, 208, 2447, 1656, 2798, 3063, 3293, 364, 2863, 2518, 1764, 1854, 2743, 634, 1495, 1603, 957, 2456, 2773, 844, 3078, 2672, 2321, 2165, 3147, 2193, 1436, 2468, 1782, 1888, 2578, 236, 226]",65,250,4,False,250
35,description,description,2,True,True,True,"{2: 91, 1: 95, 5: 64}","[3093, 1527, 2071, 1634, 2300, 2155, 1018, 1199, 840, 825, 2602, 2492, 2097, 2859, 748, 2839, 2023, 2087, 2123, 128, 3030, 75, 1355, 37, 2666, 2458, 2105, 3270, 40, 2020, 126, 1434, 438, 3244, 2714, 2318, 599, 952, 2377, 1597, 2072, 1984, 1644, 2290, 1936, 2259, 2032, 53, 111, 2590, 3037, 600, 3141, 1548, 2341, 1633, 1493, 2705, 373, 2658, 558, 818, 3075, 709, 551, 517, 2358, 2285, 2685, 1723, 3216, 1382, 2889, 2022, 1767, 2354, 2615, 1321, 391, 2963, 1468, 1869, 1850, 1020, 3086, 721, 3149, 2691, 1255, 139, 3252, 785, 1744, 849, 2338, 144, 921, 671, 1795, 1368, 2434, 2222, 3110, 2504, 282, 2901, 2012, 1881, 564, 2503, 3185, 2398, 3083, 519, 296, 533, 283, 2444, 1732, 2357, 3099, 914, 57, 273, 1221, 1848, 2365, 588, 2646, 3143, 488, 1128, 2418, 1271, 1431, 338, 2948, 554, 923, 2429, 1945, 1606, 761, 2446, 2140, 1076, 2156, 848, 2568, 15, 2091, 2390, 84, 2641, 90, 135, 1176, 3085, 2555, 1120, 2002, 2506, 195, 1437, 199, 1915, 2671, 2053, 2542, 1158, 2843, 258, 2981, 502, 2409, 2096, 2619, 1824, 593, 3298, 2133, 2596, 3163, 2349, 3127, 461, 1970, 795, 1294, 278, 984, 63, 1954, 494, 2775, 569, 2655, 2141, 971, 3043, 3056, 1737, 2395, 2159, 3165, 51, 648, 1077, 1950, 196, 2226, 836, 1999, 3155, 324, 3164, 1861, 358, 208, 2447, 1656, 2798, 3063, 3293, 364, 2863, 2518, 1764, 1854, 2743, 634, 1495, 1603, 957, 2456, 2773, 844, 3078, 2672, 2321, 2165, 3147, 2193, 1436, 2468, 1782, 1888, 2578, 236, 226]",35,250,4,False,250
138,description,description,2,True,True,True,"{2: 91, 1: 95, 5: 64}","[3093, 1527, 2071, 1634, 2300, 2155, 1018, 1199, 840, 825, 2602, 2492, 2097, 2859, 748, 2839, 2023, 2087, 2123, 128, 3030, 75, 1355, 37, 2666, 2458, 2105, 3270, 40, 2020, 126, 1434, 438, 3244, 2714, 2318, 599, 952, 2377, 1597, 2072, 1984, 1644, 2290, 1936, 2259, 2032, 53, 111, 2590, 3037, 600, 3141, 1548, 2341, 1633, 1493, 2705, 373, 2658, 558, 818, 3075, 709, 551, 517, 2358, 2285, 2685, 1723, 3216, 1382, 2889, 2022, 1767, 2354, 2615, 1321, 391, 2963, 1468, 1869, 1850, 1020, 3086, 721, 3149, 2691, 1255, 139, 3252, 785, 1744, 849, 2338, 144, 921, 671, 1795, 1368, 2434, 2222, 3110, 2504, 282, 2901, 2012, 1881, 564, 2503, 3185, 2398, 3083, 519, 296, 533, 283, 2444, 1732, 2357, 3099, 914, 57, 273, 1221, 1848, 2365, 588, 2646, 3143, 488, 1128, 2418, 1271, 1431, 338, 2948, 554, 923, 2429, 1945, 1606, 761, 2446, 2140, 1076, 2156, 848, 2568, 15, 2091, 2390, 84, 2641, 90, 135, 1176, 3085, 2555, 1120, 2002, 2506, 195, 1437, 199, 1915, 2671, 2053, 2542, 1158, 2843, 258, 2981, 502, 2409, 2096, 2619, 1824, 593, 3298, 2133, 2596, 3163, 2349, 3127, 461, 1970, 795, 1294, 278, 984, 63, 1954, 494, 2775, 569, 2655, 2141, 971, 3043, 3056, 1737, 2395, 2159, 3165, 51, 648, 1077, 1950, 196, 2226, 836, 1999, 3155, 324, 3164, 1861, 358, 208, 2447, 1656, 2798, 3063, 3293, 364, 2863, 2518, 1764, 1854, 2743, 634, 1495, 1603, 957, 2456, 2773, 844, 3078, 2672, 2321, 2165, 3147, 2193, 1436, 2468, 1782, 1888, 2578, 236, 226]",138,250,4,False,250
179,description,description,2,True,True,True,"{2: 91, 1: 95, 5: 64}","[3093, 1527, 2071, 1634, 2300, 2155, 1018, 1199, 840, 825, 2602, 2492, 2097, 2859, 748, 2839, 2023, 2087, 2123, 128, 3030, 75, 1355, 37, 2666, 2458, 2105, 3270, 40, 2020, 126, 1434, 438, 3244, 2714, 2318, 599, 952, 2377, 1597, 2072, 1984, 1644, 2290, 1936, 2259, 2032, 53, 111, 2590, 3037, 600, 3141, 1548, 2341, 1633, 1493, 2705, 373, 2658, 558, 818, 3075, 709, 551, 517, 2358, 2285, 2685, 1723, 3216, 1382, 2889, 2022, 1767, 2354, 2615, 1321, 391, 2963, 1468, 1869, 1850, 1020, 3086, 721, 3149, 2691, 1255, 139, 3252, 785, 1744, 849, 2338, 144, 921, 671, 1795, 1368, 2434, 2222, 3110, 2504, 282, 2901, 2012, 1881, 564, 2503, 3185, 2398, 3083, 519, 296, 533, 283, 2444, 1732, 2357, 3099, 914, 57, 273, 1221, 1848, 2365, 588, 2646, 3143, 488, 1128, 2418, 1271, 1431, 338, 2948, 554, 923, 2429, 1945, 1606, 761, 2446, 2140, 1076, 2156, 848, 2568, 15, 2091, 2390, 84, 2641, 90, 135, 1176, 3085, 2555, 1120, 2002, 2506, 195, 1437, 199, 1915, 2671, 2053, 2542, 1158, 2843, 258, 2981, 502, 2409, 2096, 2619, 1824, 593, 3298, 2133, 2596, 3163, 2349, 3127, 461, 1970, 795, 1294, 278, 984, 63, 1954, 494, 2775, 569, 2655, 2141, 971, 3043, 3056, 1737, 2395, 2159, 3165, 51, 648, 1077, 1950, 196, 2226, 836, 1999, 3155, 324, 3164, 1861, 358, 208, 2447, 1656, 2798, 3063, 3293, 364, 2863, 2518, 1764, 1854, 2743, 634, 1495, 1603, 957, 2456, 2773, 844, 3078, 2672, 2321, 2165, 3147, 2193, 1436, 2468, 1782, 1888, 2578, 236, 226]",179,250,4,False,250
68,numeric,numeric,5,True,True,True,"{2: 91, 1: 95, 5: 64}","[3093, 1527, 2071, 1634, 2300, 2155, 1018, 1199, 840, 825, 2602, 2492, 2097, 2859, 748, 2839, 2023, 2087, 2123, 128, 3030, 75, 1355, 37, 2666, 2458, 2105, 3270, 40, 2020, 126, 1434, 438, 3244, 2714, 2318, 599, 952, 2377, 1597, 2072, 1984, 1644, 2290, 1936, 2259, 2032, 53, 111, 2590, 3037, 600, 3141, 1548, 2341, 1633, 1493, 2705, 373, 2658, 558, 818, 3075, 709, 551, 517, 2358, 2285, 2685, 1723, 3216, 1382, 2889, 2022, 1767, 2354, 2615, 1321, 391, 2963, 1468, 1869, 1850, 1020, 3086, 721, 3149, 2691, 1255, 139, 3252, 785, 1744, 849, 2338, 144, 921, 671, 1795, 1368, 2434, 2222, 3110, 2504, 282, 2901, 2012, 1881, 564, 2503, 3185, 2398, 3083, 519, 296, 533, 283, 2444, 1732, 2357, 3099, 914, 57, 273, 1221, 1848, 2365, 588, 2646, 3143, 488, 1128, 2418, 1271, 1431, 338, 2948, 554, 923, 2429, 1945, 1606, 761, 2446, 2140, 1076, 2156, 848, 2568, 15, 2091, 2390, 84, 2641, 90, 135, 1176, 3085, 2555, 1120, 2002, 2506, 195, 1437, 199, 1915, 2671, 2053, 2542, 1158, 2843, 258, 2981, 502, 2409, 2096, 2619, 1824, 593, 3298, 2133, 2596, 3163, 2349, 3127, 461, 1970, 795, 1294, 278, 984, 63, 1954, 494, 2775, 569, 2655, 2141, 971, 3043, 3056, 1737, 2395, 2159, 3165, 51, 648, 1077, 1950, 196, 2226, 836, 1999, 3155, 324, 3164, 1861, 358, 208, 2447, 1656, 2798, 3063, 3293, 364, 2863, 2518, 1764, 1854, 2743, 634, 1495, 1603, 957, 2456, 2773, 844, 3078, 2672, 2321, 2165, 3147, 2193, 1436, 2468, 1782, 1888, 2578, 236, 226]",68,250,4,False,250
261,description,description,2,True,True,True,"{2: 91, 1: 95, 5: 64}","[3093, 1527, 2071, 1634, 2300, 2155, 1018, 1199, 840, 825, 2602, 2492, 2097, 2859, 748, 2839, 2023, 2087, 2123, 128, 3030, 75, 1355, 37, 2666, 2458, 2105, 3270, 40, 2020, 126, 1434, 438, 3244, 2714, 2318, 599, 952, 2377, 1597, 2072, 1984, 1644, 2290, 1936, 2259, 2032, 53, 111, 2590, 3037, 600, 3141, 1548, 2341, 1633, 1493, 2705, 373, 2658, 558, 818, 3075, 709, 551, 517, 2358, 2285, 2685, 1723, 3216, 1382, 2889, 2022, 1767, 2354, 2615, 1321, 391, 2963, 1468, 1869, 1850, 1020, 3086, 721, 3149, 2691, 1255, 139, 3252, 785, 1744, 849, 2338, 144, 921, 671, 1795, 1368, 2434, 2222, 3110, 2504, 282, 2901, 2012, 1881, 564, 2503, 3185, 2398, 3083, 519, 296, 533, 283, 2444, 1732, 2357, 3099, 914, 57, 273, 1221, 1848, 2365, 588, 2646, 3143, 488, 1128, 2418, 1271, 1431, 338, 2948, 554, 923, 2429, 1945, 1606, 761, 2446, 2140, 1076, 2156, 848, 2568, 15, 2091, 2390, 84, 2641, 90, 135, 1176, 3085, 2555, 1120, 2002, 2506, 195, 1437, 199, 1915, 2671, 2053, 2542, 1158, 2843, 258, 2981, 502, 2409, 2096, 2619, 1824, 593, 3298, 2133, 2596, 3163, 2349, 3127, 461, 1970, 795, 1294, 278, 984, 63, 1954, 494, 2775, 569, 2655, 2141, 971, 3043, 3056, 1737, 2395, 2159, 3165, 51, 648, 1077, 1950, 196, 2226, 836, 1999, 3155, 324, 3164, 1861, 358, 208, 2447, 1656, 2798, 3063, 3293, 364, 2863, 2518, 1764, 1854, 2743, 634, 1495, 1603, 957, 2456, 2773, 844, 3078, 2672, 2321, 2165, 3147, 2193, 1436, 2468, 1782, 1888, 2578, 236, 226]",261,250,4,False,250
239,entity,entity,1,True,True,True,"{2: 91, 1: 95, 5: 64}","[3093, 1527, 2071, 1634, 2300, 2155, 1018, 1199, 840, 825, 2602, 2492, 2097, 2859, 748, 2839, 2023, 2087, 2123, 128, 3030, 75, 1355, 37, 2666, 2458, 2105, 3270, 40, 2020, 126, 1434, 438, 3244, 2714, 2318, 599, 952, 2377, 1597, 2072, 1984, 1644, 2290, 1936, 2259, 2032, 53, 111, 2590, 3037, 600, 3141, 1548, 2341, 1633, 1493, 2705, 373, 2658, 558, 818, 3075, 709, 551, 517, 2358, 2285, 2685, 1723, 3216, 1382, 2889, 2022, 1767, 2354, 2615, 1321, 391, 2963, 1468, 1869, 1850, 1020, 3086, 721, 3149, 2691, 1255, 139, 3252, 785, 1744, 849, 2338, 144, 921, 671, 1795, 1368, 2434, 2222, 3110, 2504, 282, 2901, 2012, 1881, 564, 2503, 3185, 2398, 3083, 519, 296, 533, 283, 2444, 1732, 2357, 3099, 914, 57, 273, 1221, 1848, 2365, 588, 2646, 3143, 488, 1128, 2418, 1271, 1431, 338, 2948, 554, 923, 2429, 1945, 1606, 761, 2446, 2140, 1076, 2156, 848, 2568, 15, 2091, 2390, 84, 2641, 90, 135, 1176, 3085, 2555, 1120, 2002, 2506, 195, 1437, 199, 1915, 2671, 2053, 2542, 1158, 2843, 258, 2981, 502, 2409, 2096, 2619, 1824, 593, 3298, 2133, 2596, 3163, 2349, 3127, 461, 1970, 795, 1294, 278, 984, 63, 1954, 494, 2775, 569, 2655, 2141, 971, 3043, 3056, 1737, 2395, 2159, 3165, 51, 648, 1077, 1950, 196, 2226, 836, 1999, 3155, 324, 3164, 1861, 358, 208, 2447, 1656, 2798, 3063, 3293, 364, 2863, 2518, 1764, 1854, 2743, 634, 1495, 1603, 957, 2456, 2773, 844, 3078, 2672, 2321, 2165, 3147, 2193, 1436, 2468, 1782, 1888, 2578, 236, 226]",239,250,4,False,250
106,numeric,numeric,5,True,True,True,"{2: 91, 1: 95, 5: 64}","[3093, 1527, 2071, 1634, 2300, 2155, 1018, 1199, 840, 825, 2602, 2492, 2097, 2859, 748, 2839, 2023, 2087, 2123, 128, 3030, 75, 1355, 37, 2666, 2458, 2105, 3270, 40, 2020, 126, 1434, 438, 3244, 2714, 2318, 599, 952, 2377, 1597, 2072, 1984, 1644, 2290, 1936, 2259, 2032, 53, 111, 2590, 3037, 600, 3141, 1548, 2341, 1633, 1493, 2705, 373, 2658, 558, 818, 3075, 709, 551, 517, 2358, 2285, 2685, 1723, 3216, 1382, 2889, 2022, 1767, 2354, 2615, 1321, 391, 2963, 1468, 1869, 1850, 1020, 3086, 721, 3149, 2691, 1255, 139, 3252, 785, 1744, 849, 2338, 144, 921, 671, 1795, 1368, 2434, 2222, 3110, 2504, 282, 2901, 2012, 1881, 564, 2503, 3185, 2398, 3083, 519, 296, 533, 283, 2444, 1732, 2357, 3099, 914, 57, 273, 1221, 1848, 2365, 588, 2646, 3143, 488, 1128, 2418, 1271, 1431, 338, 2948, 554, 923, 2429, 1945, 1606, 761, 2446, 2140, 1076, 2156, 848, 2568, 15, 2091, 2390, 84, 2641, 90, 135, 1176, 3085, 2555, 1120, 2002, 2506, 195, 1437, 199, 1915, 2671, 2053, 2542, 1158, 2843, 258, 2981, 502, 2409, 2096, 2619, 1824, 593, 3298, 2133, 2596, 3163, 2349, 3127, 461, 1970, 795, 1294, 278, 984, 63, 1954, 494, 2775, 569, 2655, 2141, 971, 3043, 3056, 1737, 2395, 2159, 3165, 51, 648, 1077, 1950, 196, 2226, 836, 1999, 3155, 324, 3164, 1861, 358, 208, 2447, 1656, 2798, 3063, 3293, 364, 2863, 2518, 1764, 1854, 2743, 634, 1495, 1603, 957, 2456, 2773, 844, 3078, 2672, 2321, 2165, 3147, 2193, 1436, 2468, 1782, 1888, 2578, 236, 226]",106,250,4,False,250
116,numeric,numeric,5,True,True,True,"{2: 91, 1: 95, 5: 64}","[3093, 1527, 2071, 1634, 2300, 2155, 1018, 1199, 840, 825, 2602, 2492, 2097, 2859, 748, 2839, 2023, 2087, 2123, 128, 3030, 75, 1355, 37, 2666, 2458, 2105, 3270, 40, 2020, 126, 1434, 438, 3244, 2714, 2318, 599, 952, 2377, 1597, 2072, 1984, 1644, 2290, 1936, 2259, 2032, 53, 111, 2590, 3037, 600, 3141, 1548, 2341, 1633, 1493, 2705, 373, 2658, 558, 818, 3075, 709, 551, 517, 2358, 2285, 2685, 1723, 3216, 1382, 2889, 2022, 1767, 2354, 2615, 1321, 391, 2963, 1468, 1869, 1850, 1020, 3086, 721, 3149, 2691, 1255, 139, 3252, 785, 1744, 849, 2338, 144, 921, 671, 1795, 1368, 2434, 2222, 3110, 2504, 282, 2901, 2012, 1881, 564, 2503, 3185, 2398, 3083, 519, 296, 533, 283, 2444, 1732, 2357, 3099, 914, 57, 273, 1221, 1848, 2365, 588, 2646, 3143, 488, 1128, 2418, 1271, 1431, 338, 2948, 554, 923, 2429, 1945, 1606, 761, 2446, 2140, 1076, 2156, 848, 2568, 15, 2091, 2390, 84, 2641, 90, 135, 1176, 3085, 2555, 1120, 2002, 2506, 195, 1437, 199, 1915, 2671, 2053, 2542, 1158, 2843, 258, 2981, 502, 2409, 2096, 2619, 1824, 593, 3298, 2133, 2596, 3163, 2349, 3127, 461, 1970, 795, 1294, 278, 984, 63, 1954, 494, 2775, 569, 2655, 2141, 971, 3043, 3056, 1737, 2395, 2159, 3165, 51, 648, 1077, 1950, 196, 2226, 836, 1999, 3155, 324, 3164, 1861, 358, 208, 2447, 1656, 2798, 3063, 3293, 364, 2863, 2518, 1764, 1854, 2743, 634, 1495, 1603, 957, 2456, 2773, 844, 3078, 2672, 2321, 2165, 3147, 2193, 1436, 2468, 1782, 1888, 2578, 236, 226]",116,250,4,False,250
1,description,description,2,True,True,True,"{2: 91, 1: 95, 5: 64}","[3093, 1527, 2071, 1634, 2300, 2155, 1018, 1199, 840, 825, 2602, 2492, 2097, 2859, 748, 2839, 2023, 2087, 2123, 128, 3030, 75, 1355, 37, 2666, 2458, 2105, 3270, 40, 2020, 126, 1434, 438, 3244, 2714, 2318, 599, 952, 2377, 1597, 2072, 1984, 1644, 2290, 1936, 2259, 2032, 53, 111, 2590, 3037, 600, 3141, 1548, 2341, 1633, 1493, 2705, 373, 2658, 558, 818, 3075, 709, 551, 517, 2358, 2285, 2685, 1723, 3216, 1382, 2889, 2022, 1767, 2354, 2615, 1321, 391, 2963, 1468, 1869, 1850, 1020, 3086, 721, 3149, 2691, 1255, 139, 3252, 785, 1744, 849, 2338, 144, 921, 671, 1795, 1368, 2434, 2222, 3110, 2504, 282, 2901, 2012, 1881, 564, 2503, 3185, 2398, 3083, 519, 296, 533, 283, 2444, 1732, 2357, 3099, 914, 57, 273, 1221, 1848, 2365, 588, 2646, 3143, 488, 1128, 2418, 1271, 1431, 338, 2948, 554, 923, 2429, 1945, 1606, 761, 2446, 2140, 1076, 2156, 848, 2568, 15, 2091, 2390, 84, 2641, 90, 135, 1176, 3085, 2555, 1120, 2002, 2506, 195, 1437, 199, 1915, 2671, 2053, 2542, 1158, 2843, 258, 2981, 502, 2409, 2096, 2619, 1824, 593, 3298, 2133, 2596, 3163, 2349, 3127, 461, 1970, 795, 1294, 278, 984, 63, 1954, 494, 2775, 569, 2655, 2141, 971, 3043, 3056, 1737, 2395, 2159, 3165, 51, 648, 1077, 1950, 196, 2226, 836, 1999, 3155, 324, 3164, 1861, 358, 208, 2447, 1656, 2798, 3063, 3293, 364, 2863, 2518, 1764, 1854, 2743, 634, 1495, 1603, 957, 2456, 2773, 844, 3078, 2672, 2321, 2165, 3147, 2193, 1436, 2468, 1782, 1888, 2578, 236, 226]",1,250,4,False,250
70,numeric,numeric,5,True,True,True,"{2: 91, 1: 95, 5: 64}","[3093, 1527, 2071, 1634, 2300, 2155, 1018, 1199, 840, 825, 2602, 2492, 2097, 2859, 748, 2839, 2023, 2087, 2123, 128, 3030, 75, 1355, 37, 2666, 2458, 2105, 3270, 40, 2020, 126, 1434, 438, 3244, 2714, 2318, 599, 952, 2377, 1597, 2072, 1984, 1644, 2290, 1936, 2259, 2032, 53, 111, 2590, 3037, 600, 3141, 1548, 2341, 1633, 1493, 2705, 373, 2658, 558, 818, 3075, 709, 551, 517, 2358, 2285, 2685, 1723, 3216, 1382, 2889, 2022, 1767, 2354, 2615, 1321, 391, 2963, 1468, 1869, 1850, 1020, 3086, 721, 3149, 2691, 1255, 139, 3252, 785, 1744, 849, 2338, 144, 921, 671, 1795, 1368, 2434, 2222, 3110, 2504, 282, 2901, 2012, 1881, 564, 2503, 3185, 2398, 3083, 519, 296, 533, 283, 2444, 1732, 2357, 3099, 914, 57, 273, 1221, 1848, 2365, 588, 2646, 3143, 488, 1128, 2418, 1271, 1431, 338, 2948, 554, 923, 2429, 1945, 1606, 761, 2446, 2140, 1076, 2156, 848, 2568, 15, 2091, 2390, 84, 2641, 90, 135, 1176, 3085, 2555, 1120, 2002, 2506, 195, 1437, 199, 1915, 2671, 2053, 2542, 1158, 2843, 258, 2981, 502, 2409, 2096, 2619, 1824, 593, 3298, 2133, 2596, 3163, 2349, 3127, 461, 1970, 795, 1294, 278, 984, 63, 1954, 494, 2775, 569, 2655, 2141, 971, 3043, 3056, 1737, 2395, 2159, 3165, 51, 648, 1077, 1950, 196, 2226, 836, 1999, 3155, 324, 3164, 1861, 358, 208, 2447, 1656, 2798, 3063, 3293, 364, 2863, 2518, 1764, 1854, 2743, 634, 1495, 1603, 957, 2456, 2773, 844, 3078, 2672, 2321, 2165, 3147, 2193, 1436, 2468, 1782, 1888, 2578, 236, 226]",70,250,4,False,250
328,entity,entity,1,True,True,True,"{2: 91, 1: 95, 5: 64}","[3093, 1527, 2071, 1634, 2300, 2155, 1018, 1199, 840, 825, 2602, 2492, 2097, 2859, 748, 2839, 2023, 2087, 2123, 128, 3030, 75, 1355, 37, 2666, 2458, 2105, 3270, 40, 2020, 126, 1434, 438, 3244, 2714, 2318, 599, 952, 2377, 1597, 2072, 1984, 1644, 2290, 1936, 2259, 2032, 53, 111, 2590, 3037, 600, 3141, 1548, 2341, 1633, 1493, 2705, 373, 2658, 558, 818, 3075, 709, 551, 517, 2358, 2285, 2685, 1723, 3216, 1382, 2889, 2022, 1767, 2354, 2615, 1321, 391, 2963, 1468, 1869, 1850, 1020, 3086, 721, 3149, 2691, 1255, 139, 3252, 785, 1744, 849, 2338, 144, 921, 671, 1795, 1368, 2434, 2222, 3110, 2504, 282, 2901, 2012, 1881, 564, 2503, 3185, 2398, 3083, 519, 296, 533, 283, 2444, 1732, 2357, 3099, 914, 57, 273, 1221, 1848, 2365, 588, 2646, 3143, 488, 1128, 2418, 1271, 1431, 338, 2948, 554, 923, 2429, 1945, 1606, 761, 2446, 2140, 1076, 2156, 848, 2568, 15, 2091, 2390, 84, 2641, 90, 135, 1176, 3085, 2555, 1120, 2002, 2506, 195, 1437, 199, 1915, 2671, 2053, 2542, 1158, 2843, 258, 2981, 502, 2409, 2096, 2619, 1824, 593, 3298, 2133, 2596, 3163, 2349, 3127, 461, 1970, 795, 1294, 278, 984, 63, 1954, 494, 2775, 569, 2655, 2141, 971, 3043, 3056, 1737, 2395, 2159, 3165, 51, 648, 1077, 1950, 196, 2226, 836, 1999, 3155, 324, 3164, 1861, 358, 208, 2447, 1656, 2798, 3063, 3293, 364, 2863, 2518, 1764, 1854, 2743, 634, 1495, 1603, 957, 2456, 2773, 844, 3078, 2672, 2321, 2165, 3147, 2193, 1436, 2468, 1782, 1888, 2578, 236, 226]",328,250,4,False,250
241,numeric,numeric,5,True,True,True,"{2: 91, 1: 95, 5: 64}","[3093, 1527, 2071, 1634, 2300, 2155, 1018, 1199, 840, 825, 2602, 2492, 2097, 2859, 748, 2839, 2023, 2087, 2123, 128, 3030, 75, 1355, 37, 2666, 2458, 2105, 3270, 40, 2020, 126, 1434, 438, 3244, 2714, 2318, 599, 952, 2377, 1597, 2072, 1984, 1644, 2290, 1936, 2259, 2032, 53, 111, 2590, 3037, 600, 3141, 1548, 2341, 1633, 1493, 2705, 373, 2658, 558, 818, 3075, 709, 551, 517, 2358, 2285, 2685, 1723, 3216, 1382, 2889, 2022, 1767, 2354, 2615, 1321, 391, 2963, 1468, 1869, 1850, 1020, 3086, 721, 3149, 2691, 1255, 139, 3252, 785, 1744, 849, 2338, 144, 921, 671, 1795, 1368, 2434, 2222, 3110, 2504, 282, 2901, 2012, 1881, 564, 2503, 3185, 2398, 3083, 519, 296, 533, 283, 2444, 1732, 2357, 3099, 914, 57, 273, 1221, 1848, 2365, 588, 2646, 3143, 488, 1128, 2418, 1271, 1431, 338, 2948, 554, 923, 2429, 1945, 1606, 761, 2446, 2140, 1076, 2156, 848, 2568, 15, 2091, 2390, 84, 2641, 90, 135, 1176, 3085, 2555, 1120, 2002, 2506, 195, 1437, 199, 1915, 2671, 2053, 2542, 1158, 2843, 258, 2981, 502, 2409, 2096, 2619, 1824, 593, 3298, 2133, 2596, 3163, 2349, 3127, 461, 1970, 795, 1294, 278, 984, 63, 1954, 494, 2775, 569, 2655, 2141, 971, 3043, 3056, 1737, 2395, 2159, 3165, 51, 648, 1077, 1950, 196, 2226, 836, 1999, 3155, 324, 3164, 1861, 358, 208, 2447, 1656, 2798, 3063, 3293, 364, 2863, 2518, 1764, 1854, 2743, 634, 1495, 1603, 957, 2456, 2773, 844, 3078, 2672, 2321, 2165, 3147, 2193, 1436, 2468, 1782, 1888, 2578, 236, 226]",241,250,4,False,250
273,description,description,2,True,True,True,"{2: 91, 1: 95, 5: 64}","[3093, 1527, 2071, 1634, 2300, 2155, 1018, 1199, 840, 825, 2602, 2492, 2097, 2859, 748, 2839, 2023, 2087, 2123, 128, 3030, 75, 1355, 37, 2666, 2458, 2105, 3270, 40, 2020, 126, 1434, 438, 3244, 2714, 2318, 599, 952, 2377, 1597, 2072, 1984, 1644, 2290, 1936, 2259, 2032, 53, 111, 2590, 3037, 600, 3141, 1548, 2341, 1633, 1493, 2705, 373, 2658, 558, 818, 3075, 709, 551, 517, 2358, 2285, 2685, 1723, 3216, 1382, 2889, 2022, 1767, 2354, 2615, 1321, 391, 2963, 1468, 1869, 1850, 1020, 3086, 721, 3149, 2691, 1255, 139, 3252, 785, 1744, 849, 2338, 144, 921, 671, 1795, 1368, 2434, 2222, 3110, 2504, 282, 2901, 2012, 1881, 564, 2503, 3185, 2398, 3083, 519, 296, 533, 283, 2444, 1732, 2357, 3099, 914, 57, 273, 1221, 1848, 2365, 588, 2646, 3143, 488, 1128, 2418, 1271, 1431, 338, 2948, 554, 923, 2429, 1945, 1606, 761, 2446, 2140, 1076, 2156, 848, 2568, 15, 2091, 2390, 84, 2641, 90, 135, 1176, 3085, 2555, 1120, 2002, 2506, 195, 1437, 199, 1915, 2671, 2053, 2542, 1158, 2843, 258, 2981, 502, 2409, 2096, 2619, 1824, 593, 3298, 2133, 2596, 3163, 2349, 3127, 461, 1970, 795, 1294, 278, 984, 63, 1954, 494, 2775, 569, 2655, 2141, 971, 3043, 3056, 1737, 2395, 2159, 3165, 51, 648, 1077, 1950, 196, 2226, 836, 1999, 3155, 324, 3164, 1861, 358, 208, 2447, 1656, 2798, 3063, 3293, 364, 2863, 2518, 1764, 1854, 2743, 634, 1495, 1603, 957, 2456, 2773, 844, 3078, 2672, 2321, 2165, 3147, 2193, 1436, 2468, 1782, 1888, 2578, 236, 226]",273,250,4,False,250
13,description,description,2,True,True,True,"{2: 91, 1: 95, 5: 64}","[3093, 1527, 2071, 1634, 2300, 2155, 1018, 1199, 840, 825, 2602, 2492, 2097, 2859, 748, 2839, 2023, 2087, 2123, 128, 3030, 75, 1355, 37, 2666, 2458, 2105, 3270, 40, 2020, 126, 1434, 438, 3244, 2714, 2318, 599, 952, 2377, 1597, 2072, 1984, 1644, 2290, 1936, 2259, 2032, 53, 111, 2590, 3037, 600, 3141, 1548, 2341, 1633, 1493, 2705, 373, 2658, 558, 818, 3075, 709, 551, 517, 2358, 2285, 2685, 1723, 3216, 1382, 2889, 2022, 1767, 2354, 2615, 1321, 391, 2963, 1468, 1869, 1850, 1020, 3086, 721, 3149, 2691, 1255, 139, 3252, 785, 1744, 849, 2338, 144, 921, 671, 1795, 1368, 2434, 2222, 3110, 2504, 282, 2901, 2012, 1881, 564, 2503, 3185, 2398, 3083, 519, 296, 533, 283, 2444, 1732, 2357, 3099, 914, 57, 273, 1221, 1848, 2365, 588, 2646, 3143, 488, 1128, 2418, 1271, 1431, 338, 2948, 554, 923, 2429, 1945, 1606, 761, 2446, 2140, 1076, 2156, 848, 2568, 15, 2091, 2390, 84, 2641, 90, 135, 1176, 3085, 2555, 1120, 2002, 2506, 195, 1437, 199, 1915, 2671, 2053, 2542, 1158, 2843, 258, 2981, 502, 2409, 2096, 2619, 1824, 593, 3298, 2133, 2596, 3163, 2349, 3127, 461, 1970, 795, 1294, 278, 984, 63, 1954, 494, 2775, 569, 2655, 2141, 971, 3043, 3056, 1737, 2395, 2159, 3165, 51, 648, 1077, 1950, 196, 2226, 836, 1999, 3155, 324, 3164, 1861, 358, 208, 2447, 1656, 2798, 3063, 3293, 364, 2863, 2518, 1764, 1854, 2743, 634, 1495, 1603, 957, 2456, 2773, 844, 3078, 2672, 2321, 2165, 3147, 2193, 1436, 2468, 1782, 1888, 2578, 236, 226]",13,250,4,False,250
213,numeric,numeric,5,True,True,True,"{2: 91, 1: 95, 5: 64}","[3093, 1527, 2071, 1634, 2300, 2155, 1018, 1199, 840, 825, 2602, 2492, 2097, 2859, 748, 2839, 2023, 2087, 2123, 128, 3030, 75, 1355, 37, 2666, 2458, 2105, 3270, 40, 2020, 126, 1434, 438, 3244, 2714, 2318, 599, 952, 2377, 1597, 2072, 1984, 1644, 2290, 1936, 2259, 2032, 53, 111, 2590, 3037, 600, 3141, 1548, 2341, 1633, 1493, 2705, 373, 2658, 558, 818, 3075, 709, 551, 517, 2358, 2285, 2685, 1723, 3216, 1382, 2889, 2022, 1767, 2354, 2615, 1321, 391, 2963, 1468, 1869, 1850, 1020, 3086, 721, 3149, 2691, 1255, 139, 3252, 785, 1744, 849, 2338, 144, 921, 671, 1795, 1368, 2434, 2222, 3110, 2504, 282, 2901, 2012, 1881, 564, 2503, 3185, 2398, 3083, 519, 296, 533, 283, 2444, 1732, 2357, 3099, 914, 57, 273, 1221, 1848, 2365, 588, 2646, 3143, 488, 1128, 2418, 1271, 1431, 338, 2948, 554, 923, 2429, 1945, 1606, 761, 2446, 2140, 1076, 2156, 848, 2568, 15, 2091, 2390, 84, 2641, 90, 135, 1176, 3085, 2555, 1120, 2002, 2506, 195, 1437, 199, 1915, 2671, 2053, 2542, 1158, 2843, 258, 2981, 502, 2409, 2096, 2619, 1824, 593, 3298, 2133, 2596, 3163, 2349, 3127, 461, 1970, 795, 1294, 278, 984, 63, 1954, 494, 2775, 569, 2655, 2141, 971, 3043, 3056, 1737, 2395, 2159, 3165, 51, 648, 1077, 1950, 196, 2226, 836, 1999, 3155, 324, 3164, 1861, 358, 208, 2447, 1656, 2798, 3063, 3293, 364, 2863, 2518, 1764, 1854, 2743, 634, 1495, 1603, 957, 2456, 2773, 844, 3078, 2672, 2321, 2165, 3147, 2193, 1436, 2468, 1782, 1888, 2578, 236, 226]",213,250,4,False,250
3,numeric,numeric,5,True,True,True,"{2: 91, 1: 95, 5: 64}","[3093, 1527, 2071, 1634, 2300, 2155, 1018, 1199, 840, 825, 2602, 2492, 2097, 2859, 748, 2839, 2023, 2087, 2123, 128, 3030, 75, 1355, 37, 2666, 2458, 2105, 3270, 40, 2020, 126, 1434, 438, 3244, 2714, 2318, 599, 952, 2377, 1597, 2072, 1984, 1644, 2290, 1936, 2259, 2032, 53, 111, 2590, 3037, 600, 3141, 1548, 2341, 1633, 1493, 2705, 373, 2658, 558, 818, 3075, 709, 551, 517, 2358, 2285, 2685, 1723, 3216, 1382, 2889, 2022, 1767, 2354, 2615, 1321, 391, 2963, 1468, 1869, 1850, 1020, 3086, 721, 3149, 2691, 1255, 139, 3252, 785, 1744, 849, 2338, 144, 921, 671, 1795, 1368, 2434, 2222, 3110, 2504, 282, 2901, 2012, 1881, 564, 2503, 3185, 2398, 3083, 519, 296, 533, 283, 2444, 1732, 2357, 3099, 914, 57, 273, 1221, 1848, 2365, 588, 2646, 3143, 488, 1128, 2418, 1271, 1431, 338, 2948, 554, 923, 2429, 1945, 1606, 761, 2446, 2140, 1076, 2156, 848, 2568, 15, 2091, 2390, 84, 2641, 90, 135, 1176, 3085, 2555, 1120, 2002, 2506, 195, 1437, 199, 1915, 2671, 2053, 2542, 1158, 2843, 258, 2981, 502, 2409, 2096, 2619, 1824, 593, 3298, 2133, 2596, 3163, 2349, 3127, 461, 1970, 795, 1294, 278, 984, 63, 1954, 494, 2775, 569, 2655, 2141, 971, 3043, 3056, 1737, 2395, 2159, 3165, 51, 648, 1077, 1950, 196, 2226, 836, 1999, 3155, 324, 3164, 1861, 358, 208, 2447, 1656, 2798, 3063, 3293, 364, 2863, 2518, 1764, 1854, 2743, 634, 1495, 1603, 957, 2456, 2773, 844, 3078, 2672, 2321, 2165, 3147, 2193, 1436, 2468, 1782, 1888, 2578, 236, 226]",3,250,4,False,250
56,description,description,2,True,True,True,"{2: 91, 1: 95, 5: 64}","[3093, 1527, 2071, 1634, 2300, 2155, 1018, 1199, 840, 825, 2602, 2492, 2097, 2859, 748, 2839, 2023, 2087, 2123, 128, 3030, 75, 1355, 37, 2666, 2458, 2105, 3270, 40, 2020, 126, 1434, 438, 3244, 2714, 2318, 599, 952, 2377, 1597, 2072, 1984, 1644, 2290, 1936, 2259, 2032, 53, 111, 2590, 3037, 600, 3141, 1548, 2341, 1633, 1493, 2705, 373, 2658, 558, 818, 3075, 709, 551, 517, 2358, 2285, 2685, 1723, 3216, 1382, 2889, 2022, 1767, 2354, 2615, 1321, 391, 2963, 1468, 1869, 1850, 1020, 3086, 721, 3149, 2691, 1255, 139, 3252, 785, 1744, 849, 2338, 144, 921, 671, 1795, 1368, 2434, 2222, 3110, 2504, 282, 2901, 2012, 1881, 564, 2503, 3185, 2398, 3083, 519, 296, 533, 283, 2444, 1732, 2357, 3099, 914, 57, 273, 1221, 1848, 2365, 588, 2646, 3143, 488, 1128, 2418, 1271, 1431, 338, 2948, 554, 923, 2429, 1945, 1606, 761, 2446, 2140, 1076, 2156, 848, 2568, 15, 2091, 2390, 84, 2641, 90, 135, 1176, 3085, 2555, 1120, 2002, 2506, 195, 1437, 199, 1915, 2671, 2053, 2542, 1158, 2843, 258, 2981, 502, 2409, 2096, 2619, 1824, 593, 3298, 2133, 2596, 3163, 2349, 3127, 461, 1970, 795, 1294, 278, 984, 63, 1954, 494, 2775, 569, 2655, 2141, 971, 3043, 3056, 1737, 2395, 2159, 3165, 51, 648, 1077, 1950, 196, 2226, 836, 1999, 3155, 324, 3164, 1861, 358, 208, 2447, 1656, 2798, 3063, 3293, 364, 2863, 2518, 1764, 1854, 2743, 634, 1495, 1603, 957, 2456, 2773, 844, 3078, 2672, 2321, 2165, 3147, 2193, 1436, 2468, 1782, 1888, 2578, 236, 226]",56,250,4,False,250
169,numeric,numeric,5,True,True,True,"{2: 91, 1: 95, 5: 64}","[3093, 1527, 2071, 1634, 2300, 2155, 1018, 1199, 840, 825, 2602, 2492, 2097, 2859, 748, 2839, 2023, 2087, 2123, 128, 3030, 75, 1355, 37, 2666, 2458, 2105, 3270, 40, 2020, 126, 1434, 438, 3244, 2714, 2318, 599, 952, 2377, 1597, 2072, 1984, 1644, 2290, 1936, 2259, 2032, 53, 111, 2590, 3037, 600, 3141, 1548, 2341, 1633, 1493, 2705, 373, 2658, 558, 818, 3075, 709, 551, 517, 2358, 2285, 2685, 1723, 3216, 1382, 2889, 2022, 1767, 2354, 2615, 1321, 391, 2963, 1468, 1869, 1850, 1020, 3086, 721, 3149, 2691, 1255, 139, 3252, 785, 1744, 849, 2338, 144, 921, 671, 1795, 1368, 2434, 2222, 3110, 2504, 282, 2901, 2012, 1881, 564, 2503, 3185, 2398, 3083, 519, 296, 533, 283, 2444, 1732, 2357, 3099, 914, 57, 273, 1221, 1848, 2365, 588, 2646, 3143, 488, 1128, 2418, 1271, 1431, 338, 2948, 554, 923, 2429, 1945, 1606, 761, 2446, 2140, 1076, 2156, 848, 2568, 15, 2091, 2390, 84, 2641, 90, 135, 1176, 3085, 2555, 1120, 2002, 2506, 195, 1437, 199, 1915, 2671, 2053, 2542, 1158, 2843, 258, 2981, 502, 2409, 2096, 2619, 1824, 593, 3298, 2133, 2596, 3163, 2349, 3127, 461, 1970, 795, 1294, 278, 984, 63, 1954, 494, 2775, 569, 2655, 2141, 971, 3043, 3056, 1737, 2395, 2159, 3165, 51, 648, 1077, 1950, 196, 2226, 836, 1999, 3155, 324, 3164, 1861, 358, 208, 2447, 1656, 2798, 3063, 3293, 364, 2863, 2518, 1764, 1854, 2743, 634, 1495, 1603, 957, 2456, 2773, 844, 3078, 2672, 2321, 2165, 3147, 2193, 1436, 2468, 1782, 1888, 2578, 236, 226]",169,250,4,False,250
230,description,entity,1,True,False,True,"{2: 91, 1: 95, 5: 64}","[3093, 1527, 2071, 1634, 2300, 2155, 1018, 1199, 840, 825, 2602, 2492, 2097, 2859, 748, 2839, 2023, 2087, 2123, 128, 3030, 75, 1355, 37, 2666, 2458, 2105, 3270, 40, 2020, 126, 1434, 438, 3244, 2714, 2318, 599, 952, 2377, 1597, 2072, 1984, 1644, 2290, 1936, 2259, 2032, 53, 111, 2590, 3037, 600, 3141, 1548, 2341, 1633, 1493, 2705, 373, 2658, 558, 818, 3075, 709, 551, 517, 2358, 2285, 2685, 1723, 3216, 1382, 2889, 2022, 1767, 2354, 2615, 1321, 391, 2963, 1468, 1869, 1850, 1020, 3086, 721, 3149, 2691, 1255, 139, 3252, 785, 1744, 849, 2338, 144, 921, 671, 1795, 1368, 2434, 2222, 3110, 2504, 282, 2901, 2012, 1881, 564, 2503, 3185, 2398, 3083, 519, 296, 533, 283, 2444, 1732, 2357, 3099, 914, 57, 273, 1221, 1848, 2365, 588, 2646, 3143, 488, 1128, 2418, 1271, 1431, 338, 2948, 554, 923, 2429, 1945, 1606, 761, 2446, 2140, 1076, 2156, 848, 2568, 15, 2091, 2390, 84, 2641, 90, 135, 1176, 3085, 2555, 1120, 2002, 2506, 195, 1437, 199, 1915, 2671, 2053, 2542, 1158, 2843, 258, 2981, 502, 2409, 2096, 2619, 1824, 593, 3298, 2133, 2596, 3163, 2349, 3127, 461, 1970, 795, 1294, 278, 984, 63, 1954, 494, 2775, 569, 2655, 2141, 971, 3043, 3056, 1737, 2395, 2159, 3165, 51, 648, 1077, 1950, 196, 2226, 836, 1999, 3155, 324, 3164, 1861, 358, 208, 2447, 1656, 2798, 3063, 3293, 364, 2863, 2518, 1764, 1854, 2743, 634, 1495, 1603, 957, 2456, 2773, 844, 3078, 2672, 2321, 2165, 3147, 2193, 1436, 2468, 1782, 1888, 2578, 236, 226]",230,250,4,False,250
66,description,description,2,True,True,True,"{2: 91, 1: 95, 5: 64}","[3093, 1527, 2071, 1634, 2300, 2155, 1018, 1199, 840, 825, 2602, 2492, 2097, 2859, 748, 2839, 2023, 2087, 2123, 128, 3030, 75, 1355, 37, 2666, 2458, 2105, 3270, 40, 2020, 126, 1434, 438, 3244, 2714, 2318, 599, 952, 2377, 1597, 2072, 1984, 1644, 2290, 1936, 2259, 2032, 53, 111, 2590, 3037, 600, 3141, 1548, 2341, 1633, 1493, 2705, 373, 2658, 558, 818, 3075, 709, 551, 517, 2358, 2285, 2685, 1723, 3216, 1382, 2889, 2022, 1767, 2354, 2615, 1321, 391, 2963, 1468, 1869, 1850, 1020, 3086, 721, 3149, 2691, 1255, 139, 3252, 785, 1744, 849, 2338, 144, 921, 671, 1795, 1368, 2434, 2222, 3110, 2504, 282, 2901, 2012, 1881, 564, 2503, 3185, 2398, 3083, 519, 296, 533, 283, 2444, 1732, 2357, 3099, 914, 57, 273, 1221, 1848, 2365, 588, 2646, 3143, 488, 1128, 2418, 1271, 1431, 338, 2948, 554, 923, 2429, 1945, 1606, 761, 2446, 2140, 1076, 2156, 848, 2568, 15, 2091, 2390, 84, 2641, 90, 135, 1176, 3085, 2555, 1120, 2002, 2506, 195, 1437, 199, 1915, 2671, 2053, 2542, 1158, 2843, 258, 2981, 502, 2409, 2096, 2619, 1824, 593, 3298, 2133, 2596, 3163, 2349, 3127, 461, 1970, 795, 1294, 278, 984, 63, 1954, 494, 2775, 569, 2655, 2141, 971, 3043, 3056, 1737, 2395, 2159, 3165, 51, 648, 1077, 1950, 196, 2226, 836, 1999, 3155, 324, 3164, 1861, 358, 208, 2447, 1656, 2798, 3063, 3293, 364, 2863, 2518, 1764, 1854, 2743, 634, 1495, 1603, 957, 2456, 2773, 844, 3078, 2672, 2321, 2165, 3147, 2193, 1436, 2468, 1782, 1888, 2578, 236, 226]",66,250,4,False,250
172,numeric,numeric,5,True,True,True,"{2: 91, 1: 95, 5: 64}","[3093, 1527, 2071, 1634, 2300, 2155, 1018, 1199, 840, 825, 2602, 2492, 2097, 2859, 748, 2839, 2023, 2087, 2123, 128, 3030, 75, 1355, 37, 2666, 2458, 2105, 3270, 40, 2020, 126, 1434, 438, 3244, 2714, 2318, 599, 952, 2377, 1597, 2072, 1984, 1644, 2290, 1936, 2259, 2032, 53, 111, 2590, 3037, 600, 3141, 1548, 2341, 1633, 1493, 2705, 373, 2658, 558, 818, 3075, 709, 551, 517, 2358, 2285, 2685, 1723, 3216, 1382, 2889, 2022, 1767, 2354, 2615, 1321, 391, 2963, 1468, 1869, 1850, 1020, 3086, 721, 3149, 2691, 1255, 139, 3252, 785, 1744, 849, 2338, 144, 921, 671, 1795, 1368, 2434, 2222, 3110, 2504, 282, 2901, 2012, 1881, 564, 2503, 3185, 2398, 3083, 519, 296, 533, 283, 2444, 1732, 2357, 3099, 914, 57, 273, 1221, 1848, 2365, 588, 2646, 3143, 488, 1128, 2418, 1271, 1431, 338, 2948, 554, 923, 2429, 1945, 1606, 761, 2446, 2140, 1076, 2156, 848, 2568, 15, 2091, 2390, 84, 2641, 90, 135, 1176, 3085, 2555, 1120, 2002, 2506, 195, 1437, 199, 1915, 2671, 2053, 2542, 1158, 2843, 258, 2981, 502, 2409, 2096, 2619, 1824, 593, 3298, 2133, 2596, 3163, 2349, 3127, 461, 1970, 795, 1294, 278, 984, 63, 1954, 494, 2775, 569, 2655, 2141, 971, 3043, 3056, 1737, 2395, 2159, 3165, 51, 648, 1077, 1950, 196, 2226, 836, 1999, 3155, 324, 3164, 1861, 358, 208, 2447, 1656, 2798, 3063, 3293, 364, 2863, 2518, 1764, 1854, 2743, 634, 1495, 1603, 957, 2456, 2773, 844, 3078, 2672, 2321, 2165, 3147, 2193, 1436, 2468, 1782, 1888, 2578, 236, 226]",172,250,4,False,250
221,numeric,numeric,5,True,True,True,"{2: 91, 1: 95, 5: 64}","[3093, 1527, 2071, 1634, 2300, 2155, 1018, 1199, 840, 825, 2602, 2492, 2097, 2859, 748, 2839, 2023, 2087, 2123, 128, 3030, 75, 1355, 37, 2666, 2458, 2105, 3270, 40, 2020, 126, 1434, 438, 3244, 2714, 2318, 599, 952, 2377, 1597, 2072, 1984, 1644, 2290, 1936, 2259, 2032, 53, 111, 2590, 3037, 600, 3141, 1548, 2341, 1633, 1493, 2705, 373, 2658, 558, 818, 3075, 709, 551, 517, 2358, 2285, 2685, 1723, 3216, 1382, 2889, 2022, 1767, 2354, 2615, 1321, 391, 2963, 1468, 1869, 1850, 1020, 3086, 721, 3149, 2691, 1255, 139, 3252, 785, 1744, 849, 2338, 144, 921, 671, 1795, 1368, 2434, 2222, 3110, 2504, 282, 2901, 2012, 1881, 564, 2503, 3185, 2398, 3083, 519, 296, 533, 283, 2444, 1732, 2357, 3099, 914, 57, 273, 1221, 1848, 2365, 588, 2646, 3143, 488, 1128, 2418, 1271, 1431, 338, 2948, 554, 923, 2429, 1945, 1606, 761, 2446, 2140, 1076, 2156, 848, 2568, 15, 2091, 2390, 84, 2641, 90, 135, 1176, 3085, 2555, 1120, 2002, 2506, 195, 1437, 199, 1915, 2671, 2053, 2542, 1158, 2843, 258, 2981, 502, 2409, 2096, 2619, 1824, 593, 3298, 2133, 2596, 3163, 2349, 3127, 461, 1970, 795, 1294, 278, 984, 63, 1954, 494, 2775, 569, 2655, 2141, 971, 3043, 3056, 1737, 2395, 2159, 3165, 51, 648, 1077, 1950, 196, 2226, 836, 1999, 3155, 324, 3164, 1861, 358, 208, 2447, 1656, 2798, 3063, 3293, 364, 2863, 2518, 1764, 1854, 2743, 634, 1495, 1603, 957, 2456, 2773, 844, 3078, 2672, 2321, 2165, 3147, 2193, 1436, 2468, 1782, 1888, 2578, 236, 226]",221,250,4,False,250
329,entity,entity,1,True,True,True,"{2: 91, 1: 95, 5: 64}","[3093, 1527, 2071, 1634, 2300, 2155, 1018, 1199, 840, 825, 2602, 2492, 2097, 2859, 748, 2839, 2023, 2087, 2123, 128, 3030, 75, 1355, 37, 2666, 2458, 2105, 3270, 40, 2020, 126, 1434, 438, 3244, 2714, 2318, 599, 952, 2377, 1597, 2072, 1984, 1644, 2290, 1936, 2259, 2032, 53, 111, 2590, 3037, 600, 3141, 1548, 2341, 1633, 1493, 2705, 373, 2658, 558, 818, 3075, 709, 551, 517, 2358, 2285, 2685, 1723, 3216, 1382, 2889, 2022, 1767, 2354, 2615, 1321, 391, 2963, 1468, 1869, 1850, 1020, 3086, 721, 3149, 2691, 1255, 139, 3252, 785, 1744, 849, 2338, 144, 921, 671, 1795, 1368, 2434, 2222, 3110, 2504, 282, 2901, 2012, 1881, 564, 2503, 3185, 2398, 3083, 519, 296, 533, 283, 2444, 1732, 2357, 3099, 914, 57, 273, 1221, 1848, 2365, 588, 2646, 3143, 488, 1128, 2418, 1271, 1431, 338, 2948, 554, 923, 2429, 1945, 1606, 761, 2446, 2140, 1076, 2156, 848, 2568, 15, 2091, 2390, 84, 2641, 90, 135, 1176, 3085, 2555, 1120, 2002, 2506, 195, 1437, 199, 1915, 2671, 2053, 2542, 1158, 2843, 258, 2981, 502, 2409, 2096, 2619, 1824, 593, 3298, 2133, 2596, 3163, 2349, 3127, 461, 1970, 795, 1294, 278, 984, 63, 1954, 494, 2775, 569, 2655, 2141, 971, 3043, 3056, 1737, 2395, 2159, 3165, 51, 648, 1077, 1950, 196, 2226, 836, 1999, 3155, 324, 3164, 1861, 358, 208, 2447, 1656, 2798, 3063, 3293, 364, 2863, 2518, 1764, 1854, 2743, 634, 1495, 1603, 957, 2456, 2773, 844, 3078, 2672, 2321, 2165, 3147, 2193, 1436, 2468, 1782, 1888, 2578, 236, 226]",329,250,4,False,250
11,description,description,2,True,True,True,"{2: 91, 1: 95, 5: 64}","[3093, 1527, 2071, 1634, 2300, 2155, 1018, 1199, 840, 825, 2602, 2492, 2097, 2859, 748, 2839, 2023, 2087, 2123, 128, 3030, 75, 1355, 37, 2666, 2458, 2105, 3270, 40, 2020, 126, 1434, 438, 3244, 2714, 2318, 599, 952, 2377, 1597, 2072, 1984, 1644, 2290, 1936, 2259, 2032, 53, 111, 2590, 3037, 600, 3141, 1548, 2341, 1633, 1493, 2705, 373, 2658, 558, 818, 3075, 709, 551, 517, 2358, 2285, 2685, 1723, 3216, 1382, 2889, 2022, 1767, 2354, 2615, 1321, 391, 2963, 1468, 1869, 1850, 1020, 3086, 721, 3149, 2691, 1255, 139, 3252, 785, 1744, 849, 2338, 144, 921, 671, 1795, 1368, 2434, 2222, 3110, 2504, 282, 2901, 2012, 1881, 564, 2503, 3185, 2398, 3083, 519, 296, 533, 283, 2444, 1732, 2357, 3099, 914, 57, 273, 1221, 1848, 2365, 588, 2646, 3143, 488, 1128, 2418, 1271, 1431, 338, 2948, 554, 923, 2429, 1945, 1606, 761, 2446, 2140, 1076, 2156, 848, 2568, 15, 2091, 2390, 84, 2641, 90, 135, 1176, 3085, 2555, 1120, 2002, 2506, 195, 1437, 199, 1915, 2671, 2053, 2542, 1158, 2843, 258, 2981, 502, 2409, 2096, 2619, 1824, 593, 3298, 2133, 2596, 3163, 2349, 3127, 461, 1970, 795, 1294, 278, 984, 63, 1954, 494, 2775, 569, 2655, 2141, 971, 3043, 3056, 1737, 2395, 2159, 3165, 51, 648, 1077, 1950, 196, 2226, 836, 1999, 3155, 324, 3164, 1861, 358, 208, 2447, 1656, 2798, 3063, 3293, 364, 2863, 2518, 1764, 1854, 2743, 634, 1495, 1603, 957, 2456, 2773, 844, 3078, 2672, 2321, 2165, 3147, 2193, 1436, 2468, 1782, 1888, 2578, 236, 226]",11,250,4,False,250
324,description,entity,1,True,False,True,"{2: 91, 1: 95, 5: 64}","[3093, 1527, 2071, 1634, 2300, 2155, 1018, 1199, 840, 825, 2602, 2492, 2097, 2859, 748, 2839, 2023, 2087, 2123, 128, 3030, 75, 1355, 37, 2666, 2458, 2105, 3270, 40, 2020, 126, 1434, 438, 3244, 2714, 2318, 599, 952, 2377, 1597, 2072, 1984, 1644, 2290, 1936, 2259, 2032, 53, 111, 2590, 3037, 600, 3141, 1548, 2341, 1633, 1493, 2705, 373, 2658, 558, 818, 3075, 709, 551, 517, 2358, 2285, 2685, 1723, 3216, 1382, 2889, 2022, 1767, 2354, 2615, 1321, 391, 2963, 1468, 1869, 1850, 1020, 3086, 721, 3149, 2691, 1255, 139, 3252, 785, 1744, 849, 2338, 144, 921, 671, 1795, 1368, 2434, 2222, 3110, 2504, 282, 2901, 2012, 1881, 564, 2503, 3185, 2398, 3083, 519, 296, 533, 283, 2444, 1732, 2357, 3099, 914, 57, 273, 1221, 1848, 2365, 588, 2646, 3143, 488, 1128, 2418, 1271, 1431, 338, 2948, 554, 923, 2429, 1945, 1606, 761, 2446, 2140, 1076, 2156, 848, 2568, 15, 2091, 2390, 84, 2641, 90, 135, 1176, 3085, 2555, 1120, 2002, 2506, 195, 1437, 199, 1915, 2671, 2053, 2542, 1158, 2843, 258, 2981, 502, 2409, 2096, 2619, 1824, 593, 3298, 2133, 2596, 3163, 2349, 3127, 461, 1970, 795, 1294, 278, 984, 63, 1954, 494, 2775, 569, 2655, 2141, 971, 3043, 3056, 1737, 2395, 2159, 3165, 51, 648, 1077, 1950, 196, 2226, 836, 1999, 3155, 324, 3164, 1861, 358, 208, 2447, 1656, 2798, 3063, 3293, 364, 2863, 2518, 1764, 1854, 2743, 634, 1495, 1603, 957, 2456, 2773, 844, 3078, 2672, 2321, 2165, 3147, 2193, 1436, 2468, 1782, 1888, 2578, 236, 226]",324,250,4,False,250
126,description,description,2,True,True,True,"{2: 91, 1: 95, 5: 64}","[3093, 1527, 2071, 1634, 2300, 2155, 1018, 1199, 840, 825, 2602, 2492, 2097, 2859, 748, 2839, 2023, 2087, 2123, 128, 3030, 75, 1355, 37, 2666, 2458, 2105, 3270, 40, 2020, 126, 1434, 438, 3244, 2714, 2318, 599, 952, 2377, 1597, 2072, 1984, 1644, 2290, 1936, 2259, 2032, 53, 111, 2590, 3037, 600, 3141, 1548, 2341, 1633, 1493, 2705, 373, 2658, 558, 818, 3075, 709, 551, 517, 2358, 2285, 2685, 1723, 3216, 1382, 2889, 2022, 1767, 2354, 2615, 1321, 391, 2963, 1468, 1869, 1850, 1020, 3086, 721, 3149, 2691, 1255, 139, 3252, 785, 1744, 849, 2338, 144, 921, 671, 1795, 1368, 2434, 2222, 3110, 2504, 282, 2901, 2012, 1881, 564, 2503, 3185, 2398, 3083, 519, 296, 533, 283, 2444, 1732, 2357, 3099, 914, 57, 273, 1221, 1848, 2365, 588, 2646, 3143, 488, 1128, 2418, 1271, 1431, 338, 2948, 554, 923, 2429, 1945, 1606, 761, 2446, 2140, 1076, 2156, 848, 2568, 15, 2091, 2390, 84, 2641, 90, 135, 1176, 3085, 2555, 1120, 2002, 2506, 195, 1437, 199, 1915, 2671, 2053, 2542, 1158, 2843, 258, 2981, 502, 2409, 2096, 2619, 1824, 593, 3298, 2133, 2596, 3163, 2349, 3127, 461, 1970, 795, 1294, 278, 984, 63, 1954, 494, 2775, 569, 2655, 2141, 971, 3043, 3056, 1737, 2395, 2159, 3165, 51, 648, 1077, 1950, 196, 2226, 836, 1999, 3155, 324, 3164, 1861, 358, 208, 2447, 1656, 2798, 3063, 3293, 364, 2863, 2518, 1764, 1854, 2743, 634, 1495, 1603, 957, 2456, 2773, 844, 3078, 2672, 2321, 2165, 3147, 2193, 1436, 2468, 1782, 1888, 2578, 236, 226]",126,250,4,False,250
36,description,description,2,True,True,True,"{2: 91, 1: 95, 5: 64}","[3093, 1527, 2071, 1634, 2300, 2155, 1018, 1199, 840, 825, 2602, 2492, 2097, 2859, 748, 2839, 2023, 2087, 2123, 128, 3030, 75, 1355, 37, 2666, 2458, 2105, 3270, 40, 2020, 126, 1434, 438, 3244, 2714, 2318, 599, 952, 2377, 1597, 2072, 1984, 1644, 2290, 1936, 2259, 2032, 53, 111, 2590, 3037, 600, 3141, 1548, 2341, 1633, 1493, 2705, 373, 2658, 558, 818, 3075, 709, 551, 517, 2358, 2285, 2685, 1723, 3216, 1382, 2889, 2022, 1767, 2354, 2615, 1321, 391, 2963, 1468, 1869, 1850, 1020, 3086, 721, 3149, 2691, 1255, 139, 3252, 785, 1744, 849, 2338, 144, 921, 671, 1795, 1368, 2434, 2222, 3110, 2504, 282, 2901, 2012, 1881, 564, 2503, 3185, 2398, 3083, 519, 296, 533, 283, 2444, 1732, 2357, 3099, 914, 57, 273, 1221, 1848, 2365, 588, 2646, 3143, 488, 1128, 2418, 1271, 1431, 338, 2948, 554, 923, 2429, 1945, 1606, 761, 2446, 2140, 1076, 2156, 848, 2568, 15, 2091, 2390, 84, 2641, 90, 135, 1176, 3085, 2555, 1120, 2002, 2506, 195, 1437, 199, 1915, 2671, 2053, 2542, 1158, 2843, 258, 2981, 502, 2409, 2096, 2619, 1824, 593, 3298, 2133, 2596, 3163, 2349, 3127, 461, 1970, 795, 1294, 278, 984, 63, 1954, 494, 2775, 569, 2655, 2141, 971, 3043, 3056, 1737, 2395, 2159, 3165, 51, 648, 1077, 1950, 196, 2226, 836, 1999, 3155, 324, 3164, 1861, 358, 208, 2447, 1656, 2798, 3063, 3293, 364, 2863, 2518, 1764, 1854, 2743, 634, 1495, 1603, 957, 2456, 2773, 844, 3078, 2672, 2321, 2165, 3147, 2193, 1436, 2468, 1782, 1888, 2578, 236, 226]",36,250,4,False,250
104,description,description,2,True,True,True,"{2: 91, 1: 95, 5: 64}","[3093, 1527, 2071, 1634, 2300, 2155, 1018, 1199, 840, 825, 2602, 2492, 2097, 2859, 748, 2839, 2023, 2087, 2123, 128, 3030, 75, 1355, 37, 2666, 2458, 2105, 3270, 40, 2020, 126, 1434, 438, 3244, 2714, 2318, 599, 952, 2377, 1597, 2072, 1984, 1644, 2290, 1936, 2259, 2032, 53, 111, 2590, 3037, 600, 3141, 1548, 2341, 1633, 1493, 2705, 373, 2658, 558, 818, 3075, 709, 551, 517, 2358, 2285, 2685, 1723, 3216, 1382, 2889, 2022, 1767, 2354, 2615, 1321, 391, 2963, 1468, 1869, 1850, 1020, 3086, 721, 3149, 2691, 1255, 139, 3252, 785, 1744, 849, 2338, 144, 921, 671, 1795, 1368, 2434, 2222, 3110, 2504, 282, 2901, 2012, 1881, 564, 2503, 3185, 2398, 3083, 519, 296, 533, 283, 2444, 1732, 2357, 3099, 914, 57, 273, 1221, 1848, 2365, 588, 2646, 3143, 488, 1128, 2418, 1271, 1431, 338, 2948, 554, 923, 2429, 1945, 1606, 761, 2446, 2140, 1076, 2156, 848, 2568, 15, 2091, 2390, 84, 2641, 90, 135, 1176, 3085, 2555, 1120, 2002, 2506, 195, 1437, 199, 1915, 2671, 2053, 2542, 1158, 2843, 258, 2981, 502, 2409, 2096, 2619, 1824, 593, 3298, 2133, 2596, 3163, 2349, 3127, 461, 1970, 795, 1294, 278, 984, 63, 1954, 494, 2775, 569, 2655, 2141, 971, 3043, 3056, 1737, 2395, 2159, 3165, 51, 648, 1077, 1950, 196, 2226, 836, 1999, 3155, 324, 3164, 1861, 358, 208, 2447, 1656, 2798, 3063, 3293, 364, 2863, 2518, 1764, 1854, 2743, 634, 1495, 1603, 957, 2456, 2773, 844, 3078, 2672, 2321, 2165, 3147, 2193, 1436, 2468, 1782, 1888, 2578, 236, 226]",104,250,4,False,250
178,numeric,numeric,5,True,True,True,"{2: 91, 1: 95, 5: 64}","[3093, 1527, 2071, 1634, 2300, 2155, 1018, 1199, 840, 825, 2602, 2492, 2097, 2859, 748, 2839, 2023, 2087, 2123, 128, 3030, 75, 1355, 37, 2666, 2458, 2105, 3270, 40, 2020, 126, 1434, 438, 3244, 2714, 2318, 599, 952, 2377, 1597, 2072, 1984, 1644, 2290, 1936, 2259, 2032, 53, 111, 2590, 3037, 600, 3141, 1548, 2341, 1633, 1493, 2705, 373, 2658, 558, 818, 3075, 709, 551, 517, 2358, 2285, 2685, 1723, 3216, 1382, 2889, 2022, 1767, 2354, 2615, 1321, 391, 2963, 1468, 1869, 1850, 1020, 3086, 721, 3149, 2691, 1255, 139, 3252, 785, 1744, 849, 2338, 144, 921, 671, 1795, 1368, 2434, 2222, 3110, 2504, 282, 2901, 2012, 1881, 564, 2503, 3185, 2398, 3083, 519, 296, 533, 283, 2444, 1732, 2357, 3099, 914, 57, 273, 1221, 1848, 2365, 588, 2646, 3143, 488, 1128, 2418, 1271, 1431, 338, 2948, 554, 923, 2429, 1945, 1606, 761, 2446, 2140, 1076, 2156, 848, 2568, 15, 2091, 2390, 84, 2641, 90, 135, 1176, 3085, 2555, 1120, 2002, 2506, 195, 1437, 199, 1915, 2671, 2053, 2542, 1158, 2843, 258, 2981, 502, 2409, 2096, 2619, 1824, 593, 3298, 2133, 2596, 3163, 2349, 3127, 461, 1970, 795, 1294, 278, 984, 63, 1954, 494, 2775, 569, 2655, 2141, 971, 3043, 3056, 1737, 2395, 2159, 3165, 51, 648, 1077, 1950, 196, 2226, 836, 1999, 3155, 324, 3164, 1861, 358, 208, 2447, 1656, 2798, 3063, 3293, 364, 2863, 2518, 1764, 1854, 2743, 634, 1495, 1603, 957, 2456, 2773, 844, 3078, 2672, 2321, 2165, 3147, 2193, 1436, 2468, 1782, 1888, 2578, 236, 226]",178,250,4,False,250
259,numeric,numeric,5,True,True,True,"{2: 91, 1: 95, 5: 64}","[3093, 1527, 2071, 1634, 2300, 2155, 1018, 1199, 840, 825, 2602, 2492, 2097, 2859, 748, 2839, 2023, 2087, 2123, 128, 3030, 75, 1355, 37, 2666, 2458, 2105, 3270, 40, 2020, 126, 1434, 438, 3244, 2714, 2318, 599, 952, 2377, 1597, 2072, 1984, 1644, 2290, 1936, 2259, 2032, 53, 111, 2590, 3037, 600, 3141, 1548, 2341, 1633, 1493, 2705, 373, 2658, 558, 818, 3075, 709, 551, 517, 2358, 2285, 2685, 1723, 3216, 1382, 2889, 2022, 1767, 2354, 2615, 1321, 391, 2963, 1468, 1869, 1850, 1020, 3086, 721, 3149, 2691, 1255, 139, 3252, 785, 1744, 849, 2338, 144, 921, 671, 1795, 1368, 2434, 2222, 3110, 2504, 282, 2901, 2012, 1881, 564, 2503, 3185, 2398, 3083, 519, 296, 533, 283, 2444, 1732, 2357, 3099, 914, 57, 273, 1221, 1848, 2365, 588, 2646, 3143, 488, 1128, 2418, 1271, 1431, 338, 2948, 554, 923, 2429, 1945, 1606, 761, 2446, 2140, 1076, 2156, 848, 2568, 15, 2091, 2390, 84, 2641, 90, 135, 1176, 3085, 2555, 1120, 2002, 2506, 195, 1437, 199, 1915, 2671, 2053, 2542, 1158, 2843, 258, 2981, 502, 2409, 2096, 2619, 1824, 593, 3298, 2133, 2596, 3163, 2349, 3127, 461, 1970, 795, 1294, 278, 984, 63, 1954, 494, 2775, 569, 2655, 2141, 971, 3043, 3056, 1737, 2395, 2159, 3165, 51, 648, 1077, 1950, 196, 2226, 836, 1999, 3155, 324, 3164, 1861, 358, 208, 2447, 1656, 2798, 3063, 3293, 364, 2863, 2518, 1764, 1854, 2743, 634, 1495, 1603, 957, 2456, 2773, 844, 3078, 2672, 2321, 2165, 3147, 2193, 1436, 2468, 1782, 1888, 2578, 236, 226]",259,250,4,False,250
132,numeric,numeric,5,True,True,True,"{2: 91, 1: 95, 5: 64}","[3093, 1527, 2071, 1634, 2300, 2155, 1018, 1199, 840, 825, 2602, 2492, 2097, 2859, 748, 2839, 2023, 2087, 2123, 128, 3030, 75, 1355, 37, 2666, 2458, 2105, 3270, 40, 2020, 126, 1434, 438, 3244, 2714, 2318, 599, 952, 2377, 1597, 2072, 1984, 1644, 2290, 1936, 2259, 2032, 53, 111, 2590, 3037, 600, 3141, 1548, 2341, 1633, 1493, 2705, 373, 2658, 558, 818, 3075, 709, 551, 517, 2358, 2285, 2685, 1723, 3216, 1382, 2889, 2022, 1767, 2354, 2615, 1321, 391, 2963, 1468, 1869, 1850, 1020, 3086, 721, 3149, 2691, 1255, 139, 3252, 785, 1744, 849, 2338, 144, 921, 671, 1795, 1368, 2434, 2222, 3110, 2504, 282, 2901, 2012, 1881, 564, 2503, 3185, 2398, 3083, 519, 296, 533, 283, 2444, 1732, 2357, 3099, 914, 57, 273, 1221, 1848, 2365, 588, 2646, 3143, 488, 1128, 2418, 1271, 1431, 338, 2948, 554, 923, 2429, 1945, 1606, 761, 2446, 2140, 1076, 2156, 848, 2568, 15, 2091, 2390, 84, 2641, 90, 135, 1176, 3085, 2555, 1120, 2002, 2506, 195, 1437, 199, 1915, 2671, 2053, 2542, 1158, 2843, 258, 2981, 502, 2409, 2096, 2619, 1824, 593, 3298, 2133, 2596, 3163, 2349, 3127, 461, 1970, 795, 1294, 278, 984, 63, 1954, 494, 2775, 569, 2655, 2141, 971, 3043, 3056, 1737, 2395, 2159, 3165, 51, 648, 1077, 1950, 196, 2226, 836, 1999, 3155, 324, 3164, 1861, 358, 208, 2447, 1656, 2798, 3063, 3293, 364, 2863, 2518, 1764, 1854, 2743, 634, 1495, 1603, 957, 2456, 2773, 844, 3078, 2672, 2321, 2165, 3147, 2193, 1436, 2468, 1782, 1888, 2578, 236, 226]",132,250,4,False,250
319,description,description,2,True,True,True,"{2: 91, 1: 95, 5: 64}","[3093, 1527, 2071, 1634, 2300, 2155, 1018, 1199, 840, 825, 2602, 2492, 2097, 2859, 748, 2839, 2023, 2087, 2123, 128, 3030, 75, 1355, 37, 2666, 2458, 2105, 3270, 40, 2020, 126, 1434, 438, 3244, 2714, 2318, 599, 952, 2377, 1597, 2072, 1984, 1644, 2290, 1936, 2259, 2032, 53, 111, 2590, 3037, 600, 3141, 1548, 2341, 1633, 1493, 2705, 373, 2658, 558, 818, 3075, 709, 551, 517, 2358, 2285, 2685, 1723, 3216, 1382, 2889, 2022, 1767, 2354, 2615, 1321, 391, 2963, 1468, 1869, 1850, 1020, 3086, 721, 3149, 2691, 1255, 139, 3252, 785, 1744, 849, 2338, 144, 921, 671, 1795, 1368, 2434, 2222, 3110, 2504, 282, 2901, 2012, 1881, 564, 2503, 3185, 2398, 3083, 519, 296, 533, 283, 2444, 1732, 2357, 3099, 914, 57, 273, 1221, 1848, 2365, 588, 2646, 3143, 488, 1128, 2418, 1271, 1431, 338, 2948, 554, 923, 2429, 1945, 1606, 761, 2446, 2140, 1076, 2156, 848, 2568, 15, 2091, 2390, 84, 2641, 90, 135, 1176, 3085, 2555, 1120, 2002, 2506, 195, 1437, 199, 1915, 2671, 2053, 2542, 1158, 2843, 258, 2981, 502, 2409, 2096, 2619, 1824, 593, 3298, 2133, 2596, 3163, 2349, 3127, 461, 1970, 795, 1294, 278, 984, 63, 1954, 494, 2775, 569, 2655, 2141, 971, 3043, 3056, 1737, 2395, 2159, 3165, 51, 648, 1077, 1950, 196, 2226, 836, 1999, 3155, 324, 3164, 1861, 358, 208, 2447, 1656, 2798, 3063, 3293, 364, 2863, 2518, 1764, 1854, 2743, 634, 1495, 1603, 957, 2456, 2773, 844, 3078, 2672, 2321, 2165, 3147, 2193, 1436, 2468, 1782, 1888, 2578, 236, 226]",319,250,4,False,250
27,description,description,2,True,True,True,"{2: 91, 1: 95, 5: 64}","[3093, 1527, 2071, 1634, 2300, 2155, 1018, 1199, 840, 825, 2602, 2492, 2097, 2859, 748, 2839, 2023, 2087, 2123, 128, 3030, 75, 1355, 37, 2666, 2458, 2105, 3270, 40, 2020, 126, 1434, 438, 3244, 2714, 2318, 599, 952, 2377, 1597, 2072, 1984, 1644, 2290, 1936, 2259, 2032, 53, 111, 2590, 3037, 600, 3141, 1548, 2341, 1633, 1493, 2705, 373, 2658, 558, 818, 3075, 709, 551, 517, 2358, 2285, 2685, 1723, 3216, 1382, 2889, 2022, 1767, 2354, 2615, 1321, 391, 2963, 1468, 1869, 1850, 1020, 3086, 721, 3149, 2691, 1255, 139, 3252, 785, 1744, 849, 2338, 144, 921, 671, 1795, 1368, 2434, 2222, 3110, 2504, 282, 2901, 2012, 1881, 564, 2503, 3185, 2398, 3083, 519, 296, 533, 283, 2444, 1732, 2357, 3099, 914, 57, 273, 1221, 1848, 2365, 588, 2646, 3143, 488, 1128, 2418, 1271, 1431, 338, 2948, 554, 923, 2429, 1945, 1606, 761, 2446, 2140, 1076, 2156, 848, 2568, 15, 2091, 2390, 84, 2641, 90, 135, 1176, 3085, 2555, 1120, 2002, 2506, 195, 1437, 199, 1915, 2671, 2053, 2542, 1158, 2843, 258, 2981, 502, 2409, 2096, 2619, 1824, 593, 3298, 2133, 2596, 3163, 2349, 3127, 461, 1970, 795, 1294, 278, 984, 63, 1954, 494, 2775, 569, 2655, 2141, 971, 3043, 3056, 1737, 2395, 2159, 3165, 51, 648, 1077, 1950, 196, 2226, 836, 1999, 3155, 324, 3164, 1861, 358, 208, 2447, 1656, 2798, 3063, 3293, 364, 2863, 2518, 1764, 1854, 2743, 634, 1495, 1603, 957, 2456, 2773, 844, 3078, 2672, 2321, 2165, 3147, 2193, 1436, 2468, 1782, 1888, 2578, 236, 226]",27,250,4,False,250
299,entity,entity,1,True,True,True,"{2: 91, 1: 95, 5: 64}","[3093, 1527, 2071, 1634, 2300, 2155, 1018, 1199, 840, 825, 2602, 2492, 2097, 2859, 748, 2839, 2023, 2087, 2123, 128, 3030, 75, 1355, 37, 2666, 2458, 2105, 3270, 40, 2020, 126, 1434, 438, 3244, 2714, 2318, 599, 952, 2377, 1597, 2072, 1984, 1644, 2290, 1936, 2259, 2032, 53, 111, 2590, 3037, 600, 3141, 1548, 2341, 1633, 1493, 2705, 373, 2658, 558, 818, 3075, 709, 551, 517, 2358, 2285, 2685, 1723, 3216, 1382, 2889, 2022, 1767, 2354, 2615, 1321, 391, 2963, 1468, 1869, 1850, 1020, 3086, 721, 3149, 2691, 1255, 139, 3252, 785, 1744, 849, 2338, 144, 921, 671, 1795, 1368, 2434, 2222, 3110, 2504, 282, 2901, 2012, 1881, 564, 2503, 3185, 2398, 3083, 519, 296, 533, 283, 2444, 1732, 2357, 3099, 914, 57, 273, 1221, 1848, 2365, 588, 2646, 3143, 488, 1128, 2418, 1271, 1431, 338, 2948, 554, 923, 2429, 1945, 1606, 761, 2446, 2140, 1076, 2156, 848, 2568, 15, 2091, 2390, 84, 2641, 90, 135, 1176, 3085, 2555, 1120, 2002, 2506, 195, 1437, 199, 1915, 2671, 2053, 2542, 1158, 2843, 258, 2981, 502, 2409, 2096, 2619, 1824, 593, 3298, 2133, 2596, 3163, 2349, 3127, 461, 1970, 795, 1294, 278, 984, 63, 1954, 494, 2775, 569, 2655, 2141, 971, 3043, 3056, 1737, 2395, 2159, 3165, 51, 648, 1077, 1950, 196, 2226, 836, 1999, 3155, 324, 3164, 1861, 358, 208, 2447, 1656, 2798, 3063, 3293, 364, 2863, 2518, 1764, 1854, 2743, 634, 1495, 1603, 957, 2456, 2773, 844, 3078, 2672, 2321, 2165, 3147, 2193, 1436, 2468, 1782, 1888, 2578, 236, 226]",299,250,4,False,250
47,entity,entity,1,True,True,True,"{2: 91, 1: 95, 5: 64}","[3093, 1527, 2071, 1634, 2300, 2155, 1018, 1199, 840, 825, 2602, 2492, 2097, 2859, 748, 2839, 2023, 2087, 2123, 128, 3030, 75, 1355, 37, 2666, 2458, 2105, 3270, 40, 2020, 126, 1434, 438, 3244, 2714, 2318, 599, 952, 2377, 1597, 2072, 1984, 1644, 2290, 1936, 2259, 2032, 53, 111, 2590, 3037, 600, 3141, 1548, 2341, 1633, 1493, 2705, 373, 2658, 558, 818, 3075, 709, 551, 517, 2358, 2285, 2685, 1723, 3216, 1382, 2889, 2022, 1767, 2354, 2615, 1321, 391, 2963, 1468, 1869, 1850, 1020, 3086, 721, 3149, 2691, 1255, 139, 3252, 785, 1744, 849, 2338, 144, 921, 671, 1795, 1368, 2434, 2222, 3110, 2504, 282, 2901, 2012, 1881, 564, 2503, 3185, 2398, 3083, 519, 296, 533, 283, 2444, 1732, 2357, 3099, 914, 57, 273, 1221, 1848, 2365, 588, 2646, 3143, 488, 1128, 2418, 1271, 1431, 338, 2948, 554, 923, 2429, 1945, 1606, 761, 2446, 2140, 1076, 2156, 848, 2568, 15, 2091, 2390, 84, 2641, 90, 135, 1176, 3085, 2555, 1120, 2002, 2506, 195, 1437, 199, 1915, 2671, 2053, 2542, 1158, 2843, 258, 2981, 502, 2409, 2096, 2619, 1824, 593, 3298, 2133, 2596, 3163, 2349, 3127, 461, 1970, 795, 1294, 278, 984, 63, 1954, 494, 2775, 569, 2655, 2141, 971, 3043, 3056, 1737, 2395, 2159, 3165, 51, 648, 1077, 1950, 196, 2226, 836, 1999, 3155, 324, 3164, 1861, 358, 208, 2447, 1656, 2798, 3063, 3293, 364, 2863, 2518, 1764, 1854, 2743, 634, 1495, 1603, 957, 2456, 2773, 844, 3078, 2672, 2321, 2165, 3147, 2193, 1436, 2468, 1782, 1888, 2578, 236, 226]",47,250,4,False,250
10,entity,entity,1,True,True,True,"{2: 91, 1: 95, 5: 64}","[3093, 1527, 2071, 1634, 2300, 2155, 1018, 1199, 840, 825, 2602, 2492, 2097, 2859, 748, 2839, 2023, 2087, 2123, 128, 3030, 75, 1355, 37, 2666, 2458, 2105, 3270, 40, 2020, 126, 1434, 438, 3244, 2714, 2318, 599, 952, 2377, 1597, 2072, 1984, 1644, 2290, 1936, 2259, 2032, 53, 111, 2590, 3037, 600, 3141, 1548, 2341, 1633, 1493, 2705, 373, 2658, 558, 818, 3075, 709, 551, 517, 2358, 2285, 2685, 1723, 3216, 1382, 2889, 2022, 1767, 2354, 2615, 1321, 391, 2963, 1468, 1869, 1850, 1020, 3086, 721, 3149, 2691, 1255, 139, 3252, 785, 1744, 849, 2338, 144, 921, 671, 1795, 1368, 2434, 2222, 3110, 2504, 282, 2901, 2012, 1881, 564, 2503, 3185, 2398, 3083, 519, 296, 533, 283, 2444, 1732, 2357, 3099, 914, 57, 273, 1221, 1848, 2365, 588, 2646, 3143, 488, 1128, 2418, 1271, 1431, 338, 2948, 554, 923, 2429, 1945, 1606, 761, 2446, 2140, 1076, 2156, 848, 2568, 15, 2091, 2390, 84, 2641, 90, 135, 1176, 3085, 2555, 1120, 2002, 2506, 195, 1437, 199, 1915, 2671, 2053, 2542, 1158, 2843, 258, 2981, 502, 2409, 2096, 2619, 1824, 593, 3298, 2133, 2596, 3163, 2349, 3127, 461, 1970, 795, 1294, 278, 984, 63, 1954, 494, 2775, 569, 2655, 2141, 971, 3043, 3056, 1737, 2395, 2159, 3165, 51, 648, 1077, 1950, 196, 2226, 836, 1999, 3155, 324, 3164, 1861, 358, 208, 2447, 1656, 2798, 3063, 3293, 364, 2863, 2518, 1764, 1854, 2743, 634, 1495, 1603, 957, 2456, 2773, 844, 3078, 2672, 2321, 2165, 3147, 2193, 1436, 2468, 1782, 1888, 2578, 236, 226]",10,250,4,False,250
252,entity,entity,1,True,True,True,"{2: 91, 1: 95, 5: 64}","[3093, 1527, 2071, 1634, 2300, 2155, 1018, 1199, 840, 825, 2602, 2492, 2097, 2859, 748, 2839, 2023, 2087, 2123, 128, 3030, 75, 1355, 37, 2666, 2458, 2105, 3270, 40, 2020, 126, 1434, 438, 3244, 2714, 2318, 599, 952, 2377, 1597, 2072, 1984, 1644, 2290, 1936, 2259, 2032, 53, 111, 2590, 3037, 600, 3141, 1548, 2341, 1633, 1493, 2705, 373, 2658, 558, 818, 3075, 709, 551, 517, 2358, 2285, 2685, 1723, 3216, 1382, 2889, 2022, 1767, 2354, 2615, 1321, 391, 2963, 1468, 1869, 1850, 1020, 3086, 721, 3149, 2691, 1255, 139, 3252, 785, 1744, 849, 2338, 144, 921, 671, 1795, 1368, 2434, 2222, 3110, 2504, 282, 2901, 2012, 1881, 564, 2503, 3185, 2398, 3083, 519, 296, 533, 283, 2444, 1732, 2357, 3099, 914, 57, 273, 1221, 1848, 2365, 588, 2646, 3143, 488, 1128, 2418, 1271, 1431, 338, 2948, 554, 923, 2429, 1945, 1606, 761, 2446, 2140, 1076, 2156, 848, 2568, 15, 2091, 2390, 84, 2641, 90, 135, 1176, 3085, 2555, 1120, 2002, 2506, 195, 1437, 199, 1915, 2671, 2053, 2542, 1158, 2843, 258, 2981, 502, 2409, 2096, 2619, 1824, 593, 3298, 2133, 2596, 3163, 2349, 3127, 461, 1970, 795, 1294, 278, 984, 63, 1954, 494, 2775, 569, 2655, 2141, 971, 3043, 3056, 1737, 2395, 2159, 3165, 51, 648, 1077, 1950, 196, 2226, 836, 1999, 3155, 324, 3164, 1861, 358, 208, 2447, 1656, 2798, 3063, 3293, 364, 2863, 2518, 1764, 1854, 2743, 634, 1495, 1603, 957, 2456, 2773, 844, 3078, 2672, 2321, 2165, 3147, 2193, 1436, 2468, 1782, 1888, 2578, 236, 226]",252,250,4,False,250
320,description,description,2,True,True,True,"{2: 91, 1: 95, 5: 64}","[3093, 1527, 2071, 1634, 2300, 2155, 1018, 1199, 840, 825, 2602, 2492, 2097, 2859, 748, 2839, 2023, 2087, 2123, 128, 3030, 75, 1355, 37, 2666, 2458, 2105, 3270, 40, 2020, 126, 1434, 438, 3244, 2714, 2318, 599, 952, 2377, 1597, 2072, 1984, 1644, 2290, 1936, 2259, 2032, 53, 111, 2590, 3037, 600, 3141, 1548, 2341, 1633, 1493, 2705, 373, 2658, 558, 818, 3075, 709, 551, 517, 2358, 2285, 2685, 1723, 3216, 1382, 2889, 2022, 1767, 2354, 2615, 1321, 391, 2963, 1468, 1869, 1850, 1020, 3086, 721, 3149, 2691, 1255, 139, 3252, 785, 1744, 849, 2338, 144, 921, 671, 1795, 1368, 2434, 2222, 3110, 2504, 282, 2901, 2012, 1881, 564, 2503, 3185, 2398, 3083, 519, 296, 533, 283, 2444, 1732, 2357, 3099, 914, 57, 273, 1221, 1848, 2365, 588, 2646, 3143, 488, 1128, 2418, 1271, 1431, 338, 2948, 554, 923, 2429, 1945, 1606, 761, 2446, 2140, 1076, 2156, 848, 2568, 15, 2091, 2390, 84, 2641, 90, 135, 1176, 3085, 2555, 1120, 2002, 2506, 195, 1437, 199, 1915, 2671, 2053, 2542, 1158, 2843, 258, 2981, 502, 2409, 2096, 2619, 1824, 593, 3298, 2133, 2596, 3163, 2349, 3127, 461, 1970, 795, 1294, 278, 984, 63, 1954, 494, 2775, 569, 2655, 2141, 971, 3043, 3056, 1737, 2395, 2159, 3165, 51, 648, 1077, 1950, 196, 2226, 836, 1999, 3155, 324, 3164, 1861, 358, 208, 2447, 1656, 2798, 3063, 3293, 364, 2863, 2518, 1764, 1854, 2743, 634, 1495, 1603, 957, 2456, 2773, 844, 3078, 2672, 2321, 2165, 3147, 2193, 1436, 2468, 1782, 1888, 2578, 236, 226]",320,250,4,False,250
251,entity,entity,1,True,True,True,"{2: 91, 1: 95, 5: 64}","[3093, 1527, 2071, 1634, 2300, 2155, 1018, 1199, 840, 825, 2602, 2492, 2097, 2859, 748, 2839, 2023, 2087, 2123, 128, 3030, 75, 1355, 37, 2666, 2458, 2105, 3270, 40, 2020, 126, 1434, 438, 3244, 2714, 2318, 599, 952, 2377, 1597, 2072, 1984, 1644, 2290, 1936, 2259, 2032, 53, 111, 2590, 3037, 600, 3141, 1548, 2341, 1633, 1493, 2705, 373, 2658, 558, 818, 3075, 709, 551, 517, 2358, 2285, 2685, 1723, 3216, 1382, 2889, 2022, 1767, 2354, 2615, 1321, 391, 2963, 1468, 1869, 1850, 1020, 3086, 721, 3149, 2691, 1255, 139, 3252, 785, 1744, 849, 2338, 144, 921, 671, 1795, 1368, 2434, 2222, 3110, 2504, 282, 2901, 2012, 1881, 564, 2503, 3185, 2398, 3083, 519, 296, 533, 283, 2444, 1732, 2357, 3099, 914, 57, 273, 1221, 1848, 2365, 588, 2646, 3143, 488, 1128, 2418, 1271, 1431, 338, 2948, 554, 923, 2429, 1945, 1606, 761, 2446, 2140, 1076, 2156, 848, 2568, 15, 2091, 2390, 84, 2641, 90, 135, 1176, 3085, 2555, 1120, 2002, 2506, 195, 1437, 199, 1915, 2671, 2053, 2542, 1158, 2843, 258, 2981, 502, 2409, 2096, 2619, 1824, 593, 3298, 2133, 2596, 3163, 2349, 3127, 461, 1970, 795, 1294, 278, 984, 63, 1954, 494, 2775, 569, 2655, 2141, 971, 3043, 3056, 1737, 2395, 2159, 3165, 51, 648, 1077, 1950, 196, 2226, 836, 1999, 3155, 324, 3164, 1861, 358, 208, 2447, 1656, 2798, 3063, 3293, 364, 2863, 2518, 1764, 1854, 2743, 634, 1495, 1603, 957, 2456, 2773, 844, 3078, 2672, 2321, 2165, 3147, 2193, 1436, 2468, 1782, 1888, 2578, 236, 226]",251,250,4,False,250
303,numeric,numeric,5,True,True,True,"{2: 91, 1: 95, 5: 64}","[3093, 1527, 2071, 1634, 2300, 2155, 1018, 1199, 840, 825, 2602, 2492, 2097, 2859, 748, 2839, 2023, 2087, 2123, 128, 3030, 75, 1355, 37, 2666, 2458, 2105, 3270, 40, 2020, 126, 1434, 438, 3244, 2714, 2318, 599, 952, 2377, 1597, 2072, 1984, 1644, 2290, 1936, 2259, 2032, 53, 111, 2590, 3037, 600, 3141, 1548, 2341, 1633, 1493, 2705, 373, 2658, 558, 818, 3075, 709, 551, 517, 2358, 2285, 2685, 1723, 3216, 1382, 2889, 2022, 1767, 2354, 2615, 1321, 391, 2963, 1468, 1869, 1850, 1020, 3086, 721, 3149, 2691, 1255, 139, 3252, 785, 1744, 849, 2338, 144, 921, 671, 1795, 1368, 2434, 2222, 3110, 2504, 282, 2901, 2012, 1881, 564, 2503, 3185, 2398, 3083, 519, 296, 533, 283, 2444, 1732, 2357, 3099, 914, 57, 273, 1221, 1848, 2365, 588, 2646, 3143, 488, 1128, 2418, 1271, 1431, 338, 2948, 554, 923, 2429, 1945, 1606, 761, 2446, 2140, 1076, 2156, 848, 2568, 15, 2091, 2390, 84, 2641, 90, 135, 1176, 3085, 2555, 1120, 2002, 2506, 195, 1437, 199, 1915, 2671, 2053, 2542, 1158, 2843, 258, 2981, 502, 2409, 2096, 2619, 1824, 593, 3298, 2133, 2596, 3163, 2349, 3127, 461, 1970, 795, 1294, 278, 984, 63, 1954, 494, 2775, 569, 2655, 2141, 971, 3043, 3056, 1737, 2395, 2159, 3165, 51, 648, 1077, 1950, 196, 2226, 836, 1999, 3155, 324, 3164, 1861, 358, 208, 2447, 1656, 2798, 3063, 3293, 364, 2863, 2518, 1764, 1854, 2743, 634, 1495, 1603, 957, 2456, 2773, 844, 3078, 2672, 2321, 2165, 3147, 2193, 1436, 2468, 1782, 1888, 2578, 236, 226]",303,250,4,False,250
91,description,description,2,True,True,True,"{2: 91, 1: 95, 5: 64}","[3093, 1527, 2071, 1634, 2300, 2155, 1018, 1199, 840, 825, 2602, 2492, 2097, 2859, 748, 2839, 2023, 2087, 2123, 128, 3030, 75, 1355, 37, 2666, 2458, 2105, 3270, 40, 2020, 126, 1434, 438, 3244, 2714, 2318, 599, 952, 2377, 1597, 2072, 1984, 1644, 2290, 1936, 2259, 2032, 53, 111, 2590, 3037, 600, 3141, 1548, 2341, 1633, 1493, 2705, 373, 2658, 558, 818, 3075, 709, 551, 517, 2358, 2285, 2685, 1723, 3216, 1382, 2889, 2022, 1767, 2354, 2615, 1321, 391, 2963, 1468, 1869, 1850, 1020, 3086, 721, 3149, 2691, 1255, 139, 3252, 785, 1744, 849, 2338, 144, 921, 671, 1795, 1368, 2434, 2222, 3110, 2504, 282, 2901, 2012, 1881, 564, 2503, 3185, 2398, 3083, 519, 296, 533, 283, 2444, 1732, 2357, 3099, 914, 57, 273, 1221, 1848, 2365, 588, 2646, 3143, 488, 1128, 2418, 1271, 1431, 338, 2948, 554, 923, 2429, 1945, 1606, 761, 2446, 2140, 1076, 2156, 848, 2568, 15, 2091, 2390, 84, 2641, 90, 135, 1176, 3085, 2555, 1120, 2002, 2506, 195, 1437, 199, 1915, 2671, 2053, 2542, 1158, 2843, 258, 2981, 502, 2409, 2096, 2619, 1824, 593, 3298, 2133, 2596, 3163, 2349, 3127, 461, 1970, 795, 1294, 278, 984, 63, 1954, 494, 2775, 569, 2655, 2141, 971, 3043, 3056, 1737, 2395, 2159, 3165, 51, 648, 1077, 1950, 196, 2226, 836, 1999, 3155, 324, 3164, 1861, 358, 208, 2447, 1656, 2798, 3063, 3293, 364, 2863, 2518, 1764, 1854, 2743, 634, 1495, 1603, 957, 2456, 2773, 844, 3078, 2672, 2321, 2165, 3147, 2193, 1436, 2468, 1782, 1888, 2578, 236, 226]",91,250,4,False,250
76,description,entity,1,True,False,True,"{2: 91, 1: 95, 5: 64}","[3093, 1527, 2071, 1634, 2300, 2155, 1018, 1199, 840, 825, 2602, 2492, 2097, 2859, 748, 2839, 2023, 2087, 2123, 128, 3030, 75, 1355, 37, 2666, 2458, 2105, 3270, 40, 2020, 126, 1434, 438, 3244, 2714, 2318, 599, 952, 2377, 1597, 2072, 1984, 1644, 2290, 1936, 2259, 2032, 53, 111, 2590, 3037, 600, 3141, 1548, 2341, 1633, 1493, 2705, 373, 2658, 558, 818, 3075, 709, 551, 517, 2358, 2285, 2685, 1723, 3216, 1382, 2889, 2022, 1767, 2354, 2615, 1321, 391, 2963, 1468, 1869, 1850, 1020, 3086, 721, 3149, 2691, 1255, 139, 3252, 785, 1744, 849, 2338, 144, 921, 671, 1795, 1368, 2434, 2222, 3110, 2504, 282, 2901, 2012, 1881, 564, 2503, 3185, 2398, 3083, 519, 296, 533, 283, 2444, 1732, 2357, 3099, 914, 57, 273, 1221, 1848, 2365, 588, 2646, 3143, 488, 1128, 2418, 1271, 1431, 338, 2948, 554, 923, 2429, 1945, 1606, 761, 2446, 2140, 1076, 2156, 848, 2568, 15, 2091, 2390, 84, 2641, 90, 135, 1176, 3085, 2555, 1120, 2002, 2506, 195, 1437, 199, 1915, 2671, 2053, 2542, 1158, 2843, 258, 2981, 502, 2409, 2096, 2619, 1824, 593, 3298, 2133, 2596, 3163, 2349, 3127, 461, 1970, 795, 1294, 278, 984, 63, 1954, 494, 2775, 569, 2655, 2141, 971, 3043, 3056, 1737, 2395, 2159, 3165, 51, 648, 1077, 1950, 196, 2226, 836, 1999, 3155, 324, 3164, 1861, 358, 208, 2447, 1656, 2798, 3063, 3293, 364, 2863, 2518, 1764, 1854, 2743, 634, 1495, 1603, 957, 2456, 2773, 844, 3078, 2672, 2321, 2165, 3147, 2193, 1436, 2468, 1782, 1888, 2578, 236, 226]",76,250,4,False,250
77,numeric,numeric,5,True,True,True,"{2: 91, 1: 95, 5: 64}","[3093, 1527, 2071, 1634, 2300, 2155, 1018, 1199, 840, 825, 2602, 2492, 2097, 2859, 748, 2839, 2023, 2087, 2123, 128, 3030, 75, 1355, 37, 2666, 2458, 2105, 3270, 40, 2020, 126, 1434, 438, 3244, 2714, 2318, 599, 952, 2377, 1597, 2072, 1984, 1644, 2290, 1936, 2259, 2032, 53, 111, 2590, 3037, 600, 3141, 1548, 2341, 1633, 1493, 2705, 373, 2658, 558, 818, 3075, 709, 551, 517, 2358, 2285, 2685, 1723, 3216, 1382, 2889, 2022, 1767, 2354, 2615, 1321, 391, 2963, 1468, 1869, 1850, 1020, 3086, 721, 3149, 2691, 1255, 139, 3252, 785, 1744, 849, 2338, 144, 921, 671, 1795, 1368, 2434, 2222, 3110, 2504, 282, 2901, 2012, 1881, 564, 2503, 3185, 2398, 3083, 519, 296, 533, 283, 2444, 1732, 2357, 3099, 914, 57, 273, 1221, 1848, 2365, 588, 2646, 3143, 488, 1128, 2418, 1271, 1431, 338, 2948, 554, 923, 2429, 1945, 1606, 761, 2446, 2140, 1076, 2156, 848, 2568, 15, 2091, 2390, 84, 2641, 90, 135, 1176, 3085, 2555, 1120, 2002, 2506, 195, 1437, 199, 1915, 2671, 2053, 2542, 1158, 2843, 258, 2981, 502, 2409, 2096, 2619, 1824, 593, 3298, 2133, 2596, 3163, 2349, 3127, 461, 1970, 795, 1294, 278, 984, 63, 1954, 494, 2775, 569, 2655, 2141, 971, 3043, 3056, 1737, 2395, 2159, 3165, 51, 648, 1077, 1950, 196, 2226, 836, 1999, 3155, 324, 3164, 1861, 358, 208, 2447, 1656, 2798, 3063, 3293, 364, 2863, 2518, 1764, 1854, 2743, 634, 1495, 1603, 957, 2456, 2773, 844, 3078, 2672, 2321, 2165, 3147, 2193, 1436, 2468, 1782, 1888, 2578, 236, 226]",77,250,4,False,250
223,entity,entity,1,True,True,True,"{2: 91, 1: 95, 5: 64}","[3093, 1527, 2071, 1634, 2300, 2155, 1018, 1199, 840, 825, 2602, 2492, 2097, 2859, 748, 2839, 2023, 2087, 2123, 128, 3030, 75, 1355, 37, 2666, 2458, 2105, 3270, 40, 2020, 126, 1434, 438, 3244, 2714, 2318, 599, 952, 2377, 1597, 2072, 1984, 1644, 2290, 1936, 2259, 2032, 53, 111, 2590, 3037, 600, 3141, 1548, 2341, 1633, 1493, 2705, 373, 2658, 558, 818, 3075, 709, 551, 517, 2358, 2285, 2685, 1723, 3216, 1382, 2889, 2022, 1767, 2354, 2615, 1321, 391, 2963, 1468, 1869, 1850, 1020, 3086, 721, 3149, 2691, 1255, 139, 3252, 785, 1744, 849, 2338, 144, 921, 671, 1795, 1368, 2434, 2222, 3110, 2504, 282, 2901, 2012, 1881, 564, 2503, 3185, 2398, 3083, 519, 296, 533, 283, 2444, 1732, 2357, 3099, 914, 57, 273, 1221, 1848, 2365, 588, 2646, 3143, 488, 1128, 2418, 1271, 1431, 338, 2948, 554, 923, 2429, 1945, 1606, 761, 2446, 2140, 1076, 2156, 848, 2568, 15, 2091, 2390, 84, 2641, 90, 135, 1176, 3085, 2555, 1120, 2002, 2506, 195, 1437, 199, 1915, 2671, 2053, 2542, 1158, 2843, 258, 2981, 502, 2409, 2096, 2619, 1824, 593, 3298, 2133, 2596, 3163, 2349, 3127, 461, 1970, 795, 1294, 278, 984, 63, 1954, 494, 2775, 569, 2655, 2141, 971, 3043, 3056, 1737, 2395, 2159, 3165, 51, 648, 1077, 1950, 196, 2226, 836, 1999, 3155, 324, 3164, 1861, 358, 208, 2447, 1656, 2798, 3063, 3293, 364, 2863, 2518, 1764, 1854, 2743, 634, 1495, 1603, 957, 2456, 2773, 844, 3078, 2672, 2321, 2165, 3147, 2193, 1436, 2468, 1782, 1888, 2578, 236, 226]",223,250,4,False,250
279,description,description,2,True,True,True,"{2: 91, 1: 95, 5: 64}","[3093, 1527, 2071, 1634, 2300, 2155, 1018, 1199, 840, 825, 2602, 2492, 2097, 2859, 748, 2839, 2023, 2087, 2123, 128, 3030, 75, 1355, 37, 2666, 2458, 2105, 3270, 40, 2020, 126, 1434, 438, 3244, 2714, 2318, 599, 952, 2377, 1597, 2072, 1984, 1644, 2290, 1936, 2259, 2032, 53, 111, 2590, 3037, 600, 3141, 1548, 2341, 1633, 1493, 2705, 373, 2658, 558, 818, 3075, 709, 551, 517, 2358, 2285, 2685, 1723, 3216, 1382, 2889, 2022, 1767, 2354, 2615, 1321, 391, 2963, 1468, 1869, 1850, 1020, 3086, 721, 3149, 2691, 1255, 139, 3252, 785, 1744, 849, 2338, 144, 921, 671, 1795, 1368, 2434, 2222, 3110, 2504, 282, 2901, 2012, 1881, 564, 2503, 3185, 2398, 3083, 519, 296, 533, 283, 2444, 1732, 2357, 3099, 914, 57, 273, 1221, 1848, 2365, 588, 2646, 3143, 488, 1128, 2418, 1271, 1431, 338, 2948, 554, 923, 2429, 1945, 1606, 761, 2446, 2140, 1076, 2156, 848, 2568, 15, 2091, 2390, 84, 2641, 90, 135, 1176, 3085, 2555, 1120, 2002, 2506, 195, 1437, 199, 1915, 2671, 2053, 2542, 1158, 2843, 258, 2981, 502, 2409, 2096, 2619, 1824, 593, 3298, 2133, 2596, 3163, 2349, 3127, 461, 1970, 795, 1294, 278, 984, 63, 1954, 494, 2775, 569, 2655, 2141, 971, 3043, 3056, 1737, 2395, 2159, 3165, 51, 648, 1077, 1950, 196, 2226, 836, 1999, 3155, 324, 3164, 1861, 358, 208, 2447, 1656, 2798, 3063, 3293, 364, 2863, 2518, 1764, 1854, 2743, 634, 1495, 1603, 957, 2456, 2773, 844, 3078, 2672, 2321, 2165, 3147, 2193, 1436, 2468, 1782, 1888, 2578, 236, 226]",279,250,4,False,250
0,numeric,numeric,5,True,True,True,"{2: 91, 1: 95, 5: 64}","[3093, 1527, 2071, 1634, 2300, 2155, 1018, 1199, 840, 825, 2602, 2492, 2097, 2859, 748, 2839, 2023, 2087, 2123, 128, 3030, 75, 1355, 37, 2666, 2458, 2105, 3270, 40, 2020, 126, 1434, 438, 3244, 2714, 2318, 599, 952, 2377, 1597, 2072, 1984, 1644, 2290, 1936, 2259, 2032, 53, 111, 2590, 3037, 600, 3141, 1548, 2341, 1633, 1493, 2705, 373, 2658, 558, 818, 3075, 709, 551, 517, 2358, 2285, 2685, 1723, 3216, 1382, 2889, 2022, 1767, 2354, 2615, 1321, 391, 2963, 1468, 1869, 1850, 1020, 3086, 721, 3149, 2691, 1255, 139, 3252, 785, 1744, 849, 2338, 144, 921, 671, 1795, 1368, 2434, 2222, 3110, 2504, 282, 2901, 2012, 1881, 564, 2503, 3185, 2398, 3083, 519, 296, 533, 283, 2444, 1732, 2357, 3099, 914, 57, 273, 1221, 1848, 2365, 588, 2646, 3143, 488, 1128, 2418, 1271, 1431, 338, 2948, 554, 923, 2429, 1945, 1606, 761, 2446, 2140, 1076, 2156, 848, 2568, 15, 2091, 2390, 84, 2641, 90, 135, 1176, 3085, 2555, 1120, 2002, 2506, 195, 1437, 199, 1915, 2671, 2053, 2542, 1158, 2843, 258, 2981, 502, 2409, 2096, 2619, 1824, 593, 3298, 2133, 2596, 3163, 2349, 3127, 461, 1970, 795, 1294, 278, 984, 63, 1954, 494, 2775, 569, 2655, 2141, 971, 3043, 3056, 1737, 2395, 2159, 3165, 51, 648, 1077, 1950, 196, 2226, 836, 1999, 3155, 324, 3164, 1861, 358, 208, 2447, 1656, 2798, 3063, 3293, 364, 2863, 2518, 1764, 1854, 2743, 634, 1495, 1603, 957, 2456, 2773, 844, 3078, 2672, 2321, 2165, 3147, 2193, 1436, 2468, 1782, 1888, 2578, 236, 226]",0,250,4,False,250
266,description,description,2,True,True,True,"{2: 91, 1: 95, 5: 64}","[3093, 1527, 2071, 1634, 2300, 2155, 1018, 1199, 840, 825, 2602, 2492, 2097, 2859, 748, 2839, 2023, 2087, 2123, 128, 3030, 75, 1355, 37, 2666, 2458, 2105, 3270, 40, 2020, 126, 1434, 438, 3244, 2714, 2318, 599, 952, 2377, 1597, 2072, 1984, 1644, 2290, 1936, 2259, 2032, 53, 111, 2590, 3037, 600, 3141, 1548, 2341, 1633, 1493, 2705, 373, 2658, 558, 818, 3075, 709, 551, 517, 2358, 2285, 2685, 1723, 3216, 1382, 2889, 2022, 1767, 2354, 2615, 1321, 391, 2963, 1468, 1869, 1850, 1020, 3086, 721, 3149, 2691, 1255, 139, 3252, 785, 1744, 849, 2338, 144, 921, 671, 1795, 1368, 2434, 2222, 3110, 2504, 282, 2901, 2012, 1881, 564, 2503, 3185, 2398, 3083, 519, 296, 533, 283, 2444, 1732, 2357, 3099, 914, 57, 273, 1221, 1848, 2365, 588, 2646, 3143, 488, 1128, 2418, 1271, 1431, 338, 2948, 554, 923, 2429, 1945, 1606, 761, 2446, 2140, 1076, 2156, 848, 2568, 15, 2091, 2390, 84, 2641, 90, 135, 1176, 3085, 2555, 1120, 2002, 2506, 195, 1437, 199, 1915, 2671, 2053, 2542, 1158, 2843, 258, 2981, 502, 2409, 2096, 2619, 1824, 593, 3298, 2133, 2596, 3163, 2349, 3127, 461, 1970, 795, 1294, 278, 984, 63, 1954, 494, 2775, 569, 2655, 2141, 971, 3043, 3056, 1737, 2395, 2159, 3165, 51, 648, 1077, 1950, 196, 2226, 836, 1999, 3155, 324, 3164, 1861, 358, 208, 2447, 1656, 2798, 3063, 3293, 364, 2863, 2518, 1764, 1854, 2743, 634, 1495, 1603, 957, 2456, 2773, 844, 3078, 2672, 2321, 2165, 3147, 2193, 1436, 2468, 1782, 1888, 2578, 236, 226]",266,250,4,False,250
37,description,description,2,True,True,True,"{2: 91, 1: 95, 5: 64}","[3093, 1527, 2071, 1634, 2300, 2155, 1018, 1199, 840, 825, 2602, 2492, 2097, 2859, 748, 2839, 2023, 2087, 2123, 128, 3030, 75, 1355, 37, 2666, 2458, 2105, 3270, 40, 2020, 126, 1434, 438, 3244, 2714, 2318, 599, 952, 2377, 1597, 2072, 1984, 1644, 2290, 1936, 2259, 2032, 53, 111, 2590, 3037, 600, 3141, 1548, 2341, 1633, 1493, 2705, 373, 2658, 558, 818, 3075, 709, 551, 517, 2358, 2285, 2685, 1723, 3216, 1382, 2889, 2022, 1767, 2354, 2615, 1321, 391, 2963, 1468, 1869, 1850, 1020, 3086, 721, 3149, 2691, 1255, 139, 3252, 785, 1744, 849, 2338, 144, 921, 671, 1795, 1368, 2434, 2222, 3110, 2504, 282, 2901, 2012, 1881, 564, 2503, 3185, 2398, 3083, 519, 296, 533, 283, 2444, 1732, 2357, 3099, 914, 57, 273, 1221, 1848, 2365, 588, 2646, 3143, 488, 1128, 2418, 1271, 1431, 338, 2948, 554, 923, 2429, 1945, 1606, 761, 2446, 2140, 1076, 2156, 848, 2568, 15, 2091, 2390, 84, 2641, 90, 135, 1176, 3085, 2555, 1120, 2002, 2506, 195, 1437, 199, 1915, 2671, 2053, 2542, 1158, 2843, 258, 2981, 502, 2409, 2096, 2619, 1824, 593, 3298, 2133, 2596, 3163, 2349, 3127, 461, 1970, 795, 1294, 278, 984, 63, 1954, 494, 2775, 569, 2655, 2141, 971, 3043, 3056, 1737, 2395, 2159, 3165, 51, 648, 1077, 1950, 196, 2226, 836, 1999, 3155, 324, 3164, 1861, 358, 208, 2447, 1656, 2798, 3063, 3293, 364, 2863, 2518, 1764, 1854, 2743, 634, 1495, 1603, 957, 2456, 2773, 844, 3078, 2672, 2321, 2165, 3147, 2193, 1436, 2468, 1782, 1888, 2578, 236, 226]",37,250,4,False,250
231,numeric,numeric,5,True,True,True,"{2: 91, 1: 95, 5: 64}","[3093, 1527, 2071, 1634, 2300, 2155, 1018, 1199, 840, 825, 2602, 2492, 2097, 2859, 748, 2839, 2023, 2087, 2123, 128, 3030, 75, 1355, 37, 2666, 2458, 2105, 3270, 40, 2020, 126, 1434, 438, 3244, 2714, 2318, 599, 952, 2377, 1597, 2072, 1984, 1644, 2290, 1936, 2259, 2032, 53, 111, 2590, 3037, 600, 3141, 1548, 2341, 1633, 1493, 2705, 373, 2658, 558, 818, 3075, 709, 551, 517, 2358, 2285, 2685, 1723, 3216, 1382, 2889, 2022, 1767, 2354, 2615, 1321, 391, 2963, 1468, 1869, 1850, 1020, 3086, 721, 3149, 2691, 1255, 139, 3252, 785, 1744, 849, 2338, 144, 921, 671, 1795, 1368, 2434, 2222, 3110, 2504, 282, 2901, 2012, 1881, 564, 2503, 3185, 2398, 3083, 519, 296, 533, 283, 2444, 1732, 2357, 3099, 914, 57, 273, 1221, 1848, 2365, 588, 2646, 3143, 488, 1128, 2418, 1271, 1431, 338, 2948, 554, 923, 2429, 1945, 1606, 761, 2446, 2140, 1076, 2156, 848, 2568, 15, 2091, 2390, 84, 2641, 90, 135, 1176, 3085, 2555, 1120, 2002, 2506, 195, 1437, 199, 1915, 2671, 2053, 2542, 1158, 2843, 258, 2981, 502, 2409, 2096, 2619, 1824, 593, 3298, 2133, 2596, 3163, 2349, 3127, 461, 1970, 795, 1294, 278, 984, 63, 1954, 494, 2775, 569, 2655, 2141, 971, 3043, 3056, 1737, 2395, 2159, 3165, 51, 648, 1077, 1950, 196, 2226, 836, 1999, 3155, 324, 3164, 1861, 358, 208, 2447, 1656, 2798, 3063, 3293, 364, 2863, 2518, 1764, 1854, 2743, 634, 1495, 1603, 957, 2456, 2773, 844, 3078, 2672, 2321, 2165, 3147, 2193, 1436, 2468, 1782, 1888, 2578, 236, 226]",231,250,4,False,250
298,numeric,numeric,5,True,True,True,"{2: 91, 1: 95, 5: 64}","[3093, 1527, 2071, 1634, 2300, 2155, 1018, 1199, 840, 825, 2602, 2492, 2097, 2859, 748, 2839, 2023, 2087, 2123, 128, 3030, 75, 1355, 37, 2666, 2458, 2105, 3270, 40, 2020, 126, 1434, 438, 3244, 2714, 2318, 599, 952, 2377, 1597, 2072, 1984, 1644, 2290, 1936, 2259, 2032, 53, 111, 2590, 3037, 600, 3141, 1548, 2341, 1633, 1493, 2705, 373, 2658, 558, 818, 3075, 709, 551, 517, 2358, 2285, 2685, 1723, 3216, 1382, 2889, 2022, 1767, 2354, 2615, 1321, 391, 2963, 1468, 1869, 1850, 1020, 3086, 721, 3149, 2691, 1255, 139, 3252, 785, 1744, 849, 2338, 144, 921, 671, 1795, 1368, 2434, 2222, 3110, 2504, 282, 2901, 2012, 1881, 564, 2503, 3185, 2398, 3083, 519, 296, 533, 283, 2444, 1732, 2357, 3099, 914, 57, 273, 1221, 1848, 2365, 588, 2646, 3143, 488, 1128, 2418, 1271, 1431, 338, 2948, 554, 923, 2429, 1945, 1606, 761, 2446, 2140, 1076, 2156, 848, 2568, 15, 2091, 2390, 84, 2641, 90, 135, 1176, 3085, 2555, 1120, 2002, 2506, 195, 1437, 199, 1915, 2671, 2053, 2542, 1158, 2843, 258, 2981, 502, 2409, 2096, 2619, 1824, 593, 3298, 2133, 2596, 3163, 2349, 3127, 461, 1970, 795, 1294, 278, 984, 63, 1954, 494, 2775, 569, 2655, 2141, 971, 3043, 3056, 1737, 2395, 2159, 3165, 51, 648, 1077, 1950, 196, 2226, 836, 1999, 3155, 324, 3164, 1861, 358, 208, 2447, 1656, 2798, 3063, 3293, 364, 2863, 2518, 1764, 1854, 2743, 634, 1495, 1603, 957, 2456, 2773, 844, 3078, 2672, 2321, 2165, 3147, 2193, 1436, 2468, 1782, 1888, 2578, 236, 226]",298,250,4,False,250
48,numeric,numeric,5,True,True,True,"{2: 91, 1: 95, 5: 64}","[3093, 1527, 2071, 1634, 2300, 2155, 1018, 1199, 840, 825, 2602, 2492, 2097, 2859, 748, 2839, 2023, 2087, 2123, 128, 3030, 75, 1355, 37, 2666, 2458, 2105, 3270, 40, 2020, 126, 1434, 438, 3244, 2714, 2318, 599, 952, 2377, 1597, 2072, 1984, 1644, 2290, 1936, 2259, 2032, 53, 111, 2590, 3037, 600, 3141, 1548, 2341, 1633, 1493, 2705, 373, 2658, 558, 818, 3075, 709, 551, 517, 2358, 2285, 2685, 1723, 3216, 1382, 2889, 2022, 1767, 2354, 2615, 1321, 391, 2963, 1468, 1869, 1850, 1020, 3086, 721, 3149, 2691, 1255, 139, 3252, 785, 1744, 849, 2338, 144, 921, 671, 1795, 1368, 2434, 2222, 3110, 2504, 282, 2901, 2012, 1881, 564, 2503, 3185, 2398, 3083, 519, 296, 533, 283, 2444, 1732, 2357, 3099, 914, 57, 273, 1221, 1848, 2365, 588, 2646, 3143, 488, 1128, 2418, 1271, 1431, 338, 2948, 554, 923, 2429, 1945, 1606, 761, 2446, 2140, 1076, 2156, 848, 2568, 15, 2091, 2390, 84, 2641, 90, 135, 1176, 3085, 2555, 1120, 2002, 2506, 195, 1437, 199, 1915, 2671, 2053, 2542, 1158, 2843, 258, 2981, 502, 2409, 2096, 2619, 1824, 593, 3298, 2133, 2596, 3163, 2349, 3127, 461, 1970, 795, 1294, 278, 984, 63, 1954, 494, 2775, 569, 2655, 2141, 971, 3043, 3056, 1737, 2395, 2159, 3165, 51, 648, 1077, 1950, 196, 2226, 836, 1999, 3155, 324, 3164, 1861, 358, 208, 2447, 1656, 2798, 3063, 3293, 364, 2863, 2518, 1764, 1854, 2743, 634, 1495, 1603, 957, 2456, 2773, 844, 3078, 2672, 2321, 2165, 3147, 2193, 1436, 2468, 1782, 1888, 2578, 236, 226]",48,250,4,False,250
2,numeric,numeric,5,True,True,True,"{2: 91, 1: 95, 5: 64}","[3093, 1527, 2071, 1634, 2300, 2155, 1018, 1199, 840, 825, 2602, 2492, 2097, 2859, 748, 2839, 2023, 2087, 2123, 128, 3030, 75, 1355, 37, 2666, 2458, 2105, 3270, 40, 2020, 126, 1434, 438, 3244, 2714, 2318, 599, 952, 2377, 1597, 2072, 1984, 1644, 2290, 1936, 2259, 2032, 53, 111, 2590, 3037, 600, 3141, 1548, 2341, 1633, 1493, 2705, 373, 2658, 558, 818, 3075, 709, 551, 517, 2358, 2285, 2685, 1723, 3216, 1382, 2889, 2022, 1767, 2354, 2615, 1321, 391, 2963, 1468, 1869, 1850, 1020, 3086, 721, 3149, 2691, 1255, 139, 3252, 785, 1744, 849, 2338, 144, 921, 671, 1795, 1368, 2434, 2222, 3110, 2504, 282, 2901, 2012, 1881, 564, 2503, 3185, 2398, 3083, 519, 296, 533, 283, 2444, 1732, 2357, 3099, 914, 57, 273, 1221, 1848, 2365, 588, 2646, 3143, 488, 1128, 2418, 1271, 1431, 338, 2948, 554, 923, 2429, 1945, 1606, 761, 2446, 2140, 1076, 2156, 848, 2568, 15, 2091, 2390, 84, 2641, 90, 135, 1176, 3085, 2555, 1120, 2002, 2506, 195, 1437, 199, 1915, 2671, 2053, 2542, 1158, 2843, 258, 2981, 502, 2409, 2096, 2619, 1824, 593, 3298, 2133, 2596, 3163, 2349, 3127, 461, 1970, 795, 1294, 278, 984, 63, 1954, 494, 2775, 569, 2655, 2141, 971, 3043, 3056, 1737, 2395, 2159, 3165, 51, 648, 1077, 1950, 196, 2226, 836, 1999, 3155, 324, 3164, 1861, 358, 208, 2447, 1656, 2798, 3063, 3293, 364, 2863, 2518, 1764, 1854, 2743, 634, 1495, 1603, 957, 2456, 2773, 844, 3078, 2672, 2321, 2165, 3147, 2193, 1436, 2468, 1782, 1888, 2578, 236, 226]",2,250,4,False,250
244,entity,entity,1,True,True,True,"{2: 91, 1: 95, 5: 64}","[3093, 1527, 2071, 1634, 2300, 2155, 1018, 1199, 840, 825, 2602, 2492, 2097, 2859, 748, 2839, 2023, 2087, 2123, 128, 3030, 75, 1355, 37, 2666, 2458, 2105, 3270, 40, 2020, 126, 1434, 438, 3244, 2714, 2318, 599, 952, 2377, 1597, 2072, 1984, 1644, 2290, 1936, 2259, 2032, 53, 111, 2590, 3037, 600, 3141, 1548, 2341, 1633, 1493, 2705, 373, 2658, 558, 818, 3075, 709, 551, 517, 2358, 2285, 2685, 1723, 3216, 1382, 2889, 2022, 1767, 2354, 2615, 1321, 391, 2963, 1468, 1869, 1850, 1020, 3086, 721, 3149, 2691, 1255, 139, 3252, 785, 1744, 849, 2338, 144, 921, 671, 1795, 1368, 2434, 2222, 3110, 2504, 282, 2901, 2012, 1881, 564, 2503, 3185, 2398, 3083, 519, 296, 533, 283, 2444, 1732, 2357, 3099, 914, 57, 273, 1221, 1848, 2365, 588, 2646, 3143, 488, 1128, 2418, 1271, 1431, 338, 2948, 554, 923, 2429, 1945, 1606, 761, 2446, 2140, 1076, 2156, 848, 2568, 15, 2091, 2390, 84, 2641, 90, 135, 1176, 3085, 2555, 1120, 2002, 2506, 195, 1437, 199, 1915, 2671, 2053, 2542, 1158, 2843, 258, 2981, 502, 2409, 2096, 2619, 1824, 593, 3298, 2133, 2596, 3163, 2349, 3127, 461, 1970, 795, 1294, 278, 984, 63, 1954, 494, 2775, 569, 2655, 2141, 971, 3043, 3056, 1737, 2395, 2159, 3165, 51, 648, 1077, 1950, 196, 2226, 836, 1999, 3155, 324, 3164, 1861, 358, 208, 2447, 1656, 2798, 3063, 3293, 364, 2863, 2518, 1764, 1854, 2743, 634, 1495, 1603, 957, 2456, 2773, 844, 3078, 2672, 2321, 2165, 3147, 2193, 1436, 2468, 1782, 1888, 2578, 236, 226]",244,250,4,False,250
102,numeric,numeric,5,True,True,True,"{2: 91, 1: 95, 5: 64}","[3093, 1527, 2071, 1634, 2300, 2155, 1018, 1199, 840, 825, 2602, 2492, 2097, 2859, 748, 2839, 2023, 2087, 2123, 128, 3030, 75, 1355, 37, 2666, 2458, 2105, 3270, 40, 2020, 126, 1434, 438, 3244, 2714, 2318, 599, 952, 2377, 1597, 2072, 1984, 1644, 2290, 1936, 2259, 2032, 53, 111, 2590, 3037, 600, 3141, 1548, 2341, 1633, 1493, 2705, 373, 2658, 558, 818, 3075, 709, 551, 517, 2358, 2285, 2685, 1723, 3216, 1382, 2889, 2022, 1767, 2354, 2615, 1321, 391, 2963, 1468, 1869, 1850, 1020, 3086, 721, 3149, 2691, 1255, 139, 3252, 785, 1744, 849, 2338, 144, 921, 671, 1795, 1368, 2434, 2222, 3110, 2504, 282, 2901, 2012, 1881, 564, 2503, 3185, 2398, 3083, 519, 296, 533, 283, 2444, 1732, 2357, 3099, 914, 57, 273, 1221, 1848, 2365, 588, 2646, 3143, 488, 1128, 2418, 1271, 1431, 338, 2948, 554, 923, 2429, 1945, 1606, 761, 2446, 2140, 1076, 2156, 848, 2568, 15, 2091, 2390, 84, 2641, 90, 135, 1176, 3085, 2555, 1120, 2002, 2506, 195, 1437, 199, 1915, 2671, 2053, 2542, 1158, 2843, 258, 2981, 502, 2409, 2096, 2619, 1824, 593, 3298, 2133, 2596, 3163, 2349, 3127, 461, 1970, 795, 1294, 278, 984, 63, 1954, 494, 2775, 569, 2655, 2141, 971, 3043, 3056, 1737, 2395, 2159, 3165, 51, 648, 1077, 1950, 196, 2226, 836, 1999, 3155, 324, 3164, 1861, 358, 208, 2447, 1656, 2798, 3063, 3293, 364, 2863, 2518, 1764, 1854, 2743, 634, 1495, 1603, 957, 2456, 2773, 844, 3078, 2672, 2321, 2165, 3147, 2193, 1436, 2468, 1782, 1888, 2578, 236, 226]",102,250,4,False,250
197,description,description,2,True,True,True,"{2: 91, 1: 95, 5: 64}","[3093, 1527, 2071, 1634, 2300, 2155, 1018, 1199, 840, 825, 2602, 2492, 2097, 2859, 748, 2839, 2023, 2087, 2123, 128, 3030, 75, 1355, 37, 2666, 2458, 2105, 3270, 40, 2020, 126, 1434, 438, 3244, 2714, 2318, 599, 952, 2377, 1597, 2072, 1984, 1644, 2290, 1936, 2259, 2032, 53, 111, 2590, 3037, 600, 3141, 1548, 2341, 1633, 1493, 2705, 373, 2658, 558, 818, 3075, 709, 551, 517, 2358, 2285, 2685, 1723, 3216, 1382, 2889, 2022, 1767, 2354, 2615, 1321, 391, 2963, 1468, 1869, 1850, 1020, 3086, 721, 3149, 2691, 1255, 139, 3252, 785, 1744, 849, 2338, 144, 921, 671, 1795, 1368, 2434, 2222, 3110, 2504, 282, 2901, 2012, 1881, 564, 2503, 3185, 2398, 3083, 519, 296, 533, 283, 2444, 1732, 2357, 3099, 914, 57, 273, 1221, 1848, 2365, 588, 2646, 3143, 488, 1128, 2418, 1271, 1431, 338, 2948, 554, 923, 2429, 1945, 1606, 761, 2446, 2140, 1076, 2156, 848, 2568, 15, 2091, 2390, 84, 2641, 90, 135, 1176, 3085, 2555, 1120, 2002, 2506, 195, 1437, 199, 1915, 2671, 2053, 2542, 1158, 2843, 258, 2981, 502, 2409, 2096, 2619, 1824, 593, 3298, 2133, 2596, 3163, 2349, 3127, 461, 1970, 795, 1294, 278, 984, 63, 1954, 494, 2775, 569, 2655, 2141, 971, 3043, 3056, 1737, 2395, 2159, 3165, 51, 648, 1077, 1950, 196, 2226, 836, 1999, 3155, 324, 3164, 1861, 358, 208, 2447, 1656, 2798, 3063, 3293, 364, 2863, 2518, 1764, 1854, 2743, 634, 1495, 1603, 957, 2456, 2773, 844, 3078, 2672, 2321, 2165, 3147, 2193, 1436, 2468, 1782, 1888, 2578, 236, 226]",197,250,4,False,250
254,numeric,numeric,5,True,True,True,"{2: 91, 1: 95, 5: 64}","[3093, 1527, 2071, 1634, 2300, 2155, 1018, 1199, 840, 825, 2602, 2492, 2097, 2859, 748, 2839, 2023, 2087, 2123, 128, 3030, 75, 1355, 37, 2666, 2458, 2105, 3270, 40, 2020, 126, 1434, 438, 3244, 2714, 2318, 599, 952, 2377, 1597, 2072, 1984, 1644, 2290, 1936, 2259, 2032, 53, 111, 2590, 3037, 600, 3141, 1548, 2341, 1633, 1493, 2705, 373, 2658, 558, 818, 3075, 709, 551, 517, 2358, 2285, 2685, 1723, 3216, 1382, 2889, 2022, 1767, 2354, 2615, 1321, 391, 2963, 1468, 1869, 1850, 1020, 3086, 721, 3149, 2691, 1255, 139, 3252, 785, 1744, 849, 2338, 144, 921, 671, 1795, 1368, 2434, 2222, 3110, 2504, 282, 2901, 2012, 1881, 564, 2503, 3185, 2398, 3083, 519, 296, 533, 283, 2444, 1732, 2357, 3099, 914, 57, 273, 1221, 1848, 2365, 588, 2646, 3143, 488, 1128, 2418, 1271, 1431, 338, 2948, 554, 923, 2429, 1945, 1606, 761, 2446, 2140, 1076, 2156, 848, 2568, 15, 2091, 2390, 84, 2641, 90, 135, 1176, 3085, 2555, 1120, 2002, 2506, 195, 1437, 199, 1915, 2671, 2053, 2542, 1158, 2843, 258, 2981, 502, 2409, 2096, 2619, 1824, 593, 3298, 2133, 2596, 3163, 2349, 3127, 461, 1970, 795, 1294, 278, 984, 63, 1954, 494, 2775, 569, 2655, 2141, 971, 3043, 3056, 1737, 2395, 2159, 3165, 51, 648, 1077, 1950, 196, 2226, 836, 1999, 3155, 324, 3164, 1861, 358, 208, 2447, 1656, 2798, 3063, 3293, 364, 2863, 2518, 1764, 1854, 2743, 634, 1495, 1603, 957, 2456, 2773, 844, 3078, 2672, 2321, 2165, 3147, 2193, 1436, 2468, 1782, 1888, 2578, 236, 226]",254,250,4,False,250
63,description,description,2,True,True,True,"{2: 91, 1: 95, 5: 64}","[3093, 1527, 2071, 1634, 2300, 2155, 1018, 1199, 840, 825, 2602, 2492, 2097, 2859, 748, 2839, 2023, 2087, 2123, 128, 3030, 75, 1355, 37, 2666, 2458, 2105, 3270, 40, 2020, 126, 1434, 438, 3244, 2714, 2318, 599, 952, 2377, 1597, 2072, 1984, 1644, 2290, 1936, 2259, 2032, 53, 111, 2590, 3037, 600, 3141, 1548, 2341, 1633, 1493, 2705, 373, 2658, 558, 818, 3075, 709, 551, 517, 2358, 2285, 2685, 1723, 3216, 1382, 2889, 2022, 1767, 2354, 2615, 1321, 391, 2963, 1468, 1869, 1850, 1020, 3086, 721, 3149, 2691, 1255, 139, 3252, 785, 1744, 849, 2338, 144, 921, 671, 1795, 1368, 2434, 2222, 3110, 2504, 282, 2901, 2012, 1881, 564, 2503, 3185, 2398, 3083, 519, 296, 533, 283, 2444, 1732, 2357, 3099, 914, 57, 273, 1221, 1848, 2365, 588, 2646, 3143, 488, 1128, 2418, 1271, 1431, 338, 2948, 554, 923, 2429, 1945, 1606, 761, 2446, 2140, 1076, 2156, 848, 2568, 15, 2091, 2390, 84, 2641, 90, 135, 1176, 3085, 2555, 1120, 2002, 2506, 195, 1437, 199, 1915, 2671, 2053, 2542, 1158, 2843, 258, 2981, 502, 2409, 2096, 2619, 1824, 593, 3298, 2133, 2596, 3163, 2349, 3127, 461, 1970, 795, 1294, 278, 984, 63, 1954, 494, 2775, 569, 2655, 2141, 971, 3043, 3056, 1737, 2395, 2159, 3165, 51, 648, 1077, 1950, 196, 2226, 836, 1999, 3155, 324, 3164, 1861, 358, 208, 2447, 1656, 2798, 3063, 3293, 364, 2863, 2518, 1764, 1854, 2743, 634, 1495, 1603, 957, 2456, 2773, 844, 3078, 2672, 2321, 2165, 3147, 2193, 1436, 2468, 1782, 1888, 2578, 236, 226]",63,250,4,False,250
256,description,description,2,True,True,True,"{2: 91, 1: 95, 5: 64}","[3093, 1527, 2071, 1634, 2300, 2155, 1018, 1199, 840, 825, 2602, 2492, 2097, 2859, 748, 2839, 2023, 2087, 2123, 128, 3030, 75, 1355, 37, 2666, 2458, 2105, 3270, 40, 2020, 126, 1434, 438, 3244, 2714, 2318, 599, 952, 2377, 1597, 2072, 1984, 1644, 2290, 1936, 2259, 2032, 53, 111, 2590, 3037, 600, 3141, 1548, 2341, 1633, 1493, 2705, 373, 2658, 558, 818, 3075, 709, 551, 517, 2358, 2285, 2685, 1723, 3216, 1382, 2889, 2022, 1767, 2354, 2615, 1321, 391, 2963, 1468, 1869, 1850, 1020, 3086, 721, 3149, 2691, 1255, 139, 3252, 785, 1744, 849, 2338, 144, 921, 671, 1795, 1368, 2434, 2222, 3110, 2504, 282, 2901, 2012, 1881, 564, 2503, 3185, 2398, 3083, 519, 296, 533, 283, 2444, 1732, 2357, 3099, 914, 57, 273, 1221, 1848, 2365, 588, 2646, 3143, 488, 1128, 2418, 1271, 1431, 338, 2948, 554, 923, 2429, 1945, 1606, 761, 2446, 2140, 1076, 2156, 848, 2568, 15, 2091, 2390, 84, 2641, 90, 135, 1176, 3085, 2555, 1120, 2002, 2506, 195, 1437, 199, 1915, 2671, 2053, 2542, 1158, 2843, 258, 2981, 502, 2409, 2096, 2619, 1824, 593, 3298, 2133, 2596, 3163, 2349, 3127, 461, 1970, 795, 1294, 278, 984, 63, 1954, 494, 2775, 569, 2655, 2141, 971, 3043, 3056, 1737, 2395, 2159, 3165, 51, 648, 1077, 1950, 196, 2226, 836, 1999, 3155, 324, 3164, 1861, 358, 208, 2447, 1656, 2798, 3063, 3293, 364, 2863, 2518, 1764, 1854, 2743, 634, 1495, 1603, 957, 2456, 2773, 844, 3078, 2672, 2321, 2165, 3147, 2193, 1436, 2468, 1782, 1888, 2578, 236, 226]",256,250,4,False,250
149,numeric,numeric,5,True,True,True,"{2: 91, 1: 95, 5: 64}","[3093, 1527, 2071, 1634, 2300, 2155, 1018, 1199, 840, 825, 2602, 2492, 2097, 2859, 748, 2839, 2023, 2087, 2123, 128, 3030, 75, 1355, 37, 2666, 2458, 2105, 3270, 40, 2020, 126, 1434, 438, 3244, 2714, 2318, 599, 952, 2377, 1597, 2072, 1984, 1644, 2290, 1936, 2259, 2032, 53, 111, 2590, 3037, 600, 3141, 1548, 2341, 1633, 1493, 2705, 373, 2658, 558, 818, 3075, 709, 551, 517, 2358, 2285, 2685, 1723, 3216, 1382, 2889, 2022, 1767, 2354, 2615, 1321, 391, 2963, 1468, 1869, 1850, 1020, 3086, 721, 3149, 2691, 1255, 139, 3252, 785, 1744, 849, 2338, 144, 921, 671, 1795, 1368, 2434, 2222, 3110, 2504, 282, 2901, 2012, 1881, 564, 2503, 3185, 2398, 3083, 519, 296, 533, 283, 2444, 1732, 2357, 3099, 914, 57, 273, 1221, 1848, 2365, 588, 2646, 3143, 488, 1128, 2418, 1271, 1431, 338, 2948, 554, 923, 2429, 1945, 1606, 761, 2446, 2140, 1076, 2156, 848, 2568, 15, 2091, 2390, 84, 2641, 90, 135, 1176, 3085, 2555, 1120, 2002, 2506, 195, 1437, 199, 1915, 2671, 2053, 2542, 1158, 2843, 258, 2981, 502, 2409, 2096, 2619, 1824, 593, 3298, 2133, 2596, 3163, 2349, 3127, 461, 1970, 795, 1294, 278, 984, 63, 1954, 494, 2775, 569, 2655, 2141, 971, 3043, 3056, 1737, 2395, 2159, 3165, 51, 648, 1077, 1950, 196, 2226, 836, 1999, 3155, 324, 3164, 1861, 358, 208, 2447, 1656, 2798, 3063, 3293, 364, 2863, 2518, 1764, 1854, 2743, 634, 1495, 1603, 957, 2456, 2773, 844, 3078, 2672, 2321, 2165, 3147, 2193, 1436, 2468, 1782, 1888, 2578, 236, 226]",149,250,4,False,250
58,description,description,2,True,True,True,"{2: 91, 1: 95, 5: 64}","[3093, 1527, 2071, 1634, 2300, 2155, 1018, 1199, 840, 825, 2602, 2492, 2097, 2859, 748, 2839, 2023, 2087, 2123, 128, 3030, 75, 1355, 37, 2666, 2458, 2105, 3270, 40, 2020, 126, 1434, 438, 3244, 2714, 2318, 599, 952, 2377, 1597, 2072, 1984, 1644, 2290, 1936, 2259, 2032, 53, 111, 2590, 3037, 600, 3141, 1548, 2341, 1633, 1493, 2705, 373, 2658, 558, 818, 3075, 709, 551, 517, 2358, 2285, 2685, 1723, 3216, 1382, 2889, 2022, 1767, 2354, 2615, 1321, 391, 2963, 1468, 1869, 1850, 1020, 3086, 721, 3149, 2691, 1255, 139, 3252, 785, 1744, 849, 2338, 144, 921, 671, 1795, 1368, 2434, 2222, 3110, 2504, 282, 2901, 2012, 1881, 564, 2503, 3185, 2398, 3083, 519, 296, 533, 283, 2444, 1732, 2357, 3099, 914, 57, 273, 1221, 1848, 2365, 588, 2646, 3143, 488, 1128, 2418, 1271, 1431, 338, 2948, 554, 923, 2429, 1945, 1606, 761, 2446, 2140, 1076, 2156, 848, 2568, 15, 2091, 2390, 84, 2641, 90, 135, 1176, 3085, 2555, 1120, 2002, 2506, 195, 1437, 199, 1915, 2671, 2053, 2542, 1158, 2843, 258, 2981, 502, 2409, 2096, 2619, 1824, 593, 3298, 2133, 2596, 3163, 2349, 3127, 461, 1970, 795, 1294, 278, 984, 63, 1954, 494, 2775, 569, 2655, 2141, 971, 3043, 3056, 1737, 2395, 2159, 3165, 51, 648, 1077, 1950, 196, 2226, 836, 1999, 3155, 324, 3164, 1861, 358, 208, 2447, 1656, 2798, 3063, 3293, 364, 2863, 2518, 1764, 1854, 2743, 634, 1495, 1603, 957, 2456, 2773, 844, 3078, 2672, 2321, 2165, 3147, 2193, 1436, 2468, 1782, 1888, 2578, 236, 226]",58,250,4,False,250
331,description,description,2,True,True,True,"{2: 91, 1: 95, 5: 64}","[3093, 1527, 2071, 1634, 2300, 2155, 1018, 1199, 840, 825, 2602, 2492, 2097, 2859, 748, 2839, 2023, 2087, 2123, 128, 3030, 75, 1355, 37, 2666, 2458, 2105, 3270, 40, 2020, 126, 1434, 438, 3244, 2714, 2318, 599, 952, 2377, 1597, 2072, 1984, 1644, 2290, 1936, 2259, 2032, 53, 111, 2590, 3037, 600, 3141, 1548, 2341, 1633, 1493, 2705, 373, 2658, 558, 818, 3075, 709, 551, 517, 2358, 2285, 2685, 1723, 3216, 1382, 2889, 2022, 1767, 2354, 2615, 1321, 391, 2963, 1468, 1869, 1850, 1020, 3086, 721, 3149, 2691, 1255, 139, 3252, 785, 1744, 849, 2338, 144, 921, 671, 1795, 1368, 2434, 2222, 3110, 2504, 282, 2901, 2012, 1881, 564, 2503, 3185, 2398, 3083, 519, 296, 533, 283, 2444, 1732, 2357, 3099, 914, 57, 273, 1221, 1848, 2365, 588, 2646, 3143, 488, 1128, 2418, 1271, 1431, 338, 2948, 554, 923, 2429, 1945, 1606, 761, 2446, 2140, 1076, 2156, 848, 2568, 15, 2091, 2390, 84, 2641, 90, 135, 1176, 3085, 2555, 1120, 2002, 2506, 195, 1437, 199, 1915, 2671, 2053, 2542, 1158, 2843, 258, 2981, 502, 2409, 2096, 2619, 1824, 593, 3298, 2133, 2596, 3163, 2349, 3127, 461, 1970, 795, 1294, 278, 984, 63, 1954, 494, 2775, 569, 2655, 2141, 971, 3043, 3056, 1737, 2395, 2159, 3165, 51, 648, 1077, 1950, 196, 2226, 836, 1999, 3155, 324, 3164, 1861, 358, 208, 2447, 1656, 2798, 3063, 3293, 364, 2863, 2518, 1764, 1854, 2743, 634, 1495, 1603, 957, 2456, 2773, 844, 3078, 2672, 2321, 2165, 3147, 2193, 1436, 2468, 1782, 1888, 2578, 236, 226]",331,250,4,False,250
184,description,description,2,True,True,True,"{2: 91, 1: 95, 5: 64}","[3093, 1527, 2071, 1634, 2300, 2155, 1018, 1199, 840, 825, 2602, 2492, 2097, 2859, 748, 2839, 2023, 2087, 2123, 128, 3030, 75, 1355, 37, 2666, 2458, 2105, 3270, 40, 2020, 126, 1434, 438, 3244, 2714, 2318, 599, 952, 2377, 1597, 2072, 1984, 1644, 2290, 1936, 2259, 2032, 53, 111, 2590, 3037, 600, 3141, 1548, 2341, 1633, 1493, 2705, 373, 2658, 558, 818, 3075, 709, 551, 517, 2358, 2285, 2685, 1723, 3216, 1382, 2889, 2022, 1767, 2354, 2615, 1321, 391, 2963, 1468, 1869, 1850, 1020, 3086, 721, 3149, 2691, 1255, 139, 3252, 785, 1744, 849, 2338, 144, 921, 671, 1795, 1368, 2434, 2222, 3110, 2504, 282, 2901, 2012, 1881, 564, 2503, 3185, 2398, 3083, 519, 296, 533, 283, 2444, 1732, 2357, 3099, 914, 57, 273, 1221, 1848, 2365, 588, 2646, 3143, 488, 1128, 2418, 1271, 1431, 338, 2948, 554, 923, 2429, 1945, 1606, 761, 2446, 2140, 1076, 2156, 848, 2568, 15, 2091, 2390, 84, 2641, 90, 135, 1176, 3085, 2555, 1120, 2002, 2506, 195, 1437, 199, 1915, 2671, 2053, 2542, 1158, 2843, 258, 2981, 502, 2409, 2096, 2619, 1824, 593, 3298, 2133, 2596, 3163, 2349, 3127, 461, 1970, 795, 1294, 278, 984, 63, 1954, 494, 2775, 569, 2655, 2141, 971, 3043, 3056, 1737, 2395, 2159, 3165, 51, 648, 1077, 1950, 196, 2226, 836, 1999, 3155, 324, 3164, 1861, 358, 208, 2447, 1656, 2798, 3063, 3293, 364, 2863, 2518, 1764, 1854, 2743, 634, 1495, 1603, 957, 2456, 2773, 844, 3078, 2672, 2321, 2165, 3147, 2193, 1436, 2468, 1782, 1888, 2578, 236, 226]",184,250,4,False,250
25,entity,entity,1,True,True,True,"{2: 91, 1: 95, 5: 64}","[3093, 1527, 2071, 1634, 2300, 2155, 1018, 1199, 840, 825, 2602, 2492, 2097, 2859, 748, 2839, 2023, 2087, 2123, 128, 3030, 75, 1355, 37, 2666, 2458, 2105, 3270, 40, 2020, 126, 1434, 438, 3244, 2714, 2318, 599, 952, 2377, 1597, 2072, 1984, 1644, 2290, 1936, 2259, 2032, 53, 111, 2590, 3037, 600, 3141, 1548, 2341, 1633, 1493, 2705, 373, 2658, 558, 818, 3075, 709, 551, 517, 2358, 2285, 2685, 1723, 3216, 1382, 2889, 2022, 1767, 2354, 2615, 1321, 391, 2963, 1468, 1869, 1850, 1020, 3086, 721, 3149, 2691, 1255, 139, 3252, 785, 1744, 849, 2338, 144, 921, 671, 1795, 1368, 2434, 2222, 3110, 2504, 282, 2901, 2012, 1881, 564, 2503, 3185, 2398, 3083, 519, 296, 533, 283, 2444, 1732, 2357, 3099, 914, 57, 273, 1221, 1848, 2365, 588, 2646, 3143, 488, 1128, 2418, 1271, 1431, 338, 2948, 554, 923, 2429, 1945, 1606, 761, 2446, 2140, 1076, 2156, 848, 2568, 15, 2091, 2390, 84, 2641, 90, 135, 1176, 3085, 2555, 1120, 2002, 2506, 195, 1437, 199, 1915, 2671, 2053, 2542, 1158, 2843, 258, 2981, 502, 2409, 2096, 2619, 1824, 593, 3298, 2133, 2596, 3163, 2349, 3127, 461, 1970, 795, 1294, 278, 984, 63, 1954, 494, 2775, 569, 2655, 2141, 971, 3043, 3056, 1737, 2395, 2159, 3165, 51, 648, 1077, 1950, 196, 2226, 836, 1999, 3155, 324, 3164, 1861, 358, 208, 2447, 1656, 2798, 3063, 3293, 364, 2863, 2518, 1764, 1854, 2743, 634, 1495, 1603, 957, 2456, 2773, 844, 3078, 2672, 2321, 2165, 3147, 2193, 1436, 2468, 1782, 1888, 2578, 236, 226]",25,250,4,False,250
53,numeric,numeric,5,True,True,True,"{2: 91, 1: 95, 5: 64}","[3093, 1527, 2071, 1634, 2300, 2155, 1018, 1199, 840, 825, 2602, 2492, 2097, 2859, 748, 2839, 2023, 2087, 2123, 128, 3030, 75, 1355, 37, 2666, 2458, 2105, 3270, 40, 2020, 126, 1434, 438, 3244, 2714, 2318, 599, 952, 2377, 1597, 2072, 1984, 1644, 2290, 1936, 2259, 2032, 53, 111, 2590, 3037, 600, 3141, 1548, 2341, 1633, 1493, 2705, 373, 2658, 558, 818, 3075, 709, 551, 517, 2358, 2285, 2685, 1723, 3216, 1382, 2889, 2022, 1767, 2354, 2615, 1321, 391, 2963, 1468, 1869, 1850, 1020, 3086, 721, 3149, 2691, 1255, 139, 3252, 785, 1744, 849, 2338, 144, 921, 671, 1795, 1368, 2434, 2222, 3110, 2504, 282, 2901, 2012, 1881, 564, 2503, 3185, 2398, 3083, 519, 296, 533, 283, 2444, 1732, 2357, 3099, 914, 57, 273, 1221, 1848, 2365, 588, 2646, 3143, 488, 1128, 2418, 1271, 1431, 338, 2948, 554, 923, 2429, 1945, 1606, 761, 2446, 2140, 1076, 2156, 848, 2568, 15, 2091, 2390, 84, 2641, 90, 135, 1176, 3085, 2555, 1120, 2002, 2506, 195, 1437, 199, 1915, 2671, 2053, 2542, 1158, 2843, 258, 2981, 502, 2409, 2096, 2619, 1824, 593, 3298, 2133, 2596, 3163, 2349, 3127, 461, 1970, 795, 1294, 278, 984, 63, 1954, 494, 2775, 569, 2655, 2141, 971, 3043, 3056, 1737, 2395, 2159, 3165, 51, 648, 1077, 1950, 196, 2226, 836, 1999, 3155, 324, 3164, 1861, 358, 208, 2447, 1656, 2798, 3063, 3293, 364, 2863, 2518, 1764, 1854, 2743, 634, 1495, 1603, 957, 2456, 2773, 844, 3078, 2672, 2321, 2165, 3147, 2193, 1436, 2468, 1782, 1888, 2578, 236, 226]",53,250,4,False,250
98,description,description,2,True,True,True,"{2: 91, 1: 95, 5: 64}","[3093, 1527, 2071, 1634, 2300, 2155, 1018, 1199, 840, 825, 2602, 2492, 2097, 2859, 748, 2839, 2023, 2087, 2123, 128, 3030, 75, 1355, 37, 2666, 2458, 2105, 3270, 40, 2020, 126, 1434, 438, 3244, 2714, 2318, 599, 952, 2377, 1597, 2072, 1984, 1644, 2290, 1936, 2259, 2032, 53, 111, 2590, 3037, 600, 3141, 1548, 2341, 1633, 1493, 2705, 373, 2658, 558, 818, 3075, 709, 551, 517, 2358, 2285, 2685, 1723, 3216, 1382, 2889, 2022, 1767, 2354, 2615, 1321, 391, 2963, 1468, 1869, 1850, 1020, 3086, 721, 3149, 2691, 1255, 139, 3252, 785, 1744, 849, 2338, 144, 921, 671, 1795, 1368, 2434, 2222, 3110, 2504, 282, 2901, 2012, 1881, 564, 2503, 3185, 2398, 3083, 519, 296, 533, 283, 2444, 1732, 2357, 3099, 914, 57, 273, 1221, 1848, 2365, 588, 2646, 3143, 488, 1128, 2418, 1271, 1431, 338, 2948, 554, 923, 2429, 1945, 1606, 761, 2446, 2140, 1076, 2156, 848, 2568, 15, 2091, 2390, 84, 2641, 90, 135, 1176, 3085, 2555, 1120, 2002, 2506, 195, 1437, 199, 1915, 2671, 2053, 2542, 1158, 2843, 258, 2981, 502, 2409, 2096, 2619, 1824, 593, 3298, 2133, 2596, 3163, 2349, 3127, 461, 1970, 795, 1294, 278, 984, 63, 1954, 494, 2775, 569, 2655, 2141, 971, 3043, 3056, 1737, 2395, 2159, 3165, 51, 648, 1077, 1950, 196, 2226, 836, 1999, 3155, 324, 3164, 1861, 358, 208, 2447, 1656, 2798, 3063, 3293, 364, 2863, 2518, 1764, 1854, 2743, 634, 1495, 1603, 957, 2456, 2773, 844, 3078, 2672, 2321, 2165, 3147, 2193, 1436, 2468, 1782, 1888, 2578, 236, 226]",98,250,4,False,250
141,description,entity,1,True,False,True,"{2: 91, 1: 95, 5: 64}","[3093, 1527, 2071, 1634, 2300, 2155, 1018, 1199, 840, 825, 2602, 2492, 2097, 2859, 748, 2839, 2023, 2087, 2123, 128, 3030, 75, 1355, 37, 2666, 2458, 2105, 3270, 40, 2020, 126, 1434, 438, 3244, 2714, 2318, 599, 952, 2377, 1597, 2072, 1984, 1644, 2290, 1936, 2259, 2032, 53, 111, 2590, 3037, 600, 3141, 1548, 2341, 1633, 1493, 2705, 373, 2658, 558, 818, 3075, 709, 551, 517, 2358, 2285, 2685, 1723, 3216, 1382, 2889, 2022, 1767, 2354, 2615, 1321, 391, 2963, 1468, 1869, 1850, 1020, 3086, 721, 3149, 2691, 1255, 139, 3252, 785, 1744, 849, 2338, 144, 921, 671, 1795, 1368, 2434, 2222, 3110, 2504, 282, 2901, 2012, 1881, 564, 2503, 3185, 2398, 3083, 519, 296, 533, 283, 2444, 1732, 2357, 3099, 914, 57, 273, 1221, 1848, 2365, 588, 2646, 3143, 488, 1128, 2418, 1271, 1431, 338, 2948, 554, 923, 2429, 1945, 1606, 761, 2446, 2140, 1076, 2156, 848, 2568, 15, 2091, 2390, 84, 2641, 90, 135, 1176, 3085, 2555, 1120, 2002, 2506, 195, 1437, 199, 1915, 2671, 2053, 2542, 1158, 2843, 258, 2981, 502, 2409, 2096, 2619, 1824, 593, 3298, 2133, 2596, 3163, 2349, 3127, 461, 1970, 795, 1294, 278, 984, 63, 1954, 494, 2775, 569, 2655, 2141, 971, 3043, 3056, 1737, 2395, 2159, 3165, 51, 648, 1077, 1950, 196, 2226, 836, 1999, 3155, 324, 3164, 1861, 358, 208, 2447, 1656, 2798, 3063, 3293, 364, 2863, 2518, 1764, 1854, 2743, 634, 1495, 1603, 957, 2456, 2773, 844, 3078, 2672, 2321, 2165, 3147, 2193, 1436, 2468, 1782, 1888, 2578, 236, 226]",141,250,4,False,250
111,numeric,numeric,5,True,True,True,"{2: 91, 1: 95, 5: 64}","[3093, 1527, 2071, 1634, 2300, 2155, 1018, 1199, 840, 825, 2602, 2492, 2097, 2859, 748, 2839, 2023, 2087, 2123, 128, 3030, 75, 1355, 37, 2666, 2458, 2105, 3270, 40, 2020, 126, 1434, 438, 3244, 2714, 2318, 599, 952, 2377, 1597, 2072, 1984, 1644, 2290, 1936, 2259, 2032, 53, 111, 2590, 3037, 600, 3141, 1548, 2341, 1633, 1493, 2705, 373, 2658, 558, 818, 3075, 709, 551, 517, 2358, 2285, 2685, 1723, 3216, 1382, 2889, 2022, 1767, 2354, 2615, 1321, 391, 2963, 1468, 1869, 1850, 1020, 3086, 721, 3149, 2691, 1255, 139, 3252, 785, 1744, 849, 2338, 144, 921, 671, 1795, 1368, 2434, 2222, 3110, 2504, 282, 2901, 2012, 1881, 564, 2503, 3185, 2398, 3083, 519, 296, 533, 283, 2444, 1732, 2357, 3099, 914, 57, 273, 1221, 1848, 2365, 588, 2646, 3143, 488, 1128, 2418, 1271, 1431, 338, 2948, 554, 923, 2429, 1945, 1606, 761, 2446, 2140, 1076, 2156, 848, 2568, 15, 2091, 2390, 84, 2641, 90, 135, 1176, 3085, 2555, 1120, 2002, 2506, 195, 1437, 199, 1915, 2671, 2053, 2542, 1158, 2843, 258, 2981, 502, 2409, 2096, 2619, 1824, 593, 3298, 2133, 2596, 3163, 2349, 3127, 461, 1970, 795, 1294, 278, 984, 63, 1954, 494, 2775, 569, 2655, 2141, 971, 3043, 3056, 1737, 2395, 2159, 3165, 51, 648, 1077, 1950, 196, 2226, 836, 1999, 3155, 324, 3164, 1861, 358, 208, 2447, 1656, 2798, 3063, 3293, 364, 2863, 2518, 1764, 1854, 2743, 634, 1495, 1603, 957, 2456, 2773, 844, 3078, 2672, 2321, 2165, 3147, 2193, 1436, 2468, 1782, 1888, 2578, 236, 226]",111,250,4,False,250
224,numeric,numeric,5,True,True,True,"{2: 91, 1: 95, 5: 64}","[3093, 1527, 2071, 1634, 2300, 2155, 1018, 1199, 840, 825, 2602, 2492, 2097, 2859, 748, 2839, 2023, 2087, 2123, 128, 3030, 75, 1355, 37, 2666, 2458, 2105, 3270, 40, 2020, 126, 1434, 438, 3244, 2714, 2318, 599, 952, 2377, 1597, 2072, 1984, 1644, 2290, 1936, 2259, 2032, 53, 111, 2590, 3037, 600, 3141, 1548, 2341, 1633, 1493, 2705, 373, 2658, 558, 818, 3075, 709, 551, 517, 2358, 2285, 2685, 1723, 3216, 1382, 2889, 2022, 1767, 2354, 2615, 1321, 391, 2963, 1468, 1869, 1850, 1020, 3086, 721, 3149, 2691, 1255, 139, 3252, 785, 1744, 849, 2338, 144, 921, 671, 1795, 1368, 2434, 2222, 3110, 2504, 282, 2901, 2012, 1881, 564, 2503, 3185, 2398, 3083, 519, 296, 533, 283, 2444, 1732, 2357, 3099, 914, 57, 273, 1221, 1848, 2365, 588, 2646, 3143, 488, 1128, 2418, 1271, 1431, 338, 2948, 554, 923, 2429, 1945, 1606, 761, 2446, 2140, 1076, 2156, 848, 2568, 15, 2091, 2390, 84, 2641, 90, 135, 1176, 3085, 2555, 1120, 2002, 2506, 195, 1437, 199, 1915, 2671, 2053, 2542, 1158, 2843, 258, 2981, 502, 2409, 2096, 2619, 1824, 593, 3298, 2133, 2596, 3163, 2349, 3127, 461, 1970, 795, 1294, 278, 984, 63, 1954, 494, 2775, 569, 2655, 2141, 971, 3043, 3056, 1737, 2395, 2159, 3165, 51, 648, 1077, 1950, 196, 2226, 836, 1999, 3155, 324, 3164, 1861, 358, 208, 2447, 1656, 2798, 3063, 3293, 364, 2863, 2518, 1764, 1854, 2743, 634, 1495, 1603, 957, 2456, 2773, 844, 3078, 2672, 2321, 2165, 3147, 2193, 1436, 2468, 1782, 1888, 2578, 236, 226]",224,250,4,False,250
245,description,description,2,True,True,True,"{2: 91, 1: 95, 5: 64}","[3093, 1527, 2071, 1634, 2300, 2155, 1018, 1199, 840, 825, 2602, 2492, 2097, 2859, 748, 2839, 2023, 2087, 2123, 128, 3030, 75, 1355, 37, 2666, 2458, 2105, 3270, 40, 2020, 126, 1434, 438, 3244, 2714, 2318, 599, 952, 2377, 1597, 2072, 1984, 1644, 2290, 1936, 2259, 2032, 53, 111, 2590, 3037, 600, 3141, 1548, 2341, 1633, 1493, 2705, 373, 2658, 558, 818, 3075, 709, 551, 517, 2358, 2285, 2685, 1723, 3216, 1382, 2889, 2022, 1767, 2354, 2615, 1321, 391, 2963, 1468, 1869, 1850, 1020, 3086, 721, 3149, 2691, 1255, 139, 3252, 785, 1744, 849, 2338, 144, 921, 671, 1795, 1368, 2434, 2222, 3110, 2504, 282, 2901, 2012, 1881, 564, 2503, 3185, 2398, 3083, 519, 296, 533, 283, 2444, 1732, 2357, 3099, 914, 57, 273, 1221, 1848, 2365, 588, 2646, 3143, 488, 1128, 2418, 1271, 1431, 338, 2948, 554, 923, 2429, 1945, 1606, 761, 2446, 2140, 1076, 2156, 848, 2568, 15, 2091, 2390, 84, 2641, 90, 135, 1176, 3085, 2555, 1120, 2002, 2506, 195, 1437, 199, 1915, 2671, 2053, 2542, 1158, 2843, 258, 2981, 502, 2409, 2096, 2619, 1824, 593, 3298, 2133, 2596, 3163, 2349, 3127, 461, 1970, 795, 1294, 278, 984, 63, 1954, 494, 2775, 569, 2655, 2141, 971, 3043, 3056, 1737, 2395, 2159, 3165, 51, 648, 1077, 1950, 196, 2226, 836, 1999, 3155, 324, 3164, 1861, 358, 208, 2447, 1656, 2798, 3063, 3293, 364, 2863, 2518, 1764, 1854, 2743, 634, 1495, 1603, 957, 2456, 2773, 844, 3078, 2672, 2321, 2165, 3147, 2193, 1436, 2468, 1782, 1888, 2578, 236, 226]",245,250,4,False,250
292,description,description,2,True,True,True,"{2: 91, 1: 95, 5: 64}","[3093, 1527, 2071, 1634, 2300, 2155, 1018, 1199, 840, 825, 2602, 2492, 2097, 2859, 748, 2839, 2023, 2087, 2123, 128, 3030, 75, 1355, 37, 2666, 2458, 2105, 3270, 40, 2020, 126, 1434, 438, 3244, 2714, 2318, 599, 952, 2377, 1597, 2072, 1984, 1644, 2290, 1936, 2259, 2032, 53, 111, 2590, 3037, 600, 3141, 1548, 2341, 1633, 1493, 2705, 373, 2658, 558, 818, 3075, 709, 551, 517, 2358, 2285, 2685, 1723, 3216, 1382, 2889, 2022, 1767, 2354, 2615, 1321, 391, 2963, 1468, 1869, 1850, 1020, 3086, 721, 3149, 2691, 1255, 139, 3252, 785, 1744, 849, 2338, 144, 921, 671, 1795, 1368, 2434, 2222, 3110, 2504, 282, 2901, 2012, 1881, 564, 2503, 3185, 2398, 3083, 519, 296, 533, 283, 2444, 1732, 2357, 3099, 914, 57, 273, 1221, 1848, 2365, 588, 2646, 3143, 488, 1128, 2418, 1271, 1431, 338, 2948, 554, 923, 2429, 1945, 1606, 761, 2446, 2140, 1076, 2156, 848, 2568, 15, 2091, 2390, 84, 2641, 90, 135, 1176, 3085, 2555, 1120, 2002, 2506, 195, 1437, 199, 1915, 2671, 2053, 2542, 1158, 2843, 258, 2981, 502, 2409, 2096, 2619, 1824, 593, 3298, 2133, 2596, 3163, 2349, 3127, 461, 1970, 795, 1294, 278, 984, 63, 1954, 494, 2775, 569, 2655, 2141, 971, 3043, 3056, 1737, 2395, 2159, 3165, 51, 648, 1077, 1950, 196, 2226, 836, 1999, 3155, 324, 3164, 1861, 358, 208, 2447, 1656, 2798, 3063, 3293, 364, 2863, 2518, 1764, 1854, 2743, 634, 1495, 1603, 957, 2456, 2773, 844, 3078, 2672, 2321, 2165, 3147, 2193, 1436, 2468, 1782, 1888, 2578, 236, 226]",292,250,4,False,250
284,description,description,2,True,True,True,"{2: 91, 1: 95, 5: 64}","[3093, 1527, 2071, 1634, 2300, 2155, 1018, 1199, 840, 825, 2602, 2492, 2097, 2859, 748, 2839, 2023, 2087, 2123, 128, 3030, 75, 1355, 37, 2666, 2458, 2105, 3270, 40, 2020, 126, 1434, 438, 3244, 2714, 2318, 599, 952, 2377, 1597, 2072, 1984, 1644, 2290, 1936, 2259, 2032, 53, 111, 2590, 3037, 600, 3141, 1548, 2341, 1633, 1493, 2705, 373, 2658, 558, 818, 3075, 709, 551, 517, 2358, 2285, 2685, 1723, 3216, 1382, 2889, 2022, 1767, 2354, 2615, 1321, 391, 2963, 1468, 1869, 1850, 1020, 3086, 721, 3149, 2691, 1255, 139, 3252, 785, 1744, 849, 2338, 144, 921, 671, 1795, 1368, 2434, 2222, 3110, 2504, 282, 2901, 2012, 1881, 564, 2503, 3185, 2398, 3083, 519, 296, 533, 283, 2444, 1732, 2357, 3099, 914, 57, 273, 1221, 1848, 2365, 588, 2646, 3143, 488, 1128, 2418, 1271, 1431, 338, 2948, 554, 923, 2429, 1945, 1606, 761, 2446, 2140, 1076, 2156, 848, 2568, 15, 2091, 2390, 84, 2641, 90, 135, 1176, 3085, 2555, 1120, 2002, 2506, 195, 1437, 199, 1915, 2671, 2053, 2542, 1158, 2843, 258, 2981, 502, 2409, 2096, 2619, 1824, 593, 3298, 2133, 2596, 3163, 2349, 3127, 461, 1970, 795, 1294, 278, 984, 63, 1954, 494, 2775, 569, 2655, 2141, 971, 3043, 3056, 1737, 2395, 2159, 3165, 51, 648, 1077, 1950, 196, 2226, 836, 1999, 3155, 324, 3164, 1861, 358, 208, 2447, 1656, 2798, 3063, 3293, 364, 2863, 2518, 1764, 1854, 2743, 634, 1495, 1603, 957, 2456, 2773, 844, 3078, 2672, 2321, 2165, 3147, 2193, 1436, 2468, 1782, 1888, 2578, 236, 226]",284,250,4,False,250
237,numeric,numeric,5,True,True,True,"{2: 91, 1: 95, 5: 64}","[3093, 1527, 2071, 1634, 2300, 2155, 1018, 1199, 840, 825, 2602, 2492, 2097, 2859, 748, 2839, 2023, 2087, 2123, 128, 3030, 75, 1355, 37, 2666, 2458, 2105, 3270, 40, 2020, 126, 1434, 438, 3244, 2714, 2318, 599, 952, 2377, 1597, 2072, 1984, 1644, 2290, 1936, 2259, 2032, 53, 111, 2590, 3037, 600, 3141, 1548, 2341, 1633, 1493, 2705, 373, 2658, 558, 818, 3075, 709, 551, 517, 2358, 2285, 2685, 1723, 3216, 1382, 2889, 2022, 1767, 2354, 2615, 1321, 391, 2963, 1468, 1869, 1850, 1020, 3086, 721, 3149, 2691, 1255, 139, 3252, 785, 1744, 849, 2338, 144, 921, 671, 1795, 1368, 2434, 2222, 3110, 2504, 282, 2901, 2012, 1881, 564, 2503, 3185, 2398, 3083, 519, 296, 533, 283, 2444, 1732, 2357, 3099, 914, 57, 273, 1221, 1848, 2365, 588, 2646, 3143, 488, 1128, 2418, 1271, 1431, 338, 2948, 554, 923, 2429, 1945, 1606, 761, 2446, 2140, 1076, 2156, 848, 2568, 15, 2091, 2390, 84, 2641, 90, 135, 1176, 3085, 2555, 1120, 2002, 2506, 195, 1437, 199, 1915, 2671, 2053, 2542, 1158, 2843, 258, 2981, 502, 2409, 2096, 2619, 1824, 593, 3298, 2133, 2596, 3163, 2349, 3127, 461, 1970, 795, 1294, 278, 984, 63, 1954, 494, 2775, 569, 2655, 2141, 971, 3043, 3056, 1737, 2395, 2159, 3165, 51, 648, 1077, 1950, 196, 2226, 836, 1999, 3155, 324, 3164, 1861, 358, 208, 2447, 1656, 2798, 3063, 3293, 364, 2863, 2518, 1764, 1854, 2743, 634, 1495, 1603, 957, 2456, 2773, 844, 3078, 2672, 2321, 2165, 3147, 2193, 1436, 2468, 1782, 1888, 2578, 236, 226]",237,250,4,False,250
89,description,description,2,True,True,True,"{2: 91, 1: 95, 5: 64}","[3093, 1527, 2071, 1634, 2300, 2155, 1018, 1199, 840, 825, 2602, 2492, 2097, 2859, 748, 2839, 2023, 2087, 2123, 128, 3030, 75, 1355, 37, 2666, 2458, 2105, 3270, 40, 2020, 126, 1434, 438, 3244, 2714, 2318, 599, 952, 2377, 1597, 2072, 1984, 1644, 2290, 1936, 2259, 2032, 53, 111, 2590, 3037, 600, 3141, 1548, 2341, 1633, 1493, 2705, 373, 2658, 558, 818, 3075, 709, 551, 517, 2358, 2285, 2685, 1723, 3216, 1382, 2889, 2022, 1767, 2354, 2615, 1321, 391, 2963, 1468, 1869, 1850, 1020, 3086, 721, 3149, 2691, 1255, 139, 3252, 785, 1744, 849, 2338, 144, 921, 671, 1795, 1368, 2434, 2222, 3110, 2504, 282, 2901, 2012, 1881, 564, 2503, 3185, 2398, 3083, 519, 296, 533, 283, 2444, 1732, 2357, 3099, 914, 57, 273, 1221, 1848, 2365, 588, 2646, 3143, 488, 1128, 2418, 1271, 1431, 338, 2948, 554, 923, 2429, 1945, 1606, 761, 2446, 2140, 1076, 2156, 848, 2568, 15, 2091, 2390, 84, 2641, 90, 135, 1176, 3085, 2555, 1120, 2002, 2506, 195, 1437, 199, 1915, 2671, 2053, 2542, 1158, 2843, 258, 2981, 502, 2409, 2096, 2619, 1824, 593, 3298, 2133, 2596, 3163, 2349, 3127, 461, 1970, 795, 1294, 278, 984, 63, 1954, 494, 2775, 569, 2655, 2141, 971, 3043, 3056, 1737, 2395, 2159, 3165, 51, 648, 1077, 1950, 196, 2226, 836, 1999, 3155, 324, 3164, 1861, 358, 208, 2447, 1656, 2798, 3063, 3293, 364, 2863, 2518, 1764, 1854, 2743, 634, 1495, 1603, 957, 2456, 2773, 844, 3078, 2672, 2321, 2165, 3147, 2193, 1436, 2468, 1782, 1888, 2578, 236, 226]",89,250,4,False,250
8,numeric,numeric,5,True,True,True,"{2: 91, 1: 95, 5: 64}","[3093, 1527, 2071, 1634, 2300, 2155, 1018, 1199, 840, 825, 2602, 2492, 2097, 2859, 748, 2839, 2023, 2087, 2123, 128, 3030, 75, 1355, 37, 2666, 2458, 2105, 3270, 40, 2020, 126, 1434, 438, 3244, 2714, 2318, 599, 952, 2377, 1597, 2072, 1984, 1644, 2290, 1936, 2259, 2032, 53, 111, 2590, 3037, 600, 3141, 1548, 2341, 1633, 1493, 2705, 373, 2658, 558, 818, 3075, 709, 551, 517, 2358, 2285, 2685, 1723, 3216, 1382, 2889, 2022, 1767, 2354, 2615, 1321, 391, 2963, 1468, 1869, 1850, 1020, 3086, 721, 3149, 2691, 1255, 139, 3252, 785, 1744, 849, 2338, 144, 921, 671, 1795, 1368, 2434, 2222, 3110, 2504, 282, 2901, 2012, 1881, 564, 2503, 3185, 2398, 3083, 519, 296, 533, 283, 2444, 1732, 2357, 3099, 914, 57, 273, 1221, 1848, 2365, 588, 2646, 3143, 488, 1128, 2418, 1271, 1431, 338, 2948, 554, 923, 2429, 1945, 1606, 761, 2446, 2140, 1076, 2156, 848, 2568, 15, 2091, 2390, 84, 2641, 90, 135, 1176, 3085, 2555, 1120, 2002, 2506, 195, 1437, 199, 1915, 2671, 2053, 2542, 1158, 2843, 258, 2981, 502, 2409, 2096, 2619, 1824, 593, 3298, 2133, 2596, 3163, 2349, 3127, 461, 1970, 795, 1294, 278, 984, 63, 1954, 494, 2775, 569, 2655, 2141, 971, 3043, 3056, 1737, 2395, 2159, 3165, 51, 648, 1077, 1950, 196, 2226, 836, 1999, 3155, 324, 3164, 1861, 358, 208, 2447, 1656, 2798, 3063, 3293, 364, 2863, 2518, 1764, 1854, 2743, 634, 1495, 1603, 957, 2456, 2773, 844, 3078, 2672, 2321, 2165, 3147, 2193, 1436, 2468, 1782, 1888, 2578, 236, 226]",8,250,4,False,250
129,description,entity,1,True,False,True,"{2: 91, 1: 95, 5: 64}","[3093, 1527, 2071, 1634, 2300, 2155, 1018, 1199, 840, 825, 2602, 2492, 2097, 2859, 748, 2839, 2023, 2087, 2123, 128, 3030, 75, 1355, 37, 2666, 2458, 2105, 3270, 40, 2020, 126, 1434, 438, 3244, 2714, 2318, 599, 952, 2377, 1597, 2072, 1984, 1644, 2290, 1936, 2259, 2032, 53, 111, 2590, 3037, 600, 3141, 1548, 2341, 1633, 1493, 2705, 373, 2658, 558, 818, 3075, 709, 551, 517, 2358, 2285, 2685, 1723, 3216, 1382, 2889, 2022, 1767, 2354, 2615, 1321, 391, 2963, 1468, 1869, 1850, 1020, 3086, 721, 3149, 2691, 1255, 139, 3252, 785, 1744, 849, 2338, 144, 921, 671, 1795, 1368, 2434, 2222, 3110, 2504, 282, 2901, 2012, 1881, 564, 2503, 3185, 2398, 3083, 519, 296, 533, 283, 2444, 1732, 2357, 3099, 914, 57, 273, 1221, 1848, 2365, 588, 2646, 3143, 488, 1128, 2418, 1271, 1431, 338, 2948, 554, 923, 2429, 1945, 1606, 761, 2446, 2140, 1076, 2156, 848, 2568, 15, 2091, 2390, 84, 2641, 90, 135, 1176, 3085, 2555, 1120, 2002, 2506, 195, 1437, 199, 1915, 2671, 2053, 2542, 1158, 2843, 258, 2981, 502, 2409, 2096, 2619, 1824, 593, 3298, 2133, 2596, 3163, 2349, 3127, 461, 1970, 795, 1294, 278, 984, 63, 1954, 494, 2775, 569, 2655, 2141, 971, 3043, 3056, 1737, 2395, 2159, 3165, 51, 648, 1077, 1950, 196, 2226, 836, 1999, 3155, 324, 3164, 1861, 358, 208, 2447, 1656, 2798, 3063, 3293, 364, 2863, 2518, 1764, 1854, 2743, 634, 1495, 1603, 957, 2456, 2773, 844, 3078, 2672, 2321, 2165, 3147, 2193, 1436, 2468, 1782, 1888, 2578, 236, 226]",129,250,4,False,250
277,numeric,numeric,5,True,True,True,"{2: 91, 1: 95, 5: 64}","[3093, 1527, 2071, 1634, 2300, 2155, 1018, 1199, 840, 825, 2602, 2492, 2097, 2859, 748, 2839, 2023, 2087, 2123, 128, 3030, 75, 1355, 37, 2666, 2458, 2105, 3270, 40, 2020, 126, 1434, 438, 3244, 2714, 2318, 599, 952, 2377, 1597, 2072, 1984, 1644, 2290, 1936, 2259, 2032, 53, 111, 2590, 3037, 600, 3141, 1548, 2341, 1633, 1493, 2705, 373, 2658, 558, 818, 3075, 709, 551, 517, 2358, 2285, 2685, 1723, 3216, 1382, 2889, 2022, 1767, 2354, 2615, 1321, 391, 2963, 1468, 1869, 1850, 1020, 3086, 721, 3149, 2691, 1255, 139, 3252, 785, 1744, 849, 2338, 144, 921, 671, 1795, 1368, 2434, 2222, 3110, 2504, 282, 2901, 2012, 1881, 564, 2503, 3185, 2398, 3083, 519, 296, 533, 283, 2444, 1732, 2357, 3099, 914, 57, 273, 1221, 1848, 2365, 588, 2646, 3143, 488, 1128, 2418, 1271, 1431, 338, 2948, 554, 923, 2429, 1945, 1606, 761, 2446, 2140, 1076, 2156, 848, 2568, 15, 2091, 2390, 84, 2641, 90, 135, 1176, 3085, 2555, 1120, 2002, 2506, 195, 1437, 199, 1915, 2671, 2053, 2542, 1158, 2843, 258, 2981, 502, 2409, 2096, 2619, 1824, 593, 3298, 2133, 2596, 3163, 2349, 3127, 461, 1970, 795, 1294, 278, 984, 63, 1954, 494, 2775, 569, 2655, 2141, 971, 3043, 3056, 1737, 2395, 2159, 3165, 51, 648, 1077, 1950, 196, 2226, 836, 1999, 3155, 324, 3164, 1861, 358, 208, 2447, 1656, 2798, 3063, 3293, 364, 2863, 2518, 1764, 1854, 2743, 634, 1495, 1603, 957, 2456, 2773, 844, 3078, 2672, 2321, 2165, 3147, 2193, 1436, 2468, 1782, 1888, 2578, 236, 226]",277,250,4,False,250
293,description,description,2,True,True,True,"{2: 91, 1: 95, 5: 64}","[3093, 1527, 2071, 1634, 2300, 2155, 1018, 1199, 840, 825, 2602, 2492, 2097, 2859, 748, 2839, 2023, 2087, 2123, 128, 3030, 75, 1355, 37, 2666, 2458, 2105, 3270, 40, 2020, 126, 1434, 438, 3244, 2714, 2318, 599, 952, 2377, 1597, 2072, 1984, 1644, 2290, 1936, 2259, 2032, 53, 111, 2590, 3037, 600, 3141, 1548, 2341, 1633, 1493, 2705, 373, 2658, 558, 818, 3075, 709, 551, 517, 2358, 2285, 2685, 1723, 3216, 1382, 2889, 2022, 1767, 2354, 2615, 1321, 391, 2963, 1468, 1869, 1850, 1020, 3086, 721, 3149, 2691, 1255, 139, 3252, 785, 1744, 849, 2338, 144, 921, 671, 1795, 1368, 2434, 2222, 3110, 2504, 282, 2901, 2012, 1881, 564, 2503, 3185, 2398, 3083, 519, 296, 533, 283, 2444, 1732, 2357, 3099, 914, 57, 273, 1221, 1848, 2365, 588, 2646, 3143, 488, 1128, 2418, 1271, 1431, 338, 2948, 554, 923, 2429, 1945, 1606, 761, 2446, 2140, 1076, 2156, 848, 2568, 15, 2091, 2390, 84, 2641, 90, 135, 1176, 3085, 2555, 1120, 2002, 2506, 195, 1437, 199, 1915, 2671, 2053, 2542, 1158, 2843, 258, 2981, 502, 2409, 2096, 2619, 1824, 593, 3298, 2133, 2596, 3163, 2349, 3127, 461, 1970, 795, 1294, 278, 984, 63, 1954, 494, 2775, 569, 2655, 2141, 971, 3043, 3056, 1737, 2395, 2159, 3165, 51, 648, 1077, 1950, 196, 2226, 836, 1999, 3155, 324, 3164, 1861, 358, 208, 2447, 1656, 2798, 3063, 3293, 364, 2863, 2518, 1764, 1854, 2743, 634, 1495, 1603, 957, 2456, 2773, 844, 3078, 2672, 2321, 2165, 3147, 2193, 1436, 2468, 1782, 1888, 2578, 236, 226]",293,250,4,False,250
325,entity,entity,1,True,True,True,"{2: 91, 1: 95, 5: 64}","[3093, 1527, 2071, 1634, 2300, 2155, 1018, 1199, 840, 825, 2602, 2492, 2097, 2859, 748, 2839, 2023, 2087, 2123, 128, 3030, 75, 1355, 37, 2666, 2458, 2105, 3270, 40, 2020, 126, 1434, 438, 3244, 2714, 2318, 599, 952, 2377, 1597, 2072, 1984, 1644, 2290, 1936, 2259, 2032, 53, 111, 2590, 3037, 600, 3141, 1548, 2341, 1633, 1493, 2705, 373, 2658, 558, 818, 3075, 709, 551, 517, 2358, 2285, 2685, 1723, 3216, 1382, 2889, 2022, 1767, 2354, 2615, 1321, 391, 2963, 1468, 1869, 1850, 1020, 3086, 721, 3149, 2691, 1255, 139, 3252, 785, 1744, 849, 2338, 144, 921, 671, 1795, 1368, 2434, 2222, 3110, 2504, 282, 2901, 2012, 1881, 564, 2503, 3185, 2398, 3083, 519, 296, 533, 283, 2444, 1732, 2357, 3099, 914, 57, 273, 1221, 1848, 2365, 588, 2646, 3143, 488, 1128, 2418, 1271, 1431, 338, 2948, 554, 923, 2429, 1945, 1606, 761, 2446, 2140, 1076, 2156, 848, 2568, 15, 2091, 2390, 84, 2641, 90, 135, 1176, 3085, 2555, 1120, 2002, 2506, 195, 1437, 199, 1915, 2671, 2053, 2542, 1158, 2843, 258, 2981, 502, 2409, 2096, 2619, 1824, 593, 3298, 2133, 2596, 3163, 2349, 3127, 461, 1970, 795, 1294, 278, 984, 63, 1954, 494, 2775, 569, 2655, 2141, 971, 3043, 3056, 1737, 2395, 2159, 3165, 51, 648, 1077, 1950, 196, 2226, 836, 1999, 3155, 324, 3164, 1861, 358, 208, 2447, 1656, 2798, 3063, 3293, 364, 2863, 2518, 1764, 1854, 2743, 634, 1495, 1603, 957, 2456, 2773, 844, 3078, 2672, 2321, 2165, 3147, 2193, 1436, 2468, 1782, 1888, 2578, 236, 226]",325,250,4,False,250
143,description,description,2,True,True,True,"{2: 91, 1: 95, 5: 64}","[3093, 1527, 2071, 1634, 2300, 2155, 1018, 1199, 840, 825, 2602, 2492, 2097, 2859, 748, 2839, 2023, 2087, 2123, 128, 3030, 75, 1355, 37, 2666, 2458, 2105, 3270, 40, 2020, 126, 1434, 438, 3244, 2714, 2318, 599, 952, 2377, 1597, 2072, 1984, 1644, 2290, 1936, 2259, 2032, 53, 111, 2590, 3037, 600, 3141, 1548, 2341, 1633, 1493, 2705, 373, 2658, 558, 818, 3075, 709, 551, 517, 2358, 2285, 2685, 1723, 3216, 1382, 2889, 2022, 1767, 2354, 2615, 1321, 391, 2963, 1468, 1869, 1850, 1020, 3086, 721, 3149, 2691, 1255, 139, 3252, 785, 1744, 849, 2338, 144, 921, 671, 1795, 1368, 2434, 2222, 3110, 2504, 282, 2901, 2012, 1881, 564, 2503, 3185, 2398, 3083, 519, 296, 533, 283, 2444, 1732, 2357, 3099, 914, 57, 273, 1221, 1848, 2365, 588, 2646, 3143, 488, 1128, 2418, 1271, 1431, 338, 2948, 554, 923, 2429, 1945, 1606, 761, 2446, 2140, 1076, 2156, 848, 2568, 15, 2091, 2390, 84, 2641, 90, 135, 1176, 3085, 2555, 1120, 2002, 2506, 195, 1437, 199, 1915, 2671, 2053, 2542, 1158, 2843, 258, 2981, 502, 2409, 2096, 2619, 1824, 593, 3298, 2133, 2596, 3163, 2349, 3127, 461, 1970, 795, 1294, 278, 984, 63, 1954, 494, 2775, 569, 2655, 2141, 971, 3043, 3056, 1737, 2395, 2159, 3165, 51, 648, 1077, 1950, 196, 2226, 836, 1999, 3155, 324, 3164, 1861, 358, 208, 2447, 1656, 2798, 3063, 3293, 364, 2863, 2518, 1764, 1854, 2743, 634, 1495, 1603, 957, 2456, 2773, 844, 3078, 2672, 2321, 2165, 3147, 2193, 1436, 2468, 1782, 1888, 2578, 236, 226]",143,250,4,False,250
93,entity,entity,1,True,True,True,"{2: 91, 1: 95, 5: 64}","[3093, 1527, 2071, 1634, 2300, 2155, 1018, 1199, 840, 825, 2602, 2492, 2097, 2859, 748, 2839, 2023, 2087, 2123, 128, 3030, 75, 1355, 37, 2666, 2458, 2105, 3270, 40, 2020, 126, 1434, 438, 3244, 2714, 2318, 599, 952, 2377, 1597, 2072, 1984, 1644, 2290, 1936, 2259, 2032, 53, 111, 2590, 3037, 600, 3141, 1548, 2341, 1633, 1493, 2705, 373, 2658, 558, 818, 3075, 709, 551, 517, 2358, 2285, 2685, 1723, 3216, 1382, 2889, 2022, 1767, 2354, 2615, 1321, 391, 2963, 1468, 1869, 1850, 1020, 3086, 721, 3149, 2691, 1255, 139, 3252, 785, 1744, 849, 2338, 144, 921, 671, 1795, 1368, 2434, 2222, 3110, 2504, 282, 2901, 2012, 1881, 564, 2503, 3185, 2398, 3083, 519, 296, 533, 283, 2444, 1732, 2357, 3099, 914, 57, 273, 1221, 1848, 2365, 588, 2646, 3143, 488, 1128, 2418, 1271, 1431, 338, 2948, 554, 923, 2429, 1945, 1606, 761, 2446, 2140, 1076, 2156, 848, 2568, 15, 2091, 2390, 84, 2641, 90, 135, 1176, 3085, 2555, 1120, 2002, 2506, 195, 1437, 199, 1915, 2671, 2053, 2542, 1158, 2843, 258, 2981, 502, 2409, 2096, 2619, 1824, 593, 3298, 2133, 2596, 3163, 2349, 3127, 461, 1970, 795, 1294, 278, 984, 63, 1954, 494, 2775, 569, 2655, 2141, 971, 3043, 3056, 1737, 2395, 2159, 3165, 51, 648, 1077, 1950, 196, 2226, 836, 1999, 3155, 324, 3164, 1861, 358, 208, 2447, 1656, 2798, 3063, 3293, 364, 2863, 2518, 1764, 1854, 2743, 634, 1495, 1603, 957, 2456, 2773, 844, 3078, 2672, 2321, 2165, 3147, 2193, 1436, 2468, 1782, 1888, 2578, 236, 226]",93,250,4,False,250
219,description,description,2,True,True,True,"{2: 91, 1: 95, 5: 64}","[3093, 1527, 2071, 1634, 2300, 2155, 1018, 1199, 840, 825, 2602, 2492, 2097, 2859, 748, 2839, 2023, 2087, 2123, 128, 3030, 75, 1355, 37, 2666, 2458, 2105, 3270, 40, 2020, 126, 1434, 438, 3244, 2714, 2318, 599, 952, 2377, 1597, 2072, 1984, 1644, 2290, 1936, 2259, 2032, 53, 111, 2590, 3037, 600, 3141, 1548, 2341, 1633, 1493, 2705, 373, 2658, 558, 818, 3075, 709, 551, 517, 2358, 2285, 2685, 1723, 3216, 1382, 2889, 2022, 1767, 2354, 2615, 1321, 391, 2963, 1468, 1869, 1850, 1020, 3086, 721, 3149, 2691, 1255, 139, 3252, 785, 1744, 849, 2338, 144, 921, 671, 1795, 1368, 2434, 2222, 3110, 2504, 282, 2901, 2012, 1881, 564, 2503, 3185, 2398, 3083, 519, 296, 533, 283, 2444, 1732, 2357, 3099, 914, 57, 273, 1221, 1848, 2365, 588, 2646, 3143, 488, 1128, 2418, 1271, 1431, 338, 2948, 554, 923, 2429, 1945, 1606, 761, 2446, 2140, 1076, 2156, 848, 2568, 15, 2091, 2390, 84, 2641, 90, 135, 1176, 3085, 2555, 1120, 2002, 2506, 195, 1437, 199, 1915, 2671, 2053, 2542, 1158, 2843, 258, 2981, 502, 2409, 2096, 2619, 1824, 593, 3298, 2133, 2596, 3163, 2349, 3127, 461, 1970, 795, 1294, 278, 984, 63, 1954, 494, 2775, 569, 2655, 2141, 971, 3043, 3056, 1737, 2395, 2159, 3165, 51, 648, 1077, 1950, 196, 2226, 836, 1999, 3155, 324, 3164, 1861, 358, 208, 2447, 1656, 2798, 3063, 3293, 364, 2863, 2518, 1764, 1854, 2743, 634, 1495, 1603, 957, 2456, 2773, 844, 3078, 2672, 2321, 2165, 3147, 2193, 1436, 2468, 1782, 1888, 2578, 236, 226]",219,250,4,False,250
54,description,description,2,True,True,True,"{2: 91, 1: 95, 5: 64}","[3093, 1527, 2071, 1634, 2300, 2155, 1018, 1199, 840, 825, 2602, 2492, 2097, 2859, 748, 2839, 2023, 2087, 2123, 128, 3030, 75, 1355, 37, 2666, 2458, 2105, 3270, 40, 2020, 126, 1434, 438, 3244, 2714, 2318, 599, 952, 2377, 1597, 2072, 1984, 1644, 2290, 1936, 2259, 2032, 53, 111, 2590, 3037, 600, 3141, 1548, 2341, 1633, 1493, 2705, 373, 2658, 558, 818, 3075, 709, 551, 517, 2358, 2285, 2685, 1723, 3216, 1382, 2889, 2022, 1767, 2354, 2615, 1321, 391, 2963, 1468, 1869, 1850, 1020, 3086, 721, 3149, 2691, 1255, 139, 3252, 785, 1744, 849, 2338, 144, 921, 671, 1795, 1368, 2434, 2222, 3110, 2504, 282, 2901, 2012, 1881, 564, 2503, 3185, 2398, 3083, 519, 296, 533, 283, 2444, 1732, 2357, 3099, 914, 57, 273, 1221, 1848, 2365, 588, 2646, 3143, 488, 1128, 2418, 1271, 1431, 338, 2948, 554, 923, 2429, 1945, 1606, 761, 2446, 2140, 1076, 2156, 848, 2568, 15, 2091, 2390, 84, 2641, 90, 135, 1176, 3085, 2555, 1120, 2002, 2506, 195, 1437, 199, 1915, 2671, 2053, 2542, 1158, 2843, 258, 2981, 502, 2409, 2096, 2619, 1824, 593, 3298, 2133, 2596, 3163, 2349, 3127, 461, 1970, 795, 1294, 278, 984, 63, 1954, 494, 2775, 569, 2655, 2141, 971, 3043, 3056, 1737, 2395, 2159, 3165, 51, 648, 1077, 1950, 196, 2226, 836, 1999, 3155, 324, 3164, 1861, 358, 208, 2447, 1656, 2798, 3063, 3293, 364, 2863, 2518, 1764, 1854, 2743, 634, 1495, 1603, 957, 2456, 2773, 844, 3078, 2672, 2321, 2165, 3147, 2193, 1436, 2468, 1782, 1888, 2578, 236, 226]",54,250,4,False,250
67,description,description,2,True,True,True,"{2: 91, 1: 95, 5: 64}","[3093, 1527, 2071, 1634, 2300, 2155, 1018, 1199, 840, 825, 2602, 2492, 2097, 2859, 748, 2839, 2023, 2087, 2123, 128, 3030, 75, 1355, 37, 2666, 2458, 2105, 3270, 40, 2020, 126, 1434, 438, 3244, 2714, 2318, 599, 952, 2377, 1597, 2072, 1984, 1644, 2290, 1936, 2259, 2032, 53, 111, 2590, 3037, 600, 3141, 1548, 2341, 1633, 1493, 2705, 373, 2658, 558, 818, 3075, 709, 551, 517, 2358, 2285, 2685, 1723, 3216, 1382, 2889, 2022, 1767, 2354, 2615, 1321, 391, 2963, 1468, 1869, 1850, 1020, 3086, 721, 3149, 2691, 1255, 139, 3252, 785, 1744, 849, 2338, 144, 921, 671, 1795, 1368, 2434, 2222, 3110, 2504, 282, 2901, 2012, 1881, 564, 2503, 3185, 2398, 3083, 519, 296, 533, 283, 2444, 1732, 2357, 3099, 914, 57, 273, 1221, 1848, 2365, 588, 2646, 3143, 488, 1128, 2418, 1271, 1431, 338, 2948, 554, 923, 2429, 1945, 1606, 761, 2446, 2140, 1076, 2156, 848, 2568, 15, 2091, 2390, 84, 2641, 90, 135, 1176, 3085, 2555, 1120, 2002, 2506, 195, 1437, 199, 1915, 2671, 2053, 2542, 1158, 2843, 258, 2981, 502, 2409, 2096, 2619, 1824, 593, 3298, 2133, 2596, 3163, 2349, 3127, 461, 1970, 795, 1294, 278, 984, 63, 1954, 494, 2775, 569, 2655, 2141, 971, 3043, 3056, 1737, 2395, 2159, 3165, 51, 648, 1077, 1950, 196, 2226, 836, 1999, 3155, 324, 3164, 1861, 358, 208, 2447, 1656, 2798, 3063, 3293, 364, 2863, 2518, 1764, 1854, 2743, 634, 1495, 1603, 957, 2456, 2773, 844, 3078, 2672, 2321, 2165, 3147, 2193, 1436, 2468, 1782, 1888, 2578, 236, 226]",67,250,4,False,250
125,numeric,numeric,5,True,True,True,"{2: 91, 1: 95, 5: 64}","[3093, 1527, 2071, 1634, 2300, 2155, 1018, 1199, 840, 825, 2602, 2492, 2097, 2859, 748, 2839, 2023, 2087, 2123, 128, 3030, 75, 1355, 37, 2666, 2458, 2105, 3270, 40, 2020, 126, 1434, 438, 3244, 2714, 2318, 599, 952, 2377, 1597, 2072, 1984, 1644, 2290, 1936, 2259, 2032, 53, 111, 2590, 3037, 600, 3141, 1548, 2341, 1633, 1493, 2705, 373, 2658, 558, 818, 3075, 709, 551, 517, 2358, 2285, 2685, 1723, 3216, 1382, 2889, 2022, 1767, 2354, 2615, 1321, 391, 2963, 1468, 1869, 1850, 1020, 3086, 721, 3149, 2691, 1255, 139, 3252, 785, 1744, 849, 2338, 144, 921, 671, 1795, 1368, 2434, 2222, 3110, 2504, 282, 2901, 2012, 1881, 564, 2503, 3185, 2398, 3083, 519, 296, 533, 283, 2444, 1732, 2357, 3099, 914, 57, 273, 1221, 1848, 2365, 588, 2646, 3143, 488, 1128, 2418, 1271, 1431, 338, 2948, 554, 923, 2429, 1945, 1606, 761, 2446, 2140, 1076, 2156, 848, 2568, 15, 2091, 2390, 84, 2641, 90, 135, 1176, 3085, 2555, 1120, 2002, 2506, 195, 1437, 199, 1915, 2671, 2053, 2542, 1158, 2843, 258, 2981, 502, 2409, 2096, 2619, 1824, 593, 3298, 2133, 2596, 3163, 2349, 3127, 461, 1970, 795, 1294, 278, 984, 63, 1954, 494, 2775, 569, 2655, 2141, 971, 3043, 3056, 1737, 2395, 2159, 3165, 51, 648, 1077, 1950, 196, 2226, 836, 1999, 3155, 324, 3164, 1861, 358, 208, 2447, 1656, 2798, 3063, 3293, 364, 2863, 2518, 1764, 1854, 2743, 634, 1495, 1603, 957, 2456, 2773, 844, 3078, 2672, 2321, 2165, 3147, 2193, 1436, 2468, 1782, 1888, 2578, 236, 226]",125,250,4,False,250
339,numeric,numeric,5,True,True,True,"{2: 91, 1: 95, 5: 64}","[3093, 1527, 2071, 1634, 2300, 2155, 1018, 1199, 840, 825, 2602, 2492, 2097, 2859, 748, 2839, 2023, 2087, 2123, 128, 3030, 75, 1355, 37, 2666, 2458, 2105, 3270, 40, 2020, 126, 1434, 438, 3244, 2714, 2318, 599, 952, 2377, 1597, 2072, 1984, 1644, 2290, 1936, 2259, 2032, 53, 111, 2590, 3037, 600, 3141, 1548, 2341, 1633, 1493, 2705, 373, 2658, 558, 818, 3075, 709, 551, 517, 2358, 2285, 2685, 1723, 3216, 1382, 2889, 2022, 1767, 2354, 2615, 1321, 391, 2963, 1468, 1869, 1850, 1020, 3086, 721, 3149, 2691, 1255, 139, 3252, 785, 1744, 849, 2338, 144, 921, 671, 1795, 1368, 2434, 2222, 3110, 2504, 282, 2901, 2012, 1881, 564, 2503, 3185, 2398, 3083, 519, 296, 533, 283, 2444, 1732, 2357, 3099, 914, 57, 273, 1221, 1848, 2365, 588, 2646, 3143, 488, 1128, 2418, 1271, 1431, 338, 2948, 554, 923, 2429, 1945, 1606, 761, 2446, 2140, 1076, 2156, 848, 2568, 15, 2091, 2390, 84, 2641, 90, 135, 1176, 3085, 2555, 1120, 2002, 2506, 195, 1437, 199, 1915, 2671, 2053, 2542, 1158, 2843, 258, 2981, 502, 2409, 2096, 2619, 1824, 593, 3298, 2133, 2596, 3163, 2349, 3127, 461, 1970, 795, 1294, 278, 984, 63, 1954, 494, 2775, 569, 2655, 2141, 971, 3043, 3056, 1737, 2395, 2159, 3165, 51, 648, 1077, 1950, 196, 2226, 836, 1999, 3155, 324, 3164, 1861, 358, 208, 2447, 1656, 2798, 3063, 3293, 364, 2863, 2518, 1764, 1854, 2743, 634, 1495, 1603, 957, 2456, 2773, 844, 3078, 2672, 2321, 2165, 3147, 2193, 1436, 2468, 1782, 1888, 2578, 236, 226]",339,250,4,False,250
192,description,description,2,True,True,True,"{2: 91, 1: 95, 5: 64}","[3093, 1527, 2071, 1634, 2300, 2155, 1018, 1199, 840, 825, 2602, 2492, 2097, 2859, 748, 2839, 2023, 2087, 2123, 128, 3030, 75, 1355, 37, 2666, 2458, 2105, 3270, 40, 2020, 126, 1434, 438, 3244, 2714, 2318, 599, 952, 2377, 1597, 2072, 1984, 1644, 2290, 1936, 2259, 2032, 53, 111, 2590, 3037, 600, 3141, 1548, 2341, 1633, 1493, 2705, 373, 2658, 558, 818, 3075, 709, 551, 517, 2358, 2285, 2685, 1723, 3216, 1382, 2889, 2022, 1767, 2354, 2615, 1321, 391, 2963, 1468, 1869, 1850, 1020, 3086, 721, 3149, 2691, 1255, 139, 3252, 785, 1744, 849, 2338, 144, 921, 671, 1795, 1368, 2434, 2222, 3110, 2504, 282, 2901, 2012, 1881, 564, 2503, 3185, 2398, 3083, 519, 296, 533, 283, 2444, 1732, 2357, 3099, 914, 57, 273, 1221, 1848, 2365, 588, 2646, 3143, 488, 1128, 2418, 1271, 1431, 338, 2948, 554, 923, 2429, 1945, 1606, 761, 2446, 2140, 1076, 2156, 848, 2568, 15, 2091, 2390, 84, 2641, 90, 135, 1176, 3085, 2555, 1120, 2002, 2506, 195, 1437, 199, 1915, 2671, 2053, 2542, 1158, 2843, 258, 2981, 502, 2409, 2096, 2619, 1824, 593, 3298, 2133, 2596, 3163, 2349, 3127, 461, 1970, 795, 1294, 278, 984, 63, 1954, 494, 2775, 569, 2655, 2141, 971, 3043, 3056, 1737, 2395, 2159, 3165, 51, 648, 1077, 1950, 196, 2226, 836, 1999, 3155, 324, 3164, 1861, 358, 208, 2447, 1656, 2798, 3063, 3293, 364, 2863, 2518, 1764, 1854, 2743, 634, 1495, 1603, 957, 2456, 2773, 844, 3078, 2672, 2321, 2165, 3147, 2193, 1436, 2468, 1782, 1888, 2578, 236, 226]",192,250,4,False,250
185,description,description,2,True,True,True,"{2: 91, 1: 95, 5: 64}","[3093, 1527, 2071, 1634, 2300, 2155, 1018, 1199, 840, 825, 2602, 2492, 2097, 2859, 748, 2839, 2023, 2087, 2123, 128, 3030, 75, 1355, 37, 2666, 2458, 2105, 3270, 40, 2020, 126, 1434, 438, 3244, 2714, 2318, 599, 952, 2377, 1597, 2072, 1984, 1644, 2290, 1936, 2259, 2032, 53, 111, 2590, 3037, 600, 3141, 1548, 2341, 1633, 1493, 2705, 373, 2658, 558, 818, 3075, 709, 551, 517, 2358, 2285, 2685, 1723, 3216, 1382, 2889, 2022, 1767, 2354, 2615, 1321, 391, 2963, 1468, 1869, 1850, 1020, 3086, 721, 3149, 2691, 1255, 139, 3252, 785, 1744, 849, 2338, 144, 921, 671, 1795, 1368, 2434, 2222, 3110, 2504, 282, 2901, 2012, 1881, 564, 2503, 3185, 2398, 3083, 519, 296, 533, 283, 2444, 1732, 2357, 3099, 914, 57, 273, 1221, 1848, 2365, 588, 2646, 3143, 488, 1128, 2418, 1271, 1431, 338, 2948, 554, 923, 2429, 1945, 1606, 761, 2446, 2140, 1076, 2156, 848, 2568, 15, 2091, 2390, 84, 2641, 90, 135, 1176, 3085, 2555, 1120, 2002, 2506, 195, 1437, 199, 1915, 2671, 2053, 2542, 1158, 2843, 258, 2981, 502, 2409, 2096, 2619, 1824, 593, 3298, 2133, 2596, 3163, 2349, 3127, 461, 1970, 795, 1294, 278, 984, 63, 1954, 494, 2775, 569, 2655, 2141, 971, 3043, 3056, 1737, 2395, 2159, 3165, 51, 648, 1077, 1950, 196, 2226, 836, 1999, 3155, 324, 3164, 1861, 358, 208, 2447, 1656, 2798, 3063, 3293, 364, 2863, 2518, 1764, 1854, 2743, 634, 1495, 1603, 957, 2456, 2773, 844, 3078, 2672, 2321, 2165, 3147, 2193, 1436, 2468, 1782, 1888, 2578, 236, 226]",185,250,4,False,250
225,description,description,2,True,True,True,"{2: 91, 1: 95, 5: 64}","[3093, 1527, 2071, 1634, 2300, 2155, 1018, 1199, 840, 825, 2602, 2492, 2097, 2859, 748, 2839, 2023, 2087, 2123, 128, 3030, 75, 1355, 37, 2666, 2458, 2105, 3270, 40, 2020, 126, 1434, 438, 3244, 2714, 2318, 599, 952, 2377, 1597, 2072, 1984, 1644, 2290, 1936, 2259, 2032, 53, 111, 2590, 3037, 600, 3141, 1548, 2341, 1633, 1493, 2705, 373, 2658, 558, 818, 3075, 709, 551, 517, 2358, 2285, 2685, 1723, 3216, 1382, 2889, 2022, 1767, 2354, 2615, 1321, 391, 2963, 1468, 1869, 1850, 1020, 3086, 721, 3149, 2691, 1255, 139, 3252, 785, 1744, 849, 2338, 144, 921, 671, 1795, 1368, 2434, 2222, 3110, 2504, 282, 2901, 2012, 1881, 564, 2503, 3185, 2398, 3083, 519, 296, 533, 283, 2444, 1732, 2357, 3099, 914, 57, 273, 1221, 1848, 2365, 588, 2646, 3143, 488, 1128, 2418, 1271, 1431, 338, 2948, 554, 923, 2429, 1945, 1606, 761, 2446, 2140, 1076, 2156, 848, 2568, 15, 2091, 2390, 84, 2641, 90, 135, 1176, 3085, 2555, 1120, 2002, 2506, 195, 1437, 199, 1915, 2671, 2053, 2542, 1158, 2843, 258, 2981, 502, 2409, 2096, 2619, 1824, 593, 3298, 2133, 2596, 3163, 2349, 3127, 461, 1970, 795, 1294, 278, 984, 63, 1954, 494, 2775, 569, 2655, 2141, 971, 3043, 3056, 1737, 2395, 2159, 3165, 51, 648, 1077, 1950, 196, 2226, 836, 1999, 3155, 324, 3164, 1861, 358, 208, 2447, 1656, 2798, 3063, 3293, 364, 2863, 2518, 1764, 1854, 2743, 634, 1495, 1603, 957, 2456, 2773, 844, 3078, 2672, 2321, 2165, 3147, 2193, 1436, 2468, 1782, 1888, 2578, 236, 226]",225,250,4,False,250
101,description,description,2,True,True,True,"{2: 91, 1: 95, 5: 64}","[3093, 1527, 2071, 1634, 2300, 2155, 1018, 1199, 840, 825, 2602, 2492, 2097, 2859, 748, 2839, 2023, 2087, 2123, 128, 3030, 75, 1355, 37, 2666, 2458, 2105, 3270, 40, 2020, 126, 1434, 438, 3244, 2714, 2318, 599, 952, 2377, 1597, 2072, 1984, 1644, 2290, 1936, 2259, 2032, 53, 111, 2590, 3037, 600, 3141, 1548, 2341, 1633, 1493, 2705, 373, 2658, 558, 818, 3075, 709, 551, 517, 2358, 2285, 2685, 1723, 3216, 1382, 2889, 2022, 1767, 2354, 2615, 1321, 391, 2963, 1468, 1869, 1850, 1020, 3086, 721, 3149, 2691, 1255, 139, 3252, 785, 1744, 849, 2338, 144, 921, 671, 1795, 1368, 2434, 2222, 3110, 2504, 282, 2901, 2012, 1881, 564, 2503, 3185, 2398, 3083, 519, 296, 533, 283, 2444, 1732, 2357, 3099, 914, 57, 273, 1221, 1848, 2365, 588, 2646, 3143, 488, 1128, 2418, 1271, 1431, 338, 2948, 554, 923, 2429, 1945, 1606, 761, 2446, 2140, 1076, 2156, 848, 2568, 15, 2091, 2390, 84, 2641, 90, 135, 1176, 3085, 2555, 1120, 2002, 2506, 195, 1437, 199, 1915, 2671, 2053, 2542, 1158, 2843, 258, 2981, 502, 2409, 2096, 2619, 1824, 593, 3298, 2133, 2596, 3163, 2349, 3127, 461, 1970, 795, 1294, 278, 984, 63, 1954, 494, 2775, 569, 2655, 2141, 971, 3043, 3056, 1737, 2395, 2159, 3165, 51, 648, 1077, 1950, 196, 2226, 836, 1999, 3155, 324, 3164, 1861, 358, 208, 2447, 1656, 2798, 3063, 3293, 364, 2863, 2518, 1764, 1854, 2743, 634, 1495, 1603, 957, 2456, 2773, 844, 3078, 2672, 2321, 2165, 3147, 2193, 1436, 2468, 1782, 1888, 2578, 236, 226]",101,250,4,False,250
287,numeric,numeric,5,True,True,True,"{2: 91, 1: 95, 5: 64}","[3093, 1527, 2071, 1634, 2300, 2155, 1018, 1199, 840, 825, 2602, 2492, 2097, 2859, 748, 2839, 2023, 2087, 2123, 128, 3030, 75, 1355, 37, 2666, 2458, 2105, 3270, 40, 2020, 126, 1434, 438, 3244, 2714, 2318, 599, 952, 2377, 1597, 2072, 1984, 1644, 2290, 1936, 2259, 2032, 53, 111, 2590, 3037, 600, 3141, 1548, 2341, 1633, 1493, 2705, 373, 2658, 558, 818, 3075, 709, 551, 517, 2358, 2285, 2685, 1723, 3216, 1382, 2889, 2022, 1767, 2354, 2615, 1321, 391, 2963, 1468, 1869, 1850, 1020, 3086, 721, 3149, 2691, 1255, 139, 3252, 785, 1744, 849, 2338, 144, 921, 671, 1795, 1368, 2434, 2222, 3110, 2504, 282, 2901, 2012, 1881, 564, 2503, 3185, 2398, 3083, 519, 296, 533, 283, 2444, 1732, 2357, 3099, 914, 57, 273, 1221, 1848, 2365, 588, 2646, 3143, 488, 1128, 2418, 1271, 1431, 338, 2948, 554, 923, 2429, 1945, 1606, 761, 2446, 2140, 1076, 2156, 848, 2568, 15, 2091, 2390, 84, 2641, 90, 135, 1176, 3085, 2555, 1120, 2002, 2506, 195, 1437, 199, 1915, 2671, 2053, 2542, 1158, 2843, 258, 2981, 502, 2409, 2096, 2619, 1824, 593, 3298, 2133, 2596, 3163, 2349, 3127, 461, 1970, 795, 1294, 278, 984, 63, 1954, 494, 2775, 569, 2655, 2141, 971, 3043, 3056, 1737, 2395, 2159, 3165, 51, 648, 1077, 1950, 196, 2226, 836, 1999, 3155, 324, 3164, 1861, 358, 208, 2447, 1656, 2798, 3063, 3293, 364, 2863, 2518, 1764, 1854, 2743, 634, 1495, 1603, 957, 2456, 2773, 844, 3078, 2672, 2321, 2165, 3147, 2193, 1436, 2468, 1782, 1888, 2578, 236, 226]",287,250,4,False,250
191,description,description,2,True,True,True,"{2: 91, 1: 95, 5: 64}","[3093, 1527, 2071, 1634, 2300, 2155, 1018, 1199, 840, 825, 2602, 2492, 2097, 2859, 748, 2839, 2023, 2087, 2123, 128, 3030, 75, 1355, 37, 2666, 2458, 2105, 3270, 40, 2020, 126, 1434, 438, 3244, 2714, 2318, 599, 952, 2377, 1597, 2072, 1984, 1644, 2290, 1936, 2259, 2032, 53, 111, 2590, 3037, 600, 3141, 1548, 2341, 1633, 1493, 2705, 373, 2658, 558, 818, 3075, 709, 551, 517, 2358, 2285, 2685, 1723, 3216, 1382, 2889, 2022, 1767, 2354, 2615, 1321, 391, 2963, 1468, 1869, 1850, 1020, 3086, 721, 3149, 2691, 1255, 139, 3252, 785, 1744, 849, 2338, 144, 921, 671, 1795, 1368, 2434, 2222, 3110, 2504, 282, 2901, 2012, 1881, 564, 2503, 3185, 2398, 3083, 519, 296, 533, 283, 2444, 1732, 2357, 3099, 914, 57, 273, 1221, 1848, 2365, 588, 2646, 3143, 488, 1128, 2418, 1271, 1431, 338, 2948, 554, 923, 2429, 1945, 1606, 761, 2446, 2140, 1076, 2156, 848, 2568, 15, 2091, 2390, 84, 2641, 90, 135, 1176, 3085, 2555, 1120, 2002, 2506, 195, 1437, 199, 1915, 2671, 2053, 2542, 1158, 2843, 258, 2981, 502, 2409, 2096, 2619, 1824, 593, 3298, 2133, 2596, 3163, 2349, 3127, 461, 1970, 795, 1294, 278, 984, 63, 1954, 494, 2775, 569, 2655, 2141, 971, 3043, 3056, 1737, 2395, 2159, 3165, 51, 648, 1077, 1950, 196, 2226, 836, 1999, 3155, 324, 3164, 1861, 358, 208, 2447, 1656, 2798, 3063, 3293, 364, 2863, 2518, 1764, 1854, 2743, 634, 1495, 1603, 957, 2456, 2773, 844, 3078, 2672, 2321, 2165, 3147, 2193, 1436, 2468, 1782, 1888, 2578, 236, 226]",191,250,4,False,250
268,description,description,2,True,True,True,"{2: 91, 1: 95, 5: 64}","[3093, 1527, 2071, 1634, 2300, 2155, 1018, 1199, 840, 825, 2602, 2492, 2097, 2859, 748, 2839, 2023, 2087, 2123, 128, 3030, 75, 1355, 37, 2666, 2458, 2105, 3270, 40, 2020, 126, 1434, 438, 3244, 2714, 2318, 599, 952, 2377, 1597, 2072, 1984, 1644, 2290, 1936, 2259, 2032, 53, 111, 2590, 3037, 600, 3141, 1548, 2341, 1633, 1493, 2705, 373, 2658, 558, 818, 3075, 709, 551, 517, 2358, 2285, 2685, 1723, 3216, 1382, 2889, 2022, 1767, 2354, 2615, 1321, 391, 2963, 1468, 1869, 1850, 1020, 3086, 721, 3149, 2691, 1255, 139, 3252, 785, 1744, 849, 2338, 144, 921, 671, 1795, 1368, 2434, 2222, 3110, 2504, 282, 2901, 2012, 1881, 564, 2503, 3185, 2398, 3083, 519, 296, 533, 283, 2444, 1732, 2357, 3099, 914, 57, 273, 1221, 1848, 2365, 588, 2646, 3143, 488, 1128, 2418, 1271, 1431, 338, 2948, 554, 923, 2429, 1945, 1606, 761, 2446, 2140, 1076, 2156, 848, 2568, 15, 2091, 2390, 84, 2641, 90, 135, 1176, 3085, 2555, 1120, 2002, 2506, 195, 1437, 199, 1915, 2671, 2053, 2542, 1158, 2843, 258, 2981, 502, 2409, 2096, 2619, 1824, 593, 3298, 2133, 2596, 3163, 2349, 3127, 461, 1970, 795, 1294, 278, 984, 63, 1954, 494, 2775, 569, 2655, 2141, 971, 3043, 3056, 1737, 2395, 2159, 3165, 51, 648, 1077, 1950, 196, 2226, 836, 1999, 3155, 324, 3164, 1861, 358, 208, 2447, 1656, 2798, 3063, 3293, 364, 2863, 2518, 1764, 1854, 2743, 634, 1495, 1603, 957, 2456, 2773, 844, 3078, 2672, 2321, 2165, 3147, 2193, 1436, 2468, 1782, 1888, 2578, 236, 226]",268,250,4,False,250
207,numeric,numeric,5,True,True,True,"{2: 91, 1: 95, 5: 64}","[3093, 1527, 2071, 1634, 2300, 2155, 1018, 1199, 840, 825, 2602, 2492, 2097, 2859, 748, 2839, 2023, 2087, 2123, 128, 3030, 75, 1355, 37, 2666, 2458, 2105, 3270, 40, 2020, 126, 1434, 438, 3244, 2714, 2318, 599, 952, 2377, 1597, 2072, 1984, 1644, 2290, 1936, 2259, 2032, 53, 111, 2590, 3037, 600, 3141, 1548, 2341, 1633, 1493, 2705, 373, 2658, 558, 818, 3075, 709, 551, 517, 2358, 2285, 2685, 1723, 3216, 1382, 2889, 2022, 1767, 2354, 2615, 1321, 391, 2963, 1468, 1869, 1850, 1020, 3086, 721, 3149, 2691, 1255, 139, 3252, 785, 1744, 849, 2338, 144, 921, 671, 1795, 1368, 2434, 2222, 3110, 2504, 282, 2901, 2012, 1881, 564, 2503, 3185, 2398, 3083, 519, 296, 533, 283, 2444, 1732, 2357, 3099, 914, 57, 273, 1221, 1848, 2365, 588, 2646, 3143, 488, 1128, 2418, 1271, 1431, 338, 2948, 554, 923, 2429, 1945, 1606, 761, 2446, 2140, 1076, 2156, 848, 2568, 15, 2091, 2390, 84, 2641, 90, 135, 1176, 3085, 2555, 1120, 2002, 2506, 195, 1437, 199, 1915, 2671, 2053, 2542, 1158, 2843, 258, 2981, 502, 2409, 2096, 2619, 1824, 593, 3298, 2133, 2596, 3163, 2349, 3127, 461, 1970, 795, 1294, 278, 984, 63, 1954, 494, 2775, 569, 2655, 2141, 971, 3043, 3056, 1737, 2395, 2159, 3165, 51, 648, 1077, 1950, 196, 2226, 836, 1999, 3155, 324, 3164, 1861, 358, 208, 2447, 1656, 2798, 3063, 3293, 364, 2863, 2518, 1764, 1854, 2743, 634, 1495, 1603, 957, 2456, 2773, 844, 3078, 2672, 2321, 2165, 3147, 2193, 1436, 2468, 1782, 1888, 2578, 236, 226]",207,250,4,False,250
288,entity,entity,1,True,True,True,"{2: 91, 1: 95, 5: 64}","[3093, 1527, 2071, 1634, 2300, 2155, 1018, 1199, 840, 825, 2602, 2492, 2097, 2859, 748, 2839, 2023, 2087, 2123, 128, 3030, 75, 1355, 37, 2666, 2458, 2105, 3270, 40, 2020, 126, 1434, 438, 3244, 2714, 2318, 599, 952, 2377, 1597, 2072, 1984, 1644, 2290, 1936, 2259, 2032, 53, 111, 2590, 3037, 600, 3141, 1548, 2341, 1633, 1493, 2705, 373, 2658, 558, 818, 3075, 709, 551, 517, 2358, 2285, 2685, 1723, 3216, 1382, 2889, 2022, 1767, 2354, 2615, 1321, 391, 2963, 1468, 1869, 1850, 1020, 3086, 721, 3149, 2691, 1255, 139, 3252, 785, 1744, 849, 2338, 144, 921, 671, 1795, 1368, 2434, 2222, 3110, 2504, 282, 2901, 2012, 1881, 564, 2503, 3185, 2398, 3083, 519, 296, 533, 283, 2444, 1732, 2357, 3099, 914, 57, 273, 1221, 1848, 2365, 588, 2646, 3143, 488, 1128, 2418, 1271, 1431, 338, 2948, 554, 923, 2429, 1945, 1606, 761, 2446, 2140, 1076, 2156, 848, 2568, 15, 2091, 2390, 84, 2641, 90, 135, 1176, 3085, 2555, 1120, 2002, 2506, 195, 1437, 199, 1915, 2671, 2053, 2542, 1158, 2843, 258, 2981, 502, 2409, 2096, 2619, 1824, 593, 3298, 2133, 2596, 3163, 2349, 3127, 461, 1970, 795, 1294, 278, 984, 63, 1954, 494, 2775, 569, 2655, 2141, 971, 3043, 3056, 1737, 2395, 2159, 3165, 51, 648, 1077, 1950, 196, 2226, 836, 1999, 3155, 324, 3164, 1861, 358, 208, 2447, 1656, 2798, 3063, 3293, 364, 2863, 2518, 1764, 1854, 2743, 634, 1495, 1603, 957, 2456, 2773, 844, 3078, 2672, 2321, 2165, 3147, 2193, 1436, 2468, 1782, 1888, 2578, 236, 226]",288,250,4,False,250
313,description,description,2,True,True,True,"{2: 91, 1: 95, 5: 64}","[3093, 1527, 2071, 1634, 2300, 2155, 1018, 1199, 840, 825, 2602, 2492, 2097, 2859, 748, 2839, 2023, 2087, 2123, 128, 3030, 75, 1355, 37, 2666, 2458, 2105, 3270, 40, 2020, 126, 1434, 438, 3244, 2714, 2318, 599, 952, 2377, 1597, 2072, 1984, 1644, 2290, 1936, 2259, 2032, 53, 111, 2590, 3037, 600, 3141, 1548, 2341, 1633, 1493, 2705, 373, 2658, 558, 818, 3075, 709, 551, 517, 2358, 2285, 2685, 1723, 3216, 1382, 2889, 2022, 1767, 2354, 2615, 1321, 391, 2963, 1468, 1869, 1850, 1020, 3086, 721, 3149, 2691, 1255, 139, 3252, 785, 1744, 849, 2338, 144, 921, 671, 1795, 1368, 2434, 2222, 3110, 2504, 282, 2901, 2012, 1881, 564, 2503, 3185, 2398, 3083, 519, 296, 533, 283, 2444, 1732, 2357, 3099, 914, 57, 273, 1221, 1848, 2365, 588, 2646, 3143, 488, 1128, 2418, 1271, 1431, 338, 2948, 554, 923, 2429, 1945, 1606, 761, 2446, 2140, 1076, 2156, 848, 2568, 15, 2091, 2390, 84, 2641, 90, 135, 1176, 3085, 2555, 1120, 2002, 2506, 195, 1437, 199, 1915, 2671, 2053, 2542, 1158, 2843, 258, 2981, 502, 2409, 2096, 2619, 1824, 593, 3298, 2133, 2596, 3163, 2349, 3127, 461, 1970, 795, 1294, 278, 984, 63, 1954, 494, 2775, 569, 2655, 2141, 971, 3043, 3056, 1737, 2395, 2159, 3165, 51, 648, 1077, 1950, 196, 2226, 836, 1999, 3155, 324, 3164, 1861, 358, 208, 2447, 1656, 2798, 3063, 3293, 364, 2863, 2518, 1764, 1854, 2743, 634, 1495, 1603, 957, 2456, 2773, 844, 3078, 2672, 2321, 2165, 3147, 2193, 1436, 2468, 1782, 1888, 2578, 236, 226]",313,250,4,False,250
97,entity,entity,1,True,True,True,"{2: 91, 1: 95, 5: 64}","[3093, 1527, 2071, 1634, 2300, 2155, 1018, 1199, 840, 825, 2602, 2492, 2097, 2859, 748, 2839, 2023, 2087, 2123, 128, 3030, 75, 1355, 37, 2666, 2458, 2105, 3270, 40, 2020, 126, 1434, 438, 3244, 2714, 2318, 599, 952, 2377, 1597, 2072, 1984, 1644, 2290, 1936, 2259, 2032, 53, 111, 2590, 3037, 600, 3141, 1548, 2341, 1633, 1493, 2705, 373, 2658, 558, 818, 3075, 709, 551, 517, 2358, 2285, 2685, 1723, 3216, 1382, 2889, 2022, 1767, 2354, 2615, 1321, 391, 2963, 1468, 1869, 1850, 1020, 3086, 721, 3149, 2691, 1255, 139, 3252, 785, 1744, 849, 2338, 144, 921, 671, 1795, 1368, 2434, 2222, 3110, 2504, 282, 2901, 2012, 1881, 564, 2503, 3185, 2398, 3083, 519, 296, 533, 283, 2444, 1732, 2357, 3099, 914, 57, 273, 1221, 1848, 2365, 588, 2646, 3143, 488, 1128, 2418, 1271, 1431, 338, 2948, 554, 923, 2429, 1945, 1606, 761, 2446, 2140, 1076, 2156, 848, 2568, 15, 2091, 2390, 84, 2641, 90, 135, 1176, 3085, 2555, 1120, 2002, 2506, 195, 1437, 199, 1915, 2671, 2053, 2542, 1158, 2843, 258, 2981, 502, 2409, 2096, 2619, 1824, 593, 3298, 2133, 2596, 3163, 2349, 3127, 461, 1970, 795, 1294, 278, 984, 63, 1954, 494, 2775, 569, 2655, 2141, 971, 3043, 3056, 1737, 2395, 2159, 3165, 51, 648, 1077, 1950, 196, 2226, 836, 1999, 3155, 324, 3164, 1861, 358, 208, 2447, 1656, 2798, 3063, 3293, 364, 2863, 2518, 1764, 1854, 2743, 634, 1495, 1603, 957, 2456, 2773, 844, 3078, 2672, 2321, 2165, 3147, 2193, 1436, 2468, 1782, 1888, 2578, 236, 226]",97,250,4,False,250
152,description,description,2,True,True,True,"{2: 91, 1: 95, 5: 64}","[3093, 1527, 2071, 1634, 2300, 2155, 1018, 1199, 840, 825, 2602, 2492, 2097, 2859, 748, 2839, 2023, 2087, 2123, 128, 3030, 75, 1355, 37, 2666, 2458, 2105, 3270, 40, 2020, 126, 1434, 438, 3244, 2714, 2318, 599, 952, 2377, 1597, 2072, 1984, 1644, 2290, 1936, 2259, 2032, 53, 111, 2590, 3037, 600, 3141, 1548, 2341, 1633, 1493, 2705, 373, 2658, 558, 818, 3075, 709, 551, 517, 2358, 2285, 2685, 1723, 3216, 1382, 2889, 2022, 1767, 2354, 2615, 1321, 391, 2963, 1468, 1869, 1850, 1020, 3086, 721, 3149, 2691, 1255, 139, 3252, 785, 1744, 849, 2338, 144, 921, 671, 1795, 1368, 2434, 2222, 3110, 2504, 282, 2901, 2012, 1881, 564, 2503, 3185, 2398, 3083, 519, 296, 533, 283, 2444, 1732, 2357, 3099, 914, 57, 273, 1221, 1848, 2365, 588, 2646, 3143, 488, 1128, 2418, 1271, 1431, 338, 2948, 554, 923, 2429, 1945, 1606, 761, 2446, 2140, 1076, 2156, 848, 2568, 15, 2091, 2390, 84, 2641, 90, 135, 1176, 3085, 2555, 1120, 2002, 2506, 195, 1437, 199, 1915, 2671, 2053, 2542, 1158, 2843, 258, 2981, 502, 2409, 2096, 2619, 1824, 593, 3298, 2133, 2596, 3163, 2349, 3127, 461, 1970, 795, 1294, 278, 984, 63, 1954, 494, 2775, 569, 2655, 2141, 971, 3043, 3056, 1737, 2395, 2159, 3165, 51, 648, 1077, 1950, 196, 2226, 836, 1999, 3155, 324, 3164, 1861, 358, 208, 2447, 1656, 2798, 3063, 3293, 364, 2863, 2518, 1764, 1854, 2743, 634, 1495, 1603, 957, 2456, 2773, 844, 3078, 2672, 2321, 2165, 3147, 2193, 1436, 2468, 1782, 1888, 2578, 236, 226]",152,250,4,False,250
195,numeric,numeric,5,True,True,True,"{2: 91, 1: 95, 5: 64}","[3093, 1527, 2071, 1634, 2300, 2155, 1018, 1199, 840, 825, 2602, 2492, 2097, 2859, 748, 2839, 2023, 2087, 2123, 128, 3030, 75, 1355, 37, 2666, 2458, 2105, 3270, 40, 2020, 126, 1434, 438, 3244, 2714, 2318, 599, 952, 2377, 1597, 2072, 1984, 1644, 2290, 1936, 2259, 2032, 53, 111, 2590, 3037, 600, 3141, 1548, 2341, 1633, 1493, 2705, 373, 2658, 558, 818, 3075, 709, 551, 517, 2358, 2285, 2685, 1723, 3216, 1382, 2889, 2022, 1767, 2354, 2615, 1321, 391, 2963, 1468, 1869, 1850, 1020, 3086, 721, 3149, 2691, 1255, 139, 3252, 785, 1744, 849, 2338, 144, 921, 671, 1795, 1368, 2434, 2222, 3110, 2504, 282, 2901, 2012, 1881, 564, 2503, 3185, 2398, 3083, 519, 296, 533, 283, 2444, 1732, 2357, 3099, 914, 57, 273, 1221, 1848, 2365, 588, 2646, 3143, 488, 1128, 2418, 1271, 1431, 338, 2948, 554, 923, 2429, 1945, 1606, 761, 2446, 2140, 1076, 2156, 848, 2568, 15, 2091, 2390, 84, 2641, 90, 135, 1176, 3085, 2555, 1120, 2002, 2506, 195, 1437, 199, 1915, 2671, 2053, 2542, 1158, 2843, 258, 2981, 502, 2409, 2096, 2619, 1824, 593, 3298, 2133, 2596, 3163, 2349, 3127, 461, 1970, 795, 1294, 278, 984, 63, 1954, 494, 2775, 569, 2655, 2141, 971, 3043, 3056, 1737, 2395, 2159, 3165, 51, 648, 1077, 1950, 196, 2226, 836, 1999, 3155, 324, 3164, 1861, 358, 208, 2447, 1656, 2798, 3063, 3293, 364, 2863, 2518, 1764, 1854, 2743, 634, 1495, 1603, 957, 2456, 2773, 844, 3078, 2672, 2321, 2165, 3147, 2193, 1436, 2468, 1782, 1888, 2578, 236, 226]",195,250,4,False,250
291,description,description,2,True,True,True,"{2: 91, 1: 95, 5: 64}","[3093, 1527, 2071, 1634, 2300, 2155, 1018, 1199, 840, 825, 2602, 2492, 2097, 2859, 748, 2839, 2023, 2087, 2123, 128, 3030, 75, 1355, 37, 2666, 2458, 2105, 3270, 40, 2020, 126, 1434, 438, 3244, 2714, 2318, 599, 952, 2377, 1597, 2072, 1984, 1644, 2290, 1936, 2259, 2032, 53, 111, 2590, 3037, 600, 3141, 1548, 2341, 1633, 1493, 2705, 373, 2658, 558, 818, 3075, 709, 551, 517, 2358, 2285, 2685, 1723, 3216, 1382, 2889, 2022, 1767, 2354, 2615, 1321, 391, 2963, 1468, 1869, 1850, 1020, 3086, 721, 3149, 2691, 1255, 139, 3252, 785, 1744, 849, 2338, 144, 921, 671, 1795, 1368, 2434, 2222, 3110, 2504, 282, 2901, 2012, 1881, 564, 2503, 3185, 2398, 3083, 519, 296, 533, 283, 2444, 1732, 2357, 3099, 914, 57, 273, 1221, 1848, 2365, 588, 2646, 3143, 488, 1128, 2418, 1271, 1431, 338, 2948, 554, 923, 2429, 1945, 1606, 761, 2446, 2140, 1076, 2156, 848, 2568, 15, 2091, 2390, 84, 2641, 90, 135, 1176, 3085, 2555, 1120, 2002, 2506, 195, 1437, 199, 1915, 2671, 2053, 2542, 1158, 2843, 258, 2981, 502, 2409, 2096, 2619, 1824, 593, 3298, 2133, 2596, 3163, 2349, 3127, 461, 1970, 795, 1294, 278, 984, 63, 1954, 494, 2775, 569, 2655, 2141, 971, 3043, 3056, 1737, 2395, 2159, 3165, 51, 648, 1077, 1950, 196, 2226, 836, 1999, 3155, 324, 3164, 1861, 358, 208, 2447, 1656, 2798, 3063, 3293, 364, 2863, 2518, 1764, 1854, 2743, 634, 1495, 1603, 957, 2456, 2773, 844, 3078, 2672, 2321, 2165, 3147, 2193, 1436, 2468, 1782, 1888, 2578, 236, 226]",291,250,4,False,250
9,numeric,numeric,5,True,True,True,"{2: 91, 1: 95, 5: 64}","[3093, 1527, 2071, 1634, 2300, 2155, 1018, 1199, 840, 825, 2602, 2492, 2097, 2859, 748, 2839, 2023, 2087, 2123, 128, 3030, 75, 1355, 37, 2666, 2458, 2105, 3270, 40, 2020, 126, 1434, 438, 3244, 2714, 2318, 599, 952, 2377, 1597, 2072, 1984, 1644, 2290, 1936, 2259, 2032, 53, 111, 2590, 3037, 600, 3141, 1548, 2341, 1633, 1493, 2705, 373, 2658, 558, 818, 3075, 709, 551, 517, 2358, 2285, 2685, 1723, 3216, 1382, 2889, 2022, 1767, 2354, 2615, 1321, 391, 2963, 1468, 1869, 1850, 1020, 3086, 721, 3149, 2691, 1255, 139, 3252, 785, 1744, 849, 2338, 144, 921, 671, 1795, 1368, 2434, 2222, 3110, 2504, 282, 2901, 2012, 1881, 564, 2503, 3185, 2398, 3083, 519, 296, 533, 283, 2444, 1732, 2357, 3099, 914, 57, 273, 1221, 1848, 2365, 588, 2646, 3143, 488, 1128, 2418, 1271, 1431, 338, 2948, 554, 923, 2429, 1945, 1606, 761, 2446, 2140, 1076, 2156, 848, 2568, 15, 2091, 2390, 84, 2641, 90, 135, 1176, 3085, 2555, 1120, 2002, 2506, 195, 1437, 199, 1915, 2671, 2053, 2542, 1158, 2843, 258, 2981, 502, 2409, 2096, 2619, 1824, 593, 3298, 2133, 2596, 3163, 2349, 3127, 461, 1970, 795, 1294, 278, 984, 63, 1954, 494, 2775, 569, 2655, 2141, 971, 3043, 3056, 1737, 2395, 2159, 3165, 51, 648, 1077, 1950, 196, 2226, 836, 1999, 3155, 324, 3164, 1861, 358, 208, 2447, 1656, 2798, 3063, 3293, 364, 2863, 2518, 1764, 1854, 2743, 634, 1495, 1603, 957, 2456, 2773, 844, 3078, 2672, 2321, 2165, 3147, 2193, 1436, 2468, 1782, 1888, 2578, 236, 226]",9,250,4,False,250
39,numeric,numeric,5,True,True,True,"{2: 91, 1: 95, 5: 64}","[3093, 1527, 2071, 1634, 2300, 2155, 1018, 1199, 840, 825, 2602, 2492, 2097, 2859, 748, 2839, 2023, 2087, 2123, 128, 3030, 75, 1355, 37, 2666, 2458, 2105, 3270, 40, 2020, 126, 1434, 438, 3244, 2714, 2318, 599, 952, 2377, 1597, 2072, 1984, 1644, 2290, 1936, 2259, 2032, 53, 111, 2590, 3037, 600, 3141, 1548, 2341, 1633, 1493, 2705, 373, 2658, 558, 818, 3075, 709, 551, 517, 2358, 2285, 2685, 1723, 3216, 1382, 2889, 2022, 1767, 2354, 2615, 1321, 391, 2963, 1468, 1869, 1850, 1020, 3086, 721, 3149, 2691, 1255, 139, 3252, 785, 1744, 849, 2338, 144, 921, 671, 1795, 1368, 2434, 2222, 3110, 2504, 282, 2901, 2012, 1881, 564, 2503, 3185, 2398, 3083, 519, 296, 533, 283, 2444, 1732, 2357, 3099, 914, 57, 273, 1221, 1848, 2365, 588, 2646, 3143, 488, 1128, 2418, 1271, 1431, 338, 2948, 554, 923, 2429, 1945, 1606, 761, 2446, 2140, 1076, 2156, 848, 2568, 15, 2091, 2390, 84, 2641, 90, 135, 1176, 3085, 2555, 1120, 2002, 2506, 195, 1437, 199, 1915, 2671, 2053, 2542, 1158, 2843, 258, 2981, 502, 2409, 2096, 2619, 1824, 593, 3298, 2133, 2596, 3163, 2349, 3127, 461, 1970, 795, 1294, 278, 984, 63, 1954, 494, 2775, 569, 2655, 2141, 971, 3043, 3056, 1737, 2395, 2159, 3165, 51, 648, 1077, 1950, 196, 2226, 836, 1999, 3155, 324, 3164, 1861, 358, 208, 2447, 1656, 2798, 3063, 3293, 364, 2863, 2518, 1764, 1854, 2743, 634, 1495, 1603, 957, 2456, 2773, 844, 3078, 2672, 2321, 2165, 3147, 2193, 1436, 2468, 1782, 1888, 2578, 236, 226]",39,250,4,False,250
136,numeric,numeric,5,True,True,True,"{2: 91, 1: 95, 5: 64}","[3093, 1527, 2071, 1634, 2300, 2155, 1018, 1199, 840, 825, 2602, 2492, 2097, 2859, 748, 2839, 2023, 2087, 2123, 128, 3030, 75, 1355, 37, 2666, 2458, 2105, 3270, 40, 2020, 126, 1434, 438, 3244, 2714, 2318, 599, 952, 2377, 1597, 2072, 1984, 1644, 2290, 1936, 2259, 2032, 53, 111, 2590, 3037, 600, 3141, 1548, 2341, 1633, 1493, 2705, 373, 2658, 558, 818, 3075, 709, 551, 517, 2358, 2285, 2685, 1723, 3216, 1382, 2889, 2022, 1767, 2354, 2615, 1321, 391, 2963, 1468, 1869, 1850, 1020, 3086, 721, 3149, 2691, 1255, 139, 3252, 785, 1744, 849, 2338, 144, 921, 671, 1795, 1368, 2434, 2222, 3110, 2504, 282, 2901, 2012, 1881, 564, 2503, 3185, 2398, 3083, 519, 296, 533, 283, 2444, 1732, 2357, 3099, 914, 57, 273, 1221, 1848, 2365, 588, 2646, 3143, 488, 1128, 2418, 1271, 1431, 338, 2948, 554, 923, 2429, 1945, 1606, 761, 2446, 2140, 1076, 2156, 848, 2568, 15, 2091, 2390, 84, 2641, 90, 135, 1176, 3085, 2555, 1120, 2002, 2506, 195, 1437, 199, 1915, 2671, 2053, 2542, 1158, 2843, 258, 2981, 502, 2409, 2096, 2619, 1824, 593, 3298, 2133, 2596, 3163, 2349, 3127, 461, 1970, 795, 1294, 278, 984, 63, 1954, 494, 2775, 569, 2655, 2141, 971, 3043, 3056, 1737, 2395, 2159, 3165, 51, 648, 1077, 1950, 196, 2226, 836, 1999, 3155, 324, 3164, 1861, 358, 208, 2447, 1656, 2798, 3063, 3293, 364, 2863, 2518, 1764, 1854, 2743, 634, 1495, 1603, 957, 2456, 2773, 844, 3078, 2672, 2321, 2165, 3147, 2193, 1436, 2468, 1782, 1888, 2578, 236, 226]",136,250,4,False,250
249,description,description,2,True,True,True,"{2: 91, 1: 95, 5: 64}","[3093, 1527, 2071, 1634, 2300, 2155, 1018, 1199, 840, 825, 2602, 2492, 2097, 2859, 748, 2839, 2023, 2087, 2123, 128, 3030, 75, 1355, 37, 2666, 2458, 2105, 3270, 40, 2020, 126, 1434, 438, 3244, 2714, 2318, 599, 952, 2377, 1597, 2072, 1984, 1644, 2290, 1936, 2259, 2032, 53, 111, 2590, 3037, 600, 3141, 1548, 2341, 1633, 1493, 2705, 373, 2658, 558, 818, 3075, 709, 551, 517, 2358, 2285, 2685, 1723, 3216, 1382, 2889, 2022, 1767, 2354, 2615, 1321, 391, 2963, 1468, 1869, 1850, 1020, 3086, 721, 3149, 2691, 1255, 139, 3252, 785, 1744, 849, 2338, 144, 921, 671, 1795, 1368, 2434, 2222, 3110, 2504, 282, 2901, 2012, 1881, 564, 2503, 3185, 2398, 3083, 519, 296, 533, 283, 2444, 1732, 2357, 3099, 914, 57, 273, 1221, 1848, 2365, 588, 2646, 3143, 488, 1128, 2418, 1271, 1431, 338, 2948, 554, 923, 2429, 1945, 1606, 761, 2446, 2140, 1076, 2156, 848, 2568, 15, 2091, 2390, 84, 2641, 90, 135, 1176, 3085, 2555, 1120, 2002, 2506, 195, 1437, 199, 1915, 2671, 2053, 2542, 1158, 2843, 258, 2981, 502, 2409, 2096, 2619, 1824, 593, 3298, 2133, 2596, 3163, 2349, 3127, 461, 1970, 795, 1294, 278, 984, 63, 1954, 494, 2775, 569, 2655, 2141, 971, 3043, 3056, 1737, 2395, 2159, 3165, 51, 648, 1077, 1950, 196, 2226, 836, 1999, 3155, 324, 3164, 1861, 358, 208, 2447, 1656, 2798, 3063, 3293, 364, 2863, 2518, 1764, 1854, 2743, 634, 1495, 1603, 957, 2456, 2773, 844, 3078, 2672, 2321, 2165, 3147, 2193, 1436, 2468, 1782, 1888, 2578, 236, 226]",249,250,4,False,250
61,numeric,numeric,5,True,True,True,"{2: 91, 1: 95, 5: 64}","[3093, 1527, 2071, 1634, 2300, 2155, 1018, 1199, 840, 825, 2602, 2492, 2097, 2859, 748, 2839, 2023, 2087, 2123, 128, 3030, 75, 1355, 37, 2666, 2458, 2105, 3270, 40, 2020, 126, 1434, 438, 3244, 2714, 2318, 599, 952, 2377, 1597, 2072, 1984, 1644, 2290, 1936, 2259, 2032, 53, 111, 2590, 3037, 600, 3141, 1548, 2341, 1633, 1493, 2705, 373, 2658, 558, 818, 3075, 709, 551, 517, 2358, 2285, 2685, 1723, 3216, 1382, 2889, 2022, 1767, 2354, 2615, 1321, 391, 2963, 1468, 1869, 1850, 1020, 3086, 721, 3149, 2691, 1255, 139, 3252, 785, 1744, 849, 2338, 144, 921, 671, 1795, 1368, 2434, 2222, 3110, 2504, 282, 2901, 2012, 1881, 564, 2503, 3185, 2398, 3083, 519, 296, 533, 283, 2444, 1732, 2357, 3099, 914, 57, 273, 1221, 1848, 2365, 588, 2646, 3143, 488, 1128, 2418, 1271, 1431, 338, 2948, 554, 923, 2429, 1945, 1606, 761, 2446, 2140, 1076, 2156, 848, 2568, 15, 2091, 2390, 84, 2641, 90, 135, 1176, 3085, 2555, 1120, 2002, 2506, 195, 1437, 199, 1915, 2671, 2053, 2542, 1158, 2843, 258, 2981, 502, 2409, 2096, 2619, 1824, 593, 3298, 2133, 2596, 3163, 2349, 3127, 461, 1970, 795, 1294, 278, 984, 63, 1954, 494, 2775, 569, 2655, 2141, 971, 3043, 3056, 1737, 2395, 2159, 3165, 51, 648, 1077, 1950, 196, 2226, 836, 1999, 3155, 324, 3164, 1861, 358, 208, 2447, 1656, 2798, 3063, 3293, 364, 2863, 2518, 1764, 1854, 2743, 634, 1495, 1603, 957, 2456, 2773, 844, 3078, 2672, 2321, 2165, 3147, 2193, 1436, 2468, 1782, 1888, 2578, 236, 226]",61,250,4,False,250
340,numeric,numeric,5,True,True,True,"{2: 91, 1: 95, 5: 64}","[3093, 1527, 2071, 1634, 2300, 2155, 1018, 1199, 840, 825, 2602, 2492, 2097, 2859, 748, 2839, 2023, 2087, 2123, 128, 3030, 75, 1355, 37, 2666, 2458, 2105, 3270, 40, 2020, 126, 1434, 438, 3244, 2714, 2318, 599, 952, 2377, 1597, 2072, 1984, 1644, 2290, 1936, 2259, 2032, 53, 111, 2590, 3037, 600, 3141, 1548, 2341, 1633, 1493, 2705, 373, 2658, 558, 818, 3075, 709, 551, 517, 2358, 2285, 2685, 1723, 3216, 1382, 2889, 2022, 1767, 2354, 2615, 1321, 391, 2963, 1468, 1869, 1850, 1020, 3086, 721, 3149, 2691, 1255, 139, 3252, 785, 1744, 849, 2338, 144, 921, 671, 1795, 1368, 2434, 2222, 3110, 2504, 282, 2901, 2012, 1881, 564, 2503, 3185, 2398, 3083, 519, 296, 533, 283, 2444, 1732, 2357, 3099, 914, 57, 273, 1221, 1848, 2365, 588, 2646, 3143, 488, 1128, 2418, 1271, 1431, 338, 2948, 554, 923, 2429, 1945, 1606, 761, 2446, 2140, 1076, 2156, 848, 2568, 15, 2091, 2390, 84, 2641, 90, 135, 1176, 3085, 2555, 1120, 2002, 2506, 195, 1437, 199, 1915, 2671, 2053, 2542, 1158, 2843, 258, 2981, 502, 2409, 2096, 2619, 1824, 593, 3298, 2133, 2596, 3163, 2349, 3127, 461, 1970, 795, 1294, 278, 984, 63, 1954, 494, 2775, 569, 2655, 2141, 971, 3043, 3056, 1737, 2395, 2159, 3165, 51, 648, 1077, 1950, 196, 2226, 836, 1999, 3155, 324, 3164, 1861, 358, 208, 2447, 1656, 2798, 3063, 3293, 364, 2863, 2518, 1764, 1854, 2743, 634, 1495, 1603, 957, 2456, 2773, 844, 3078, 2672, 2321, 2165, 3147, 2193, 1436, 2468, 1782, 1888, 2578, 236, 226]",340,250,4,False,250
235,numeric,numeric,5,True,True,True,"{2: 91, 1: 95, 5: 64}","[3093, 1527, 2071, 1634, 2300, 2155, 1018, 1199, 840, 825, 2602, 2492, 2097, 2859, 748, 2839, 2023, 2087, 2123, 128, 3030, 75, 1355, 37, 2666, 2458, 2105, 3270, 40, 2020, 126, 1434, 438, 3244, 2714, 2318, 599, 952, 2377, 1597, 2072, 1984, 1644, 2290, 1936, 2259, 2032, 53, 111, 2590, 3037, 600, 3141, 1548, 2341, 1633, 1493, 2705, 373, 2658, 558, 818, 3075, 709, 551, 517, 2358, 2285, 2685, 1723, 3216, 1382, 2889, 2022, 1767, 2354, 2615, 1321, 391, 2963, 1468, 1869, 1850, 1020, 3086, 721, 3149, 2691, 1255, 139, 3252, 785, 1744, 849, 2338, 144, 921, 671, 1795, 1368, 2434, 2222, 3110, 2504, 282, 2901, 2012, 1881, 564, 2503, 3185, 2398, 3083, 519, 296, 533, 283, 2444, 1732, 2357, 3099, 914, 57, 273, 1221, 1848, 2365, 588, 2646, 3143, 488, 1128, 2418, 1271, 1431, 338, 2948, 554, 923, 2429, 1945, 1606, 761, 2446, 2140, 1076, 2156, 848, 2568, 15, 2091, 2390, 84, 2641, 90, 135, 1176, 3085, 2555, 1120, 2002, 2506, 195, 1437, 199, 1915, 2671, 2053, 2542, 1158, 2843, 258, 2981, 502, 2409, 2096, 2619, 1824, 593, 3298, 2133, 2596, 3163, 2349, 3127, 461, 1970, 795, 1294, 278, 984, 63, 1954, 494, 2775, 569, 2655, 2141, 971, 3043, 3056, 1737, 2395, 2159, 3165, 51, 648, 1077, 1950, 196, 2226, 836, 1999, 3155, 324, 3164, 1861, 358, 208, 2447, 1656, 2798, 3063, 3293, 364, 2863, 2518, 1764, 1854, 2743, 634, 1495, 1603, 957, 2456, 2773, 844, 3078, 2672, 2321, 2165, 3147, 2193, 1436, 2468, 1782, 1888, 2578, 236, 226]",235,250,4,False,250
157,numeric,numeric,5,True,True,True,"{2: 91, 1: 95, 5: 64}","[3093, 1527, 2071, 1634, 2300, 2155, 1018, 1199, 840, 825, 2602, 2492, 2097, 2859, 748, 2839, 2023, 2087, 2123, 128, 3030, 75, 1355, 37, 2666, 2458, 2105, 3270, 40, 2020, 126, 1434, 438, 3244, 2714, 2318, 599, 952, 2377, 1597, 2072, 1984, 1644, 2290, 1936, 2259, 2032, 53, 111, 2590, 3037, 600, 3141, 1548, 2341, 1633, 1493, 2705, 373, 2658, 558, 818, 3075, 709, 551, 517, 2358, 2285, 2685, 1723, 3216, 1382, 2889, 2022, 1767, 2354, 2615, 1321, 391, 2963, 1468, 1869, 1850, 1020, 3086, 721, 3149, 2691, 1255, 139, 3252, 785, 1744, 849, 2338, 144, 921, 671, 1795, 1368, 2434, 2222, 3110, 2504, 282, 2901, 2012, 1881, 564, 2503, 3185, 2398, 3083, 519, 296, 533, 283, 2444, 1732, 2357, 3099, 914, 57, 273, 1221, 1848, 2365, 588, 2646, 3143, 488, 1128, 2418, 1271, 1431, 338, 2948, 554, 923, 2429, 1945, 1606, 761, 2446, 2140, 1076, 2156, 848, 2568, 15, 2091, 2390, 84, 2641, 90, 135, 1176, 3085, 2555, 1120, 2002, 2506, 195, 1437, 199, 1915, 2671, 2053, 2542, 1158, 2843, 258, 2981, 502, 2409, 2096, 2619, 1824, 593, 3298, 2133, 2596, 3163, 2349, 3127, 461, 1970, 795, 1294, 278, 984, 63, 1954, 494, 2775, 569, 2655, 2141, 971, 3043, 3056, 1737, 2395, 2159, 3165, 51, 648, 1077, 1950, 196, 2226, 836, 1999, 3155, 324, 3164, 1861, 358, 208, 2447, 1656, 2798, 3063, 3293, 364, 2863, 2518, 1764, 1854, 2743, 634, 1495, 1603, 957, 2456, 2773, 844, 3078, 2672, 2321, 2165, 3147, 2193, 1436, 2468, 1782, 1888, 2578, 236, 226]",157,250,4,False,250
161,description,description,2,True,True,True,"{2: 91, 1: 95, 5: 64}","[3093, 1527, 2071, 1634, 2300, 2155, 1018, 1199, 840, 825, 2602, 2492, 2097, 2859, 748, 2839, 2023, 2087, 2123, 128, 3030, 75, 1355, 37, 2666, 2458, 2105, 3270, 40, 2020, 126, 1434, 438, 3244, 2714, 2318, 599, 952, 2377, 1597, 2072, 1984, 1644, 2290, 1936, 2259, 2032, 53, 111, 2590, 3037, 600, 3141, 1548, 2341, 1633, 1493, 2705, 373, 2658, 558, 818, 3075, 709, 551, 517, 2358, 2285, 2685, 1723, 3216, 1382, 2889, 2022, 1767, 2354, 2615, 1321, 391, 2963, 1468, 1869, 1850, 1020, 3086, 721, 3149, 2691, 1255, 139, 3252, 785, 1744, 849, 2338, 144, 921, 671, 1795, 1368, 2434, 2222, 3110, 2504, 282, 2901, 2012, 1881, 564, 2503, 3185, 2398, 3083, 519, 296, 533, 283, 2444, 1732, 2357, 3099, 914, 57, 273, 1221, 1848, 2365, 588, 2646, 3143, 488, 1128, 2418, 1271, 1431, 338, 2948, 554, 923, 2429, 1945, 1606, 761, 2446, 2140, 1076, 2156, 848, 2568, 15, 2091, 2390, 84, 2641, 90, 135, 1176, 3085, 2555, 1120, 2002, 2506, 195, 1437, 199, 1915, 2671, 2053, 2542, 1158, 2843, 258, 2981, 502, 2409, 2096, 2619, 1824, 593, 3298, 2133, 2596, 3163, 2349, 3127, 461, 1970, 795, 1294, 278, 984, 63, 1954, 494, 2775, 569, 2655, 2141, 971, 3043, 3056, 1737, 2395, 2159, 3165, 51, 648, 1077, 1950, 196, 2226, 836, 1999, 3155, 324, 3164, 1861, 358, 208, 2447, 1656, 2798, 3063, 3293, 364, 2863, 2518, 1764, 1854, 2743, 634, 1495, 1603, 957, 2456, 2773, 844, 3078, 2672, 2321, 2165, 3147, 2193, 1436, 2468, 1782, 1888, 2578, 236, 226]",161,250,4,False,250
31,numeric,numeric,5,True,True,True,"{2: 91, 1: 95, 5: 64}","[3093, 1527, 2071, 1634, 2300, 2155, 1018, 1199, 840, 825, 2602, 2492, 2097, 2859, 748, 2839, 2023, 2087, 2123, 128, 3030, 75, 1355, 37, 2666, 2458, 2105, 3270, 40, 2020, 126, 1434, 438, 3244, 2714, 2318, 599, 952, 2377, 1597, 2072, 1984, 1644, 2290, 1936, 2259, 2032, 53, 111, 2590, 3037, 600, 3141, 1548, 2341, 1633, 1493, 2705, 373, 2658, 558, 818, 3075, 709, 551, 517, 2358, 2285, 2685, 1723, 3216, 1382, 2889, 2022, 1767, 2354, 2615, 1321, 391, 2963, 1468, 1869, 1850, 1020, 3086, 721, 3149, 2691, 1255, 139, 3252, 785, 1744, 849, 2338, 144, 921, 671, 1795, 1368, 2434, 2222, 3110, 2504, 282, 2901, 2012, 1881, 564, 2503, 3185, 2398, 3083, 519, 296, 533, 283, 2444, 1732, 2357, 3099, 914, 57, 273, 1221, 1848, 2365, 588, 2646, 3143, 488, 1128, 2418, 1271, 1431, 338, 2948, 554, 923, 2429, 1945, 1606, 761, 2446, 2140, 1076, 2156, 848, 2568, 15, 2091, 2390, 84, 2641, 90, 135, 1176, 3085, 2555, 1120, 2002, 2506, 195, 1437, 199, 1915, 2671, 2053, 2542, 1158, 2843, 258, 2981, 502, 2409, 2096, 2619, 1824, 593, 3298, 2133, 2596, 3163, 2349, 3127, 461, 1970, 795, 1294, 278, 984, 63, 1954, 494, 2775, 569, 2655, 2141, 971, 3043, 3056, 1737, 2395, 2159, 3165, 51, 648, 1077, 1950, 196, 2226, 836, 1999, 3155, 324, 3164, 1861, 358, 208, 2447, 1656, 2798, 3063, 3293, 364, 2863, 2518, 1764, 1854, 2743, 634, 1495, 1603, 957, 2456, 2773, 844, 3078, 2672, 2321, 2165, 3147, 2193, 1436, 2468, 1782, 1888, 2578, 236, 226]",31,250,4,False,250
99,description,description,2,True,True,True,"{2: 91, 1: 95, 5: 64}","[3093, 1527, 2071, 1634, 2300, 2155, 1018, 1199, 840, 825, 2602, 2492, 2097, 2859, 748, 2839, 2023, 2087, 2123, 128, 3030, 75, 1355, 37, 2666, 2458, 2105, 3270, 40, 2020, 126, 1434, 438, 3244, 2714, 2318, 599, 952, 2377, 1597, 2072, 1984, 1644, 2290, 1936, 2259, 2032, 53, 111, 2590, 3037, 600, 3141, 1548, 2341, 1633, 1493, 2705, 373, 2658, 558, 818, 3075, 709, 551, 517, 2358, 2285, 2685, 1723, 3216, 1382, 2889, 2022, 1767, 2354, 2615, 1321, 391, 2963, 1468, 1869, 1850, 1020, 3086, 721, 3149, 2691, 1255, 139, 3252, 785, 1744, 849, 2338, 144, 921, 671, 1795, 1368, 2434, 2222, 3110, 2504, 282, 2901, 2012, 1881, 564, 2503, 3185, 2398, 3083, 519, 296, 533, 283, 2444, 1732, 2357, 3099, 914, 57, 273, 1221, 1848, 2365, 588, 2646, 3143, 488, 1128, 2418, 1271, 1431, 338, 2948, 554, 923, 2429, 1945, 1606, 761, 2446, 2140, 1076, 2156, 848, 2568, 15, 2091, 2390, 84, 2641, 90, 135, 1176, 3085, 2555, 1120, 2002, 2506, 195, 1437, 199, 1915, 2671, 2053, 2542, 1158, 2843, 258, 2981, 502, 2409, 2096, 2619, 1824, 593, 3298, 2133, 2596, 3163, 2349, 3127, 461, 1970, 795, 1294, 278, 984, 63, 1954, 494, 2775, 569, 2655, 2141, 971, 3043, 3056, 1737, 2395, 2159, 3165, 51, 648, 1077, 1950, 196, 2226, 836, 1999, 3155, 324, 3164, 1861, 358, 208, 2447, 1656, 2798, 3063, 3293, 364, 2863, 2518, 1764, 1854, 2743, 634, 1495, 1603, 957, 2456, 2773, 844, 3078, 2672, 2321, 2165, 3147, 2193, 1436, 2468, 1782, 1888, 2578, 236, 226]",99,250,4,False,250
316,entity,entity,1,True,True,True,"{2: 91, 1: 95, 5: 64}","[3093, 1527, 2071, 1634, 2300, 2155, 1018, 1199, 840, 825, 2602, 2492, 2097, 2859, 748, 2839, 2023, 2087, 2123, 128, 3030, 75, 1355, 37, 2666, 2458, 2105, 3270, 40, 2020, 126, 1434, 438, 3244, 2714, 2318, 599, 952, 2377, 1597, 2072, 1984, 1644, 2290, 1936, 2259, 2032, 53, 111, 2590, 3037, 600, 3141, 1548, 2341, 1633, 1493, 2705, 373, 2658, 558, 818, 3075, 709, 551, 517, 2358, 2285, 2685, 1723, 3216, 1382, 2889, 2022, 1767, 2354, 2615, 1321, 391, 2963, 1468, 1869, 1850, 1020, 3086, 721, 3149, 2691, 1255, 139, 3252, 785, 1744, 849, 2338, 144, 921, 671, 1795, 1368, 2434, 2222, 3110, 2504, 282, 2901, 2012, 1881, 564, 2503, 3185, 2398, 3083, 519, 296, 533, 283, 2444, 1732, 2357, 3099, 914, 57, 273, 1221, 1848, 2365, 588, 2646, 3143, 488, 1128, 2418, 1271, 1431, 338, 2948, 554, 923, 2429, 1945, 1606, 761, 2446, 2140, 1076, 2156, 848, 2568, 15, 2091, 2390, 84, 2641, 90, 135, 1176, 3085, 2555, 1120, 2002, 2506, 195, 1437, 199, 1915, 2671, 2053, 2542, 1158, 2843, 258, 2981, 502, 2409, 2096, 2619, 1824, 593, 3298, 2133, 2596, 3163, 2349, 3127, 461, 1970, 795, 1294, 278, 984, 63, 1954, 494, 2775, 569, 2655, 2141, 971, 3043, 3056, 1737, 2395, 2159, 3165, 51, 648, 1077, 1950, 196, 2226, 836, 1999, 3155, 324, 3164, 1861, 358, 208, 2447, 1656, 2798, 3063, 3293, 364, 2863, 2518, 1764, 1854, 2743, 634, 1495, 1603, 957, 2456, 2773, 844, 3078, 2672, 2321, 2165, 3147, 2193, 1436, 2468, 1782, 1888, 2578, 236, 226]",316,250,4,False,250
201,description,entity,1,True,False,True,"{2: 91, 1: 95, 5: 64}","[3093, 1527, 2071, 1634, 2300, 2155, 1018, 1199, 840, 825, 2602, 2492, 2097, 2859, 748, 2839, 2023, 2087, 2123, 128, 3030, 75, 1355, 37, 2666, 2458, 2105, 3270, 40, 2020, 126, 1434, 438, 3244, 2714, 2318, 599, 952, 2377, 1597, 2072, 1984, 1644, 2290, 1936, 2259, 2032, 53, 111, 2590, 3037, 600, 3141, 1548, 2341, 1633, 1493, 2705, 373, 2658, 558, 818, 3075, 709, 551, 517, 2358, 2285, 2685, 1723, 3216, 1382, 2889, 2022, 1767, 2354, 2615, 1321, 391, 2963, 1468, 1869, 1850, 1020, 3086, 721, 3149, 2691, 1255, 139, 3252, 785, 1744, 849, 2338, 144, 921, 671, 1795, 1368, 2434, 2222, 3110, 2504, 282, 2901, 2012, 1881, 564, 2503, 3185, 2398, 3083, 519, 296, 533, 283, 2444, 1732, 2357, 3099, 914, 57, 273, 1221, 1848, 2365, 588, 2646, 3143, 488, 1128, 2418, 1271, 1431, 338, 2948, 554, 923, 2429, 1945, 1606, 761, 2446, 2140, 1076, 2156, 848, 2568, 15, 2091, 2390, 84, 2641, 90, 135, 1176, 3085, 2555, 1120, 2002, 2506, 195, 1437, 199, 1915, 2671, 2053, 2542, 1158, 2843, 258, 2981, 502, 2409, 2096, 2619, 1824, 593, 3298, 2133, 2596, 3163, 2349, 3127, 461, 1970, 795, 1294, 278, 984, 63, 1954, 494, 2775, 569, 2655, 2141, 971, 3043, 3056, 1737, 2395, 2159, 3165, 51, 648, 1077, 1950, 196, 2226, 836, 1999, 3155, 324, 3164, 1861, 358, 208, 2447, 1656, 2798, 3063, 3293, 364, 2863, 2518, 1764, 1854, 2743, 634, 1495, 1603, 957, 2456, 2773, 844, 3078, 2672, 2321, 2165, 3147, 2193, 1436, 2468, 1782, 1888, 2578, 236, 226]",201,250,4,False,250
271,description,description,2,True,True,True,"{2: 91, 1: 95, 5: 64}","[3093, 1527, 2071, 1634, 2300, 2155, 1018, 1199, 840, 825, 2602, 2492, 2097, 2859, 748, 2839, 2023, 2087, 2123, 128, 3030, 75, 1355, 37, 2666, 2458, 2105, 3270, 40, 2020, 126, 1434, 438, 3244, 2714, 2318, 599, 952, 2377, 1597, 2072, 1984, 1644, 2290, 1936, 2259, 2032, 53, 111, 2590, 3037, 600, 3141, 1548, 2341, 1633, 1493, 2705, 373, 2658, 558, 818, 3075, 709, 551, 517, 2358, 2285, 2685, 1723, 3216, 1382, 2889, 2022, 1767, 2354, 2615, 1321, 391, 2963, 1468, 1869, 1850, 1020, 3086, 721, 3149, 2691, 1255, 139, 3252, 785, 1744, 849, 2338, 144, 921, 671, 1795, 1368, 2434, 2222, 3110, 2504, 282, 2901, 2012, 1881, 564, 2503, 3185, 2398, 3083, 519, 296, 533, 283, 2444, 1732, 2357, 3099, 914, 57, 273, 1221, 1848, 2365, 588, 2646, 3143, 488, 1128, 2418, 1271, 1431, 338, 2948, 554, 923, 2429, 1945, 1606, 761, 2446, 2140, 1076, 2156, 848, 2568, 15, 2091, 2390, 84, 2641, 90, 135, 1176, 3085, 2555, 1120, 2002, 2506, 195, 1437, 199, 1915, 2671, 2053, 2542, 1158, 2843, 258, 2981, 502, 2409, 2096, 2619, 1824, 593, 3298, 2133, 2596, 3163, 2349, 3127, 461, 1970, 795, 1294, 278, 984, 63, 1954, 494, 2775, 569, 2655, 2141, 971, 3043, 3056, 1737, 2395, 2159, 3165, 51, 648, 1077, 1950, 196, 2226, 836, 1999, 3155, 324, 3164, 1861, 358, 208, 2447, 1656, 2798, 3063, 3293, 364, 2863, 2518, 1764, 1854, 2743, 634, 1495, 1603, 957, 2456, 2773, 844, 3078, 2672, 2321, 2165, 3147, 2193, 1436, 2468, 1782, 1888, 2578, 236, 226]",271,250,4,False,250
236,description,description,2,True,True,True,"{2: 91, 1: 95, 5: 64}","[3093, 1527, 2071, 1634, 2300, 2155, 1018, 1199, 840, 825, 2602, 2492, 2097, 2859, 748, 2839, 2023, 2087, 2123, 128, 3030, 75, 1355, 37, 2666, 2458, 2105, 3270, 40, 2020, 126, 1434, 438, 3244, 2714, 2318, 599, 952, 2377, 1597, 2072, 1984, 1644, 2290, 1936, 2259, 2032, 53, 111, 2590, 3037, 600, 3141, 1548, 2341, 1633, 1493, 2705, 373, 2658, 558, 818, 3075, 709, 551, 517, 2358, 2285, 2685, 1723, 3216, 1382, 2889, 2022, 1767, 2354, 2615, 1321, 391, 2963, 1468, 1869, 1850, 1020, 3086, 721, 3149, 2691, 1255, 139, 3252, 785, 1744, 849, 2338, 144, 921, 671, 1795, 1368, 2434, 2222, 3110, 2504, 282, 2901, 2012, 1881, 564, 2503, 3185, 2398, 3083, 519, 296, 533, 283, 2444, 1732, 2357, 3099, 914, 57, 273, 1221, 1848, 2365, 588, 2646, 3143, 488, 1128, 2418, 1271, 1431, 338, 2948, 554, 923, 2429, 1945, 1606, 761, 2446, 2140, 1076, 2156, 848, 2568, 15, 2091, 2390, 84, 2641, 90, 135, 1176, 3085, 2555, 1120, 2002, 2506, 195, 1437, 199, 1915, 2671, 2053, 2542, 1158, 2843, 258, 2981, 502, 2409, 2096, 2619, 1824, 593, 3298, 2133, 2596, 3163, 2349, 3127, 461, 1970, 795, 1294, 278, 984, 63, 1954, 494, 2775, 569, 2655, 2141, 971, 3043, 3056, 1737, 2395, 2159, 3165, 51, 648, 1077, 1950, 196, 2226, 836, 1999, 3155, 324, 3164, 1861, 358, 208, 2447, 1656, 2798, 3063, 3293, 364, 2863, 2518, 1764, 1854, 2743, 634, 1495, 1603, 957, 2456, 2773, 844, 3078, 2672, 2321, 2165, 3147, 2193, 1436, 2468, 1782, 1888, 2578, 236, 226]",236,250,4,False,250
217,numeric,numeric,5,True,True,True,"{2: 91, 1: 95, 5: 64}","[3093, 1527, 2071, 1634, 2300, 2155, 1018, 1199, 840, 825, 2602, 2492, 2097, 2859, 748, 2839, 2023, 2087, 2123, 128, 3030, 75, 1355, 37, 2666, 2458, 2105, 3270, 40, 2020, 126, 1434, 438, 3244, 2714, 2318, 599, 952, 2377, 1597, 2072, 1984, 1644, 2290, 1936, 2259, 2032, 53, 111, 2590, 3037, 600, 3141, 1548, 2341, 1633, 1493, 2705, 373, 2658, 558, 818, 3075, 709, 551, 517, 2358, 2285, 2685, 1723, 3216, 1382, 2889, 2022, 1767, 2354, 2615, 1321, 391, 2963, 1468, 1869, 1850, 1020, 3086, 721, 3149, 2691, 1255, 139, 3252, 785, 1744, 849, 2338, 144, 921, 671, 1795, 1368, 2434, 2222, 3110, 2504, 282, 2901, 2012, 1881, 564, 2503, 3185, 2398, 3083, 519, 296, 533, 283, 2444, 1732, 2357, 3099, 914, 57, 273, 1221, 1848, 2365, 588, 2646, 3143, 488, 1128, 2418, 1271, 1431, 338, 2948, 554, 923, 2429, 1945, 1606, 761, 2446, 2140, 1076, 2156, 848, 2568, 15, 2091, 2390, 84, 2641, 90, 135, 1176, 3085, 2555, 1120, 2002, 2506, 195, 1437, 199, 1915, 2671, 2053, 2542, 1158, 2843, 258, 2981, 502, 2409, 2096, 2619, 1824, 593, 3298, 2133, 2596, 3163, 2349, 3127, 461, 1970, 795, 1294, 278, 984, 63, 1954, 494, 2775, 569, 2655, 2141, 971, 3043, 3056, 1737, 2395, 2159, 3165, 51, 648, 1077, 1950, 196, 2226, 836, 1999, 3155, 324, 3164, 1861, 358, 208, 2447, 1656, 2798, 3063, 3293, 364, 2863, 2518, 1764, 1854, 2743, 634, 1495, 1603, 957, 2456, 2773, 844, 3078, 2672, 2321, 2165, 3147, 2193, 1436, 2468, 1782, 1888, 2578, 236, 226]",217,250,4,False,250
108,numeric,numeric,5,True,True,True,"{2: 91, 1: 95, 5: 64}","[3093, 1527, 2071, 1634, 2300, 2155, 1018, 1199, 840, 825, 2602, 2492, 2097, 2859, 748, 2839, 2023, 2087, 2123, 128, 3030, 75, 1355, 37, 2666, 2458, 2105, 3270, 40, 2020, 126, 1434, 438, 3244, 2714, 2318, 599, 952, 2377, 1597, 2072, 1984, 1644, 2290, 1936, 2259, 2032, 53, 111, 2590, 3037, 600, 3141, 1548, 2341, 1633, 1493, 2705, 373, 2658, 558, 818, 3075, 709, 551, 517, 2358, 2285, 2685, 1723, 3216, 1382, 2889, 2022, 1767, 2354, 2615, 1321, 391, 2963, 1468, 1869, 1850, 1020, 3086, 721, 3149, 2691, 1255, 139, 3252, 785, 1744, 849, 2338, 144, 921, 671, 1795, 1368, 2434, 2222, 3110, 2504, 282, 2901, 2012, 1881, 564, 2503, 3185, 2398, 3083, 519, 296, 533, 283, 2444, 1732, 2357, 3099, 914, 57, 273, 1221, 1848, 2365, 588, 2646, 3143, 488, 1128, 2418, 1271, 1431, 338, 2948, 554, 923, 2429, 1945, 1606, 761, 2446, 2140, 1076, 2156, 848, 2568, 15, 2091, 2390, 84, 2641, 90, 135, 1176, 3085, 2555, 1120, 2002, 2506, 195, 1437, 199, 1915, 2671, 2053, 2542, 1158, 2843, 258, 2981, 502, 2409, 2096, 2619, 1824, 593, 3298, 2133, 2596, 3163, 2349, 3127, 461, 1970, 795, 1294, 278, 984, 63, 1954, 494, 2775, 569, 2655, 2141, 971, 3043, 3056, 1737, 2395, 2159, 3165, 51, 648, 1077, 1950, 196, 2226, 836, 1999, 3155, 324, 3164, 1861, 358, 208, 2447, 1656, 2798, 3063, 3293, 364, 2863, 2518, 1764, 1854, 2743, 634, 1495, 1603, 957, 2456, 2773, 844, 3078, 2672, 2321, 2165, 3147, 2193, 1436, 2468, 1782, 1888, 2578, 236, 226]",108,250,4,False,250
81,numeric,numeric,5,True,True,True,"{2: 91, 1: 95, 5: 64}","[3093, 1527, 2071, 1634, 2300, 2155, 1018, 1199, 840, 825, 2602, 2492, 2097, 2859, 748, 2839, 2023, 2087, 2123, 128, 3030, 75, 1355, 37, 2666, 2458, 2105, 3270, 40, 2020, 126, 1434, 438, 3244, 2714, 2318, 599, 952, 2377, 1597, 2072, 1984, 1644, 2290, 1936, 2259, 2032, 53, 111, 2590, 3037, 600, 3141, 1548, 2341, 1633, 1493, 2705, 373, 2658, 558, 818, 3075, 709, 551, 517, 2358, 2285, 2685, 1723, 3216, 1382, 2889, 2022, 1767, 2354, 2615, 1321, 391, 2963, 1468, 1869, 1850, 1020, 3086, 721, 3149, 2691, 1255, 139, 3252, 785, 1744, 849, 2338, 144, 921, 671, 1795, 1368, 2434, 2222, 3110, 2504, 282, 2901, 2012, 1881, 564, 2503, 3185, 2398, 3083, 519, 296, 533, 283, 2444, 1732, 2357, 3099, 914, 57, 273, 1221, 1848, 2365, 588, 2646, 3143, 488, 1128, 2418, 1271, 1431, 338, 2948, 554, 923, 2429, 1945, 1606, 761, 2446, 2140, 1076, 2156, 848, 2568, 15, 2091, 2390, 84, 2641, 90, 135, 1176, 3085, 2555, 1120, 2002, 2506, 195, 1437, 199, 1915, 2671, 2053, 2542, 1158, 2843, 258, 2981, 502, 2409, 2096, 2619, 1824, 593, 3298, 2133, 2596, 3163, 2349, 3127, 461, 1970, 795, 1294, 278, 984, 63, 1954, 494, 2775, 569, 2655, 2141, 971, 3043, 3056, 1737, 2395, 2159, 3165, 51, 648, 1077, 1950, 196, 2226, 836, 1999, 3155, 324, 3164, 1861, 358, 208, 2447, 1656, 2798, 3063, 3293, 364, 2863, 2518, 1764, 1854, 2743, 634, 1495, 1603, 957, 2456, 2773, 844, 3078, 2672, 2321, 2165, 3147, 2193, 1436, 2468, 1782, 1888, 2578, 236, 226]",81,250,4,False,250
19,numeric,numeric,5,True,True,True,"{2: 91, 1: 95, 5: 64}","[3093, 1527, 2071, 1634, 2300, 2155, 1018, 1199, 840, 825, 2602, 2492, 2097, 2859, 748, 2839, 2023, 2087, 2123, 128, 3030, 75, 1355, 37, 2666, 2458, 2105, 3270, 40, 2020, 126, 1434, 438, 3244, 2714, 2318, 599, 952, 2377, 1597, 2072, 1984, 1644, 2290, 1936, 2259, 2032, 53, 111, 2590, 3037, 600, 3141, 1548, 2341, 1633, 1493, 2705, 373, 2658, 558, 818, 3075, 709, 551, 517, 2358, 2285, 2685, 1723, 3216, 1382, 2889, 2022, 1767, 2354, 2615, 1321, 391, 2963, 1468, 1869, 1850, 1020, 3086, 721, 3149, 2691, 1255, 139, 3252, 785, 1744, 849, 2338, 144, 921, 671, 1795, 1368, 2434, 2222, 3110, 2504, 282, 2901, 2012, 1881, 564, 2503, 3185, 2398, 3083, 519, 296, 533, 283, 2444, 1732, 2357, 3099, 914, 57, 273, 1221, 1848, 2365, 588, 2646, 3143, 488, 1128, 2418, 1271, 1431, 338, 2948, 554, 923, 2429, 1945, 1606, 761, 2446, 2140, 1076, 2156, 848, 2568, 15, 2091, 2390, 84, 2641, 90, 135, 1176, 3085, 2555, 1120, 2002, 2506, 195, 1437, 199, 1915, 2671, 2053, 2542, 1158, 2843, 258, 2981, 502, 2409, 2096, 2619, 1824, 593, 3298, 2133, 2596, 3163, 2349, 3127, 461, 1970, 795, 1294, 278, 984, 63, 1954, 494, 2775, 569, 2655, 2141, 971, 3043, 3056, 1737, 2395, 2159, 3165, 51, 648, 1077, 1950, 196, 2226, 836, 1999, 3155, 324, 3164, 1861, 358, 208, 2447, 1656, 2798, 3063, 3293, 364, 2863, 2518, 1764, 1854, 2743, 634, 1495, 1603, 957, 2456, 2773, 844, 3078, 2672, 2321, 2165, 3147, 2193, 1436, 2468, 1782, 1888, 2578, 236, 226]",19,250,4,False,250
226,entity,entity,1,True,True,True,"{2: 91, 1: 95, 5: 64}","[3093, 1527, 2071, 1634, 2300, 2155, 1018, 1199, 840, 825, 2602, 2492, 2097, 2859, 748, 2839, 2023, 2087, 2123, 128, 3030, 75, 1355, 37, 2666, 2458, 2105, 3270, 40, 2020, 126, 1434, 438, 3244, 2714, 2318, 599, 952, 2377, 1597, 2072, 1984, 1644, 2290, 1936, 2259, 2032, 53, 111, 2590, 3037, 600, 3141, 1548, 2341, 1633, 1493, 2705, 373, 2658, 558, 818, 3075, 709, 551, 517, 2358, 2285, 2685, 1723, 3216, 1382, 2889, 2022, 1767, 2354, 2615, 1321, 391, 2963, 1468, 1869, 1850, 1020, 3086, 721, 3149, 2691, 1255, 139, 3252, 785, 1744, 849, 2338, 144, 921, 671, 1795, 1368, 2434, 2222, 3110, 2504, 282, 2901, 2012, 1881, 564, 2503, 3185, 2398, 3083, 519, 296, 533, 283, 2444, 1732, 2357, 3099, 914, 57, 273, 1221, 1848, 2365, 588, 2646, 3143, 488, 1128, 2418, 1271, 1431, 338, 2948, 554, 923, 2429, 1945, 1606, 761, 2446, 2140, 1076, 2156, 848, 2568, 15, 2091, 2390, 84, 2641, 90, 135, 1176, 3085, 2555, 1120, 2002, 2506, 195, 1437, 199, 1915, 2671, 2053, 2542, 1158, 2843, 258, 2981, 502, 2409, 2096, 2619, 1824, 593, 3298, 2133, 2596, 3163, 2349, 3127, 461, 1970, 795, 1294, 278, 984, 63, 1954, 494, 2775, 569, 2655, 2141, 971, 3043, 3056, 1737, 2395, 2159, 3165, 51, 648, 1077, 1950, 196, 2226, 836, 1999, 3155, 324, 3164, 1861, 358, 208, 2447, 1656, 2798, 3063, 3293, 364, 2863, 2518, 1764, 1854, 2743, 634, 1495, 1603, 957, 2456, 2773, 844, 3078, 2672, 2321, 2165, 3147, 2193, 1436, 2468, 1782, 1888, 2578, 236, 226]",226,250,4,False,250
128,entity,entity,1,True,True,True,"{2: 91, 1: 95, 5: 64}","[3093, 1527, 2071, 1634, 2300, 2155, 1018, 1199, 840, 825, 2602, 2492, 2097, 2859, 748, 2839, 2023, 2087, 2123, 128, 3030, 75, 1355, 37, 2666, 2458, 2105, 3270, 40, 2020, 126, 1434, 438, 3244, 2714, 2318, 599, 952, 2377, 1597, 2072, 1984, 1644, 2290, 1936, 2259, 2032, 53, 111, 2590, 3037, 600, 3141, 1548, 2341, 1633, 1493, 2705, 373, 2658, 558, 818, 3075, 709, 551, 517, 2358, 2285, 2685, 1723, 3216, 1382, 2889, 2022, 1767, 2354, 2615, 1321, 391, 2963, 1468, 1869, 1850, 1020, 3086, 721, 3149, 2691, 1255, 139, 3252, 785, 1744, 849, 2338, 144, 921, 671, 1795, 1368, 2434, 2222, 3110, 2504, 282, 2901, 2012, 1881, 564, 2503, 3185, 2398, 3083, 519, 296, 533, 283, 2444, 1732, 2357, 3099, 914, 57, 273, 1221, 1848, 2365, 588, 2646, 3143, 488, 1128, 2418, 1271, 1431, 338, 2948, 554, 923, 2429, 1945, 1606, 761, 2446, 2140, 1076, 2156, 848, 2568, 15, 2091, 2390, 84, 2641, 90, 135, 1176, 3085, 2555, 1120, 2002, 2506, 195, 1437, 199, 1915, 2671, 2053, 2542, 1158, 2843, 258, 2981, 502, 2409, 2096, 2619, 1824, 593, 3298, 2133, 2596, 3163, 2349, 3127, 461, 1970, 795, 1294, 278, 984, 63, 1954, 494, 2775, 569, 2655, 2141, 971, 3043, 3056, 1737, 2395, 2159, 3165, 51, 648, 1077, 1950, 196, 2226, 836, 1999, 3155, 324, 3164, 1861, 358, 208, 2447, 1656, 2798, 3063, 3293, 364, 2863, 2518, 1764, 1854, 2743, 634, 1495, 1603, 957, 2456, 2773, 844, 3078, 2672, 2321, 2165, 3147, 2193, 1436, 2468, 1782, 1888, 2578, 236, 226]",128,250,4,False,250
193,description,description,2,True,True,True,"{2: 91, 1: 95, 5: 64}","[3093, 1527, 2071, 1634, 2300, 2155, 1018, 1199, 840, 825, 2602, 2492, 2097, 2859, 748, 2839, 2023, 2087, 2123, 128, 3030, 75, 1355, 37, 2666, 2458, 2105, 3270, 40, 2020, 126, 1434, 438, 3244, 2714, 2318, 599, 952, 2377, 1597, 2072, 1984, 1644, 2290, 1936, 2259, 2032, 53, 111, 2590, 3037, 600, 3141, 1548, 2341, 1633, 1493, 2705, 373, 2658, 558, 818, 3075, 709, 551, 517, 2358, 2285, 2685, 1723, 3216, 1382, 2889, 2022, 1767, 2354, 2615, 1321, 391, 2963, 1468, 1869, 1850, 1020, 3086, 721, 3149, 2691, 1255, 139, 3252, 785, 1744, 849, 2338, 144, 921, 671, 1795, 1368, 2434, 2222, 3110, 2504, 282, 2901, 2012, 1881, 564, 2503, 3185, 2398, 3083, 519, 296, 533, 283, 2444, 1732, 2357, 3099, 914, 57, 273, 1221, 1848, 2365, 588, 2646, 3143, 488, 1128, 2418, 1271, 1431, 338, 2948, 554, 923, 2429, 1945, 1606, 761, 2446, 2140, 1076, 2156, 848, 2568, 15, 2091, 2390, 84, 2641, 90, 135, 1176, 3085, 2555, 1120, 2002, 2506, 195, 1437, 199, 1915, 2671, 2053, 2542, 1158, 2843, 258, 2981, 502, 2409, 2096, 2619, 1824, 593, 3298, 2133, 2596, 3163, 2349, 3127, 461, 1970, 795, 1294, 278, 984, 63, 1954, 494, 2775, 569, 2655, 2141, 971, 3043, 3056, 1737, 2395, 2159, 3165, 51, 648, 1077, 1950, 196, 2226, 836, 1999, 3155, 324, 3164, 1861, 358, 208, 2447, 1656, 2798, 3063, 3293, 364, 2863, 2518, 1764, 1854, 2743, 634, 1495, 1603, 957, 2456, 2773, 844, 3078, 2672, 2321, 2165, 3147, 2193, 1436, 2468, 1782, 1888, 2578, 236, 226]",193,250,4,False,250
341,entity,entity,1,True,True,True,"{2: 91, 1: 95, 5: 64}","[3093, 1527, 2071, 1634, 2300, 2155, 1018, 1199, 840, 825, 2602, 2492, 2097, 2859, 748, 2839, 2023, 2087, 2123, 128, 3030, 75, 1355, 37, 2666, 2458, 2105, 3270, 40, 2020, 126, 1434, 438, 3244, 2714, 2318, 599, 952, 2377, 1597, 2072, 1984, 1644, 2290, 1936, 2259, 2032, 53, 111, 2590, 3037, 600, 3141, 1548, 2341, 1633, 1493, 2705, 373, 2658, 558, 818, 3075, 709, 551, 517, 2358, 2285, 2685, 1723, 3216, 1382, 2889, 2022, 1767, 2354, 2615, 1321, 391, 2963, 1468, 1869, 1850, 1020, 3086, 721, 3149, 2691, 1255, 139, 3252, 785, 1744, 849, 2338, 144, 921, 671, 1795, 1368, 2434, 2222, 3110, 2504, 282, 2901, 2012, 1881, 564, 2503, 3185, 2398, 3083, 519, 296, 533, 283, 2444, 1732, 2357, 3099, 914, 57, 273, 1221, 1848, 2365, 588, 2646, 3143, 488, 1128, 2418, 1271, 1431, 338, 2948, 554, 923, 2429, 1945, 1606, 761, 2446, 2140, 1076, 2156, 848, 2568, 15, 2091, 2390, 84, 2641, 90, 135, 1176, 3085, 2555, 1120, 2002, 2506, 195, 1437, 199, 1915, 2671, 2053, 2542, 1158, 2843, 258, 2981, 502, 2409, 2096, 2619, 1824, 593, 3298, 2133, 2596, 3163, 2349, 3127, 461, 1970, 795, 1294, 278, 984, 63, 1954, 494, 2775, 569, 2655, 2141, 971, 3043, 3056, 1737, 2395, 2159, 3165, 51, 648, 1077, 1950, 196, 2226, 836, 1999, 3155, 324, 3164, 1861, 358, 208, 2447, 1656, 2798, 3063, 3293, 364, 2863, 2518, 1764, 1854, 2743, 634, 1495, 1603, 957, 2456, 2773, 844, 3078, 2672, 2321, 2165, 3147, 2193, 1436, 2468, 1782, 1888, 2578, 236, 226]",341,250,4,False,250
117,description,description,2,True,True,True,"{2: 91, 1: 95, 5: 64}","[3093, 1527, 2071, 1634, 2300, 2155, 1018, 1199, 840, 825, 2602, 2492, 2097, 2859, 748, 2839, 2023, 2087, 2123, 128, 3030, 75, 1355, 37, 2666, 2458, 2105, 3270, 40, 2020, 126, 1434, 438, 3244, 2714, 2318, 599, 952, 2377, 1597, 2072, 1984, 1644, 2290, 1936, 2259, 2032, 53, 111, 2590, 3037, 600, 3141, 1548, 2341, 1633, 1493, 2705, 373, 2658, 558, 818, 3075, 709, 551, 517, 2358, 2285, 2685, 1723, 3216, 1382, 2889, 2022, 1767, 2354, 2615, 1321, 391, 2963, 1468, 1869, 1850, 1020, 3086, 721, 3149, 2691, 1255, 139, 3252, 785, 1744, 849, 2338, 144, 921, 671, 1795, 1368, 2434, 2222, 3110, 2504, 282, 2901, 2012, 1881, 564, 2503, 3185, 2398, 3083, 519, 296, 533, 283, 2444, 1732, 2357, 3099, 914, 57, 273, 1221, 1848, 2365, 588, 2646, 3143, 488, 1128, 2418, 1271, 1431, 338, 2948, 554, 923, 2429, 1945, 1606, 761, 2446, 2140, 1076, 2156, 848, 2568, 15, 2091, 2390, 84, 2641, 90, 135, 1176, 3085, 2555, 1120, 2002, 2506, 195, 1437, 199, 1915, 2671, 2053, 2542, 1158, 2843, 258, 2981, 502, 2409, 2096, 2619, 1824, 593, 3298, 2133, 2596, 3163, 2349, 3127, 461, 1970, 795, 1294, 278, 984, 63, 1954, 494, 2775, 569, 2655, 2141, 971, 3043, 3056, 1737, 2395, 2159, 3165, 51, 648, 1077, 1950, 196, 2226, 836, 1999, 3155, 324, 3164, 1861, 358, 208, 2447, 1656, 2798, 3063, 3293, 364, 2863, 2518, 1764, 1854, 2743, 634, 1495, 1603, 957, 2456, 2773, 844, 3078, 2672, 2321, 2165, 3147, 2193, 1436, 2468, 1782, 1888, 2578, 236, 226]",117,250,4,False,250
155,description,description,2,True,True,True,"{2: 91, 1: 95, 5: 64}","[3093, 1527, 2071, 1634, 2300, 2155, 1018, 1199, 840, 825, 2602, 2492, 2097, 2859, 748, 2839, 2023, 2087, 2123, 128, 3030, 75, 1355, 37, 2666, 2458, 2105, 3270, 40, 2020, 126, 1434, 438, 3244, 2714, 2318, 599, 952, 2377, 1597, 2072, 1984, 1644, 2290, 1936, 2259, 2032, 53, 111, 2590, 3037, 600, 3141, 1548, 2341, 1633, 1493, 2705, 373, 2658, 558, 818, 3075, 709, 551, 517, 2358, 2285, 2685, 1723, 3216, 1382, 2889, 2022, 1767, 2354, 2615, 1321, 391, 2963, 1468, 1869, 1850, 1020, 3086, 721, 3149, 2691, 1255, 139, 3252, 785, 1744, 849, 2338, 144, 921, 671, 1795, 1368, 2434, 2222, 3110, 2504, 282, 2901, 2012, 1881, 564, 2503, 3185, 2398, 3083, 519, 296, 533, 283, 2444, 1732, 2357, 3099, 914, 57, 273, 1221, 1848, 2365, 588, 2646, 3143, 488, 1128, 2418, 1271, 1431, 338, 2948, 554, 923, 2429, 1945, 1606, 761, 2446, 2140, 1076, 2156, 848, 2568, 15, 2091, 2390, 84, 2641, 90, 135, 1176, 3085, 2555, 1120, 2002, 2506, 195, 1437, 199, 1915, 2671, 2053, 2542, 1158, 2843, 258, 2981, 502, 2409, 2096, 2619, 1824, 593, 3298, 2133, 2596, 3163, 2349, 3127, 461, 1970, 795, 1294, 278, 984, 63, 1954, 494, 2775, 569, 2655, 2141, 971, 3043, 3056, 1737, 2395, 2159, 3165, 51, 648, 1077, 1950, 196, 2226, 836, 1999, 3155, 324, 3164, 1861, 358, 208, 2447, 1656, 2798, 3063, 3293, 364, 2863, 2518, 1764, 1854, 2743, 634, 1495, 1603, 957, 2456, 2773, 844, 3078, 2672, 2321, 2165, 3147, 2193, 1436, 2468, 1782, 1888, 2578, 236, 226]",155,250,4,False,250
216,description,description,2,True,True,True,"{2: 91, 1: 95, 5: 64}","[3093, 1527, 2071, 1634, 2300, 2155, 1018, 1199, 840, 825, 2602, 2492, 2097, 2859, 748, 2839, 2023, 2087, 2123, 128, 3030, 75, 1355, 37, 2666, 2458, 2105, 3270, 40, 2020, 126, 1434, 438, 3244, 2714, 2318, 599, 952, 2377, 1597, 2072, 1984, 1644, 2290, 1936, 2259, 2032, 53, 111, 2590, 3037, 600, 3141, 1548, 2341, 1633, 1493, 2705, 373, 2658, 558, 818, 3075, 709, 551, 517, 2358, 2285, 2685, 1723, 3216, 1382, 2889, 2022, 1767, 2354, 2615, 1321, 391, 2963, 1468, 1869, 1850, 1020, 3086, 721, 3149, 2691, 1255, 139, 3252, 785, 1744, 849, 2338, 144, 921, 671, 1795, 1368, 2434, 2222, 3110, 2504, 282, 2901, 2012, 1881, 564, 2503, 3185, 2398, 3083, 519, 296, 533, 283, 2444, 1732, 2357, 3099, 914, 57, 273, 1221, 1848, 2365, 588, 2646, 3143, 488, 1128, 2418, 1271, 1431, 338, 2948, 554, 923, 2429, 1945, 1606, 761, 2446, 2140, 1076, 2156, 848, 2568, 15, 2091, 2390, 84, 2641, 90, 135, 1176, 3085, 2555, 1120, 2002, 2506, 195, 1437, 199, 1915, 2671, 2053, 2542, 1158, 2843, 258, 2981, 502, 2409, 2096, 2619, 1824, 593, 3298, 2133, 2596, 3163, 2349, 3127, 461, 1970, 795, 1294, 278, 984, 63, 1954, 494, 2775, 569, 2655, 2141, 971, 3043, 3056, 1737, 2395, 2159, 3165, 51, 648, 1077, 1950, 196, 2226, 836, 1999, 3155, 324, 3164, 1861, 358, 208, 2447, 1656, 2798, 3063, 3293, 364, 2863, 2518, 1764, 1854, 2743, 634, 1495, 1603, 957, 2456, 2773, 844, 3078, 2672, 2321, 2165, 3147, 2193, 1436, 2468, 1782, 1888, 2578, 236, 226]",216,250,4,False,250
139,entity,entity,1,True,True,True,"{2: 91, 1: 95, 5: 64}","[3093, 1527, 2071, 1634, 2300, 2155, 1018, 1199, 840, 825, 2602, 2492, 2097, 2859, 748, 2839, 2023, 2087, 2123, 128, 3030, 75, 1355, 37, 2666, 2458, 2105, 3270, 40, 2020, 126, 1434, 438, 3244, 2714, 2318, 599, 952, 2377, 1597, 2072, 1984, 1644, 2290, 1936, 2259, 2032, 53, 111, 2590, 3037, 600, 3141, 1548, 2341, 1633, 1493, 2705, 373, 2658, 558, 818, 3075, 709, 551, 517, 2358, 2285, 2685, 1723, 3216, 1382, 2889, 2022, 1767, 2354, 2615, 1321, 391, 2963, 1468, 1869, 1850, 1020, 3086, 721, 3149, 2691, 1255, 139, 3252, 785, 1744, 849, 2338, 144, 921, 671, 1795, 1368, 2434, 2222, 3110, 2504, 282, 2901, 2012, 1881, 564, 2503, 3185, 2398, 3083, 519, 296, 533, 283, 2444, 1732, 2357, 3099, 914, 57, 273, 1221, 1848, 2365, 588, 2646, 3143, 488, 1128, 2418, 1271, 1431, 338, 2948, 554, 923, 2429, 1945, 1606, 761, 2446, 2140, 1076, 2156, 848, 2568, 15, 2091, 2390, 84, 2641, 90, 135, 1176, 3085, 2555, 1120, 2002, 2506, 195, 1437, 199, 1915, 2671, 2053, 2542, 1158, 2843, 258, 2981, 502, 2409, 2096, 2619, 1824, 593, 3298, 2133, 2596, 3163, 2349, 3127, 461, 1970, 795, 1294, 278, 984, 63, 1954, 494, 2775, 569, 2655, 2141, 971, 3043, 3056, 1737, 2395, 2159, 3165, 51, 648, 1077, 1950, 196, 2226, 836, 1999, 3155, 324, 3164, 1861, 358, 208, 2447, 1656, 2798, 3063, 3293, 364, 2863, 2518, 1764, 1854, 2743, 634, 1495, 1603, 957, 2456, 2773, 844, 3078, 2672, 2321, 2165, 3147, 2193, 1436, 2468, 1782, 1888, 2578, 236, 226]",139,250,4,False,250
131,description,entity,1,True,False,True,"{2: 91, 1: 95, 5: 64}","[3093, 1527, 2071, 1634, 2300, 2155, 1018, 1199, 840, 825, 2602, 2492, 2097, 2859, 748, 2839, 2023, 2087, 2123, 128, 3030, 75, 1355, 37, 2666, 2458, 2105, 3270, 40, 2020, 126, 1434, 438, 3244, 2714, 2318, 599, 952, 2377, 1597, 2072, 1984, 1644, 2290, 1936, 2259, 2032, 53, 111, 2590, 3037, 600, 3141, 1548, 2341, 1633, 1493, 2705, 373, 2658, 558, 818, 3075, 709, 551, 517, 2358, 2285, 2685, 1723, 3216, 1382, 2889, 2022, 1767, 2354, 2615, 1321, 391, 2963, 1468, 1869, 1850, 1020, 3086, 721, 3149, 2691, 1255, 139, 3252, 785, 1744, 849, 2338, 144, 921, 671, 1795, 1368, 2434, 2222, 3110, 2504, 282, 2901, 2012, 1881, 564, 2503, 3185, 2398, 3083, 519, 296, 533, 283, 2444, 1732, 2357, 3099, 914, 57, 273, 1221, 1848, 2365, 588, 2646, 3143, 488, 1128, 2418, 1271, 1431, 338, 2948, 554, 923, 2429, 1945, 1606, 761, 2446, 2140, 1076, 2156, 848, 2568, 15, 2091, 2390, 84, 2641, 90, 135, 1176, 3085, 2555, 1120, 2002, 2506, 195, 1437, 199, 1915, 2671, 2053, 2542, 1158, 2843, 258, 2981, 502, 2409, 2096, 2619, 1824, 593, 3298, 2133, 2596, 3163, 2349, 3127, 461, 1970, 795, 1294, 278, 984, 63, 1954, 494, 2775, 569, 2655, 2141, 971, 3043, 3056, 1737, 2395, 2159, 3165, 51, 648, 1077, 1950, 196, 2226, 836, 1999, 3155, 324, 3164, 1861, 358, 208, 2447, 1656, 2798, 3063, 3293, 364, 2863, 2518, 1764, 1854, 2743, 634, 1495, 1603, 957, 2456, 2773, 844, 3078, 2672, 2321, 2165, 3147, 2193, 1436, 2468, 1782, 1888, 2578, 236, 226]",131,250,4,False,250
264,numeric,numeric,5,True,True,True,"{2: 91, 1: 95, 5: 64}","[3093, 1527, 2071, 1634, 2300, 2155, 1018, 1199, 840, 825, 2602, 2492, 2097, 2859, 748, 2839, 2023, 2087, 2123, 128, 3030, 75, 1355, 37, 2666, 2458, 2105, 3270, 40, 2020, 126, 1434, 438, 3244, 2714, 2318, 599, 952, 2377, 1597, 2072, 1984, 1644, 2290, 1936, 2259, 2032, 53, 111, 2590, 3037, 600, 3141, 1548, 2341, 1633, 1493, 2705, 373, 2658, 558, 818, 3075, 709, 551, 517, 2358, 2285, 2685, 1723, 3216, 1382, 2889, 2022, 1767, 2354, 2615, 1321, 391, 2963, 1468, 1869, 1850, 1020, 3086, 721, 3149, 2691, 1255, 139, 3252, 785, 1744, 849, 2338, 144, 921, 671, 1795, 1368, 2434, 2222, 3110, 2504, 282, 2901, 2012, 1881, 564, 2503, 3185, 2398, 3083, 519, 296, 533, 283, 2444, 1732, 2357, 3099, 914, 57, 273, 1221, 1848, 2365, 588, 2646, 3143, 488, 1128, 2418, 1271, 1431, 338, 2948, 554, 923, 2429, 1945, 1606, 761, 2446, 2140, 1076, 2156, 848, 2568, 15, 2091, 2390, 84, 2641, 90, 135, 1176, 3085, 2555, 1120, 2002, 2506, 195, 1437, 199, 1915, 2671, 2053, 2542, 1158, 2843, 258, 2981, 502, 2409, 2096, 2619, 1824, 593, 3298, 2133, 2596, 3163, 2349, 3127, 461, 1970, 795, 1294, 278, 984, 63, 1954, 494, 2775, 569, 2655, 2141, 971, 3043, 3056, 1737, 2395, 2159, 3165, 51, 648, 1077, 1950, 196, 2226, 836, 1999, 3155, 324, 3164, 1861, 358, 208, 2447, 1656, 2798, 3063, 3293, 364, 2863, 2518, 1764, 1854, 2743, 634, 1495, 1603, 957, 2456, 2773, 844, 3078, 2672, 2321, 2165, 3147, 2193, 1436, 2468, 1782, 1888, 2578, 236, 226]",264,250,4,False,250
302,entity,entity,1,True,True,True,"{2: 91, 1: 95, 5: 64}","[3093, 1527, 2071, 1634, 2300, 2155, 1018, 1199, 840, 825, 2602, 2492, 2097, 2859, 748, 2839, 2023, 2087, 2123, 128, 3030, 75, 1355, 37, 2666, 2458, 2105, 3270, 40, 2020, 126, 1434, 438, 3244, 2714, 2318, 599, 952, 2377, 1597, 2072, 1984, 1644, 2290, 1936, 2259, 2032, 53, 111, 2590, 3037, 600, 3141, 1548, 2341, 1633, 1493, 2705, 373, 2658, 558, 818, 3075, 709, 551, 517, 2358, 2285, 2685, 1723, 3216, 1382, 2889, 2022, 1767, 2354, 2615, 1321, 391, 2963, 1468, 1869, 1850, 1020, 3086, 721, 3149, 2691, 1255, 139, 3252, 785, 1744, 849, 2338, 144, 921, 671, 1795, 1368, 2434, 2222, 3110, 2504, 282, 2901, 2012, 1881, 564, 2503, 3185, 2398, 3083, 519, 296, 533, 283, 2444, 1732, 2357, 3099, 914, 57, 273, 1221, 1848, 2365, 588, 2646, 3143, 488, 1128, 2418, 1271, 1431, 338, 2948, 554, 923, 2429, 1945, 1606, 761, 2446, 2140, 1076, 2156, 848, 2568, 15, 2091, 2390, 84, 2641, 90, 135, 1176, 3085, 2555, 1120, 2002, 2506, 195, 1437, 199, 1915, 2671, 2053, 2542, 1158, 2843, 258, 2981, 502, 2409, 2096, 2619, 1824, 593, 3298, 2133, 2596, 3163, 2349, 3127, 461, 1970, 795, 1294, 278, 984, 63, 1954, 494, 2775, 569, 2655, 2141, 971, 3043, 3056, 1737, 2395, 2159, 3165, 51, 648, 1077, 1950, 196, 2226, 836, 1999, 3155, 324, 3164, 1861, 358, 208, 2447, 1656, 2798, 3063, 3293, 364, 2863, 2518, 1764, 1854, 2743, 634, 1495, 1603, 957, 2456, 2773, 844, 3078, 2672, 2321, 2165, 3147, 2193, 1436, 2468, 1782, 1888, 2578, 236, 226]",302,250,4,False,250
110,numeric,numeric,5,True,True,True,"{2: 91, 1: 95, 5: 64}","[3093, 1527, 2071, 1634, 2300, 2155, 1018, 1199, 840, 825, 2602, 2492, 2097, 2859, 748, 2839, 2023, 2087, 2123, 128, 3030, 75, 1355, 37, 2666, 2458, 2105, 3270, 40, 2020, 126, 1434, 438, 3244, 2714, 2318, 599, 952, 2377, 1597, 2072, 1984, 1644, 2290, 1936, 2259, 2032, 53, 111, 2590, 3037, 600, 3141, 1548, 2341, 1633, 1493, 2705, 373, 2658, 558, 818, 3075, 709, 551, 517, 2358, 2285, 2685, 1723, 3216, 1382, 2889, 2022, 1767, 2354, 2615, 1321, 391, 2963, 1468, 1869, 1850, 1020, 3086, 721, 3149, 2691, 1255, 139, 3252, 785, 1744, 849, 2338, 144, 921, 671, 1795, 1368, 2434, 2222, 3110, 2504, 282, 2901, 2012, 1881, 564, 2503, 3185, 2398, 3083, 519, 296, 533, 283, 2444, 1732, 2357, 3099, 914, 57, 273, 1221, 1848, 2365, 588, 2646, 3143, 488, 1128, 2418, 1271, 1431, 338, 2948, 554, 923, 2429, 1945, 1606, 761, 2446, 2140, 1076, 2156, 848, 2568, 15, 2091, 2390, 84, 2641, 90, 135, 1176, 3085, 2555, 1120, 2002, 2506, 195, 1437, 199, 1915, 2671, 2053, 2542, 1158, 2843, 258, 2981, 502, 2409, 2096, 2619, 1824, 593, 3298, 2133, 2596, 3163, 2349, 3127, 461, 1970, 795, 1294, 278, 984, 63, 1954, 494, 2775, 569, 2655, 2141, 971, 3043, 3056, 1737, 2395, 2159, 3165, 51, 648, 1077, 1950, 196, 2226, 836, 1999, 3155, 324, 3164, 1861, 358, 208, 2447, 1656, 2798, 3063, 3293, 364, 2863, 2518, 1764, 1854, 2743, 634, 1495, 1603, 957, 2456, 2773, 844, 3078, 2672, 2321, 2165, 3147, 2193, 1436, 2468, 1782, 1888, 2578, 236, 226]",110,250,4,False,250
121,entity,entity,1,True,True,True,"{2: 91, 1: 95, 5: 64}","[3093, 1527, 2071, 1634, 2300, 2155, 1018, 1199, 840, 825, 2602, 2492, 2097, 2859, 748, 2839, 2023, 2087, 2123, 128, 3030, 75, 1355, 37, 2666, 2458, 2105, 3270, 40, 2020, 126, 1434, 438, 3244, 2714, 2318, 599, 952, 2377, 1597, 2072, 1984, 1644, 2290, 1936, 2259, 2032, 53, 111, 2590, 3037, 600, 3141, 1548, 2341, 1633, 1493, 2705, 373, 2658, 558, 818, 3075, 709, 551, 517, 2358, 2285, 2685, 1723, 3216, 1382, 2889, 2022, 1767, 2354, 2615, 1321, 391, 2963, 1468, 1869, 1850, 1020, 3086, 721, 3149, 2691, 1255, 139, 3252, 785, 1744, 849, 2338, 144, 921, 671, 1795, 1368, 2434, 2222, 3110, 2504, 282, 2901, 2012, 1881, 564, 2503, 3185, 2398, 3083, 519, 296, 533, 283, 2444, 1732, 2357, 3099, 914, 57, 273, 1221, 1848, 2365, 588, 2646, 3143, 488, 1128, 2418, 1271, 1431, 338, 2948, 554, 923, 2429, 1945, 1606, 761, 2446, 2140, 1076, 2156, 848, 2568, 15, 2091, 2390, 84, 2641, 90, 135, 1176, 3085, 2555, 1120, 2002, 2506, 195, 1437, 199, 1915, 2671, 2053, 2542, 1158, 2843, 258, 2981, 502, 2409, 2096, 2619, 1824, 593, 3298, 2133, 2596, 3163, 2349, 3127, 461, 1970, 795, 1294, 278, 984, 63, 1954, 494, 2775, 569, 2655, 2141, 971, 3043, 3056, 1737, 2395, 2159, 3165, 51, 648, 1077, 1950, 196, 2226, 836, 1999, 3155, 324, 3164, 1861, 358, 208, 2447, 1656, 2798, 3063, 3293, 364, 2863, 2518, 1764, 1854, 2743, 634, 1495, 1603, 957, 2456, 2773, 844, 3078, 2672, 2321, 2165, 3147, 2193, 1436, 2468, 1782, 1888, 2578, 236, 226]",121,250,4,False,250
72,description,description,2,True,True,True,"{2: 91, 1: 95, 5: 64}","[3093, 1527, 2071, 1634, 2300, 2155, 1018, 1199, 840, 825, 2602, 2492, 2097, 2859, 748, 2839, 2023, 2087, 2123, 128, 3030, 75, 1355, 37, 2666, 2458, 2105, 3270, 40, 2020, 126, 1434, 438, 3244, 2714, 2318, 599, 952, 2377, 1597, 2072, 1984, 1644, 2290, 1936, 2259, 2032, 53, 111, 2590, 3037, 600, 3141, 1548, 2341, 1633, 1493, 2705, 373, 2658, 558, 818, 3075, 709, 551, 517, 2358, 2285, 2685, 1723, 3216, 1382, 2889, 2022, 1767, 2354, 2615, 1321, 391, 2963, 1468, 1869, 1850, 1020, 3086, 721, 3149, 2691, 1255, 139, 3252, 785, 1744, 849, 2338, 144, 921, 671, 1795, 1368, 2434, 2222, 3110, 2504, 282, 2901, 2012, 1881, 564, 2503, 3185, 2398, 3083, 519, 296, 533, 283, 2444, 1732, 2357, 3099, 914, 57, 273, 1221, 1848, 2365, 588, 2646, 3143, 488, 1128, 2418, 1271, 1431, 338, 2948, 554, 923, 2429, 1945, 1606, 761, 2446, 2140, 1076, 2156, 848, 2568, 15, 2091, 2390, 84, 2641, 90, 135, 1176, 3085, 2555, 1120, 2002, 2506, 195, 1437, 199, 1915, 2671, 2053, 2542, 1158, 2843, 258, 2981, 502, 2409, 2096, 2619, 1824, 593, 3298, 2133, 2596, 3163, 2349, 3127, 461, 1970, 795, 1294, 278, 984, 63, 1954, 494, 2775, 569, 2655, 2141, 971, 3043, 3056, 1737, 2395, 2159, 3165, 51, 648, 1077, 1950, 196, 2226, 836, 1999, 3155, 324, 3164, 1861, 358, 208, 2447, 1656, 2798, 3063, 3293, 364, 2863, 2518, 1764, 1854, 2743, 634, 1495, 1603, 957, 2456, 2773, 844, 3078, 2672, 2321, 2165, 3147, 2193, 1436, 2468, 1782, 1888, 2578, 236, 226]",72,250,4,False,250
228,numeric,numeric,5,True,True,True,"{2: 91, 1: 95, 5: 64}","[3093, 1527, 2071, 1634, 2300, 2155, 1018, 1199, 840, 825, 2602, 2492, 2097, 2859, 748, 2839, 2023, 2087, 2123, 128, 3030, 75, 1355, 37, 2666, 2458, 2105, 3270, 40, 2020, 126, 1434, 438, 3244, 2714, 2318, 599, 952, 2377, 1597, 2072, 1984, 1644, 2290, 1936, 2259, 2032, 53, 111, 2590, 3037, 600, 3141, 1548, 2341, 1633, 1493, 2705, 373, 2658, 558, 818, 3075, 709, 551, 517, 2358, 2285, 2685, 1723, 3216, 1382, 2889, 2022, 1767, 2354, 2615, 1321, 391, 2963, 1468, 1869, 1850, 1020, 3086, 721, 3149, 2691, 1255, 139, 3252, 785, 1744, 849, 2338, 144, 921, 671, 1795, 1368, 2434, 2222, 3110, 2504, 282, 2901, 2012, 1881, 564, 2503, 3185, 2398, 3083, 519, 296, 533, 283, 2444, 1732, 2357, 3099, 914, 57, 273, 1221, 1848, 2365, 588, 2646, 3143, 488, 1128, 2418, 1271, 1431, 338, 2948, 554, 923, 2429, 1945, 1606, 761, 2446, 2140, 1076, 2156, 848, 2568, 15, 2091, 2390, 84, 2641, 90, 135, 1176, 3085, 2555, 1120, 2002, 2506, 195, 1437, 199, 1915, 2671, 2053, 2542, 1158, 2843, 258, 2981, 502, 2409, 2096, 2619, 1824, 593, 3298, 2133, 2596, 3163, 2349, 3127, 461, 1970, 795, 1294, 278, 984, 63, 1954, 494, 2775, 569, 2655, 2141, 971, 3043, 3056, 1737, 2395, 2159, 3165, 51, 648, 1077, 1950, 196, 2226, 836, 1999, 3155, 324, 3164, 1861, 358, 208, 2447, 1656, 2798, 3063, 3293, 364, 2863, 2518, 1764, 1854, 2743, 634, 1495, 1603, 957, 2456, 2773, 844, 3078, 2672, 2321, 2165, 3147, 2193, 1436, 2468, 1782, 1888, 2578, 236, 226]",228,250,4,False,250
232,numeric,numeric,5,True,True,True,"{2: 91, 1: 95, 5: 64}","[3093, 1527, 2071, 1634, 2300, 2155, 1018, 1199, 840, 825, 2602, 2492, 2097, 2859, 748, 2839, 2023, 2087, 2123, 128, 3030, 75, 1355, 37, 2666, 2458, 2105, 3270, 40, 2020, 126, 1434, 438, 3244, 2714, 2318, 599, 952, 2377, 1597, 2072, 1984, 1644, 2290, 1936, 2259, 2032, 53, 111, 2590, 3037, 600, 3141, 1548, 2341, 1633, 1493, 2705, 373, 2658, 558, 818, 3075, 709, 551, 517, 2358, 2285, 2685, 1723, 3216, 1382, 2889, 2022, 1767, 2354, 2615, 1321, 391, 2963, 1468, 1869, 1850, 1020, 3086, 721, 3149, 2691, 1255, 139, 3252, 785, 1744, 849, 2338, 144, 921, 671, 1795, 1368, 2434, 2222, 3110, 2504, 282, 2901, 2012, 1881, 564, 2503, 3185, 2398, 3083, 519, 296, 533, 283, 2444, 1732, 2357, 3099, 914, 57, 273, 1221, 1848, 2365, 588, 2646, 3143, 488, 1128, 2418, 1271, 1431, 338, 2948, 554, 923, 2429, 1945, 1606, 761, 2446, 2140, 1076, 2156, 848, 2568, 15, 2091, 2390, 84, 2641, 90, 135, 1176, 3085, 2555, 1120, 2002, 2506, 195, 1437, 199, 1915, 2671, 2053, 2542, 1158, 2843, 258, 2981, 502, 2409, 2096, 2619, 1824, 593, 3298, 2133, 2596, 3163, 2349, 3127, 461, 1970, 795, 1294, 278, 984, 63, 1954, 494, 2775, 569, 2655, 2141, 971, 3043, 3056, 1737, 2395, 2159, 3165, 51, 648, 1077, 1950, 196, 2226, 836, 1999, 3155, 324, 3164, 1861, 358, 208, 2447, 1656, 2798, 3063, 3293, 364, 2863, 2518, 1764, 1854, 2743, 634, 1495, 1603, 957, 2456, 2773, 844, 3078, 2672, 2321, 2165, 3147, 2193, 1436, 2468, 1782, 1888, 2578, 236, 226]",232,250,4,False,250
6,description,description,2,True,True,True,"{2: 91, 1: 95, 5: 64}","[3093, 1527, 2071, 1634, 2300, 2155, 1018, 1199, 840, 825, 2602, 2492, 2097, 2859, 748, 2839, 2023, 2087, 2123, 128, 3030, 75, 1355, 37, 2666, 2458, 2105, 3270, 40, 2020, 126, 1434, 438, 3244, 2714, 2318, 599, 952, 2377, 1597, 2072, 1984, 1644, 2290, 1936, 2259, 2032, 53, 111, 2590, 3037, 600, 3141, 1548, 2341, 1633, 1493, 2705, 373, 2658, 558, 818, 3075, 709, 551, 517, 2358, 2285, 2685, 1723, 3216, 1382, 2889, 2022, 1767, 2354, 2615, 1321, 391, 2963, 1468, 1869, 1850, 1020, 3086, 721, 3149, 2691, 1255, 139, 3252, 785, 1744, 849, 2338, 144, 921, 671, 1795, 1368, 2434, 2222, 3110, 2504, 282, 2901, 2012, 1881, 564, 2503, 3185, 2398, 3083, 519, 296, 533, 283, 2444, 1732, 2357, 3099, 914, 57, 273, 1221, 1848, 2365, 588, 2646, 3143, 488, 1128, 2418, 1271, 1431, 338, 2948, 554, 923, 2429, 1945, 1606, 761, 2446, 2140, 1076, 2156, 848, 2568, 15, 2091, 2390, 84, 2641, 90, 135, 1176, 3085, 2555, 1120, 2002, 2506, 195, 1437, 199, 1915, 2671, 2053, 2542, 1158, 2843, 258, 2981, 502, 2409, 2096, 2619, 1824, 593, 3298, 2133, 2596, 3163, 2349, 3127, 461, 1970, 795, 1294, 278, 984, 63, 1954, 494, 2775, 569, 2655, 2141, 971, 3043, 3056, 1737, 2395, 2159, 3165, 51, 648, 1077, 1950, 196, 2226, 836, 1999, 3155, 324, 3164, 1861, 358, 208, 2447, 1656, 2798, 3063, 3293, 364, 2863, 2518, 1764, 1854, 2743, 634, 1495, 1603, 957, 2456, 2773, 844, 3078, 2672, 2321, 2165, 3147, 2193, 1436, 2468, 1782, 1888, 2578, 236, 226]",6,250,4,False,250
186,numeric,numeric,5,True,True,True,"{2: 91, 1: 95, 5: 64}","[3093, 1527, 2071, 1634, 2300, 2155, 1018, 1199, 840, 825, 2602, 2492, 2097, 2859, 748, 2839, 2023, 2087, 2123, 128, 3030, 75, 1355, 37, 2666, 2458, 2105, 3270, 40, 2020, 126, 1434, 438, 3244, 2714, 2318, 599, 952, 2377, 1597, 2072, 1984, 1644, 2290, 1936, 2259, 2032, 53, 111, 2590, 3037, 600, 3141, 1548, 2341, 1633, 1493, 2705, 373, 2658, 558, 818, 3075, 709, 551, 517, 2358, 2285, 2685, 1723, 3216, 1382, 2889, 2022, 1767, 2354, 2615, 1321, 391, 2963, 1468, 1869, 1850, 1020, 3086, 721, 3149, 2691, 1255, 139, 3252, 785, 1744, 849, 2338, 144, 921, 671, 1795, 1368, 2434, 2222, 3110, 2504, 282, 2901, 2012, 1881, 564, 2503, 3185, 2398, 3083, 519, 296, 533, 283, 2444, 1732, 2357, 3099, 914, 57, 273, 1221, 1848, 2365, 588, 2646, 3143, 488, 1128, 2418, 1271, 1431, 338, 2948, 554, 923, 2429, 1945, 1606, 761, 2446, 2140, 1076, 2156, 848, 2568, 15, 2091, 2390, 84, 2641, 90, 135, 1176, 3085, 2555, 1120, 2002, 2506, 195, 1437, 199, 1915, 2671, 2053, 2542, 1158, 2843, 258, 2981, 502, 2409, 2096, 2619, 1824, 593, 3298, 2133, 2596, 3163, 2349, 3127, 461, 1970, 795, 1294, 278, 984, 63, 1954, 494, 2775, 569, 2655, 2141, 971, 3043, 3056, 1737, 2395, 2159, 3165, 51, 648, 1077, 1950, 196, 2226, 836, 1999, 3155, 324, 3164, 1861, 358, 208, 2447, 1656, 2798, 3063, 3293, 364, 2863, 2518, 1764, 1854, 2743, 634, 1495, 1603, 957, 2456, 2773, 844, 3078, 2672, 2321, 2165, 3147, 2193, 1436, 2468, 1782, 1888, 2578, 236, 226]",186,250,4,False,250
175,numeric,numeric,5,True,True,True,"{2: 91, 1: 95, 5: 64}","[3093, 1527, 2071, 1634, 2300, 2155, 1018, 1199, 840, 825, 2602, 2492, 2097, 2859, 748, 2839, 2023, 2087, 2123, 128, 3030, 75, 1355, 37, 2666, 2458, 2105, 3270, 40, 2020, 126, 1434, 438, 3244, 2714, 2318, 599, 952, 2377, 1597, 2072, 1984, 1644, 2290, 1936, 2259, 2032, 53, 111, 2590, 3037, 600, 3141, 1548, 2341, 1633, 1493, 2705, 373, 2658, 558, 818, 3075, 709, 551, 517, 2358, 2285, 2685, 1723, 3216, 1382, 2889, 2022, 1767, 2354, 2615, 1321, 391, 2963, 1468, 1869, 1850, 1020, 3086, 721, 3149, 2691, 1255, 139, 3252, 785, 1744, 849, 2338, 144, 921, 671, 1795, 1368, 2434, 2222, 3110, 2504, 282, 2901, 2012, 1881, 564, 2503, 3185, 2398, 3083, 519, 296, 533, 283, 2444, 1732, 2357, 3099, 914, 57, 273, 1221, 1848, 2365, 588, 2646, 3143, 488, 1128, 2418, 1271, 1431, 338, 2948, 554, 923, 2429, 1945, 1606, 761, 2446, 2140, 1076, 2156, 848, 2568, 15, 2091, 2390, 84, 2641, 90, 135, 1176, 3085, 2555, 1120, 2002, 2506, 195, 1437, 199, 1915, 2671, 2053, 2542, 1158, 2843, 258, 2981, 502, 2409, 2096, 2619, 1824, 593, 3298, 2133, 2596, 3163, 2349, 3127, 461, 1970, 795, 1294, 278, 984, 63, 1954, 494, 2775, 569, 2655, 2141, 971, 3043, 3056, 1737, 2395, 2159, 3165, 51, 648, 1077, 1950, 196, 2226, 836, 1999, 3155, 324, 3164, 1861, 358, 208, 2447, 1656, 2798, 3063, 3293, 364, 2863, 2518, 1764, 1854, 2743, 634, 1495, 1603, 957, 2456, 2773, 844, 3078, 2672, 2321, 2165, 3147, 2193, 1436, 2468, 1782, 1888, 2578, 236, 226]",175,250,4,False,250
285,description,description,2,True,True,True,"{2: 91, 1: 95, 5: 64}","[3093, 1527, 2071, 1634, 2300, 2155, 1018, 1199, 840, 825, 2602, 2492, 2097, 2859, 748, 2839, 2023, 2087, 2123, 128, 3030, 75, 1355, 37, 2666, 2458, 2105, 3270, 40, 2020, 126, 1434, 438, 3244, 2714, 2318, 599, 952, 2377, 1597, 2072, 1984, 1644, 2290, 1936, 2259, 2032, 53, 111, 2590, 3037, 600, 3141, 1548, 2341, 1633, 1493, 2705, 373, 2658, 558, 818, 3075, 709, 551, 517, 2358, 2285, 2685, 1723, 3216, 1382, 2889, 2022, 1767, 2354, 2615, 1321, 391, 2963, 1468, 1869, 1850, 1020, 3086, 721, 3149, 2691, 1255, 139, 3252, 785, 1744, 849, 2338, 144, 921, 671, 1795, 1368, 2434, 2222, 3110, 2504, 282, 2901, 2012, 1881, 564, 2503, 3185, 2398, 3083, 519, 296, 533, 283, 2444, 1732, 2357, 3099, 914, 57, 273, 1221, 1848, 2365, 588, 2646, 3143, 488, 1128, 2418, 1271, 1431, 338, 2948, 554, 923, 2429, 1945, 1606, 761, 2446, 2140, 1076, 2156, 848, 2568, 15, 2091, 2390, 84, 2641, 90, 135, 1176, 3085, 2555, 1120, 2002, 2506, 195, 1437, 199, 1915, 2671, 2053, 2542, 1158, 2843, 258, 2981, 502, 2409, 2096, 2619, 1824, 593, 3298, 2133, 2596, 3163, 2349, 3127, 461, 1970, 795, 1294, 278, 984, 63, 1954, 494, 2775, 569, 2655, 2141, 971, 3043, 3056, 1737, 2395, 2159, 3165, 51, 648, 1077, 1950, 196, 2226, 836, 1999, 3155, 324, 3164, 1861, 358, 208, 2447, 1656, 2798, 3063, 3293, 364, 2863, 2518, 1764, 1854, 2743, 634, 1495, 1603, 957, 2456, 2773, 844, 3078, 2672, 2321, 2165, 3147, 2193, 1436, 2468, 1782, 1888, 2578, 236, 226]",285,250,4,False,250
250,numeric,numeric,5,True,True,True,"{2: 91, 1: 95, 5: 64}","[3093, 1527, 2071, 1634, 2300, 2155, 1018, 1199, 840, 825, 2602, 2492, 2097, 2859, 748, 2839, 2023, 2087, 2123, 128, 3030, 75, 1355, 37, 2666, 2458, 2105, 3270, 40, 2020, 126, 1434, 438, 3244, 2714, 2318, 599, 952, 2377, 1597, 2072, 1984, 1644, 2290, 1936, 2259, 2032, 53, 111, 2590, 3037, 600, 3141, 1548, 2341, 1633, 1493, 2705, 373, 2658, 558, 818, 3075, 709, 551, 517, 2358, 2285, 2685, 1723, 3216, 1382, 2889, 2022, 1767, 2354, 2615, 1321, 391, 2963, 1468, 1869, 1850, 1020, 3086, 721, 3149, 2691, 1255, 139, 3252, 785, 1744, 849, 2338, 144, 921, 671, 1795, 1368, 2434, 2222, 3110, 2504, 282, 2901, 2012, 1881, 564, 2503, 3185, 2398, 3083, 519, 296, 533, 283, 2444, 1732, 2357, 3099, 914, 57, 273, 1221, 1848, 2365, 588, 2646, 3143, 488, 1128, 2418, 1271, 1431, 338, 2948, 554, 923, 2429, 1945, 1606, 761, 2446, 2140, 1076, 2156, 848, 2568, 15, 2091, 2390, 84, 2641, 90, 135, 1176, 3085, 2555, 1120, 2002, 2506, 195, 1437, 199, 1915, 2671, 2053, 2542, 1158, 2843, 258, 2981, 502, 2409, 2096, 2619, 1824, 593, 3298, 2133, 2596, 3163, 2349, 3127, 461, 1970, 795, 1294, 278, 984, 63, 1954, 494, 2775, 569, 2655, 2141, 971, 3043, 3056, 1737, 2395, 2159, 3165, 51, 648, 1077, 1950, 196, 2226, 836, 1999, 3155, 324, 3164, 1861, 358, 208, 2447, 1656, 2798, 3063, 3293, 364, 2863, 2518, 1764, 1854, 2743, 634, 1495, 1603, 957, 2456, 2773, 844, 3078, 2672, 2321, 2165, 3147, 2193, 1436, 2468, 1782, 1888, 2578, 236, 226]",250,250,4,False,250
113,description,description,2,True,True,True,"{2: 91, 1: 95, 5: 64}","[3093, 1527, 2071, 1634, 2300, 2155, 1018, 1199, 840, 825, 2602, 2492, 2097, 2859, 748, 2839, 2023, 2087, 2123, 128, 3030, 75, 1355, 37, 2666, 2458, 2105, 3270, 40, 2020, 126, 1434, 438, 3244, 2714, 2318, 599, 952, 2377, 1597, 2072, 1984, 1644, 2290, 1936, 2259, 2032, 53, 111, 2590, 3037, 600, 3141, 1548, 2341, 1633, 1493, 2705, 373, 2658, 558, 818, 3075, 709, 551, 517, 2358, 2285, 2685, 1723, 3216, 1382, 2889, 2022, 1767, 2354, 2615, 1321, 391, 2963, 1468, 1869, 1850, 1020, 3086, 721, 3149, 2691, 1255, 139, 3252, 785, 1744, 849, 2338, 144, 921, 671, 1795, 1368, 2434, 2222, 3110, 2504, 282, 2901, 2012, 1881, 564, 2503, 3185, 2398, 3083, 519, 296, 533, 283, 2444, 1732, 2357, 3099, 914, 57, 273, 1221, 1848, 2365, 588, 2646, 3143, 488, 1128, 2418, 1271, 1431, 338, 2948, 554, 923, 2429, 1945, 1606, 761, 2446, 2140, 1076, 2156, 848, 2568, 15, 2091, 2390, 84, 2641, 90, 135, 1176, 3085, 2555, 1120, 2002, 2506, 195, 1437, 199, 1915, 2671, 2053, 2542, 1158, 2843, 258, 2981, 502, 2409, 2096, 2619, 1824, 593, 3298, 2133, 2596, 3163, 2349, 3127, 461, 1970, 795, 1294, 278, 984, 63, 1954, 494, 2775, 569, 2655, 2141, 971, 3043, 3056, 1737, 2395, 2159, 3165, 51, 648, 1077, 1950, 196, 2226, 836, 1999, 3155, 324, 3164, 1861, 358, 208, 2447, 1656, 2798, 3063, 3293, 364, 2863, 2518, 1764, 1854, 2743, 634, 1495, 1603, 957, 2456, 2773, 844, 3078, 2672, 2321, 2165, 3147, 2193, 1436, 2468, 1782, 1888, 2578, 236, 226]",113,250,4,False,250
209,description,description,2,True,True,True,"{2: 91, 1: 95, 5: 64}","[3093, 1527, 2071, 1634, 2300, 2155, 1018, 1199, 840, 825, 2602, 2492, 2097, 2859, 748, 2839, 2023, 2087, 2123, 128, 3030, 75, 1355, 37, 2666, 2458, 2105, 3270, 40, 2020, 126, 1434, 438, 3244, 2714, 2318, 599, 952, 2377, 1597, 2072, 1984, 1644, 2290, 1936, 2259, 2032, 53, 111, 2590, 3037, 600, 3141, 1548, 2341, 1633, 1493, 2705, 373, 2658, 558, 818, 3075, 709, 551, 517, 2358, 2285, 2685, 1723, 3216, 1382, 2889, 2022, 1767, 2354, 2615, 1321, 391, 2963, 1468, 1869, 1850, 1020, 3086, 721, 3149, 2691, 1255, 139, 3252, 785, 1744, 849, 2338, 144, 921, 671, 1795, 1368, 2434, 2222, 3110, 2504, 282, 2901, 2012, 1881, 564, 2503, 3185, 2398, 3083, 519, 296, 533, 283, 2444, 1732, 2357, 3099, 914, 57, 273, 1221, 1848, 2365, 588, 2646, 3143, 488, 1128, 2418, 1271, 1431, 338, 2948, 554, 923, 2429, 1945, 1606, 761, 2446, 2140, 1076, 2156, 848, 2568, 15, 2091, 2390, 84, 2641, 90, 135, 1176, 3085, 2555, 1120, 2002, 2506, 195, 1437, 199, 1915, 2671, 2053, 2542, 1158, 2843, 258, 2981, 502, 2409, 2096, 2619, 1824, 593, 3298, 2133, 2596, 3163, 2349, 3127, 461, 1970, 795, 1294, 278, 984, 63, 1954, 494, 2775, 569, 2655, 2141, 971, 3043, 3056, 1737, 2395, 2159, 3165, 51, 648, 1077, 1950, 196, 2226, 836, 1999, 3155, 324, 3164, 1861, 358, 208, 2447, 1656, 2798, 3063, 3293, 364, 2863, 2518, 1764, 1854, 2743, 634, 1495, 1603, 957, 2456, 2773, 844, 3078, 2672, 2321, 2165, 3147, 2193, 1436, 2468, 1782, 1888, 2578, 236, 226]",209,250,4,False,250
233,entity,entity,1,True,True,True,"{2: 91, 1: 95, 5: 64}","[3093, 1527, 2071, 1634, 2300, 2155, 1018, 1199, 840, 825, 2602, 2492, 2097, 2859, 748, 2839, 2023, 2087, 2123, 128, 3030, 75, 1355, 37, 2666, 2458, 2105, 3270, 40, 2020, 126, 1434, 438, 3244, 2714, 2318, 599, 952, 2377, 1597, 2072, 1984, 1644, 2290, 1936, 2259, 2032, 53, 111, 2590, 3037, 600, 3141, 1548, 2341, 1633, 1493, 2705, 373, 2658, 558, 818, 3075, 709, 551, 517, 2358, 2285, 2685, 1723, 3216, 1382, 2889, 2022, 1767, 2354, 2615, 1321, 391, 2963, 1468, 1869, 1850, 1020, 3086, 721, 3149, 2691, 1255, 139, 3252, 785, 1744, 849, 2338, 144, 921, 671, 1795, 1368, 2434, 2222, 3110, 2504, 282, 2901, 2012, 1881, 564, 2503, 3185, 2398, 3083, 519, 296, 533, 283, 2444, 1732, 2357, 3099, 914, 57, 273, 1221, 1848, 2365, 588, 2646, 3143, 488, 1128, 2418, 1271, 1431, 338, 2948, 554, 923, 2429, 1945, 1606, 761, 2446, 2140, 1076, 2156, 848, 2568, 15, 2091, 2390, 84, 2641, 90, 135, 1176, 3085, 2555, 1120, 2002, 2506, 195, 1437, 199, 1915, 2671, 2053, 2542, 1158, 2843, 258, 2981, 502, 2409, 2096, 2619, 1824, 593, 3298, 2133, 2596, 3163, 2349, 3127, 461, 1970, 795, 1294, 278, 984, 63, 1954, 494, 2775, 569, 2655, 2141, 971, 3043, 3056, 1737, 2395, 2159, 3165, 51, 648, 1077, 1950, 196, 2226, 836, 1999, 3155, 324, 3164, 1861, 358, 208, 2447, 1656, 2798, 3063, 3293, 364, 2863, 2518, 1764, 1854, 2743, 634, 1495, 1603, 957, 2456, 2773, 844, 3078, 2672, 2321, 2165, 3147, 2193, 1436, 2468, 1782, 1888, 2578, 236, 226]",233,250,4,False,250
170,entity,entity,1,True,True,True,"{2: 91, 1: 95, 5: 64}","[3093, 1527, 2071, 1634, 2300, 2155, 1018, 1199, 840, 825, 2602, 2492, 2097, 2859, 748, 2839, 2023, 2087, 2123, 128, 3030, 75, 1355, 37, 2666, 2458, 2105, 3270, 40, 2020, 126, 1434, 438, 3244, 2714, 2318, 599, 952, 2377, 1597, 2072, 1984, 1644, 2290, 1936, 2259, 2032, 53, 111, 2590, 3037, 600, 3141, 1548, 2341, 1633, 1493, 2705, 373, 2658, 558, 818, 3075, 709, 551, 517, 2358, 2285, 2685, 1723, 3216, 1382, 2889, 2022, 1767, 2354, 2615, 1321, 391, 2963, 1468, 1869, 1850, 1020, 3086, 721, 3149, 2691, 1255, 139, 3252, 785, 1744, 849, 2338, 144, 921, 671, 1795, 1368, 2434, 2222, 3110, 2504, 282, 2901, 2012, 1881, 564, 2503, 3185, 2398, 3083, 519, 296, 533, 283, 2444, 1732, 2357, 3099, 914, 57, 273, 1221, 1848, 2365, 588, 2646, 3143, 488, 1128, 2418, 1271, 1431, 338, 2948, 554, 923, 2429, 1945, 1606, 761, 2446, 2140, 1076, 2156, 848, 2568, 15, 2091, 2390, 84, 2641, 90, 135, 1176, 3085, 2555, 1120, 2002, 2506, 195, 1437, 199, 1915, 2671, 2053, 2542, 1158, 2843, 258, 2981, 502, 2409, 2096, 2619, 1824, 593, 3298, 2133, 2596, 3163, 2349, 3127, 461, 1970, 795, 1294, 278, 984, 63, 1954, 494, 2775, 569, 2655, 2141, 971, 3043, 3056, 1737, 2395, 2159, 3165, 51, 648, 1077, 1950, 196, 2226, 836, 1999, 3155, 324, 3164, 1861, 358, 208, 2447, 1656, 2798, 3063, 3293, 364, 2863, 2518, 1764, 1854, 2743, 634, 1495, 1603, 957, 2456, 2773, 844, 3078, 2672, 2321, 2165, 3147, 2193, 1436, 2468, 1782, 1888, 2578, 236, 226]",170,250,4,False,250
78,numeric,numeric,5,True,True,True,"{2: 91, 1: 95, 5: 64}","[3093, 1527, 2071, 1634, 2300, 2155, 1018, 1199, 840, 825, 2602, 2492, 2097, 2859, 748, 2839, 2023, 2087, 2123, 128, 3030, 75, 1355, 37, 2666, 2458, 2105, 3270, 40, 2020, 126, 1434, 438, 3244, 2714, 2318, 599, 952, 2377, 1597, 2072, 1984, 1644, 2290, 1936, 2259, 2032, 53, 111, 2590, 3037, 600, 3141, 1548, 2341, 1633, 1493, 2705, 373, 2658, 558, 818, 3075, 709, 551, 517, 2358, 2285, 2685, 1723, 3216, 1382, 2889, 2022, 1767, 2354, 2615, 1321, 391, 2963, 1468, 1869, 1850, 1020, 3086, 721, 3149, 2691, 1255, 139, 3252, 785, 1744, 849, 2338, 144, 921, 671, 1795, 1368, 2434, 2222, 3110, 2504, 282, 2901, 2012, 1881, 564, 2503, 3185, 2398, 3083, 519, 296, 533, 283, 2444, 1732, 2357, 3099, 914, 57, 273, 1221, 1848, 2365, 588, 2646, 3143, 488, 1128, 2418, 1271, 1431, 338, 2948, 554, 923, 2429, 1945, 1606, 761, 2446, 2140, 1076, 2156, 848, 2568, 15, 2091, 2390, 84, 2641, 90, 135, 1176, 3085, 2555, 1120, 2002, 2506, 195, 1437, 199, 1915, 2671, 2053, 2542, 1158, 2843, 258, 2981, 502, 2409, 2096, 2619, 1824, 593, 3298, 2133, 2596, 3163, 2349, 3127, 461, 1970, 795, 1294, 278, 984, 63, 1954, 494, 2775, 569, 2655, 2141, 971, 3043, 3056, 1737, 2395, 2159, 3165, 51, 648, 1077, 1950, 196, 2226, 836, 1999, 3155, 324, 3164, 1861, 358, 208, 2447, 1656, 2798, 3063, 3293, 364, 2863, 2518, 1764, 1854, 2743, 634, 1495, 1603, 957, 2456, 2773, 844, 3078, 2672, 2321, 2165, 3147, 2193, 1436, 2468, 1782, 1888, 2578, 236, 226]",78,250,4,False,250
12,numeric,numeric,5,True,True,True,"{2: 91, 1: 95, 5: 64}","[3093, 1527, 2071, 1634, 2300, 2155, 1018, 1199, 840, 825, 2602, 2492, 2097, 2859, 748, 2839, 2023, 2087, 2123, 128, 3030, 75, 1355, 37, 2666, 2458, 2105, 3270, 40, 2020, 126, 1434, 438, 3244, 2714, 2318, 599, 952, 2377, 1597, 2072, 1984, 1644, 2290, 1936, 2259, 2032, 53, 111, 2590, 3037, 600, 3141, 1548, 2341, 1633, 1493, 2705, 373, 2658, 558, 818, 3075, 709, 551, 517, 2358, 2285, 2685, 1723, 3216, 1382, 2889, 2022, 1767, 2354, 2615, 1321, 391, 2963, 1468, 1869, 1850, 1020, 3086, 721, 3149, 2691, 1255, 139, 3252, 785, 1744, 849, 2338, 144, 921, 671, 1795, 1368, 2434, 2222, 3110, 2504, 282, 2901, 2012, 1881, 564, 2503, 3185, 2398, 3083, 519, 296, 533, 283, 2444, 1732, 2357, 3099, 914, 57, 273, 1221, 1848, 2365, 588, 2646, 3143, 488, 1128, 2418, 1271, 1431, 338, 2948, 554, 923, 2429, 1945, 1606, 761, 2446, 2140, 1076, 2156, 848, 2568, 15, 2091, 2390, 84, 2641, 90, 135, 1176, 3085, 2555, 1120, 2002, 2506, 195, 1437, 199, 1915, 2671, 2053, 2542, 1158, 2843, 258, 2981, 502, 2409, 2096, 2619, 1824, 593, 3298, 2133, 2596, 3163, 2349, 3127, 461, 1970, 795, 1294, 278, 984, 63, 1954, 494, 2775, 569, 2655, 2141, 971, 3043, 3056, 1737, 2395, 2159, 3165, 51, 648, 1077, 1950, 196, 2226, 836, 1999, 3155, 324, 3164, 1861, 358, 208, 2447, 1656, 2798, 3063, 3293, 364, 2863, 2518, 1764, 1854, 2743, 634, 1495, 1603, 957, 2456, 2773, 844, 3078, 2672, 2321, 2165, 3147, 2193, 1436, 2468, 1782, 1888, 2578, 236, 226]",12,250,4,False,250
270,numeric,numeric,5,True,True,True,"{2: 91, 1: 95, 5: 64}","[3093, 1527, 2071, 1634, 2300, 2155, 1018, 1199, 840, 825, 2602, 2492, 2097, 2859, 748, 2839, 2023, 2087, 2123, 128, 3030, 75, 1355, 37, 2666, 2458, 2105, 3270, 40, 2020, 126, 1434, 438, 3244, 2714, 2318, 599, 952, 2377, 1597, 2072, 1984, 1644, 2290, 1936, 2259, 2032, 53, 111, 2590, 3037, 600, 3141, 1548, 2341, 1633, 1493, 2705, 373, 2658, 558, 818, 3075, 709, 551, 517, 2358, 2285, 2685, 1723, 3216, 1382, 2889, 2022, 1767, 2354, 2615, 1321, 391, 2963, 1468, 1869, 1850, 1020, 3086, 721, 3149, 2691, 1255, 139, 3252, 785, 1744, 849, 2338, 144, 921, 671, 1795, 1368, 2434, 2222, 3110, 2504, 282, 2901, 2012, 1881, 564, 2503, 3185, 2398, 3083, 519, 296, 533, 283, 2444, 1732, 2357, 3099, 914, 57, 273, 1221, 1848, 2365, 588, 2646, 3143, 488, 1128, 2418, 1271, 1431, 338, 2948, 554, 923, 2429, 1945, 1606, 761, 2446, 2140, 1076, 2156, 848, 2568, 15, 2091, 2390, 84, 2641, 90, 135, 1176, 3085, 2555, 1120, 2002, 2506, 195, 1437, 199, 1915, 2671, 2053, 2542, 1158, 2843, 258, 2981, 502, 2409, 2096, 2619, 1824, 593, 3298, 2133, 2596, 3163, 2349, 3127, 461, 1970, 795, 1294, 278, 984, 63, 1954, 494, 2775, 569, 2655, 2141, 971, 3043, 3056, 1737, 2395, 2159, 3165, 51, 648, 1077, 1950, 196, 2226, 836, 1999, 3155, 324, 3164, 1861, 358, 208, 2447, 1656, 2798, 3063, 3293, 364, 2863, 2518, 1764, 1854, 2743, 634, 1495, 1603, 957, 2456, 2773, 844, 3078, 2672, 2321, 2165, 3147, 2193, 1436, 2468, 1782, 1888, 2578, 236, 226]",270,250,4,False,250
248,numeric,numeric,5,True,True,True,"{2: 91, 1: 95, 5: 64}","[3093, 1527, 2071, 1634, 2300, 2155, 1018, 1199, 840, 825, 2602, 2492, 2097, 2859, 748, 2839, 2023, 2087, 2123, 128, 3030, 75, 1355, 37, 2666, 2458, 2105, 3270, 40, 2020, 126, 1434, 438, 3244, 2714, 2318, 599, 952, 2377, 1597, 2072, 1984, 1644, 2290, 1936, 2259, 2032, 53, 111, 2590, 3037, 600, 3141, 1548, 2341, 1633, 1493, 2705, 373, 2658, 558, 818, 3075, 709, 551, 517, 2358, 2285, 2685, 1723, 3216, 1382, 2889, 2022, 1767, 2354, 2615, 1321, 391, 2963, 1468, 1869, 1850, 1020, 3086, 721, 3149, 2691, 1255, 139, 3252, 785, 1744, 849, 2338, 144, 921, 671, 1795, 1368, 2434, 2222, 3110, 2504, 282, 2901, 2012, 1881, 564, 2503, 3185, 2398, 3083, 519, 296, 533, 283, 2444, 1732, 2357, 3099, 914, 57, 273, 1221, 1848, 2365, 588, 2646, 3143, 488, 1128, 2418, 1271, 1431, 338, 2948, 554, 923, 2429, 1945, 1606, 761, 2446, 2140, 1076, 2156, 848, 2568, 15, 2091, 2390, 84, 2641, 90, 135, 1176, 3085, 2555, 1120, 2002, 2506, 195, 1437, 199, 1915, 2671, 2053, 2542, 1158, 2843, 258, 2981, 502, 2409, 2096, 2619, 1824, 593, 3298, 2133, 2596, 3163, 2349, 3127, 461, 1970, 795, 1294, 278, 984, 63, 1954, 494, 2775, 569, 2655, 2141, 971, 3043, 3056, 1737, 2395, 2159, 3165, 51, 648, 1077, 1950, 196, 2226, 836, 1999, 3155, 324, 3164, 1861, 358, 208, 2447, 1656, 2798, 3063, 3293, 364, 2863, 2518, 1764, 1854, 2743, 634, 1495, 1603, 957, 2456, 2773, 844, 3078, 2672, 2321, 2165, 3147, 2193, 1436, 2468, 1782, 1888, 2578, 236, 226]",248,250,4,False,250
118,description,description,2,True,True,True,"{2: 91, 1: 95, 5: 64}","[3093, 1527, 2071, 1634, 2300, 2155, 1018, 1199, 840, 825, 2602, 2492, 2097, 2859, 748, 2839, 2023, 2087, 2123, 128, 3030, 75, 1355, 37, 2666, 2458, 2105, 3270, 40, 2020, 126, 1434, 438, 3244, 2714, 2318, 599, 952, 2377, 1597, 2072, 1984, 1644, 2290, 1936, 2259, 2032, 53, 111, 2590, 3037, 600, 3141, 1548, 2341, 1633, 1493, 2705, 373, 2658, 558, 818, 3075, 709, 551, 517, 2358, 2285, 2685, 1723, 3216, 1382, 2889, 2022, 1767, 2354, 2615, 1321, 391, 2963, 1468, 1869, 1850, 1020, 3086, 721, 3149, 2691, 1255, 139, 3252, 785, 1744, 849, 2338, 144, 921, 671, 1795, 1368, 2434, 2222, 3110, 2504, 282, 2901, 2012, 1881, 564, 2503, 3185, 2398, 3083, 519, 296, 533, 283, 2444, 1732, 2357, 3099, 914, 57, 273, 1221, 1848, 2365, 588, 2646, 3143, 488, 1128, 2418, 1271, 1431, 338, 2948, 554, 923, 2429, 1945, 1606, 761, 2446, 2140, 1076, 2156, 848, 2568, 15, 2091, 2390, 84, 2641, 90, 135, 1176, 3085, 2555, 1120, 2002, 2506, 195, 1437, 199, 1915, 2671, 2053, 2542, 1158, 2843, 258, 2981, 502, 2409, 2096, 2619, 1824, 593, 3298, 2133, 2596, 3163, 2349, 3127, 461, 1970, 795, 1294, 278, 984, 63, 1954, 494, 2775, 569, 2655, 2141, 971, 3043, 3056, 1737, 2395, 2159, 3165, 51, 648, 1077, 1950, 196, 2226, 836, 1999, 3155, 324, 3164, 1861, 358, 208, 2447, 1656, 2798, 3063, 3293, 364, 2863, 2518, 1764, 1854, 2743, 634, 1495, 1603, 957, 2456, 2773, 844, 3078, 2672, 2321, 2165, 3147, 2193, 1436, 2468, 1782, 1888, 2578, 236, 226]",118,250,4,False,250
22,numeric,numeric,5,True,True,True,"{2: 91, 1: 95, 5: 64}","[3093, 1527, 2071, 1634, 2300, 2155, 1018, 1199, 840, 825, 2602, 2492, 2097, 2859, 748, 2839, 2023, 2087, 2123, 128, 3030, 75, 1355, 37, 2666, 2458, 2105, 3270, 40, 2020, 126, 1434, 438, 3244, 2714, 2318, 599, 952, 2377, 1597, 2072, 1984, 1644, 2290, 1936, 2259, 2032, 53, 111, 2590, 3037, 600, 3141, 1548, 2341, 1633, 1493, 2705, 373, 2658, 558, 818, 3075, 709, 551, 517, 2358, 2285, 2685, 1723, 3216, 1382, 2889, 2022, 1767, 2354, 2615, 1321, 391, 2963, 1468, 1869, 1850, 1020, 3086, 721, 3149, 2691, 1255, 139, 3252, 785, 1744, 849, 2338, 144, 921, 671, 1795, 1368, 2434, 2222, 3110, 2504, 282, 2901, 2012, 1881, 564, 2503, 3185, 2398, 3083, 519, 296, 533, 283, 2444, 1732, 2357, 3099, 914, 57, 273, 1221, 1848, 2365, 588, 2646, 3143, 488, 1128, 2418, 1271, 1431, 338, 2948, 554, 923, 2429, 1945, 1606, 761, 2446, 2140, 1076, 2156, 848, 2568, 15, 2091, 2390, 84, 2641, 90, 135, 1176, 3085, 2555, 1120, 2002, 2506, 195, 1437, 199, 1915, 2671, 2053, 2542, 1158, 2843, 258, 2981, 502, 2409, 2096, 2619, 1824, 593, 3298, 2133, 2596, 3163, 2349, 3127, 461, 1970, 795, 1294, 278, 984, 63, 1954, 494, 2775, 569, 2655, 2141, 971, 3043, 3056, 1737, 2395, 2159, 3165, 51, 648, 1077, 1950, 196, 2226, 836, 1999, 3155, 324, 3164, 1861, 358, 208, 2447, 1656, 2798, 3063, 3293, 364, 2863, 2518, 1764, 1854, 2743, 634, 1495, 1603, 957, 2456, 2773, 844, 3078, 2672, 2321, 2165, 3147, 2193, 1436, 2468, 1782, 1888, 2578, 236, 226]",22,250,4,False,250
181,description,description,2,True,True,True,"{2: 91, 1: 95, 5: 64}","[3093, 1527, 2071, 1634, 2300, 2155, 1018, 1199, 840, 825, 2602, 2492, 2097, 2859, 748, 2839, 2023, 2087, 2123, 128, 3030, 75, 1355, 37, 2666, 2458, 2105, 3270, 40, 2020, 126, 1434, 438, 3244, 2714, 2318, 599, 952, 2377, 1597, 2072, 1984, 1644, 2290, 1936, 2259, 2032, 53, 111, 2590, 3037, 600, 3141, 1548, 2341, 1633, 1493, 2705, 373, 2658, 558, 818, 3075, 709, 551, 517, 2358, 2285, 2685, 1723, 3216, 1382, 2889, 2022, 1767, 2354, 2615, 1321, 391, 2963, 1468, 1869, 1850, 1020, 3086, 721, 3149, 2691, 1255, 139, 3252, 785, 1744, 849, 2338, 144, 921, 671, 1795, 1368, 2434, 2222, 3110, 2504, 282, 2901, 2012, 1881, 564, 2503, 3185, 2398, 3083, 519, 296, 533, 283, 2444, 1732, 2357, 3099, 914, 57, 273, 1221, 1848, 2365, 588, 2646, 3143, 488, 1128, 2418, 1271, 1431, 338, 2948, 554, 923, 2429, 1945, 1606, 761, 2446, 2140, 1076, 2156, 848, 2568, 15, 2091, 2390, 84, 2641, 90, 135, 1176, 3085, 2555, 1120, 2002, 2506, 195, 1437, 199, 1915, 2671, 2053, 2542, 1158, 2843, 258, 2981, 502, 2409, 2096, 2619, 1824, 593, 3298, 2133, 2596, 3163, 2349, 3127, 461, 1970, 795, 1294, 278, 984, 63, 1954, 494, 2775, 569, 2655, 2141, 971, 3043, 3056, 1737, 2395, 2159, 3165, 51, 648, 1077, 1950, 196, 2226, 836, 1999, 3155, 324, 3164, 1861, 358, 208, 2447, 1656, 2798, 3063, 3293, 364, 2863, 2518, 1764, 1854, 2743, 634, 1495, 1603, 957, 2456, 2773, 844, 3078, 2672, 2321, 2165, 3147, 2193, 1436, 2468, 1782, 1888, 2578, 236, 226]",181,250,4,False,250
123,numeric,numeric,5,True,True,True,"{2: 91, 1: 95, 5: 64}","[3093, 1527, 2071, 1634, 2300, 2155, 1018, 1199, 840, 825, 2602, 2492, 2097, 2859, 748, 2839, 2023, 2087, 2123, 128, 3030, 75, 1355, 37, 2666, 2458, 2105, 3270, 40, 2020, 126, 1434, 438, 3244, 2714, 2318, 599, 952, 2377, 1597, 2072, 1984, 1644, 2290, 1936, 2259, 2032, 53, 111, 2590, 3037, 600, 3141, 1548, 2341, 1633, 1493, 2705, 373, 2658, 558, 818, 3075, 709, 551, 517, 2358, 2285, 2685, 1723, 3216, 1382, 2889, 2022, 1767, 2354, 2615, 1321, 391, 2963, 1468, 1869, 1850, 1020, 3086, 721, 3149, 2691, 1255, 139, 3252, 785, 1744, 849, 2338, 144, 921, 671, 1795, 1368, 2434, 2222, 3110, 2504, 282, 2901, 2012, 1881, 564, 2503, 3185, 2398, 3083, 519, 296, 533, 283, 2444, 1732, 2357, 3099, 914, 57, 273, 1221, 1848, 2365, 588, 2646, 3143, 488, 1128, 2418, 1271, 1431, 338, 2948, 554, 923, 2429, 1945, 1606, 761, 2446, 2140, 1076, 2156, 848, 2568, 15, 2091, 2390, 84, 2641, 90, 135, 1176, 3085, 2555, 1120, 2002, 2506, 195, 1437, 199, 1915, 2671, 2053, 2542, 1158, 2843, 258, 2981, 502, 2409, 2096, 2619, 1824, 593, 3298, 2133, 2596, 3163, 2349, 3127, 461, 1970, 795, 1294, 278, 984, 63, 1954, 494, 2775, 569, 2655, 2141, 971, 3043, 3056, 1737, 2395, 2159, 3165, 51, 648, 1077, 1950, 196, 2226, 836, 1999, 3155, 324, 3164, 1861, 358, 208, 2447, 1656, 2798, 3063, 3293, 364, 2863, 2518, 1764, 1854, 2743, 634, 1495, 1603, 957, 2456, 2773, 844, 3078, 2672, 2321, 2165, 3147, 2193, 1436, 2468, 1782, 1888, 2578, 236, 226]",123,250,4,False,250
46,description,description,2,True,True,True,"{2: 91, 1: 95, 5: 64}","[3093, 1527, 2071, 1634, 2300, 2155, 1018, 1199, 840, 825, 2602, 2492, 2097, 2859, 748, 2839, 2023, 2087, 2123, 128, 3030, 75, 1355, 37, 2666, 2458, 2105, 3270, 40, 2020, 126, 1434, 438, 3244, 2714, 2318, 599, 952, 2377, 1597, 2072, 1984, 1644, 2290, 1936, 2259, 2032, 53, 111, 2590, 3037, 600, 3141, 1548, 2341, 1633, 1493, 2705, 373, 2658, 558, 818, 3075, 709, 551, 517, 2358, 2285, 2685, 1723, 3216, 1382, 2889, 2022, 1767, 2354, 2615, 1321, 391, 2963, 1468, 1869, 1850, 1020, 3086, 721, 3149, 2691, 1255, 139, 3252, 785, 1744, 849, 2338, 144, 921, 671, 1795, 1368, 2434, 2222, 3110, 2504, 282, 2901, 2012, 1881, 564, 2503, 3185, 2398, 3083, 519, 296, 533, 283, 2444, 1732, 2357, 3099, 914, 57, 273, 1221, 1848, 2365, 588, 2646, 3143, 488, 1128, 2418, 1271, 1431, 338, 2948, 554, 923, 2429, 1945, 1606, 761, 2446, 2140, 1076, 2156, 848, 2568, 15, 2091, 2390, 84, 2641, 90, 135, 1176, 3085, 2555, 1120, 2002, 2506, 195, 1437, 199, 1915, 2671, 2053, 2542, 1158, 2843, 258, 2981, 502, 2409, 2096, 2619, 1824, 593, 3298, 2133, 2596, 3163, 2349, 3127, 461, 1970, 795, 1294, 278, 984, 63, 1954, 494, 2775, 569, 2655, 2141, 971, 3043, 3056, 1737, 2395, 2159, 3165, 51, 648, 1077, 1950, 196, 2226, 836, 1999, 3155, 324, 3164, 1861, 358, 208, 2447, 1656, 2798, 3063, 3293, 364, 2863, 2518, 1764, 1854, 2743, 634, 1495, 1603, 957, 2456, 2773, 844, 3078, 2672, 2321, 2165, 3147, 2193, 1436, 2468, 1782, 1888, 2578, 236, 226]",46,250,4,False,250
133,numeric,numeric,5,True,True,True,"{2: 91, 1: 95, 5: 64}","[3093, 1527, 2071, 1634, 2300, 2155, 1018, 1199, 840, 825, 2602, 2492, 2097, 2859, 748, 2839, 2023, 2087, 2123, 128, 3030, 75, 1355, 37, 2666, 2458, 2105, 3270, 40, 2020, 126, 1434, 438, 3244, 2714, 2318, 599, 952, 2377, 1597, 2072, 1984, 1644, 2290, 1936, 2259, 2032, 53, 111, 2590, 3037, 600, 3141, 1548, 2341, 1633, 1493, 2705, 373, 2658, 558, 818, 3075, 709, 551, 517, 2358, 2285, 2685, 1723, 3216, 1382, 2889, 2022, 1767, 2354, 2615, 1321, 391, 2963, 1468, 1869, 1850, 1020, 3086, 721, 3149, 2691, 1255, 139, 3252, 785, 1744, 849, 2338, 144, 921, 671, 1795, 1368, 2434, 2222, 3110, 2504, 282, 2901, 2012, 1881, 564, 2503, 3185, 2398, 3083, 519, 296, 533, 283, 2444, 1732, 2357, 3099, 914, 57, 273, 1221, 1848, 2365, 588, 2646, 3143, 488, 1128, 2418, 1271, 1431, 338, 2948, 554, 923, 2429, 1945, 1606, 761, 2446, 2140, 1076, 2156, 848, 2568, 15, 2091, 2390, 84, 2641, 90, 135, 1176, 3085, 2555, 1120, 2002, 2506, 195, 1437, 199, 1915, 2671, 2053, 2542, 1158, 2843, 258, 2981, 502, 2409, 2096, 2619, 1824, 593, 3298, 2133, 2596, 3163, 2349, 3127, 461, 1970, 795, 1294, 278, 984, 63, 1954, 494, 2775, 569, 2655, 2141, 971, 3043, 3056, 1737, 2395, 2159, 3165, 51, 648, 1077, 1950, 196, 2226, 836, 1999, 3155, 324, 3164, 1861, 358, 208, 2447, 1656, 2798, 3063, 3293, 364, 2863, 2518, 1764, 1854, 2743, 634, 1495, 1603, 957, 2456, 2773, 844, 3078, 2672, 2321, 2165, 3147, 2193, 1436, 2468, 1782, 1888, 2578, 236, 226]",133,250,4,False,250
322,entity,entity,1,True,True,True,"{2: 91, 1: 95, 5: 64}","[3093, 1527, 2071, 1634, 2300, 2155, 1018, 1199, 840, 825, 2602, 2492, 2097, 2859, 748, 2839, 2023, 2087, 2123, 128, 3030, 75, 1355, 37, 2666, 2458, 2105, 3270, 40, 2020, 126, 1434, 438, 3244, 2714, 2318, 599, 952, 2377, 1597, 2072, 1984, 1644, 2290, 1936, 2259, 2032, 53, 111, 2590, 3037, 600, 3141, 1548, 2341, 1633, 1493, 2705, 373, 2658, 558, 818, 3075, 709, 551, 517, 2358, 2285, 2685, 1723, 3216, 1382, 2889, 2022, 1767, 2354, 2615, 1321, 391, 2963, 1468, 1869, 1850, 1020, 3086, 721, 3149, 2691, 1255, 139, 3252, 785, 1744, 849, 2338, 144, 921, 671, 1795, 1368, 2434, 2222, 3110, 2504, 282, 2901, 2012, 1881, 564, 2503, 3185, 2398, 3083, 519, 296, 533, 283, 2444, 1732, 2357, 3099, 914, 57, 273, 1221, 1848, 2365, 588, 2646, 3143, 488, 1128, 2418, 1271, 1431, 338, 2948, 554, 923, 2429, 1945, 1606, 761, 2446, 2140, 1076, 2156, 848, 2568, 15, 2091, 2390, 84, 2641, 90, 135, 1176, 3085, 2555, 1120, 2002, 2506, 195, 1437, 199, 1915, 2671, 2053, 2542, 1158, 2843, 258, 2981, 502, 2409, 2096, 2619, 1824, 593, 3298, 2133, 2596, 3163, 2349, 3127, 461, 1970, 795, 1294, 278, 984, 63, 1954, 494, 2775, 569, 2655, 2141, 971, 3043, 3056, 1737, 2395, 2159, 3165, 51, 648, 1077, 1950, 196, 2226, 836, 1999, 3155, 324, 3164, 1861, 358, 208, 2447, 1656, 2798, 3063, 3293, 364, 2863, 2518, 1764, 1854, 2743, 634, 1495, 1603, 957, 2456, 2773, 844, 3078, 2672, 2321, 2165, 3147, 2193, 1436, 2468, 1782, 1888, 2578, 236, 226]",322,250,4,False,250
80,description,description,2,True,True,True,"{2: 91, 1: 95, 5: 64}","[3093, 1527, 2071, 1634, 2300, 2155, 1018, 1199, 840, 825, 2602, 2492, 2097, 2859, 748, 2839, 2023, 2087, 2123, 128, 3030, 75, 1355, 37, 2666, 2458, 2105, 3270, 40, 2020, 126, 1434, 438, 3244, 2714, 2318, 599, 952, 2377, 1597, 2072, 1984, 1644, 2290, 1936, 2259, 2032, 53, 111, 2590, 3037, 600, 3141, 1548, 2341, 1633, 1493, 2705, 373, 2658, 558, 818, 3075, 709, 551, 517, 2358, 2285, 2685, 1723, 3216, 1382, 2889, 2022, 1767, 2354, 2615, 1321, 391, 2963, 1468, 1869, 1850, 1020, 3086, 721, 3149, 2691, 1255, 139, 3252, 785, 1744, 849, 2338, 144, 921, 671, 1795, 1368, 2434, 2222, 3110, 2504, 282, 2901, 2012, 1881, 564, 2503, 3185, 2398, 3083, 519, 296, 533, 283, 2444, 1732, 2357, 3099, 914, 57, 273, 1221, 1848, 2365, 588, 2646, 3143, 488, 1128, 2418, 1271, 1431, 338, 2948, 554, 923, 2429, 1945, 1606, 761, 2446, 2140, 1076, 2156, 848, 2568, 15, 2091, 2390, 84, 2641, 90, 135, 1176, 3085, 2555, 1120, 2002, 2506, 195, 1437, 199, 1915, 2671, 2053, 2542, 1158, 2843, 258, 2981, 502, 2409, 2096, 2619, 1824, 593, 3298, 2133, 2596, 3163, 2349, 3127, 461, 1970, 795, 1294, 278, 984, 63, 1954, 494, 2775, 569, 2655, 2141, 971, 3043, 3056, 1737, 2395, 2159, 3165, 51, 648, 1077, 1950, 196, 2226, 836, 1999, 3155, 324, 3164, 1861, 358, 208, 2447, 1656, 2798, 3063, 3293, 364, 2863, 2518, 1764, 1854, 2743, 634, 1495, 1603, 957, 2456, 2773, 844, 3078, 2672, 2321, 2165, 3147, 2193, 1436, 2468, 1782, 1888, 2578, 236, 226]",80,250,4,False,250
309,numeric,numeric,5,True,True,True,"{2: 91, 1: 95, 5: 64}","[3093, 1527, 2071, 1634, 2300, 2155, 1018, 1199, 840, 825, 2602, 2492, 2097, 2859, 748, 2839, 2023, 2087, 2123, 128, 3030, 75, 1355, 37, 2666, 2458, 2105, 3270, 40, 2020, 126, 1434, 438, 3244, 2714, 2318, 599, 952, 2377, 1597, 2072, 1984, 1644, 2290, 1936, 2259, 2032, 53, 111, 2590, 3037, 600, 3141, 1548, 2341, 1633, 1493, 2705, 373, 2658, 558, 818, 3075, 709, 551, 517, 2358, 2285, 2685, 1723, 3216, 1382, 2889, 2022, 1767, 2354, 2615, 1321, 391, 2963, 1468, 1869, 1850, 1020, 3086, 721, 3149, 2691, 1255, 139, 3252, 785, 1744, 849, 2338, 144, 921, 671, 1795, 1368, 2434, 2222, 3110, 2504, 282, 2901, 2012, 1881, 564, 2503, 3185, 2398, 3083, 519, 296, 533, 283, 2444, 1732, 2357, 3099, 914, 57, 273, 1221, 1848, 2365, 588, 2646, 3143, 488, 1128, 2418, 1271, 1431, 338, 2948, 554, 923, 2429, 1945, 1606, 761, 2446, 2140, 1076, 2156, 848, 2568, 15, 2091, 2390, 84, 2641, 90, 135, 1176, 3085, 2555, 1120, 2002, 2506, 195, 1437, 199, 1915, 2671, 2053, 2542, 1158, 2843, 258, 2981, 502, 2409, 2096, 2619, 1824, 593, 3298, 2133, 2596, 3163, 2349, 3127, 461, 1970, 795, 1294, 278, 984, 63, 1954, 494, 2775, 569, 2655, 2141, 971, 3043, 3056, 1737, 2395, 2159, 3165, 51, 648, 1077, 1950, 196, 2226, 836, 1999, 3155, 324, 3164, 1861, 358, 208, 2447, 1656, 2798, 3063, 3293, 364, 2863, 2518, 1764, 1854, 2743, 634, 1495, 1603, 957, 2456, 2773, 844, 3078, 2672, 2321, 2165, 3147, 2193, 1436, 2468, 1782, 1888, 2578, 236, 226]",309,250,4,False,250
164,description,description,2,True,True,True,"{2: 91, 1: 95, 5: 64}","[3093, 1527, 2071, 1634, 2300, 2155, 1018, 1199, 840, 825, 2602, 2492, 2097, 2859, 748, 2839, 2023, 2087, 2123, 128, 3030, 75, 1355, 37, 2666, 2458, 2105, 3270, 40, 2020, 126, 1434, 438, 3244, 2714, 2318, 599, 952, 2377, 1597, 2072, 1984, 1644, 2290, 1936, 2259, 2032, 53, 111, 2590, 3037, 600, 3141, 1548, 2341, 1633, 1493, 2705, 373, 2658, 558, 818, 3075, 709, 551, 517, 2358, 2285, 2685, 1723, 3216, 1382, 2889, 2022, 1767, 2354, 2615, 1321, 391, 2963, 1468, 1869, 1850, 1020, 3086, 721, 3149, 2691, 1255, 139, 3252, 785, 1744, 849, 2338, 144, 921, 671, 1795, 1368, 2434, 2222, 3110, 2504, 282, 2901, 2012, 1881, 564, 2503, 3185, 2398, 3083, 519, 296, 533, 283, 2444, 1732, 2357, 3099, 914, 57, 273, 1221, 1848, 2365, 588, 2646, 3143, 488, 1128, 2418, 1271, 1431, 338, 2948, 554, 923, 2429, 1945, 1606, 761, 2446, 2140, 1076, 2156, 848, 2568, 15, 2091, 2390, 84, 2641, 90, 135, 1176, 3085, 2555, 1120, 2002, 2506, 195, 1437, 199, 1915, 2671, 2053, 2542, 1158, 2843, 258, 2981, 502, 2409, 2096, 2619, 1824, 593, 3298, 2133, 2596, 3163, 2349, 3127, 461, 1970, 795, 1294, 278, 984, 63, 1954, 494, 2775, 569, 2655, 2141, 971, 3043, 3056, 1737, 2395, 2159, 3165, 51, 648, 1077, 1950, 196, 2226, 836, 1999, 3155, 324, 3164, 1861, 358, 208, 2447, 1656, 2798, 3063, 3293, 364, 2863, 2518, 1764, 1854, 2743, 634, 1495, 1603, 957, 2456, 2773, 844, 3078, 2672, 2321, 2165, 3147, 2193, 1436, 2468, 1782, 1888, 2578, 236, 226]",164,250,4,False,250
43,numeric,numeric,5,True,True,True,"{2: 91, 1: 95, 5: 64}","[3093, 1527, 2071, 1634, 2300, 2155, 1018, 1199, 840, 825, 2602, 2492, 2097, 2859, 748, 2839, 2023, 2087, 2123, 128, 3030, 75, 1355, 37, 2666, 2458, 2105, 3270, 40, 2020, 126, 1434, 438, 3244, 2714, 2318, 599, 952, 2377, 1597, 2072, 1984, 1644, 2290, 1936, 2259, 2032, 53, 111, 2590, 3037, 600, 3141, 1548, 2341, 1633, 1493, 2705, 373, 2658, 558, 818, 3075, 709, 551, 517, 2358, 2285, 2685, 1723, 3216, 1382, 2889, 2022, 1767, 2354, 2615, 1321, 391, 2963, 1468, 1869, 1850, 1020, 3086, 721, 3149, 2691, 1255, 139, 3252, 785, 1744, 849, 2338, 144, 921, 671, 1795, 1368, 2434, 2222, 3110, 2504, 282, 2901, 2012, 1881, 564, 2503, 3185, 2398, 3083, 519, 296, 533, 283, 2444, 1732, 2357, 3099, 914, 57, 273, 1221, 1848, 2365, 588, 2646, 3143, 488, 1128, 2418, 1271, 1431, 338, 2948, 554, 923, 2429, 1945, 1606, 761, 2446, 2140, 1076, 2156, 848, 2568, 15, 2091, 2390, 84, 2641, 90, 135, 1176, 3085, 2555, 1120, 2002, 2506, 195, 1437, 199, 1915, 2671, 2053, 2542, 1158, 2843, 258, 2981, 502, 2409, 2096, 2619, 1824, 593, 3298, 2133, 2596, 3163, 2349, 3127, 461, 1970, 795, 1294, 278, 984, 63, 1954, 494, 2775, 569, 2655, 2141, 971, 3043, 3056, 1737, 2395, 2159, 3165, 51, 648, 1077, 1950, 196, 2226, 836, 1999, 3155, 324, 3164, 1861, 358, 208, 2447, 1656, 2798, 3063, 3293, 364, 2863, 2518, 1764, 1854, 2743, 634, 1495, 1603, 957, 2456, 2773, 844, 3078, 2672, 2321, 2165, 3147, 2193, 1436, 2468, 1782, 1888, 2578, 236, 226]",43,250,4,False,250
163,description,description,2,True,True,True,"{2: 91, 1: 95, 5: 64}","[3093, 1527, 2071, 1634, 2300, 2155, 1018, 1199, 840, 825, 2602, 2492, 2097, 2859, 748, 2839, 2023, 2087, 2123, 128, 3030, 75, 1355, 37, 2666, 2458, 2105, 3270, 40, 2020, 126, 1434, 438, 3244, 2714, 2318, 599, 952, 2377, 1597, 2072, 1984, 1644, 2290, 1936, 2259, 2032, 53, 111, 2590, 3037, 600, 3141, 1548, 2341, 1633, 1493, 2705, 373, 2658, 558, 818, 3075, 709, 551, 517, 2358, 2285, 2685, 1723, 3216, 1382, 2889, 2022, 1767, 2354, 2615, 1321, 391, 2963, 1468, 1869, 1850, 1020, 3086, 721, 3149, 2691, 1255, 139, 3252, 785, 1744, 849, 2338, 144, 921, 671, 1795, 1368, 2434, 2222, 3110, 2504, 282, 2901, 2012, 1881, 564, 2503, 3185, 2398, 3083, 519, 296, 533, 283, 2444, 1732, 2357, 3099, 914, 57, 273, 1221, 1848, 2365, 588, 2646, 3143, 488, 1128, 2418, 1271, 1431, 338, 2948, 554, 923, 2429, 1945, 1606, 761, 2446, 2140, 1076, 2156, 848, 2568, 15, 2091, 2390, 84, 2641, 90, 135, 1176, 3085, 2555, 1120, 2002, 2506, 195, 1437, 199, 1915, 2671, 2053, 2542, 1158, 2843, 258, 2981, 502, 2409, 2096, 2619, 1824, 593, 3298, 2133, 2596, 3163, 2349, 3127, 461, 1970, 795, 1294, 278, 984, 63, 1954, 494, 2775, 569, 2655, 2141, 971, 3043, 3056, 1737, 2395, 2159, 3165, 51, 648, 1077, 1950, 196, 2226, 836, 1999, 3155, 324, 3164, 1861, 358, 208, 2447, 1656, 2798, 3063, 3293, 364, 2863, 2518, 1764, 1854, 2743, 634, 1495, 1603, 957, 2456, 2773, 844, 3078, 2672, 2321, 2165, 3147, 2193, 1436, 2468, 1782, 1888, 2578, 236, 226]",163,250,4,False,250
23,numeric,numeric,5,True,True,True,"{2: 91, 1: 95, 5: 64}","[3093, 1527, 2071, 1634, 2300, 2155, 1018, 1199, 840, 825, 2602, 2492, 2097, 2859, 748, 2839, 2023, 2087, 2123, 128, 3030, 75, 1355, 37, 2666, 2458, 2105, 3270, 40, 2020, 126, 1434, 438, 3244, 2714, 2318, 599, 952, 2377, 1597, 2072, 1984, 1644, 2290, 1936, 2259, 2032, 53, 111, 2590, 3037, 600, 3141, 1548, 2341, 1633, 1493, 2705, 373, 2658, 558, 818, 3075, 709, 551, 517, 2358, 2285, 2685, 1723, 3216, 1382, 2889, 2022, 1767, 2354, 2615, 1321, 391, 2963, 1468, 1869, 1850, 1020, 3086, 721, 3149, 2691, 1255, 139, 3252, 785, 1744, 849, 2338, 144, 921, 671, 1795, 1368, 2434, 2222, 3110, 2504, 282, 2901, 2012, 1881, 564, 2503, 3185, 2398, 3083, 519, 296, 533, 283, 2444, 1732, 2357, 3099, 914, 57, 273, 1221, 1848, 2365, 588, 2646, 3143, 488, 1128, 2418, 1271, 1431, 338, 2948, 554, 923, 2429, 1945, 1606, 761, 2446, 2140, 1076, 2156, 848, 2568, 15, 2091, 2390, 84, 2641, 90, 135, 1176, 3085, 2555, 1120, 2002, 2506, 195, 1437, 199, 1915, 2671, 2053, 2542, 1158, 2843, 258, 2981, 502, 2409, 2096, 2619, 1824, 593, 3298, 2133, 2596, 3163, 2349, 3127, 461, 1970, 795, 1294, 278, 984, 63, 1954, 494, 2775, 569, 2655, 2141, 971, 3043, 3056, 1737, 2395, 2159, 3165, 51, 648, 1077, 1950, 196, 2226, 836, 1999, 3155, 324, 3164, 1861, 358, 208, 2447, 1656, 2798, 3063, 3293, 364, 2863, 2518, 1764, 1854, 2743, 634, 1495, 1603, 957, 2456, 2773, 844, 3078, 2672, 2321, 2165, 3147, 2193, 1436, 2468, 1782, 1888, 2578, 236, 226]",23,250,4,False,250
112,numeric,numeric,5,True,True,True,"{2: 91, 1: 95, 5: 64}","[3093, 1527, 2071, 1634, 2300, 2155, 1018, 1199, 840, 825, 2602, 2492, 2097, 2859, 748, 2839, 2023, 2087, 2123, 128, 3030, 75, 1355, 37, 2666, 2458, 2105, 3270, 40, 2020, 126, 1434, 438, 3244, 2714, 2318, 599, 952, 2377, 1597, 2072, 1984, 1644, 2290, 1936, 2259, 2032, 53, 111, 2590, 3037, 600, 3141, 1548, 2341, 1633, 1493, 2705, 373, 2658, 558, 818, 3075, 709, 551, 517, 2358, 2285, 2685, 1723, 3216, 1382, 2889, 2022, 1767, 2354, 2615, 1321, 391, 2963, 1468, 1869, 1850, 1020, 3086, 721, 3149, 2691, 1255, 139, 3252, 785, 1744, 849, 2338, 144, 921, 671, 1795, 1368, 2434, 2222, 3110, 2504, 282, 2901, 2012, 1881, 564, 2503, 3185, 2398, 3083, 519, 296, 533, 283, 2444, 1732, 2357, 3099, 914, 57, 273, 1221, 1848, 2365, 588, 2646, 3143, 488, 1128, 2418, 1271, 1431, 338, 2948, 554, 923, 2429, 1945, 1606, 761, 2446, 2140, 1076, 2156, 848, 2568, 15, 2091, 2390, 84, 2641, 90, 135, 1176, 3085, 2555, 1120, 2002, 2506, 195, 1437, 199, 1915, 2671, 2053, 2542, 1158, 2843, 258, 2981, 502, 2409, 2096, 2619, 1824, 593, 3298, 2133, 2596, 3163, 2349, 3127, 461, 1970, 795, 1294, 278, 984, 63, 1954, 494, 2775, 569, 2655, 2141, 971, 3043, 3056, 1737, 2395, 2159, 3165, 51, 648, 1077, 1950, 196, 2226, 836, 1999, 3155, 324, 3164, 1861, 358, 208, 2447, 1656, 2798, 3063, 3293, 364, 2863, 2518, 1764, 1854, 2743, 634, 1495, 1603, 957, 2456, 2773, 844, 3078, 2672, 2321, 2165, 3147, 2193, 1436, 2468, 1782, 1888, 2578, 236, 226]",112,250,4,False,250
44,numeric,numeric,5,True,True,True,"{2: 91, 1: 95, 5: 64}","[3093, 1527, 2071, 1634, 2300, 2155, 1018, 1199, 840, 825, 2602, 2492, 2097, 2859, 748, 2839, 2023, 2087, 2123, 128, 3030, 75, 1355, 37, 2666, 2458, 2105, 3270, 40, 2020, 126, 1434, 438, 3244, 2714, 2318, 599, 952, 2377, 1597, 2072, 1984, 1644, 2290, 1936, 2259, 2032, 53, 111, 2590, 3037, 600, 3141, 1548, 2341, 1633, 1493, 2705, 373, 2658, 558, 818, 3075, 709, 551, 517, 2358, 2285, 2685, 1723, 3216, 1382, 2889, 2022, 1767, 2354, 2615, 1321, 391, 2963, 1468, 1869, 1850, 1020, 3086, 721, 3149, 2691, 1255, 139, 3252, 785, 1744, 849, 2338, 144, 921, 671, 1795, 1368, 2434, 2222, 3110, 2504, 282, 2901, 2012, 1881, 564, 2503, 3185, 2398, 3083, 519, 296, 533, 283, 2444, 1732, 2357, 3099, 914, 57, 273, 1221, 1848, 2365, 588, 2646, 3143, 488, 1128, 2418, 1271, 1431, 338, 2948, 554, 923, 2429, 1945, 1606, 761, 2446, 2140, 1076, 2156, 848, 2568, 15, 2091, 2390, 84, 2641, 90, 135, 1176, 3085, 2555, 1120, 2002, 2506, 195, 1437, 199, 1915, 2671, 2053, 2542, 1158, 2843, 258, 2981, 502, 2409, 2096, 2619, 1824, 593, 3298, 2133, 2596, 3163, 2349, 3127, 461, 1970, 795, 1294, 278, 984, 63, 1954, 494, 2775, 569, 2655, 2141, 971, 3043, 3056, 1737, 2395, 2159, 3165, 51, 648, 1077, 1950, 196, 2226, 836, 1999, 3155, 324, 3164, 1861, 358, 208, 2447, 1656, 2798, 3063, 3293, 364, 2863, 2518, 1764, 1854, 2743, 634, 1495, 1603, 957, 2456, 2773, 844, 3078, 2672, 2321, 2165, 3147, 2193, 1436, 2468, 1782, 1888, 2578, 236, 226]",44,250,4,False,250
26,description,description,2,True,True,True,"{2: 91, 1: 95, 5: 64}","[3093, 1527, 2071, 1634, 2300, 2155, 1018, 1199, 840, 825, 2602, 2492, 2097, 2859, 748, 2839, 2023, 2087, 2123, 128, 3030, 75, 1355, 37, 2666, 2458, 2105, 3270, 40, 2020, 126, 1434, 438, 3244, 2714, 2318, 599, 952, 2377, 1597, 2072, 1984, 1644, 2290, 1936, 2259, 2032, 53, 111, 2590, 3037, 600, 3141, 1548, 2341, 1633, 1493, 2705, 373, 2658, 558, 818, 3075, 709, 551, 517, 2358, 2285, 2685, 1723, 3216, 1382, 2889, 2022, 1767, 2354, 2615, 1321, 391, 2963, 1468, 1869, 1850, 1020, 3086, 721, 3149, 2691, 1255, 139, 3252, 785, 1744, 849, 2338, 144, 921, 671, 1795, 1368, 2434, 2222, 3110, 2504, 282, 2901, 2012, 1881, 564, 2503, 3185, 2398, 3083, 519, 296, 533, 283, 2444, 1732, 2357, 3099, 914, 57, 273, 1221, 1848, 2365, 588, 2646, 3143, 488, 1128, 2418, 1271, 1431, 338, 2948, 554, 923, 2429, 1945, 1606, 761, 2446, 2140, 1076, 2156, 848, 2568, 15, 2091, 2390, 84, 2641, 90, 135, 1176, 3085, 2555, 1120, 2002, 2506, 195, 1437, 199, 1915, 2671, 2053, 2542, 1158, 2843, 258, 2981, 502, 2409, 2096, 2619, 1824, 593, 3298, 2133, 2596, 3163, 2349, 3127, 461, 1970, 795, 1294, 278, 984, 63, 1954, 494, 2775, 569, 2655, 2141, 971, 3043, 3056, 1737, 2395, 2159, 3165, 51, 648, 1077, 1950, 196, 2226, 836, 1999, 3155, 324, 3164, 1861, 358, 208, 2447, 1656, 2798, 3063, 3293, 364, 2863, 2518, 1764, 1854, 2743, 634, 1495, 1603, 957, 2456, 2773, 844, 3078, 2672, 2321, 2165, 3147, 2193, 1436, 2468, 1782, 1888, 2578, 236, 226]",26,250,4,False,250
20,numeric,numeric,5,True,True,True,"{2: 91, 1: 95, 5: 64}","[3093, 1527, 2071, 1634, 2300, 2155, 1018, 1199, 840, 825, 2602, 2492, 2097, 2859, 748, 2839, 2023, 2087, 2123, 128, 3030, 75, 1355, 37, 2666, 2458, 2105, 3270, 40, 2020, 126, 1434, 438, 3244, 2714, 2318, 599, 952, 2377, 1597, 2072, 1984, 1644, 2290, 1936, 2259, 2032, 53, 111, 2590, 3037, 600, 3141, 1548, 2341, 1633, 1493, 2705, 373, 2658, 558, 818, 3075, 709, 551, 517, 2358, 2285, 2685, 1723, 3216, 1382, 2889, 2022, 1767, 2354, 2615, 1321, 391, 2963, 1468, 1869, 1850, 1020, 3086, 721, 3149, 2691, 1255, 139, 3252, 785, 1744, 849, 2338, 144, 921, 671, 1795, 1368, 2434, 2222, 3110, 2504, 282, 2901, 2012, 1881, 564, 2503, 3185, 2398, 3083, 519, 296, 533, 283, 2444, 1732, 2357, 3099, 914, 57, 273, 1221, 1848, 2365, 588, 2646, 3143, 488, 1128, 2418, 1271, 1431, 338, 2948, 554, 923, 2429, 1945, 1606, 761, 2446, 2140, 1076, 2156, 848, 2568, 15, 2091, 2390, 84, 2641, 90, 135, 1176, 3085, 2555, 1120, 2002, 2506, 195, 1437, 199, 1915, 2671, 2053, 2542, 1158, 2843, 258, 2981, 502, 2409, 2096, 2619, 1824, 593, 3298, 2133, 2596, 3163, 2349, 3127, 461, 1970, 795, 1294, 278, 984, 63, 1954, 494, 2775, 569, 2655, 2141, 971, 3043, 3056, 1737, 2395, 2159, 3165, 51, 648, 1077, 1950, 196, 2226, 836, 1999, 3155, 324, 3164, 1861, 358, 208, 2447, 1656, 2798, 3063, 3293, 364, 2863, 2518, 1764, 1854, 2743, 634, 1495, 1603, 957, 2456, 2773, 844, 3078, 2672, 2321, 2165, 3147, 2193, 1436, 2468, 1782, 1888, 2578, 236, 226]",20,250,4,False,250
238,entity,entity,1,True,True,True,"{2: 91, 1: 95, 5: 64}","[3093, 1527, 2071, 1634, 2300, 2155, 1018, 1199, 840, 825, 2602, 2492, 2097, 2859, 748, 2839, 2023, 2087, 2123, 128, 3030, 75, 1355, 37, 2666, 2458, 2105, 3270, 40, 2020, 126, 1434, 438, 3244, 2714, 2318, 599, 952, 2377, 1597, 2072, 1984, 1644, 2290, 1936, 2259, 2032, 53, 111, 2590, 3037, 600, 3141, 1548, 2341, 1633, 1493, 2705, 373, 2658, 558, 818, 3075, 709, 551, 517, 2358, 2285, 2685, 1723, 3216, 1382, 2889, 2022, 1767, 2354, 2615, 1321, 391, 2963, 1468, 1869, 1850, 1020, 3086, 721, 3149, 2691, 1255, 139, 3252, 785, 1744, 849, 2338, 144, 921, 671, 1795, 1368, 2434, 2222, 3110, 2504, 282, 2901, 2012, 1881, 564, 2503, 3185, 2398, 3083, 519, 296, 533, 283, 2444, 1732, 2357, 3099, 914, 57, 273, 1221, 1848, 2365, 588, 2646, 3143, 488, 1128, 2418, 1271, 1431, 338, 2948, 554, 923, 2429, 1945, 1606, 761, 2446, 2140, 1076, 2156, 848, 2568, 15, 2091, 2390, 84, 2641, 90, 135, 1176, 3085, 2555, 1120, 2002, 2506, 195, 1437, 199, 1915, 2671, 2053, 2542, 1158, 2843, 258, 2981, 502, 2409, 2096, 2619, 1824, 593, 3298, 2133, 2596, 3163, 2349, 3127, 461, 1970, 795, 1294, 278, 984, 63, 1954, 494, 2775, 569, 2655, 2141, 971, 3043, 3056, 1737, 2395, 2159, 3165, 51, 648, 1077, 1950, 196, 2226, 836, 1999, 3155, 324, 3164, 1861, 358, 208, 2447, 1656, 2798, 3063, 3293, 364, 2863, 2518, 1764, 1854, 2743, 634, 1495, 1603, 957, 2456, 2773, 844, 3078, 2672, 2321, 2165, 3147, 2193, 1436, 2468, 1782, 1888, 2578, 236, 226]",238,250,4,False,250
338,description,entity,1,True,False,True,"{2: 91, 1: 95, 5: 64}","[3093, 1527, 2071, 1634, 2300, 2155, 1018, 1199, 840, 825, 2602, 2492, 2097, 2859, 748, 2839, 2023, 2087, 2123, 128, 3030, 75, 1355, 37, 2666, 2458, 2105, 3270, 40, 2020, 126, 1434, 438, 3244, 2714, 2318, 599, 952, 2377, 1597, 2072, 1984, 1644, 2290, 1936, 2259, 2032, 53, 111, 2590, 3037, 600, 3141, 1548, 2341, 1633, 1493, 2705, 373, 2658, 558, 818, 3075, 709, 551, 517, 2358, 2285, 2685, 1723, 3216, 1382, 2889, 2022, 1767, 2354, 2615, 1321, 391, 2963, 1468, 1869, 1850, 1020, 3086, 721, 3149, 2691, 1255, 139, 3252, 785, 1744, 849, 2338, 144, 921, 671, 1795, 1368, 2434, 2222, 3110, 2504, 282, 2901, 2012, 1881, 564, 2503, 3185, 2398, 3083, 519, 296, 533, 283, 2444, 1732, 2357, 3099, 914, 57, 273, 1221, 1848, 2365, 588, 2646, 3143, 488, 1128, 2418, 1271, 1431, 338, 2948, 554, 923, 2429, 1945, 1606, 761, 2446, 2140, 1076, 2156, 848, 2568, 15, 2091, 2390, 84, 2641, 90, 135, 1176, 3085, 2555, 1120, 2002, 2506, 195, 1437, 199, 1915, 2671, 2053, 2542, 1158, 2843, 258, 2981, 502, 2409, 2096, 2619, 1824, 593, 3298, 2133, 2596, 3163, 2349, 3127, 461, 1970, 795, 1294, 278, 984, 63, 1954, 494, 2775, 569, 2655, 2141, 971, 3043, 3056, 1737, 2395, 2159, 3165, 51, 648, 1077, 1950, 196, 2226, 836, 1999, 3155, 324, 3164, 1861, 358, 208, 2447, 1656, 2798, 3063, 3293, 364, 2863, 2518, 1764, 1854, 2743, 634, 1495, 1603, 957, 2456, 2773, 844, 3078, 2672, 2321, 2165, 3147, 2193, 1436, 2468, 1782, 1888, 2578, 236, 226]",338,250,4,False,250
274,numeric,numeric,5,True,True,True,"{2: 91, 1: 95, 5: 64}","[3093, 1527, 2071, 1634, 2300, 2155, 1018, 1199, 840, 825, 2602, 2492, 2097, 2859, 748, 2839, 2023, 2087, 2123, 128, 3030, 75, 1355, 37, 2666, 2458, 2105, 3270, 40, 2020, 126, 1434, 438, 3244, 2714, 2318, 599, 952, 2377, 1597, 2072, 1984, 1644, 2290, 1936, 2259, 2032, 53, 111, 2590, 3037, 600, 3141, 1548, 2341, 1633, 1493, 2705, 373, 2658, 558, 818, 3075, 709, 551, 517, 2358, 2285, 2685, 1723, 3216, 1382, 2889, 2022, 1767, 2354, 2615, 1321, 391, 2963, 1468, 1869, 1850, 1020, 3086, 721, 3149, 2691, 1255, 139, 3252, 785, 1744, 849, 2338, 144, 921, 671, 1795, 1368, 2434, 2222, 3110, 2504, 282, 2901, 2012, 1881, 564, 2503, 3185, 2398, 3083, 519, 296, 533, 283, 2444, 1732, 2357, 3099, 914, 57, 273, 1221, 1848, 2365, 588, 2646, 3143, 488, 1128, 2418, 1271, 1431, 338, 2948, 554, 923, 2429, 1945, 1606, 761, 2446, 2140, 1076, 2156, 848, 2568, 15, 2091, 2390, 84, 2641, 90, 135, 1176, 3085, 2555, 1120, 2002, 2506, 195, 1437, 199, 1915, 2671, 2053, 2542, 1158, 2843, 258, 2981, 502, 2409, 2096, 2619, 1824, 593, 3298, 2133, 2596, 3163, 2349, 3127, 461, 1970, 795, 1294, 278, 984, 63, 1954, 494, 2775, 569, 2655, 2141, 971, 3043, 3056, 1737, 2395, 2159, 3165, 51, 648, 1077, 1950, 196, 2226, 836, 1999, 3155, 324, 3164, 1861, 358, 208, 2447, 1656, 2798, 3063, 3293, 364, 2863, 2518, 1764, 1854, 2743, 634, 1495, 1603, 957, 2456, 2773, 844, 3078, 2672, 2321, 2165, 3147, 2193, 1436, 2468, 1782, 1888, 2578, 236, 226]",274,250,4,False,250
305,entity,entity,1,True,True,True,"{2: 91, 1: 95, 5: 64}","[3093, 1527, 2071, 1634, 2300, 2155, 1018, 1199, 840, 825, 2602, 2492, 2097, 2859, 748, 2839, 2023, 2087, 2123, 128, 3030, 75, 1355, 37, 2666, 2458, 2105, 3270, 40, 2020, 126, 1434, 438, 3244, 2714, 2318, 599, 952, 2377, 1597, 2072, 1984, 1644, 2290, 1936, 2259, 2032, 53, 111, 2590, 3037, 600, 3141, 1548, 2341, 1633, 1493, 2705, 373, 2658, 558, 818, 3075, 709, 551, 517, 2358, 2285, 2685, 1723, 3216, 1382, 2889, 2022, 1767, 2354, 2615, 1321, 391, 2963, 1468, 1869, 1850, 1020, 3086, 721, 3149, 2691, 1255, 139, 3252, 785, 1744, 849, 2338, 144, 921, 671, 1795, 1368, 2434, 2222, 3110, 2504, 282, 2901, 2012, 1881, 564, 2503, 3185, 2398, 3083, 519, 296, 533, 283, 2444, 1732, 2357, 3099, 914, 57, 273, 1221, 1848, 2365, 588, 2646, 3143, 488, 1128, 2418, 1271, 1431, 338, 2948, 554, 923, 2429, 1945, 1606, 761, 2446, 2140, 1076, 2156, 848, 2568, 15, 2091, 2390, 84, 2641, 90, 135, 1176, 3085, 2555, 1120, 2002, 2506, 195, 1437, 199, 1915, 2671, 2053, 2542, 1158, 2843, 258, 2981, 502, 2409, 2096, 2619, 1824, 593, 3298, 2133, 2596, 3163, 2349, 3127, 461, 1970, 795, 1294, 278, 984, 63, 1954, 494, 2775, 569, 2655, 2141, 971, 3043, 3056, 1737, 2395, 2159, 3165, 51, 648, 1077, 1950, 196, 2226, 836, 1999, 3155, 324, 3164, 1861, 358, 208, 2447, 1656, 2798, 3063, 3293, 364, 2863, 2518, 1764, 1854, 2743, 634, 1495, 1603, 957, 2456, 2773, 844, 3078, 2672, 2321, 2165, 3147, 2193, 1436, 2468, 1782, 1888, 2578, 236, 226]",305,250,4,False,250
150,description,description,2,True,True,True,"{2: 91, 1: 95, 5: 64}","[3093, 1527, 2071, 1634, 2300, 2155, 1018, 1199, 840, 825, 2602, 2492, 2097, 2859, 748, 2839, 2023, 2087, 2123, 128, 3030, 75, 1355, 37, 2666, 2458, 2105, 3270, 40, 2020, 126, 1434, 438, 3244, 2714, 2318, 599, 952, 2377, 1597, 2072, 1984, 1644, 2290, 1936, 2259, 2032, 53, 111, 2590, 3037, 600, 3141, 1548, 2341, 1633, 1493, 2705, 373, 2658, 558, 818, 3075, 709, 551, 517, 2358, 2285, 2685, 1723, 3216, 1382, 2889, 2022, 1767, 2354, 2615, 1321, 391, 2963, 1468, 1869, 1850, 1020, 3086, 721, 3149, 2691, 1255, 139, 3252, 785, 1744, 849, 2338, 144, 921, 671, 1795, 1368, 2434, 2222, 3110, 2504, 282, 2901, 2012, 1881, 564, 2503, 3185, 2398, 3083, 519, 296, 533, 283, 2444, 1732, 2357, 3099, 914, 57, 273, 1221, 1848, 2365, 588, 2646, 3143, 488, 1128, 2418, 1271, 1431, 338, 2948, 554, 923, 2429, 1945, 1606, 761, 2446, 2140, 1076, 2156, 848, 2568, 15, 2091, 2390, 84, 2641, 90, 135, 1176, 3085, 2555, 1120, 2002, 2506, 195, 1437, 199, 1915, 2671, 2053, 2542, 1158, 2843, 258, 2981, 502, 2409, 2096, 2619, 1824, 593, 3298, 2133, 2596, 3163, 2349, 3127, 461, 1970, 795, 1294, 278, 984, 63, 1954, 494, 2775, 569, 2655, 2141, 971, 3043, 3056, 1737, 2395, 2159, 3165, 51, 648, 1077, 1950, 196, 2226, 836, 1999, 3155, 324, 3164, 1861, 358, 208, 2447, 1656, 2798, 3063, 3293, 364, 2863, 2518, 1764, 1854, 2743, 634, 1495, 1603, 957, 2456, 2773, 844, 3078, 2672, 2321, 2165, 3147, 2193, 1436, 2468, 1782, 1888, 2578, 236, 226]",150,250,4,False,250
160,description,description,2,True,True,True,"{2: 91, 1: 95, 5: 64}","[3093, 1527, 2071, 1634, 2300, 2155, 1018, 1199, 840, 825, 2602, 2492, 2097, 2859, 748, 2839, 2023, 2087, 2123, 128, 3030, 75, 1355, 37, 2666, 2458, 2105, 3270, 40, 2020, 126, 1434, 438, 3244, 2714, 2318, 599, 952, 2377, 1597, 2072, 1984, 1644, 2290, 1936, 2259, 2032, 53, 111, 2590, 3037, 600, 3141, 1548, 2341, 1633, 1493, 2705, 373, 2658, 558, 818, 3075, 709, 551, 517, 2358, 2285, 2685, 1723, 3216, 1382, 2889, 2022, 1767, 2354, 2615, 1321, 391, 2963, 1468, 1869, 1850, 1020, 3086, 721, 3149, 2691, 1255, 139, 3252, 785, 1744, 849, 2338, 144, 921, 671, 1795, 1368, 2434, 2222, 3110, 2504, 282, 2901, 2012, 1881, 564, 2503, 3185, 2398, 3083, 519, 296, 533, 283, 2444, 1732, 2357, 3099, 914, 57, 273, 1221, 1848, 2365, 588, 2646, 3143, 488, 1128, 2418, 1271, 1431, 338, 2948, 554, 923, 2429, 1945, 1606, 761, 2446, 2140, 1076, 2156, 848, 2568, 15, 2091, 2390, 84, 2641, 90, 135, 1176, 3085, 2555, 1120, 2002, 2506, 195, 1437, 199, 1915, 2671, 2053, 2542, 1158, 2843, 258, 2981, 502, 2409, 2096, 2619, 1824, 593, 3298, 2133, 2596, 3163, 2349, 3127, 461, 1970, 795, 1294, 278, 984, 63, 1954, 494, 2775, 569, 2655, 2141, 971, 3043, 3056, 1737, 2395, 2159, 3165, 51, 648, 1077, 1950, 196, 2226, 836, 1999, 3155, 324, 3164, 1861, 358, 208, 2447, 1656, 2798, 3063, 3293, 364, 2863, 2518, 1764, 1854, 2743, 634, 1495, 1603, 957, 2456, 2773, 844, 3078, 2672, 2321, 2165, 3147, 2193, 1436, 2468, 1782, 1888, 2578, 236, 226]",160,250,4,False,250
260,description,description,2,True,True,True,"{2: 91, 1: 95, 5: 64}","[3093, 1527, 2071, 1634, 2300, 2155, 1018, 1199, 840, 825, 2602, 2492, 2097, 2859, 748, 2839, 2023, 2087, 2123, 128, 3030, 75, 1355, 37, 2666, 2458, 2105, 3270, 40, 2020, 126, 1434, 438, 3244, 2714, 2318, 599, 952, 2377, 1597, 2072, 1984, 1644, 2290, 1936, 2259, 2032, 53, 111, 2590, 3037, 600, 3141, 1548, 2341, 1633, 1493, 2705, 373, 2658, 558, 818, 3075, 709, 551, 517, 2358, 2285, 2685, 1723, 3216, 1382, 2889, 2022, 1767, 2354, 2615, 1321, 391, 2963, 1468, 1869, 1850, 1020, 3086, 721, 3149, 2691, 1255, 139, 3252, 785, 1744, 849, 2338, 144, 921, 671, 1795, 1368, 2434, 2222, 3110, 2504, 282, 2901, 2012, 1881, 564, 2503, 3185, 2398, 3083, 519, 296, 533, 283, 2444, 1732, 2357, 3099, 914, 57, 273, 1221, 1848, 2365, 588, 2646, 3143, 488, 1128, 2418, 1271, 1431, 338, 2948, 554, 923, 2429, 1945, 1606, 761, 2446, 2140, 1076, 2156, 848, 2568, 15, 2091, 2390, 84, 2641, 90, 135, 1176, 3085, 2555, 1120, 2002, 2506, 195, 1437, 199, 1915, 2671, 2053, 2542, 1158, 2843, 258, 2981, 502, 2409, 2096, 2619, 1824, 593, 3298, 2133, 2596, 3163, 2349, 3127, 461, 1970, 795, 1294, 278, 984, 63, 1954, 494, 2775, 569, 2655, 2141, 971, 3043, 3056, 1737, 2395, 2159, 3165, 51, 648, 1077, 1950, 196, 2226, 836, 1999, 3155, 324, 3164, 1861, 358, 208, 2447, 1656, 2798, 3063, 3293, 364, 2863, 2518, 1764, 1854, 2743, 634, 1495, 1603, 957, 2456, 2773, 844, 3078, 2672, 2321, 2165, 3147, 2193, 1436, 2468, 1782, 1888, 2578, 236, 226]",260,250,4,False,250
33,numeric,numeric,5,True,True,True,"{2: 91, 1: 95, 5: 64}","[3093, 1527, 2071, 1634, 2300, 2155, 1018, 1199, 840, 825, 2602, 2492, 2097, 2859, 748, 2839, 2023, 2087, 2123, 128, 3030, 75, 1355, 37, 2666, 2458, 2105, 3270, 40, 2020, 126, 1434, 438, 3244, 2714, 2318, 599, 952, 2377, 1597, 2072, 1984, 1644, 2290, 1936, 2259, 2032, 53, 111, 2590, 3037, 600, 3141, 1548, 2341, 1633, 1493, 2705, 373, 2658, 558, 818, 3075, 709, 551, 517, 2358, 2285, 2685, 1723, 3216, 1382, 2889, 2022, 1767, 2354, 2615, 1321, 391, 2963, 1468, 1869, 1850, 1020, 3086, 721, 3149, 2691, 1255, 139, 3252, 785, 1744, 849, 2338, 144, 921, 671, 1795, 1368, 2434, 2222, 3110, 2504, 282, 2901, 2012, 1881, 564, 2503, 3185, 2398, 3083, 519, 296, 533, 283, 2444, 1732, 2357, 3099, 914, 57, 273, 1221, 1848, 2365, 588, 2646, 3143, 488, 1128, 2418, 1271, 1431, 338, 2948, 554, 923, 2429, 1945, 1606, 761, 2446, 2140, 1076, 2156, 848, 2568, 15, 2091, 2390, 84, 2641, 90, 135, 1176, 3085, 2555, 1120, 2002, 2506, 195, 1437, 199, 1915, 2671, 2053, 2542, 1158, 2843, 258, 2981, 502, 2409, 2096, 2619, 1824, 593, 3298, 2133, 2596, 3163, 2349, 3127, 461, 1970, 795, 1294, 278, 984, 63, 1954, 494, 2775, 569, 2655, 2141, 971, 3043, 3056, 1737, 2395, 2159, 3165, 51, 648, 1077, 1950, 196, 2226, 836, 1999, 3155, 324, 3164, 1861, 358, 208, 2447, 1656, 2798, 3063, 3293, 364, 2863, 2518, 1764, 1854, 2743, 634, 1495, 1603, 957, 2456, 2773, 844, 3078, 2672, 2321, 2165, 3147, 2193, 1436, 2468, 1782, 1888, 2578, 236, 226]",33,250,4,False,250
115,entity,entity,1,True,True,True,"{2: 91, 1: 95, 5: 64}","[3093, 1527, 2071, 1634, 2300, 2155, 1018, 1199, 840, 825, 2602, 2492, 2097, 2859, 748, 2839, 2023, 2087, 2123, 128, 3030, 75, 1355, 37, 2666, 2458, 2105, 3270, 40, 2020, 126, 1434, 438, 3244, 2714, 2318, 599, 952, 2377, 1597, 2072, 1984, 1644, 2290, 1936, 2259, 2032, 53, 111, 2590, 3037, 600, 3141, 1548, 2341, 1633, 1493, 2705, 373, 2658, 558, 818, 3075, 709, 551, 517, 2358, 2285, 2685, 1723, 3216, 1382, 2889, 2022, 1767, 2354, 2615, 1321, 391, 2963, 1468, 1869, 1850, 1020, 3086, 721, 3149, 2691, 1255, 139, 3252, 785, 1744, 849, 2338, 144, 921, 671, 1795, 1368, 2434, 2222, 3110, 2504, 282, 2901, 2012, 1881, 564, 2503, 3185, 2398, 3083, 519, 296, 533, 283, 2444, 1732, 2357, 3099, 914, 57, 273, 1221, 1848, 2365, 588, 2646, 3143, 488, 1128, 2418, 1271, 1431, 338, 2948, 554, 923, 2429, 1945, 1606, 761, 2446, 2140, 1076, 2156, 848, 2568, 15, 2091, 2390, 84, 2641, 90, 135, 1176, 3085, 2555, 1120, 2002, 2506, 195, 1437, 199, 1915, 2671, 2053, 2542, 1158, 2843, 258, 2981, 502, 2409, 2096, 2619, 1824, 593, 3298, 2133, 2596, 3163, 2349, 3127, 461, 1970, 795, 1294, 278, 984, 63, 1954, 494, 2775, 569, 2655, 2141, 971, 3043, 3056, 1737, 2395, 2159, 3165, 51, 648, 1077, 1950, 196, 2226, 836, 1999, 3155, 324, 3164, 1861, 358, 208, 2447, 1656, 2798, 3063, 3293, 364, 2863, 2518, 1764, 1854, 2743, 634, 1495, 1603, 957, 2456, 2773, 844, 3078, 2672, 2321, 2165, 3147, 2193, 1436, 2468, 1782, 1888, 2578, 236, 226]",115,250,4,False,250
96,entity,entity,1,True,True,True,"{2: 91, 1: 95, 5: 64}","[3093, 1527, 2071, 1634, 2300, 2155, 1018, 1199, 840, 825, 2602, 2492, 2097, 2859, 748, 2839, 2023, 2087, 2123, 128, 3030, 75, 1355, 37, 2666, 2458, 2105, 3270, 40, 2020, 126, 1434, 438, 3244, 2714, 2318, 599, 952, 2377, 1597, 2072, 1984, 1644, 2290, 1936, 2259, 2032, 53, 111, 2590, 3037, 600, 3141, 1548, 2341, 1633, 1493, 2705, 373, 2658, 558, 818, 3075, 709, 551, 517, 2358, 2285, 2685, 1723, 3216, 1382, 2889, 2022, 1767, 2354, 2615, 1321, 391, 2963, 1468, 1869, 1850, 1020, 3086, 721, 3149, 2691, 1255, 139, 3252, 785, 1744, 849, 2338, 144, 921, 671, 1795, 1368, 2434, 2222, 3110, 2504, 282, 2901, 2012, 1881, 564, 2503, 3185, 2398, 3083, 519, 296, 533, 283, 2444, 1732, 2357, 3099, 914, 57, 273, 1221, 1848, 2365, 588, 2646, 3143, 488, 1128, 2418, 1271, 1431, 338, 2948, 554, 923, 2429, 1945, 1606, 761, 2446, 2140, 1076, 2156, 848, 2568, 15, 2091, 2390, 84, 2641, 90, 135, 1176, 3085, 2555, 1120, 2002, 2506, 195, 1437, 199, 1915, 2671, 2053, 2542, 1158, 2843, 258, 2981, 502, 2409, 2096, 2619, 1824, 593, 3298, 2133, 2596, 3163, 2349, 3127, 461, 1970, 795, 1294, 278, 984, 63, 1954, 494, 2775, 569, 2655, 2141, 971, 3043, 3056, 1737, 2395, 2159, 3165, 51, 648, 1077, 1950, 196, 2226, 836, 1999, 3155, 324, 3164, 1861, 358, 208, 2447, 1656, 2798, 3063, 3293, 364, 2863, 2518, 1764, 1854, 2743, 634, 1495, 1603, 957, 2456, 2773, 844, 3078, 2672, 2321, 2165, 3147, 2193, 1436, 2468, 1782, 1888, 2578, 236, 226]",96,250,4,False,250
190,description,description,2,True,True,True,"{2: 91, 1: 95, 5: 64}","[3093, 1527, 2071, 1634, 2300, 2155, 1018, 1199, 840, 825, 2602, 2492, 2097, 2859, 748, 2839, 2023, 2087, 2123, 128, 3030, 75, 1355, 37, 2666, 2458, 2105, 3270, 40, 2020, 126, 1434, 438, 3244, 2714, 2318, 599, 952, 2377, 1597, 2072, 1984, 1644, 2290, 1936, 2259, 2032, 53, 111, 2590, 3037, 600, 3141, 1548, 2341, 1633, 1493, 2705, 373, 2658, 558, 818, 3075, 709, 551, 517, 2358, 2285, 2685, 1723, 3216, 1382, 2889, 2022, 1767, 2354, 2615, 1321, 391, 2963, 1468, 1869, 1850, 1020, 3086, 721, 3149, 2691, 1255, 139, 3252, 785, 1744, 849, 2338, 144, 921, 671, 1795, 1368, 2434, 2222, 3110, 2504, 282, 2901, 2012, 1881, 564, 2503, 3185, 2398, 3083, 519, 296, 533, 283, 2444, 1732, 2357, 3099, 914, 57, 273, 1221, 1848, 2365, 588, 2646, 3143, 488, 1128, 2418, 1271, 1431, 338, 2948, 554, 923, 2429, 1945, 1606, 761, 2446, 2140, 1076, 2156, 848, 2568, 15, 2091, 2390, 84, 2641, 90, 135, 1176, 3085, 2555, 1120, 2002, 2506, 195, 1437, 199, 1915, 2671, 2053, 2542, 1158, 2843, 258, 2981, 502, 2409, 2096, 2619, 1824, 593, 3298, 2133, 2596, 3163, 2349, 3127, 461, 1970, 795, 1294, 278, 984, 63, 1954, 494, 2775, 569, 2655, 2141, 971, 3043, 3056, 1737, 2395, 2159, 3165, 51, 648, 1077, 1950, 196, 2226, 836, 1999, 3155, 324, 3164, 1861, 358, 208, 2447, 1656, 2798, 3063, 3293, 364, 2863, 2518, 1764, 1854, 2743, 634, 1495, 1603, 957, 2456, 2773, 844, 3078, 2672, 2321, 2165, 3147, 2193, 1436, 2468, 1782, 1888, 2578, 236, 226]",190,250,4,False,250
156,description,description,2,True,True,True,"{2: 91, 1: 95, 5: 64}","[3093, 1527, 2071, 1634, 2300, 2155, 1018, 1199, 840, 825, 2602, 2492, 2097, 2859, 748, 2839, 2023, 2087, 2123, 128, 3030, 75, 1355, 37, 2666, 2458, 2105, 3270, 40, 2020, 126, 1434, 438, 3244, 2714, 2318, 599, 952, 2377, 1597, 2072, 1984, 1644, 2290, 1936, 2259, 2032, 53, 111, 2590, 3037, 600, 3141, 1548, 2341, 1633, 1493, 2705, 373, 2658, 558, 818, 3075, 709, 551, 517, 2358, 2285, 2685, 1723, 3216, 1382, 2889, 2022, 1767, 2354, 2615, 1321, 391, 2963, 1468, 1869, 1850, 1020, 3086, 721, 3149, 2691, 1255, 139, 3252, 785, 1744, 849, 2338, 144, 921, 671, 1795, 1368, 2434, 2222, 3110, 2504, 282, 2901, 2012, 1881, 564, 2503, 3185, 2398, 3083, 519, 296, 533, 283, 2444, 1732, 2357, 3099, 914, 57, 273, 1221, 1848, 2365, 588, 2646, 3143, 488, 1128, 2418, 1271, 1431, 338, 2948, 554, 923, 2429, 1945, 1606, 761, 2446, 2140, 1076, 2156, 848, 2568, 15, 2091, 2390, 84, 2641, 90, 135, 1176, 3085, 2555, 1120, 2002, 2506, 195, 1437, 199, 1915, 2671, 2053, 2542, 1158, 2843, 258, 2981, 502, 2409, 2096, 2619, 1824, 593, 3298, 2133, 2596, 3163, 2349, 3127, 461, 1970, 795, 1294, 278, 984, 63, 1954, 494, 2775, 569, 2655, 2141, 971, 3043, 3056, 1737, 2395, 2159, 3165, 51, 648, 1077, 1950, 196, 2226, 836, 1999, 3155, 324, 3164, 1861, 358, 208, 2447, 1656, 2798, 3063, 3293, 364, 2863, 2518, 1764, 1854, 2743, 634, 1495, 1603, 957, 2456, 2773, 844, 3078, 2672, 2321, 2165, 3147, 2193, 1436, 2468, 1782, 1888, 2578, 236, 226]",156,250,4,False,250
50,description,description,2,True,True,True,"{2: 91, 1: 95, 5: 64}","[3093, 1527, 2071, 1634, 2300, 2155, 1018, 1199, 840, 825, 2602, 2492, 2097, 2859, 748, 2839, 2023, 2087, 2123, 128, 3030, 75, 1355, 37, 2666, 2458, 2105, 3270, 40, 2020, 126, 1434, 438, 3244, 2714, 2318, 599, 952, 2377, 1597, 2072, 1984, 1644, 2290, 1936, 2259, 2032, 53, 111, 2590, 3037, 600, 3141, 1548, 2341, 1633, 1493, 2705, 373, 2658, 558, 818, 3075, 709, 551, 517, 2358, 2285, 2685, 1723, 3216, 1382, 2889, 2022, 1767, 2354, 2615, 1321, 391, 2963, 1468, 1869, 1850, 1020, 3086, 721, 3149, 2691, 1255, 139, 3252, 785, 1744, 849, 2338, 144, 921, 671, 1795, 1368, 2434, 2222, 3110, 2504, 282, 2901, 2012, 1881, 564, 2503, 3185, 2398, 3083, 519, 296, 533, 283, 2444, 1732, 2357, 3099, 914, 57, 273, 1221, 1848, 2365, 588, 2646, 3143, 488, 1128, 2418, 1271, 1431, 338, 2948, 554, 923, 2429, 1945, 1606, 761, 2446, 2140, 1076, 2156, 848, 2568, 15, 2091, 2390, 84, 2641, 90, 135, 1176, 3085, 2555, 1120, 2002, 2506, 195, 1437, 199, 1915, 2671, 2053, 2542, 1158, 2843, 258, 2981, 502, 2409, 2096, 2619, 1824, 593, 3298, 2133, 2596, 3163, 2349, 3127, 461, 1970, 795, 1294, 278, 984, 63, 1954, 494, 2775, 569, 2655, 2141, 971, 3043, 3056, 1737, 2395, 2159, 3165, 51, 648, 1077, 1950, 196, 2226, 836, 1999, 3155, 324, 3164, 1861, 358, 208, 2447, 1656, 2798, 3063, 3293, 364, 2863, 2518, 1764, 1854, 2743, 634, 1495, 1603, 957, 2456, 2773, 844, 3078, 2672, 2321, 2165, 3147, 2193, 1436, 2468, 1782, 1888, 2578, 236, 226]",50,250,4,False,250
182,description,description,2,True,True,True,"{2: 91, 1: 95, 5: 64}","[3093, 1527, 2071, 1634, 2300, 2155, 1018, 1199, 840, 825, 2602, 2492, 2097, 2859, 748, 2839, 2023, 2087, 2123, 128, 3030, 75, 1355, 37, 2666, 2458, 2105, 3270, 40, 2020, 126, 1434, 438, 3244, 2714, 2318, 599, 952, 2377, 1597, 2072, 1984, 1644, 2290, 1936, 2259, 2032, 53, 111, 2590, 3037, 600, 3141, 1548, 2341, 1633, 1493, 2705, 373, 2658, 558, 818, 3075, 709, 551, 517, 2358, 2285, 2685, 1723, 3216, 1382, 2889, 2022, 1767, 2354, 2615, 1321, 391, 2963, 1468, 1869, 1850, 1020, 3086, 721, 3149, 2691, 1255, 139, 3252, 785, 1744, 849, 2338, 144, 921, 671, 1795, 1368, 2434, 2222, 3110, 2504, 282, 2901, 2012, 1881, 564, 2503, 3185, 2398, 3083, 519, 296, 533, 283, 2444, 1732, 2357, 3099, 914, 57, 273, 1221, 1848, 2365, 588, 2646, 3143, 488, 1128, 2418, 1271, 1431, 338, 2948, 554, 923, 2429, 1945, 1606, 761, 2446, 2140, 1076, 2156, 848, 2568, 15, 2091, 2390, 84, 2641, 90, 135, 1176, 3085, 2555, 1120, 2002, 2506, 195, 1437, 199, 1915, 2671, 2053, 2542, 1158, 2843, 258, 2981, 502, 2409, 2096, 2619, 1824, 593, 3298, 2133, 2596, 3163, 2349, 3127, 461, 1970, 795, 1294, 278, 984, 63, 1954, 494, 2775, 569, 2655, 2141, 971, 3043, 3056, 1737, 2395, 2159, 3165, 51, 648, 1077, 1950, 196, 2226, 836, 1999, 3155, 324, 3164, 1861, 358, 208, 2447, 1656, 2798, 3063, 3293, 364, 2863, 2518, 1764, 1854, 2743, 634, 1495, 1603, 957, 2456, 2773, 844, 3078, 2672, 2321, 2165, 3147, 2193, 1436, 2468, 1782, 1888, 2578, 236, 226]",182,250,4,False,250
82,numeric,numeric,5,True,True,True,"{2: 91, 1: 95, 5: 64}","[3093, 1527, 2071, 1634, 2300, 2155, 1018, 1199, 840, 825, 2602, 2492, 2097, 2859, 748, 2839, 2023, 2087, 2123, 128, 3030, 75, 1355, 37, 2666, 2458, 2105, 3270, 40, 2020, 126, 1434, 438, 3244, 2714, 2318, 599, 952, 2377, 1597, 2072, 1984, 1644, 2290, 1936, 2259, 2032, 53, 111, 2590, 3037, 600, 3141, 1548, 2341, 1633, 1493, 2705, 373, 2658, 558, 818, 3075, 709, 551, 517, 2358, 2285, 2685, 1723, 3216, 1382, 2889, 2022, 1767, 2354, 2615, 1321, 391, 2963, 1468, 1869, 1850, 1020, 3086, 721, 3149, 2691, 1255, 139, 3252, 785, 1744, 849, 2338, 144, 921, 671, 1795, 1368, 2434, 2222, 3110, 2504, 282, 2901, 2012, 1881, 564, 2503, 3185, 2398, 3083, 519, 296, 533, 283, 2444, 1732, 2357, 3099, 914, 57, 273, 1221, 1848, 2365, 588, 2646, 3143, 488, 1128, 2418, 1271, 1431, 338, 2948, 554, 923, 2429, 1945, 1606, 761, 2446, 2140, 1076, 2156, 848, 2568, 15, 2091, 2390, 84, 2641, 90, 135, 1176, 3085, 2555, 1120, 2002, 2506, 195, 1437, 199, 1915, 2671, 2053, 2542, 1158, 2843, 258, 2981, 502, 2409, 2096, 2619, 1824, 593, 3298, 2133, 2596, 3163, 2349, 3127, 461, 1970, 795, 1294, 278, 984, 63, 1954, 494, 2775, 569, 2655, 2141, 971, 3043, 3056, 1737, 2395, 2159, 3165, 51, 648, 1077, 1950, 196, 2226, 836, 1999, 3155, 324, 3164, 1861, 358, 208, 2447, 1656, 2798, 3063, 3293, 364, 2863, 2518, 1764, 1854, 2743, 634, 1495, 1603, 957, 2456, 2773, 844, 3078, 2672, 2321, 2165, 3147, 2193, 1436, 2468, 1782, 1888, 2578, 236, 226]",82,250,4,False,250
297,description,description,2,True,True,True,"{2: 91, 1: 95, 5: 64}","[3093, 1527, 2071, 1634, 2300, 2155, 1018, 1199, 840, 825, 2602, 2492, 2097, 2859, 748, 2839, 2023, 2087, 2123, 128, 3030, 75, 1355, 37, 2666, 2458, 2105, 3270, 40, 2020, 126, 1434, 438, 3244, 2714, 2318, 599, 952, 2377, 1597, 2072, 1984, 1644, 2290, 1936, 2259, 2032, 53, 111, 2590, 3037, 600, 3141, 1548, 2341, 1633, 1493, 2705, 373, 2658, 558, 818, 3075, 709, 551, 517, 2358, 2285, 2685, 1723, 3216, 1382, 2889, 2022, 1767, 2354, 2615, 1321, 391, 2963, 1468, 1869, 1850, 1020, 3086, 721, 3149, 2691, 1255, 139, 3252, 785, 1744, 849, 2338, 144, 921, 671, 1795, 1368, 2434, 2222, 3110, 2504, 282, 2901, 2012, 1881, 564, 2503, 3185, 2398, 3083, 519, 296, 533, 283, 2444, 1732, 2357, 3099, 914, 57, 273, 1221, 1848, 2365, 588, 2646, 3143, 488, 1128, 2418, 1271, 1431, 338, 2948, 554, 923, 2429, 1945, 1606, 761, 2446, 2140, 1076, 2156, 848, 2568, 15, 2091, 2390, 84, 2641, 90, 135, 1176, 3085, 2555, 1120, 2002, 2506, 195, 1437, 199, 1915, 2671, 2053, 2542, 1158, 2843, 258, 2981, 502, 2409, 2096, 2619, 1824, 593, 3298, 2133, 2596, 3163, 2349, 3127, 461, 1970, 795, 1294, 278, 984, 63, 1954, 494, 2775, 569, 2655, 2141, 971, 3043, 3056, 1737, 2395, 2159, 3165, 51, 648, 1077, 1950, 196, 2226, 836, 1999, 3155, 324, 3164, 1861, 358, 208, 2447, 1656, 2798, 3063, 3293, 364, 2863, 2518, 1764, 1854, 2743, 634, 1495, 1603, 957, 2456, 2773, 844, 3078, 2672, 2321, 2165, 3147, 2193, 1436, 2468, 1782, 1888, 2578, 236, 226]",297,250,4,False,250
222,entity,entity,1,True,True,True,"{2: 91, 1: 95, 5: 64}","[3093, 1527, 2071, 1634, 2300, 2155, 1018, 1199, 840, 825, 2602, 2492, 2097, 2859, 748, 2839, 2023, 2087, 2123, 128, 3030, 75, 1355, 37, 2666, 2458, 2105, 3270, 40, 2020, 126, 1434, 438, 3244, 2714, 2318, 599, 952, 2377, 1597, 2072, 1984, 1644, 2290, 1936, 2259, 2032, 53, 111, 2590, 3037, 600, 3141, 1548, 2341, 1633, 1493, 2705, 373, 2658, 558, 818, 3075, 709, 551, 517, 2358, 2285, 2685, 1723, 3216, 1382, 2889, 2022, 1767, 2354, 2615, 1321, 391, 2963, 1468, 1869, 1850, 1020, 3086, 721, 3149, 2691, 1255, 139, 3252, 785, 1744, 849, 2338, 144, 921, 671, 1795, 1368, 2434, 2222, 3110, 2504, 282, 2901, 2012, 1881, 564, 2503, 3185, 2398, 3083, 519, 296, 533, 283, 2444, 1732, 2357, 3099, 914, 57, 273, 1221, 1848, 2365, 588, 2646, 3143, 488, 1128, 2418, 1271, 1431, 338, 2948, 554, 923, 2429, 1945, 1606, 761, 2446, 2140, 1076, 2156, 848, 2568, 15, 2091, 2390, 84, 2641, 90, 135, 1176, 3085, 2555, 1120, 2002, 2506, 195, 1437, 199, 1915, 2671, 2053, 2542, 1158, 2843, 258, 2981, 502, 2409, 2096, 2619, 1824, 593, 3298, 2133, 2596, 3163, 2349, 3127, 461, 1970, 795, 1294, 278, 984, 63, 1954, 494, 2775, 569, 2655, 2141, 971, 3043, 3056, 1737, 2395, 2159, 3165, 51, 648, 1077, 1950, 196, 2226, 836, 1999, 3155, 324, 3164, 1861, 358, 208, 2447, 1656, 2798, 3063, 3293, 364, 2863, 2518, 1764, 1854, 2743, 634, 1495, 1603, 957, 2456, 2773, 844, 3078, 2672, 2321, 2165, 3147, 2193, 1436, 2468, 1782, 1888, 2578, 236, 226]",222,250,4,False,250
330,description,entity,1,True,False,True,"{2: 91, 1: 95, 5: 64}","[3093, 1527, 2071, 1634, 2300, 2155, 1018, 1199, 840, 825, 2602, 2492, 2097, 2859, 748, 2839, 2023, 2087, 2123, 128, 3030, 75, 1355, 37, 2666, 2458, 2105, 3270, 40, 2020, 126, 1434, 438, 3244, 2714, 2318, 599, 952, 2377, 1597, 2072, 1984, 1644, 2290, 1936, 2259, 2032, 53, 111, 2590, 3037, 600, 3141, 1548, 2341, 1633, 1493, 2705, 373, 2658, 558, 818, 3075, 709, 551, 517, 2358, 2285, 2685, 1723, 3216, 1382, 2889, 2022, 1767, 2354, 2615, 1321, 391, 2963, 1468, 1869, 1850, 1020, 3086, 721, 3149, 2691, 1255, 139, 3252, 785, 1744, 849, 2338, 144, 921, 671, 1795, 1368, 2434, 2222, 3110, 2504, 282, 2901, 2012, 1881, 564, 2503, 3185, 2398, 3083, 519, 296, 533, 283, 2444, 1732, 2357, 3099, 914, 57, 273, 1221, 1848, 2365, 588, 2646, 3143, 488, 1128, 2418, 1271, 1431, 338, 2948, 554, 923, 2429, 1945, 1606, 761, 2446, 2140, 1076, 2156, 848, 2568, 15, 2091, 2390, 84, 2641, 90, 135, 1176, 3085, 2555, 1120, 2002, 2506, 195, 1437, 199, 1915, 2671, 2053, 2542, 1158, 2843, 258, 2981, 502, 2409, 2096, 2619, 1824, 593, 3298, 2133, 2596, 3163, 2349, 3127, 461, 1970, 795, 1294, 278, 984, 63, 1954, 494, 2775, 569, 2655, 2141, 971, 3043, 3056, 1737, 2395, 2159, 3165, 51, 648, 1077, 1950, 196, 2226, 836, 1999, 3155, 324, 3164, 1861, 358, 208, 2447, 1656, 2798, 3063, 3293, 364, 2863, 2518, 1764, 1854, 2743, 634, 1495, 1603, 957, 2456, 2773, 844, 3078, 2672, 2321, 2165, 3147, 2193, 1436, 2468, 1782, 1888, 2578, 236, 226]",330,250,4,False,250
42,description,description,2,True,True,True,"{2: 91, 1: 95, 5: 64}","[3093, 1527, 2071, 1634, 2300, 2155, 1018, 1199, 840, 825, 2602, 2492, 2097, 2859, 748, 2839, 2023, 2087, 2123, 128, 3030, 75, 1355, 37, 2666, 2458, 2105, 3270, 40, 2020, 126, 1434, 438, 3244, 2714, 2318, 599, 952, 2377, 1597, 2072, 1984, 1644, 2290, 1936, 2259, 2032, 53, 111, 2590, 3037, 600, 3141, 1548, 2341, 1633, 1493, 2705, 373, 2658, 558, 818, 3075, 709, 551, 517, 2358, 2285, 2685, 1723, 3216, 1382, 2889, 2022, 1767, 2354, 2615, 1321, 391, 2963, 1468, 1869, 1850, 1020, 3086, 721, 3149, 2691, 1255, 139, 3252, 785, 1744, 849, 2338, 144, 921, 671, 1795, 1368, 2434, 2222, 3110, 2504, 282, 2901, 2012, 1881, 564, 2503, 3185, 2398, 3083, 519, 296, 533, 283, 2444, 1732, 2357, 3099, 914, 57, 273, 1221, 1848, 2365, 588, 2646, 3143, 488, 1128, 2418, 1271, 1431, 338, 2948, 554, 923, 2429, 1945, 1606, 761, 2446, 2140, 1076, 2156, 848, 2568, 15, 2091, 2390, 84, 2641, 90, 135, 1176, 3085, 2555, 1120, 2002, 2506, 195, 1437, 199, 1915, 2671, 2053, 2542, 1158, 2843, 258, 2981, 502, 2409, 2096, 2619, 1824, 593, 3298, 2133, 2596, 3163, 2349, 3127, 461, 1970, 795, 1294, 278, 984, 63, 1954, 494, 2775, 569, 2655, 2141, 971, 3043, 3056, 1737, 2395, 2159, 3165, 51, 648, 1077, 1950, 196, 2226, 836, 1999, 3155, 324, 3164, 1861, 358, 208, 2447, 1656, 2798, 3063, 3293, 364, 2863, 2518, 1764, 1854, 2743, 634, 1495, 1603, 957, 2456, 2773, 844, 3078, 2672, 2321, 2165, 3147, 2193, 1436, 2468, 1782, 1888, 2578, 236, 226]",42,250,4,False,250
198,description,description,2,True,True,True,"{2: 91, 1: 95, 5: 64}","[3093, 1527, 2071, 1634, 2300, 2155, 1018, 1199, 840, 825, 2602, 2492, 2097, 2859, 748, 2839, 2023, 2087, 2123, 128, 3030, 75, 1355, 37, 2666, 2458, 2105, 3270, 40, 2020, 126, 1434, 438, 3244, 2714, 2318, 599, 952, 2377, 1597, 2072, 1984, 1644, 2290, 1936, 2259, 2032, 53, 111, 2590, 3037, 600, 3141, 1548, 2341, 1633, 1493, 2705, 373, 2658, 558, 818, 3075, 709, 551, 517, 2358, 2285, 2685, 1723, 3216, 1382, 2889, 2022, 1767, 2354, 2615, 1321, 391, 2963, 1468, 1869, 1850, 1020, 3086, 721, 3149, 2691, 1255, 139, 3252, 785, 1744, 849, 2338, 144, 921, 671, 1795, 1368, 2434, 2222, 3110, 2504, 282, 2901, 2012, 1881, 564, 2503, 3185, 2398, 3083, 519, 296, 533, 283, 2444, 1732, 2357, 3099, 914, 57, 273, 1221, 1848, 2365, 588, 2646, 3143, 488, 1128, 2418, 1271, 1431, 338, 2948, 554, 923, 2429, 1945, 1606, 761, 2446, 2140, 1076, 2156, 848, 2568, 15, 2091, 2390, 84, 2641, 90, 135, 1176, 3085, 2555, 1120, 2002, 2506, 195, 1437, 199, 1915, 2671, 2053, 2542, 1158, 2843, 258, 2981, 502, 2409, 2096, 2619, 1824, 593, 3298, 2133, 2596, 3163, 2349, 3127, 461, 1970, 795, 1294, 278, 984, 63, 1954, 494, 2775, 569, 2655, 2141, 971, 3043, 3056, 1737, 2395, 2159, 3165, 51, 648, 1077, 1950, 196, 2226, 836, 1999, 3155, 324, 3164, 1861, 358, 208, 2447, 1656, 2798, 3063, 3293, 364, 2863, 2518, 1764, 1854, 2743, 634, 1495, 1603, 957, 2456, 2773, 844, 3078, 2672, 2321, 2165, 3147, 2193, 1436, 2468, 1782, 1888, 2578, 236, 226]",198,250,4,False,250
51,numeric,numeric,5,True,True,True,"{2: 91, 1: 95, 5: 64}","[3093, 1527, 2071, 1634, 2300, 2155, 1018, 1199, 840, 825, 2602, 2492, 2097, 2859, 748, 2839, 2023, 2087, 2123, 128, 3030, 75, 1355, 37, 2666, 2458, 2105, 3270, 40, 2020, 126, 1434, 438, 3244, 2714, 2318, 599, 952, 2377, 1597, 2072, 1984, 1644, 2290, 1936, 2259, 2032, 53, 111, 2590, 3037, 600, 3141, 1548, 2341, 1633, 1493, 2705, 373, 2658, 558, 818, 3075, 709, 551, 517, 2358, 2285, 2685, 1723, 3216, 1382, 2889, 2022, 1767, 2354, 2615, 1321, 391, 2963, 1468, 1869, 1850, 1020, 3086, 721, 3149, 2691, 1255, 139, 3252, 785, 1744, 849, 2338, 144, 921, 671, 1795, 1368, 2434, 2222, 3110, 2504, 282, 2901, 2012, 1881, 564, 2503, 3185, 2398, 3083, 519, 296, 533, 283, 2444, 1732, 2357, 3099, 914, 57, 273, 1221, 1848, 2365, 588, 2646, 3143, 488, 1128, 2418, 1271, 1431, 338, 2948, 554, 923, 2429, 1945, 1606, 761, 2446, 2140, 1076, 2156, 848, 2568, 15, 2091, 2390, 84, 2641, 90, 135, 1176, 3085, 2555, 1120, 2002, 2506, 195, 1437, 199, 1915, 2671, 2053, 2542, 1158, 2843, 258, 2981, 502, 2409, 2096, 2619, 1824, 593, 3298, 2133, 2596, 3163, 2349, 3127, 461, 1970, 795, 1294, 278, 984, 63, 1954, 494, 2775, 569, 2655, 2141, 971, 3043, 3056, 1737, 2395, 2159, 3165, 51, 648, 1077, 1950, 196, 2226, 836, 1999, 3155, 324, 3164, 1861, 358, 208, 2447, 1656, 2798, 3063, 3293, 364, 2863, 2518, 1764, 1854, 2743, 634, 1495, 1603, 957, 2456, 2773, 844, 3078, 2672, 2321, 2165, 3147, 2193, 1436, 2468, 1782, 1888, 2578, 236, 226]",51,250,4,False,250
24,numeric,numeric,5,True,True,True,"{2: 91, 1: 95, 5: 64}","[3093, 1527, 2071, 1634, 2300, 2155, 1018, 1199, 840, 825, 2602, 2492, 2097, 2859, 748, 2839, 2023, 2087, 2123, 128, 3030, 75, 1355, 37, 2666, 2458, 2105, 3270, 40, 2020, 126, 1434, 438, 3244, 2714, 2318, 599, 952, 2377, 1597, 2072, 1984, 1644, 2290, 1936, 2259, 2032, 53, 111, 2590, 3037, 600, 3141, 1548, 2341, 1633, 1493, 2705, 373, 2658, 558, 818, 3075, 709, 551, 517, 2358, 2285, 2685, 1723, 3216, 1382, 2889, 2022, 1767, 2354, 2615, 1321, 391, 2963, 1468, 1869, 1850, 1020, 3086, 721, 3149, 2691, 1255, 139, 3252, 785, 1744, 849, 2338, 144, 921, 671, 1795, 1368, 2434, 2222, 3110, 2504, 282, 2901, 2012, 1881, 564, 2503, 3185, 2398, 3083, 519, 296, 533, 283, 2444, 1732, 2357, 3099, 914, 57, 273, 1221, 1848, 2365, 588, 2646, 3143, 488, 1128, 2418, 1271, 1431, 338, 2948, 554, 923, 2429, 1945, 1606, 761, 2446, 2140, 1076, 2156, 848, 2568, 15, 2091, 2390, 84, 2641, 90, 135, 1176, 3085, 2555, 1120, 2002, 2506, 195, 1437, 199, 1915, 2671, 2053, 2542, 1158, 2843, 258, 2981, 502, 2409, 2096, 2619, 1824, 593, 3298, 2133, 2596, 3163, 2349, 3127, 461, 1970, 795, 1294, 278, 984, 63, 1954, 494, 2775, 569, 2655, 2141, 971, 3043, 3056, 1737, 2395, 2159, 3165, 51, 648, 1077, 1950, 196, 2226, 836, 1999, 3155, 324, 3164, 1861, 358, 208, 2447, 1656, 2798, 3063, 3293, 364, 2863, 2518, 1764, 1854, 2743, 634, 1495, 1603, 957, 2456, 2773, 844, 3078, 2672, 2321, 2165, 3147, 2193, 1436, 2468, 1782, 1888, 2578, 236, 226]",24,250,4,False,250
87,description,description,2,True,True,True,"{2: 91, 1: 95, 5: 64}","[3093, 1527, 2071, 1634, 2300, 2155, 1018, 1199, 840, 825, 2602, 2492, 2097, 2859, 748, 2839, 2023, 2087, 2123, 128, 3030, 75, 1355, 37, 2666, 2458, 2105, 3270, 40, 2020, 126, 1434, 438, 3244, 2714, 2318, 599, 952, 2377, 1597, 2072, 1984, 1644, 2290, 1936, 2259, 2032, 53, 111, 2590, 3037, 600, 3141, 1548, 2341, 1633, 1493, 2705, 373, 2658, 558, 818, 3075, 709, 551, 517, 2358, 2285, 2685, 1723, 3216, 1382, 2889, 2022, 1767, 2354, 2615, 1321, 391, 2963, 1468, 1869, 1850, 1020, 3086, 721, 3149, 2691, 1255, 139, 3252, 785, 1744, 849, 2338, 144, 921, 671, 1795, 1368, 2434, 2222, 3110, 2504, 282, 2901, 2012, 1881, 564, 2503, 3185, 2398, 3083, 519, 296, 533, 283, 2444, 1732, 2357, 3099, 914, 57, 273, 1221, 1848, 2365, 588, 2646, 3143, 488, 1128, 2418, 1271, 1431, 338, 2948, 554, 923, 2429, 1945, 1606, 761, 2446, 2140, 1076, 2156, 848, 2568, 15, 2091, 2390, 84, 2641, 90, 135, 1176, 3085, 2555, 1120, 2002, 2506, 195, 1437, 199, 1915, 2671, 2053, 2542, 1158, 2843, 258, 2981, 502, 2409, 2096, 2619, 1824, 593, 3298, 2133, 2596, 3163, 2349, 3127, 461, 1970, 795, 1294, 278, 984, 63, 1954, 494, 2775, 569, 2655, 2141, 971, 3043, 3056, 1737, 2395, 2159, 3165, 51, 648, 1077, 1950, 196, 2226, 836, 1999, 3155, 324, 3164, 1861, 358, 208, 2447, 1656, 2798, 3063, 3293, 364, 2863, 2518, 1764, 1854, 2743, 634, 1495, 1603, 957, 2456, 2773, 844, 3078, 2672, 2321, 2165, 3147, 2193, 1436, 2468, 1782, 1888, 2578, 236, 226]",87,250,4,False,250
154,description,entity,1,True,False,True,"{2: 91, 1: 95, 5: 64}","[3093, 1527, 2071, 1634, 2300, 2155, 1018, 1199, 840, 825, 2602, 2492, 2097, 2859, 748, 2839, 2023, 2087, 2123, 128, 3030, 75, 1355, 37, 2666, 2458, 2105, 3270, 40, 2020, 126, 1434, 438, 3244, 2714, 2318, 599, 952, 2377, 1597, 2072, 1984, 1644, 2290, 1936, 2259, 2032, 53, 111, 2590, 3037, 600, 3141, 1548, 2341, 1633, 1493, 2705, 373, 2658, 558, 818, 3075, 709, 551, 517, 2358, 2285, 2685, 1723, 3216, 1382, 2889, 2022, 1767, 2354, 2615, 1321, 391, 2963, 1468, 1869, 1850, 1020, 3086, 721, 3149, 2691, 1255, 139, 3252, 785, 1744, 849, 2338, 144, 921, 671, 1795, 1368, 2434, 2222, 3110, 2504, 282, 2901, 2012, 1881, 564, 2503, 3185, 2398, 3083, 519, 296, 533, 283, 2444, 1732, 2357, 3099, 914, 57, 273, 1221, 1848, 2365, 588, 2646, 3143, 488, 1128, 2418, 1271, 1431, 338, 2948, 554, 923, 2429, 1945, 1606, 761, 2446, 2140, 1076, 2156, 848, 2568, 15, 2091, 2390, 84, 2641, 90, 135, 1176, 3085, 2555, 1120, 2002, 2506, 195, 1437, 199, 1915, 2671, 2053, 2542, 1158, 2843, 258, 2981, 502, 2409, 2096, 2619, 1824, 593, 3298, 2133, 2596, 3163, 2349, 3127, 461, 1970, 795, 1294, 278, 984, 63, 1954, 494, 2775, 569, 2655, 2141, 971, 3043, 3056, 1737, 2395, 2159, 3165, 51, 648, 1077, 1950, 196, 2226, 836, 1999, 3155, 324, 3164, 1861, 358, 208, 2447, 1656, 2798, 3063, 3293, 364, 2863, 2518, 1764, 1854, 2743, 634, 1495, 1603, 957, 2456, 2773, 844, 3078, 2672, 2321, 2165, 3147, 2193, 1436, 2468, 1782, 1888, 2578, 236, 226]",154,250,4,False,250
326,description,description,2,True,True,True,"{2: 91, 1: 95, 5: 64}","[3093, 1527, 2071, 1634, 2300, 2155, 1018, 1199, 840, 825, 2602, 2492, 2097, 2859, 748, 2839, 2023, 2087, 2123, 128, 3030, 75, 1355, 37, 2666, 2458, 2105, 3270, 40, 2020, 126, 1434, 438, 3244, 2714, 2318, 599, 952, 2377, 1597, 2072, 1984, 1644, 2290, 1936, 2259, 2032, 53, 111, 2590, 3037, 600, 3141, 1548, 2341, 1633, 1493, 2705, 373, 2658, 558, 818, 3075, 709, 551, 517, 2358, 2285, 2685, 1723, 3216, 1382, 2889, 2022, 1767, 2354, 2615, 1321, 391, 2963, 1468, 1869, 1850, 1020, 3086, 721, 3149, 2691, 1255, 139, 3252, 785, 1744, 849, 2338, 144, 921, 671, 1795, 1368, 2434, 2222, 3110, 2504, 282, 2901, 2012, 1881, 564, 2503, 3185, 2398, 3083, 519, 296, 533, 283, 2444, 1732, 2357, 3099, 914, 57, 273, 1221, 1848, 2365, 588, 2646, 3143, 488, 1128, 2418, 1271, 1431, 338, 2948, 554, 923, 2429, 1945, 1606, 761, 2446, 2140, 1076, 2156, 848, 2568, 15, 2091, 2390, 84, 2641, 90, 135, 1176, 3085, 2555, 1120, 2002, 2506, 195, 1437, 199, 1915, 2671, 2053, 2542, 1158, 2843, 258, 2981, 502, 2409, 2096, 2619, 1824, 593, 3298, 2133, 2596, 3163, 2349, 3127, 461, 1970, 795, 1294, 278, 984, 63, 1954, 494, 2775, 569, 2655, 2141, 971, 3043, 3056, 1737, 2395, 2159, 3165, 51, 648, 1077, 1950, 196, 2226, 836, 1999, 3155, 324, 3164, 1861, 358, 208, 2447, 1656, 2798, 3063, 3293, 364, 2863, 2518, 1764, 1854, 2743, 634, 1495, 1603, 957, 2456, 2773, 844, 3078, 2672, 2321, 2165, 3147, 2193, 1436, 2468, 1782, 1888, 2578, 236, 226]",326,250,4,False,250
290,description,entity,1,True,False,True,"{2: 91, 1: 95, 5: 64}","[3093, 1527, 2071, 1634, 2300, 2155, 1018, 1199, 840, 825, 2602, 2492, 2097, 2859, 748, 2839, 2023, 2087, 2123, 128, 3030, 75, 1355, 37, 2666, 2458, 2105, 3270, 40, 2020, 126, 1434, 438, 3244, 2714, 2318, 599, 952, 2377, 1597, 2072, 1984, 1644, 2290, 1936, 2259, 2032, 53, 111, 2590, 3037, 600, 3141, 1548, 2341, 1633, 1493, 2705, 373, 2658, 558, 818, 3075, 709, 551, 517, 2358, 2285, 2685, 1723, 3216, 1382, 2889, 2022, 1767, 2354, 2615, 1321, 391, 2963, 1468, 1869, 1850, 1020, 3086, 721, 3149, 2691, 1255, 139, 3252, 785, 1744, 849, 2338, 144, 921, 671, 1795, 1368, 2434, 2222, 3110, 2504, 282, 2901, 2012, 1881, 564, 2503, 3185, 2398, 3083, 519, 296, 533, 283, 2444, 1732, 2357, 3099, 914, 57, 273, 1221, 1848, 2365, 588, 2646, 3143, 488, 1128, 2418, 1271, 1431, 338, 2948, 554, 923, 2429, 1945, 1606, 761, 2446, 2140, 1076, 2156, 848, 2568, 15, 2091, 2390, 84, 2641, 90, 135, 1176, 3085, 2555, 1120, 2002, 2506, 195, 1437, 199, 1915, 2671, 2053, 2542, 1158, 2843, 258, 2981, 502, 2409, 2096, 2619, 1824, 593, 3298, 2133, 2596, 3163, 2349, 3127, 461, 1970, 795, 1294, 278, 984, 63, 1954, 494, 2775, 569, 2655, 2141, 971, 3043, 3056, 1737, 2395, 2159, 3165, 51, 648, 1077, 1950, 196, 2226, 836, 1999, 3155, 324, 3164, 1861, 358, 208, 2447, 1656, 2798, 3063, 3293, 364, 2863, 2518, 1764, 1854, 2743, 634, 1495, 1603, 957, 2456, 2773, 844, 3078, 2672, 2321, 2165, 3147, 2193, 1436, 2468, 1782, 1888, 2578, 236, 226]",290,250,4,False,250
263,numeric,numeric,5,True,True,True,"{2: 91, 1: 95, 5: 64}","[3093, 1527, 2071, 1634, 2300, 2155, 1018, 1199, 840, 825, 2602, 2492, 2097, 2859, 748, 2839, 2023, 2087, 2123, 128, 3030, 75, 1355, 37, 2666, 2458, 2105, 3270, 40, 2020, 126, 1434, 438, 3244, 2714, 2318, 599, 952, 2377, 1597, 2072, 1984, 1644, 2290, 1936, 2259, 2032, 53, 111, 2590, 3037, 600, 3141, 1548, 2341, 1633, 1493, 2705, 373, 2658, 558, 818, 3075, 709, 551, 517, 2358, 2285, 2685, 1723, 3216, 1382, 2889, 2022, 1767, 2354, 2615, 1321, 391, 2963, 1468, 1869, 1850, 1020, 3086, 721, 3149, 2691, 1255, 139, 3252, 785, 1744, 849, 2338, 144, 921, 671, 1795, 1368, 2434, 2222, 3110, 2504, 282, 2901, 2012, 1881, 564, 2503, 3185, 2398, 3083, 519, 296, 533, 283, 2444, 1732, 2357, 3099, 914, 57, 273, 1221, 1848, 2365, 588, 2646, 3143, 488, 1128, 2418, 1271, 1431, 338, 2948, 554, 923, 2429, 1945, 1606, 761, 2446, 2140, 1076, 2156, 848, 2568, 15, 2091, 2390, 84, 2641, 90, 135, 1176, 3085, 2555, 1120, 2002, 2506, 195, 1437, 199, 1915, 2671, 2053, 2542, 1158, 2843, 258, 2981, 502, 2409, 2096, 2619, 1824, 593, 3298, 2133, 2596, 3163, 2349, 3127, 461, 1970, 795, 1294, 278, 984, 63, 1954, 494, 2775, 569, 2655, 2141, 971, 3043, 3056, 1737, 2395, 2159, 3165, 51, 648, 1077, 1950, 196, 2226, 836, 1999, 3155, 324, 3164, 1861, 358, 208, 2447, 1656, 2798, 3063, 3293, 364, 2863, 2518, 1764, 1854, 2743, 634, 1495, 1603, 957, 2456, 2773, 844, 3078, 2672, 2321, 2165, 3147, 2193, 1436, 2468, 1782, 1888, 2578, 236, 226]",263,250,4,False,250
199,entity,entity,1,True,True,True,"{2: 91, 1: 95, 5: 64}","[3093, 1527, 2071, 1634, 2300, 2155, 1018, 1199, 840, 825, 2602, 2492, 2097, 2859, 748, 2839, 2023, 2087, 2123, 128, 3030, 75, 1355, 37, 2666, 2458, 2105, 3270, 40, 2020, 126, 1434, 438, 3244, 2714, 2318, 599, 952, 2377, 1597, 2072, 1984, 1644, 2290, 1936, 2259, 2032, 53, 111, 2590, 3037, 600, 3141, 1548, 2341, 1633, 1493, 2705, 373, 2658, 558, 818, 3075, 709, 551, 517, 2358, 2285, 2685, 1723, 3216, 1382, 2889, 2022, 1767, 2354, 2615, 1321, 391, 2963, 1468, 1869, 1850, 1020, 3086, 721, 3149, 2691, 1255, 139, 3252, 785, 1744, 849, 2338, 144, 921, 671, 1795, 1368, 2434, 2222, 3110, 2504, 282, 2901, 2012, 1881, 564, 2503, 3185, 2398, 3083, 519, 296, 533, 283, 2444, 1732, 2357, 3099, 914, 57, 273, 1221, 1848, 2365, 588, 2646, 3143, 488, 1128, 2418, 1271, 1431, 338, 2948, 554, 923, 2429, 1945, 1606, 761, 2446, 2140, 1076, 2156, 848, 2568, 15, 2091, 2390, 84, 2641, 90, 135, 1176, 3085, 2555, 1120, 2002, 2506, 195, 1437, 199, 1915, 2671, 2053, 2542, 1158, 2843, 258, 2981, 502, 2409, 2096, 2619, 1824, 593, 3298, 2133, 2596, 3163, 2349, 3127, 461, 1970, 795, 1294, 278, 984, 63, 1954, 494, 2775, 569, 2655, 2141, 971, 3043, 3056, 1737, 2395, 2159, 3165, 51, 648, 1077, 1950, 196, 2226, 836, 1999, 3155, 324, 3164, 1861, 358, 208, 2447, 1656, 2798, 3063, 3293, 364, 2863, 2518, 1764, 1854, 2743, 634, 1495, 1603, 957, 2456, 2773, 844, 3078, 2672, 2321, 2165, 3147, 2193, 1436, 2468, 1782, 1888, 2578, 236, 226]",199,250,4,False,250
321,description,description,2,True,True,True,"{2: 91, 1: 95, 5: 64}","[3093, 1527, 2071, 1634, 2300, 2155, 1018, 1199, 840, 825, 2602, 2492, 2097, 2859, 748, 2839, 2023, 2087, 2123, 128, 3030, 75, 1355, 37, 2666, 2458, 2105, 3270, 40, 2020, 126, 1434, 438, 3244, 2714, 2318, 599, 952, 2377, 1597, 2072, 1984, 1644, 2290, 1936, 2259, 2032, 53, 111, 2590, 3037, 600, 3141, 1548, 2341, 1633, 1493, 2705, 373, 2658, 558, 818, 3075, 709, 551, 517, 2358, 2285, 2685, 1723, 3216, 1382, 2889, 2022, 1767, 2354, 2615, 1321, 391, 2963, 1468, 1869, 1850, 1020, 3086, 721, 3149, 2691, 1255, 139, 3252, 785, 1744, 849, 2338, 144, 921, 671, 1795, 1368, 2434, 2222, 3110, 2504, 282, 2901, 2012, 1881, 564, 2503, 3185, 2398, 3083, 519, 296, 533, 283, 2444, 1732, 2357, 3099, 914, 57, 273, 1221, 1848, 2365, 588, 2646, 3143, 488, 1128, 2418, 1271, 1431, 338, 2948, 554, 923, 2429, 1945, 1606, 761, 2446, 2140, 1076, 2156, 848, 2568, 15, 2091, 2390, 84, 2641, 90, 135, 1176, 3085, 2555, 1120, 2002, 2506, 195, 1437, 199, 1915, 2671, 2053, 2542, 1158, 2843, 258, 2981, 502, 2409, 2096, 2619, 1824, 593, 3298, 2133, 2596, 3163, 2349, 3127, 461, 1970, 795, 1294, 278, 984, 63, 1954, 494, 2775, 569, 2655, 2141, 971, 3043, 3056, 1737, 2395, 2159, 3165, 51, 648, 1077, 1950, 196, 2226, 836, 1999, 3155, 324, 3164, 1861, 358, 208, 2447, 1656, 2798, 3063, 3293, 364, 2863, 2518, 1764, 1854, 2743, 634, 1495, 1603, 957, 2456, 2773, 844, 3078, 2672, 2321, 2165, 3147, 2193, 1436, 2468, 1782, 1888, 2578, 236, 226]",321,250,4,False,250
